%#        Time[ms]        X[pixel],        Y[pixel],        Z[pixel],  dX/dt[pixel/s],  dY/dt[pixel/s],  dZ/dt[pixel/s]
 0, 50, 50, 0, -1.1074, 1.207, 0
 25, 49.97, 50.22, 0, -0.8786, 0.706, 0
 50, 49.95, 50.37, 0, -0.3009, 1.1906, 0
 75, 49.95, 50.37, 0, -0.3009, 1.1906, 0
 100, 49.95, 50.42, 0, 0.9254, 0.9572, 0
 125, 50, 50.46, 0, 1.1687, -0.3021, 0
 150, 50, 50.46, 0, 1.1687, -0.3021, 0
 175, 50.03, 50.46, 0, 0.2046, -0.2647, 0
 200, 50.02, 50.4, 0, -0.3019, 0.6592, 0
 225, 50.02, 50.4, 0, -0.3019, 0.6592, 0
 250, 50.02, 50.31, 0, 0.4777, 0.4326, 0
 275, 50.05, 50.22, 0, 1.2547, 0.5031, 0
 300, 50.1, 50.15, 0, 0.9566, 0.9176, 0
 325, 50.1, 50.15, 0, 0.9566, 0.9176, 0
 350, 50.12, 50.07, 0, 0.2339, 1.2096, 0
 375, 50.12, 50.07, 0, 0.1058, 0.7056, 0
 400, 50.12, 50.07, 0, 0.1058, 0.7056, 0
 425, 50.12, 50.11, 0, 0.0897, 0.3878, 0
 450, 50.12, 50.09, 0, -0.0546, 0.5808, 0
 475, 50.12, 50.09, 0, -0.0546, 0.5808, 0
 500, 50.14, 50.07, 0, 0.4887, 1.9251, 0
 525, 50.16, 50.07, 0, 0.8292, 1.0366, 0
 550, 50.21, 50.06, 0, 0.9826, 0.2317, 0
 575, 50.21, 50.06, 0, 0.9826, 0.2317, 0
 600, 50.21, 50.09, 0, -0.4393, -0.7048, 0
 625, 50.16, 50.22, 0, -2.1215, -0.8965, 0
 650, 50.16, 50.22, 0, -2.1215, -0.8965, 0
 675, 50.07, 50.44, 0, -2.079, 0.3734, 0
 700, 50.02, 50.77, 0, -0.1025, 1.1435, 0
 725, 50.02, 50.77, 0, -0.1025, 1.1435, 0
 750, 50.07, 51.21, 0, 1.8188, -0.1656, 0
 775, 50.14, 51.81, 0, 1.5593, -1.8537, 0
 800, 50.19, 52.58, 0, 1.0128, -2.036, 0
 825, 50.19, 52.58, 0, 1.0128, -2.036, 0
 850, 50.24, 53.38, 0, 1.6052, -1.4095, 0
 875, 50.33, 54.16, 0, 2.6271, -1.2061, 0
 900, 50.33, 54.16, 0, 2.6271, -1.2061, 0
 925, 50.45, 54.81, 0, 2.9689, -0.6111, 0
 950, 50.58, 55.35, 0, 3.2806, 0.0359, 0
 975, 50.7, 55.89, 0, 2.9417, -0.0768, 0
 1000, 50.7, 55.89, 0, 2.9417, -0.0768, 0
 1025, 50.8, 56.47, 0, 2.2848, -0.3664, 0
 1050, 50.87, 57.08, 0, 1.8476, -0.8345, 0
 1075, 50.87, 57.08, 0, 1.8476, -0.8345, 0
 1100, 50.96, 57.58, 0, 2.1499, -0.4365, 0
 1125, 51.1, 57.99, 0, 4.3506, 0.3696, 0
 1150, 51.1, 57.99, 0, 4.3506, 0.3696, 0
 1175, 51.33, 58.42, 0, 6.4213, 0.1134, 0
 1200, 51.55, 58.81, 0, 8.2591, -0.2455, 0
 1225, 51.92, 59.38, 0, 9.4031, -0.9165, 0
 1250, 51.92, 59.38, 0, 9.4031, -0.9165, 0
 1275, 52.32, 59.98, 0, 10.7993, -0.7564, 0
 1300, 52.32, 59.98, 0, 10.7993, -0.7564, 0
 1325, 52.78, 60.56, 0, 11.5986, -1.8811, 0
 1350, 53.21, 61.08, 0, 10.7499, -1.1797, 0
 1375, 53.63, 61.54, 0, 10.1793, 0.0324, 0
 1400, 53.63, 61.54, 0, 10.1793, 0.0324, 0
 1425, 54.02, 61.94, 0, 8.8398, -0.4911, 0
 1450, 54.35, 62.33, 0, 8.2009, -0.4671, 0
 1475, 54.66, 62.68, 0, 7.7143, -0.3715, 0
 1500, 54.66, 62.68, 0, 7.7143, -0.3715, 0
 1525, 54.96, 63, 0, 7.1315, -0.2472, 0
 1550, 55.24, 63.26, 0, 7.1447, -0.1964, 0
 1575, 55.24, 63.26, 0, 7.1447, -0.1964, 0
 1600, 55.5, 63.54, 0, 6.8144, -0.6411, 0
 1625, 55.75, 63.86, 0, 5.8651, -0.7895, 0
 1650, 55.75, 63.86, 0, 5.8651, -0.7895, 0
 1675, 55.98, 64.25, 0, 5.5318, -1.0251, 0
 1700, 56.2, 64.74, 0, 5.4578, -1.0363, 0
 1725, 56.2, 64.74, 0, 5.4578, -1.0363, 0
 1750, 56.43, 65.23, 0, 5.9984, -1.4305, 0
 1775, 56.69, 65.63, 0, 6.9916, 0.1207, 0
 1800, 56.96, 65.97, 0, 6.4821, 0.8462, 0
 1825, 56.96, 65.97, 0, 6.4821, 0.8462, 0
 1850, 57.22, 66.32, 0, 6.7484, 0.6473, 0
 1875, 57.43, 66.6, 0, 6.8812, 0.3264, 0
 1900, 57.43, 66.6, 0, 6.8812, 0.3264, 0
 1925, 57.69, 66.95, 0, 6.4759, 0.4988, 0
 1950, 57.92, 67.26, 0, 5.2768, 0.1786, 0
 1975, 58.12, 67.51, 0, 4.6108, 0.6087, 0
 2000, 58.12, 67.51, 0, 4.6108, 0.6087, 0
 2025, 58.29, 67.75, 0, 4.2313, 1.2517, 0
 2050, 58.29, 67.75, 0, 4.2313, 1.2517, 0
 2075, 58.5, 68.01, 0, 5.8765, 0.2253, 0
 2100, 58.77, 68.26, 0, 7.2939, -1.0096, 0
 2125, 59.03, 68.49, 0, 5.6017, -0.8621, 0
 2150, 59.03, 68.49, 0, 5.6017, -0.8621, 0
 2175, 59.21, 68.71, 0, 3.7186, 0.8481, 0
 2200, 59.36, 68.85, 0, 4.193, 0.7385, 0
 2225, 59.52, 68.92, 0, 3.6558, 0.4367, 0
 2250, 59.52, 68.92, 0, 3.6558, 0.4367, 0
 2275, 59.63, 68.99, 0, 2.5658, 0.8011, 0
 2300, 59.73, 69.05, 0, 2.813, 0.2736, 0
 2325, 59.73, 69.05, 0, 2.813, 0.2736, 0
 2350, 59.86, 69.15, 0, 3.2662, 0.1658, 0
 2375, 60.02, 69.31, 0, 4.5947, -0.1647, 0
 2400, 60.02, 69.31, 0, 4.5947, -0.1647, 0
 2425, 60.25, 69.38, 0, 5.9738, -0.7023, 0
 2450, 60.46, 69.36, 0, 4.6049, 1.2648, 0
 2475, 60.46, 69.36, 0, 4.6049, 1.2648, 0
 2500, 60.55, 69.39, 0, 0.713, 1.9131, 0
 2525, 60.51, 69.45, 0, -1.903, 1.1721, 0
 2550, 60.51, 69.45, 0, -1.903, 1.1721, 0
 2575, 60.39, 69.43, 0, -4.1131, -0.0181, 0
 2600, 60.14, 69.32, 0, -7.1963, 0.4918, 0
 2625, 59.79, 69.2, 0, -9.1667, 0.6314, 0
 2650, 59.79, 69.2, 0, -9.1667, 0.6314, 0
 2675, 59.52, 69.15, 0, -4.7308, 0.7311, 0
 2700, 59.45, 69.19, 0, -1.3404, -0.8709, 0
 2725, 59.45, 69.19, 0, -1.3404, -0.8709, 0
 2750, 59.44, 69.2, 0, -0.0731, -1.4738, 0
 2775, 59.42, 69.28, 0, -1.1561, -0.9417, 0
 2800, 59.36, 69.33, 0, -1.2381, -0.6477, 0
 2825, 59.36, 69.33, 0, -1.2381, -0.6477, 0
 2850, 59.33, 69.38, 0, -0.2079, -0.4197, 0
 2875, 59.35, 69.4, 0, 0.5526, -0.8681, 0
 2900, 59.35, 69.4, 0, 0.5526, -0.8681, 0
 2925, 59.36, 69.38, 0, 0.0819, -1.2814, 0
 2950, 59.36, 69.35, 0, 0.0651, -0.7742, 0
 2975, 59.38, 69.35, 0, 1.1827, -1.1263, 0
 3000, 59.38, 69.35, 0, 1.1827, -1.1263, 0
 3025, 59.47, 69.35, 0, 2.057, -1.0916, 0
 3050, 59.52, 69.36, 0, 0.6743, -1.031, 0
 3075, 59.52, 69.36, 0, 0.6743, -1.031, 0
 3100, 59.51, 69.31, 0, -0.5949, 0.0764, 0
 3125, 59.47, 69.27, 0, -1.0252, 0.0891, 0
 3150, 59.47, 69.27, 0, -1.0252, 0.0891, 0
 3175, 59.42, 69.28, 0, -2.5662, -0.9068, 0
 3200, 59.22, 69.24, 0, -6.1451, 0.0359, 0
 3225, 59.22, 69.24, 0, -6.1451, 0.0359, 0
 3250, 58.87, 69.22, 0, -11.0279, 0.8124, 0
 3275, 58.27, 69.21, 0, -17.5267, 3.5932, 0
 3300, 57.48, 69.16, 0, -20.3583, 4.2768, 0
 3325, 57.48, 69.16, 0, -20.3583, 4.2768, 0
 3350, 56.57, 69.04, 0, -24.7773, 3.343, 0
 3375, 55.45, 68.88, 0, -29.4599, 1.9654, 0
 3400, 55.45, 68.88, 0, -29.4599, 1.9654, 0
 3425, 54.31, 68.82, 0, -27.178, 2.4713, 0
 3450, 53.39, 68.78, 0, -21.0424, 0.3097, 0
 3475, 52.71, 68.71, 0, -14.2008, 1.4676, 0
 3500, 52.71, 68.71, 0, -14.2008, 1.4676, 0
 3525, 52.37, 68.64, 0, -9.6435, 2.1713, 0
 3550, 52.09, 68.5, 0, -5.4906, 2.2005, 0
 3575, 52.09, 68.5, 0, -5.4906, 2.2005, 0
 3600, 51.94, 68.35, 0, -3.9653, 1.4814, 0
 3625, 51.78, 68.24, 0, -3.0914, 1.0335, 0
 3650, 51.78, 68.24, 0, -3.0914, 1.0335, 0
 3675, 51.69, 68.3, 0, -2.3069, -0.1232, 0
 3700, 51.57, 68.44, 0, -3.7014, -0.8258, 0
 3725, 51.57, 68.44, 0, -3.7014, -0.8258, 0
 3750, 51.31, 68.72, 0, -8.011, -1.8199, 0
 3775, 50.91, 69.17, 0, -10.9982, -1.3608, 0
 3800, 50.91, 69.17, 0, -10.9982, -1.3608, 0
 3825, 50.45, 69.96, 0, -11.3274, -1.7468, 0
 3850, 49.98, 70.99, 0, -12.391, -3.0472, 0
 3875, 49.98, 70.99, 0, -12.391, -3.0472, 0
 3900, 49.48, 72, 0, -13.156, -2.1013, 0
 3925, 48.9, 72.91, 0, -15.0347, -0.3601, 0
 3950, 48.27, 73.73, 0, -16.1351, 1.3204, 0
 3975, 47.68, 74.43, 0, -13.8114, 2.7269, 0
 4000, 47.68, 74.43, 0, -13.8114, 2.7269, 0
 4025, 47.17, 75.02, 0, -12.0444, 1.0101, 0
 4050, 46.74, 75.51, 0, -10.6762, 0.1583, 0
 4075, 46.74, 75.51, 0, -10.6762, 0.1583, 0
 4100, 46.28, 75.89, 0, -11.4822, -0.5758, 0
 4125, 45.84, 76.19, 0, -10.8672, -0.8489, 0
 4150, 45.84, 76.19, 0, -10.8672, -0.8489, 0
 4175, 45.44, 76.56, 0, -9.2831, -1.4106, 0
 4200, 45.07, 76.89, 0, -9.6347, -1.3393, 0
 4225, 45.07, 76.89, 0, -9.6347, -1.3393, 0
 4250, 44.65, 77.23, 0, -11.059, -0.8352, 0
 4275, 44.18, 77.51, 0, -12.3704, -0.7946, 0
 4300, 43.76, 77.7, 0, -14.3891, -1.0471, 0
 4325, 43.76, 77.7, 0, -14.3891, -1.0471, 0
 4350, 43.1, 77.9, 0, -17.9283, -1.1558, 0
 4375, 42.34, 78.02, 0, -19.523, -2.0417, 0
 4400, 42.34, 78.02, 0, -19.523, -2.0417, 0
 4425, 41.55, 78.01, 0, -19.6423, -1.5732, 0
 4450, 40.78, 77.97, 0, -19.3153, -2.4435, 0
 4475, 40.02, 78.05, 0, -18.6531, -4.1003, 0
 4500, 40.02, 78.05, 0, -18.6531, -4.1003, 0
 4525, 39.28, 78.21, 0, -18.6179, -5.5838, 0
 4550, 38.54, 78.44, 0, -18.7958, -6.3378, 0
 4575, 38.54, 78.44, 0, -18.7958, -6.3378, 0
 4600, 37.74, 78.73, 0, -20.465, -6.0902, 0
 4625, 36.92, 79.11, 0, -19.0105, -5.4676, 0
 4650, 36.92, 79.11, 0, -19.0105, -5.4676, 0
 4675, 36.28, 79.59, 0, -14.3754, -6.1123, 0
 4700, 35.73, 80.21, 0, -13.4024, -6.5147, 0
 4725, 35.2, 80.89, 0, -13.3153, -5.7699, 0
 4750, 35.2, 80.89, 0, -13.3153, -5.7699, 0
 4775, 34.64, 81.63, 0, -14.4921, -5.0851, 0
 4800, 34.05, 82.33, 0, -14.2051, -4.1591, 0
 4825, 34.05, 82.33, 0, -14.2051, -4.1591, 0
 4850, 33.55, 82.96, 0, -11.6799, -5.3202, 0
 4875, 33.1, 83.61, 0, -11.0172, -5.5202, 0
 4900, 33.1, 83.61, 0, -11.0172, -5.5202, 0
 4925, 32.64, 84.28, 0, -12.2591, -4.2446, 0
 4950, 32.13, 84.95, 0, -12.5243, -4.261, 0
 4975, 32.13, 84.95, 0, -12.5243, -4.261, 0
 5000, 31.63, 85.67, 0, -13.0145, -4.7904, 0
 5025, 31.05, 86.36, 0, -14.843, -4.8346, 0
 5050, 30.62, 86.79, 0, -15.1946, -3.7534, 0
 5075, 30.62, 86.79, 0, -15.1946, -3.7534, 0
 5100, 29.95, 87.28, 0, -17.5098, -3.5827, 0
 5125, 29.13, 87.81, 0, -22.3566, -3.8248, 0
 5150, 29.13, 87.81, 0, -22.3566, -3.8248, 0
 5175, 28.12, 88.26, 0, -26.4138, -4.1021, 0
 5200, 27.02, 88.64, 0, -27.8606, -4.8791, 0
 5225, 25.92, 89.03, 0, -27.5514, -5.7136, 0
 5250, 25.92, 89.03, 0, -27.5514, -5.7136, 0
 5275, 24.94, 89.38, 0, -21.6559, -4.842, 0
 5300, 24.27, 89.64, 0, -13.6282, -4.7237, 0
 5325, 24.27, 89.64, 0, -13.6282, -4.7237, 0
 5350, 23.88, 89.88, 0, -7.6015, -4.3633, 0
 5375, 23.67, 90.11, 0, -3.1998, -3.9742, 0
 5400, 23.67, 90.11, 0, -3.1998, -3.9742, 0
 5425, 23.6, 90.28, 0, -1.9689, -3.6031, 0
 5450, 23.5, 90.32, 0, -2.2773, -3.018, 0
 5475, 23.5, 90.32, 0, -2.2773, -3.018, 0
 5500, 23.41, 90.31, 0, -1.8164, -3.5579, 0
 5525, 23.35, 90.22, 0, -1.7453, -4.5358, 0
 5550, 23.26, 90.09, 0, -2.6511, -3.4684, 0
 5575, 23.26, 90.09, 0, -2.6511, -3.4684, 0
 5600, 23.22, 90, 0, 1.1058, -3.366, 0
 5625, 23.39, 89.96, 0, 5.2028, -3.5763, 0
 5650, 23.58, 89.89, 0, 3.4907, -2.9006, 0
 5675, 23.58, 89.89, 0, 3.4907, -2.9006, 0
 5700, 23.65, 89.72, 0, 1.8381, 0.3188, 0
 5725, 23.69, 89.54, 0, -0.3701, -0.2578, 0
 5750, 23.69, 89.54, 0, -0.3701, -0.2578, 0
 5775, 23.63, 89.37, 0, -2.5353, -0.8343, 0
 5800, 23.63, 89.37, 0, -2.5353, -0.8343, 0
 5825, 23.52, 89.16, 0, -2.6648, -0.989, 0
 5850, 23.41, 88.86, 0, -2.59, -1.9377, 0
 5875, 23.34, 88.55, 0, -1.438, -1.6789, 0
 5900, 23.34, 88.55, 0, -1.438, -1.6789, 0
 5925, 23.28, 88.19, 0, -1.2832, -0.9492, 0
 5950, 23.22, 87.78, 0, -1.649, -0.089, 0
 5975, 23.22, 87.78, 0, -1.649, -0.089, 0
 6000, 23.17, 87.42, 0, -1.3351, -0.5454, 0
 6025, 23.13, 87.14, 0, -1.0322, -1.1818, 0
 6050, 23.13, 87.14, 0, -1.0322, -1.1818, 0
 6075, 23.07, 86.81, 0, -1.3942, -1.7402, 0
 6100, 23.02, 86.43, 0, -1.0102, -1.2443, 0
 6125, 23.04, 85.9, 0, 1.1469, -0.7143, 0
 6150, 23.04, 85.9, 0, 1.1469, -0.7143, 0
 6175, 23.15, 85.29, 0, 4.2674, -0.0083, 0
 6200, 23.39, 84.64, 0, 6.8536, -0.0427, 0
 6225, 23.39, 84.64, 0, 6.8536, -0.0427, 0
 6250, 23.73, 84.01, 0, 9.9755, 0.5397, 0
 6275, 24.27, 83.41, 0, 15.9882, 0.6708, 0
 6300, 24.9, 82.87, 0, 15.0484, 0.4393, 0
 6325, 24.9, 82.87, 0, 15.0484, 0.4393, 0
 6350, 25.4, 82.34, 0, 10.94, 3.2033, 0
 6375, 25.75, 81.79, 0, 7.4775, 4.0145, 0
 6400, 25.75, 81.79, 0, 7.4775, 4.0145, 0
 6425, 25.97, 81.19, 0, 4.4671, 3.0769, 0
 6450, 26.08, 80.62, 0, 2.5539, 2.5897, 0
 6475, 26.21, 80.01, 0, 3.3575, 2.5684, 0
 6500, 26.21, 80.01, 0, 3.3575, 2.5684, 0
 6525, 26.38, 79.34, 0, 5.0315, 2.0526, 0
 6550, 26.38, 79.34, 0, 5.0315, 2.0526, 0
 6575, 26.6, 78.58, 0, 5.6668, 2.9684, 0
 6600, 26.82, 77.81, 0, 5.1475, 3.3147, 0
 6625, 26.97, 77.23, 0, 5.1009, 3.1496, 0
 6650, 26.97, 77.23, 0, 5.1009, 3.1496, 0
 6675, 27.17, 76.44, 0, 4.714, 3.0578, 0
 6700, 27.34, 75.56, 0, 3.8883, 2.7381, 0
 6725, 27.34, 75.56, 0, 3.8883, 2.7381, 0
 6750, 27.5, 74.63, 0, 4.8805, 2.6974, 0
 6775, 27.74, 73.67, 0, 6.6486, 2.345, 0
 6800, 28.05, 72.72, 0, 8.3793, 2.2927, 0
 6825, 28.05, 72.72, 0, 8.3793, 2.2927, 0
 6850, 28.4, 71.81, 0, 8.6527, 2.3899, 0
 6875, 28.73, 71.02, 0, 8.0015, 2.1034, 0
 6900, 28.73, 71.02, 0, 8.0015, 2.1034, 0
 6925, 29.05, 70.29, 0, 7.423, 1.1654, 0
 6950, 29.29, 69.62, 0, 5.1355, -0.131, 0
 6975, 29.29, 69.62, 0, 5.1355, -0.131, 0
 7000, 29.47, 68.91, 0, 4.4557, 1.1816, 0
 7025, 29.64, 68.17, 0, 3.841, 1.0095, 0
 7050, 29.78, 67.43, 0, 3.2353, 0.94, 0
 7075, 29.78, 67.43, 0, 3.2353, 0.94, 0
 7100, 29.91, 66.69, 0, 3.7349, 0.7107, 0
 7125, 30.09, 65.96, 0, 4.9304, 0.484, 0
 7150, 30.09, 65.96, 0, 4.9304, 0.484, 0
 7175, 30.29, 65.22, 0, 4.8612, 0.0948, 0
 7200, 30.47, 64.52, 0, 4.3005, 0.1631, 0
 7225, 30.47, 64.52, 0, 4.3005, 0.1631, 0
 7250, 30.62, 63.89, 0, 3.3429, 0.5882, 0
 7275, 30.74, 63.34, 0, 2.857, 0.4601, 0
 7300, 30.74, 63.34, 0, 2.857, 0.4601, 0
 7325, 30.85, 62.88, 0, 2.6174, 0.401, 0
 7350, 30.85, 62.88, 0, 2.6174, 0.401, 0
 7375, 31.03, 62.05, 0, 2.7518, 0.655, 0
 7400, 31.03, 62.05, 0, 2.7518, 0.655, 0
 7425, 31.14, 61.44, 0, 2.8425, 0.5726, 0
 7450, 31.27, 60.74, 0, 2.9756, 0.6195, 0
 7475, 31.39, 60.03, 0, 3.7504, 1.2016, 0
 7500, 31.39, 60.03, 0, 3.7504, 1.2016, 0
 7525, 31.57, 59.36, 0, 4.804, 1.3316, 0
 7550, 31.81, 58.77, 0, 6.0441, 1.4139, 0
 7575, 31.81, 58.77, 0, 6.0441, 1.4139, 0
 7600, 32.06, 58.18, 0, 6.4823, -0.0441, 0
 7625, 32.3, 57.53, 0, 5.6681, 0.0077, 0
 7650, 32.3, 57.53, 0, 5.6681, 0.0077, 0
 7675, 32.49, 56.85, 0, 4.5731, 1.1384, 0
 7700, 32.67, 56.14, 0, 4.5344, 1.5626, 0
 7725, 32.85, 55.42, 0, 4.4528, 1.1107, 0
 7750, 32.85, 55.42, 0, 4.4528, 1.1107, 0
 7775, 33.05, 54.67, 0, 5.1137, 1.2335, 0
 7800, 33.05, 54.67, 0, 5.1137, 1.2335, 0
 7825, 33.3, 53.73, 0, 7.5708, 3.3978, 0
 7850, 33.64, 52.53, 0, 8.4539, 4.5566, 0
 7875, 33.96, 51.41, 0, 8.0083, 4.373, 0
 7900, 33.96, 51.41, 0, 8.0083, 4.373, 0
 7925, 34.25, 50.55, 0, 6.1523, 3.3247, 0
 7950, 34.45, 49.91, 0, 4.0549, 2.0744, 0
 7975, 34.54, 49.48, 0, 1.0856, -0.4352, 0
 8000, 34.54, 49.48, 0, 1.0856, -0.4352, 0
 8025, 34.54, 49.13, 0, -0.341, -0.6201, 0
 8050, 34.52, 48.81, 0, 0.0079, -0.7019, 0
 8075, 34.52, 48.81, 0, 0.0079, -0.7019, 0
 8100, 34.55, 48.51, 0, 1.188, -0.547, 0
 8125, 34.63, 48.21, 0, 2.3036, 0.2397, 0
 8150, 34.63, 48.21, 0, 2.3036, 0.2397, 0
 8175, 34.7, 48.03, 0, 2.5694, 0.3667, 0
 8200, 34.81, 47.79, 0, 2.5045, -0.0775, 0
 8225, 34.81, 47.79, 0, 2.5045, -0.0775, 0
 8250, 34.88, 47.56, 0, 0.8325, -0.5266, 0
 8275, 34.86, 47.23, 0, -1.1844, -1.1319, 0
 8300, 34.79, 46.73, 0, -1.7163, -0.0534, 0
 8325, 34.79, 46.73, 0, -1.7163, -0.0534, 0
 8350, 34.72, 46.14, 0, -1.8422, 0.2614, 0
 8375, 34.66, 45.63, 0, -1.2387, -0.2585, 0
 8400, 34.66, 45.63, 0, -1.2387, -0.2585, 0
 8425, 34.63, 45.21, 0, -0.2942, -0.8234, 0
 8450, 34.64, 44.89, 0, 0.8414, -0.808, 0
 8475, 34.64, 44.89, 0, 0.8414, -0.808, 0
 8500, 34.68, 44.55, 0, 0.7029, -1.2461, 0
 8525, 34.7, 44.14, 0, 0.2969, 0.1031, 0
 8550, 34.7, 43.76, 0, 0.1808, 0.3311, 0
 8575, 34.7, 43.76, 0, 0.1808, 0.3311, 0
 8600, 34.72, 43.44, 0, 0.4342, 0.1354, 0
 8625, 34.72, 43.44, 0, 0.4342, 0.1354, 0
 8650, 34.77, 42.96, 0, 1.3172, 1.6604, 0
 8675, 34.77, 42.96, 0, 1.3172, 1.6604, 0
 8700, 34.84, 42.67, 0, 2.491, 2.3982, 0
 8725, 34.97, 42.37, 0, 3.115, 2.2096, 0
 8750, 34.97, 42.37, 0, 3.115, 2.2096, 0
 8775, 35.11, 42.03, 0, 3.5078, 2.3426, 0
 8800, 35.11, 42.03, 0, 3.5078, 2.3426, 0
 8825, 35.23, 41.72, 0, 3.5156, 2.3224, 0
 8850, 35.36, 41.42, 0, 2.416, 1.3465, 0
 8875, 35.43, 41.15, 0, 1.2637, 1.1767, 0
 8900, 35.43, 41.15, 0, 1.2637, 1.1767, 0
 8925, 35.47, 40.8, 0, 1.3625, 0.993, 0
 8950, 35.52, 40.53, 0, 1.7695, 1.9929, 0
 8975, 35.52, 40.53, 0, 1.7695, 1.9929, 0
 9000, 35.59, 40.19, 0, 1.6695, 1.4543, 0
 9025, 35.66, 39.91, 0, 1.9672, 1.4297, 0
 9050, 35.75, 39.68, 0, 2.3374, 2.2612, 0
 9075, 35.75, 39.68, 0, 2.3374, 2.2612, 0
 9100, 35.86, 39.38, 0, 3.01, 2.4694, 0
 9125, 36.02, 38.91, 0, 4.6458, 4.9365, 0
 9150, 36.02, 38.91, 0, 4.6458, 4.9365, 0
 9175, 36.21, 38.27, 0, 4.4176, 5.3178, 0
 9200, 36.28, 37.66, 0, -0.1296, 2.6185, 0
 9225, 36.14, 37.1, 0, -5.6311, -0.8297, 0
 9250, 36.14, 37.1, 0, -5.6311, -0.8297, 0
 9275, 35.82, 36.56, 0, -9.0523, -3.588, 0
 9300, 35.41, 35.98, 0, -11.2349, -4.6098, 0
 9325, 35.41, 35.98, 0, -11.2349, -4.6098, 0
 9350, 34.93, 35.31, 0, -12.3106, -3.9224, 0
 9375, 34.93, 35.31, 0, -12.3106, -3.9224, 0
 9400, 34.45, 34.54, 0, -11.4616, -2.7464, 0
 9425, 34.04, 33.66, 0, -9.3217, -2.2445, 0
 9450, 33.71, 32.84, 0, -7.3895, -3.3757, 0
 9475, 33.71, 32.84, 0, -7.3895, -3.3757, 0
 9500, 33.46, 32.17, 0, -5.9999, -4.7536, 0
 9525, 33.21, 31.61, 0, -6.4601, -5.9635, 0
 9550, 32.94, 31.05, 0, -7.1737, -5.6396, 0
 9575, 32.94, 31.05, 0, -7.1737, -5.6396, 0
 9600, 32.64, 30.35, 0, -7.6589, -6.0616, 0
 9625, 32.35, 29.51, 0, -6.7527, -4.7622, 0
 9650, 32.35, 29.51, 0, -6.7527, -4.7622, 0
 9675, 32.12, 28.69, 0, -5.7824, -5.7749, 0
 9700, 31.92, 27.91, 0, -4.5197, -8.1116, 0
 9725, 31.79, 27.36, 0, -3.5505, -7.98, 0
 9750, 31.79, 27.36, 0, -3.5505, -7.98, 0
 9775, 31.66, 26.73, 0, -3.2344, -7.3964, 0
 9800, 31.52, 26.14, 0, -3.6745, -6.9143, 0
 9825, 31.36, 25.5, 0, -4.5944, -6.9985, 0
 9850, 31.36, 25.5, 0, -4.5944, -6.9985, 0
 9875, 31.18, 24.87, 0, -4.2449, -5.8691, 0
 9900, 31.18, 24.87, 0, -4.2449, -5.8691, 0
 9925, 30.98, 24.27, 0, -5.5213, -7.0264, 0
 9950, 30.71, 23.65, 0, -7.5339, -8.8803, 0
 9975, 30.38, 23.05, 0, -8.6246, -10.4155, 0
 10000, 30.38, 23.05, 0, -8.6246, -10.4155, 0
 10025, 30.07, 22.39, 0, -6.9998, -9.5174, 0
 10050, 29.84, 21.79, 0, -5.3379, -9.0004, 0
 10075, 29.84, 21.79, 0, -5.3379, -9.0004, 0
 10100, 29.67, 21.33, 0, -3.4252, -7.2937, 0
 10125, 29.6, 21.03, 0, -0.8681, -3.6325, 0
 10150, 29.6, 21.03, 0, -0.8681, -3.6325, 0
 10175, 29.58, 20.96, 0, -0.2429, -2.8522, 0
 10200, 29.56, 21.07, 0, -0.7789, -3.246, 0
 10225, 29.49, 21.2, 0, -2.3645, -4.0053, 0
 10250, 29.49, 21.2, 0, -2.3645, -4.0053, 0
 10275, 29.31, 21.13, 0, -5.8489, -6.1345, 0
 10300, 29, 20.9, 0, -8.4945, -7.2258, 0
 10325, 29, 20.9, 0, -8.4945, -7.2258, 0
 10350, 28.6, 20.61, 0, -10.4787, -10.2634, 0
 10375, 28.31, 20.39, 0, -9.079, -8.9411, 0
 10400, 28.03, 20.16, 0, -5.8932, -5.1502, 0
 10425, 28.03, 20.16, 0, -5.8932, -5.1502, 0
 10450, 27.87, 19.87, 0, -3.0793, -2.5566, 0
 10475, 27.76, 19.58, 0, -2.5186, -2.5968, 0
 10500, 27.76, 19.58, 0, -2.5186, -2.5968, 0
 10525, 27.65, 19.3, 0, -2.8454, -2.2295, 0
 10550, 27.43, 19, 0, -8.3336, -6.5348, 0
 10575, 27.43, 19, 0, -8.3336, -6.5348, 0
 10600, 26.82, 18.72, 0, -19.7685, -14.0737, 0
 10625, 25.81, 18.48, 0, -27.7809, -15.3343, 0
 10650, 25.81, 18.48, 0, -27.7809, -15.3343, 0
 10675, 24.68, 18.15, 0, -28.4977, -13.4223, 0
 10700, 23.67, 17.76, 0, -22.1365, -7.6087, 0
 10725, 23.04, 17.39, 0, -11.5405, -0.2607, 0
 10750, 23.04, 17.39, 0, -11.5405, -0.2607, 0
 10775, 22.81, 17.03, 0, -1.8768, 2.3329, 0
 10800, 22.81, 16.66, 0, 0.0787, -1.8465, 0
 10825, 22.81, 16.66, 0, 0.0787, -1.8465, 0
 10850, 22.76, 16.34, 0, -2.5881, -2.7465, 0
 10875, 22.53, 16.12, 0, -7.3611, -5.1918, 0
 10900, 22.53, 16.12, 0, -7.3611, -5.1918, 0
 10925, 22.19, 15.83, 0, -8.7375, -6.4066, 0
 10950, 21.87, 15.45, 0, -7.4692, -4.3842, 0
 10975, 21.55, 15.1, 0, -8.0027, -3.2526, 0
 11000, 21.55, 15.1, 0, -8.0027, -3.2526, 0
 11025, 21.23, 14.76, 0, -8.4383, -2.8825, 0
 11050, 20.85, 14.44, 0, -9.95, -4.6605, 0
 11075, 20.42, 14.13, 0, -11.7943, -5.7268, 0
 11100, 20.42, 14.13, 0, -11.7943, -5.7268, 0
 11125, 19.85, 13.77, 0, -14.5776, -7.9279, 0
 11150, 19.27, 13.48, 0, -15.115, -7.1387, 0
 11175, 19.27, 13.48, 0, -15.115, -7.1387, 0
 11200, 18.6, 13.22, 0, -16.8368, -8.1219, 0
 11225, 17.97, 13.01, 0, -15.0144, -5.9008, 0
 11250, 17.97, 13.01, 0, -15.0144, -5.9008, 0
 11275, 17.59, 12.97, 0, -11.711, -3.0997, 0
 11300, 17.18, 12.95, 0, -9.6193, -4.425, 0
 11325, 17.18, 12.95, 0, -9.6193, -4.425, 0
 11350, 16.83, 12.86, 0, -8.0797, -3.4847, 0
 11375, 16.46, 12.74, 0, -10.8087, -6.1287, 0
 11400, 15.96, 12.53, 0, -13.1319, -6.109, 0
 11425, 15.96, 12.53, 0, -13.1319, -6.109, 0
 11450, 15.41, 12.28, 0, -13.9924, -5.8924, 0
 11475, 14.86, 12.05, 0, -13.4555, -5.5474, 0
 11500, 14.86, 12.05, 0, -13.4555, -5.5474, 0
 11525, 14.43, 11.84, 0, -9.2464, -2.7751, 0
 11550, 14.43, 11.84, 0, -9.2464, -2.7751, 0
 11575, 14.12, 11.66, 0, -7.5121, -5.8552, 0
 11600, 13.88, 11.46, 0, -4.9087, -3.9018, 0
 11625, 13.66, 11.25, 0, -5.9793, -3.5545, 0
 11650, 13.37, 11.09, 0, -7.088, -3.0003, 0
 11675, 13.37, 11.09, 0, -7.088, -3.0003, 0
 11700, 13.07, 11, 0, -8.1997, -3.5105, 0
 11725, 12.73, 10.88, 0, -8.2092, -2.8513, 0
 11750, 12.73, 10.88, 0, -8.2092, -2.8513, 0
 11775, 12.45, 10.7, 0, -6.7022, -1.9351, 0
 11800, 12.21, 10.48, 0, -5.3031, -2.1169, 0
 11825, 12.09, 10.22, 0, -1.1498, 1.5199, 0
 11850, 12.09, 10.22, 0, -1.1498, 1.5199, 0
 11875, 12.09, 10, 0, 0.319, 1.0723, 0
 11900, 12.09, 10, 0, 0.319, 1.0723, 0
 11925, 12.11, 9.8, 0, 1.2237, 1.9873, 0
 11950, 12.25, 9.7, 0, 4.5585, 4.9459, 0
 11975, 12.53, 9.74, 0, 9.0175, 8.9649, 0
 12000, 12.53, 9.74, 0, 9.0175, 8.9649, 0
 12025, 12.89, 9.96, 0, 13.0436, 12.1774, 0
 12050, 13.52, 10.74, 0, 17.6277, 14.5604, 0
 12075, 13.52, 10.74, 0, 17.6277, 14.5604, 0
 12100, 14.33, 12.05, 0, 21.5757, 18.9035, 0
 12125, 15.18, 13.73, 0, 20.5342, 18.3196, 0
 12150, 15.94, 15.65, 0, 17.5458, 15.8589, 0
 12175, 15.94, 15.65, 0, 17.5458, 15.8589, 0
 12200, 16.48, 17.69, 0, 11.1827, 9.3217, 0
 12225, 16.83, 19.59, 0, 7.7771, 7.1454, 0
 12250, 16.83, 19.59, 0, 7.7771, 7.1454, 0
 12275, 17.12, 21.25, 0, 7.2645, 7.5938, 0
 12300, 17.37, 22.72, 0, 4.9083, 4.885, 0
 12325, 17.37, 22.72, 0, 4.9083, 4.885, 0
 12350, 17.53, 24.09, 0, 3.8352, 4.9479, 0
 12375, 17.68, 25.38, 0, 3.7209, 4.2324, 0
 12400, 17.84, 26.42, 0, 3.8753, 2.6059, 0
 12425, 17.84, 26.42, 0, 3.8753, 2.6059, 0
 12450, 17.89, 27.2, 0, -0.1737, -1.6662, 0
 12475, 17.82, 27.71, 0, -3.3503, -1.9421, 0
 12500, 17.82, 27.71, 0, -3.3503, -1.9421, 0
 12525, 17.6, 28.07, 0, -6.3066, -2.8897, 0
 12550, 17.3, 28.45, 0, -8.6115, -3.3085, 0
 12575, 16.93, 28.77, 0, -8.7978, -3.05, 0
 12600, 16.93, 28.77, 0, -8.7978, -3.05, 0
 12625, 16.6, 28.98, 0, -7.8933, -3.8898, 0
 12650, 16.37, 29.1, 0, -4.109, -2.8687, 0
 12675, 16.37, 29.1, 0, -4.109, -2.8687, 0
 12700, 16.33, 29.14, 0, 0.7905, -1.5045, 0
 12725, 16.37, 29.06, 0, 1.7963, -2.2731, 0
 12750, 16.37, 29.06, 0, 1.7963, -2.2731, 0
 12775, 16.44, 28.87, 0, 1.0686, -1.686, 0
 12800, 16.46, 28.6, 0, 0.5557, -0.6934, 0
 12825, 16.46, 28.6, 0, 0.5557, -0.6934, 0
 12850, 16.52, 28.3, 0, 2.7672, 1.1241, 0
 12875, 16.75, 28.16, 0, 7.6179, 2.5293, 0
 12900, 17.18, 28.19, 0, 12.9705, 5.6333, 0
 12925, 17.18, 28.19, 0, 12.9705, 5.6333, 0
 12950, 17.72, 28.48, 0, 12.6054, 6.5007, 0
 12975, 18.16, 28.91, 0, 10.1052, 7.3932, 0
 13000, 18.16, 28.91, 0, 10.1052, 7.3932, 0
 13025, 18.53, 29.36, 0, 8.6837, 7.4501, 0
 13050, 18.82, 29.76, 0, 6.4107, 6.271, 0
 13075, 19.04, 30.01, 0, 4.9884, 5.3831, 0
 13100, 19.04, 30.01, 0, 4.9884, 5.3831, 0
 13125, 19.24, 30.2, 0, 5.0002, 5.6907, 0
 13150, 19.24, 30.2, 0, 5.0002, 5.6907, 0
 13175, 19.47, 30.38, 0, 6.5586, 6.6072, 0
 13200, 19.81, 30.63, 0, 9.2252, 8.0299, 0
 13225, 20.21, 30.97, 0, 10.5359, 8.482, 0
 13250, 20.21, 30.97, 0, 10.5359, 8.482, 0
 13275, 20.64, 31.38, 0, 11.9782, 9.1949, 0
 13300, 21.17, 31.91, 0, 13.7434, 9.5277, 0
 13325, 21.85, 32.59, 0, 19.5331, 12.7364, 0
 13350, 21.85, 32.59, 0, 19.5331, 12.7364, 0
 13375, 22.87, 33.42, 0, 28.2449, 15.5967, 0
 13400, 24.05, 34.26, 0, 29.0812, 12.4183, 0
 13425, 24.05, 34.26, 0, 29.0812, 12.4183, 0
 13450, 25.14, 35.06, 0, 26.481, 10.8354, 0
 13475, 26.12, 35.84, 0, 23.8197, 10.1331, 0
 13500, 26.12, 35.84, 0, 23.8197, 10.1331, 0
 13525, 27.01, 36.6, 0, 20.3494, 7.1517, 0
 13550, 27.76, 37.37, 0, 18.7141, 8.0457, 0
 13575, 27.76, 37.37, 0, 18.7141, 8.0457, 0
 13600, 28.34, 37.93, 0, 19.791, 9.8375, 0
 13625, 29.13, 38.73, 0, 18.9248, 8.6837, 0
 13650, 29.85, 39.57, 0, 18.4117, 8.8816, 0
 13675, 29.85, 39.57, 0, 18.4117, 8.8816, 0
 13700, 30.65, 40.47, 0, 21.54, 11.1519, 0
 13725, 31.65, 41.54, 0, 25.6393, 11.6204, 0
 13750, 31.65, 41.54, 0, 25.6393, 11.6204, 0
 13775, 32.69, 42.7, 0, 26.4126, 9.8444, 0
 13800, 33.73, 43.78, 0, 25.4776, 9.6898, 0
 13825, 34.66, 44.74, 0, 21.502, 9.0942, 0
 13850, 34.66, 44.74, 0, 21.502, 9.0942, 0
 13875, 35.48, 45.78, 0, 21.0056, 10.4882, 0
 13900, 36.39, 47, 0, 23.7914, 11.5358, 0
 13925, 36.39, 47, 0, 23.7914, 11.5358, 0
 13950, 37.37, 48.23, 0, 23.8537, 9.5153, 0
 13975, 38.25, 49.36, 0, 21.2457, 7.9233, 0
 14000, 38.25, 49.36, 0, 21.2457, 7.9233, 0
 14025, 39.12, 50.45, 0, 22.7204, 9.012, 0
 14050, 40.12, 51.58, 0, 26.0483, 7.9961, 0
 14075, 40.12, 51.58, 0, 26.0483, 7.9961, 0
 14100, 41.16, 52.66, 0, 25.2915, 5.703, 0
 14125, 42.16, 53.66, 0, 25.3718, 6.773, 0
 14150, 42.16, 53.66, 0, 25.3718, 6.773, 0
 14175, 43.2, 54.62, 0, 25.7036, 6.854, 0
 14200, 44.22, 55.63, 0, 25.0755, 5.8875, 0
 14225, 45.21, 56.55, 0, 25.2356, 6.6367, 0
 14250, 45.21, 56.55, 0, 25.2356, 6.6367, 0
 14275, 46.19, 57.37, 0, 23.6363, 6.4006, 0
 14300, 47.03, 58.09, 0, 19.6472, 6.0489, 0
 14325, 47.77, 58.77, 0, 17.2353, 6.6039, 0
 14350, 47.77, 58.77, 0, 17.2353, 6.6039, 0
 14375, 48.25, 59.23, 0, 16.4567, 6.2959, 0
 14400, 48.92, 59.86, 0, 16.2019, 4.9912, 0
 14425, 48.92, 59.86, 0, 16.2019, 4.9912, 0
 14450, 49.58, 60.41, 0, 17.2372, 4.8748, 0
 14475, 50.33, 60.92, 0, 20.7353, 5.7791, 0
 14500, 50.33, 60.92, 0, 20.7353, 5.7791, 0
 14525, 51.29, 61.44, 0, 26.6273, 5.7579, 0
 14550, 52.48, 61.91, 0, 31.1844, 4.6667, 0
 14575, 52.48, 61.91, 0, 31.1844, 4.6667, 0
 14600, 53.75, 62.23, 0, 31.8349, 2.5235, 0
 14625, 54.98, 62.47, 0, 29.4701, 3.3143, 0
 14650, 54.98, 62.47, 0, 29.4701, 3.3143, 0
 14675, 56.06, 62.73, 0, 25.7931, 4.5893, 0
 14700, 56.98, 63, 0, 21.1591, 4.3513, 0
 14725, 57.69, 63.39, 0, 15.6965, 3.9275, 0
 14750, 57.69, 63.39, 0, 15.6965, 3.9275, 0
 14775, 58.24, 63.95, 0, 11.8936, 4.1699, 0
 14800, 58.61, 64.58, 0, 7.5586, 2.7874, 0
 14825, 58.61, 64.58, 0, 7.5586, 2.7874, 0
 14850, 58.78, 65.21, 0, 2.2215, 0.8403, 0
 14875, 58.78, 65.81, 0, -1.1539, 0.3448, 0
 14900, 58.7, 66.43, 0, -2.093, 0.4328, 0
 14925, 58.7, 66.43, 0, -2.093, 0.4328, 0
 14950, 58.68, 67.33, 0, 0.1808, 1.0438, 0
 14975, 58.73, 68.43, 0, 1.8269, -0.4944, 0
 15000, 58.73, 68.43, 0, 1.8269, -0.4944, 0
 15025, 58.82, 69.65, 0, 2.8478, -1.4482, 0
 15050, 59, 70.98, 0, 5.417, -2.0348, 0
 15075, 59, 70.98, 0, 5.417, -2.0348, 0
 15100, 59.22, 71.94, 0, 8.4614, -2.3025, 0
 15125, 59.63, 73.06, 0, 11.3815, -2.8409, 0
 15150, 59.63, 73.06, 0, 11.3815, -2.8409, 0
 15175, 60.14, 74.08, 0, 13.6049, -2.6178, 0
 15200, 60.72, 75.13, 0, 14.6757, -3.0411, 0
 15225, 61.39, 76.09, 0, 19.209, -3.1437, 0
 15250, 61.39, 76.09, 0, 19.209, -3.1437, 0
 15275, 62.28, 76.95, 0, 23.2737, -4.6682, 0
 15300, 63.33, 77.8, 0, 28.6922, -4.595, 0
 15325, 63.33, 77.8, 0, 28.6922, -4.595, 0
 15350, 64.59, 78.53, 0, 32.8781, -4.8105, 0
 15375, 65.95, 79.13, 0, 34.5168, -5.2534, 0
 15400, 67.27, 79.66, 0, 32.7129, -4.4102, 0
 15425, 67.27, 79.66, 0, 32.7129, -4.4102, 0
 15450, 68.61, 80.05, 0, 33.4322, -4.7263, 0
 15475, 70, 80.35, 0, 35.9161, -7.3903, 0
 15500, 70, 80.35, 0, 35.9161, -7.3903, 0
 15525, 71.46, 80.62, 0, 36.1324, -8.0428, 0
 15550, 72.88, 80.77, 0, 36.1412, -6.1728, 0
 15575, 72.88, 80.77, 0, 36.1412, -6.1728, 0
 15600, 74.34, 80.87, 0, 35.9993, -5.5414, 0
 15625, 75.75, 81.11, 0, 34.7818, -5.6162, 0
 15650, 75.75, 81.11, 0, 34.7818, -5.6162, 0
 15675, 77.04, 81.5, 0, 29.5467, -5.9003, 0
 15700, 77.94, 81.94, 0, 18.2364, -5.7601, 0
 15725, 78.41, 82.27, 0, 8.8074, -1.1301, 0
 15750, 78.41, 82.27, 0, 8.8074, -1.1301, 0
 15775, 78.67, 82.43, 0, 5.1118, -0.1454, 0
 15800, 78.81, 82.43, 0, 2.6651, -1.0243, 0
 15825, 78.81, 82.43, 0, 2.6651, -1.0243, 0
 15850, 78.88, 82.4, 0, 2.7829, -0.4492, 0
 15875, 78.92, 82.38, 0, -0.7503, -0.4851, 0
 15900, 78.81, 82.41, 0, -3.3333, 2.3346, 0
 15925, 78.81, 82.41, 0, -3.3333, 2.3346, 0
 15950, 78.75, 82.3, 0, -0.0926, 1.8359, 0
 15975, 78.73, 82.14, 0, -1.3976, -1.3812, 0
 16000, 78.73, 82.14, 0, -1.3976, -1.3812, 0
 16025, 78.6, 82.1, 0, -4.1049, -0.3813, 0
 16050, 78.5, 82, 0, -0.4095, 0.2445, 0
 16075, 78.5, 82, 0, -0.4095, 0.2445, 0
 16100, 78.58, 81.91, 0, 2.0582, -0.9277, 0
 16125, 78.64, 81.9, 0, 1.707, -0.8535, 0
 16150, 78.64, 81.9, 0, 1.707, -0.8535, 0
 16175, 78.83, 81.92, 0, 6.4913, -1.004, 0
 16200, 79.11, 81.96, 0, 7.5282, -3.831, 0
 16225, 79.41, 81.99, 0, 6.3817, -2.7044, 0
 16250, 79.41, 81.99, 0, 6.3817, -2.7044, 0
 16275, 79.62, 81.94, 0, 6.2471, 0.8507, 0
 16300, 79.62, 81.94, 0, 6.2471, 0.8507, 0
 16325, 79.96, 81.85, 0, 9.1799, 0.4501, 0
 16350, 80.34, 81.84, 0, 9.7974, -2.8145, 0
 16375, 80.88, 81.86, 0, 16.1284, -2.3477, 0
 16400, 80.88, 81.86, 0, 16.1284, -2.3477, 0
 16425, 81.61, 81.91, 0, 17.698, -5.1823, 0
 16450, 82.18, 81.96, 0, 12.6742, -2.8685, 0
 16475, 82.53, 82.01, 0, 6.2259, 0.6777, 0
 16500, 82.53, 82.01, 0, 6.2259, 0.6777, 0
 16525, 82.61, 82.07, 0, 0.9133, 1.5, 0
 16550, 82.59, 82.14, 0, -0.1778, 0.9143, 0
 16575, 82.59, 82.14, 0, -0.1778, 0.9143, 0
 16600, 82.63, 82.18, 0, 1.638, -1.1073, 0
 16625, 82.86, 82.16, 0, 8.6471, -2.5761, 0
 16650, 83.27, 82.12, 0, 9.7311, -2.3881, 0
 16675, 83.27, 82.12, 0, 9.7311, -2.3881, 0
 16700, 83.5, 82, 0, 3.4339, 2.5381, 0
 16725, 83.58, 81.78, 0, 1.6405, 3.7369, 0
 16750, 83.58, 81.78, 0, 1.6405, 3.7369, 0
 16775, 83.6, 81.5, 0, -0.9933, 2.3475, 0
 16800, 83.48, 81.09, 0, -3.957, 2.5152, 0
 16825, 83.48, 81.09, 0, -3.957, 2.5152, 0
 16850, 83.3, 80.7, 0, -4.8483, 1.5221, 0
 16875, 83.01, 80.38, 0, -8.9177, 0.8906, 0
 16900, 83.01, 80.38, 0, -8.9177, 0.8906, 0
 16925, 82.69, 80.09, 0, -6.3513, 1.5903, 0
 16950, 82.55, 79.72, 0, -2.4489, 1.5258, 0
 16975, 82.4, 79.33, 0, -5.2953, 1.9413, 0
 17000, 82.4, 79.33, 0, -5.2953, 1.9413, 0
 17025, 82.07, 79, 0, -9.7005, 4.2892, 0
 17050, 81.66, 78.49, 0, -10.4314, 5.989, 0
 17075, 81.26, 77.86, 0, -9.7393, 6.0059, 0
 17100, 81.26, 77.86, 0, -9.7393, 6.0059, 0
 17125, 80.97, 77.22, 0, -5.1136, 5.2684, 0
 17150, 80.88, 76.56, 0, -0.5982, 3.3778, 0
 17175, 80.88, 76.56, 0, -0.5982, 3.3778, 0
 17200, 80.88, 75.81, 0, 0.1952, 3.6252, 0
 17225, 80.96, 74.99, 0, 2.3896, 3.6526, 0
 17250, 80.96, 74.99, 0, 2.3896, 3.6526, 0
 17275, 81.07, 74.22, 0, 2.8407, 2.8066, 0
 17300, 81.17, 73.49, 0, 1.7994, 2.8018, 0
 17325, 81.17, 73.49, 0, 1.7994, 2.8018, 0
 17350, 81.22, 72.85, 0, 1.7538, 3.2028, 0
 17375, 81.34, 72.16, 0, 3.5529, 3.0205, 0
 17400, 81.34, 72.16, 0, 3.5529, 3.0205, 0
 17425, 81.49, 71.39, 0, 4.1031, 3.0714, 0
 17450, 81.63, 70.85, 0, 3.9938, 3.0642, 0
 17475, 81.63, 70.85, 0, 3.9938, 3.0642, 0
 17500, 81.76, 70.19, 0, 3.2302, 2.3549, 0
 17525, 81.86, 69.66, 0, 2.1341, 1.7381, 0
 17550, 81.91, 69.15, 0, 0.8192, 0.9683, 0
 17575, 81.91, 69.15, 0, 0.8192, 0.9683, 0
 17600, 81.93, 68.58, 0, 0.1521, 1.8414, 0
 17625, 81.95, 67.99, 0, 1.0354, 2.6509, 0
 17650, 81.95, 67.99, 0, 1.0354, 2.6509, 0
 17675, 81.99, 67.42, 0, 0.9981, 2.1246, 0
 17700, 81.99, 66.78, 0, -0.83, 2.4418, 0
 17725, 81.91, 66.11, 0, -2.7414, 3.5436, 0
 17750, 81.91, 66.11, 0, -2.7414, 3.5436, 0
 17775, 81.8, 65.45, 0, -2.5818, 3.6951, 0
 17800, 81.66, 64.79, 0, -4.6332, 3.059, 0
 17825, 81.66, 64.79, 0, -4.6332, 3.059, 0
 17850, 81.4, 64.14, 0, -7.4798, 4.066, 0
 17875, 81.09, 63.48, 0, -7.4599, 4.5429, 0
 17900, 81.09, 63.48, 0, -7.4599, 4.5429, 0
 17925, 80.76, 62.77, 0, -8.425, 3.6763, 0
 17950, 80.53, 61.99, 0, -3.6284, 3.665, 0
 17975, 80.53, 61.99, 0, -3.6284, 3.665, 0
 18000, 80.48, 61.05, 0, 0.0597, 2.116, 0
 18025, 80.42, 59.97, 0, -3.6287, -0.0653, 0
 18050, 80.42, 59.97, 0, -3.6287, -0.0653, 0
 18075, 80.13, 59.02, 0, -9.1241, 0.9188, 0
 18100, 79.64, 58.22, 0, -14.0047, 1.6036, 0
 18125, 79, 57.47, 0, -17.2496, -0.0394, 0
 18150, 79, 57.47, 0, -17.2496, -0.0394, 0
 18175, 78.49, 56.93, 0, -16.5078, -0.4189, 0
 18200, 77.86, 56.23, 0, -15.2024, -0.1814, 0
 18225, 77.26, 55.53, 0, -14.3599, 0.5149, 0
 18250, 77.26, 55.53, 0, -14.3599, 0.5149, 0
 18275, 76.78, 54.81, 0, -10.6431, 2.3617, 0
 18300, 76.44, 54.12, 0, -7.9709, 1.9776, 0
 18325, 76.44, 54.12, 0, -7.9709, 1.9776, 0
 18350, 76.16, 53.51, 0, -5.7028, 0.564, 0
 18375, 76.16, 53.51, 0, -5.7028, 0.564, 0
 18400, 75.97, 52.98, 0, -4.6925, 0.1516, 0
 18425, 75.75, 52.45, 0, -6.0246, -0.2203, 0
 18450, 75.43, 52.01, 0, -9.2473, 0.6094, 0
 18475, 75.43, 52.01, 0, -9.2473, 0.6094, 0
 18500, 75.08, 51.67, 0, -7.8203, 1.4703, 0
 18525, 74.86, 51.31, 0, -4.493, 1.5934, 0
 18550, 74.86, 51.31, 0, -4.493, 1.5934, 0
 18575, 74.75, 50.88, 0, -2.0389, 0.6703, 0
 18600, 74.67, 50.47, 0, -1.4802, -0.6122, 0
 18625, 74.64, 50.08, 0, -0.8777, 0.219, 0
 18650, 74.64, 50.08, 0, -0.8777, 0.219, 0
 18675, 74.62, 49.66, 0, -0.4917, 1.0987, 0
 18700, 74.58, 49.21, 0, -0.441, 1.6602, 0
 18725, 74.58, 49.21, 0, -0.441, 1.6602, 0
 18750, 74.54, 48.6, 0, -1.4062, 1.5606, 0
 18775, 74.47, 47.96, 0, -1.6221, 1.5795, 0
 18800, 74.43, 47.32, 0, -0.6459, 0.7869, 0
 18825, 74.43, 47.32, 0, -0.6459, 0.7869, 0
 18850, 74.41, 46.8, 0, -0.511, 0.2982, 0
 18875, 74.41, 46.8, 0, -0.511, 0.2982, 0
 18900, 74.41, 46.28, 0, -0.2648, 1.1947, 0
 18925, 74.38, 45.8, 0, -1.0891, 1.1601, 0
 18950, 74.34, 45.42, 0, -0.9774, 1.9104, 0
 18975, 74.34, 45.42, 0, -0.9774, 1.9104, 0
 19000, 74.3, 44.88, 0, -1.434, 2.3886, 0
 19025, 74.23, 44.44, 0, -2.1468, 1.2386, 0
 19050, 74.23, 44.44, 0, -2.1468, 1.2386, 0
 19075, 74.12, 44.02, 0, -3.2495, 0.5058, 0
 19100, 73.93, 43.63, 0, -5.0246, 0.5786, 0
 19125, 73.71, 43.17, 0, -6.6341, 1.3017, 0
 19150, 73.71, 43.17, 0, -6.6341, 1.3017, 0
 19175, 73.38, 42.71, 0, -8.7842, 2.0058, 0
 19200, 72.99, 42.19, 0, -10.101, 2.7679, 0
 19225, 72.55, 41.69, 0, -11.6134, 2.1148, 0
 19250, 72.55, 41.69, 0, -11.6134, 2.1148, 0
 19275, 72.11, 41.23, 0, -10.3326, -0.2353, 0
 19300, 71.69, 40.85, 0, -11.113, -1.8226, 0
 19325, 71.69, 40.85, 0, -11.113, -1.8226, 0
 19350, 71.24, 40.48, 0, -10.5403, 0.9765, 0
 19375, 70.89, 40.13, 0, -7.7667, -0.3913, 0
 19400, 70.89, 40.13, 0, -7.7667, -0.3913, 0
 19425, 70.6, 39.82, 0, -6.5112, -0.5959, 0
 19450, 70.4, 39.47, 0, -3.5016, 0.7541, 0
 19475, 70.4, 39.47, 0, -3.5016, 0.7541, 0
 19500, 70.31, 39.2, 0, -2.2469, 0.5168, 0
 19525, 70.2, 39.05, 0, -2.6823, -1.0936, 0
 19550, 70.2, 39.05, 0, -2.6823, -1.0936, 0
 19575, 70.13, 38.94, 0, -1.4744, -0.4973, 0
 19600, 70.05, 38.72, 0, -2.1594, -0.4447, 0
 19625, 70.05, 38.72, 0, -2.1594, -0.4447, 0
 19650, 69.98, 38.43, 0, -1.3789, 1.0364, 0
 19675, 69.95, 38.29, 0, -1.266, -0.1141, 0
 19700, 69.87, 38.32, 0, -2.5886, -1.8177, 0
 19725, 69.87, 38.32, 0, -2.5886, -1.8177, 0
 19750, 69.78, 38.42, 0, -2.0617, -0.5641, 0
 19775, 69.71, 38.57, 0, -1.6643, -0.5219, 0
 19800, 69.66, 38.71, 0, -1.5486, -1.0767, 0
 19825, 69.66, 38.71, 0, -1.5486, -1.0767, 0
 19850, 69.58, 38.75, 0, -1.6051, -0.5532, 0
 19875, 69.53, 38.78, 0, -1.1797, -0.1416, 0
 19900, 69.53, 38.78, 0, -1.1797, -0.1416, 0
 19925, 69.49, 38.88, 0, -0.8768, -0.2571, 0
 19950, 69.44, 39.12, 0, -1.705, -1.087, 0
 19975, 69.29, 39.49, 0, -5.4714, -1.3074, 0
 20000, 69.29, 39.49, 0, -5.4714, -1.3074, 0
 20025, 68.86, 40.1, 0, -13.9049, -2.8062, 0
 20050, 68.86, 40.1, 0, -13.9049, -2.8062, 0
 20075, 68.17, 40.77, 0, -18.7356, -1.18, 0
 20100, 67.33, 41.4, 0, -22.4883, -2.9128, 0
 20125, 67.33, 41.4, 0, -22.4883, -2.9128, 0
 20150, 66.36, 41.94, 0, -24.0958, -1.6229, 0
 20175, 65.53, 42.35, 0, -18.156, -0.1938, 0
 20200, 64.98, 42.68, 0, -10.4804, -1.1051, 0
 20225, 64.98, 42.68, 0, -10.4804, -1.1051, 0
 20250, 64.7, 42.94, 0, -5.207, -1.8726, 0
 20275, 64.48, 43.18, 0, -6.5513, -1.0456, 0
 20300, 64.48, 43.18, 0, -6.5513, -1.0456, 0
 20325, 64.13, 43.64, 0, -9.9829, -0.7072, 0
 20350, 63.66, 44.25, 0, -12.6418, -2.09, 0
 20375, 63.11, 44.94, 0, -14.7388, -4.0892, 0
 20400, 63.11, 44.94, 0, -14.7388, -4.0892, 0
 20425, 62.42, 45.72, 0, -18.5635, -6.1838, 0
 20450, 61.62, 46.61, 0, -20.5393, -6.4403, 0
 20475, 61.62, 46.61, 0, -20.5393, -6.4403, 0
 20500, 60.81, 47.48, 0, -19.9142, -5.5446, 0
 20525, 60, 48.31, 0, -21.192, -5.0312, 0
 20550, 60, 48.31, 0, -21.192, -5.0312, 0
 20575, 59.31, 48.95, 0, -23.0411, -4.2243, 0
 20600, 58.38, 49.9, 0, -24.1035, -5.6289, 0
 20625, 58.38, 49.9, 0, -24.1035, -5.6289, 0
 20650, 57.26, 50.9, 0, -31.6522, -9.4113, 0
 20675, 55.59, 51.98, 0, -47.3414, -13.7375, 0
 20700, 53.44, 53.08, 0, -59.0338, -10.6412, 0
 20725, 53.44, 53.08, 0, -59.0338, -10.6412, 0
 20750, 50.72, 54.14, 0, -71.7049, -10.0819, 0
 20775, 47.85, 55.17, 0, -70.4071, -7.391, 0
 20800, 47.85, 55.17, 0, -70.4071, -7.391, 0
 20825, 45.2, 56.2, 0, -62.6332, -8.6085, 0
 20850, 43.06, 57.4, 0, -46.569, -9.2008, 0
 20875, 43.06, 57.4, 0, -46.569, -9.2008, 0
 20900, 41.51, 58.88, 0, -34.7578, -10.855, 0
 20925, 40.3, 60.37, 0, -27.2421, -8.0406, 0
 20950, 40.3, 60.37, 0, -27.2421, -8.0406, 0
 20975, 39.38, 61.73, 0, -20.2866, -5.8764, 0
 21000, 38.64, 63.12, 0, -17.5361, -6.3038, 0
 21025, 38.08, 64.66, 0, -10.8795, -5.15, 0
 21050, 38.08, 64.66, 0, -10.8795, -5.15, 0
 21075, 37.81, 66.35, 0, -5.2518, -6.4479, 0
 21100, 37.72, 67.94, 0, -0.0248, -5.8121, 0
 21125, 37.72, 67.94, 0, -0.0248, -5.8121, 0
 21150, 37.81, 69.09, 0, 3.6546, -3.8837, 0
 21175, 38, 70.07, 0, 4.9652, -2.696, 0
 21200, 38.18, 71.08, 0, 4.2728, -0.991, 0
 21225, 38.18, 71.08, 0, 4.2728, -0.991, 0
 21250, 38.32, 72.1, 0, 3.0772, -1.0701, 0
 21275, 38.39, 73.06, 0, 0.8393, -1.6027, 0
 21300, 38.39, 73.06, 0, 0.8393, -1.6027, 0
 21325, 38.36, 73.7, 0, -2.708, -1.7248, 0
 21350, 38.13, 74.4, 0, -7.3087, -0.7579, 0
 21375, 37.7, 75.1, 0, -13.576, -0.2991, 0
 21400, 37.7, 75.1, 0, -13.576, -0.2991, 0
 21425, 36.85, 75.83, 0, -25.3094, -1.3697, 0
 21450, 35.63, 76.54, 0, -33.8636, 2.0675, 0
 21475, 35.63, 76.54, 0, -33.8636, 2.0675, 0
 21500, 34.32, 77.25, 0, -30.4866, 6.274, 0
 21525, 33.32, 77.88, 0, -21.6029, 2.87, 0
 21550, 33.32, 77.88, 0, -21.6029, 2.87, 0
 21575, 32.69, 78.49, 0, -11.7731, -0.5628, 0
 21600, 32.42, 78.97, 0, -4.7052, -1.4023, 0
 21625, 32.42, 78.97, 0, -4.7052, -1.4023, 0
 21650, 32.28, 79.36, 0, -3.4041, -0.4627, 0
 21675, 32.12, 79.72, 0, -4.7264, 0.0777, 0
 21700, 32.12, 79.72, 0, -4.7264, 0.0777, 0
 21725, 31.92, 80, 0, -4.5684, -0.0363, 0
 21750, 31.74, 80.27, 0, -4.7164, -1.8293, 0
 21775, 31.52, 80.53, 0, -5.8521, -1.5121, 0
 21800, 31.52, 80.53, 0, -5.8521, -1.5121, 0
 21825, 31.3, 80.82, 0, -5.46, -0.3688, 0
 21850, 31.09, 81.18, 0, -5.7932, 0.3158, 0
 21875, 31.09, 81.18, 0, -5.7932, 0.3158, 0
 21900, 30.67, 81.56, 0, -13.9368, -1.5138, 0
 21925, 29.96, 81.89, 0, -18.9346, 1.9804, 0
 21950, 29.96, 81.89, 0, -18.9346, 1.9804, 0
 21975, 29.13, 82.26, 0, -22.0741, 2.3064, 0
 22000, 28.16, 82.62, 0, -25.891, -0.0653, 0
 22025, 28.16, 82.62, 0, -25.891, -0.0653, 0
 22050, 27.12, 82.97, 0, -25.2714, 1.4367, 0
 22075, 26.18, 83.19, 0, -23.5917, 1.5348, 0
 22100, 25.42, 83.3, 0, -25.5582, 0.2574, 0
 22125, 25.42, 83.3, 0, -25.5582, 0.2574, 0
 22150, 24.42, 83.39, 0, -24.598, 2.3839, 0
 22175, 23.47, 83.51, 0, -22.4113, 1.7868, 0
 22200, 23.47, 83.51, 0, -22.4113, 1.7868, 0
 22225, 22.66, 83.66, 0, -19.0089, -0.5238, 0
 22250, 22.02, 83.75, 0, -13.2613, -1.6908, 0
 22275, 22.02, 83.75, 0, -13.2613, -1.6908, 0
 22300, 21.61, 83.74, 0, -9.8395, -2.5983, 0
 22325, 21.23, 83.64, 0, -9.1747, -2.073, 0
 22350, 20.87, 83.5, 0, -8.7057, -1.8559, 0
 22375, 20.87, 83.5, 0, -8.7057, -1.8559, 0
 22400, 20.51, 83.33, 0, -9.1924, -2.6636, 0
 22425, 20.17, 83.15, 0, -7.5959, -2.3224, 0
 22450, 19.94, 82.99, 0, -4.9391, -2.9188, 0
 22475, 19.94, 82.99, 0, -4.9391, -2.9188, 0
 22500, 19.77, 82.82, 0, -3.4458, -2.9568, 0
 22525, 19.69, 82.61, 0, -1.4595, -1.7224, 0
 22550, 19.69, 82.61, 0, -1.4595, -1.7224, 0
 22575, 19.66, 82.45, 0, -1.0649, -2.1681, 0
 22600, 19.56, 82.32, 0, -2.9651, -1.9506, 0
 22625, 19.56, 82.32, 0, -2.9651, -1.9506, 0
 22650, 19.41, 82.16, 0, -4.1033, -1.6204, 0
 22675, 19.26, 82.07, 0, -4.2972, -0.9787, 0
 22700, 19.26, 82.07, 0, -4.2972, -0.9787, 0
 22725, 19.08, 82.04, 0, -6.6665, -1.6155, 0
 22750, 18.74, 81.94, 0, -8.7846, 0.3483, 0
 22775, 18.74, 81.94, 0, -8.7846, 0.3483, 0
 22800, 18.45, 81.93, 0, -5.4113, 2.2014, 0
 22825, 18.3, 81.84, 0, -3.2365, -0.4604, 0
 22850, 18.2, 81.73, 0, -1.8989, -1.5721, 0
 22875, 18.2, 81.73, 0, -1.8989, -1.5721, 0
 22900, 18.11, 81.66, 0, -3.5646, -2.0083, 0
 22925, 17.84, 81.54, 0, -8.575, -1.4942, 0
 22950, 17.39, 81.47, 0, -12.1137, -0.7467, 0
 22975, 17.39, 81.47, 0, -12.1137, -0.7467, 0
 23000, 16.85, 81.45, 0, -13.5827, 0.3292, 0
 23025, 16.39, 81.44, 0, -9.3903, -0.1756, 0
 23050, 16.39, 81.44, 0, -9.3903, -0.1756, 0
 23075, 16.13, 81.39, 0, -4.258, -2.2147, 0
 23100, 16.07, 81.3, 0, -0.7001, -2.418, 0
 23125, 16.05, 81.17, 0, -0.7566, -1.8912, 0
 23150, 16.05, 81.17, 0, -0.7566, -1.8912, 0
 23175, 16.02, 81.06, 0, -1.1193, -0.9092, 0
 23200, 16.02, 81.06, 0, -1.1193, -0.9092, 0
 23225, 15.96, 81.03, 0, -1.4749, -1.3485, 0
 23250, 15.92, 81.05, 0, -0.6921, -1.2283, 0
 23275, 15.92, 81.07, 0, 0.72, -0.7444, 0
 23300, 15.92, 81.07, 0, 0.72, -0.7444, 0
 23325, 15.96, 81.05, 0, 1.4005, -0.2772, 0
 23350, 16.04, 80.99, 0, 2.336, -0.2556, 0
 23375, 16.04, 80.99, 0, 2.336, -0.2556, 0
 23400, 16.11, 80.89, 0, 1.256, -0.6621, 0
 23425, 16.15, 80.8, 0, 0.7684, 0.2046, 0
 23450, 16.19, 80.73, 0, 1.4112, -1.0941, 0
 23475, 16.19, 80.73, 0, 1.4112, -1.0941, 0
 23500, 16.33, 80.69, 0, 4.7073, -1.2637, 0
 23525, 16.54, 80.68, 0, 5.3385, -0.6227, 0
 23550, 16.54, 80.68, 0, 5.3385, -0.6227, 0
 23575, 16.72, 80.6, 0, 3.6058, 0.4814, 0
 23600, 16.79, 80.49, 0, 2.6362, 1.3053, 0
 23625, 16.79, 80.49, 0, 2.6362, 1.3053, 0
 23650, 16.93, 80.43, 0, 3.6324, 1.5193, 0
 23675, 17.12, 80.43, 0, 5.9393, 0.6019, 0
 23700, 17.41, 80.44, 0, 7.4658, 0.2251, 0
 23725, 17.41, 80.44, 0, 7.4658, 0.2251, 0
 23750, 17.74, 80.36, 0, 9.0252, 0.554, 0
 23775, 18.18, 80.22, 0, 12.927, 0.2464, 0
 23800, 18.18, 80.22, 0, 12.927, 0.2464, 0
 23825, 18.85, 79.97, 0, 19.3507, -0.1757, 0
 23850, 19.73, 79.7, 0, 23.2133, 0.0202, 0
 23875, 19.73, 79.7, 0, 23.2133, 0.0202, 0
 23900, 20.72, 79.35, 0, 25.3318, 0.8073, 0
 23925, 21.68, 79.06, 0, 22.7999, 0.8795, 0
 23950, 21.68, 79.06, 0, 22.7999, 0.8795, 0
 23975, 22.44, 78.76, 0, 16.3733, 0.5259, 0
 24000, 23.02, 78.45, 0, 14.0345, 0.8842, 0
 24025, 23.58, 78.15, 0, 13.6079, -0.4307, 0
 24050, 23.58, 78.15, 0, 13.6079, -0.4307, 0
 24075, 24.16, 77.82, 0, 15.0372, 0.0155, 0
 24100, 24.84, 77.47, 0, 19.6001, -0.4753, 0
 24125, 24.84, 77.47, 0, 19.6001, -0.4753, 0
 24150, 25.72, 77.1, 0, 22.9966, -0.4067, 0
 24175, 26.71, 76.71, 0, 25.7257, -0.0995, 0
 24200, 27.76, 76.35, 0, 26.1157, -0.8213, 0
 24225, 27.76, 76.35, 0, 26.1157, -0.8213, 0
 24250, 28.76, 75.97, 0, 24.9475, -0.7629, 0
 24275, 28.76, 75.97, 0, 24.9475, -0.7629, 0
 24300, 29.78, 75.57, 0, 25.6976, 0.0663, 0
 24325, 30.83, 75.23, 0, 27.0892, -0.7189, 0
 24350, 32.04, 74.85, 0, 32.3266, -1.4192, 0
 24375, 32.04, 74.85, 0, 32.3266, -1.4192, 0
 24400, 33.05, 74.57, 0, 34.5265, -0.6401, 0
 24425, 34.41, 74.14, 0, 33.319, -1.7312, 0
 24450, 34.41, 74.14, 0, 33.319, -1.7312, 0
 24475, 35.75, 73.68, 0, 33.7652, -0.547, 0
 24500, 37.07, 73.26, 0, 31.4054, -0.9007, 0
 24525, 38.24, 72.82, 0, 28.9559, -0.2666, 0
 24550, 38.24, 72.82, 0, 28.9559, -0.2666, 0
 24575, 39.44, 72.41, 0, 30.2325, 0.365, 0
 24600, 40.64, 72.08, 0, 30.1762, -2.1146, 0
 24625, 40.64, 72.08, 0, 30.1762, -2.1146, 0
 24650, 41.92, 71.79, 0, 33.6002, -3.1097, 0
 24675, 43.32, 71.47, 0, 35.8771, -4.2727, 0
 24700, 44.81, 71.12, 0, 37.5355, -4.8825, 0
 24725, 44.81, 71.12, 0, 37.5355, -4.8825, 0
 24750, 46.32, 70.78, 0, 38.1446, -5.4452, 0
 24775, 47.78, 70.41, 0, 34.9953, -5.3188, 0
 24800, 47.78, 70.41, 0, 34.9953, -5.3188, 0
 24825, 49.07, 70.1, 0, 31.0376, -3.8201, 0
 24850, 50.17, 69.85, 0, 24.5759, -3.8031, 0
 24875, 50.17, 69.85, 0, 24.5759, -3.8031, 0
 24900, 50.99, 69.62, 0, 18.3515, -3.083, 0
 24925, 51.68, 69.31, 0, 16.2099, -2.3458, 0
 24950, 51.68, 69.31, 0, 16.2099, -2.3458, 0
 24975, 52.25, 68.89, 0, 12.6679, -1.7918, 0
 25000, 52.64, 68.5, 0, 8.2786, 0.5269, 0
 25025, 52.64, 68.5, 0, 8.2786, 0.5269, 0
 25050, 52.93, 68.17, 0, 7.3245, 1.9608, 0
 25075, 53.23, 67.82, 0, 7.5404, 0.7613, 0
 25100, 53.47, 67.47, 0, 5.0024, 0.7365, 0
 25125, 53.47, 67.47, 0, 5.0024, 0.7365, 0
 25150, 53.58, 67.22, 0, 2.4342, 1.781, 0
 25175, 53.68, 66.91, 0, 2.589, 3.475, 0
 25200, 53.68, 66.91, 0, 2.589, 3.475, 0
 25225, 53.77, 66.57, 0, 2.1648, 3.2453, 0
 25250, 53.84, 66.28, 0, 1.3197, 3.5246, 0
 25275, 53.93, 66.03, 0, 3.4048, 3.972, 0
 25300, 53.93, 66.03, 0, 3.4048, 3.972, 0
 25325, 54.17, 65.84, 0, 7.2556, 3.2848, 0
 25350, 54.54, 65.59, 0, 11.0751, 1.2424, 0
 25375, 54.54, 65.59, 0, 11.0751, 1.2424, 0
 25400, 55.15, 65.29, 0, 17.7585, 0.3609, 0
 25425, 55.15, 65.29, 0, 17.7585, 0.3609, 0
 25450, 55.89, 65.04, 0, 18.5203, -1.7037, 0
 25475, 56.61, 64.77, 0, 17.8557, 0.2582, 0
 25500, 57.24, 64.54, 0, 13.6224, -0.0534, 0
 25525, 57.24, 64.54, 0, 13.6224, -0.0534, 0
 25550, 57.64, 64.39, 0, 8.2587, 1.2209, 0
 25575, 57.91, 64.32, 0, 5.4842, 0.4205, 0
 25600, 58.13, 64.21, 0, 5.9154, 0.2856, 0
 25625, 58.13, 64.21, 0, 5.9154, 0.2856, 0
 25650, 58.34, 64.02, 0, 4.7807, 1.2213, 0
 25675, 58.52, 63.82, 0, 4.3025, 1.9155, 0
 25700, 58.52, 63.82, 0, 4.3025, 1.9155, 0
 25725, 58.71, 63.68, 0, 5.195, 0.9121, 0
 25750, 58.91, 63.54, 0, 4.0621, -0.1465, 0
 25775, 58.91, 63.54, 0, 4.0621, -0.1465, 0
 25800, 59.05, 63.45, 0, 3.8654, 1.1172, 0
 25825, 59.31, 63.3, 0, 8.2052, 0.4166, 0
 25850, 59.7, 63.1, 0, 10.6929, -0.739, 0
 25875, 59.7, 63.1, 0, 10.6929, -0.739, 0
 25900, 60.21, 62.92, 0, 14.0837, -1.3804, 0
 25925, 60.85, 62.81, 0, 16.9215, -3.7733, 0
 25950, 60.85, 62.81, 0, 16.9215, -3.7733, 0
 25975, 61.57, 62.73, 0, 18.5382, -5.1451, 0
 26000, 62.12, 62.65, 0, 17.8279, -4.4575, 0
 26025, 62.12, 62.65, 0, 17.8279, -4.4575, 0
 26050, 62.76, 62.48, 0, 15.0957, -2.4186, 0
 26075, 63.31, 62.26, 0, 12.8894, -0.9194, 0
 26100, 63.82, 62.06, 0, 12.9635, -1.3297, 0
 26125, 63.82, 62.06, 0, 12.9635, -1.3297, 0
 26150, 64.32, 61.83, 0, 12.3526, -1.8268, 0
 26175, 64.77, 61.65, 0, 10.5598, -2.1024, 0
 26200, 64.77, 61.65, 0, 10.5598, -2.1024, 0
 26225, 65.19, 61.48, 0, 10.7097, -2.5144, 0
 26250, 65.55, 61.29, 0, 7.5888, -1.4372, 0
 26275, 65.86, 60.98, 0, 8.1164, 0.8761, 0
 26300, 65.86, 60.98, 0, 8.1164, 0.8761, 0
 26325, 66.2, 60.6, 0, 7.6416, 2.405, 0
 26350, 66.39, 60.13, 0, 3.6913, 5.6825, 0
 26375, 66.39, 60.13, 0, 3.6913, 5.6825, 0
 26400, 66.55, 59.6, 0, 4.3884, 7.5547, 0
 26425, 66.73, 58.97, 0, 4.0714, 5.7966, 0
 26450, 66.73, 58.97, 0, 4.0714, 5.7966, 0
 26475, 66.9, 58.24, 0, 4.2789, 5.9393, 0
 26500, 67.06, 57.57, 0, 4.0091, 5.0119, 0
 26525, 67.06, 57.57, 0, 4.0091, 5.0119, 0
 26550, 67.22, 56.93, 0, 4.0492, 5.2677, 0
 26575, 67.38, 56.38, 0, 3.921, 4.7413, 0
 26600, 67.38, 56.38, 0, 3.921, 4.7413, 0
 26625, 67.54, 55.92, 0, 3.9502, 4.6828, 0
 26650, 67.69, 55.42, 0, 3.5914, 5.3138, 0
 26675, 67.83, 54.94, 0, 3.6715, 5.0854, 0
 26700, 67.83, 54.94, 0, 3.6715, 5.0854, 0
 26725, 67.97, 54.48, 0, 3.2822, 5.3227, 0
 26750, 68.06, 54.11, 0, 1.9888, 5.0574, 0
 26775, 68.12, 53.85, 0, 1.6049, 4.9989, 0
 26800, 68.12, 53.85, 0, 1.6049, 4.9989, 0
 26825, 68.23, 53.51, 0, 3.3399, 4.7623, 0
 26850, 68.43, 53.21, 0, 6.3478, 2.9938, 0
 26875, 68.43, 53.21, 0, 6.3478, 2.9938, 0
 26900, 68.77, 53.03, 0, 9.1316, 2.188, 0
 26925, 69.15, 52.91, 0, 10.2527, 2.8571, 0
 26950, 69.58, 52.74, 0, 11.7331, 3.7959, 0
 26975, 69.58, 52.74, 0, 11.7331, 3.7959, 0
 27000, 70.11, 52.65, 0, 13.7386, 2.9392, 0
 27025, 70.11, 52.65, 0, 13.7386, 2.9392, 0
 27050, 70.6, 52.63, 0, 10.9145, 0.936, 0
 27075, 70.91, 52.67, 0, 5.2186, 1.2784, 0
 27100, 70.98, 52.8, 0, -0.2103, 1.2036, 0
 27125, 70.98, 52.8, 0, -0.2103, 1.2036, 0
 27150, 70.89, 52.82, 0, -3.5337, 1.6383, 0
 27175, 70.69, 52.77, 0, -5.9545, 1.8931, 0
 27200, 70.69, 52.77, 0, -5.9545, 1.8931, 0
 27225, 70.42, 52.76, 0, -7.0326, 2.3391, 0
 27250, 70.13, 52.76, 0, -7.2721, 1.9621, 0
 27275, 69.84, 52.75, 0, -7.2647, 2.2369, 0
 27300, 69.84, 52.75, 0, -7.2647, 2.2369, 0
 27325, 69.64, 52.68, 0, -3.2379, 2.7297, 0
 27350, 69.53, 52.58, 0, -2.8102, 0.3235, 0
 27375, 69.53, 52.58, 0, -2.8102, 0.3235, 0
 27400, 69.33, 52.42, 0, -6.7779, 1.802, 0
 27425, 69.04, 52.24, 0, -6.8635, 3.9323, 0
 27450, 69.04, 52.24, 0, -6.8635, 3.9323, 0
 27475, 68.79, 52.01, 0, -5.7516, 3.7501, 0
 27500, 68.59, 51.71, 0, -4.3122, 3.5765, 0
 27525, 68.5, 51.45, 0, -2.404, 2.9502, 0
 27550, 68.5, 51.45, 0, -2.404, 2.9502, 0
 27575, 68.46, 51.08, 0, -0.8961, 1.9617, 0
 27600, 68.43, 50.69, 0, -0.5744, 2.9163, 0
 27625, 68.43, 50.69, 0, -0.5744, 2.9163, 0
 27650, 68.44, 50.19, 0, 1.782, 5.6807, 0
 27675, 68.44, 50.19, 0, 1.782, 5.6807, 0
 27700, 68.55, 49.62, 0, 2.3445, 5.3757, 0
 27725, 68.59, 49.06, 0, 0.2188, 4.2854, 0
 27750, 68.59, 48.53, 0, -0.2447, 3.8028, 0
 27775, 68.59, 48.53, 0, -0.2447, 3.8028, 0
 27800, 68.53, 48.04, 0, -2.457, 2.9148, 0
 27825, 68.37, 47.58, 0, -4.9768, 3.654, 0
 27850, 68.14, 47.08, 0, -6.721, 5.2408, 0
 27875, 68.14, 47.08, 0, -6.721, 5.2408, 0
 27900, 67.83, 46.47, 0, -8.0695, 5.43, 0
 27925, 67.83, 46.47, 0, -8.0695, 5.43, 0
 27950, 67.45, 45.8, 0, -10.5724, 4.1192, 0
 27975, 67, 45.16, 0, -11.4505, 3.6273, 0
 28000, 66.54, 44.47, 0, -11.6707, 3.2703, 0
 28025, 66.05, 43.79, 0, -12.9661, 2.9449, 0
 28050, 66.05, 43.79, 0, -12.9661, 2.9449, 0
 28075, 65.48, 43.12, 0, -14.7701, 3.3717, 0
 28100, 64.87, 42.43, 0, -15.277, 3.6002, 0
 28125, 64.87, 42.43, 0, -15.277, 3.6002, 0
 28150, 64.27, 41.79, 0, -15.3585, 2.8261, 0
 28175, 63.61, 41.23, 0, -16.7441, 1.1033, 0
 28200, 63.61, 41.23, 0, -16.7441, 1.1033, 0
 28225, 62.95, 40.81, 0, -15.6173, 1.0301, 0
 28250, 62.42, 40.37, 0, -12.0196, 0.9684, 0
 28275, 62.05, 39.84, 0, -7.5784, 1.1776, 0
 28300, 62.05, 39.84, 0, -7.5784, 1.1776, 0
 28325, 61.87, 39.38, 0, -5.8091, 1.6688, 0
 28350, 61.64, 38.76, 0, -5.2061, 2.0143, 0
 28375, 61.64, 38.76, 0, -5.2061, 2.0143, 0
 28400, 61.48, 38.21, 0, -3.1547, 1.3853, 0
 28425, 61.39, 37.76, 0, -1.862, -0.2172, 0
 28450, 61.39, 37.76, 0, -1.862, -0.2172, 0
 28475, 61.34, 37.35, 0, -0.6829, -0.0503, 0
 28500, 61.34, 36.91, 0, 0.5371, 1.0535, 0
 28525, 61.34, 36.91, 0, 0.5371, 1.0535, 0
 28550, 61.38, 36.47, 0, 0.9115, 2.5399, 0
 28575, 61.39, 36.03, 0, 0.1648, 2.2105, 0
 28600, 61.39, 35.77, 0, -0.1057, 0.9345, 0
 28625, 61.39, 35.77, 0, -0.1057, 0.9345, 0
 28650, 61.38, 35.59, 0, -1.3509, 0.9283, 0
 28675, 61.27, 35.32, 0, -3.6819, 2.1142, 0
 28700, 61.27, 35.32, 0, -3.6819, 2.1142, 0
 28725, 61.02, 34.95, 0, -7.7272, 1.4975, 0
 28750, 60.62, 34.48, 0, -12.0458, 1.1449, 0
 28775, 60.62, 34.48, 0, -12.0458, 1.1449, 0
 28800, 60.03, 33.96, 0, -15.4612, 1.6262, 0
 28825, 59.38, 33.54, 0, -16.1412, 1.1927, 0
 28850, 58.8, 33.21, 0, -13.4721, 0.6441, 0
 28875, 58.8, 33.21, 0, -13.4721, 0.6441, 0
 28900, 58.34, 32.96, 0, -10.2099, -0.1168, 0
 28925, 58.03, 32.75, 0, -6.5645, -0.1495, 0
 28950, 58.03, 32.75, 0, -6.5645, -0.1495, 0
 28975, 57.87, 32.57, 0, -2.3299, 0.9099, 0
 29000, 57.82, 32.45, 0, -1.3461, 0.2245, 0
 29025, 57.75, 32.31, 0, -2.2248, -0.0008, 0
 29050, 57.75, 32.31, 0, -2.2248, -0.0008, 0
 29075, 57.64, 32.17, 0, -4.5512, -0.6993, 0
 29100, 57.38, 31.93, 0, -7.6237, -0.1565, 0
 29125, 57.38, 31.93, 0, -7.6237, -0.1565, 0
 29150, 57.05, 31.64, 0, -8.1355, -0.5899, 0
 29175, 56.75, 31.38, 0, -6.5748, -0.3538, 0
 29200, 56.54, 31.12, 0, -5.1253, 0.4723, 0
 29225, 56.54, 31.12, 0, -5.1253, 0.4723, 0
 29250, 56.33, 30.87, 0, -5.6871, -0.135, 0
 29275, 56.03, 30.7, 0, -8.4084, -1.3161, 0
 29300, 56.03, 30.7, 0, -8.4084, -1.3161, 0
 29325, 55.64, 30.58, 0, -10.4813, -1.2078, 0
 29350, 55.22, 30.53, 0, -10.7662, -1.2609, 0
 29375, 55.22, 30.53, 0, -10.7662, -1.2609, 0
 29400, 54.79, 30.54, 0, -10.7117, -1.7265, 0
 29425, 54.42, 30.61, 0, -7.9746, -0.7463, 0
 29450, 54.42, 30.61, 0, -7.9746, -0.7463, 0
 29475, 54.17, 30.63, 0, -5.3025, -1.0647, 0
 29500, 53.96, 30.6, 0, -5.3781, -1.69, 0
 29525, 53.74, 30.52, 0, -6.3444, -1.6377, 0
 29550, 53.74, 30.52, 0, -6.3444, -1.6377, 0
 29575, 53.47, 30.36, 0, -6.6555, -1.7996, 0
 29600, 53.21, 30.05, 0, -5.8117, -0.3271, 0
 29625, 53.21, 30.05, 0, -5.8117, -0.3271, 0
 29650, 53, 29.74, 0, -5.4119, 0.1874, 0
 29675, 52.79, 29.53, 0, -4.4555, -0.2961, 0
 29700, 52.79, 29.53, 0, -4.4555, -0.2961, 0
 29725, 52.65, 29.39, 0, -3.133, -0.8977, 0
 29750, 52.53, 29.22, 0, -3.0734, -1.6998, 0
 29775, 52.39, 29.04, 0, -3.9207, -1.4596, 0
 29800, 52.39, 29.04, 0, -3.9207, -1.4596, 0
 29825, 52.23, 28.87, 0, -3.4587, -0.3533, 0
 29850, 52.15, 28.81, 0, -2.6192, 0.5802, 0
 29875, 52.15, 28.81, 0, -2.6192, 0.5802, 0
 29900, 52.06, 28.81, 0, -1.9767, 0.0234, 0
 29925, 51.99, 28.77, 0, -2.0724, -0.8853, 0
 29950, 51.99, 28.77, 0, -2.0724, -0.8853, 0
 29975, 51.9, 28.65, 0, -2.3698, 0.0423, 0
 30000, 51.78, 28.48, 0, -3.5942, -0.826, 0
 30025, 51.78, 28.48, 0, -3.5942, -0.826, 0
 30050, 51.62, 28.35, 0, -3.7133, -1.072, 0
 30075, 51.5, 28.29, 0, -2.4887, -1.8047, 0
 30100, 51.41, 28.38, 0, -2.3088, -2.5913, 0
 30125, 51.41, 28.38, 0, -2.3088, -2.5913, 0
 30150, 51.27, 28.67, 0, -3.8697, -3.8717, 0
 30175, 51.06, 29.13, 0, -6.5476, -4.312, 0
 30200, 51.06, 29.13, 0, -6.5476, -4.312, 0
 30225, 50.72, 29.59, 0, -9.8887, -4.046, 0
 30250, 50.28, 30.05, 0, -11.7837, -3.7697, 0
 30275, 50.28, 30.05, 0, -11.7837, -3.7697, 0
 30300, 49.77, 30.65, 0, -13.3368, -3.4003, 0
 30325, 49.23, 31.59, 0, -13.1815, -4.0039, 0
 30350, 48.74, 32.84, 0, -11.5624, -3.8714, 0
 30375, 48.31, 34.19, 0, -10.5708, -4.3717, 0
 30400, 48.31, 34.19, 0, -10.5708, -4.3717, 0
 30425, 47.92, 35.41, 0, -9.4149, -3.4831, 0
 30450, 47.92, 35.41, 0, -9.4149, -3.4831, 0
 30475, 47.54, 36.44, 0, -9.2773, -2.9099, 0
 30500, 47.17, 37.31, 0, -9.211, -2.4658, 0
 30525, 47.17, 37.31, 0, -9.211, -2.4658, 0
 30550, 46.79, 38.17, 0, -9.4951, -2.3498, 0
 30575, 46.42, 39.05, 0, -8.8425, -2.0033, 0
 30600, 46.11, 39.86, 0, -7.33, -1.1114, 0
 30625, 46.11, 39.86, 0, -7.33, -1.1114, 0
 30650, 45.88, 40.57, 0, -5.0877, 0.0854, 0
 30675, 45.76, 41.02, 0, -3.2878, 0.1149, 0
 30700, 45.69, 41.54, 0, -0.7323, 0.5127, 0
 30725, 45.69, 41.54, 0, -0.7323, 0.5127, 0
 30750, 45.69, 41.98, 0, 0.1165, 0.3062, 0
 30775, 45.67, 42.46, 0, -0.4884, 0.0976, 0
 30800, 45.67, 42.46, 0, -0.4884, 0.0976, 0
 30825, 45.63, 42.99, 0, -1.2973, -0.0546, 0
 30850, 45.56, 43.6, 0, -1.9806, -0.5073, 0
 30875, 45.56, 43.6, 0, -1.9806, -0.5073, 0
 30900, 45.51, 44.22, 0, -0.3783, 0.371, 0
 30925, 45.55, 44.72, 0, 1.2158, 1.2719, 0
 30950, 45.55, 44.72, 0, 1.2158, 1.2719, 0
 30975, 45.6, 45.1, 0, 1.513, 0.9366, 0
 31000, 45.65, 45.42, 0, 1.3358, 0.5555, 0
 31025, 45.65, 45.42, 0, 1.3358, 0.5555, 0
 31050, 45.69, 45.6, 0, 0.6485, 0.1616, 0
 31075, 45.7, 45.7, 0, 0.2668, 0.3612, 0
 31100, 45.7, 45.81, 0, -0.4796, -0.0053, 0
 31125, 45.7, 45.81, 0, -0.4796, -0.0053, 0
 31150, 45.69, 45.91, 0, 0.1686, 0.7232, 0
 31175, 45.72, 46.08, 0, 0.5204, -0.2099, 0
 31200, 45.72, 46.08, 0, 0.5204, -0.2099, 0
 31225, 45.74, 46.15, 0, 0.4198, 0.0814, 0
 31250, 45.74, 45.83, 0, -0.0327, 0.9789, 0
 31275, 45.74, 45.3, 0, 0.2771, 1.6577, 0
 31300, 45.74, 45.3, 0, 0.2771, 1.6577, 0
 31325, 45.77, 44.64, 0, 0.8351, 1.4596, 0
 31350, 45.79, 43.96, 0, 0.5062, 0.2059, 0
 31375, 45.79, 43.96, 0, 0.5062, 0.2059, 0
 31400, 45.81, 43.62, 0, 0.3553, 0.0917, 0
 31425, 45.83, 43.43, 0, 0.0904, -0.338, 0
 31450, 45.84, 43.49, 0, 0.124, -0.5282, 0
 31475, 45.84, 43.49, 0, 0.124, -0.5282, 0
 31500, 45.84, 43.6, 0, -0.2397, -0.7923, 0
 31525, 45.84, 43.6, 0, -0.2397, -0.7923, 0
 31550, 45.83, 43.7, 0, -0.6541, -1.2234, 0
 31575, 45.81, 43.64, 0, -0.2341, 0.164, 0
 31600, 45.81, 43.64, 0, -0.2341, 0.164, 0
 31625, 45.81, 43.58, 0, -0.0589, -0.0351, 0
 31650, 45.81, 43.62, 0, 0.3026, -0.1641, 0
 31675, 45.83, 43.68, 0, 0.4194, -0.8384, 0
 31700, 45.83, 43.68, 0, 0.4194, -0.8384, 0
 31725, 45.84, 43.72, 0, 0.3067, -0.3232, 0
 31750, 45.84, 43.93, 0, 0.0084, -1.2667, 0
 31775, 45.86, 44.49, 0, 0.7297, -0.9846, 0
 31800, 45.86, 44.49, 0, 0.7297, -0.9846, 0
 31825, 45.9, 45.49, 0, 1.0421, -1.2167, 0
 31850, 45.93, 46.45, 0, 0.8895, -1.5806, 0
 31875, 45.93, 46.45, 0, 0.8895, -1.5806, 0
 31900, 45.98, 47.24, 0, 0.9769, -1.6543, 0
 31925, 46.02, 47.93, 0, 1.0469, -2.0042, 0
