%#        Time[ms]        X[pixel],        Y[pixel],        Z[pixel],  dX/dt[pixel/s],  dY/dt[pixel/s],  dZ/dt[pixel/s]
 0, 50, 50, 0, 1.9528, 0.2112, 0
 25, 50.05, 50.09, 0, 0.7955, 0.2632, 0
 50, 50.05, 50.09, 0, 0.7955, 0.2632, 0
 75, 50.07, 50.2, 0, 0.0742, -0.5414, 0
 100, 50.07, 50.2, 0, 0.0712, -0.3775, 0
 125, 50.07, 50.2, 0, 0.0712, -0.3775, 0
 150, 50.07, 50.2, 0, 0.3035, 0.2624, 0
 175, 50.09, 50.24, 0, 0.1545, -0.6391, 0
 200, 50.09, 50.24, 0, 0.1545, -0.6391, 0
 225, 50.1, 50.28, 0, 0.3964, -0.8594, 0
 250, 50.1, 50.26, 0, -0.3334, -1.5359, 0
 275, 50.09, 50.18, 0, -0.5662, -0.8326, 0
 300, 50.09, 50.18, 0, -0.5662, -0.8326, 0
 325, 50.05, 50.09, 0, -0.8002, -1.3457, 0
 350, 50.03, 50.04, 0, -0.1306, -0.3495, 0
 375, 50.03, 50.04, 0, -0.1306, -0.3495, 0
 400, 50.03, 49.98, 0, -0.0051, -0.5981, 0
 425, 50.02, 49.94, 0, -0.3084, -0.9924, 0
 450, 50.02, 49.94, 0, -0.3084, -0.9924, 0
 475, 49.98, 49.91, 0, -1.4458, -0.9669, 0
 500, 49.84, 49.83, 0, -5.2414, -0.3548, 0
 525, 49.53, 49.74, 0, -9.5248, -1.6561, 0
 550, 49.53, 49.74, 0, -9.5248, -1.6561, 0
 575, 49.13, 49.65, 0, -10.5321, -4.765, 0
 600, 48.69, 49.45, 0, -10.5289, -6.6893, 0
 625, 48.69, 49.45, 0, -10.5289, -6.6893, 0
 650, 48.29, 49.19, 0, -9.5051, -5.6355, 0
 675, 47.94, 48.93, 0, -8.5271, -3.3277, 0
 700, 47.94, 48.93, 0, -8.5271, -3.3277, 0
 725, 47.52, 48.67, 0, -12.7299, -1.8298, 0
 750, 46.89, 48.4, 0, -17.3206, -0.6199, 0
 775, 46.12, 48.08, 0, -20.4393, -0.1977, 0
 800, 46.12, 48.08, 0, -20.4393, -0.1977, 0
 825, 45.25, 47.78, 0, -22.54, -2.1695, 0
 850, 44.57, 47.6, 0, -22.4993, -2.9165, 0
 875, 44.57, 47.6, 0, -22.4993, -2.9165, 0
 900, 43.69, 47.42, 0, -21.7235, -4.3009, 0
 925, 42.87, 47.24, 0, -20.0257, -3.3403, 0
 950, 42.87, 47.24, 0, -20.0257, -3.3403, 0
 975, 42.11, 47, 0, -17.9683, -2.926, 0
 1000, 41.44, 46.78, 0, -16.036, -2.1796, 0
 1025, 40.83, 46.65, 0, -14.7679, -3.7692, 0
 1050, 40.83, 46.65, 0, -14.7679, -3.7692, 0
 1075, 40.25, 46.66, 0, -14.0748, -5.2214, 0
 1100, 39.72, 46.76, 0, -12.8966, -3.4894, 0
 1125, 39.24, 46.78, 0, -10.8582, -1.9482, 0
 1150, 39.24, 46.78, 0, -10.8582, -1.9482, 0
 1175, 38.89, 46.77, 0, -7.8333, -1.5628, 0
 1200, 38.62, 46.8, 0, -6.3866, -1.9906, 0
 1225, 38.62, 46.8, 0, -6.3866, -1.9906, 0
 1250, 38.39, 46.81, 0, -5.5966, -1.7688, 0
 1275, 38.18, 46.84, 0, -5.438, -2.0063, 0
 1300, 38.18, 46.84, 0, -5.438, -2.0063, 0
 1325, 37.97, 46.97, 0, -4.7861, -2.2047, 0
 1350, 37.76, 47.09, 0, -5.5646, -1.9731, 0
 1375, 37.76, 47.09, 0, -5.5646, -1.9731, 0
 1400, 37.51, 47.1, 0, -6.7122, -2.7684, 0
 1425, 37.23, 47.06, 0, -6.9023, -1.5062, 0
 1450, 37.23, 47.06, 0, -6.9023, -1.5062, 0
 1475, 36.96, 47.1, 0, -6.6749, -0.6765, 0
 1500, 36.73, 47.13, 0, -5.6033, -0.9164, 0
 1525, 36.55, 47.09, 0, -3.6311, -0.8779, 0
 1550, 36.55, 47.09, 0, -3.6311, -0.8779, 0
 1575, 36.43, 47.01, 0, -2.5073, -0.7087, 0
 1600, 36.32, 46.93, 0, -2.6769, -0.8383, 0
 1625, 36.21, 46.87, 0, -2.9481, 0.2726, 0
 1650, 36.21, 46.87, 0, -2.9481, 0.2726, 0
 1675, 36.09, 46.92, 0, -3.3988, 0.4148, 0
 1700, 36.09, 46.92, 0, -3.3988, 0.4148, 0
 1725, 35.98, 46.98, 0, -2.986, 0.948, 0
 1750, 35.89, 46.97, 0, -2.7057, 0.0355, 0
 1775, 35.89, 46.97, 0, -2.7057, 0.0355, 0
 1800, 35.79, 46.93, 0, -2.7911, 0.2445, 0
 1825, 35.64, 46.83, 0, -3.5858, 0.6289, 0
 1850, 35.48, 46.73, 0, -4.5087, 0.7121, 0
 1875, 35.3, 46.58, 0, -4.5683, 0.6975, 0
 1900, 35.3, 46.58, 0, -4.5683, 0.6975, 0
 1925, 35.13, 46.36, 0, -4.4245, 0.9791, 0
 1950, 34.93, 46.15, 0, -4.9622, 0.1155, 0
 1975, 34.93, 46.15, 0, -4.9622, 0.1155, 0
 2000, 34.72, 45.95, 0, -5.733, 0.1038, 0
 2025, 34.47, 45.77, 0, -6.6527, -0.4255, 0
 2050, 34.47, 45.77, 0, -6.6527, -0.4255, 0
 2075, 34.2, 45.49, 0, -6.1449, -0.3606, 0
 2100, 33.98, 45.2, 0, -4.8222, 0.7227, 0
 2125, 33.86, 44.93, 0, -2.5576, 0.5414, 0
 2150, 33.86, 44.93, 0, -2.5576, 0.5414, 0
 2175, 33.8, 44.77, 0, -1.0863, -0.3112, 0
 2200, 33.73, 44.69, 0, -1.8967, -1.3004, 0
 2225, 33.73, 44.69, 0, -1.8967, -1.3004, 0
 2250, 33.64, 44.57, 0, -2.7151, -1.5657, 0
 2275, 33.52, 44.43, 0, -3.6845, -1.9834, 0
 2300, 33.52, 44.43, 0, -3.6845, -1.9834, 0
 2325, 33.39, 44.3, 0, -4.2652, -0.8885, 0
 2350, 33.18, 44.13, 0, -5.685, -0.6783, 0
 2375, 33.18, 44.13, 0, -5.685, -0.6783, 0
 2400, 32.87, 43.96, 0, -6.1424, -1.3515, 0
 2425, 32.66, 43.82, 0, -5.2251, -1.6459, 0
 2450, 32.46, 43.64, 0, -5.1222, -1.3041, 0
 2475, 32.46, 43.64, 0, -5.1222, -1.3041, 0
 2500, 32.26, 43.44, 0, -4.8555, -0.8266, 0
 2525, 32.13, 43.26, 0, -3.998, -0.7776, 0
 2550, 32.13, 43.26, 0, -3.998, -0.7776, 0
 2575, 31.99, 43, 0, -3.5228, -1.1413, 0
 2600, 31.83, 42.72, 0, -4.0414, -1.3133, 0
 2625, 31.66, 42.5, 0, -4.2441, -1.4759, 0
 2650, 31.66, 42.5, 0, -4.2441, -1.4759, 0
 2675, 31.5, 42.3, 0, -4.0845, -1.6269, 0
 2700, 31.32, 42.07, 0, -4.0869, -2.4812, 0
 2725, 31.32, 42.07, 0, -4.0869, -2.4812, 0
 2750, 31.2, 41.72, 0, -2.781, -0.1941, 0
 2775, 31.1, 41.32, 0, -2.276, 0.0977, 0
 2800, 31.03, 40.95, 0, -1.5362, -0.0752, 0
 2825, 31.03, 40.95, 0, -1.5362, -0.0752, 0
 2850, 30.96, 40.59, 0, -1.6693, -0.7461, 0
 2875, 30.96, 40.59, 0, -1.6693, -0.7461, 0
 2900, 30.89, 40.22, 0, -1.9688, -0.6938, 0
 2925, 30.8, 39.84, 0, -2.5985, -1.7557, 0
 2950, 30.71, 39.54, 0, -1.8852, -1.3338, 0
 2975, 30.71, 39.54, 0, -1.8852, -1.3338, 0
 3000, 30.67, 39.32, 0, -0.7179, -1.1453, 0
 3025, 30.63, 39.14, 0, -0.9434, -1.44, 0
 3050, 30.63, 39.14, 0, -0.9434, -1.44, 0
 3075, 30.6, 38.94, 0, -1.0892, -0.6724, 0
 3100, 30.53, 38.76, 0, -1.7429, -1.0013, 0
 3125, 30.53, 38.76, 0, -1.7429, -1.0013, 0
 3150, 30.45, 38.53, 0, -1.9361, -0.8427, 0
 3175, 30.4, 38.27, 0, -1.5777, -1.4407, 0
 3200, 30.33, 37.99, 0, -1.6927, -1.6946, 0
 3225, 30.33, 37.99, 0, -1.6927, -1.6946, 0
 3250, 30.27, 37.75, 0, -1.9636, -1.5645, 0
 3275, 30.27, 37.75, 0, -1.9636, -1.5645, 0
 3300, 30.16, 37.48, 0, -2.8725, -2.4626, 0
 3325, 30.05, 37.3, 0, -2.7093, -2.1014, 0
 3350, 29.95, 37.11, 0, -2.4894, -2.3054, 0
 3375, 29.95, 37.11, 0, -2.4894, -2.3054, 0
 3400, 29.87, 36.86, 0, -1.5919, -1.6051, 0
 3425, 29.85, 36.64, 0, 0.0567, 0.9785, 0
 3450, 29.87, 36.52, 0, 0.7894, 0.4643, 0
 3475, 29.87, 36.52, 0, 0.7894, 0.4643, 0
 3500, 29.93, 36.47, 0, 1.9246, 0.0676, 0
 3525, 29.93, 36.47, 0, 1.9246, 0.0676, 0
 3550, 30.02, 36.43, 0, 2.0221, -0.4931, 0
 3575, 30.07, 36.44, 0, 1.0599, -0.5034, 0
 3600, 30.11, 36.4, 0, 0.444, 0.4377, 0
 3625, 30.11, 36.4, 0, 0.444, 0.4377, 0
 3650, 30.11, 36.4, 0, -0.1065, 0.0148, 0
 3675, 30.11, 36.4, 0, 0.4077, 0.0208, 0
 3700, 30.11, 36.4, 0, 0.4077, 0.0208, 0
 3725, 30.15, 36.46, 0, 1.117, 0.0392, 0
 3750, 30.2, 36.5, 0, 1.8477, 0.7186, 0
 3775, 30.29, 36.53, 0, 2.3065, 1.4228, 0
 3800, 30.29, 36.53, 0, 2.3065, 1.4228, 0
 3825, 30.4, 36.52, 0, 3.0656, 2.0557, 0
 3850, 30.54, 36.49, 0, 3.556, 2.0668, 0
 3875, 30.54, 36.49, 0, 3.556, 2.0668, 0
 3900, 30.67, 36.48, 0, 2.6988, 1.51, 0
 3925, 30.71, 36.56, 0, -0.1653, 0.6568, 0
 3950, 30.69, 36.68, 0, -1.1733, 0.5058, 0
 3975, 30.69, 36.68, 0, -1.1733, 0.5058, 0
 4000, 30.63, 36.77, 0, -0.9519, -0.158, 0
 4025, 30.63, 36.75, 0, 1.1495, 1.7591, 0
 4050, 30.63, 36.75, 0, 1.1495, 1.7591, 0
 4075, 30.69, 36.74, 0, 1.8694, 2.619, 0
 4100, 30.78, 36.74, 0, 2.6782, 2.4601, 0
 4125, 30.89, 36.69, 0, 1.9701, 1.2575, 0
 4150, 30.89, 36.69, 0, 1.9701, 1.2575, 0
 4175, 30.91, 36.61, 0, 0.3873, 0.3849, 0
 4200, 30.92, 36.53, 0, 0.4254, 0.6982, 0
 4225, 30.92, 36.53, 0, 0.4254, 0.6982, 0
 4250, 30.96, 36.46, 0, 1.274, 1.7037, 0
 4275, 31.03, 36.44, 0, 1.7667, 1.8319, 0
 4300, 31.03, 36.44, 0, 1.7667, 1.8319, 0
 4325, 31.1, 36.51, 0, 1.7813, 1.0988, 0
 4350, 31.16, 36.61, 0, 0.8259, 0.6616, 0
 4375, 31.18, 36.69, 0, 0.8087, 1.3576, 0
 4400, 31.18, 36.69, 0, 0.8087, 1.3576, 0
 4425, 31.25, 36.74, 0, 2.1753, 2.5099, 0
 4450, 31.36, 36.78, 0, 3.4158, 2.6196, 0
 4475, 31.36, 36.78, 0, 3.4158, 2.6196, 0
 4500, 31.5, 36.77, 0, 3.6996, 2.3522, 0
 4525, 31.65, 36.74, 0, 3.29, 2.0468, 0
 4550, 31.65, 36.74, 0, 3.29, 2.0468, 0
 4575, 31.79, 36.77, 0, 3.7739, 1.6498, 0
 4600, 31.97, 36.82, 0, 5.3197, 2.3907, 0
 4625, 31.97, 36.82, 0, 5.3197, 2.3907, 0
 4650, 32.24, 36.92, 0, 6.986, 2.4067, 0
 4675, 32.57, 37, 0, 8.8466, 4.1467, 0
 4700, 32.57, 37, 0, 8.8466, 4.1467, 0
 4725, 32.92, 37.12, 0, 8.7108, 4.4214, 0
 4750, 33.14, 37.25, 0, 6.8971, 4.02, 0
 4775, 33.14, 37.25, 0, 6.8971, 4.02, 0
 4800, 33.37, 37.42, 0, 5.3097, 3.5893, 0
 4825, 33.61, 37.6, 0, 6.2264, 1.778, 0
 4850, 33.89, 37.75, 0, 7.5125, 1.8794, 0
 4875, 33.89, 37.75, 0, 7.5125, 1.8794, 0
 4900, 34.2, 37.89, 0, 8.1252, 2.4209, 0
 4925, 34.59, 38.1, 0, 10.3554, 4.3845, 0
 4950, 35.05, 38.35, 0, 11.9688, 4.8112, 0
 4975, 35.05, 38.35, 0, 11.9688, 4.8112, 0
 5000, 35.54, 38.59, 0, 11.6547, 4.9007, 0
 5025, 35.95, 38.82, 0, 8.8778, 4.1116, 0
 5050, 35.95, 38.82, 0, 8.8778, 4.1116, 0
 5075, 36.23, 39.05, 0, 6.162, 3.7728, 0
 5100, 36.44, 39.26, 0, 4.9286, 3.4469, 0
 5125, 36.44, 39.26, 0, 4.9286, 3.4469, 0
 5150, 36.67, 39.44, 0, 6.3523, 3.5765, 0
 5175, 37.01, 39.65, 0, 10.0731, 3.0202, 0
 5200, 37.51, 39.91, 0, 13.4263, 3.645, 0
 5225, 37.51, 39.91, 0, 13.4263, 3.645, 0
 5250, 38.06, 40.18, 0, 13.6698, 4.287, 0
 5275, 38.57, 40.47, 0, 12.1087, 3.8736, 0
 5300, 38.57, 40.47, 0, 12.1087, 3.8736, 0
 5325, 39, 40.72, 0, 10.0397, 3.3809, 0
 5350, 39.37, 40.87, 0, 8.2189, 4.0058, 0
 5375, 39.37, 40.87, 0, 8.2189, 4.0058, 0
 5400, 39.65, 40.97, 0, 6.6285, 3.7942, 0
 5425, 39.9, 40.98, 0, 6.055, 2.3762, 0
 5450, 39.9, 40.98, 0, 6.055, 2.3762, 0
 5475, 40.18, 40.91, 0, 7.5493, 2.263, 0
 5500, 40.53, 40.85, 0, 9.9069, 3.4016, 0
 5525, 40.53, 40.85, 0, 9.9069, 3.4016, 0
 5550, 40.97, 40.74, 0, 11.3353, 3.4535, 0
 5575, 41.44, 40.53, 0, 12.0887, 4.8154, 0
 5600, 41.78, 40.36, 0, 10.9003, 5.6201, 0
 5625, 41.78, 40.36, 0, 10.9003, 5.6201, 0
 5650, 42.15, 40.12, 0, 7.8984, 6.2544, 0
 5675, 42.39, 39.89, 0, 5.1123, 5.5852, 0
 5700, 42.57, 39.72, 0, 4.0527, 4.9208, 0
 5725, 42.57, 39.72, 0, 4.0527, 4.9208, 0
 5750, 42.73, 39.61, 0, 4.2497, 4.1629, 0
 5775, 42.94, 39.58, 0, 6.0881, 3.9429, 0
 5800, 42.94, 39.58, 0, 6.0881, 3.9429, 0
 5825, 43.25, 39.52, 0, 8.7089, 4.6182, 0
 5850, 43.64, 39.51, 0, 10.4066, 5.7033, 0
 5875, 43.64, 39.51, 0, 10.4066, 5.7033, 0
 5900, 44.08, 39.52, 0, 10.9201, 6.1537, 0
 5925, 44.51, 39.55, 0, 10.7894, 6.6599, 0
 5950, 44.51, 39.55, 0, 10.7894, 6.6599, 0
 5975, 44.9, 39.52, 0, 9.2722, 5.782, 0
 6000, 45.25, 39.41, 0, 8.2544, 5.4808, 0
 6025, 45.56, 39.33, 0, 7.9577, 4.2031, 0
 6050, 45.56, 39.33, 0, 7.9577, 4.2031, 0
 6075, 45.86, 39.32, 0, 7.2891, 3.194, 0
 6100, 46.16, 39.34, 0, 7.0988, 3.4938, 0
 6125, 46.16, 39.34, 0, 7.0988, 3.4938, 0
 6150, 46.42, 39.35, 0, 6.4693, 3.5516, 0
 6175, 46.72, 39.31, 0, 8.0852, 3.2377, 0
 6200, 46.72, 39.31, 0, 8.0852, 3.2377, 0
 6225, 47.1, 39.28, 0, 10.0872, 2.9554, 0
 6250, 47.54, 39.24, 0, 11.5003, 3.8284, 0
 6275, 48.01, 39.22, 0, 12.2433, 3.5224, 0
 6300, 48.01, 39.22, 0, 12.2433, 3.5224, 0
 6325, 48.52, 39.25, 0, 12.4747, 3.2186, 0
 6350, 48.87, 39.29, 0, 11.7205, 3.4432, 0
 6375, 48.87, 39.29, 0, 11.7205, 3.4432, 0
 6400, 49.32, 39.31, 0, 10.6697, 4.1893, 0
 6425, 49.76, 39.33, 0, 11.3204, 4.1111, 0
 6450, 50.24, 39.41, 0, 13.4756, 3.7766, 0
 6475, 50.24, 39.41, 0, 13.4756, 3.7766, 0
 6500, 50.86, 39.54, 0, 15.6854, 2.8607, 0
 6525, 51.48, 39.71, 0, 15.933, 2.4356, 0
 6550, 51.48, 39.71, 0, 15.933, 2.4356, 0
 6575, 52.09, 39.96, 0, 14.0786, 2.0601, 0
 6600, 52.62, 40.32, 0, 12.507, 1.6154, 0
 6625, 52.62, 40.32, 0, 12.507, 1.6154, 0
 6650, 53.07, 40.76, 0, 11.1115, 0.4939, 0
 6675, 53.51, 41.3, 0, 10.772, 0.5802, 0
 6700, 53.93, 41.81, 0, 10.0795, 2.5621, 0
 6725, 53.93, 41.81, 0, 10.0795, 2.5621, 0
 6750, 54.28, 42.17, 0, 7.668, 4.0004, 0
 6775, 54.54, 42.49, 0, 5.9075, 4.3033, 0
 6800, 54.54, 42.49, 0, 5.9075, 4.3033, 0
 6825, 54.75, 42.74, 0, 5.2303, 3.284, 0
 6850, 54.96, 42.92, 0, 5.2377, 2.7151, 0
 6875, 54.96, 42.92, 0, 5.2377, 2.7151, 0
 6900, 55.17, 43.07, 0, 5.1887, 3.5789, 0
 6925, 55.4, 43.18, 0, 6.0442, 4.1092, 0
 6950, 55.4, 43.18, 0, 6.0442, 4.1092, 0
 6975, 55.66, 43.27, 0, 7.1291, 3.0792, 0
 7000, 55.66, 43.27, 0, 7.1291, 3.0792, 0
 7025, 56.31, 43.57, 0, 9.9825, 4.342, 0
 7050, 56.31, 43.57, 0, 9.9825, 4.342, 0
 7075, 56.66, 43.67, 0, 13.3423, 5.8548, 0
 7100, 57.41, 43.81, 0, 22.6439, 3.6216, 0
 7125, 57.41, 43.81, 0, 22.6439, 3.6216, 0
 7150, 58.49, 43.99, 0, 28.3137, 1.4624, 0
 7175, 59.66, 44.19, 0, 29.9683, 1.5545, 0
 7200, 59.66, 44.19, 0, 29.9683, 1.5545, 0
 7225, 60.88, 44.34, 0, 30.3412, 1.6435, 0
 7250, 62.03, 44.48, 0, 27.3703, 0.3417, 0
 7275, 62.03, 44.48, 0, 27.3703, 0.3417, 0
 7300, 63.01, 44.71, 0, 22.1389, -0.0913, 0
 7325, 63.79, 45, 0, 18.0771, -0.1692, 0
 7350, 63.79, 45, 0, 18.0771, -0.1692, 0
 7375, 64.41, 45.25, 0, 14.0773, 0.2794, 0
 7400, 64.86, 45.46, 0, 9.26, 1.2753, 0
 7425, 65.12, 45.69, 0, 5.4816, 1.4979, 0
 7450, 65.12, 45.69, 0, 5.4816, 1.4979, 0
 7475, 65.28, 45.99, 0, 3.3355, 1.1394, 0
 7500, 65.41, 46.32, 0, 2.7304, -0.1509, 0
 7525, 65.5, 46.68, 0, 2.6425, -0.9744, 0
 7550, 65.5, 46.68, 0, 2.6425, -0.9744, 0
 7575, 65.68, 47.12, 0, 5.2116, -1.6881, 0
 7600, 65.91, 47.69, 0, 6.5088, -2.82, 0
 7625, 65.91, 47.69, 0, 6.5088, -2.82, 0
 7650, 66.18, 48.4, 0, 6.3748, -2.3198, 0
 7675, 66.41, 49.25, 0, 5.8199, -0.8774, 0
 7700, 66.41, 49.25, 0, 5.8199, -0.8774, 0
 7725, 66.66, 50.19, 0, 7.154, 0.1409, 0
 7750, 66.99, 51.08, 0, 8.3198, -0.2237, 0
 7775, 66.99, 51.08, 0, 8.3198, -0.2237, 0
 7800, 67.34, 51.88, 0, 8.8511, -0.2214, 0
 7825, 67.67, 52.59, 0, 7.8135, -0.5607, 0
 7850, 67.87, 53.12, 0, 5.7556, -1.0542, 0
 7875, 67.87, 53.12, 0, 5.7556, -1.0542, 0
 7900, 68.1, 53.76, 0, 6.0642, 0.4779, 0
 7925, 68.32, 54.28, 0, 4.9903, -0.1024, 0
 7950, 68.32, 54.28, 0, 4.9903, -0.1024, 0
 7975, 68.5, 54.81, 0, 4.792, -0.3943, 0
 8000, 68.7, 55.35, 0, 4.7653, -0.8693, 0
 8025, 68.91, 55.78, 0, 6.3527, -1.2192, 0
 8050, 68.91, 55.78, 0, 6.3527, -1.2192, 0
 8075, 69.2, 56.03, 0, 7.8112, -0.2859, 0
 8100, 69.56, 56.27, 0, 9.5384, 0.504, 0
 8125, 69.56, 56.27, 0, 9.5384, 0.504, 0
 8150, 69.98, 56.53, 0, 11.0603, -0.4404, 0
 8175, 70.49, 56.81, 0, 13.7869, -1.4643, 0
 8200, 70.49, 56.81, 0, 13.7869, -1.4643, 0
 8225, 71.09, 56.94, 0, 16.1225, -1.4635, 0
 8250, 71.79, 56.91, 0, 17.837, -0.5971, 0
 8275, 72.48, 56.76, 0, 17.1916, 1.4827, 0
 8300, 72.48, 56.76, 0, 17.1916, 1.4827, 0
 8325, 73.22, 56.57, 0, 19.1763, 3.9869, 0
 8350, 74.14, 56.35, 0, 25.8802, 5.8731, 0
 8375, 74.14, 56.35, 0, 25.8802, 5.8731, 0
 8400, 75.6, 56.13, 0, 44.5433, 4.9975, 0
 8425, 77.69, 55.87, 0, 56.0294, -2.2325, 0
 8450, 77.69, 55.87, 0, 56.0294, -2.2325, 0
 8475, 79.89, 55.57, 0, 53.0942, -4.6459, 0
 8500, 81.8, 55.27, 0, 43.8886, -2.3765, 0
 8525, 83.25, 55, 0, 31.4187, -1.1441, 0
 8550, 83.25, 55, 0, 31.4187, -1.1441, 0
 8575, 84.14, 54.77, 0, 16.754, -3.2804, 0
 8600, 84.67, 54.62, 0, 12.8023, -2.544, 0
 8625, 84.67, 54.62, 0, 12.8023, -2.544, 0
 8650, 85.08, 54.58, 0, 8.5205, -6.0541, 0
 8675, 85.37, 54.62, 0, 7.3731, -5.0823, 0
 8700, 85.37, 54.62, 0, 7.3731, -5.0823, 0
 8725, 85.69, 54.72, 0, 13.5053, -3.8803, 0
 8750, 86.4, 54.89, 0, 20.2688, -5.2877, 0
 8775, 87.35, 55.19, 0, 24.8296, -7.8893, 0
 8800, 87.35, 55.19, 0, 24.8296, -7.8893, 0
 8825, 88.23, 55.7, 0, 19.1837, -10.233, 0
 8850, 88.89, 56.35, 0, 14.7515, -5.7085, 0
 8875, 88.89, 56.35, 0, 14.7515, -5.7085, 0
 8900, 89.39, 56.98, 0, 11.4993, -4.6491, 0
 8925, 89.39, 56.98, 0, 11.4993, -4.6491, 0
 8950, 90.44, 58.34, 0, 18.9515, -4.5733, 0
 8975, 90.44, 58.34, 0, 18.9515, -4.5733, 0
 9000, 91.3, 58.87, 0, 22.3763, -4.9517, 0
 9025, 92.24, 59.34, 0, 24.4096, -3.5705, 0
 9050, 92.24, 59.34, 0, 24.4096, -3.5705, 0
 9075, 93.17, 59.82, 0, 20.941, -3.8878, 0
 9100, 93.86, 60.37, 0, 14.6836, -4.1672, 0
 9125, 93.86, 60.37, 0, 14.6836, -4.1672, 0
 9150, 94.29, 61, 0, 8.9247, -2.6317, 0
 9175, 94.59, 61.61, 0, 6.7338, -1.1339, 0
 9200, 94.59, 61.61, 0, 6.7338, -1.1339, 0
 9225, 94.84, 62.18, 0, 5.7453, -1.8057, 0
 9250, 95.15, 62.76, 0, 9.7004, -2.4169, 0
 9275, 95.55, 63.37, 0, 9.6849, -4.4715, 0
 9300, 95.55, 63.37, 0, 9.6849, -4.4715, 0
 9325, 95.93, 64.05, 0, 9.8907, -4.4946, 0
 9350, 96.35, 64.81, 0, 10.8471, -4.4189, 0
 9375, 96.35, 64.81, 0, 10.8471, -4.4189, 0
 9400, 96.69, 65.55, 0, 5.4965, -4.9632, 0
 9425, 96.76, 66.21, 0, 1.2725, -0.1045, 0
 9450, 96.76, 66.21, 0, 1.2725, -0.1045, 0
 9475, 96.86, 66.75, 0, 2.6048, -1.7139, 0
 9500, 96.91, 67.12, 0, 0.2246, -4.3424, 0
 9525, 96.91, 67.12, 0, 0.2246, -4.3424, 0
 9550, 96.84, 67.54, 0, -3.2455, -3.6207, 0
 9575, 96.61, 67.68, 0, -6.8037, -2.7267, 0
 9600, 96.25, 67.63, 0, -11.3721, -2.5537, 0
 9625, 96.25, 67.63, 0, -11.3721, -2.5537, 0
 9650, 95.72, 67.41, 0, -13.3932, -1.1618, 0
 9675, 95.24, 67.06, 0, -10.7394, 1.0296, 0
 9700, 95.24, 67.06, 0, -10.7394, 1.0296, 0
 9725, 94.86, 66.57, 0, -9.3021, 0.9515, 0
 9750, 94.46, 66.13, 0, -10.1024, -0.1815, 0
 9775, 94.13, 65.89, 0, -6.3856, -0.7453, 0
 9800, 94.13, 65.89, 0, -6.3856, -0.7453, 0
 9825, 93.98, 65.8, 0, -2.0198, -2.0092, 0
 9850, 93.92, 65.76, 0, -1.3639, -1.3598, 0
 9875, 93.92, 65.76, 0, -1.3639, -1.3598, 0
 9900, 93.86, 65.71, 0, -1.8594, 0.5938, 0
 9925, 93.81, 65.67, 0, -0.466, 0.2324, 0
 9950, 93.79, 65.65, 0, -0.171, -0.7577, 0
 9975, 93.79, 65.65, 0, -0.171, -0.7577, 0
 10000, 93.75, 65.67, 0, -1.503, -0.8377, 0
 10025, 93.69, 65.71, 0, -1.7981, -0.1629, 0
 10050, 93.69, 65.71, 0, -1.7981, -0.1629, 0
 10075, 93.63, 65.75, 0, -1.4474, -1.1187, 0
 10100, 93.63, 65.75, 0, -1.4474, -1.1187, 0
 10125, 93.54, 65.77, 0, -2.168, 0.4305, 0
 10150, 93.42, 65.85, 0, -4.57, 0.4078, 0
 10175, 93.13, 66.09, 0, -7.7895, -1.1366, 0
 10200, 93.13, 66.09, 0, -7.7895, -1.1366, 0
 10225, 92.8, 66.38, 0, -9.026, -2.2308, 0
 10250, 92.51, 66.58, 0, -9.8181, -3.0697, 0
 10275, 92.1, 66.84, 0, -10.9334, -3.4694, 0
 10300, 92.1, 66.84, 0, -10.9334, -3.4694, 0
 10325, 91.63, 67.21, 0, -12.0704, -5.0662, 0
 10350, 91.05, 67.65, 0, -15.2505, -6.649, 0
 10375, 91.05, 67.65, 0, -15.2505, -6.649, 0
 10400, 90.42, 68.19, 0, -15.798, -5.7314, 0
 10425, 89.86, 68.67, 0, -13.1172, -3.803, 0
 10450, 89.86, 68.67, 0, -13.1172, -3.803, 0
 10475, 89.37, 69, 0, -11.2207, -4.5856, 0
 10500, 88.99, 69.25, 0, -8.8363, -4.4105, 0
 10525, 88.99, 69.25, 0, -8.8363, -4.4105, 0
 10550, 88.65, 69.44, 0, -8.4595, -3.1762, 0
 10575, 88.25, 69.61, 0, -11.0689, -1.9626, 0
 10600, 87.79, 69.79, 0, -10.7208, -2.7024, 0
 10625, 87.79, 69.79, 0, -10.7208, -2.7024, 0
 10650, 87.47, 70, 0, -6.5023, -5.1889, 0
 10675, 87.19, 70.18, 0, -7.8126, -6.8413, 0
 10700, 86.85, 70.41, 0, -8.5582, -6.692, 0
 10725, 86.85, 70.41, 0, -8.5582, -6.692, 0
 10750, 86.54, 70.64, 0, -7.791, -6.0433, 0
 10775, 86.22, 70.81, 0, -8.015, -4.8289, 0
 10800, 86.22, 70.81, 0, -8.015, -4.8289, 0
 10825, 85.92, 70.81, 0, -6.2514, -2.2529, 0
 10850, 85.92, 70.81, 0, -6.2514, -2.2529, 0
 10875, 85.71, 70.73, 0, -5.3923, -1.3017, 0
 10900, 85.43, 70.63, 0, -8.1866, -0.7669, 0
 10925, 85.08, 70.44, 0, -8.6075, 0.8031, 0
 10950, 85.08, 70.44, 0, -8.6075, 0.8031, 0
 10975, 84.8, 70.22, 0, -9.6389, 1.5105, 0
 11000, 84.41, 69.86, 0, -9.7142, 2.5845, 0
 11025, 84.41, 69.86, 0, -9.7142, 2.5845, 0
 11050, 84, 69.51, 0, -10.8689, 1.8053, 0
 11075, 83.5, 69.26, 0, -14.0644, 2.363, 0
 11100, 82.76, 69.08, 0, -20.3075, 3.8188, 0
 11125, 82.76, 69.08, 0, -20.3075, 3.8188, 0
 11150, 81.97, 68.96, 0, -18.2613, 2.0981, 0
 11175, 81.34, 68.88, 0, -14.8484, -1.1005, 0
 11200, 81.34, 68.88, 0, -14.8484, -1.1005, 0
 11225, 80.8, 68.76, 0, -11.8513, -1.2918, 0
 11250, 80.42, 68.67, 0, -8.6226, -0.5579, 0
 11275, 80.42, 68.67, 0, -8.6226, -0.5579, 0
 11300, 80.1, 68.62, 0, -7.395, -0.605, 0
 11325, 79.85, 68.62, 0, -5.463, -0.7635, 0
 11350, 79.7, 68.64, 0, -2.8789, -2.5151, 0
 11375, 79.7, 68.64, 0, -2.8789, -2.5151, 0
 11400, 79.56, 68.73, 0, -4.3141, -3.7373, 0
 11425, 79.56, 68.73, 0, -4.3141, -3.7373, 0
 11450, 79.26, 68.95, 0, -9.2334, -3.2, 0
 11475, 78.9, 69.27, 0, -8.3922, -2.718, 0
 11500, 78.6, 69.49, 0, -7.7615, -2.8884, 0
 11525, 78.6, 69.49, 0, -7.7615, -2.8884, 0
 11550, 78.3, 69.71, 0, -7.2809, -2.7626, 0
 11575, 78.05, 70, 0, -5.1664, -3.2609, 0
 11600, 77.86, 70.26, 0, -4.6968, -2.5527, 0
 11625, 77.86, 70.26, 0, -4.6968, -2.5527, 0
 11650, 77.69, 70.4, 0, -3.345, -1.7572, 0
 11675, 77.62, 70.48, 0, -1.4808, -1.9695, 0
 11700, 77.62, 70.48, 0, -1.4808, -1.9695, 0
 11725, 77.53, 70.51, 0, -3.4219, -0.6657, 0
 11750, 77.36, 70.53, 0, -4.289, 0.4122, 0
 11775, 77.36, 70.53, 0, -4.289, 0.4122, 0
 11800, 77.11, 70.52, 0, -7.5644, -0.1519, 0
 11825, 76.81, 70.5, 0, -11.3057, -0.0282, 0
 11850, 76.25, 70.45, 0, -14.7093, 0.5408, 0
 11875, 76.25, 70.45, 0, -14.7093, 0.5408, 0
 11900, 75.66, 70.4, 0, -14.7482, 0.391, 0
 11925, 75.1, 70.42, 0, -12.9549, 1.1926, 0
 11950, 75.1, 70.42, 0, -12.9549, 1.1926, 0
 11975, 74.67, 70.46, 0, -9.1346, 0.2976, 0
 12000, 74.38, 70.42, 0, -6.6961, 0.5164, 0
 12025, 74.16, 70.42, 0, -5.2945, -0.4282, 0
 12050, 74.16, 70.42, 0, -5.2945, -0.4282, 0
 12075, 73.93, 70.46, 0, -5.766, -0.7568, 0
 12100, 73.71, 70.52, 0, -5.6803, -1.1744, 0
 12125, 73.71, 70.52, 0, -5.6803, -1.1744, 0
 12150, 73.44, 70.55, 0, -7.8039, -1.3001, 0
 12175, 73.05, 70.52, 0, -10.5411, 1.3552, 0
 12200, 73.05, 70.52, 0, -10.5411, 1.3552, 0
 12225, 72.65, 70.45, 0, -9.3283, 1.0781, 0
 12250, 72.32, 70.42, 0, -7.4679, -0.7431, 0
 12275, 72.32, 70.42, 0, -7.4679, -0.7431, 0
 12300, 72, 70.38, 0, -8.7615, -0.7985, 0
 12325, 71.6, 70.35, 0, -10.6945, -0.2849, 0
 12350, 71.13, 70.26, 0, -12.4329, -0.3612, 0
 12375, 71.13, 70.26, 0, -12.4329, -0.3612, 0
 12400, 70.67, 70.23, 0, -10.6574, -0.9483, 0
 12425, 70.31, 70.18, 0, -8.3666, -1.3003, 0
 12450, 70.31, 70.18, 0, -8.3666, -1.3003, 0
 12475, 69.98, 70.11, 0, -8.0158, -0.6328, 0
 12500, 69.67, 70.07, 0, -6.9778, -0.554, 0
 12525, 69.67, 70.07, 0, -6.9778, -0.554, 0
 12550, 69.51, 70.04, 0, -5.4425, -0.873, 0
 12575, 69.29, 69.95, 0, -5.4953, -0.2758, 0
 12600, 69, 69.85, 0, -8.5123, 1.5877, 0
 12625, 69, 69.85, 0, -8.5123, 1.5877, 0
 12650, 68.64, 69.72, 0, -8.5161, 0.6591, 0
 12675, 68.34, 69.58, 0, -7.9874, -0.7577, 0
 12700, 68.34, 69.58, 0, -7.9874, -0.7577, 0
 12725, 68.01, 69.48, 0, -7.7129, -1.1068, 0
 12750, 67.74, 69.41, 0, -6.3025, -1.8543, 0
 12775, 67.49, 69.36, 0, -6.1311, -1.7426, 0
 12800, 67.49, 69.36, 0, -6.1311, -1.7426, 0
 12825, 67.24, 69.27, 0, -6.0964, -0.7338, 0
 12850, 67.24, 69.27, 0, -6.0964, -0.7338, 0
 12875, 67.24, 69.27, 0, -6.0964, -0.7338, 0
 12900, 66.93, 68.7, 0, -4.6997, 0.0456, 0
 12925, 66.68, 68.35, 0, -6.8745, -1.5529, 0
 12950, 66.68, 68.35, 0, -6.8745, -1.5529, 0
 12975, 66.41, 68, 0, -6.1393, -1.0496, 0
 13000, 66.2, 67.63, 0, -5.5358, -1.7196, 0
 13025, 66.2, 67.63, 0, -5.5358, -1.7196, 0
 13050, 65.98, 67.29, 0, -5.2681, -1.6342, 0
 13075, 65.8, 66.98, 0, -3.783, -0.7098, 0
 13100, 65.68, 66.71, 0, -2.957, -1.5366, 0
 13125, 65.68, 66.71, 0, -2.957, -1.5366, 0
 13150, 65.52, 66.54, 0, -5.3801, -1.5343, 0
 13175, 65.18, 66.45, 0, -9.4703, 0.212, 0
 13200, 65.18, 66.45, 0, -9.4703, 0.212, 0
 13225, 64.82, 66.38, 0, -8.2282, 0.0264, 0
 13250, 64.59, 66.33, 0, -4.8401, -1.3208, 0
 13275, 64.41, 66.28, 0, -3.8778, -2.0044, 0
 13300, 64.41, 66.28, 0, -3.8778, -2.0044, 0
 13325, 64.25, 66.18, 0, -4.2831, -0.7131, 0
 13350, 64.25, 66.18, 0, -4.2831, -0.7131, 0
 13375, 64.04, 66.07, 0, -6.4871, -1.0829, 0
 13400, 63.79, 66.04, 0, -9.1897, -1.1885, 0
 13425, 63.33, 66.01, 0, -11.9942, 0.0891, 0
 13450, 63.33, 66.01, 0, -11.9942, 0.0891, 0
 13475, 62.88, 65.96, 0, -9.928, -0.8644, 0
 13500, 62.56, 65.84, 0, -7.5749, -1.1473, 0
 13525, 62.56, 65.84, 0, -7.5749, -1.1473, 0
 13550, 62.3, 65.75, 0, -5.8833, -0.3097, 0
 13575, 62.14, 65.7, 0, -2.8108, -0.3277, 0
 13600, 62.14, 65.7, 0, -2.8108, -0.3277, 0
 13625, 62.07, 65.66, 0, -0.9746, -1.1181, 0
 13650, 62.01, 65.61, 0, -1.8796, -0.3369, 0
 13675, 61.91, 65.52, 0, -3.1467, 0.1484, 0
 13700, 61.91, 65.52, 0, -3.1467, 0.1484, 0
 13725, 61.76, 65.4, 0, -4.1273, 0.3255, 0
 13750, 61.61, 65.26, 0, -3.6511, 0.1349, 0
 13775, 61.61, 65.26, 0, -3.6511, 0.1349, 0
 13800, 61.48, 65.09, 0, -3.157, -0.5168, 0
 13825, 61.34, 64.91, 0, -3.2633, -0.4485, 0
 13850, 61.34, 64.91, 0, -3.2633, -0.4485, 0
 13875, 61.2, 64.7, 0, -3.9013, 0.7948, 0
 13900, 61.08, 64.45, 0, -2.4204, 1.7277, 0
 13925, 61.08, 64.45, 0, -2.4204, 1.7277, 0
 13950, 61.02, 64.15, 0, -0.5971, 0.923, 0
 13975, 60.99, 63.8, 0, -1.1059, 0.4669, 0
 14000, 60.93, 63.41, 0, -2.1553, 0.1758, 0
 14025, 60.93, 63.41, 0, -2.1553, 0.1758, 0
 14050, 60.81, 63.08, 0, -3.208, -0.5675, 0
 14075, 60.81, 63.08, 0, -3.208, -0.5675, 0
 14100, 60.67, 62.79, 0, -3.6543, -0.9814, 0
 14125, 60.49, 62.51, 0, -4.9301, -1.3791, 0
 14150, 60.33, 62.28, 0, -5.6539, -0.5009, 0
 14175, 60.33, 62.28, 0, -5.6539, -0.5009, 0
 14200, 60.1, 61.98, 0, -6.0994, 0.0527, 0
 14225, 59.89, 61.72, 0, -4.7085, -0.7166, 0
 14250, 59.72, 61.49, 0, -4.1695, -1.422, 0
 14275, 59.72, 61.49, 0, -4.1695, -1.422, 0
 14300, 59.54, 61.24, 0, -4.8354, -1.4176, 0
 14325, 59.54, 61.24, 0, -4.8354, -1.4176, 0
 14350, 59.29, 60.96, 0, -6.586, -0.9784, 0
 14375, 59, 60.68, 0, -8.085, -1.1214, 0
 14400, 58.68, 60.4, 0, -7.9242, -0.8961, 0
 14425, 58.68, 60.4, 0, -7.9242, -0.8961, 0
 14450, 58.36, 60.12, 0, -7.4943, -1.9579, 0
 14475, 58.06, 59.84, 0, -7.2352, -3.0688, 0
 14500, 57.78, 59.59, 0, -7.3988, -3, 0
 14525, 57.78, 59.59, 0, -7.3988, -3, 0
 14550, 57.48, 59.42, 0, -7.0897, -2.2399, 0
 14575, 57.29, 59.27, 0, -4.1721, -2.0597, 0
 14600, 57.29, 59.27, 0, -4.1721, -2.0597, 0
 14625, 57.15, 59.13, 0, -3.0001, -2.4133, 0
 14650, 57.01, 59.01, 0, -3.9775, -2.1038, 0
 14675, 57.01, 59.01, 0, -3.9775, -2.1038, 0
 14700, 56.82, 58.91, 0, -4.9961, -2.0128, 0
 14725, 56.62, 58.8, 0, -4.7017, -1.4334, 0
 14750, 56.45, 58.66, 0, -4.0557, -0.8881, 0
 14775, 56.45, 58.66, 0, -4.0557, -0.8881, 0
 14800, 56.33, 58.39, 0, -2.5589, 0.331, 0
 14825, 56.26, 58.12, 0, -0.977, 0.6642, 0
 14850, 56.26, 58.12, 0, -0.977, 0.6642, 0
 14875, 56.24, 57.86, 0, -0.2895, 0.0245, 0
 14900, 56.24, 57.86, 0, -0.2895, 0.0245, 0
 14925, 56.24, 57.68, 0, -0.5565, -0.0817, 0
 14950, 56.19, 57.37, 0, -1.3745, -0.0554, 0
 14975, 56.12, 57.07, 0, -2.0325, 0.483, 0
 15000, 56.12, 57.07, 0, -2.0325, 0.483, 0
 15025, 56.03, 56.75, 0, -2.5963, 0.3233, 0
 15050, 55.87, 56.43, 0, -4.2731, 0.8771, 0
 15075, 55.68, 56.11, 0, -4.6591, 0.6544, 0
 15100, 55.68, 56.11, 0, -4.6591, 0.6544, 0
 15125, 55.52, 55.78, 0, -3.4234, 0.2416, 0
 15150, 55.42, 55.42, 0, -2.6318, 0.0538, 0
 15175, 55.42, 55.42, 0, -2.6318, 0.0538, 0
 15200, 55.29, 55.01, 0, -3.0097, 0.3128, 0
 15225, 55.15, 54.58, 0, -3.9178, 0.7311, 0
 15250, 55.15, 54.58, 0, -3.9178, 0.7311, 0
 15275, 54.98, 54.13, 0, -5.0875, 0.8952, 0
 15300, 54.73, 53.68, 0, -6.4935, 0.5392, 0
 15325, 54.45, 53.25, 0, -7.4088, -0.1331, 0
 15350, 54.45, 53.25, 0, -7.4088, -0.1331, 0
 15375, 54.17, 52.85, 0, -6.7907, -0.8109, 0
 15400, 53.93, 52.47, 0, -5.6615, -2.2987, 0
 15425, 53.93, 52.47, 0, -5.6615, -2.2987, 0
 15450, 53.75, 52.11, 0, -3.8537, -1.555, 0
 15475, 53.63, 51.72, 0, -2.5835, -0.8988, 0
 15500, 53.63, 51.72, 0, -2.5835, -0.8988, 0
 15525, 53.54, 51.38, 0, -2.0278, -1.6717, 0
 15550, 53.46, 51.09, 0, -3.0297, -1.1995, 0
 15575, 53.46, 51.09, 0, -3.0297, -1.1995, 0
 15600, 53.28, 50.74, 0, -4.4273, -0.6495, 0
 15625, 53.13, 50.41, 0, -3.8197, -1.118, 0
 15650, 53.13, 50.41, 0, -3.8197, -1.118, 0
 15675, 53, 50.08, 0, -2.67, -0.6323, 0
 15700, 52.92, 49.81, 0, -1.7208, -0.9657, 0
 15725, 52.88, 49.66, 0, -0.8654, -1.2606, 0
 15750, 52.88, 49.66, 0, -0.8654, -1.2606, 0
 15775, 52.86, 49.55, 0, -0.7761, -0.9212, 0
 15800, 52.79, 49.37, 0, -1.8403, -0.4104, 0
 15825, 52.72, 49.13, 0, -1.6951, 0.2343, 0
 15850, 52.72, 49.13, 0, -1.6951, 0.2343, 0
 15875, 52.69, 48.83, 0, -0.7081, 0.3088, 0
 15900, 52.69, 48.54, 0, 0.6178, 0.7416, 0
 15925, 52.69, 48.54, 0, 0.6178, 0.7416, 0
 15950, 52.72, 48.28, 0, 0.9517, 0.8811, 0
 15975, 52.76, 48.02, 0, 1.077, 0.7816, 0
 16000, 52.76, 48.02, 0, 1.077, 0.7816, 0
 16025, 52.83, 47.79, 0, 1.7287, 1.1735, 0
 16050, 52.9, 47.53, 0, 1.7435, 1.3418, 0
 16075, 52.9, 47.53, 0, 1.7435, 1.3418, 0
 16100, 52.97, 47.29, 0, 1.9907, 2.8452, 0
 16125, 53.06, 47.09, 0, 2.0134, 2.9146, 0
 16150, 53.06, 47.09, 0, 2.0134, 2.9146, 0
 16175, 53.14, 46.92, 0, 2.042, 2.0856, 0
 16200, 53.2, 46.73, 0, 0.5161, 0.8615, 0
 16225, 53.16, 46.49, 0, -1.3271, 1.2234, 0
 16250, 53.16, 46.49, 0, -1.3271, 1.2234, 0
 16275, 53.07, 46.23, 0, -2.7241, 0.6639, 0
 16300, 52.95, 45.98, 0, -3.1904, 1.1, 0
 16325, 52.95, 45.98, 0, -3.1904, 1.1, 0
 16350, 52.79, 45.7, 0, -4.6857, 1.737, 0
 16375, 52.57, 45.37, 0, -6.0192, 1.7903, 0
 16400, 52.39, 45.11, 0, -5.4232, 1.9246, 0
 16425, 52.39, 45.11, 0, -5.4232, 1.9246, 0
 16450, 52.23, 44.75, 0, -2.916, 1.7811, 0
 16475, 52.16, 44.41, 0, -1.2625, 0.7628, 0
 16500, 52.13, 44.03, 0, -0.4631, 0.7053, 0
 16525, 52.13, 44.03, 0, -0.4631, 0.7053, 0
 16550, 52.15, 43.62, 0, 0.9034, 1.3096, 0
 16575, 52.2, 43.22, 0, 1.04, 0.8451, 0
 16600, 52.2, 43.22, 0, 1.04, 0.8451, 0
 16625, 52.22, 42.88, 0, 0.2246, 0.5855, 0
 16650, 52.22, 42.61, 0, 0.0932, 0.6702, 0
 16675, 52.22, 42.61, 0, 0.0932, 0.6702, 0
 16700, 52.22, 42.44, 0, -0.0227, 0.0126, 0
 16725, 52.23, 42.21, 0, 0.4544, 1.0227, 0
 16750, 52.25, 41.94, 0, 0.5511, 1.7315, 0
 16775, 52.25, 41.94, 0, 0.5511, 1.7315, 0
 16800, 52.27, 41.63, 0, 0.1867, 1.5094, 0
 16825, 52.25, 41.31, 0, -0.4669, 0.6453, 0
 16850, 52.25, 41.31, 0, -0.4669, 0.6453, 0
 16875, 52.22, 40.96, 0, -1.7148, -0.4988, 0
 16900, 52.22, 40.96, 0, -1.7148, -0.4988, 0
 16925, 52.13, 40.62, 0, -1.8071, 0.3459, 0
 16950, 52.09, 40.23, 0, -0.6487, 0.5386, 0
 16975, 52.11, 39.9, 0, 1.1507, 1.0294, 0
 17000, 52.15, 39.67, 0, 0.8596, 0.004, 0
 17025, 52.15, 39.67, 0, 0.8596, 0.004, 0
 17050, 52.16, 39.51, 0, -0.3415, -0.0078, 0
 17075, 52.11, 39.38, 0, -1.1257, 0.4963, 0
 17100, 52.11, 39.38, 0, -1.1257, 0.4963, 0
 17125, 52.09, 39.17, 0, -0.4126, 1.1649, 0
 17150, 52.09, 39.17, 0, -0.4126, 1.1649, 0
 17175, 52.09, 38.85, 0, 0.5605, 1.0453, 0
 17200, 52.13, 38.46, 0, 0.839, 0.9236, 0
 17225, 52.16, 38.03, 0, 0.6625, 1.7692, 0
 17250, 52.16, 38.03, 0, 0.6625, 1.7692, 0
 17275, 52.16, 37.66, 0, 0.1551, 2.055, 0
 17300, 52.18, 37.15, 0, 0.2139, 1.9275, 0
 17325, 52.18, 37.15, 0, 0.2139, 1.9275, 0
 17350, 52.22, 36.66, 0, 1.9493, 2.4967, 0
 17375, 52.3, 36.24, 0, 1.5056, 0.7678, 0
 17400, 52.32, 35.82, 0, 0.0059, 0.0837, 0
 17425, 52.32, 35.82, 0, 0.0059, 0.0837, 0
 17450, 52.32, 35.41, 0, -0.0431, 1.045, 0
 17475, 52.32, 35.05, 0, 0.904, 1.8124, 0
 17500, 52.39, 34.71, 0, 2.2765, 2.3486, 0
 17525, 52.39, 34.71, 0, 2.2765, 2.3486, 0
 17550, 52.51, 34.31, 0, 3.4684, 3.4368, 0
 17575, 52.67, 33.78, 0, 4.5704, 4.6766, 0
 17600, 52.67, 33.78, 0, 4.5704, 4.6766, 0
 17625, 52.86, 33.19, 0, 4.3369, 3.9642, 0
 17650, 53.02, 32.59, 0, 4.1168, 3.7407, 0
 17675, 53.18, 32.03, 0, 3.1872, 3.0556, 0
 17700, 53.18, 32.03, 0, 3.1872, 3.0556, 0
 17725, 53.26, 31.52, 0, 2.0823, 2.4331, 0
 17750, 53.35, 30.97, 0, 2.0969, 2.7486, 0
 17775, 53.35, 30.97, 0, 2.0969, 2.7486, 0
 17800, 53.47, 30.41, 0, 3.959, 4.0889, 0
 17825, 53.68, 29.89, 0, 5.9146, 4.9657, 0
 17850, 53.68, 29.89, 0, 5.9146, 4.9657, 0
 17875, 53.93, 29.47, 0, 6.2053, 4.1158, 0
 17900, 54.16, 29.07, 0, 4.9036, 3.8826, 0
 17925, 54.16, 29.07, 0, 4.9036, 3.8826, 0
 17950, 54.3, 28.7, 0, 2.9356, 2.9079, 0
 17975, 54.37, 28.38, 0, 1.1338, 1.9165, 0
 18000, 54.37, 28.38, 0, 1.1338, 1.9165, 0
 18025, 54.38, 28.15, 0, 0.4195, 2.0523, 0
 18050, 54.4, 27.79, 0, 0.284, 2.4765, 0
 18075, 54.44, 27.31, 0, 0.9573, 3.3573, 0
 18100, 54.44, 27.31, 0, 0.9573, 3.3573, 0
 18125, 54.51, 26.72, 0, 2.1424, 4.6617, 0
 18150, 54.58, 26.06, 0, 1.3373, 3.5564, 0
 18175, 54.58, 26.06, 0, 1.3373, 3.5564, 0
 18200, 54.58, 25.44, 0, -0.4358, 2.061, 0
 18225, 54.52, 24.75, 0, -1.8871, 1.0208, 0
 18250, 54.52, 24.75, 0, -1.8871, 1.0208, 0
 18275, 54.45, 24.04, 0, -1.4468, 1.8356, 0
 18300, 54.42, 23.41, 0, -0.6159, 1.5229, 0
 18325, 54.42, 23.41, 0, -0.6159, 1.5229, 0
 18350, 54.42, 22.93, 0, 0.4141, 2.7944, 0
 18375, 54.42, 22.5, 0, -0.2023, 1.3435, 0
 18400, 54.4, 22.15, 0, -0.7672, 0.1247, 0
 18425, 54.4, 22.15, 0, -0.7672, 0.1247, 0
 18450, 54.37, 21.82, 0, -0.9091, 0.4612, 0
 18475, 54.37, 21.82, 0, -0.9091, 0.4612, 0
 18500, 54.35, 21.49, 0, -0.0042, 1.7825, 0
 18525, 54.4, 21.09, 0, 2.384, 3.3646, 0
 18550, 54.56, 20.64, 0, 4.7745, 3.7702, 0
 18575, 54.79, 20.17, 0, 6.0854, 3.925, 0
 18600, 54.79, 20.17, 0, 6.0854, 3.925, 0
 18625, 55.07, 19.69, 0, 7.6696, 5.1677, 0
 18650, 55.4, 19.28, 0, 8.6187, 5.6389, 0
 18675, 55.4, 19.28, 0, 8.6187, 5.6389, 0
 18700, 55.75, 18.88, 0, 9.2106, 6.614, 0
 18725, 56.1, 18.47, 0, 7.9529, 5.9306, 0
 18750, 56.36, 18.03, 0, 5.4871, 6.0725, 0
 18775, 56.36, 18.03, 0, 5.4871, 6.0725, 0
 18800, 56.5, 17.61, 0, 4.5863, 7.7443, 0
 18825, 56.5, 17.61, 0, 4.5863, 7.7443, 0
 18850, 56.66, 17.06, 0, 4.2333, 7.129, 0
 18875, 56.87, 16.68, 0, 5.7664, 5.671, 0
 18900, 57.13, 16.49, 0, 6.5897, 4.4538, 0
 18925, 57.13, 16.49, 0, 6.5897, 4.4538, 0
 18950, 57.36, 16.36, 0, 5.6025, 4.2751, 0
 18975, 57.52, 16.22, 0, 3.3637, 3.7798, 0
 19000, 57.52, 16.22, 0, 3.3637, 3.7798, 0
 19025, 57.61, 16.05, 0, 1.9657, 3.6451, 0
 19050, 57.69, 15.93, 0, 1.8038, 3.3897, 0
 19075, 57.69, 15.93, 0, 1.8038, 3.3897, 0
 19100, 57.71, 15.88, 0, -0.3631, 0.5015, 0
 19125, 57.64, 15.86, 0, -2.3478, -1.2359, 0
 19150, 57.55, 15.8, 0, -1.8787, 0.047, 0
 19175, 57.55, 15.8, 0, -1.8787, 0.047, 0
 19200, 57.54, 15.66, 0, 0.2006, 1.9988, 0
 19225, 57.55, 15.38, 0, 0.6723, 1.7483, 0
 19250, 57.55, 15.38, 0, 0.6723, 1.7483, 0
 19275, 57.55, 15.03, 0, -0.1043, 0.5562, 0
 19300, 57.52, 14.68, 0, -2.2147, -0.8594, 0
 19325, 57.52, 14.68, 0, -2.2147, -0.8594, 0
 19350, 57.41, 14.36, 0, -3.5493, -1.6115, 0
 19375, 57.27, 14.06, 0, -3.1319, -1.6909, 0
 19400, 57.19, 13.8, 0, -1.7635, -1.7858, 0
 19425, 57.19, 13.8, 0, -1.7635, -1.7858, 0
 19450, 57.12, 13.6, 0, -1.6421, -2.8974, 0
 19475, 57.08, 13.38, 0, -0.2136, -1.4717, 0
 19500, 57.08, 13.38, 0, -0.2136, -1.4717, 0
 19525, 57.15, 13.03, 0, 3.0431, 2.7239, 0
 19550, 57.26, 12.81, 0, 3.321, 3.3684, 0
 19575, 57.34, 12.66, 0, 1.3968, 0.7051, 0
 19600, 57.34, 12.66, 0, 1.3968, 0.7051, 0
 19625, 57.33, 12.59, 0, -1.4608, -1.6231, 0
 19650, 57.22, 12.38, 0, -3.5299, -2.8353, 0
 19675, 57.22, 12.38, 0, -3.5299, -2.8353, 0
 19700, 57.12, 12.17, 0, -2.383, -2.4594, 0
 19725, 57.12, 12.17, 0, -2.383, -2.4594, 0
 19750, 57.08, 12.03, 0, 0.7597, 0.1789, 0
 19775, 57.15, 11.93, 0, 1.9127, 1.135, 0
 19800, 57.2, 11.85, 0, 0.8665, 0.219, 0
 19825, 57.19, 11.88, 0, -1.795, -1.4217, 0
 19850, 57.19, 11.88, 0, -1.795, -1.4217, 0
 19875, 57.05, 11.91, 0, -3.625, -0.5387, 0
 19900, 57.05, 11.91, 0, -3.625, -0.5387, 0
 19925, 56.89, 11.94, 0, -4.2842, 0.1349, 0
 19950, 56.71, 11.95, 0, -4.8141, 0.0609, 0
 19975, 56.48, 11.88, 0, -6.0316, -0.8845, 0
 20000, 56.48, 11.88, 0, -6.0316, -0.8845, 0
 20025, 56.27, 11.87, 0, -5.0188, -0.202, 0
 20050, 56.1, 11.97, 0, -3.2351, -1.5752, 0
 20075, 56.05, 12.14, 0, -0.32, -1.4532, 0
 20100, 56.05, 12.14, 0, -0.32, -1.4532, 0
 20125, 56.08, 12.33, 0, 1.2988, -1.7073, 0
 20150, 56.12, 12.47, 0, 0.1111, -1.0868, 0
 20175, 56.12, 12.47, 0, 0.1111, -1.0868, 0
 20200, 56.12, 12.54, 0, 0.1372, 1.6034, 0
 20225, 56.12, 12.66, 0, 0.3586, 1.466, 0
 20250, 56.12, 12.66, 0, 0.3586, 1.466, 0
 20275, 56.13, 12.85, 0, 0.2843, -0.1639, 0
 20300, 56.13, 12.99, 0, -0.328, -0.8092, 0
 20325, 56.13, 13.02, 0, 0.1953, 0.2268, 0
 20350, 56.13, 13.02, 0, 0.1953, 0.2268, 0
 20375, 56.13, 13.02, 0, 0.1953, 0.2268, 0
 20400, 56.2, 12.92, 0, 1.4008, 1.9141, 0
 20425, 56.2, 12.92, 0, 1.4008, 1.9141, 0
 20450, 56.29, 12.89, 0, 2.334, 3.2772, 0
 20475, 56.29, 12.89, 0, 2.334, 3.2772, 0
 20500, 56.36, 12.91, 0, 1.2063, 0.9722, 0
 20525, 56.36, 12.96, 0, -0.8447, -0.9179, 0
 20550, 56.26, 13.06, 0, -3.4027, -2.0441, 0
 20575, 56.12, 13.26, 0, -3.9539, -1.8111, 0
 20600, 56.12, 13.26, 0, -3.9539, -1.8111, 0
 20625, 55.96, 13.52, 0, -3.5593, -2.4932, 0
 20650, 55.96, 13.52, 0, -3.5593, -2.4932, 0
 20675, 55.82, 13.81, 0, -4.0627, -4.0478, 0
 20700, 55.64, 14.03, 0, -3.8826, -4.0148, 0
 20725, 55.5, 14.22, 0, -3.7124, -3.5547, 0
 20750, 55.35, 14.46, 0, -4.0985, -4.1673, 0
 20775, 55.35, 14.46, 0, -4.0985, -4.1673, 0
 20800, 55.15, 14.7, 0, -5.3892, -4.2686, 0
 20825, 54.84, 14.9, 0, -9.77, -6.9651, 0
 20850, 54.84, 14.9, 0, -9.77, -6.9651, 0
 20875, 54.37, 15, 0, -12.387, -7.8148, 0
 20900, 53.84, 15.01, 0, -13.6906, -6.9182, 0
 20925, 53.84, 15.01, 0, -13.6906, -6.9182, 0
 20950, 53.32, 15.12, 0, -12.8598, -5.586, 0
 20975, 52.86, 15.29, 0, -10.3728, -4.6532, 0
 21000, 52.86, 15.29, 0, -10.3728, -4.6532, 0
 21025, 52.48, 15.39, 0, -8.8378, -5.9691, 0
 21050, 52.13, 15.44, 0, -8.6131, -7.1066, 0
 21075, 51.78, 15.44, 0, -9.0168, -7.555, 0
 21100, 51.78, 15.44, 0, -9.0168, -7.555, 0
 21125, 51.52, 15.4, 0, -8.1285, -5.9448, 0
 21150, 51.52, 15.4, 0, -8.1285, -5.9448, 0
 21175, 51.26, 15.38, 0, -6.1761, -3.5919, 0
 21200, 51.03, 15.4, 0, -5.3748, -3.7188, 0
 21225, 51.03, 15.4, 0, -5.3748, -3.7188, 0
 21250, 50.82, 15.45, 0, -4.7846, -3.8844, 0
 21275, 50.63, 15.5, 0, -5.1767, -3.417, 0
 21300, 50.42, 15.52, 0, -5.412, -3.1192, 0
 21325, 50.42, 15.52, 0, -5.412, -3.1192, 0
 21350, 50.21, 15.59, 0, -4.8606, -3.501, 0
 21375, 50.02, 15.78, 0, -4.9838, -4.3988, 0
 21400, 49.79, 16.15, 0, -6.5684, -5.3624, 0
 21425, 49.79, 16.15, 0, -6.5684, -5.3624, 0
 21450, 49.48, 16.7, 0, -8.3281, -6.333, 0
 21475, 49.11, 17.38, 0, -9.7545, -8.0312, 0
 21500, 49.11, 17.38, 0, -9.7545, -8.0312, 0
 21525, 48.67, 18.13, 0, -11.5247, -9.8646, 0
 21550, 48.1, 18.87, 0, -16.2051, -13.8668, 0
 21575, 48.1, 18.87, 0, -16.2051, -13.8668, 0
 21600, 47.36, 19.43, 0, -18.648, -12.8686, 0
 21625, 46.67, 19.84, 0, -16.5639, -8.3364, 0
 21650, 46.67, 19.84, 0, -16.5639, -8.3364, 0
 21675, 46.07, 20.3, 0, -13.8452, -7.5219, 0
 21700, 45.62, 20.78, 0, -10.0799, -6.7496, 0
 21725, 45.27, 21.3, 0, -8.2478, -9.0341, 0
 21750, 45.27, 21.3, 0, -8.2478, -9.0341, 0
 21775, 44.93, 21.89, 0, -8.1224, -9.4732, 0
 21800, 44.57, 22.6, 0, -10.2892, -10.1314, 0
 21825, 44.57, 22.6, 0, -10.2892, -10.1314, 0
 21850, 44.11, 23.35, 0, -11.9341, -9.8612, 0
 21875, 43.73, 24.02, 0, -13.0721, -10.6041, 0
 21900, 43.73, 24.02, 0, -13.0721, -10.6041, 0
 21925, 43.18, 24.97, 0, -13.4517, -11.6719, 0
 21950, 42.67, 25.96, 0, -12.3618, -11.0298, 0
 21975, 42.2, 26.88, 0, -11.8749, -10.026, 0
 22000, 42.2, 26.88, 0, -11.8749, -10.026, 0
 22025, 41.74, 27.6, 0, -11.1533, -9.4009, 0
 22050, 41.36, 28.2, 0, -8.7792, -7.5327, 0
 22075, 41.04, 28.69, 0, -7.3711, -7.5598, 0
 22100, 41.04, 28.69, 0, -7.3711, -7.5598, 0
 22125, 40.76, 29.11, 0, -7.0115, -7.5373, 0
 22150, 40.44, 29.54, 0, -8.1526, -8.3202, 0
 22175, 40.44, 29.54, 0, -8.1526, -8.3202, 0
 22200, 40.11, 30.02, 0, -8.6681, -8.4285, 0
 22225, 39.79, 30.51, 0, -7.5385, -7.1005, 0
 22250, 39.79, 30.51, 0, -7.5385, -7.1005, 0
 22275, 39.51, 30.89, 0, -6.2587, -5.9705, 0
 22300, 39.31, 31.15, 0, -3.8105, -3.2253, 0
 22325, 39.22, 31.37, 0, -1.5931, -1.7244, 0
 22350, 39.22, 31.37, 0, -1.5931, -1.7244, 0
 22375, 39.21, 31.55, 0, 0.0424, -1.046, 0
 22400, 39.22, 31.57, 0, 0.3487, -0.5962, 0
 22425, 39.22, 31.57, 0, 0.3487, -0.5962, 0
 22450, 39.22, 31.39, 0, 0.1926, 0.2883, 0
 22475, 39.22, 31.1, 0, -0.8699, 0.0088, 0
 22500, 39.22, 31.1, 0, -0.8699, 0.0088, 0
 22525, 39.15, 30.83, 0, -1.8845, 0.384, 0
 22550, 39.05, 30.76, 0, -2.9184, -0.587, 0
 22575, 39.05, 30.76, 0, -2.9184, -0.587, 0
 22600, 38.96, 30.84, 0, -2.6404, -0.8849, 0
 22625, 38.89, 31.06, 0, -1.452, 0.0884, 0
 22650, 38.84, 31.33, 0, -1.1857, 1.206, 0
 22675, 38.84, 31.33, 0, -1.1857, 1.206, 0
 22700, 38.82, 31.51, 0, -0.276, 2.0764, 0
 22725, 38.82, 31.58, 0, 0.4596, 1.2773, 0
 22750, 38.82, 31.58, 0, 0.4596, 1.2773, 0
 22775, 38.84, 31.58, 0, 0.3668, 0.7257, 0
 22800, 38.85, 31.6, 0, 0.0956, 1.2356, 0
 22825, 38.84, 31.66, 0, -0.4402, 0.4033, 0
 22850, 38.84, 31.66, 0, -0.4402, 0.4033, 0
 22875, 38.8, 31.84, 0, -0.9658, -0.4021, 0
 22900, 38.75, 32.21, 0, -2.108, -1.1515, 0
 22925, 38.75, 32.21, 0, -2.108, -1.1515, 0
 22950, 38.62, 32.61, 0, -3.5305, -1.3245, 0
 22975, 38.5, 32.91, 0, -2.6547, 0.4932, 0
 23000, 38.43, 33.23, 0, -1.2943, -0.2492, 0
 23025, 38.43, 33.23, 0, -1.2943, -0.2492, 0
 23050, 38.38, 33.57, 0, -1.2179, -1.4098, 0
 23075, 38.38, 33.57, 0, -1.2179, -1.4098, 0
 23100, 38.29, 33.95, 0, -3.2102, -2.4415, 0
 23125, 38.11, 34.33, 0, -4.7383, -2.5692, 0
 23150, 37.92, 34.68, 0, -5.0612, -3.0103, 0
 23175, 37.92, 34.68, 0, -5.0612, -3.0103, 0
 23200, 37.72, 35.01, 0, -4.7919, -3.2258, 0
 23225, 37.53, 35.47, 0, -5.1023, -4.0464, 0
 23250, 37.53, 35.47, 0, -5.1023, -4.0464, 0
 23275, 37.3, 36.04, 0, -5.8644, -4.8335, 0
 23300, 37.05, 36.7, 0, -6.6747, -5.209, 0
 23325, 36.76, 37.36, 0, -7.0189, -4.9727, 0
 23350, 36.76, 37.36, 0, -7.0189, -4.9727, 0
 23375, 36.5, 37.96, 0, -6.7327, -4.8782, 0
 23400, 36.23, 38.5, 0, -6.6506, -5.358, 0
 23425, 36.23, 38.5, 0, -6.6506, -5.358, 0
 23450, 36.02, 38.86, 0, -7.2933, -5.4613, 0
 23475, 35.66, 39.38, 0, -9.8656, -6.2109, 0
 23500, 35.66, 39.38, 0, -9.8656, -6.2109, 0
 23525, 35.22, 39.98, 0, -12.0026, -7.0184, 0
 23550, 34.72, 40.74, 0, -12.4223, -8.6437, 0
 23575, 34.25, 41.61, 0, -10.8356, -8.1456, 0
 23600, 34.25, 41.61, 0, -10.8356, -8.1456, 0
 23625, 33.88, 42.48, 0, -8.4283, -6.9873, 0
 23650, 33.57, 43.17, 0, -7.2169, -4.4534, 0
 23675, 33.57, 43.17, 0, -7.2169, -4.4534, 0
 23700, 33.3, 43.74, 0, -6.6164, -3.1061, 0
 23725, 33.07, 44.26, 0, -5.6102, -3.494, 0
 23750, 33.07, 44.26, 0, -5.6102, -3.494, 0
 23775, 32.82, 44.8, 0, -6.5526, -4.7938, 0
 23800, 32.49, 45.34, 0, -8.8202, -5.1026, 0
 23825, 32.12, 45.87, 0, -10.5443, -5.974, 0
 23850, 32.12, 45.87, 0, -10.5443, -5.974, 0
 23875, 31.65, 46.4, 0, -11.9721, -6.6855, 0
 23900, 31.16, 46.93, 0, -12.5755, -5.8862, 0
 23925, 31.16, 46.93, 0, -12.5755, -5.8862, 0
 23950, 30.67, 47.45, 0, -11.6376, -5.5905, 0
 23975, 30.25, 47.96, 0, -9.6412, -5.5024, 0
 24000, 30.25, 47.96, 0, -9.6412, -5.5024, 0
 24025, 29.91, 48.4, 0, -8.2603, -5.4226, 0
 24050, 29.6, 48.72, 0, -8.1277, -5.1111, 0
 24075, 29.24, 49.08, 0, -9.4848, -4.9647, 0
 24100, 29.24, 49.08, 0, -9.4848, -4.9647, 0
 24125, 28.85, 49.42, 0, -9.2299, -4.7926, 0
 24150, 28.85, 49.42, 0, -9.2299, -4.7926, 0
 24175, 28.53, 49.72, 0, -7.8939, -4.7281, 0
 24200, 28.21, 50.05, 0, -8.1072, -5.7241, 0
 24225, 27.96, 50.33, 0, -8.3437, -5.9992, 0
 24250, 27.96, 50.33, 0, -8.3437, -5.9992, 0
 24275, 27.65, 50.79, 0, -7.8755, -5.8669, 0
 24300, 27.34, 51.3, 0, -7.1942, -6.0012, 0
 24325, 27.08, 51.81, 0, -6.1952, -4.3556, 0
 24350, 27.08, 51.81, 0, -6.1952, -4.3556, 0
 24375, 26.86, 52.39, 0, -5.2014, -4.2326, 0
 24400, 26.69, 53.09, 0, -3.4321, -4.4854, 0
 24425, 26.69, 53.09, 0, -3.4321, -4.4854, 0
 24450, 26.6, 53.81, 0, -1.9502, -4.4783, 0
 24475, 26.51, 54.46, 0, -2.1905, -4.4233, 0
 24500, 26.51, 54.46, 0, -2.1905, -4.4233, 0
 24525, 26.4, 55.12, 0, -3.7715, -4.4848, 0
 24550, 26.21, 55.83, 0, -4.1095, -3.6785, 0
 24575, 26.21, 55.83, 0, -4.1095, -3.6785, 0
 24600, 26.1, 56.6, 0, -2.4122, -2.9648, 0
 24625, 26.03, 57.28, 0, -1.002, -3.8197, 0
 24650, 26.01, 57.86, 0, -0.4452, -3.8244, 0
 24675, 26.01, 57.86, 0, -0.4452, -3.8244, 0
 24700, 25.97, 58.38, 0, -1.4281, -3.1474, 0
 24725, 25.9, 58.81, 0, -1.8794, -2.6737, 0
 24750, 25.9, 58.81, 0, -1.8794, -2.6737, 0
 24775, 25.81, 59.27, 0, -2.5833, -3.423, 0
 24800, 25.7, 59.7, 0, -3.0904, -3.5439, 0
 24825, 25.7, 59.7, 0, -3.0904, -3.5439, 0
 24850, 25.57, 60.12, 0, -3.4048, -3.2183, 0
 24875, 25.42, 60.51, 0, -3.5887, -3.3962, 0
 24900, 25.27, 60.98, 0, -3.7578, -3.9176, 0
 24925, 25.27, 60.98, 0, -3.7578, -3.9176, 0
 24950, 25.1, 61.53, 0, -4.5257, -5.8569, 0
 24975, 24.92, 61.98, 0, -4.9513, -5.2695, 0
 25000, 24.92, 61.98, 0, -4.9513, -5.2695, 0
 25025, 24.77, 62.26, 0, -5.2819, -3.599, 0
 25050, 24.53, 62.71, 0, -6.0769, -4.0603, 0
 25075, 24.29, 63.25, 0, -6.3268, -4.6131, 0
 25100, 24.29, 63.25, 0, -6.3268, -4.6131, 0
 25125, 24.01, 63.88, 0, -6.7889, -5.2221, 0
 25150, 23.75, 64.49, 0, -6.9524, -4.5216, 0
 25175, 23.45, 65.07, 0, -7.7691, -4.2034, 0
 25200, 23.45, 65.07, 0, -7.7691, -4.2034, 0
 25225, 23.13, 65.66, 0, -7.8725, -3.1811, 0
 25250, 23.13, 65.66, 0, -7.8725, -3.1811, 0
 25275, 22.81, 66.26, 0, -7.6252, -2.8697, 0
 25300, 22.51, 66.85, 0, -7.3228, -2.9754, 0
 25325, 22.23, 67.43, 0, -7.0698, -2.4597, 0
 25350, 22.23, 67.43, 0, -7.0698, -2.4597, 0
 25375, 21.99, 67.99, 0, -5.6763, -1.2226, 0
 25400, 21.82, 68.49, 0, -3.1338, -0.6401, 0
 25425, 21.82, 68.49, 0, -3.1338, -0.6401, 0
 25450, 21.74, 68.98, 0, -1.1274, -0.3479, 0
 25475, 21.72, 69.38, 0, 0.2767, -0.0107, 0
 25500, 21.76, 69.71, 0, 1.0078, 0.3934, 0
 25525, 21.76, 69.71, 0, 1.0078, 0.3934, 0
 25550, 21.8, 69.96, 0, 0.8528, 0.272, 0
 25575, 21.82, 70.33, 0, 0.4902, 0.104, 0
 25600, 21.82, 70.33, 0, 0.4902, 0.104, 0
 25625, 21.78, 70.76, 0, -1.5732, 0.3189, 0
 25650, 21.7, 71.07, 0, -1.9582, 1.2503, 0
 25675, 21.65, 71.34, 0, -1.8756, 0.7442, 0
 25700, 21.65, 71.34, 0, -1.8756, 0.7442, 0
 25725, 21.59, 71.8, 0, -0.4915, 0.4169, 0
 25750, 21.61, 72.21, 0, 0.6196, -0.0969, 0
 25775, 21.61, 72.21, 0, 0.6196, -0.0969, 0
 25800, 21.63, 72.58, 0, 0.5163, 0.0837, 0
 25825, 21.63, 72.58, 0, 0.5163, 0.0837, 0
 25850, 21.65, 72.88, 0, 0.0611, 0.7062, 0
 25875, 21.65, 73.07, 0, 0.4505, 1.3571, 0
 25900, 21.67, 73.21, 0, 0.5641, 1.2828, 0
 25925, 21.67, 73.21, 0, 0.5641, 1.2828, 0
 25950, 21.7, 73.34, 0, 0.541, 0.5163, 0
 25975, 21.72, 73.43, 0, 0.8016, 0.5535, 0
 26000, 21.72, 73.43, 0, 0.8016, 0.5535, 0
 26025, 21.76, 73.47, 0, 0.5661, 0.9392, 0
 26050, 21.78, 73.47, 0, 0.7157, 1.5923, 0
 26075, 21.8, 73.45, 0, 0.4846, 1.1739, 0
 26100, 21.8, 73.45, 0, 0.4846, 1.1739, 0
 26125, 21.82, 73.46, 0, 0.0771, 0.8953, 0
 26150, 21.8, 73.54, 0, -0.9799, 0.2554, 0
 26175, 21.8, 73.54, 0, -0.9799, 0.2554, 0
 26200, 21.72, 73.63, 0, -1.8434, 0.021, 0
 26225, 21.63, 73.76, 0, -3.2491, -0.262, 0
 26250, 21.44, 73.85, 0, -5.7805, -1.0585, 0
 26275, 21.44, 73.85, 0, -5.7805, -1.0585, 0
 26300, 21.16, 73.85, 0, -7.0797, -0.1303, 0
 26325, 20.91, 73.85, 0, -5.8964, -1.1018, 0
 26350, 20.91, 73.85, 0, -5.8964, -1.1018, 0
 26375, 20.76, 73.87, 0, -2.1227, -1.6147, 0
 26400, 20.76, 73.87, 0, -2.1227, -1.6147, 0
 26425, 20.85, 73.96, 0, 3.6952, -0.0332, 0
 26450, 20.85, 73.96, 0, 3.6952, -0.0332, 0
 26475, 21.04, 74.03, 0, 4.2985, 0.9725, 0
 26500, 21.16, 74.14, 0, 1.8646, 1.3827, 0
 26525, 21.16, 74.14, 0, 1.8646, 1.3827, 0
 26550, 21.16, 74.28, 0, -0.3484, 1.9793, 0
 26575, 21.08, 74.54, 0, -3.0887, 0.1229, 0
 26600, 21.08, 74.54, 0, -3.0887, 0.1229, 0
 26625, 20.95, 74.79, 0, -3.0877, 1.0605, 0
 26650, 20.87, 74.99, 0, -0.6678, 0.6929, 0
 26675, 20.87, 74.99, 0, -0.6678, 0.6929, 0
 26700, 20.91, 75.14, 0, 2.1976, 0.6732, 0
 26725, 21.04, 75.25, 0, 3.8484, 0.5346, 0
 26750, 21.19, 75.34, 0, 3.4314, 1.2861, 0
 26775, 21.19, 75.34, 0, 3.4314, 1.2861, 0
 26800, 21.31, 75.48, 0, 2.1397, 1.7996, 0
 26825, 21.36, 75.64, 0, 1.1608, 1.0743, 0
 26850, 21.36, 75.64, 0, 1.1608, 1.0743, 0
 26875, 21.4, 75.84, 0, 1.3132, 0.6601, 0
 26900, 21.48, 76.1, 0, 1.5682, 0.499, 0
 26925, 21.48, 76.1, 0, 1.5682, 0.499, 0
 26950, 21.55, 76.26, 0, 2.4369, 0.702, 0
 26975, 21.68, 76.39, 0, 4.4283, 2.3962, 0
 27000, 21.68, 76.39, 0, 4.4283, 2.3962, 0
 27025, 21.91, 76.51, 0, 6.299, 2.6844, 0
 27050, 22.23, 76.58, 0, 8.3591, 2.0414, 0
 27075, 22.55, 76.58, 0, 7.9115, 1.7423, 0
 27100, 22.55, 76.58, 0, 7.9115, 1.7423, 0
 27125, 22.85, 76.58, 0, 7.3749, 2.2883, 0
 27150, 23.15, 76.52, 0, 7.241, 2.7032, 0
 27175, 23.15, 76.52, 0, 7.241, 2.7032, 0
 27200, 23.43, 76.46, 0, 6.8344, 3.7384, 0
 27225, 23.69, 76.39, 0, 6.7825, 3.968, 0
 27250, 23.69, 76.39, 0, 6.7825, 3.968, 0
 27275, 23.97, 76.31, 0, 7.1232, 3.6036, 0
 27300, 23.97, 76.31, 0, 7.1232, 3.6036, 0
 27325, 24.49, 76.15, 0, 7.6873, 4.1042, 0
 27350, 24.49, 76.15, 0, 7.6873, 4.1042, 0
 27375, 24.81, 76, 0, 7.9534, 4.3995, 0
 27400, 25.12, 75.84, 0, 7.4534, 4.5104, 0
 27425, 25.12, 75.84, 0, 7.4534, 4.5104, 0
 27450, 25.38, 75.71, 0, 6.0246, 4.1467, 0
 27475, 25.59, 75.6, 0, 4.7155, 3.6047, 0
 27500, 25.73, 75.54, 0, 3.142, 2.7207, 0
 27525, 25.73, 75.54, 0, 3.142, 2.7207, 0
 27550, 25.84, 75.51, 0, 2.6407, 2.5382, 0
 27575, 25.94, 75.45, 0, 1.8785, 2.116, 0
 27600, 25.94, 75.45, 0, 1.8785, 2.116, 0
 27625, 25.99, 75.34, 0, 1.6012, 2.8807, 0
 27650, 26.07, 75.27, 0, 1.6901, 3.103, 0
 27675, 26.07, 75.27, 0, 1.6901, 3.103, 0
 27700, 26.14, 75.2, 0, 2.1625, 2.4327, 0
 27725, 26.23, 75.11, 0, 1.9927, 1.7075, 0
 27750, 26.29, 75.02, 0, 1.2843, 1.6082, 0
 27775, 26.29, 75.02, 0, 1.2843, 1.6082, 0
 27800, 26.32, 74.91, 0, 0.9081, 1.4074, 0
 27825, 26.36, 74.8, 0, 1.2021, 1.8985, 0
 27850, 26.36, 74.8, 0, 1.2021, 1.8985, 0
 27875, 26.45, 74.75, 0, 2.3406, 1.7816, 0
 27900, 26.56, 74.77, 0, 3.2983, 1.2746, 0
 27925, 26.56, 74.77, 0, 3.2983, 1.2746, 0
 27950, 26.69, 74.86, 0, 3.2559, 1.7354, 0
 27975, 26.78, 74.95, 0, 3.1338, 2.5789, 0
 28000, 26.93, 75.11, 0, 4.0282, 2.9487, 0
 28025, 26.93, 75.11, 0, 4.0282, 2.9487, 0
 28050, 26.93, 75.11, 0, 4.0282, 2.9487, 0
 28075, 27.35, 75.59, 0, 5.4087, 2.7179, 0
 28100, 27.35, 75.59, 0, 5.4087, 2.7179, 0
 28125, 27.56, 75.78, 0, 4.7743, 2.8286, 0
 28150, 27.72, 76.01, 0, 4.0693, 2.3856, 0
 28175, 27.72, 76.01, 0, 4.0693, 2.3856, 0
 28200, 27.89, 76.26, 0, 4.2585, 2.3251, 0
 28225, 27.89, 76.26, 0, 4.2585, 2.3251, 0
 28250, 28.25, 76.73, 0, 4.6553, 3.1926, 0
 28275, 28.25, 76.73, 0, 4.6553, 3.1926, 0
 28300, 28.43, 76.89, 0, 4.9871, 4.1595, 0
 28325, 28.43, 76.89, 0, 4.9871, 4.1595, 0
 28350, 28.63, 77.03, 0, 5.1616, 3.7059, 0
 28375, 28.85, 77.17, 0, 5.2613, 3.5826, 0
 28400, 29.05, 77.24, 0, 4.5311, 3.1939, 0
 28425, 29.22, 77.25, 0, 4.2097, 3.0997, 0
 28450, 29.22, 77.25, 0, 4.2097, 3.0997, 0
 28475, 29.36, 77.25, 0, 3.3753, 2.1582, 0
 28500, 29.49, 77.25, 0, 3.0444, 2.93, 0
 28525, 29.49, 77.25, 0, 3.0444, 2.93, 0
 28550, 29.62, 77.25, 0, 3.6202, 2.4441, 0
 28575, 29.78, 77.21, 0, 4.2873, 1.8418, 0
 28600, 29.78, 77.21, 0, 4.2873, 1.8418, 0
 28625, 29.96, 77.18, 0, 4.5557, 2.2892, 0
 28650, 30.16, 77.1, 0, 4.9067, 2.9592, 0
 28675, 30.38, 76.96, 0, 6.3356, 3.0581, 0
 28700, 30.38, 76.96, 0, 6.3356, 3.0581, 0
 28725, 30.67, 76.76, 0, 7.894, 3.1386, 0
 28750, 31.01, 76.47, 0, 8.7143, 3.8777, 0
 28775, 31.01, 76.47, 0, 8.7143, 3.8777, 0
 28800, 31.36, 76.15, 0, 8.1975, 4.8034, 0
 28825, 31.66, 75.87, 0, 7.2314, 4.6627, 0
 28850, 31.66, 75.87, 0, 7.2314, 4.6627, 0
 28875, 31.88, 75.72, 0, 7.2096, 4.5711, 0
 28900, 32.15, 75.56, 0, 6.4318, 3.3723, 0
 28925, 32.37, 75.28, 0, 5.1776, 3.4317, 0
 28950, 32.37, 75.28, 0, 5.1776, 3.4317, 0
 28975, 32.58, 74.9, 0, 5.2535, 5.1386, 0
 29000, 32.82, 74.55, 0, 6.3591, 4.2684, 0
 29025, 32.82, 74.55, 0, 6.3591, 4.2684, 0
 29050, 33.1, 74.21, 0, 7.6978, 3.8848, 0
 29075, 33.43, 73.84, 0, 8.3729, 4.086, 0
 29100, 33.43, 73.84, 0, 8.3729, 4.086, 0
 29125, 33.79, 73.42, 0, 8.8461, 4.8589, 0
 29150, 34.13, 72.97, 0, 8.6175, 4.5582, 0
 29175, 34.47, 72.58, 0, 8.4637, 4.5412, 0
 29200, 34.47, 72.58, 0, 8.4637, 4.5412, 0
 29225, 34.79, 72.21, 0, 7.5552, 3.7451, 0
 29250, 35.07, 71.88, 0, 7.0186, 3.5388, 0
 29275, 35.07, 71.88, 0, 7.0186, 3.5388, 0
 29300, 35.34, 71.54, 0, 6.7548, 3.6743, 0
 29325, 35.63, 71.19, 0, 6.9599, 3.8408, 0
 29350, 35.63, 71.19, 0, 6.9599, 3.8408, 0
 29375, 35.93, 70.86, 0, 8.2323, 4.4366, 0
 29400, 36.3, 70.52, 0, 9.5753, 4.5936, 0
 29425, 36.3, 70.52, 0, 9.5753, 4.5936, 0
 29450, 36.69, 70.19, 0, 9.8919, 4.4944, 0
 29475, 37.08, 69.87, 0, 9.7793, 4.5934, 0
 29500, 37.51, 69.61, 0, 10.9971, 4.0464, 0
 29525, 37.51, 69.61, 0, 10.9971, 4.0464, 0
 29550, 37.93, 69.46, 0, 10.6228, 4.7715, 0
 29575, 37.93, 69.46, 0, 10.6228, 4.7715, 0
 29600, 38.34, 69.35, 0, 9.4727, 5.8715, 0
 29625, 38.71, 69.19, 0, 9.6228, 6.94, 0
 29650, 39.01, 69.13, 0, 10.7581, 7.4487, 0
 29675, 39.49, 69.06, 0, 11.8732, 7.0904, 0
 29700, 39.49, 69.06, 0, 11.8732, 7.0904, 0
 29725, 39.95, 68.97, 0, 11.6803, 6.7975, 0
 29750, 40.37, 68.83, 0, 9.9471, 6.7505, 0
 29775, 40.37, 68.83, 0, 9.9471, 6.7505, 0
 29800, 40.76, 68.71, 0, 9.1134, 6.643, 0
 29825, 41.11, 68.62, 0, 9.2123, 6.6213, 0
 29850, 41.11, 68.62, 0, 9.2123, 6.6213, 0
 29875, 41.5, 68.61, 0, 9.8194, 7.2289, 0
 29900, 41.9, 68.63, 0, 9.6018, 6.7532, 0
 29925, 42.27, 68.66, 0, 8.8248, 6.7105, 0
 29950, 42.27, 68.66, 0, 8.8248, 6.7105, 0
 29975, 42.6, 68.72, 0, 8.2672, 6.5713, 0
 30000, 42.6, 68.72, 0, 8.2672, 6.5713, 0
 30025, 42.92, 68.74, 0, 8.1186, 6.461, 0
 30050, 43.24, 68.75, 0, 7.7502, 6.1216, 0
 30075, 43.53, 68.75, 0, 7.0357, 6.1894, 0
 30100, 43.53, 68.75, 0, 7.0357, 6.1894, 0
 30125, 43.8, 68.74, 0, 6.3433, 5.6358, 0
 30150, 43.8, 68.74, 0, 6.3433, 5.6358, 0
 30175, 44.29, 68.83, 0, 5.4993, 4.0247, 0
 30200, 44.29, 68.83, 0, 5.4993, 4.0247, 0
 30225, 44.29, 68.83, 0, 5.4993, 4.0247, 0
 30250, 44.6, 68.84, 0, 4.1908, 3.3848, 0
 30275, 44.6, 68.84, 0, 4.1908, 3.3848, 0
 30300, 44.78, 68.78, 0, 4.8031, 4.0637, 0
 30325, 44.99, 68.71, 0, 5.4969, 3.6698, 0
 30350, 44.99, 68.71, 0, 5.4969, 3.6698, 0
 30375, 45.23, 68.6, 0, 6.1617, 3.5507, 0
 30400, 45.46, 68.44, 0, 5.499, 3.446, 0
 30425, 45.46, 68.44, 0, 5.499, 3.446, 0
 30450, 45.67, 68.18, 0, 4.7303, 3.6237, 0
 30475, 45.67, 68.18, 0, 4.7303, 3.6237, 0
 30500, 45.84, 67.85, 0, 4.7293, 3.5537, 0
 30525, 46.05, 67.46, 0, 5.3627, 4.1536, 0
 30550, 46.28, 67.1, 0, 5.755, 3.7604, 0
 30575, 46.51, 66.83, 0, 5.6258, 2.6647, 0
 30600, 46.51, 66.83, 0, 5.6258, 2.6647, 0
 30625, 46.7, 66.66, 0, 4.4533, 2.3221, 0
 30650, 46.86, 66.47, 0, 3.5231, 2.698, 0
 30675, 47, 66.27, 0, 3.5476, 2.753, 0
 30700, 47, 66.27, 0, 3.5476, 2.753, 0
 30725, 47.14, 66.08, 0, 3.7669, 2.2556, 0
 30750, 47.31, 65.85, 0, 4.3225, 2.5821, 0
 30775, 47.31, 65.85, 0, 4.3225, 2.5821, 0
 30800, 47.5, 65.63, 0, 5.1345, 2.7811, 0
 30825, 47.71, 65.43, 0, 5.42, 2.7258, 0
 30850, 47.71, 65.43, 0, 5.42, 2.7258, 0
 30875, 47.92, 65.31, 0, 5.3338, 3.1759, 0
 30900, 48.11, 65.21, 0, 4.4174, 2.9564, 0
 30925, 48.29, 65.08, 0, 4.4889, 3.8749, 0
 30950, 48.29, 65.08, 0, 4.4889, 3.8749, 0
 30975, 48.5, 64.98, 0, 5.4852, 4.1861, 0
 31000, 48.74, 64.93, 0, 6.7778, 3.8562, 0
 31025, 48.74, 64.93, 0, 6.7778, 3.8562, 0
 31050, 49.04, 64.91, 0, 7.5108, 4.3967, 0
 31075, 49.35, 64.86, 0, 8.143, 4.7848, 0
 31100, 49.35, 64.86, 0, 8.143, 4.7848, 0
 31125, 49.72, 64.8, 0, 9.8029, 5.9182, 0
 31150, 50.16, 64.73, 0, 11.2016, 6.498, 0
 31175, 50.51, 64.66, 0, 11.9652, 7.3294, 0
 31200, 50.51, 64.66, 0, 11.9652, 7.3294, 0
 31225, 50.96, 64.57, 0, 11.1057, 7.3558, 0
 31250, 51.4, 64.43, 0, 10.359, 5.9981, 0
 31275, 51.4, 64.43, 0, 10.359, 5.9981, 0
 31300, 51.4, 64.43, 0, 10.359, 5.9981, 0
 31325, 52.02, 64.03, 0, 6.36, 4.8012, 0
 31350, 52.27, 63.73, 0, 5.6475, 4.56, 0
 31375, 52.27, 63.73, 0, 5.6475, 4.56, 0
 31400, 52.51, 63.41, 0, 6.5949, 4.6251, 0
 31425, 52.51, 63.41, 0, 6.5949, 4.6251, 0
 31450, 52.79, 63.08, 0, 7.2259, 4.6308, 0
 31475, 53.07, 62.67, 0, 6.4633, 3.924, 0
 31500, 53.3, 62.23, 0, 5.2861, 2.8722, 0
 31525, 53.3, 62.23, 0, 5.2861, 2.8722, 0
 31550, 53.47, 61.82, 0, 3.7241, 2.5822, 0
 31575, 53.56, 61.4, 0, 1.5668, 2.164, 0
 31600, 53.56, 61.4, 0, 1.5668, 2.164, 0
 31625, 53.61, 60.93, 0, 1.2775, 3.1282, 0
 31650, 53.7, 60.49, 0, 2.3495, 2.9952, 0
 31675, 53.7, 60.49, 0, 2.3495, 2.9952, 0
 31700, 53.79, 60.12, 0, 2.6219, 1.4219, 0
 31725, 53.89, 59.78, 0, 1.9326, 0.7115, 0
 31750, 53.95, 59.42, 0, 1.0925, 0.5149, 0
 31775, 53.95, 59.42, 0, 1.0925, 0.5149, 0
 31800, 53.98, 59.03, 0, 0.2883, 0.5245, 0
 31825, 53.98, 58.73, 0, -0.108, 0.6527, 0
 31850, 53.98, 58.32, 0, 0.1727, 0.5421, 0
 31875, 53.98, 58.32, 0, 0.1727, 0.5421, 0
 31900, 53.98, 57.93, 0, 0.5225, 0.2405, 0
 31925, 54.02, 57.55, 0, 0.9344, 0.4442, 0
 31950, 54.02, 57.55, 0, 0.9344, 0.4442, 0
 31975, 54.07, 57.14, 0, 1.1989, 1.003, 0
 32000, 54.14, 56.75, 0, 2.0593, 1.4828, 0
 32025, 54.14, 56.75, 0, 2.0593, 1.4828, 0
 32050, 54.23, 56.35, 0, 2.9328, 1.9677, 0
 32075, 54.38, 55.92, 0, 4.2402, 2.4751, 0
 32100, 54.58, 55.5, 0, 5.1976, 2.7267, 0
 32125, 54.58, 55.5, 0, 5.1976, 2.7267, 0
 32150, 54.79, 55.2, 0, 4.931, 1.8826, 0
 32175, 54.94, 55.07, 0, 3.727, 2.0302, 0
 32200, 54.94, 55.07, 0, 3.727, 2.0302, 0
 32225, 55.05, 55.01, 0, 2.0843, 1.6658, 0
 32250, 55.14, 54.94, 0, 2.0863, 2.385, 0
 32275, 55.14, 54.94, 0, 2.0863, 2.385, 0
 32300, 55.24, 54.9, 0, 3.3625, 2.7241, 0
 32325, 55.42, 54.94, 0, 4.3775, 2.1127, 0
 32350, 55.57, 54.95, 0, 3.9877, 2.3332, 0
 32375, 55.57, 54.95, 0, 3.9877, 2.3332, 0
 32400, 55.7, 54.99, 0, 2.4325, 2.3544, 0
 32425, 55.8, 55.01, 0, 2.4118, 2.8214, 0
 32450, 55.8, 55.01, 0, 2.4118, 2.8214, 0
 32475, 55.87, 55.1, 0, 1.8563, 1.4492, 0
 32500, 55.94, 55.22, 0, 1.6275, 1.6082, 0
 32525, 55.99, 55.36, 0, 0.6858, 0.7621, 0
 32550, 55.99, 55.36, 0, 0.6858, 0.7621, 0
 32575, 55.99, 55.49, 0, -0.4631, 0.3306, 0
 32600, 55.96, 55.56, 0, -1.1613, 0.3771, 0
 32625, 55.96, 55.56, 0, -1.1613, 0.3771, 0
 32650, 55.91, 55.62, 0, -1.5232, 0.617, 0
 32675, 55.84, 55.62, 0, -1.9599, 0.5677, 0
 32700, 55.84, 55.62, 0, -1.9599, 0.5677, 0
 32725, 55.71, 55.57, 0, -4.1039, -0.8729, 0
 32750, 55.47, 55.42, 0, -7.5013, -1.6349, 0
 32775, 55.47, 55.42, 0, -7.5013, -1.6349, 0
 32800, 55.05, 55.25, 0, -12.5564, -1.5796, 0
 32825, 54.52, 55.05, 0, -12.7114, -1.5238, 0
 32850, 54.52, 55.05, 0, -12.7114, -1.5238, 0
 32875, 54.1, 54.86, 0, -8.3405, -1.7024, 0
 32900, 53.93, 54.61, 0, -2.5535, -2.0196, 0
 32925, 53.91, 54.34, 0, 0.5688, -0.7035, 0
 32950, 53.91, 54.34, 0, 0.5688, -0.7035, 0
 32975, 53.91, 54.08, 0, -0.4828, -1.0234, 0
 33000, 53.86, 53.88, 0, -1.8776, -1.254, 0
 33025, 53.86, 53.88, 0, -1.8776, -1.254, 0
 33050, 53.77, 53.72, 0, -2.5527, -1.8154, 0
 33075, 53.67, 53.52, 0, -2.5186, -2.1144, 0
 33100, 53.58, 53.33, 0, -1.9634, -1.8489, 0
 33125, 53.58, 53.33, 0, -1.9634, -1.8489, 0
 33150, 53.54, 53.11, 0, -0.2943, -0.6739, 0
 33175, 53.56, 52.93, 0, 0.9695, -1.1767, 0
 33200, 53.56, 52.93, 0, 0.9695, -1.1767, 0
 33225, 53.61, 52.8, 0, 1.1875, -1.4848, 0
 33250, 53.65, 52.74, 0, 0.425, -0.5945, 0
 33275, 53.65, 52.74, 0, 0.425, -0.5945, 0
 33300, 53.63, 52.71, 0, -0.2403, 0.1617, 0
 33325, 53.63, 52.67, 0, 0.241, 0.2211, 0
 33350, 53.67, 52.62, 0, 0.7997, 0.0986, 0
 33375, 53.67, 52.62, 0, 0.7997, 0.0986, 0
 33400, 53.68, 52.56, 0, 0.0809, 0.266, 0
 33425, 53.63, 52.53, 0, -1.8214, -0.4345, 0
 33450, 53.63, 52.53, 0, -1.8214, -0.4345, 0
 33475, 53.56, 52.54, 0, -2.7227, -1.4625, 0
 33500, 53.46, 52.6, 0, -2.4452, -1.5456, 0
 33525, 53.46, 52.6, 0, -2.4452, -1.5456, 0
 33550, 53.39, 52.64, 0, -1.2794, -1.5289, 0
 33575, 53.37, 52.62, 0, -0.314, -0.5631, 0
 33600, 53.33, 52.67, 0, -1.3361, -1.1766, 0
 33625, 53.33, 52.67, 0, -1.3361, -1.1766, 0
 33650, 53.21, 52.75, 0, -3.6042, -2.1011, 0
 33675, 53.02, 52.8, 0, -5.8435, -3.051, 0
 33700, 53.02, 52.8, 0, -5.8435, -3.051, 0
 33725, 52.72, 52.82, 0, -8.0594, -4.4854, 0
 33750, 52.37, 52.82, 0, -9.4245, -5.5654, 0
 33775, 51.99, 52.83, 0, -9.0577, -4.8626, 0
 33800, 51.99, 52.83, 0, -9.0577, -4.8626, 0
 33825, 51.69, 52.88, 0, -6.8152, -4.0796, 0
 33850, 51.48, 52.9, 0, -4.1894, -3.5145, 0
 33875, 51.48, 52.9, 0, -4.1894, -3.5145, 0
 33900, 51.34, 52.92, 0, -3.175, -3.0132, 0
 33925, 51.2, 52.96, 0, -3.4512, -2.842, 0
 33950, 51.2, 52.96, 0, -3.4512, -2.842, 0
 33975, 51.06, 52.99, 0, -3.4322, -2.5755, 0
 34000, 50.93, 53.01, 0, -3.9832, -3.0823, 0
 34025, 50.93, 53.01, 0, -3.9832, -3.0823, 0
 34050, 50.75, 52.99, 0, -4.4397, -3.3896, 0
 34075, 50.58, 52.97, 0, -3.7473, -2.9971, 0
