%#        Time[ms]        X[pixel],        Y[pixel],        Z[pixel],  dX/dt[pixel/s],  dY/dt[pixel/s],  dZ/dt[pixel/s]
 0, 50, 50, 0, -0.0215, -0.2942, 0
 25, 50.02, 50.02, 0, 0.1616, 0.3594, 0
 50, 50.02, 50.02, 0, 0.1616, 0.3594, 0
 75, 50.02, 50.07, 0, 0.4213, 0.6098, 0
 100, 50.03, 50.13, 0, -0.0168, 0.5105, 0
 125, 50.03, 50.15, 0, -0.2143, 0.9538, 0
 150, 50.03, 50.15, 0, -0.2143, 0.9538, 0
 175, 50.03, 50.07, 0, 0.5861, 1.5681, 0
 200, 50.09, 49.95, 0, 2.1864, 1.8865, 0
 225, 50.09, 49.95, 0, 2.1864, 1.8865, 0
 250, 50.19, 49.82, 0, 2.1281, 0.514, 0
 275, 50.23, 49.78, 0, 0.0946, 0.2915, 0
 300, 50.19, 49.76, 0, -1.7921, 0.7685, 0
 325, 50.19, 49.76, 0, -1.7921, 0.7685, 0
 350, 50.12, 49.74, 0, -1.125, 1.1007, 0
 375, 50.12, 49.74, 0, 0.2906, 0.6264, 0
 400, 50.12, 49.74, 0, 0.2906, 0.6264, 0
 425, 50.14, 49.76, 0, 0.6484, 0.738, 0
 450, 50.16, 49.8, 0, 0.1969, 0.277, 0
 475, 50.16, 49.84, 0, 0.2841, -0.0736, 0
 500, 50.16, 49.84, 0, 0.2841, -0.0736, 0
 525, 50.19, 49.98, 0, 0.7709, -0.4427, 0
 550, 50.24, 50.26, 0, 1.6294, -0.5929, 0
 575, 50.24, 50.26, 0, 1.6294, -0.5929, 0
 600, 50.31, 50.62, 0, 2.0002, 0.6716, 0
 625, 50.44, 51.44, 0, 3.5181, 1.6817, 0
 650, 50.44, 51.44, 0, 3.5181, 1.6817, 0
 675, 50.54, 52.68, 0, 1.9382, 0.7448, 0
 700, 50.56, 53.67, 0, -0.4521, -0.7117, 0
 725, 50.54, 54.32, 0, -0.2051, -0.5786, 0
 750, 50.54, 54.32, 0, -0.2051, -0.5786, 0
 775, 50.52, 55.02, 0, -0.4398, -2.0124, 0
 800, 50.51, 55.79, 0, -0.9205, -1.7206, 0
 825, 50.51, 55.79, 0, -0.9205, -1.7206, 0
 850, 50.49, 56.56, 0, 0.0126, -0.0976, 0
 875, 50.51, 57.31, 0, 0.9605, -0.8137, 0
 900, 50.51, 57.31, 0, 0.9605, -0.8137, 0
 925, 50.56, 57.99, 0, 1.592, -1.5177, 0
 950, 50.65, 58.47, 0, 2.0128, -0.5615, 0
 975, 50.7, 58.86, 0, 2.0849, 0.3362, 0
 1000, 50.7, 58.86, 0, 2.0849, 0.3362, 0
 1025, 50.8, 59.29, 0, 2.44, 0.6442, 0
 1050, 50.93, 59.68, 0, 4.1019, 1.5588, 0
 1075, 50.93, 59.68, 0, 4.1019, 1.5588, 0
 1100, 51.13, 60.08, 0, 5.6331, 1.5552, 0
 1125, 51.38, 60.54, 0, 6.7163, 1.4856, 0
 1150, 51.38, 60.54, 0, 6.7163, 1.4856, 0
 1175, 51.68, 61.09, 0, 7.6423, 1.243, 0
 1200, 52.01, 61.74, 0, 8.6425, 2.5492, 0
 1225, 52.01, 61.74, 0, 8.6425, 2.5492, 0
 1250, 52.39, 62.47, 0, 10.2176, 2.8016, 0
 1275, 52.9, 63.26, 0, 13.977, 0.1774, 0
 1300, 53.47, 63.98, 0, 14.5177, -1.4703, 0
 1325, 53.47, 63.98, 0, 14.5177, -1.4703, 0
 1350, 53.86, 64.36, 0, 11.5975, -1.9985, 0
 1375, 54.19, 64.77, 0, 6.3213, 0.1386, 0
 1400, 54.4, 65.17, 0, 4.898, 2.0323, 0
 1425, 54.4, 65.17, 0, 4.898, 2.0323, 0
 1450, 54.56, 65.55, 0, 2.7733, 2.0663, 0
 1475, 54.63, 65.9, 0, 1.7524, 1.2939, 0
 1500, 54.63, 65.9, 0, 1.7524, 1.2939, 0
 1525, 54.68, 66.19, 0, 0.926, -0.1421, 0
 1550, 54.7, 66.45, 0, -0.1228, -0.4188, 0
 1575, 54.7, 66.45, 0, -0.1228, -0.4188, 0
 1600, 54.68, 66.66, 0, 0.2022, 0.4726, 0
 1625, 54.8, 66.8, 0, 5.0796, 1.3259, 0
 1650, 55.15, 66.83, 0, 11.1313, 0.7734, 0
 1675, 55.15, 66.83, 0, 11.1313, 0.7734, 0
 1700, 55.63, 66.73, 0, 11.5208, 0.7864, 0
 1725, 56.06, 66.6, 0, 10.8917, -0.0129, 0
 1750, 56.06, 66.6, 0, 10.8917, -0.0129, 0
 1775, 56.45, 66.48, 0, 8.268, -1.3933, 0
 1800, 56.69, 66.34, 0, 5.4085, -0.8107, 0
 1825, 56.69, 66.34, 0, 5.4085, -0.8107, 0
 1850, 56.92, 66.12, 0, 5.4524, 0.3244, 0
 1875, 57.2, 66.05, 0, 8.1139, -1.1653, 0
 1900, 57.55, 66.16, 0, 8.9383, -1.308, 0
 1925, 57.55, 66.16, 0, 8.9383, -1.308, 0
 1950, 57.87, 66.31, 0, 7.0177, -1.087, 0
 1975, 57.87, 66.31, 0, 7.0177, -1.087, 0
 2000, 58.12, 66.51, 0, 5.6572, -0.4297, 0
 2025, 58.26, 66.68, 0, 4.8603, -1.1827, 0
 2050, 58.41, 66.91, 0, 2.7926, -2.0066, 0
 2075, 58.41, 66.91, 0, 2.7926, -2.0066, 0
 2100, 58.49, 67.17, 0, 1.8989, -1.4409, 0
 2125, 58.59, 67.43, 0, 2.7534, -1.9369, 0
 2150, 58.59, 67.43, 0, 2.7534, -1.9369, 0
 2175, 58.7, 67.61, 0, 2.2662, -1.6339, 0
 2200, 58.75, 67.71, 0, 1.4798, 0.0681, 0
 2225, 58.85, 67.91, 0, 3.0663, -0.8727, 0
 2250, 58.85, 67.91, 0, 3.0663, -0.8727, 0
 2275, 58.98, 68.21, 0, 3.1718, -2.4134, 0
 2300, 59.1, 68.49, 0, 2.8656, -0.8549, 0
 2325, 59.1, 68.49, 0, 2.8656, -0.8549, 0
 2350, 59.24, 68.77, 0, 3.6328, -1.15, 0
 2375, 59.35, 69.01, 0, 1.9995, -1.5342, 0
 2400, 59.35, 69.01, 0, 1.9995, -1.5342, 0
 2425, 59.35, 69.03, 0, -1.6025, -0.0756, 0
 2450, 59.28, 68.87, 0, -0.9821, -0.1764, 0
 2475, 59.31, 68.49, 0, 1.9288, 0.447, 0
 2500, 59.31, 68.49, 0, 1.9288, 0.447, 0
 2525, 59.36, 67.82, 0, 0.3294, 1.6281, 0
 2550, 59.14, 67.15, 0, -10.725, 3.4276, 0
 2575, 59.14, 67.15, 0, -10.725, 3.4276, 0
 2600, 58.4, 66.61, 0, -21.1887, 6.7828, 0
 2625, 57.57, 65.37, 0, -18.3248, 9.4436, 0
 2650, 56.99, 63.17, 0, -12.9682, 9.4453, 0
 2675, 56.99, 63.17, 0, -12.9682, 9.4453, 0
 2700, 56.55, 61.3, 0, -9.6586, 4.1681, 0
 2725, 56.29, 60.26, 0, -4.6746, -0.4121, 0
 2750, 56.29, 60.26, 0, -4.6746, -0.4121, 0
 2775, 56.24, 59.85, 0, 1.0406, -3.094, 0
 2800, 56.34, 59.94, 0, 2.9883, -2.3236, 0
 2825, 56.34, 59.94, 0, 2.9883, -2.3236, 0
 2850, 56.48, 60.29, 0, 3.5329, -0.3365, 0
 2875, 56.61, 60.61, 0, 4.3743, -0.1108, 0
 2900, 56.78, 61.16, 0, 4.0345, -2.6516, 0
 2925, 56.78, 61.16, 0, 4.0345, -2.6516, 0
 2950, 56.9, 62.06, 0, 2.406, -3.9829, 0
 2975, 57.03, 63.27, 0, 3.7917, -4.8084, 0
 3000, 57.03, 63.27, 0, 3.7917, -4.8084, 0
 3025, 57.2, 64.58, 0, 3.9761, -3.8626, 0
 3050, 57.31, 65.65, 0, 1.8762, -2.0188, 0
 3075, 57.31, 66.39, 0, -0.7852, -0.4759, 0
 3100, 57.31, 66.39, 0, -0.7852, -0.4759, 0
 3125, 57.27, 66.84, 0, -1.1292, 1.3852, 0
 3150, 57.22, 67.21, 0, -1.4397, -0.1473, 0
 3175, 57.22, 67.21, 0, -1.4397, -0.1473, 0
 3200, 57.17, 67.63, 0, -1.3296, -1.4999, 0
 3225, 57.08, 67.98, 0, -2.7181, -2.2138, 0
 3250, 57.08, 67.98, 0, -2.7181, -2.2138, 0
 3275, 56.87, 68.28, 0, -7.5901, -2.261, 0
 3300, 56.43, 68.63, 0, -12.8895, -2.7751, 0
 3325, 56.43, 68.63, 0, -12.8895, -2.7751, 0
 3350, 55.82, 69.09, 0, -16.6623, -3.1932, 0
 3375, 55.17, 69.7, 0, -15.0829, -1.9108, 0
 3400, 55.17, 69.7, 0, -15.0829, -1.9108, 0
 3425, 54.63, 70.33, 0, -12.8639, -2.0754, 0
 3450, 54.17, 70.89, 0, -10.802, -2.0415, 0
 3475, 53.72, 71.33, 0, -11.6082, -2.977, 0
 3500, 53.72, 71.33, 0, -11.6082, -2.977, 0
 3525, 53.28, 71.63, 0, -10.2584, -2.8235, 0
 3550, 52.99, 71.7, 0, -9.9052, -2.8343, 0
 3575, 52.99, 71.7, 0, -9.9052, -2.8343, 0
 3600, 52.6, 71.73, 0, -9.5047, -4.0184, 0
 3625, 52.25, 71.92, 0, -8.3436, -4.7816, 0
 3650, 51.89, 72.17, 0, -10.5663, -4.8783, 0
 3675, 51.89, 72.17, 0, -10.5663, -4.8783, 0
 3700, 51.36, 72.43, 0, -14.284, -4.9816, 0
 3725, 51.36, 72.43, 0, -14.284, -4.9816, 0
 3750, 50.79, 72.73, 0, -13.8167, -4.5859, 0
 3775, 50.33, 72.92, 0, -10.3843, -4.5794, 0
 3800, 50.03, 73.04, 0, -5.0613, -3.159, 0
 3825, 50.03, 73.04, 0, -5.0613, -3.159, 0
 3850, 49.93, 73.16, 0, -1.6671, -2.1915, 0
 3875, 49.84, 73.34, 0, -3.0857, -2.0161, 0
 3900, 49.84, 73.34, 0, -3.0857, -2.0161, 0
 3925, 49.63, 73.58, 0, -6.1004, -1.9975, 0
 3950, 49.34, 73.95, 0, -8.1947, -3.2926, 0
 3975, 49.01, 74.44, 0, -8.3285, -3.3633, 0
 4000, 49.01, 74.44, 0, -8.3285, -3.3633, 0
 4025, 48.66, 74.79, 0, -8.9059, -2.9329, 0
 4050, 48.2, 75.01, 0, -14.0223, -2.0281, 0
 4075, 48.2, 75.01, 0, -14.0223, -2.0281, 0
 4100, 47.56, 75.22, 0, -16.9328, -1.7012, 0
 4125, 46.93, 75.45, 0, -14.8617, -3.7965, 0
 4150, 46.4, 75.66, 0, -11.8972, -3.8672, 0
 4175, 46.4, 75.66, 0, -11.8972, -3.8672, 0
 4200, 46, 75.84, 0, -8.5593, -3.0773, 0
 4225, 45.76, 76.01, 0, -5.4629, -2.4199, 0
 4250, 45.76, 76.01, 0, -5.4629, -2.4199, 0
 4275, 45.42, 76.22, 0, -10.6536, -3.0256, 0
 4300, 44.86, 76.35, 0, -15.5273, -0.8175, 0
 4325, 44.22, 76.4, 0, -15.9579, -2.0428, 0
 4350, 44.22, 76.4, 0, -15.9579, -2.0428, 0
 4375, 43.64, 76.42, 0, -14.3989, -1.4741, 0
 4400, 43.64, 76.42, 0, -14.3989, -1.4741, 0
 4425, 43.2, 76.46, 0, -14.5727, -1.7902, 0
 4450, 42.62, 76.53, 0, -14.5107, -1.4198, 0
 4475, 42.02, 76.64, 0, -15.5469, -3.2214, 0
 4500, 42.02, 76.64, 0, -15.5469, -3.2214, 0
 4525, 41.32, 76.73, 0, -19.0534, -4.6664, 0
 4550, 40.44, 76.96, 0, -23.5238, -3.6077, 0
 4575, 40.44, 76.96, 0, -23.5238, -3.6077, 0
 4600, 39.4, 77.37, 0, -27.6242, -2.8251, 0
 4625, 38.29, 77.78, 0, -27.815, 0.3558, 0
 4650, 37.21, 78.18, 0, -26.1677, 0.2301, 0
 4675, 37.21, 78.18, 0, -26.1677, 0.2301, 0
 4700, 36.2, 78.66, 0, -25.1795, 0.1868, 0
 4725, 35.22, 79.36, 0, -23.4768, -1.5869, 0
 4750, 35.22, 79.36, 0, -23.4768, -1.5869, 0
 4775, 34.29, 80.37, 0, -24.5277, -1.9838, 0
 4800, 33.19, 81.49, 0, -28.1986, -0.7048, 0
 4825, 32.17, 82.61, 0, -23.4757, -0.219, 0
 4850, 32.17, 82.61, 0, -23.4757, -0.219, 0
 4875, 31.36, 83.78, 0, -18.0237, -0.4867, 0
 4900, 31.36, 83.78, 0, -18.0237, -0.4867, 0
 4925, 30.82, 85, 0, -10.0514, -0.2614, 0
 4950, 30.51, 86.32, 0, -6.6342, -1.4838, 0
 4975, 30.29, 87.58, 0, -4.5258, -0.4251, 0
 5000, 30.29, 87.58, 0, -4.5258, -0.4251, 0
 5025, 30.13, 88.66, 0, -4.6623, 0.6006, 0
 5050, 29.85, 89.68, 0, -7.9967, -0.3214, 0
 5075, 29.85, 89.68, 0, -7.9967, -0.3214, 0
 5100, 29.44, 90.74, 0, -11.1556, -0.4156, 0
 5125, 28.96, 91.79, 0, -12.7328, -2.0189, 0
 5150, 28.38, 92.86, 0, -15.6934, -3.2575, 0
 5175, 28.38, 92.86, 0, -15.6934, -3.2575, 0
 5200, 27.87, 93.59, 0, -17.4665, -2.9621, 0
 5225, 27.12, 94.5, 0, -19.1691, -1.3845, 0
 5250, 27.12, 94.5, 0, -19.1691, -1.3845, 0
 5275, 26.31, 95.35, 0, -20.9338, -0.4868, 0
 5300, 25.51, 95.92, 0, -18.7188, 3.4864, 0
 5325, 24.83, 96.36, 0, -15.9993, 3.7882, 0
 5350, 24.83, 96.36, 0, -15.9993, 3.7882, 0
 5375, 24.27, 96.54, 0, -13.048, 3.0184, 0
 5400, 24.27, 96.54, 0, -13.048, 3.0184, 0
 5425, 23.84, 96.28, 0, -8.2455, 0.0275, 0
 5450, 23.71, 95.23, 0, -0.7128, -3.2138, 0
 5475, 23.8, 93.79, 0, 3.7492, -2.5751, 0
 5500, 23.8, 93.79, 0, 3.7492, -2.5751, 0
 5525, 23.95, 92.65, 0, 3.5681, -0.2241, 0
 5550, 24.18, 91.89, 0, 7.3762, -0.7236, 0
 5575, 24.51, 90.74, 0, 7.673, -3.0944, 0
 5600, 24.51, 90.74, 0, 7.673, -3.0944, 0
 5625, 24.62, 89.27, 0, -1.2391, -0.0889, 0
 5650, 24.62, 89.27, 0, -1.2391, -0.0889, 0
 5675, 24.4, 88.08, 0, -5.9498, 3.4475, 0
 5700, 24.29, 86.83, 0, -1.2845, 2.4859, 0
 5725, 24.29, 86.83, 0, -1.2845, 2.4859, 0
 5750, 24.36, 85.12, 0, 1.669, -0.4727, 0
 5775, 24.36, 85.12, 0, 1.669, -0.4727, 0
 5800, 24.4, 84.88, 0, 0.9189, 0.5226, 0
 5825, 24.38, 84.92, 0, -1.8379, -0.061, 0
 5850, 24.38, 84.92, 0, -1.8379, -0.061, 0
 5875, 24.27, 85.23, 0, -3.0256, -0.9034, 0
 5900, 24.01, 85.63, 0, -9.9221, -3.4214, 0
 5925, 24.01, 85.63, 0, -9.9221, -3.4214, 0
 5950, 23.34, 85.83, 0, -20.2207, -2.3897, 0
 5975, 22.72, 85.89, 0, -20.3898, 2.2878, 0
 6000, 21.99, 85.8, 0, -16.5859, 3.9896, 0
 6025, 21.99, 85.8, 0, -16.5859, 3.9896, 0
 6050, 21.57, 85.73, 0, -5.7154, 3.2714, 0
 6075, 21.59, 85.36, 0, 3.4733, -0.6263, 0
 6100, 21.59, 85.36, 0, 3.4733, -0.6263, 0
 6125, 21.78, 84.52, 0, 4.4681, -0.7107, 0
 6150, 21.74, 83.77, 0, -5.2191, -0.3571, 0
 6175, 21.74, 83.77, 0, -5.2191, -0.3571, 0
 6200, 21.46, 83.25, 0, -6.984, 0.9641, 0
 6225, 21.27, 82.87, 0, -4.2, -2.4995, 0
 6250, 21.1, 82.49, 0, -3.1396, -1.7242, 0
 6275, 21.1, 82.49, 0, -3.1396, -1.7242, 0
 6300, 21.17, 81.73, 0, 4.869, -1.0286, 0
 6325, 21.4, 80.76, 0, 6.3383, -0.1498, 0
 6350, 21.4, 80.76, 0, 6.3383, -0.1498, 0
 6375, 21.74, 79.65, 0, 10.0461, 1.7182, 0
 6400, 22.27, 78.37, 0, 15.0585, 1.2514, 0
 6425, 22.27, 78.37, 0, 15.0585, 1.2514, 0
 6450, 22.81, 77.2, 0, 12.4556, -0.2334, 0
 6475, 23.32, 76.18, 0, 13.4472, -0.5106, 0
 6500, 23.32, 76.18, 0, 13.4472, -0.5106, 0
 6525, 23.9, 75.36, 0, 14.5241, -1.6492, 0
 6550, 24.45, 74.73, 0, 13.6575, 0.2487, 0
 6575, 24.45, 74.73, 0, 13.6575, 0.2487, 0
 6600, 25.16, 73.82, 0, 20.8398, -0.734, 0
 6625, 26.03, 72.74, 0, 20.9313, -1.2625, 0
 6650, 26.8, 71.86, 0, 19.8074, 0.6347, 0
 6675, 26.8, 71.86, 0, 19.8074, 0.6347, 0
 6700, 27.67, 70.93, 0, 22.2899, 2.9815, 0
 6725, 28.32, 70.35, 0, 21.0603, 4.5632, 0
 6750, 28.32, 70.35, 0, 21.0603, 4.5632, 0
 6775, 29.13, 69.71, 0, 20.3717, 5.9409, 0
 6800, 29.98, 69.07, 0, 21.4667, 5.5988, 0
 6825, 29.98, 69.07, 0, 21.4667, 5.5988, 0
 6850, 30.72, 68.43, 0, 16.3578, 4.4783, 0
 6875, 31.25, 67.71, 0, 11.2035, 5.6134, 0
 6900, 31.25, 67.71, 0, 11.2035, 5.6134, 0
 6925, 31.56, 67.12, 0, 4.38, 3.5469, 0
 6950, 31.48, 66.64, 0, -3.9733, 0.5244, 0
 6975, 31.36, 66.23, 0, -2.7343, 2.708, 0
 7000, 31.36, 66.23, 0, -2.7343, 2.708, 0
 7025, 31.23, 65.64, 0, -3.4714, -1.8036, 0
 7050, 31.16, 64.82, 0, 0.1119, 1.3532, 0
 7075, 31.27, 64.04, 0, 3.3277, 0.6191, 0
 7100, 31.27, 64.04, 0, 3.3277, 0.6191, 0
 7125, 31.39, 63.22, 0, 3.27, 1.2922, 0
 7150, 31.5, 62.47, 0, 2.3881, 2.1194, 0
 7175, 31.5, 62.47, 0, 2.3881, 2.1194, 0
 7200, 31.56, 61.8, 0, 0.0143, 0.4085, 0
 7225, 31.56, 61.12, 0, 0.5111, 0.5927, 0
 7250, 31.59, 60.49, 0, 0.971, 0.0999, 0
 7275, 31.59, 60.49, 0, 0.971, 0.0999, 0
 7300, 31.65, 59.92, 0, 2.177, 0.323, 0
 7325, 31.65, 59.92, 0, 2.177, 0.323, 0
 7350, 31.81, 59.31, 0, 4.9565, 0.7167, 0
 7375, 32.03, 58.65, 0, 4.5823, 0.4559, 0
 7400, 32.17, 57.98, 0, 3.8046, 0.2063, 0
 7425, 32.17, 57.98, 0, 3.8046, 0.2063, 0
 7450, 32.37, 57.12, 0, 5.2372, 1.8324, 0
 7475, 32.51, 56.4, 0, 3.2344, 0.934, 0
 7500, 32.51, 56.4, 0, 3.2344, 0.934, 0
 7525, 32.67, 55.89, 0, 4.7002, 0.1589, 0
 7550, 32.85, 55.59, 0, 6.4584, 0.6003, 0
 7575, 33.12, 55.38, 0, 7.3073, 0.8704, 0
 7600, 33.12, 55.38, 0, 7.3073, 0.8704, 0
 7625, 33.55, 55.21, 0, 13.248, 2.9027, 0
 7650, 33.55, 55.21, 0, 13.248, 2.9027, 0
 7675, 34.18, 55.01, 0, 16.0965, 3.2596, 0
 7700, 34.7, 54.86, 0, 9.3386, 1.4358, 0
 7725, 35.04, 54.65, 0, 8.3555, 4.4517, 0
 7750, 35.04, 54.65, 0, 8.3555, 4.4517, 0
 7775, 35.3, 54.38, 0, 5.389, 3.8162, 0
 7800, 35.47, 53.9, 0, 3.574, 3.1539, 0
 7825, 35.47, 53.9, 0, 3.574, 3.1539, 0
 7850, 35.63, 53.39, 0, 4.8992, 2.8388, 0
 7875, 35.86, 52.79, 0, 5.802, 1.8415, 0
 7900, 35.86, 52.79, 0, 5.802, 1.8415, 0
 7925, 36.09, 52.21, 0, 5.9072, 2.8609, 0
 7950, 36.36, 51.78, 0, 7.1403, 3.28, 0
 7975, 36.62, 51.31, 0, 5.5631, 2.6848, 0
 8000, 36.62, 51.31, 0, 5.5631, 2.6848, 0
 8025, 36.71, 50.91, 0, 0.6415, 3.2337, 0
 8050, 36.71, 50.45, 0, -0.397, 2.5261, 0
 8075, 36.71, 50.45, 0, -0.397, 2.5261, 0
 8100, 36.67, 50.06, 0, -0.9956, 0.4635, 0
 8125, 36.62, 49.8, 0, -1.1494, 0.2899, 0
 8150, 36.62, 49.4, 0, 1.0279, 1.998, 0
 8175, 36.62, 49.4, 0, 1.0279, 1.998, 0
 8200, 36.69, 48.84, 0, 1.921, 2.7556, 0
 8225, 36.76, 48.19, 0, 1.8361, 3.1826, 0
 8250, 36.76, 48.19, 0, 1.8361, 3.1826, 0
 8275, 36.85, 47.55, 0, 2.7091, 3.2065, 0
 8300, 36.98, 47.23, 0, 4.7373, 4.0612, 0
 8325, 37.23, 46.87, 0, 6.3403, 3.1388, 0
 8350, 37.23, 46.87, 0, 6.3403, 3.1388, 0
 8375, 37.49, 46.52, 0, 7.6059, 4.1815, 0
 8400, 37.79, 45.25, 0, 6.6989, 6.3885, 0
 8425, 37.79, 45.25, 0, 6.6989, 6.3885, 0
 8450, 38.02, 44.01, 0, 4.9342, 8.2938, 0
 8475, 38.18, 43.51, 0, 4.145, 6.0737, 0
 8500, 38.18, 43.51, 0, 4.145, 6.0737, 0
 8525, 38.38, 43.63, 0, 5.3683, 3.4242, 0
 8550, 38.59, 44.05, 0, 5.4141, 1.0992, 0
 8575, 38.8, 44.04, 0, 4.7786, 2.1522, 0
 8600, 38.8, 44.04, 0, 4.7786, 2.1522, 0
 8625, 38.94, 43.78, 0, 2.8337, 3.6285, 0
 8650, 39.01, 43.32, 0, 1.0434, 3.4538, 0
 8675, 39.01, 43.32, 0, 1.0434, 3.4538, 0
 8700, 38.98, 43.13, 0, -2.8823, 2.1877, 0
 8725, 38.73, 43.26, 0, -8.6857, -1.6995, 0
 8750, 37.95, 43.33, 0, -27.0092, -12.6194, 0
 8775, 37.95, 43.33, 0, -27.0092, -12.6194, 0
 8800, 36.71, 43.24, 0, -31.9662, -6.1021, 0
 8825, 36.71, 43.24, 0, -31.9662, -6.1021, 0
 8850, 35.39, 42.71, 0, -32.7787, -2.3076, 0
 8875, 34.27, 41.99, 0, -24.6594, -0.5314, 0
 8900, 33.61, 41.23, 0, -12.0338, 4.0607, 0
 8925, 33.61, 41.23, 0, -12.0338, 4.0607, 0
 8950, 33.32, 40.59, 0, -6.0131, 4.1944, 0
 8975, 33.18, 40.3, 0, -4.6577, 2.593, 0
 9000, 33.18, 40.3, 0, -4.6577, 2.593, 0
 9025, 33, 39.72, 0, -4.8824, -1.5727, 0
 9050, 32.76, 39.06, 0, -5.2438, -3.5301, 0
 9075, 32.76, 39.06, 0, -5.2438, -3.5301, 0
 9100, 32.6, 38.23, 0, -3.0909, -2.1328, 0
 9125, 32.58, 37.54, 0, 0.4767, 1.2054, 0
 9150, 32.58, 37.54, 0, 0.4767, 1.2054, 0
 9175, 32.6, 37.12, 0, 1.1199, 1.0068, 0
 9200, 32.6, 37.12, 0, 1.1199, 1.0068, 0
 9225, 32.94, 36.29, 0, 4.7798, -0.0574, 0
 9250, 32.94, 36.29, 0, 4.7798, -0.0574, 0
 9275, 33.1, 35.64, 0, 3.3641, 0.1893, 0
 9300, 33.23, 34.97, 0, 2.9, 0.8334, 0
 9325, 33.23, 34.97, 0, 2.9, 0.8334, 0
 9350, 33.3, 34.45, 0, 1.0192, -0.0089, 0
 9375, 33.28, 34, 0, -0.6853, -0.6888, 0
 9400, 33.3, 33.78, 0, 1.1865, -1.489, 0
 9425, 33.3, 33.78, 0, 1.1865, -1.489, 0
 9450, 33.34, 33.46, 0, 0.8293, -2.8886, 0
 9475, 33.34, 33.12, 0, -1.035, -2.7436, 0
 9500, 33.34, 33.12, 0, -1.035, -2.7436, 0
 9525, 33.21, 32.68, 0, -4.4716, -3.5031, 0
 9550, 33.07, 32.32, 0, -2.5365, -0.2937, 0
 9575, 33.07, 32.32, 0, -2.5365, -0.2937, 0
 9600, 32.98, 32.22, 0, -2.6358, -1.1464, 0
 9625, 32.85, 32, 0, -2.8653, -0.9582, 0
 9650, 32.85, 32, 0, -2.8653, -0.9582, 0
 9675, 32.83, 31.53, 0, 0.8385, -1.1408, 0
 9700, 32.89, 30.75, 0, 1.1741, -0.4465, 0
 9725, 32.94, 30.13, 0, 1.6476, 0.7485, 0
 9750, 32.94, 30.13, 0, 1.6476, 0.7485, 0
 9775, 33.05, 29.64, 0, 3.4888, 0.5262, 0
 9800, 33.12, 29.29, 0, 1.496, -2.1565, 0
 9825, 33.1, 28.94, 0, -1.441, -2.1518, 0
 9850, 33.1, 28.94, 0, -1.441, -2.1518, 0
 9875, 33.07, 28.45, 0, -0.0537, -0.6859, 0
 9900, 33.09, 27.87, 0, 0.2837, -1.4376, 0
 9925, 33.09, 27.87, 0, 0.2837, -1.4376, 0
 9950, 33.12, 27.19, 0, 1.7852, 0.7286, 0
 9975, 33.23, 26.39, 0, 2.6929, 0.3183, 0
 10000, 33.23, 26.39, 0, 2.6929, 0.3183, 0
 10025, 33.27, 25.54, 0, -0.1735, -1.7263, 0
 10050, 33.21, 24.83, 0, -1.5578, -1.7184, 0
 10075, 33.21, 24.83, 0, -1.5578, -1.7184, 0
 10100, 33.1, 24.19, 0, -3.8894, -4.1212, 0
 10125, 32.91, 23.72, 0, -5.4587, -3.6801, 0
 10150, 32.91, 23.72, 0, -5.4587, -3.6801, 0
 10175, 32.64, 23.33, 0, -7.905, -5.4572, 0
 10200, 32.12, 23, 0, -18.1971, -11.4968, 0
 10225, 32.12, 23, 0, -18.1971, -11.4968, 0
 10250, 31.21, 22.62, 0, -24.6566, -7.3881, 0
 10275, 30.13, 22.03, 0, -29.1882, -5.9814, 0
 10300, 28.98, 21.45, 0, -27.7473, -5.3684, 0
 10325, 28.98, 21.45, 0, -27.7473, -5.3684, 0
 10350, 27.92, 20.94, 0, -25.1058, -5.6726, 0
 10375, 26.99, 20.41, 0, -21.8071, -6.0173, 0
 10400, 26.16, 20.05, 0, -20.4546, -8.9922, 0
 10425, 26.16, 20.05, 0, -20.4546, -8.9922, 0
 10450, 25.4, 19.66, 0, -19.056, -8.2125, 0
 10475, 24.64, 19.14, 0, -18.5102, -5.5965, 0
 10500, 24.64, 19.14, 0, -18.5102, -5.5965, 0
 10525, 24.03, 18.74, 0, -13.0883, -0.9649, 0
 10550, 23.62, 18.41, 0, -8.2387, 0.1462, 0
 10575, 23.5, 18.21, 0, -0.0904, 2.1362, 0
 10600, 23.5, 18.21, 0, -0.0904, 2.1362, 0
 10625, 23.52, 17.96, 0, 1.2084, -0.8726, 0
 10650, 23.52, 17.96, 0, 1.2084, -0.8726, 0
 10675, 23.62, 17.67, 0, 2.6892, 0.0537, 0
 10700, 23.69, 17.45, 0, 1.4849, -1.0537, 0
 10725, 23.78, 17.17, 0, 2.7821, 0.3529, 0
 10750, 23.78, 17.17, 0, 2.7821, 0.3529, 0
 10775, 23.8, 16.98, 0, -1.4608, -2.4724, 0
 10800, 23.63, 16.82, 0, -5.3791, -2.7008, 0
 10825, 23.63, 16.82, 0, -5.3791, -2.7008, 0
 10850, 23.41, 16.7, 0, -4.8964, -3.281, 0
 10875, 23.26, 16.49, 0, -3.4419, -3.5394, 0
 10900, 23.11, 16.33, 0, -3.3994, -1.5079, 0
 10925, 23.11, 16.33, 0, -3.3994, -1.5079, 0
 10950, 23.02, 16.41, 0, -2.2529, -0.9094, 0
 10975, 22.79, 16.54, 0, -9.1713, -8.2678, 0
 11000, 22.79, 16.54, 0, -9.1713, -8.2678, 0
 11025, 22.25, 16.63, 0, -15.5101, -9.6645, 0
 11050, 21.42, 16.37, 0, -26.052, -13.349, 0
 11075, 20.09, 15.74, 0, -34.7777, -13.1986, 0
 11100, 20.09, 15.74, 0, -34.7777, -13.1986, 0
 11125, 18.78, 15.25, 0, -32.4005, -2.8774, 0
 11150, 18.78, 15.25, 0, -32.4005, -2.8774, 0
 11175, 17.68, 15, 0, -22.6787, 6.2803, 0
 11200, 17.1, 15.05, 0, -10.9268, 10.3254, 0
 11225, 16.77, 14.97, 0, -5.9053, 5.8698, 0
 11250, 16.77, 14.97, 0, -5.9053, 5.8698, 0
 11275, 16.7, 14.81, 0, -0.9667, 2.352, 0
 11300, 16.64, 14.56, 0, -1.8331, -2.8285, 0
 11325, 16.64, 14.56, 0, -1.8331, -2.8285, 0
 11350, 16.54, 14.33, 0, -3.7365, -2.3404, 0
 11375, 16.35, 14.06, 0, -4.5388, -0.6018, 0
 11400, 16.21, 13.86, 0, -5.2971, -1.232, 0
 11425, 16.21, 13.86, 0, -5.2971, -1.232, 0
 11450, 15.96, 13.58, 0, -6.3007, -1.7902, 0
 11475, 15.7, 13.34, 0, -6.6711, -1.3546, 0
 11500, 15.7, 13.34, 0, -6.6711, -1.3546, 0
 11525, 15.37, 13.09, 0, -9.2535, -3.7196, 0
 11550, 14.9, 12.71, 0, -13.3489, -6.2866, 0
 11575, 14.9, 12.71, 0, -13.3489, -6.2866, 0
 11600, 14.35, 12.34, 0, -13.1238, -2.8382, 0
 11625, 13.9, 12.03, 0, -10.9066, -1.5287, 0
 11650, 13.41, 11.79, 0, -12.1841, -3.4954, 0
 11675, 13.41, 11.79, 0, -12.1841, -3.4954, 0
 11700, 13.03, 11.62, 0, -7.8062, 0.335, 0
 11725, 12.77, 11.52, 0, -5.8922, -3.9588, 0
 11750, 12.77, 11.52, 0, -5.8922, -3.9588, 0
 11775, 12.63, 11.39, 0, -2.112, -2.931, 0
 11800, 12.53, 11.32, 0, -2.5723, -3.213, 0
 11825, 12.37, 11.26, 0, -5.5956, -5.7566, 0
 11850, 12.37, 11.26, 0, -5.5956, -5.7566, 0
 11875, 12.13, 11.34, 0, -5.2879, -3.386, 0
 11900, 12.15, 11.89, 0, 4.3173, 4.7052, 0
 11925, 12.15, 11.89, 0, 4.3173, 4.7052, 0
 11950, 12.65, 13.38, 0, 18.315, 13.423, 0
 11975, 13.8, 16.2, 0, 33.9896, 21.4467, 0
 12000, 13.8, 16.2, 0, 33.9896, 21.4467, 0
 12025, 15.47, 19.69, 0, 45.4609, 23.151, 0
 12050, 16.93, 23.13, 0, 27.8129, 0.335, 0
 12075, 17.64, 26, 0, 12.9078, -7.5133, 0
 12100, 17.64, 26, 0, 12.9078, -7.5133, 0
 12125, 17.84, 27.39, 0, 3.7853, -8.1423, 0
 12150, 17.7, 28.41, 0, -6.4254, -5.61, 0
 12175, 17.7, 28.41, 0, -6.4254, -5.61, 0
 12200, 17.37, 29.03, 0, -8.9668, -1.8272, 0
 12225, 17.16, 29.33, 0, -1.9417, 4.0516, 0
 12250, 17.16, 29.33, 0, -1.9417, 4.0516, 0
 12275, 17.24, 29.64, 0, 3.6292, 3.208, 0
 12300, 17.41, 29.87, 0, 4.1071, 1.8577, 0
 12325, 17.41, 29.87, 0, 4.1071, 1.8577, 0
 12350, 17.49, 29.99, 0, 0.2889, 0.5945, 0
 12375, 17.39, 29.66, 0, -3.9224, -2.5858, 0
 12400, 17.18, 28.86, 0, -6.1134, -1.6945, 0
 12425, 17.18, 28.86, 0, -6.1134, -1.6945, 0
 12450, 16.89, 28, 0, -7.3818, -1.7812, 0
 12475, 16.89, 28, 0, -7.3818, -1.7812, 0
 12500, 16.7, 26.98, 0, -2.2352, 3.4004, 0
 12525, 16.75, 25.79, 0, 2.2267, 3.9729, 0
 12550, 16.85, 24.74, 0, 2.5634, 4.1108, 0
 12575, 16.93, 23.95, 0, 1.7645, 2.6473, 0
 12600, 16.93, 23.95, 0, 1.7645, 2.6473, 0
 12625, 17.01, 23.14, 0, 2.0445, 3.2957, 0
 12650, 17.08, 22.57, 0, 0.9781, 2.236, 0
 12675, 17.08, 22.57, 0, 0.9781, 2.236, 0
 12700, 17.12, 22.37, 0, 2.4297, 1.6512, 0
 12725, 17.33, 22.02, 0, 5.9614, 3.1081, 0
 12750, 17.33, 22.02, 0, 5.9614, 3.1081, 0
 12775, 17.51, 21.91, 0, 3.5275, 1.8528, 0
 12800, 17.68, 22.39, 0, 5.1202, 5.8252, 0
 12825, 17.95, 23.32, 0, 8.1181, 5.5855, 0
 12850, 17.95, 23.32, 0, 8.1181, 5.5855, 0
 12875, 18.37, 24.51, 0, 12.2845, 4.587, 0
 12900, 18.95, 25.45, 0, 15.4723, 7.4456, 0
 12925, 18.95, 25.45, 0, 15.4723, 7.4456, 0
 12950, 19.6, 26.21, 0, 16.6141, 9.182, 0
 12975, 20.09, 26.9, 0, 15.2413, 8.0308, 0
 13000, 20.09, 26.9, 0, 15.2413, 8.0308, 0
 13025, 20.61, 27.89, 0, 12.1369, 4.8688, 0
 13050, 21, 28.88, 0, 7.991, 2.802, 0
 13075, 21, 28.88, 0, 7.991, 2.802, 0
 13100, 21.21, 29.56, 0, 3.7314, 1.1194, 0
 13125, 21.34, 30, 0, 3.9131, 3.2314, 0
 13150, 21.57, 30.49, 0, 7.0855, 4.6379, 0
 13175, 21.57, 30.49, 0, 7.0855, 4.6379, 0
 13200, 22, 31.04, 0, 13.4122, 7.0159, 0
 13225, 22.62, 31.92, 0, 15.633, 5.0876, 0
 13250, 23.24, 32.95, 0, 16.1673, 3.5709, 0
 13275, 23.24, 32.95, 0, 16.1673, 3.5709, 0
 13300, 23.91, 33.92, 0, 16.407, 3.8495, 0
 13325, 24.53, 34.92, 0, 14.6234, 4.0531, 0
 13350, 24.53, 34.92, 0, 14.6234, 4.0531, 0
 13375, 25.14, 35.91, 0, 16.3264, 5.4401, 0
 13400, 25.14, 35.91, 0, 16.3264, 5.4401, 0
 13425, 25.81, 36.87, 0, 16.2839, 4.9373, 0
 13450, 26.51, 37.92, 0, 19.3863, 8.2091, 0
 13475, 27.39, 39.22, 0, 23.203, 5.5321, 0
 13500, 27.39, 39.22, 0, 23.203, 5.5321, 0
 13525, 28.31, 40.46, 0, 22.3176, 0.6666, 0
 13550, 29.07, 41.64, 0, 17.1381, -1.6325, 0
 13575, 29.07, 41.64, 0, 17.1381, -1.6325, 0
 13600, 29.71, 42.55, 0, 15.3914, 2.9749, 0
 13625, 30.25, 43.42, 0, 10.9909, 2.7063, 0
 13650, 30.25, 43.42, 0, 10.9909, 2.7063, 0
 13675, 30.62, 44.27, 0, 9.4767, 4.3319, 0
 13700, 31.14, 45.07, 0, 16.2956, 6.0594, 0
 13725, 31.66, 45.56, 0, 17.1328, 2.0483, 0
 13750, 31.66, 45.56, 0, 17.1328, 2.0483, 0
 13775, 32.33, 46.19, 0, 16.7203, 2.125, 0
 13800, 33.09, 46.83, 0, 19.7644, 2.6595, 0
 13825, 33.88, 47.5, 0, 19.5669, 1.9241, 0
 13850, 33.88, 47.5, 0, 19.5669, 1.9241, 0
 13875, 34.73, 48.28, 0, 23.2131, 3.2925, 0
 13900, 35.8, 49.22, 0, 28.2803, 0.6968, 0
 13925, 35.8, 49.22, 0, 28.2803, 0.6968, 0
 13950, 36.91, 50.18, 0, 26.9161, -3.0614, 0
 13975, 38.04, 51.07, 0, 29.355, -0.7069, 0
 14000, 38.04, 51.07, 0, 29.355, -0.7069, 0
 14025, 39.22, 51.98, 0, 29.2559, -2.9044, 0
 14050, 40.28, 52.86, 0, 24.7531, -5.2128, 0
 14075, 40.28, 52.86, 0, 24.7531, -5.2128, 0
 14100, 41.29, 53.69, 0, 26.0397, -1.639, 0
 14125, 42.31, 54.59, 0, 23.42, -5.0526, 0
 14150, 42.31, 54.59, 0, 23.42, -5.0526, 0
 14175, 43.13, 55.45, 0, 19.3795, -4.8102, 0
 14200, 43.95, 56.34, 0, 21.9962, -4.1542, 0
 14225, 44.85, 57.29, 0, 21.5918, -7.9455, 0
 14250, 44.85, 57.29, 0, 21.5918, -7.9455, 0
 14275, 45.69, 58.14, 0, 21.3653, -7.7156, 0
 14300, 46.68, 58.96, 0, 28.4326, -5.0041, 0
 14325, 47.85, 59.87, 0, 27.9586, -9.8046, 0
 14350, 47.85, 59.87, 0, 27.9586, -9.8046, 0
 14375, 48.85, 60.67, 0, 23.0383, -7.8359, 0
 14400, 49.76, 61.39, 0, 22.2114, -5.3086, 0
 14425, 49.76, 61.39, 0, 22.2114, -5.3086, 0
 14450, 50.56, 62.13, 0, 18.2576, -7.3371, 0
 14475, 51.19, 62.89, 0, 15.0039, -4.687, 0
 14500, 51.19, 62.89, 0, 15.0039, -4.687, 0
 14525, 51.61, 63.38, 0, 13.3985, -3.6617, 0
 14550, 52.13, 64.03, 0, 14.8813, -4.216, 0
 14575, 52.92, 64.65, 0, 21.8933, -7.212, 0
 14600, 52.92, 64.65, 0, 21.8933, -7.212, 0
 14625, 53.89, 65.33, 0, 25.6648, -9.9605, 0
 14650, 53.89, 65.33, 0, 25.6648, -9.9605, 0
 14675, 55, 66.04, 0, 28.3542, -9.3449, 0
 14700, 56.13, 66.79, 0, 28.634, -8.5058, 0
 14725, 57.29, 67.6, 0, 28.9684, -7.2971, 0
 14750, 57.29, 67.6, 0, 28.9684, -7.2971, 0
 14775, 58.49, 68.4, 0, 29.8109, -8.2119, 0
 14800, 59.59, 69.15, 0, 26.8554, -8.973, 0
 14825, 59.59, 69.15, 0, 26.8554, -8.973, 0
 14850, 60.62, 69.8, 0, 24.8824, -6.916, 0
 14875, 61.59, 70.36, 0, 23.4499, -8.5317, 0
 14900, 62.47, 71.06, 0, 21.8918, -8.0076, 0
 14925, 62.47, 71.06, 0, 21.8918, -8.0076, 0
 14950, 63.34, 72.12, 0, 21.6051, -8.4266, 0
 14975, 64.16, 73.67, 0, 18.8441, -11.4761, 0
 15000, 64.16, 73.67, 0, 18.8441, -11.4761, 0
 15025, 64.8, 75.33, 0, 14.8568, -10.438, 0
 15050, 65.39, 77.01, 0, 14.2637, -7.8582, 0
 15075, 65.86, 78.68, 0, 10.4452, -8.1676, 0
 15100, 65.86, 78.68, 0, 10.4452, -8.1676, 0
 15125, 66.32, 80.16, 0, 12.6306, -6.9832, 0
 15150, 66.86, 81.86, 0, 13.769, -8.0129, 0
 15175, 66.86, 81.86, 0, 13.769, -8.0129, 0
 15200, 67.47, 83.7, 0, 16.2775, -6.0867, 0
 15225, 68.03, 84.97, 0, 11.9224, -3.0943, 0
 15250, 68.03, 84.97, 0, 11.9224, -3.0943, 0
 15275, 68.5, 86.12, 0, 12.3848, -0.8666, 0
 15300, 68.9, 87.07, 0, 13.463, -1.9043, 0
 15325, 69.37, 88.3, 0, 10.3144, -4.1605, 0
 15350, 69.37, 88.3, 0, 10.3144, -4.1605, 0
 15375, 69.8, 89.27, 0, 13.1225, -2.3634, 0
 15400, 70.75, 89.88, 0, 29.2929, -6.4722, 0
 15425, 70.75, 89.88, 0, 29.2929, -6.4722, 0
 15450, 72.13, 90.16, 0, 38.0127, -16.5685, 0
 15475, 74.14, 90.22, 0, 57.083, -14.7375, 0
 15500, 74.14, 90.22, 0, 57.083, -14.7375, 0
 15525, 76.51, 90.17, 0, 60.0926, -20.9269, 0
 15550, 78.94, 90.19, 0, 60.3707, -19.5523, 0
 15575, 81.18, 90.25, 0, 53.7027, -16.8357, 0
 15600, 81.18, 90.25, 0, 53.7027, -16.8357, 0
 15625, 83.03, 90.23, 0, 41.1906, -13.2345, 0
 15650, 84.22, 90.12, 0, 21.5612, -6.3538, 0
 15675, 84.22, 90.12, 0, 21.5612, -6.3538, 0
 15700, 84.63, 89.84, 0, 3.3946, 3.1792, 0
 15725, 84.47, 89.51, 0, -8.1573, 8.2012, 0
 15750, 84.47, 89.51, 0, -8.1573, 8.2012, 0
 15775, 84.04, 89.17, 0, -10.888, 7.8711, 0
 15800, 83.63, 88.98, 0, -9.8302, 5.7178, 0
 15825, 83.25, 88.67, 0, -8.7463, 5.7483, 0
 15850, 83.25, 88.67, 0, -8.7463, 5.7483, 0
 15875, 82.92, 88.34, 0, -8.5531, 4.4109, 0
 15900, 82.49, 88.11, 0, -11.7334, 4.7155, 0
 15925, 82.49, 88.11, 0, -11.7334, 4.7155, 0
 15950, 81.99, 87.94, 0, -12.6481, 6.5692, 0
 15975, 81.49, 87.84, 0, -12.2387, 5.9229, 0
 16000, 81.49, 87.84, 0, -12.2387, 5.9229, 0
 16025, 81.07, 87.76, 0, -10.7009, 5.3895, 0
 16050, 80.74, 87.69, 0, -10.1577, 5.6812, 0
 16075, 80.46, 87.46, 0, -5.3428, 4.9499, 0
 16100, 80.46, 87.46, 0, -5.3428, 4.9499, 0
 16125, 80.27, 87.13, 0, -5.3617, 3.6416, 0
 16150, 79.96, 86.92, 0, -7.4455, 5.9679, 0
 16175, 79.96, 86.92, 0, -7.4455, 5.9679, 0
 16200, 79.77, 86.76, 0, -3.3737, 3.824, 0
 16225, 79.62, 86.66, 0, -4.8538, 2.1551, 0
 16250, 79.45, 86.56, 0, -4.2422, -0.5139, 0
 16275, 79.45, 86.56, 0, -4.2422, -0.5139, 0
 16300, 79.17, 86.48, 0, -7.5712, -3.7804, 0
 16325, 79.03, 86.49, 0, -0.3425, 0.1489, 0
 16350, 79.03, 86.49, 0, -0.3425, 0.1489, 0
 16375, 79.07, 86.47, 0, 1.7272, -3.0586, 0
 16400, 79.28, 86.39, 0, 6.3155, -1.6936, 0
 16425, 79.28, 86.39, 0, 6.3155, -1.6936, 0
 16450, 79.41, 86.36, 0, 1.4651, 2.5589, 0
 16475, 79.49, 86.25, 0, 3.0357, 4.6531, 0
 16500, 79.49, 86.25, 0, 3.0357, 4.6531, 0
 16525, 79.74, 85.98, 0, 8.4755, 3.2792, 0
 16550, 80.17, 85.55, 0, 14.7554, 3.1462, 0
 16575, 80.88, 85.04, 0, 17.6987, 1.5072, 0
 16600, 80.88, 85.04, 0, 17.6987, 1.5072, 0
 16625, 81.38, 84.43, 0, 9.7035, 4.9587, 0
 16650, 81.59, 83.78, 0, 3.2675, 9.6554, 0
 16675, 81.59, 83.78, 0, 3.2675, 9.6554, 0
 16700, 81.59, 83.27, 0, -1.3313, 10.335, 0
 16725, 81.59, 82.67, 0, 2.3176, 9.5802, 0
 16750, 81.72, 82.11, 0, 2.648, 4.9109, 0
 16775, 81.72, 82.11, 0, 2.648, 4.9109, 0
 16800, 81.84, 81.43, 0, 3.5661, 6.3288, 0
 16825, 81.97, 80.84, 0, 4.5829, 7.0347, 0
 16850, 81.97, 80.84, 0, 4.5829, 7.0347, 0
 16875, 82.11, 80.07, 0, 2.5791, 7.3178, 0
 16900, 82.22, 79.17, 0, 3.3308, 9.0146, 0
 16925, 82.22, 79.17, 0, 3.3308, 9.0146, 0
 16950, 82.36, 78.3, 0, 2.8904, 7.4756, 0
 16975, 82.43, 77.51, 0, 1.5649, 6.6851, 0
 17000, 82.53, 76.71, 0, 3.3868, 6.402, 0
 17025, 82.53, 76.71, 0, 3.3868, 6.402, 0
 17050, 82.74, 76.05, 0, 6.0225, 5.3145, 0
 17075, 83.01, 75.5, 0, 7.1828, 5.1301, 0
 17100, 83.01, 75.5, 0, 7.1828, 5.1301, 0
 17125, 83.34, 74.86, 0, 8.5544, 8.5012, 0
 17150, 83.63, 74.18, 0, 6.1631, 8.1702, 0
 17175, 83.63, 74.18, 0, 6.1631, 8.1702, 0
 17200, 83.79, 73.64, 0, 3.1522, 5.4508, 0
 17225, 83.98, 73.05, 0, 5.9793, 6.1252, 0
 17250, 83.98, 73.05, 0, 5.9793, 6.1252, 0
 17275, 84.18, 72.46, 0, 3.3801, 3.2846, 0
 17300, 84.26, 71.95, 0, 1.5268, 3.8581, 0
 17325, 84.26, 71.95, 0, 1.5268, 3.8581, 0
 17350, 84.26, 71.52, 0, -0.7514, 4.1668, 0
 17375, 84.2, 71.14, 0, -2.067, 3.8692, 0
 17400, 84.1, 70.75, 0, -2.8184, 2.5689, 0
 17425, 84.1, 70.75, 0, -2.8184, 2.5689, 0
 17450, 83.98, 70.51, 0, -3.3144, 1.7748, 0
 17475, 83.85, 70.35, 0, -3.5546, 2.631, 0
 17500, 83.85, 70.35, 0, -3.5546, 2.631, 0
 17525, 83.63, 70.25, 0, -6.1627, 5.1763, 0
 17550, 83.36, 70.05, 0, -7.1032, 5.3499, 0
 17575, 83.36, 70.05, 0, -7.1032, 5.3499, 0
 17600, 83.11, 69.71, 0, -5.7012, 5.7476, 0
 17625, 82.99, 69.32, 0, -2.9463, 5.7512, 0
 17650, 82.9, 68.79, 0, -2.328, 5.3866, 0
 17675, 82.9, 68.79, 0, -2.328, 5.3866, 0
 17700, 82.88, 68.24, 0, 0.3104, 5.8172, 0
 17725, 82.88, 67.61, 0, -0.1522, 4.2929, 0
 17750, 82.88, 67.61, 0, -0.1522, 4.2929, 0
 17775, 82.86, 66.97, 0, -1.0063, 4.0672, 0
 17800, 82.84, 66.29, 0, 0.139, 4.559, 0
 17825, 82.92, 65.73, 0, 3.2619, 3.6816, 0
 17850, 82.92, 65.73, 0, 3.2619, 3.6816, 0
 17875, 83.05, 65.29, 0, 2.8041, 1.3775, 0
 17900, 83.11, 64.71, 0, 0.4995, 2.647, 0
 17925, 83.11, 64.71, 0, 0.4995, 2.647, 0
 17950, 83.07, 64.08, 0, -1.6344, 4.0614, 0
 17975, 83.07, 64.08, 0, -1.6344, 4.0614, 0
 18000, 82.96, 63.37, 0, -3.6724, 5.4821, 0
 18025, 82.82, 62.54, 0, -3.3398, 7.0689, 0
 18050, 82.72, 61.69, 0, -1.637, 7.0094, 0
 18075, 82.72, 61.69, 0, -1.637, 7.0094, 0
 18100, 82.47, 60.79, 0, -12.0643, 5.3592, 0
 18125, 81.66, 59.94, 0, -23.0102, 8.7996, 0
 18150, 81.66, 59.94, 0, -23.0102, 8.7996, 0
 18175, 80.69, 59.12, 0, -26.0619, 12.8497, 0
 18200, 79.62, 58.24, 0, -24.7716, 12.3105, 0
 18225, 78.81, 57.23, 0, -17.6715, 11.3129, 0
 18250, 78.81, 57.23, 0, -17.6715, 11.3129, 0
 18275, 78.35, 56.47, 0, -14.4438, 8.78, 0
 18300, 77.94, 55.48, 0, -7.4405, 7.8059, 0
 18325, 77.94, 55.48, 0, -7.4405, 7.8059, 0
 18350, 77.68, 54.56, 0, -7.1622, 5.595, 0
 18375, 77.32, 53.65, 0, -9.9631, 5.5692, 0
 18400, 76.85, 52.79, 0, -12.9829, 6.5368, 0
 18425, 76.85, 52.79, 0, -12.9829, 6.5368, 0
 18450, 76.29, 51.96, 0, -14.4763, 6.4118, 0
 18475, 75.71, 51.05, 0, -13.0796, 6.072, 0
 18500, 75.3, 50.08, 0, -9.6342, 6.1475, 0
 18525, 75.3, 50.08, 0, -9.6342, 6.1475, 0
 18550, 74.91, 49.13, 0, -9.1271, 5.1564, 0
 18575, 74.73, 48.27, 0, -2.0362, 5.5354, 0
 18600, 74.73, 48.27, 0, -2.0362, 5.5354, 0
 18625, 74.65, 47.62, 0, -2.5657, 0.5519, 0
 18650, 74.56, 47.16, 0, -1.4492, 0.6368, 0
 18675, 74.56, 47.16, 0, -1.4492, 0.6368, 0
 18700, 74.51, 46.84, 0, -1.8855, -0.4395, 0
 18725, 74.45, 46.37, 0, -1.5667, 0.6762, 0
 18750, 74.45, 46.37, 0, -1.5667, 0.6762, 0
 18775, 74.28, 45.84, 0, -5.3284, 1.0023, 0
 18800, 74.1, 45.45, 0, -3.8162, 1.0742, 0
 18825, 74.1, 45.45, 0, -3.8162, 1.0742, 0
 18850, 73.99, 45.13, 0, -2.6415, -0.5813, 0
 18875, 73.95, 44.79, 0, 0.4169, 1.2365, 0
 18900, 73.99, 44.39, 0, 1.0314, 1.9833, 0
 18925, 73.99, 44.39, 0, 1.0314, 1.9833, 0
 18950, 74.03, 43.98, 0, 1.2775, 2.5214, 0
 18975, 74.06, 43.53, 0, -0.2482, 1.7149, 0
 19000, 74.06, 43.53, 0, -0.2482, 1.7149, 0
 19025, 73.95, 43.05, 0, -4.0469, 1.1283, 0
 19050, 73.77, 42.72, 0, -4.3651, 2.9824, 0
 19075, 73.58, 42.59, 0, -4.7072, 2.4138, 0
 19100, 73.58, 42.59, 0, -4.7072, 2.4138, 0
 19125, 73.44, 42.29, 0, -2.2978, 3.4782, 0
 19150, 73.4, 42.04, 0, -1.6828, 3.0994, 0
 19175, 73.4, 42.04, 0, -1.6828, 3.0994, 0
 19200, 73.29, 41.56, 0, -2.9015, 6.176, 0
 19225, 73.18, 41.22, 0, -3.2615, 5.1322, 0
 19250, 73.18, 41.22, 0, -3.2615, 5.1322, 0
 19275, 73.01, 41.03, 0, -3.7329, 3.4559, 0
 19300, 72.92, 40.98, 0, -1.2832, 2.8567, 0
 19325, 72.96, 40.82, 0, 2.2689, 2.4072, 0
 19350, 72.96, 40.82, 0, 2.2689, 2.4072, 0
 19375, 73.07, 40.7, 0, 2.2149, 0.1796, 0
 19400, 73.05, 40.5, 0, -1.9939, 2.1479, 0
 19425, 73.05, 40.5, 0, -1.9939, 2.1479, 0
 19450, 72.9, 40.24, 0, -4.9144, 4.1559, 0
 19475, 72.63, 39.96, 0, -7.8844, 3.3379, 0
 19500, 72.22, 39.72, 0, -11.0898, 4.1695, 0
 19525, 72.22, 39.72, 0, -11.0898, 4.1695, 0
 19550, 71.84, 39.53, 0, -8.4157, 5.5865, 0
 19575, 71.55, 39.33, 0, -7.2576, 3.695, 0
 19600, 71.55, 39.33, 0, -7.2576, 3.695, 0
 19625, 71.26, 39.09, 0, -6.7197, 3.9595, 0
 19650, 71, 38.97, 0, -6.483, 2.3356, 0
 19675, 71, 38.97, 0, -6.483, 2.3356, 0
 19700, 70.73, 39.07, 0, -6.4221, 0.6209, 0
 19725, 70.55, 39.02, 0, -3.3213, 0.3019, 0
 19750, 70.53, 38.92, 0, 1.6244, -0.3019, 0
 19775, 70.53, 38.92, 0, 1.6244, -0.3019, 0
 19800, 70.69, 38.74, 0, 4.5761, -0.0677, 0
 19825, 70.85, 38.63, 0, 3.2675, 1.1339, 0
 19850, 70.85, 38.63, 0, 3.2675, 1.1339, 0
 19875, 70.95, 38.64, 0, 1.6729, 2.5579, 0
 19900, 70.98, 38.89, 0, 0.3914, -0.4336, 0
 19925, 70.98, 38.89, 0, 0.3914, -0.4336, 0
 19950, 70.96, 39.21, 0, -0.0698, -2.8441, 0
 19975, 70.98, 39.45, 0, 0.104, -2.2573, 0
 20000, 70.98, 39.45, 0, 0.104, -2.2573, 0
 20025, 70.96, 39.51, 0, -0.5741, -0.0414, 0
 20050, 70.91, 39.65, 0, -2.6293, -0.1308, 0
 20075, 70.82, 40.2, 0, -1.6625, -1.1573, 0
 20100, 70.82, 40.2, 0, -1.6625, -1.1573, 0
 20125, 70.69, 41.48, 0, -5.0737, -6.2907, 0
 20150, 70.69, 41.48, 0, -5.0737, -6.2907, 0
 20175, 70.36, 42.77, 0, -9.3455, -7.5016, 0
 20200, 69.93, 43.66, 0, -12.5475, -5.9034, 0
 20225, 69.22, 44.64, 0, -20.7878, -7.7418, 0
 20250, 69.22, 44.64, 0, -20.7878, -7.7418, 0
 20275, 68.23, 45.77, 0, -26.4815, -7.1546, 0
 20300, 67.09, 47.25, 0, -29.9113, -7.9295, 0
 20325, 67.09, 47.25, 0, -29.9113, -7.9295, 0
 20350, 65.77, 49.43, 0, -34.3858, -10.2716, 0
 20375, 64.34, 51.87, 0, -37.317, -11.3357, 0
 20400, 62.56, 54.74, 0, -49.5225, -12.5271, 0
 20425, 62.56, 54.74, 0, -49.5225, -12.5271, 0
 20450, 60.25, 57.59, 0, -62.7574, -15.5925, 0
 20475, 57.45, 59.71, 0, -72.8409, -12.1906, 0
 20500, 57.45, 59.71, 0, -72.8409, -12.1906, 0
 20525, 54.72, 61.47, 0, -63.3924, -5.4246, 0
 20550, 52.51, 62.77, 0, -50.8063, -7.7109, 0
 20575, 50.82, 63.84, 0, -36.4805, -5.4477, 0
 20600, 50.82, 63.84, 0, -36.4805, -5.4477, 0
 20625, 49.97, 64.56, 0, -26.1531, -2.6986, 0
 20650, 49.01, 65.26, 0, -23.2223, -1.3223, 0
 20675, 49.01, 65.26, 0, -23.2223, -1.3223, 0
 20700, 48.13, 65.93, 0, -21.301, 0.5615, 0
 20725, 47.38, 66.63, 0, -16.4348, -0.5792, 0
 20750, 47.38, 66.63, 0, -16.4348, -0.5792, 0
 20775, 46.84, 67.12, 0, -12.0904, -3.4944, 0
 20800, 46.4, 67.54, 0, -10.1565, -4.3934, 0
 20825, 46.04, 67.9, 0, -9.5562, -4.0348, 0
 20850, 46.04, 67.9, 0, -9.5562, -4.0348, 0
 20875, 45.58, 68.27, 0, -12.8637, -2.5263, 0
 20900, 45.58, 68.27, 0, -12.8637, -2.5263, 0
 20925, 44.88, 68.71, 0, -20.1123, -2.1096, 0
 20950, 44.06, 69.11, 0, -20.356, 0.0864, 0
 20975, 43.22, 69.47, 0, -21.7441, -5.4471, 0
 21000, 43.22, 69.47, 0, -21.7441, -5.4471, 0
 21025, 42.29, 69.75, 0, -24.6449, -6.4411, 0
 21050, 41.23, 70.03, 0, -26.5735, -5.4784, 0
 21075, 41.23, 70.03, 0, -26.5735, -5.4784, 0
 21100, 40.19, 70.45, 0, -24.9479, -3.0524, 0
 21125, 39.3, 70.85, 0, -20.7484, -1.9946, 0
 21150, 38.68, 71.27, 0, -11.433, -3.0824, 0
 21175, 38.68, 71.27, 0, -11.433, -3.0824, 0
 21200, 38.36, 71.55, 0, -6.9861, -5.2872, 0
 21225, 38.11, 71.85, 0, -6.0904, -3.6477, 0
 21250, 38.11, 71.85, 0, -6.0904, -3.6477, 0
 21275, 37.76, 72.38, 0, -11.2096, -3.128, 0
 21300, 37.21, 72.94, 0, -13.9634, -1.355, 0
 21325, 36.64, 73.4, 0, -15.2909, -2.6409, 0
 21350, 36.64, 73.4, 0, -15.2909, -2.6409, 0
 21375, 35.86, 73.84, 0, -22.5115, -6.0184, 0
 21400, 34.95, 74.25, 0, -21.0601, -1.5283, 0
 21425, 34.95, 74.25, 0, -21.0601, -1.5283, 0
 21450, 34.23, 74.64, 0, -16.094, -0.9228, 0
 21475, 34.23, 74.64, 0, -16.094, -0.9228, 0
 21500, 33.86, 74.93, 0, -11.2835, -2.5475, 0
 21525, 33.41, 75.23, 0, -12.5116, -4.6682, 0
 21550, 32.82, 75.53, 0, -16.0832, -0.6936, 0
 21575, 32.82, 75.53, 0, -16.0832, -0.6936, 0
 21600, 32.12, 75.91, 0, -18.6531, 0.6507, 0
 21625, 31.34, 76.25, 0, -20.3584, 0.6784, 0
 21650, 30.29, 76.53, 0, -30.5451, -1.804, 0
 21675, 30.29, 76.53, 0, -30.5451, -1.804, 0
 21700, 29.02, 76.77, 0, -31.3074, 3.4759, 0
 21725, 27.83, 77.12, 0, -28.3831, 2.9774, 0
 21750, 27.83, 77.12, 0, -28.3831, 2.9774, 0
 21775, 26.89, 77.57, 0, -19.8297, 1.6046, 0
 21800, 26.42, 78.04, 0, -7.4358, -1.0814, 0
 21825, 26.21, 78.35, 0, -3.4951, -4.8053, 0
 21850, 26.21, 78.35, 0, -3.4951, -4.8053, 0
 21875, 26.1, 78.58, 0, -3.23, -3.1809, 0
 21900, 26.1, 78.58, 0, -3.23, -3.1809, 0
 21925, 25.94, 78.96, 0, -4.1869, 0.1772, 0
 21950, 25.64, 79.71, 0, -10.6444, -1.0712, 0
 21975, 25.18, 80.8, 0, -10.8429, 2.1053, 0
 22000, 25.18, 80.8, 0, -10.8429, 2.1053, 0
 22025, 24.9, 81.66, 0, -4.0204, -0.2054, 0
 22050, 24.94, 82.28, 0, 3.2243, 0.8098, 0
 22075, 25.12, 82.85, 0, 4.931, -0.7198, 0
 22100, 25.12, 82.85, 0, 4.931, -0.7198, 0
 22125, 25.33, 83.23, 0, 4.5373, 0.7572, 0
 22150, 25.35, 83.63, 0, -1.1405, -0.6879, 0
 22175, 25.35, 83.63, 0, -1.1405, -0.6879, 0
 22200, 25.23, 84.05, 0, -4.8253, -1.0757, 0
 22225, 24.97, 84.48, 0, -6.3749, -0.1471, 0
 22250, 24.97, 84.48, 0, -6.3749, -0.1471, 0
 22275, 24.77, 84.92, 0, -8.1417, -0.9269, 0
 22300, 24.31, 85.51, 0, -12.3883, -2.0136, 0
 22325, 23.93, 85.99, 0, -6.7923, -0.4635, 0
 22350, 23.93, 85.99, 0, -6.7923, -0.4635, 0
 22375, 23.67, 86.1, 0, -7.1608, -1.3019, 0
 22400, 23.67, 86.1, 0, -7.1608, -1.3019, 0
 22425, 23.32, 86, 0, -9.9057, 2.0597, 0
 22450, 22.83, 85.87, 0, -14.1571, 3.222, 0
 22475, 22.14, 85.58, 0, -18.9688, 3.0037, 0
 22500, 22.14, 85.58, 0, -18.9688, 3.0037, 0
 22525, 21.34, 85.22, 0, -19.793, 2.2045, 0
 22550, 20.61, 84.69, 0, -17.9997, 1.6947, 0
 22575, 20.61, 84.69, 0, -17.9997, 1.6947, 0
 22600, 19.96, 84.08, 0, -13.8191, 1.9077, 0
 22625, 19.62, 83.56, 0, -5.1748, 0.4661, 0
 22650, 19.62, 83.56, 0, -5.1748, 0.4661, 0
 22675, 19.52, 83.12, 0, -1.0825, -4.8785, 0
 22700, 19.5, 82.75, 0, -0.7165, -4.1982, 0
 22725, 19.39, 82.55, 0, -3.8157, -4.7118, 0
 22750, 19.39, 82.55, 0, -3.8157, -4.7118, 0
 22775, 19.2, 82.43, 0, -5.2233, -3.9053, 0
 22800, 18.97, 82.21, 0, -6.39, -2.2163, 0
 22825, 18.97, 82.21, 0, -6.39, -2.2163, 0
 22850, 18.66, 82.08, 0, -7.9828, -1.4012, 0
 22875, 18.41, 81.95, 0, -4.609, -0.322, 0
 22900, 18.34, 81.81, 0, -0.7647, -2.1178, 0
 22925, 18.34, 81.81, 0, -0.7647, -2.1178, 0
 22950, 18.37, 81.66, 0, 2.1219, -1.7168, 0
 22975, 18.37, 81.66, 0, 2.1219, -1.7168, 0
 23000, 18.49, 81.45, 0, 2.2768, -0.9602, 0
 23025, 18.49, 81.29, 0, -0.4942, 0.2057, 0
 23050, 18.49, 81.21, 0, -0.3705, 1.4138, 0
 23075, 18.45, 81.12, 0, -0.8001, -0.4482, 0
 23100, 18.45, 81.12, 0, -0.8001, -0.4482, 0
 23125, 18.45, 81.05, 0, 0.5665, 0.0198, 0
 23150, 18.49, 81.1, 0, 1.0221, -0.2993, 0
 23175, 18.49, 81.1, 0, 1.0221, -0.2993, 0
 23200, 18.55, 81.05, 0, 1.8768, 0.1171, 0
 23225, 18.64, 80.93, 0, 2.4439, 1.6187, 0
 23250, 18.64, 80.93, 0, 2.4439, 1.6187, 0
 23275, 18.8, 80.87, 0, 4.5051, 1.2828, 0
 23300, 19.03, 80.85, 0, 6.2699, 0.8981, 0
 23325, 19.03, 80.85, 0, 6.2699, 0.8981, 0
 23350, 19.22, 80.88, 0, 3.9158, 1.067, 0
 23375, 19.33, 80.79, 0, 2.5889, 2.9876, 0
 23400, 19.43, 80.69, 0, 2.1276, 1.9896, 0
 23425, 19.43, 80.69, 0, 2.1276, 1.9896, 0
 23450, 19.54, 80.62, 0, 3.1811, 1.9497, 0
 23475, 19.73, 80.54, 0, 6.055, 1.9491, 0
 23500, 19.73, 80.54, 0, 6.055, 1.9491, 0
 23525, 20.04, 80.39, 0, 7.9096, 0.1634, 0
 23550, 20.32, 80.2, 0, 6.3366, 1.3079, 0
 23575, 20.32, 80.2, 0, 6.3366, 1.3079, 0
 23600, 20.55, 80.01, 0, 6.0093, 3.1457, 0
 23625, 20.78, 79.78, 0, 5.3016, 1.9491, 0
 23650, 20.78, 79.78, 0, 5.3016, 1.9491, 0
 23675, 21.02, 79.6, 0, 6.8147, 1.9177, 0
 23700, 21.33, 79.39, 0, 7.9497, -0.3209, 0
 23725, 21.33, 79.39, 0, 7.9497, -0.3209, 0
 23750, 21.61, 79.2, 0, 6.7284, -0.6625, 0
 23775, 21.83, 79.07, 0, 5.3822, 0.2377, 0
 23800, 22.02, 78.99, 0, 7.1487, 0.2015, 0
 23825, 22.02, 78.99, 0, 7.1487, 0.2015, 0
 23850, 22.46, 78.89, 0, 13.1741, 0.4284, 0
 23875, 23.21, 78.66, 0, 21.9411, -1.4805, 0
 23900, 24.19, 78.41, 0, 24.7625, -0.6751, 0
 23925, 24.19, 78.41, 0, 24.7625, -0.6751, 0
 23950, 25.14, 78.18, 0, 23.8451, 2.6241, 0
 23975, 26.07, 77.9, 0, 21.1666, 0.3356, 0
 24000, 26.07, 77.9, 0, 21.1666, 0.3356, 0
 24025, 26.77, 77.55, 0, 15.9836, 0.8704, 0
 24050, 27.43, 77.24, 0, 16.8633, 0.4508, 0
 24075, 27.98, 76.93, 0, 11.7984, -0.379, 0
 24100, 27.98, 76.93, 0, 11.7984, -0.379, 0
 24125, 28.4, 76.67, 0, 9.9373, 2.9597, 0
 24150, 28.82, 76.47, 0, 11.1182, 2.3931, 0
 24175, 28.82, 76.47, 0, 11.1182, 2.3931, 0
 24200, 29.29, 76.32, 0, 12.2001, 2.0491, 0
 24225, 29.85, 76.25, 0, 16.6782, 1.8967, 0
 24250, 29.85, 76.25, 0, 16.6782, 1.8967, 0
 24275, 30.69, 76.12, 0, 22.0775, -0.9357, 0
 24300, 31.52, 75.99, 0, 20.0369, -0.0722, 0
 24325, 31.52, 75.99, 0, 20.0369, -0.0722, 0
 24350, 32.35, 75.8, 0, 21.9076, 1.2899, 0
 24375, 32.35, 75.8, 0, 21.9076, 1.2899, 0
 24400, 33.28, 75.6, 0, 23.3278, -0.5097, 0
 24425, 34, 75.46, 0, 24.9169, -0.0606, 0
 24450, 35.14, 75.26, 0, 29.9977, -0.5961, 0
 24475, 36.3, 75.06, 0, 27.711, -1.3014, 0
 24500, 36.3, 75.06, 0, 27.711, -1.3014, 0
 24525, 37.44, 74.93, 0, 29.825, -0.7572, 0
 24550, 38.78, 74.84, 0, 35.2512, -3.3476, 0
 24575, 38.78, 74.84, 0, 35.2512, -3.3476, 0
 24600, 40.09, 74.64, 0, 31.0504, -4.8159, 0
 24625, 40.09, 74.64, 0, 31.0504, -4.8159, 0
 24650, 41.32, 74.43, 0, 30.4877, -1.3016, 0
 24675, 42.46, 74.27, 0, 26.5802, -1.9372, 0
 24700, 43.5, 74.09, 0, 27.4132, -0.9208, 0
 24725, 43.5, 74.09, 0, 27.4132, -0.9208, 0
 24750, 44.69, 73.88, 0, 29.4772, -3.4454, 0
 24775, 45.69, 73.55, 0, 21.6657, -4.9745, 0
 24800, 46.46, 72.99, 0, 18.4701, -0.3233, 0
 24825, 46.46, 72.99, 0, 18.4701, -0.3233, 0
 24850, 47.14, 72.41, 0, 16.4541, -0.0572, 0
 24875, 47.89, 71.8, 0, 21.5237, -0.6072, 0
 24900, 47.89, 71.8, 0, 21.5237, -0.6072, 0
 24925, 48.83, 71.14, 0, 23.1567, -4.9243, 0
 24950, 49.63, 70.46, 0, 18.0277, -4.6295, 0
 24975, 50.28, 69.79, 0, 14.9916, -2.8733, 0
 25000, 50.28, 69.79, 0, 14.9916, -2.8733, 0
 25025, 50.7, 69.13, 0, 7.3972, -2.1424, 0
 25050, 50.91, 68.55, 0, 5.3886, 0.9507, 0
 25075, 50.91, 68.55, 0, 5.3886, 0.9507, 0
 25100, 51.2, 68.03, 0, 8.5994, 0.7133, 0
 25125, 51.59, 67.66, 0, 10.3657, -0.9578, 0
 25150, 51.59, 67.66, 0, 10.3657, -0.9578, 0
 25175, 52.04, 67.4, 0, 12.3556, -0.7095, 0
 25200, 52.62, 67.07, 0, 14.9187, -0.401, 0
 25225, 53.2, 66.66, 0, 13.8055, -1.1732, 0
 25250, 53.2, 66.66, 0, 13.8055, -1.1732, 0
 25275, 53.72, 66.22, 0, 13.1556, 0.1974, 0
 25300, 54.19, 65.89, 0, 10.7675, 1.9503, 0
 25325, 54.19, 65.89, 0, 10.7675, 1.9503, 0
 25350, 54.68, 65.59, 0, 13.9224, 1.0996, 0
 25375, 54.68, 65.59, 0, 13.9224, 1.0996, 0
 25400, 55.12, 65.34, 0, 14.1362, -0.1786, 0
 25425, 55.7, 65.06, 0, 15.2047, 0.1304, 0
 25450, 56.41, 64.83, 0, 18.776, -2.6842, 0
 25475, 56.41, 64.83, 0, 18.776, -2.6842, 0
 25500, 57.06, 64.67, 0, 15.6893, -2.0178, 0
 25525, 57.73, 64.49, 0, 16.6383, -1.007, 0
 25550, 58.34, 64.29, 0, 14.9388, -2.5618, 0
 25575, 58.34, 64.29, 0, 14.9388, -2.5618, 0
 25600, 58.92, 64.13, 0, 14.5281, -2.5538, 0
 25625, 59.56, 64, 0, 16.3721, -2.9133, 0
 25650, 60.25, 63.85, 0, 17.5279, -3.7649, 0
 25675, 60.25, 63.85, 0, 17.5279, -3.7649, 0
 25700, 60.83, 63.67, 0, 12.3339, -3.0739, 0
 25725, 61.25, 63.56, 0, 9.6026, 0.7349, 0
 25750, 61.25, 63.56, 0, 9.6026, 0.7349, 0
 25775, 61.59, 63.43, 0, 7.5749, 0.7531, 0
 25800, 61.92, 63.23, 0, 9.8592, 2.4606, 0
 25825, 61.92, 63.23, 0, 9.8592, 2.4606, 0
 25850, 62.42, 62.98, 0, 13.2008, 0.2554, 0
 25875, 63.01, 62.76, 0, 15.4286, -1.1116, 0
 25900, 63.01, 62.76, 0, 15.4286, -1.1116, 0
 25925, 63.61, 62.56, 0, 14.3256, -1.1718, 0
 25950, 64.16, 62.43, 0, 14.342, 0.5772, 0
 25975, 64.16, 62.43, 0, 14.342, 0.5772, 0
 26000, 64.77, 62.4, 0, 15.7676, -2.5036, 0
 26025, 65.37, 62.43, 0, 14.1213, -3.1696, 0
 26050, 65.37, 62.43, 0, 14.1213, -3.1696, 0
 26075, 65.93, 62.36, 0, 14.0046, -2.7367, 0
 26100, 66.5, 62.23, 0, 14.2856, -3.8058, 0
 26125, 67.06, 62.04, 0, 14.2728, -3.3964, 0
 26150, 67.06, 62.04, 0, 14.2728, -3.3964, 0
 26175, 67.49, 61.82, 0, 14.4859, -2.5654, 0
 26200, 68.1, 61.51, 0, 14.8926, -2.9545, 0
 26225, 68.57, 61.08, 0, 9.9845, -2.2203, 0
 26250, 68.57, 61.08, 0, 9.9845, -2.2203, 0
 26275, 68.88, 60.72, 0, 6.0415, -0.4235, 0
 26300, 68.88, 60.72, 0, 6.0415, -0.4235, 0
 26325, 68.99, 60.39, 0, 0.4712, 0.933, 0
 26350, 68.9, 60.05, 0, -2.9468, 3.2, 0
 26375, 68.8, 59.77, 0, -1.2987, 3.1188, 0
 26400, 68.79, 59.42, 0, -0.0439, 1.5744, 0
 26425, 68.79, 59.42, 0, -0.0439, 1.5744, 0
 26450, 68.79, 59.04, 0, 0.0652, 1.8815, 0
 26475, 68.79, 59.04, 0, 0.0652, 1.8815, 0
 26500, 68.79, 58.63, 0, -0.1932, 1.6366, 0
 26525, 68.73, 58.29, 0, -2.4573, 0.2914, 0
 26550, 68.59, 57.91, 0, -3.4769, 1.9922, 0
 26575, 68.59, 57.91, 0, -3.4769, 1.9922, 0
 26600, 68.5, 57.44, 0, -1.0063, 3.471, 0
 26625, 68.55, 56.86, 0, 3.0249, 4.152, 0
 26650, 68.55, 56.86, 0, 3.0249, 4.152, 0
 26675, 68.71, 56.26, 0, 4.1921, 3.3322, 0
 26700, 68.93, 55.78, 0, 7.3854, 2.4216, 0
 26725, 69.2, 55.39, 0, 9.8746, 0.5275, 0
 26750, 69.2, 55.39, 0, 9.8746, 0.5275, 0
 26775, 69.62, 54.88, 0, 10.3967, -1.0358, 0
 26800, 70.02, 54.3, 0, 9.2699, -0.0146, 0
 26825, 70.02, 54.3, 0, 9.2699, -0.0146, 0
 26850, 70.33, 53.74, 0, 6.81, 2.1868, 0
 26875, 70.56, 53.19, 0, 5.6513, 2.9958, 0
 26900, 70.78, 52.8, 0, 5.382, 2.2375, 0
 26925, 70.78, 52.8, 0, 5.382, 2.2375, 0
 26950, 71.02, 52.42, 0, 6.5174, 0.8446, 0
 26975, 71.33, 51.98, 0, 8.4034, 0.184, 0
 27000, 71.33, 51.98, 0, 8.4034, 0.184, 0
 27025, 71.71, 51.59, 0, 10.2839, 0.2052, 0
 27050, 72.1, 51.22, 0, 8.6521, 1.0004, 0
 27075, 72.1, 51.22, 0, 8.6521, 1.0004, 0
 27100, 72.33, 50.99, 0, 4.2751, 1.9759, 0
 27125, 72.37, 50.86, 0, -0.2307, 2.5223, 0
 27150, 72.37, 50.86, 0, -0.2307, 2.5223, 0
 27175, 72.33, 50.78, 0, -0.8821, 1.1115, 0
 27200, 72.3, 50.8, 0, -2.0368, -0.562, 0
 27225, 72.13, 50.83, 0, -5.3239, -0.0483, 0
 27250, 72.13, 50.83, 0, -5.3239, -0.0483, 0
 27275, 71.8, 50.86, 0, -11.5245, 1.7053, 0
 27300, 71.13, 50.78, 0, -19.9351, 5.167, 0
 27325, 71.13, 50.78, 0, -19.9351, 5.167, 0
 27350, 70.35, 50.65, 0, -18.5856, 5.9686, 0
 27375, 69.69, 50.36, 0, -14.4604, 5.2011, 0
 27400, 69.28, 49.97, 0, -7.7347, 4.5854, 0
 27425, 69.28, 49.97, 0, -7.7347, 4.5854, 0
 27450, 69.11, 49.73, 0, -2.9649, 1.7995, 0
 27475, 68.99, 49.6, 0, -2.7362, 2.5797, 0
 27500, 68.99, 49.6, 0, -2.7362, 2.5797, 0
 27525, 68.93, 49.63, 0, -0.4972, 2.8458, 0
 27550, 68.97, 49.62, 0, 0.9856, 0.1528, 0
 27575, 68.97, 49.62, 0, 0.9856, 0.1528, 0
 27600, 68.95, 49.57, 0, -1.4909, 1.2856, 0
 27625, 68.84, 49.48, 0, -2.6784, 2.5599, 0
 27650, 68.84, 49.48, 0, -2.6784, 2.5599, 0
 27675, 68.8, 49.41, 0, -0.1104, 2.5302, 0
 27700, 68.88, 49.18, 0, 2.1649, 2.0753, 0
 27725, 68.86, 48.94, 0, -4.0394, 1.2894, 0
 27750, 68.86, 48.94, 0, -4.0394, 1.2894, 0
 27775, 68.48, 48.66, 0, -11.7667, 5.0754, 0
 27800, 67.87, 48.34, 0, -17.8379, 4.7566, 0
 27825, 67.09, 48.06, 0, -19.2898, 4.2502, 0
 27850, 67.09, 48.06, 0, -19.2898, 4.2502, 0
 27875, 66.43, 47.88, 0, -14.4435, 4.9522, 0
 27900, 65.91, 47.77, 0, -12.6026, 2.2635, 0
 27925, 65.91, 47.77, 0, -12.6026, 2.2635, 0
 27950, 65.52, 47.63, 0, -7.8193, 4.6382, 0
 27975, 65.3, 47.55, 0, -5.0505, 3.4648, 0
 28000, 65.3, 47.55, 0, -5.0505, 3.4648, 0
 28025, 65, 47.33, 0, -9.3572, 3.9267, 0
 28050, 64.61, 47.03, 0, -9.1469, 5.9178, 0
 28075, 64.61, 47.03, 0, -9.1469, 5.9178, 0
 28100, 64.29, 46.61, 0, -7.1331, 4.5789, 0
 28125, 64.02, 45.94, 0, -6.1589, 4.5152, 0
 28150, 64.02, 45.94, 0, -6.1589, 4.5152, 0
 28175, 63.88, 45.08, 0, -2.2909, 5.3491, 0
 28200, 63.79, 44.23, 0, -2.1652, 4.58, 0
 28225, 63.68, 43.48, 0, -3.1138, 4.9325, 0
 28250, 63.68, 43.48, 0, -3.1138, 4.9325, 0
 28275, 63.56, 42.74, 0, -3.3451, 5.1949, 0
 28300, 63.38, 42.15, 0, -5.3094, 4.1096, 0
 28325, 63.38, 42.15, 0, -5.3094, 4.1096, 0
 28350, 63.15, 41.59, 0, -5.5261, 4.6749, 0
 28375, 62.95, 41, 0, -4.2328, 4.8596, 0
 28400, 62.95, 41, 0, -4.2328, 4.8596, 0
 28425, 62.81, 40.38, 0, -3.1559, 4.4766, 0
 28450, 62.65, 39.81, 0, -4.8983, 2.5919, 0
 28475, 62.49, 39.33, 0, -5.4464, 2.6739, 0
 28500, 62.49, 39.33, 0, -5.4464, 2.6739, 0
 28525, 62.23, 38.83, 0, -7.3886, 1.712, 0
 28550, 61.92, 38.42, 0, -6.7435, 1.7838, 0
 28575, 61.92, 38.42, 0, -6.7435, 1.7838, 0
 28600, 61.73, 37.92, 0, -3.9883, 3.054, 0
 28625, 61.52, 37.41, 0, -6.4383, 2.6587, 0
 28650, 61.22, 36.85, 0, -7.7614, 3.8011, 0
 28675, 61.22, 36.85, 0, -7.7614, 3.8011, 0
 28700, 60.95, 36.29, 0, -5.7192, 3.0218, 0
 28725, 60.95, 36.29, 0, -5.7192, 3.0218, 0
 28750, 60.78, 35.6, 0, -3.9449, 0.6598, 0
 28775, 60.56, 35.04, 0, -6.3506, 0.5231, 0
 28800, 60.32, 34.47, 0, -5.9534, 3.7905, 0
 28825, 60.32, 34.47, 0, -5.9534, 3.7905, 0
 28850, 60.14, 33.87, 0, -3.3308, 4.4118, 0
 28875, 59.98, 33.37, 0, -4.5743, 1.2304, 0
 28900, 59.77, 32.84, 0, -5.2712, 1.8327, 0
 28925, 59.77, 32.84, 0, -5.2712, 1.8327, 0
 28950, 59.58, 32.32, 0, -4.5566, 1.0672, 0
 28975, 59.42, 31.73, 0, -4.1258, 0.602, 0
 29000, 59.42, 31.73, 0, -4.1258, 0.602, 0
 29025, 59.22, 31.25, 0, -5.2108, 1.8286, 0
 29050, 59.01, 30.79, 0, -4.529, 3.066, 0
 29075, 58.89, 30.36, 0, -2.3359, 1.5048, 0
 29100, 58.89, 30.36, 0, -2.3359, 1.5048, 0
 29125, 58.78, 30.08, 0, -3.1711, -0.1556, 0
 29150, 58.66, 29.96, 0, -2.8291, -0.2058, 0
 29175, 58.66, 29.96, 0, -2.8291, -0.2058, 0
 29200, 58.52, 29.94, 0, -4.1547, -2.2553, 0
 29225, 58.38, 29.93, 0, -3.9632, -1.5339, 0
 29250, 58.38, 29.93, 0, -3.9632, -1.5339, 0
 29275, 58.22, 29.89, 0, -4.8189, 0.251, 0
 29300, 58.03, 29.69, 0, -4.0452, 2.502, 0
 29325, 58.03, 29.69, 0, -4.0452, 2.502, 0
 29350, 57.92, 29.51, 0, -1.9553, 0.0077, 0
 29375, 57.85, 29.47, 0, -2.032, -1.8808, 0
 29400, 57.85, 29.47, 0, -2.032, -1.8808, 0
 29425, 57.78, 29.66, 0, -1.5543, -0.4514, 0
 29450, 57.59, 30.2, 0, -8.8764, -4.8297, 0
 29475, 56.99, 30.63, 0, -18.3573, -3.6061, 0
 29500, 56.99, 30.63, 0, -18.3573, -3.6061, 0
 29525, 55.96, 31.03, 0, -30.6971, -3.2371, 0
 29550, 55.96, 31.03, 0, -30.6971, -3.2371, 0
 29575, 54.52, 31.44, 0, -37.7764, -4.4829, 0
 29600, 53.09, 31.69, 0, -33.0369, -1.7974, 0
 29625, 51.99, 31.78, 0, -24.431, -2.0982, 0
 29650, 51.99, 31.78, 0, -24.431, -2.0982, 0
 29675, 51.2, 31.77, 0, -16.4898, 1.2946, 0
 29700, 50.63, 31.75, 0, -14.4105, 1.2458, 0
 29725, 50.1, 31.71, 0, -11.2675, 3.2566, 0
 29750, 50.1, 31.71, 0, -11.2675, 3.2566, 0
 29775, 50.1, 31.71, 0, -11.2675, 3.2566, 0
 29800, 49.53, 31.69, 0, -5.259, -1.6353, 0
 29825, 49.53, 31.69, 0, -5.259, -1.6353, 0
 29850, 49.39, 31.73, 0, -3.0995, 0.2264, 0
 29875, 49.32, 31.79, 0, -0.3939, -0.9752, 0
 29900, 49.37, 31.73, 0, 2.3348, -0.716, 0
 29925, 49.37, 31.73, 0, 2.3348, -0.716, 0
 29950, 49.42, 31.65, 0, -0.4744, 0.5588, 0
 29975, 49.42, 31.65, 0, -0.4744, 0.5588, 0
 30000, 49.35, 31.61, 0, -1.5332, 1.2408, 0
 30025, 49.3, 31.53, 0, -2.1476, -1.1119, 0
 30050, 49.16, 31.42, 0, -4.1706, -1.7109, 0
 30075, 49.16, 31.42, 0, -4.1706, -1.7109, 0
 30100, 49.04, 31.38, 0, -1.8219, -0.7441, 0
 30125, 49.04, 31.36, 0, 0.1318, -2.0763, 0
 30150, 48.97, 31.38, 0, -2.6664, -1.5105, 0
 30175, 48.97, 31.38, 0, -2.6664, -1.5105, 0
 30200, 48.83, 31.44, 0, -3.7092, -0.2066, 0
 30225, 48.74, 31.61, 0, -0.9651, -0.6137, 0
 30250, 48.74, 31.61, 0, -0.9651, -0.6137, 0
 30275, 48.76, 31.73, 0, 1.2996, -1.2328, 0
 30300, 48.85, 31.77, 0, 2.5618, 0.5315, 0
 30325, 48.85, 31.77, 0, 2.5618, 0.5315, 0
 30350, 48.99, 31.81, 0, 3.6588, 0.2032, 0
 30375, 49.07, 31.81, 0, 0.8099, -0.3986, 0
 30400, 49.07, 31.81, 0, 0.8099, -0.3986, 0
 30425, 49.02, 31.81, 0, -2.0763, 0.2493, 0
 30450, 48.95, 31.91, 0, -0.9352, -0.0494, 0
 30475, 48.95, 31.91, 0, -0.9352, -0.0494, 0
 30500, 48.94, 32.23, 0, -0.4931, -2.0344, 0
 30525, 48.9, 32.8, 0, -1.2163, -2.0719, 0
 30550, 48.81, 33.4, 0, -3.0088, -2.2846, 0
 30575, 48.81, 33.4, 0, -3.0088, -2.2846, 0
 30600, 48.69, 33.78, 0, -3.1427, -0.8401, 0
 30625, 48.55, 34.04, 0, -3.4374, -0.1385, 0
 30650, 48.55, 34.04, 0, -3.4374, -0.1385, 0
 30675, 48.45, 34.26, 0, -1.2648, 0.6117, 0
 30700, 48.46, 34.44, 0, 1.0663, -0.4069, 0
 30725, 48.46, 34.44, 0, 1.0663, -0.4069, 0
 30750, 48.52, 34.58, 0, 1.3697, -0.9276, 0
 30775, 48.52, 34.68, 0, -0.7576, 1.2286, 0
 30800, 48.46, 34.82, 0, -2.6745, 0.6297, 0
 30825, 48.46, 34.82, 0, -2.6745, 0.6297, 0
 30850, 48.36, 35.1, 0, -1.8959, 1.5613, 0
 30875, 48.31, 35.41, 0, -1.7542, 0.7042, 0
 30900, 48.31, 35.41, 0, -1.7542, 0.7042, 0
 30925, 48.24, 35.81, 0, -0.9576, 0.4118, 0
 30950, 48.25, 36.28, 0, 1.1486, 0.1764, 0
 30975, 48.25, 36.28, 0, 1.1486, 0.1764, 0
 31000, 48.31, 36.7, 0, 0.8967, 0.7983, 0
 31025, 48.34, 36.99, 0, 0.8778, 2.1968, 0
 31050, 48.38, 37.27, 0, 1.4769, 2.0397, 0
 31075, 48.38, 37.27, 0, 1.4769, 2.0397, 0
 31100, 48.48, 37.6, 0, 2.7841, 1.7987, 0
 31125, 48.59, 38.05, 0, 2.7151, 1.8012, 0
 31150, 48.59, 38.05, 0, 2.7151, 1.8012, 0
 31175, 48.67, 38.79, 0, 1.7472, 2.0485, 0
 31200, 48.74, 39.58, 0, 2.1544, 1.917, 0
 31225, 48.83, 40.39, 0, 1.5967, -0.1022, 0
 31250, 48.83, 40.39, 0, 1.5967, -0.1022, 0
 31275, 48.87, 41.31, 0, 0.7022, -0.9828, 0
 31300, 48.9, 42.34, 0, 0.8454, -0.5481, 0
 31325, 48.9, 42.34, 0, 0.8454, -0.5481, 0
 31350, 48.92, 43.27, 0, -0.3346, 0.0016, 0
 31375, 48.92, 44.12, 0, 1.251, 0.356, 0
 31400, 48.92, 44.12, 0, 1.251, 0.356, 0
 31425, 49.02, 44.79, 0, 3.3442, -1.046, 0
 31450, 49.16, 45.43, 0, 3.0846, -0.3239, 0
 31475, 49.23, 46.12, 0, 2.3586, 0.2032, 0
 31500, 49.23, 46.12, 0, 2.3586, 0.2032, 0
 31525, 49.35, 47.07, 0, 3.5097, 1.5772, 0
 31550, 49.35, 47.07, 0, 3.5097, 1.5772, 0
 31575, 49.48, 47.87, 0, 2.7591, 0.6982, 0
 31600, 49.56, 48.59, 0, 1.3106, -0.8982, 0
 31625, 49.6, 49.21, 0, 1.2294, -0.7892, 0
 31650, 49.6, 49.21, 0, 1.2294, -0.7892, 0
 31675, 49.65, 49.76, 0, 1.4233, -1.6883, 0
 31700, 49.74, 50.27, 0, 2.1031, -0.5079, 0
 31725, 49.74, 50.27, 0, 2.1031, -0.5079, 0
 31750, 49.83, 50.75, 0, 2.6611, 0.7803, 0
 31775, 49.93, 51.26, 0, 2.8662, 0.1317, 0
 31800, 50.05, 51.68, 0, 2.4206, -0.4845, 0
 31825, 50.05, 51.68, 0, 2.4206, -0.4845, 0
 31850, 50.09, 52.02, 0, -0.1297, -0.4498, 0
 31875, 50.05, 52.31, 0, -1.143, -0.0343, 0
 31900, 50.05, 52.31, 0, -1.143, -0.0343, 0
 31925, 50, 52.5, 0, -1.1195, -0.6511, 0
