%#        Time[ms]        X[pixel],        Y[pixel],        Z[pixel],  dX/dt[pixel/s],  dY/dt[pixel/s],  dZ/dt[pixel/s]
 0, 50, 50, 0, 0.0384, 0.9342, 0
 25, 50.02, 50.07, 0, 0.6548, 1.1591, 0
 50, 50.05, 50.13, 0, 1.2849, 1.0894, 0
 75, 50.05, 50.13, 0, 1.2849, 1.0894, 0
 100, 50.1, 50.16, 0, 0.9612, 0.6206, 0
 125, 50.1, 50.16, 0, 0.9612, 0.6206, 0
 150, 50.12, 50.22, 0, 0.3028, 0.5975, 0
 175, 50.12, 50.27, 0, -0.1587, 0.3378, 0
 200, 50.12, 50.27, 0, -0.1587, 0.3378, 0
 225, 50.12, 50.38, 0, -0.1847, -0.2988, 0
 250, 50.12, 50.49, 0, 0.3115, -0.1898, 0
 275, 50.12, 50.58, 0, -0.3848, -0.8302, 0
 300, 50.12, 50.58, 0, -0.3848, -0.8302, 0
 325, 50.1, 50.58, 0, -0.4447, 0.3788, 0
 350, 50.09, 50.62, 0, 0.0119, 0.6624, 0
 375, 50.1, 50.69, 0, 0.8995, 0.1331, 0
 400, 50.1, 50.69, 0, 0.8995, 0.1331, 0
 425, 50.16, 50.78, 0, 1.2031, 0.1374, 0
 450, 50.26, 50.87, 0, 3.9579, 1.4976, 0
 475, 50.26, 50.87, 0, 3.9579, 1.4976, 0
 500, 50.58, 50.91, 0, 10.457, 3.1485, 0
 525, 51.13, 50.89, 0, 16.6721, 4.7686, 0
 550, 52.02, 50.63, 0, 25.9017, 5.3866, 0
 575, 52.02, 50.63, 0, 25.9017, 5.3866, 0
 600, 53.2, 50.41, 0, 29.3827, -0.6284, 0
 625, 53.2, 50.41, 0, 29.3827, -0.6284, 0
 650, 54, 50.4, 0, 25.7914, -5.0239, 0
 675, 54.8, 50.36, 0, 16.3259, -6.0388, 0
 700, 55.17, 50.26, 0, 5.3109, -3.6182, 0
 725, 55.22, 50.04, 0, -0.6862, -0.6662, 0
 750, 55.22, 50.04, 0, -0.6862, -0.6662, 0
 775, 55.21, 49.72, 0, 0.4176, 0.9433, 0
 800, 55.29, 49.4, 0, 3.0274, -0.0636, 0
 825, 55.29, 49.4, 0, 3.0274, -0.0636, 0
 850, 55.42, 49.11, 0, 3.194, -1.048, 0
 875, 55.42, 49.11, 0, 3.194, -1.048, 0
 900, 55.52, 48.78, 0, 1.9826, -0.8201, 0
 925, 55.57, 48.46, 0, 1.0662, -0.5826, 0
 950, 55.63, 48.02, 0, 1.4294, -0.4842, 0
 975, 55.63, 48.02, 0, 1.4294, -0.4842, 0
 1000, 55.68, 47.47, 0, 1.4531, -0.647, 0
 1025, 55.71, 46.89, 0, 0.952, -0.6269, 0
 1050, 55.75, 46.34, 0, 0.8048, 0.0695, 0
 1075, 55.75, 46.34, 0, 0.8048, 0.0695, 0
 1100, 55.78, 45.85, 0, 0.8969, -0.295, 0
 1125, 55.84, 45.43, 0, 1.2171, -0.3864, 0
 1150, 55.84, 45.43, 0, 1.2171, -0.3864, 0
 1175, 55.87, 45, 0, 0.7308, 0.1565, 0
 1200, 55.89, 44.6, 0, 0.727, 0.5262, 0
 1225, 55.89, 44.6, 0, 0.727, 0.5262, 0
 1250, 55.94, 44.26, 0, 1.4085, -0.0152, 0
 1275, 56.01, 43.94, 0, 2.4567, 0.4065, 0
 1300, 56.01, 43.94, 0, 2.4567, 0.4065, 0
 1325, 56.13, 43.7, 0, 3.4773, 0.2338, 0
 1350, 56.24, 43.58, 0, 3.5137, -0.5155, 0
 1375, 56.4, 43.49, 0, 3.5955, -0.0001, 0
 1400, 56.4, 43.49, 0, 3.5955, -0.0001, 0
 1425, 56.54, 43.39, 0, 3.5981, 1.0057, 0
 1450, 56.66, 43.27, 0, 2.9864, 1.1593, 0
 1475, 56.66, 43.27, 0, 2.9864, 1.1593, 0
 1500, 56.85, 43.14, 0, 6.2604, 1.201, 0
 1525, 57.22, 43.04, 0, 10.4331, -3.5481, 0
 1550, 57.57, 42.9, 0, 6.8079, -2.5346, 0
 1575, 57.57, 42.9, 0, 6.8079, -2.5346, 0
 1600, 57.78, 42.82, 0, 5.7342, 0.5181, 0
 1625, 58.06, 42.79, 0, 7.3215, -2.4043, 0
 1650, 58.06, 42.79, 0, 7.3215, -2.4043, 0
 1675, 58.36, 42.77, 0, 7.4268, -2.5443, 0
 1700, 58.66, 42.7, 0, 7.7042, -2.4159, 0
 1725, 58.66, 42.7, 0, 7.7042, -2.4159, 0
 1750, 59, 42.54, 0, 9.146, -1.1927, 0
 1775, 59.35, 42.38, 0, 7.9705, -0.5118, 0
 1800, 59.61, 42.28, 0, 5.6463, -0.1074, 0
 1825, 59.61, 42.28, 0, 5.6463, -0.1074, 0
 1850, 59.81, 42.24, 0, 4.0978, -0.3389, 0
 1875, 59.91, 42.18, 0, 2.1654, 0.5838, 0
 1900, 59.91, 42.18, 0, 2.1654, 0.5838, 0
 1925, 60.02, 42.06, 0, 2.8399, 0.8189, 0
 1950, 60.18, 42, 0, 4.5517, -0.7369, 0
 1975, 60.18, 42, 0, 4.5517, -0.7369, 0
 2000, 60.4, 41.95, 0, 6.7448, -0.9636, 0
 2025, 60.69, 41.96, 0, 6.8649, -1.3596, 0
 2050, 60.69, 41.96, 0, 6.8649, -1.3596, 0
 2075, 60.93, 42.03, 0, 5.2883, -1.2539, 0
 2100, 61.09, 42.08, 0, 3.6103, -0.1762, 0
 2125, 61.2, 42.1, 0, 2.0966, 0.9407, 0
 2150, 61.2, 42.1, 0, 2.0966, 0.9407, 0
 2175, 61.27, 42.1, 0, 2.7909, 1.1957, 0
 2200, 61.41, 42.11, 0, 3.6148, 0.4878, 0
 2225, 61.41, 42.11, 0, 3.6148, 0.4878, 0
 2250, 61.59, 42.16, 0, 5.188, 0.0871, 0
 2275, 61.85, 42.25, 0, 7.5514, -0.4997, 0
 2300, 62.21, 42.31, 0, 9.6359, -1.6546, 0
 2325, 62.21, 42.31, 0, 9.6359, -1.6546, 0
 2350, 62.62, 42.37, 0, 10.0691, -2.2494, 0
 2375, 62.62, 42.37, 0, 10.0691, -2.2494, 0
 2400, 62.99, 42.49, 0, 8.7503, -2.3081, 0
 2425, 63.25, 42.6, 0, 5.5608, -2.1524, 0
 2450, 63.43, 42.63, 0, 3.7537, -0.1585, 0
 2475, 63.43, 42.63, 0, 3.7537, -0.1585, 0
 2500, 63.57, 42.64, 0, 3.8678, 0.0127, 0
 2525, 63.75, 42.71, 0, 5.1581, -0.6965, 0
 2550, 63.75, 42.71, 0, 5.1581, -0.6965, 0
 2575, 64.05, 42.76, 0, 9.124, -1.401, 0
 2600, 64.48, 42.72, 0, 10.8299, -2.0232, 0
 2625, 64.48, 42.72, 0, 10.8299, -2.0232, 0
 2650, 64.89, 42.67, 0, 9.3023, -0.4473, 0
 2675, 65.19, 42.6, 0, 6.8216, 0.3436, 0
 2700, 65.46, 42.51, 0, 7.0718, 0.6691, 0
 2725, 65.46, 42.51, 0, 7.0718, 0.6691, 0
 2750, 65.75, 42.42, 0, 7.4551, 0.0287, 0
 2775, 66.07, 42.31, 0, 8.0509, -1.3962, 0
 2800, 66.41, 42.22, 0, 9.0843, -1.1945, 0
 2825, 66.41, 42.22, 0, 9.0843, -1.1945, 0
 2850, 66.84, 42.06, 0, 11.7741, -0.6515, 0
 2875, 67.33, 41.91, 0, 11.7422, 0.7074, 0
 2900, 67.33, 41.91, 0, 11.7422, 0.7074, 0
 2925, 67.76, 41.75, 0, 10.2412, 1.2243, 0
 2950, 67.76, 41.75, 0, 10.2412, 1.2243, 0
 2975, 68.03, 41.64, 0, 7.8595, 1.1802, 0
 3000, 68.25, 41.55, 0, 4.0382, 0.7214, 0
 3025, 68.39, 41.49, 0, 3.5533, 0.0465, 0
 3050, 68.39, 41.49, 0, 3.5533, 0.0465, 0
 3075, 68.57, 41.42, 0, 5.6746, -1.2024, 0
 3100, 68.86, 41.38, 0, 7.8837, -2.3602, 0
 3125, 68.86, 41.38, 0, 7.8837, -2.3602, 0
 3150, 69.11, 41.33, 0, 5.3075, -1.5773, 0
 3175, 69.29, 41.24, 0, 3.7261, 0.8036, 0
 3200, 69.44, 41.14, 0, 4.3817, 1.0977, 0
 3225, 69.44, 41.14, 0, 4.3817, 1.0977, 0
 3250, 69.66, 41.03, 0, 5.9518, -0.7533, 0
 3275, 69.95, 40.96, 0, 7.4442, -1.1399, 0
 3300, 70.24, 40.84, 0, 6.9182, -1.396, 0
 3325, 70.24, 40.84, 0, 6.9182, -1.396, 0
 3350, 70.49, 40.73, 0, 6.1389, -0.9551, 0
 3375, 70.71, 40.6, 0, 5.0159, -1.2555, 0
 3400, 70.71, 40.6, 0, 5.0159, -1.2555, 0
 3425, 70.89, 40.47, 0, 4.1814, -0.9321, 0
 3450, 70.98, 40.39, 0, 1.348, -0.9159, 0
 3475, 70.98, 40.39, 0, 1.348, -0.9159, 0
 3500, 70.98, 40.33, 0, -0.6611, -1.0084, 0
 3525, 70.96, 40.29, 0, -0.0818, -0.8886, 0
 3550, 70.96, 40.29, 0, -0.0818, -0.8886, 0
 3575, 70.98, 40.19, 0, 0.477, -0.4347, 0
 3600, 71.02, 40.08, 0, 1.8518, 0.6029, 0
 3625, 71.02, 40.08, 0, 1.8518, 0.6029, 0
 3650, 71.11, 39.93, 0, 1.6917, 0.022, 0
 3675, 71.15, 39.74, 0, 0.8119, -0.058, 0
 3700, 71.15, 39.74, 0, 0.8119, -0.058, 0
 3725, 71.18, 39.44, 0, 0.6879, 0.0913, 0
 3750, 71.18, 39.24, 0, -0.1138, -0.4368, 0
 3775, 71.16, 39.05, 0, -1.0068, -0.3593, 0
 3800, 71.16, 39.05, 0, -1.0068, -0.3593, 0
 3825, 71.09, 38.94, 0, -2.3139, 0.0269, 0
 3850, 70.95, 38.85, 0, -4.2346, 0.6903, 0
 3875, 70.73, 38.71, 0, -6.2295, 1.0472, 0
 3900, 70.73, 38.71, 0, -6.2295, 1.0472, 0
 3925, 70.42, 38.49, 0, -9.0495, 3.4767, 0
 3950, 70.04, 38.38, 0, -9.2602, 3.8742, 0
 3975, 70.04, 38.38, 0, -9.2602, 3.8742, 0
 4000, 69.75, 38.32, 0, -5.9356, 2.8866, 0
 4025, 69.51, 38.29, 0, -6.2366, 0.1582, 0
 4050, 69.51, 38.29, 0, -6.2366, 0.1582, 0
 4075, 69.28, 38.29, 0, -5.4531, 0.7969, 0
 4100, 69.06, 38.32, 0, -5.0259, -0.3121, 0
 4125, 68.82, 38.33, 0, -6.5204, 0.8005, 0
 4150, 68.82, 38.33, 0, -6.5204, 0.8005, 0
 4175, 68.5, 38.41, 0, -9.1594, 0.7358, 0
 4200, 68.08, 38.51, 0, -11.5377, 0.3482, 0
 4225, 68.08, 38.51, 0, -11.5377, 0.3482, 0
 4250, 67.6, 38.62, 0, -11.919, 0.1809, 0
 4275, 67.15, 38.7, 0, -11.1827, 0.833, 0
 4300, 67.15, 38.7, 0, -11.1827, 0.833, 0
 4325, 66.73, 38.72, 0, -9.3388, 2.8069, 0
 4350, 66.45, 38.68, 0, -6.1246, 2.4614, 0
 4375, 66.21, 38.52, 0, -5.6586, 3.6157, 0
 4400, 66.21, 38.52, 0, -5.6586, 3.6157, 0
 4425, 65.98, 38.33, 0, -6.035, 4.1236, 0
 4450, 65.8, 38.19, 0, -3.8226, 3.0921, 0
 4475, 65.8, 38.19, 0, -3.8226, 3.0921, 0
 4500, 65.66, 37.96, 0, -2.9138, 2.1256, 0
 4525, 65.61, 37.71, 0, -1.1449, 2.7564, 0
 4550, 65.61, 37.71, 0, -1.1449, 2.7564, 0
 4575, 65.61, 37.24, 0, 0.3633, 2.3664, 0
 4600, 65.62, 36.61, 0, 0.3556, 4.0665, 0
 4625, 65.62, 36.61, 0, 0.3556, 4.0665, 0
 4650, 65.62, 35.97, 0, 0.1436, 4.5161, 0
 4675, 65.61, 35.44, 0, -1.4192, 2.6502, 0
 4700, 65.61, 35.44, 0, -1.4192, 2.6502, 0
 4725, 65.52, 35.03, 0, -2.4465, 2.0524, 0
 4750, 65.39, 34.67, 0, -3.5496, 0.5721, 0
 4775, 65.27, 34.36, 0, -2.9287, 0.738, 0
 4800, 65.27, 34.36, 0, -2.9287, 0.738, 0
 4825, 65.18, 34.17, 0, -2.1625, 0.093, 0
 4850, 65.09, 34.03, 0, -1.7765, -0.0524, 0
 4875, 65.09, 34.03, 0, -1.7765, -0.0524, 0
 4900, 65.03, 33.99, 0, -1.3641, -0.6073, 0
 4925, 64.98, 34.06, 0, -1.3776, -1.9057, 0
 4950, 64.96, 34.14, 0, -0.0243, -0.8708, 0
 4975, 64.96, 34.14, 0, -0.0243, -0.8708, 0
 5000, 65, 34.18, 0, 1.6384, 0.3399, 0
 5025, 65.09, 34.15, 0, 2.1931, 1.3809, 0
 5050, 65.09, 34.15, 0, 2.1931, 1.3809, 0
 5075, 65.16, 34.15, 0, 1.9825, 1.2005, 0
 5100, 65.25, 34.38, 0, 1.8436, 0.6319, 0
 5125, 65.3, 35.08, 0, 1.2471, -0.2418, 0
 5150, 65.3, 35.08, 0, 1.2471, -0.2418, 0
 5175, 65.34, 36.09, 0, 0.6831, -2.0746, 0
 5200, 65.34, 36.09, 0, 0.6831, -2.0746, 0
 5225, 65.37, 36.91, 0, 1.3117, -1.9744, 0
 5250, 65.43, 37.48, 0, 1.1799, -2.5702, 0
 5275, 65.45, 37.85, 0, 0.3997, -0.6696, 0
 5300, 65.45, 37.85, 0, 0.3997, -0.6696, 0
 5325, 65.45, 38.05, 0, -0.5032, 0.5468, 0
 5350, 65.41, 38.27, 0, -1.1893, 0.7403, 0
 5375, 65.41, 38.27, 0, -1.1893, 0.7403, 0
 5400, 65.39, 38.44, 0, -0.1783, 0.9692, 0
 5425, 65.41, 38.52, 0, 0.8273, 1.0521, 0
 5450, 65.43, 38.54, 0, 0.6388, 0.8506, 0
 5475, 65.43, 38.54, 0, 0.6388, 0.8506, 0
 5500, 65.43, 38.56, 0, -0.7298, 0.8442, 0
 5525, 65.43, 38.56, 0, -0.7298, 0.8442, 0
 5550, 65.39, 38.58, 0, -0.4876, 1.3181, 0
 5575, 65.39, 38.6, 0, -0.206, 0.7491, 0
 5600, 65.37, 38.56, 0, -0.7689, -0.3608, 0
 5625, 65.37, 38.56, 0, -0.7689, -0.3608, 0
 5650, 65.3, 38.49, 0, -2.4028, 0.1377, 0
 5675, 65.21, 38.31, 0, -2.1377, 1.1559, 0
 5700, 65.21, 38.31, 0, -2.1377, 1.1559, 0
 5725, 65.14, 38.01, 0, -0.9752, 1.6488, 0
 5750, 65.12, 37.65, 0, -0.8464, 1.4831, 0
 5775, 65.12, 37.65, 0, -0.8464, 1.4831, 0
 5800, 65.05, 37.26, 0, -2.2372, 0.9634, 0
 5825, 64.91, 36.86, 0, -4.3913, 1.7539, 0
 5850, 64.91, 36.86, 0, -4.3913, 1.7539, 0
 5875, 64.73, 36.51, 0, -3.7292, 0.5256, 0
 5900, 64.73, 36.51, 0, -3.7292, 0.5256, 0
 5925, 64.64, 35.81, 0, -0.2653, -0.5985, 0
 5950, 64.64, 35.81, 0, -0.2653, -0.5985, 0
 5975, 64.62, 35.45, 0, -0.866, -0.3538, 0
 6000, 64.59, 35.05, 0, -0.6173, 1.2872, 0
 6025, 64.61, 34.78, 0, 1.0544, 1.086, 0
 6050, 64.61, 34.78, 0, 1.0544, 1.086, 0
 6075, 64.68, 34.63, 0, 2.1238, 0.109, 0
 6100, 64.73, 34.55, 0, 1.4198, -0.0844, 0
 6125, 64.73, 34.49, 0, -0.8053, -0.2527, 0
 6150, 64.73, 34.49, 0, -0.8053, -0.2527, 0
 6175, 64.68, 34.43, 0, -0.928, -0.2392, 0
 6200, 64.68, 34.43, 0, -0.928, -0.2392, 0
 6225, 64.66, 34.41, 0, -0.3849, -0.6028, 0
 6250, 64.68, 34.37, 0, 1.0346, 0.4876, 0
 6275, 64.68, 34.37, 0, 1.0346, 0.4876, 0
 6300, 64.71, 34.37, 0, 0.5519, -0.137, 0
 6325, 64.71, 34.39, 0, 0.1464, -0.2602, 0
 6350, 64.71, 34.41, 0, -0.5472, -0.5956, 0
 6375, 64.71, 34.41, 0, -0.5472, -0.5956, 0
 6400, 64.68, 34.43, 0, -1.1682, -0.5156, 0
 6425, 64.64, 34.45, 0, -0.4674, 0.7689, 0
 6450, 64.64, 34.45, 0, -0.4674, 0.7689, 0
 6475, 64.66, 34.49, 0, 1.0276, 0.7132, 0
 6500, 64.71, 34.45, 0, 0.9925, -0.4706, 0
 6525, 64.7, 34.45, 0, -1.0916, -0.6598, 0
 6550, 64.7, 34.45, 0, -1.0916, -0.6598, 0
 6575, 64.62, 34.53, 0, -2.044, -0.8513, 0
 6600, 64.55, 34.64, 0, -1.4171, -1.4713, 0
 6625, 64.55, 34.64, 0, -1.4171, -1.4713, 0
 6650, 64.52, 34.76, 0, -0.731, -2.0893, 0
 6675, 64.48, 34.82, 0, -1.1367, -1.6075, 0
 6700, 64.48, 34.82, 0, -1.1367, -1.6075, 0
 6725, 64.45, 34.82, 0, -0.798, 0.6707, 0
 6750, 64.43, 34.92, 0, 0.1997, 0.368, 0
 6775, 64.45, 35.02, 0, 0.903, -1.272, 0
 6800, 64.45, 35.02, 0, 0.903, -1.272, 0
 6825, 64.48, 35.04, 0, 0.6272, -0.2011, 0
 6850, 64.5, 35, 0, -0.0346, 0.395, 0
 6875, 64.5, 35, 0, -0.0346, 0.395, 0
 6900, 64.48, 34.9, 0, -0.0561, 1.09, 0
 6925, 64.46, 34.78, 0, -0.4914, 0.3799, 0
 6950, 64.46, 34.78, 0, -0.4914, 0.3799, 0
 6975, 64.46, 34.66, 0, 0.2343, 1.2874, 0
 7000, 64.48, 34.6, 0, 0.193, 0.0618, 0
 7025, 64.48, 34.6, 0, 0.193, 0.0618, 0
 7050, 64.48, 34.62, 0, 0.3567, -0.8598, 0
 7075, 64.5, 34.68, 0, 0.1468, -0.232, 0
 7100, 64.48, 34.82, 0, -0.6108, 0.3266, 0
 7125, 64.48, 34.82, 0, -0.6108, 0.3266, 0
 7150, 64.46, 34.96, 0, -0.0447, 0.2782, 0
 7175, 64.5, 35.06, 0, 0.94, -0.5124, 0
 7200, 64.5, 35.06, 0, 0.94, -0.5124, 0
 7225, 64.53, 35.12, 0, 0.6676, -0.9344, 0
 7250, 64.52, 35.16, 0, -0.7161, -0.561, 0
 7275, 64.48, 35.22, 0, -1.2931, -1.0557, 0
 7300, 64.48, 35.22, 0, -1.2931, -1.0557, 0
 7325, 64.45, 35.28, 0, 0.0451, -0.5649, 0
 7350, 64.46, 35.34, 0, -0.327, -0.6631, 0
 7375, 64.46, 35.34, 0, -0.327, -0.6631, 0
 7400, 64.43, 35.36, 0, -0.9612, -0.1131, 0
 7425, 64.39, 35.34, 0, -0.8665, 0.7527, 0
 7450, 64.39, 35.42, 0, 0.548, -0.1966, 0
 7475, 64.39, 35.42, 0, 0.548, -0.1966, 0
 7500, 64.45, 35.5, 0, 1.3949, -0.851, 0
 7525, 64.45, 35.5, 0, 1.3949, -0.851, 0
 7550, 64.46, 35.58, 0, 0.1187, -0.3746, 0
 7575, 64.45, 35.58, 0, -0.7218, 0.7899, 0
 7600, 64.43, 35.5, 0, -0.1481, 0.4423, 0
 7625, 64.43, 35.5, 0, -0.1481, 0.4423, 0
 7650, 64.45, 35.42, 0, 0.7622, 1.0761, 0
 7675, 64.5, 35.38, 0, 1.1122, 1.6191, 0
 7700, 64.53, 35.4, 0, 0.7204, 0.5805, 0
 7725, 64.53, 35.4, 0, 0.7204, 0.5805, 0
 7750, 64.53, 35.49, 0, -0.419, -0.838, 0
 7775, 64.5, 35.6, 0, -1.3351, -0.355, 0
 7800, 64.5, 35.6, 0, -1.3351, -0.355, 0
 7825, 64.45, 35.64, 0, -0.9994, 0.1419, 0
 7850, 64.43, 35.66, 0, -0.0135, 0.4749, 0
 7875, 64.43, 35.66, 0, -0.0135, 0.4749, 0
 7900, 64.46, 35.6, 0, 0.8469, 0.2174, 0
 7925, 64.48, 35.54, 0, -0.0351, 0.2582, 0
 7950, 64.48, 35.54, 0, -0.0351, 0.2582, 0
 7975, 64.45, 35.58, 0, -0.9577, 0.0368, 0
 8000, 64.43, 35.7, 0, -0.2528, -0.8359, 0
 8025, 64.45, 35.84, 0, 0.8039, -1.1451, 0
 8050, 64.45, 35.84, 0, 0.8039, -1.1451, 0
 8075, 64.46, 36.01, 0, 0.2569, -1.5605, 0
 8100, 64.45, 36.07, 0, -0.5349, -1.3115, 0
 8125, 64.45, 36.07, 0, -0.5349, -1.3115, 0
 8150, 64.43, 36.02, 0, -0.2523, -0.0056, 0
 8175, 64.46, 35.66, 0, 0.6773, 1.4339, 0
 8200, 64.46, 35.66, 0, 0.6773, 1.4339, 0
 8225, 64.5, 34.98, 0, 0.9872, 2.4438, 0
 8250, 64.5, 34.34, 0, -0.5202, 1.6654, 0
 8275, 64.5, 34.34, 0, -0.5202, 1.6654, 0
 8300, 64.45, 33.78, 0, -1.4539, 0.9699, 0
 8325, 64.39, 33.34, 0, -1.8337, 0.3129, 0
 8350, 64.32, 32.97, 0, -1.1007, 1.1642, 0
 8375, 64.3, 32.6, 0, -0.459, 0.9328, 0
 8400, 64.3, 32.6, 0, -0.459, 0.9328, 0
 8425, 64.29, 32.36, 0, -0.9444, -0.5572, 0
 8450, 64.23, 32.1, 0, -1.8163, -1.9414, 0
 8475, 64.23, 32.1, 0, -1.8163, -1.9414, 0
 8500, 64.14, 31.94, 0, -2.4461, -1.1507, 0
 8525, 64.14, 31.94, 0, -2.4461, -1.1507, 0
 8550, 64.02, 31.83, 0, -3.0277, 0.9693, 0
 8575, 63.91, 31.67, 0, -2.2234, 1.9242, 0
 8600, 63.84, 31.45, 0, -1.6114, 1.1507, 0
 8625, 63.77, 31.19, 0, -2.0816, 0.0353, 0
 8650, 63.77, 31.19, 0, -2.0816, 0.0353, 0
 8675, 63.68, 30.97, 0, -2.2623, -0.457, 0
 8700, 63.68, 30.97, 0, -2.2623, -0.457, 0
 8725, 63.59, 30.77, 0, -1.677, -0.7752, 0
 8750, 63.56, 30.67, 0, -0.7899, -1.5028, 0
 8775, 63.56, 30.61, 0, 0.6107, -1.2763, 0
 8800, 63.56, 30.61, 0, 0.6107, -1.2763, 0
 8825, 63.57, 30.59, 0, 0.3105, -0.5981, 0
 8850, 63.56, 30.47, 0, -0.6923, 0.1676, 0
 8875, 63.56, 30.32, 0, 0.3212, 1.4614, 0
 8900, 63.56, 30.32, 0, 0.3212, 1.4614, 0
 8925, 63.59, 30.36, 0, 1.2823, -0.066, 0
 8950, 63.66, 30.46, 0, 1.5018, -0.1358, 0
 8975, 63.66, 30.46, 0, 1.5018, -0.1358, 0
 9000, 63.7, 30.58, 0, 0.7338, 0.5032, 0
 9025, 63.72, 30.58, 0, 0.343, 0.9195, 0
 9050, 63.72, 30.58, 0, 0.343, 0.9195, 0
 9075, 63.72, 30.54, 0, -0.3357, -0.2278, 0
 9100, 63.72, 30.52, 0, 0.8596, 0.8887, 0
 9125, 63.72, 30.52, 0, 0.8596, 0.8887, 0
 9150, 63.75, 30.66, 0, 0.2081, -0.216, 0
 9175, 63.73, 30.85, 0, -0.9252, -1.2383, 0
 9200, 63.66, 31.1, 0, -1.9802, -1.5635, 0
 9225, 63.66, 31.1, 0, -1.9802, -1.5635, 0
 9250, 63.57, 31.24, 0, -2.1909, -0.6572, 0
 9275, 63.57, 31.24, 0, -2.1909, -0.6572, 0
 9300, 63.52, 31.27, 0, -0.6809, 0.3099, 0
 9325, 63.54, 31.24, 0, 0.4641, 0.2698, 0
 9350, 63.54, 31.16, 0, -0.0819, 0.2625, 0
 9375, 63.54, 31.16, 0, -0.0819, 0.2625, 0
 9400, 63.52, 31.1, 0, -1.0308, 0.3914, 0
 9425, 63.45, 30.98, 0, -1.6351, -0.1874, 0
 9450, 63.4, 30.8, 0, -1.4936, -0.5483, 0
 9475, 63.4, 30.8, 0, -1.4936, -0.5483, 0
 9500, 63.33, 30.64, 0, -2.2069, -2.0423, 0
 9525, 63.22, 30.53, 0, -2.5252, -1.5365, 0
 9550, 63.22, 30.53, 0, -2.5252, -1.5365, 0
 9575, 63.09, 30.39, 0, -3.232, -0.894, 0
 9600, 62.95, 30.11, 0, -3.8085, 0.8587, 0
 9625, 62.95, 30.11, 0, -3.8085, 0.8587, 0
 9650, 62.76, 29.83, 0, -5.61, 0.9453, 0
 9675, 62.53, 29.66, 0, -5.6713, -0.3988, 0
 9700, 62.33, 29.5, 0, -4.8165, -1.915, 0
 9725, 62.33, 29.5, 0, -4.8165, -1.915, 0
 9750, 62.17, 29.37, 0, -3.5004, -1.4612, 0
 9775, 62.07, 29.25, 0, -3.2383, -0.866, 0
 9800, 62.07, 29.25, 0, -3.2383, -0.866, 0
 9825, 61.92, 29.11, 0, -3.7941, -1.2884, 0
 9850, 61.84, 29.1, 0, -2.7262, -0.799, 0
 9875, 61.73, 29.12, 0, -2.5243, -1.8096, 0
 9900, 61.73, 29.12, 0, -2.5243, -1.8096, 0
 9925, 61.64, 29.17, 0, -1.8258, -2.4146, 0
 9950, 61.57, 29.27, 0, -1.9413, -1.647, 0
 9975, 61.57, 29.27, 0, -1.9413, -1.647, 0
 10000, 61.48, 29.46, 0, -2.0461, -0.1764, 0
 10025, 61.43, 29.65, 0, -0.6912, 0.3026, 0
 10050, 61.43, 29.82, 0, 0.3259, 0.1446, 0
 10075, 61.43, 29.82, 0, 0.3259, 0.1446, 0
 10100, 61.43, 29.98, 0, -0.3027, -0.4342, 0
 10125, 61.41, 30.17, 0, -0.7185, 0.0238, 0
 10150, 61.41, 30.17, 0, -0.7185, 0.0238, 0
 10175, 61.38, 30.43, 0, -0.9342, -0.2012, 0
 10200, 61.34, 30.76, 0, -0.9382, -1.1497, 0
 10225, 61.31, 31.13, 0, -0.5897, -0.8113, 0
 10250, 61.31, 31.13, 0, -0.5897, -0.8113, 0
 10275, 61.29, 31.42, 0, -0.5837, -0.7397, 0
 10300, 61.27, 31.64, 0, -0.7542, -0.2923, 0
 10325, 61.27, 31.64, 0, -0.7542, -0.2923, 0
 10350, 61.27, 31.7, 0, 0.3461, 1.9163, 0
 10375, 61.29, 31.78, 0, 0.5969, 1.1242, 0
 10400, 61.29, 31.78, 0, 0.5969, 1.1242, 0
 10425, 61.32, 31.94, 0, 0.7854, 0.4883, 0
 10450, 61.32, 32.12, 0, -0.1225, 0.3041, 0
 10475, 61.29, 32.31, 0, -1.0248, 0.5153, 0
 10500, 61.29, 32.31, 0, -1.0248, 0.5153, 0
 10525, 61.25, 32.49, 0, -1.0283, -0.2225, 0
 10550, 61.22, 32.55, 0, -0.7831, -0.0759, 0
 10575, 61.22, 32.55, 0, -0.7831, -0.0759, 0
 10600, 61.2, 32.51, 0, -0.4825, 0.7533, 0
 10625, 61.18, 32.43, 0, -0.2532, -0.4099, 0
 10650, 61.18, 32.43, 0, -0.2532, -0.4099, 0
 10675, 61.18, 32.37, 0, -0.4715, -1.4493, 0
 10700, 61.15, 32.21, 0, -0.8192, -0.1709, 0
 10725, 61.15, 32.21, 0, -0.8192, -0.1709, 0
 10750, 61.13, 31.97, 0, -0.5667, 1.7137, 0
 10775, 61.11, 31.61, 0, 0.0974, 1.7391, 0
 10800, 61.11, 31.22, 0, -0.9179, 0.2524, 0
 10825, 61.11, 31.22, 0, -0.9179, 0.2524, 0
 10850, 60.99, 30.94, 0, -3.7319, 0.3855, 0
 10875, 60.85, 30.76, 0, -3.4749, 0.7858, 0
 10900, 60.85, 30.76, 0, -3.4749, 0.7858, 0
 10925, 60.76, 30.71, 0, -1.3439, -0.229, 0
 10950, 60.76, 30.71, 0, -1.3439, -0.229, 0
 10975, 60.72, 30.65, 0, -0.116, -1.8197, 0
 11000, 60.72, 30.65, 0, -0.116, -1.8197, 0
 11025, 60.72, 30.61, 0, -0.1072, -0.2026, 0
 11050, 60.72, 30.5, 0, -0.1391, 0.2432, 0
 11075, 60.72, 30.5, 0, -0.1391, 0.2432, 0
 11100, 60.74, 30.38, 0, 0.9567, 1.4576, 0
 11125, 60.79, 30.38, 0, 1.2852, 0.1771, 0
 11150, 60.79, 30.38, 0, 1.2852, 0.1771, 0
 11175, 60.85, 30.52, 0, 1.4062, -0.4091, 0
 11200, 60.86, 30.64, 0, 0.2093, -0.3563, 0
 11225, 60.86, 30.64, 0, 0.2093, -0.3563, 0
 11250, 60.85, 30.66, 0, -0.9394, 0.3772, 0
 11275, 60.81, 30.7, 0, -1.3663, -0.12, 0
 11300, 60.76, 30.73, 0, -0.8199, 0.1245, 0
 11325, 60.76, 30.73, 0, -0.8199, 0.1245, 0
 11350, 60.72, 30.83, 0, -0.8845, 0.036, 0
 11375, 60.69, 30.93, 0, -1.1397, -0.1026, 0
 11400, 60.69, 30.93, 0, -1.1397, -0.1026, 0
 11425, 60.63, 31, 0, -1.4362, -0.822, 0
 11450, 60.56, 31, 0, -1.8006, -0.6709, 0
 11475, 60.56, 31, 0, -1.8006, -0.6709, 0
 11500, 60.53, 31, 0, -1.3177, 0.0208, 0
 11525, 60.48, 31.02, 0, -0.7342, 0.1403, 0
 11550, 60.48, 31.04, 0, 0.0552, 0.2973, 0
 11575, 60.48, 31.04, 0, 0.0552, 0.2973, 0
 11600, 60.48, 31.04, 0, -0.0912, 0.2736, 0
 11625, 60.46, 31.04, 0, -0.9191, -0.4138, 0
 11650, 60.39, 31.03, 0, -2.0687, -1.4712, 0
 11675, 60.39, 31.03, 0, -2.0687, -1.4712, 0
 11700, 60.28, 31.05, 0, -3.1637, -0.7072, 0
 11725, 60.28, 31.05, 0, -3.1637, -0.7072, 0
 11750, 60.16, 31.08, 0, -2.6665, 0.4239, 0
 11775, 60.09, 31.06, 0, -0.4718, 0.2297, 0
 11800, 60.14, 30.96, 0, 2.191, 1.262, 0
 11825, 60.14, 30.96, 0, 2.191, 1.262, 0
 11850, 60.26, 30.97, 0, 2.8759, 1.098, 0
 11875, 60.35, 31.03, 0, 1.914, 0.6209, 0
 11900, 60.35, 31.03, 0, 1.914, 0.6209, 0
 11925, 60.4, 31.09, 0, 0.4778, 0.1713, 0
 11950, 60.39, 31.09, 0, -0.9098, -0.1273, 0
 11975, 60.39, 31.09, 0, -0.9098, -0.1273, 0
 12000, 60.33, 31.03, 0, -1.093, 0.6617, 0
 12025, 60.3, 30.91, 0, -0.5471, 0.1255, 0
 12050, 60.3, 30.91, 0, -0.5471, 0.1255, 0
 12075, 60.32, 30.81, 0, 0.9739, 0.8831, 0
 12100, 60.35, 30.7, 0, 1.0013, 0.6988, 0
 12125, 60.39, 30.62, 0, 0.1263, -0.1034, 0
 12150, 60.37, 30.58, 0, -0.2316, -0.0234, 0
 12175, 60.37, 30.58, 0, -0.2316, -0.0234, 0
 12200, 60.37, 30.56, 0, 0.0249, 0.4165, 0
 12225, 60.4, 30.48, 0, 1.1665, 0.8681, 0
 12250, 60.4, 30.48, 0, 1.1665, 0.8681, 0
 12275, 60.46, 30.37, 0, 1.438, 0.4861, 0
 12300, 60.49, 30.21, 0, 0.5031, 0.2318, 0
 12325, 60.49, 30.21, 0, 0.5031, 0.2318, 0
 12350, 60.48, 30.02, 0, -1.148, 0.3503, 0
 12375, 60.42, 29.94, 0, -1.0536, -0.3573, 0
 12400, 60.42, 29.94, 0, -1.0536, -0.3573, 0
 12425, 60.39, 29.92, 0, -0.5942, -1.349, 0
 12450, 60.39, 29.9, 0, 0.193, -1.2089, 0
 12475, 60.39, 29.9, 0, 0.193, -1.2089, 0
 12500, 60.37, 29.84, 0, -1.0835, -1.393, 0
 12525, 60.32, 29.68, 0, -1.6942, 1.0233, 0
 12550, 60.25, 29.56, 0, -1.4741, 0.2549, 0
 12575, 60.25, 29.56, 0, -1.4741, 0.2549, 0
 12600, 60.21, 29.48, 0, -0.2337, -0.2888, 0
 12625, 60.21, 29.46, 0, 0.0358, -0.3465, 0
 12650, 60.19, 29.46, 0, -0.7003, 0.0813, 0
 12675, 60.19, 29.46, 0, -0.7003, 0.0813, 0
 12700, 60.18, 29.4, 0, -0.3917, 0.7051, 0
 12725, 60.18, 29.4, 0, -0.3917, 0.7051, 0
 12750, 60.18, 29.34, 0, 0.2811, 0.0604, 0
 12775, 60.19, 29.34, 0, 0.4768, 0.4917, 0
 12800, 60.19, 29.36, 0, -0.0846, 0.1333, 0
 12825, 60.19, 29.36, 0, -0.0846, 0.1333, 0
 12850, 60.18, 29.42, 0, -0.7154, -1.2156, 0
 12875, 60.14, 29.5, 0, -0.6536, -0.7897, 0
 12900, 60.14, 29.5, 0, -0.6536, -0.7897, 0
 12925, 60.14, 29.5, 0, 0.0793, 0.3917, 0
 12950, 60.18, 29.48, 0, 1.4677, 1.2993, 0
 12975, 60.18, 29.48, 0, 1.4677, 1.2993, 0
 13000, 60.23, 29.42, 0, 1.1583, 0.7247, 0
 13025, 60.25, 29.38, 0, -0.1709, -0.297, 0
 13050, 60.19, 29.4, 0, -1.5899, -0.9189, 0
 13075, 60.19, 29.4, 0, -1.5899, -0.9189, 0
 13100, 60.14, 29.44, 0, -1.3999, -1.1562, 0
 13125, 60.09, 29.48, 0, -0.7121, -1.6483, 0
 13150, 60.09, 29.48, 0, -0.7121, -1.6483, 0
 13175, 60.09, 29.57, 0, 0.4623, -1.3867, 0
 13200, 60.09, 29.59, 0, -0.6675, -1.3326, 0
 13225, 60.05, 29.51, 0, -0.7274, 0.6107, 0
 13250, 60.05, 29.51, 0, -0.7274, 0.6107, 0
 13275, 60.05, 29.51, 0, -0.7274, 0.6107, 0
 13300, 60.07, 29.42, 0, 0.6622, -0.5413, 0
 13325, 60.07, 29.42, 0, 0.6622, -0.5413, 0
 13350, 60.07, 29.38, 0, -0.4455, -0.9574, 0
 13375, 60.02, 29.34, 0, -2.102, -0.7287, 0
 13400, 60.02, 29.34, 0, -2.102, -0.7287, 0
 13425, 59.93, 29.27, 0, -1.5917, 0.2916, 0
 13450, 59.89, 29.16, 0, -0.938, 0.0201, 0
 13475, 59.89, 29.16, 0, -0.938, 0.0201, 0
 13500, 59.86, 29.06, 0, -0.5595, 0.1387, 0
 13525, 59.84, 29, 0, -1.0061, 0.0789, 0
 13550, 59.84, 29, 0, -1.0061, 0.0789, 0
 13575, 59.77, 28.96, 0, -2.0173, -0.2467, 0
 13600, 59.66, 28.88, 0, -2.7314, -0.1703, 0
 13625, 59.51, 28.77, 0, -5.2285, 1.6533, 0
 13650, 59.51, 28.77, 0, -5.2285, 1.6533, 0
 13675, 59.24, 28.61, 0, -7.7294, 3.5539, 0
 13700, 58.91, 28.48, 0, -8.5667, 1.9293, 0
 13725, 58.91, 28.48, 0, -8.5667, 1.9293, 0
 13750, 58.57, 28.37, 0, -8.0494, 0.207, 0
 13775, 58.34, 28.31, 0, -7.2183, -0.0821, 0
 13800, 58.34, 28.31, 0, -7.2183, -0.0821, 0
 13825, 58.1, 28.28, 0, -5.1871, -1.3833, 0
 13850, 57.94, 28.33, 0, -3.5048, -2.3774, 0
 13875, 57.82, 28.37, 0, -3.1719, -0.3827, 0
 13900, 57.82, 28.37, 0, -3.1719, -0.3827, 0
 13925, 57.64, 28.38, 0, -4.7587, 0.1741, 0
 13950, 57.43, 28.32, 0, -4.7107, 1.4148, 0
 13975, 57.43, 28.32, 0, -4.7107, 1.4148, 0
 14000, 57.29, 28.29, 0, -2.917, 0.6719, 0
 14025, 57.26, 28.33, 0, 0.4418, 0.0503, 0
 14050, 57.34, 28.35, 0, 2.587, -0.009, 0
 14075, 57.34, 28.35, 0, 2.587, -0.009, 0
 14100, 57.45, 28.34, 0, 2.1817, 0.7631, 0
 14125, 57.48, 28.34, 0, 0.3328, 1.0928, 0
 14150, 57.48, 28.34, 0, 0.3328, 1.0928, 0
 14175, 57.45, 28.36, 0, -0.893, 0.4324, 0
 14200, 57.47, 28.38, 0, 0.6925, 0.8817, 0
 14225, 57.47, 28.38, 0, 0.6925, 0.8817, 0
 14250, 57.5, 28.47, 0, 1.0752, -0.6364, 0
 14275, 57.54, 28.69, 0, 0.6537, -0.6387, 0
 14300, 57.54, 28.69, 0, 0.6537, -0.6387, 0
 14325, 57.54, 29.04, 0, -0.2068, -0.4221, 0
 14350, 57.52, 29.39, 0, -0.589, 0.6876, 0
 14375, 57.52, 29.39, 0, -0.589, 0.6876, 0
 14400, 57.52, 29.56, 0, 0.7858, 1.0723, 0
 14425, 57.57, 29.64, 0, 1.591, 0.5229, 0
 14450, 57.61, 29.7, 0, 0.2805, -0.4129, 0
 14475, 57.61, 29.7, 0, 0.2805, -0.4129, 0
 14500, 57.59, 29.78, 0, -0.7457, 0.5616, 0
 14525, 57.55, 29.86, 0, -0.6581, 0.1943, 0
 14550, 57.55, 29.86, 0, -0.6581, 0.1943, 0
 14575, 57.55, 29.91, 0, -0.0953, -0.3664, 0
 14600, 57.55, 29.99, 0, -0.3916, -0.8571, 0
 14625, 57.5, 29.97, 0, -1.7186, -0.3408, 0
 14650, 57.5, 29.97, 0, -1.7186, -0.3408, 0
 14675, 57.43, 29.91, 0, -1.6591, 1.1432, 0
 14700, 57.4, 29.95, 0, -0.3378, 0.2962, 0
 14725, 57.4, 29.95, 0, -0.3378, 0.2962, 0
 14750, 57.41, 29.99, 0, 1.0142, 0.1077, 0
 14775, 57.43, 30.01, 0, 0.1551, -0.0491, 0
 14800, 57.41, 29.95, 0, -1.2258, 0.3498, 0
 14825, 57.41, 29.95, 0, -1.2258, 0.3498, 0
 14850, 57.34, 29.83, 0, -2.0464, -0.1606, 0
 14875, 57.34, 29.83, 0, -2.0464, -0.1606, 0
 14900, 57.24, 29.67, 0, -2.3449, -0.0721, 0
 14925, 57.08, 29.47, 0, -5.4761, 1.8763, 0
 14950, 56.78, 29.25, 0, -7.8275, 2.0436, 0
 14975, 56.78, 29.25, 0, -7.8275, 2.0436, 0
 15000, 56.52, 29.01, 0, -5.7639, 0.6342, 0
 15025, 56.52, 29.01, 0, -5.7639, 0.6342, 0
 15050, 56.36, 28.83, 0, -2.113, -1.0063, 0
 15075, 56.36, 28.69, 0, 1.0563, 0.007, 0
 15100, 56.43, 28.54, 0, 1.6218, 0.7222, 0
 15125, 56.47, 28.48, 0, -0.0098, -0.1049, 0
 15150, 56.47, 28.48, 0, -0.0098, -0.1049, 0
 15175, 56.43, 28.46, 0, -0.8614, -0.3949, 0
 15200, 56.41, 28.48, 0, -0.1498, 0.0866, 0
 15225, 56.41, 28.48, 0, -0.1498, 0.0866, 0
 15250, 56.41, 28.52, 0, 0.3612, -0.5017, 0
 15275, 56.45, 28.58, 0, 0.9448, -0.773, 0
 15300, 56.45, 28.58, 0, 0.9448, -0.773, 0
 15325, 56.48, 28.58, 0, 0.2715, -0.4002, 0
 15350, 56.45, 28.56, 0, -0.7163, 0.5813, 0
 15375, 56.45, 28.52, 0, 0.2278, 2.0971, 0
 15400, 56.45, 28.52, 0, 0.2278, 2.0971, 0
 15425, 56.48, 28.46, 0, 0.9803, 1.046, 0
 15450, 56.54, 28.5, 0, 1.3367, -0.193, 0
 15475, 56.54, 28.5, 0, 1.3367, -0.193, 0
 15500, 56.57, 28.58, 0, 0.9122, -0.783, 0
 15525, 56.61, 28.62, 0, 0.9557, -0.0016, 0
 15550, 56.64, 28.68, 0, 0.7154, 0.0389, 0
 15575, 56.64, 28.68, 0, 0.7154, 0.0389, 0
 15600, 56.66, 28.72, 0, 0.318, 0.0695, 0
 15625, 56.68, 28.76, 0, 0.5943, 0.8689, 0
 15650, 56.68, 28.76, 0, 0.5943, 0.8689, 0
 15675, 56.68, 28.8, 0, -0.3836, -0.0748, 0
 15700, 56.62, 28.78, 0, -1.6503, -0.3024, 0
 15725, 56.62, 28.78, 0, -1.6503, -0.3024, 0
 15750, 56.55, 28.76, 0, -1.906, 0.1768, 0
 15775, 56.5, 28.66, 0, -1.0085, 0.7916, 0
 15800, 56.5, 28.66, 0, -1.0085, 0.7916, 0
 15825, 56.48, 28.58, 0, 0.3083, 0.7913, 0
 15850, 56.52, 28.56, 0, 1.151, 0.121, 0
 15875, 56.55, 28.52, 0, 0.6806, 0.0769, 0
 15900, 56.55, 28.52, 0, 0.6806, 0.0769, 0
 15925, 56.55, 28.56, 0, -0.7379, -0.1111, 0
 15950, 56.5, 28.6, 0, -1.7445, -0.9271, 0
 15975, 56.43, 28.66, 0, -1.2522, -0.8752, 0
 16000, 56.43, 28.66, 0, -1.2522, -0.8752, 0
 16025, 56.41, 28.75, 0, -0.63, -0.5294, 0
 16050, 56.4, 28.77, 0, -0.3664, 0.2368, 0
 16075, 56.4, 28.77, 0, -0.3664, 0.2368, 0
 16100, 56.4, 28.66, 0, 0.1993, 2.5275, 0
 16125, 56.38, 28.62, 0, -0.7984, 1.2484, 0
 16150, 56.34, 28.58, 0, -0.6848, 0.5361, 0
 16175, 56.34, 28.58, 0, -0.6848, 0.5361, 0
 16200, 56.34, 28.54, 0, -0.3226, -0.1735, 0
 16225, 56.34, 28.52, 0, 0.28, 0.2158, 0
 16250, 56.34, 28.52, 0, 0.28, 0.2158, 0
 16275, 56.36, 28.48, 0, 0.4271, 0.345, 0
 16300, 56.36, 28.48, 0, 0.4271, 0.345, 0
 16325, 56.38, 28.38, 0, 0.4416, 1.8143, 0
 16350, 56.36, 28.31, 0, -0.9468, 1.2006, 0
 16375, 56.31, 28.25, 0, -1.7064, -0.1866, 0
 16400, 56.31, 28.25, 0, -1.7064, -0.1866, 0
 16425, 56.24, 28.23, 0, -1.5951, -0.5274, 0
 16450, 56.15, 28.24, 0, -3.0491, -0.9667, 0
 16475, 56.15, 28.24, 0, -3.0491, -0.9667, 0
 16500, 55.94, 28.18, 0, -6.294, 1.64, 0
 16525, 55.66, 28.12, 0, -7.3334, 1.7719, 0
 16550, 55.4, 28.09, 0, -5.984, 0.2912, 0
 16575, 55.4, 28.09, 0, -5.984, 0.2912, 0
 16600, 55.21, 28.05, 0, -3.8498, -0.9968, 0
 16625, 55.1, 28.03, 0, -2.1863, -1.8377, 0
 16650, 55.1, 28.03, 0, -2.1863, -1.8377, 0
 16675, 55.03, 28.06, 0, -1.5567, -1.5936, 0
 16700, 54.94, 28.08, 0, -2.5518, -1.6378, 0
 16725, 54.94, 28.08, 0, -2.5518, -1.6378, 0
 16750, 54.8, 28.08, 0, -3.8816, -1.7528, 0
 16775, 54.65, 27.98, 0, -3.5498, 0.0052, 0
 16800, 54.65, 27.98, 0, -3.5498, 0.0052, 0
 16825, 54.52, 27.92, 0, -3.1344, -0.2071, 0
 16850, 54.4, 27.9, 0, -3.0443, -0.3005, 0
 16875, 54.4, 27.9, 0, -3.0443, -0.3005, 0
 16900, 54.3, 27.88, 0, -2.0649, -0.017, 0
 16925, 54.26, 27.89, 0, -1.0446, -0.0036, 0
 16950, 54.24, 27.86, 0, -0.0329, 0.8284, 0
 16975, 54.24, 27.86, 0, -0.0329, 0.8284, 0
 17000, 54.23, 27.8, 0, -0.6217, 0.583, 0
 17025, 54.19, 27.74, 0, -0.8693, 1.1847, 0
 17050, 54.19, 27.74, 0, -0.8693, 1.1847, 0
 17075, 54.16, 27.72, 0, -1.2941, 0.3907, 0
 17100, 54.1, 27.68, 0, -0.9899, -0.2098, 0
 17125, 54.1, 27.68, 0, -0.9899, -0.2098, 0
 17150, 54.09, 27.66, 0, -0.4514, 0.1769, 0
 17175, 54.09, 27.6, 0, -0.0535, 0.9846, 0
 17200, 54.09, 27.54, 0, 0.6893, 1.9294, 0
 17225, 54.09, 27.54, 0, 0.6893, 1.9294, 0
 17250, 54.14, 27.49, 0, 1.3845, 1.209, 0
 17275, 54.19, 27.43, 0, 1.452, 0.6513, 0
 17300, 54.19, 27.43, 0, 1.452, 0.6513, 0
 17325, 54.23, 27.37, 0, 0.0449, 0.5449, 0
 17350, 54.19, 27.41, 0, -1.0814, 0.4101, 0
 17375, 54.19, 27.41, 0, -1.0814, 0.4101, 0
 17400, 54.17, 27.43, 0, -0.3392, 1.0891, 0
 17425, 54.17, 27.43, 0, 0.5175, 0.6609, 0
 17450, 54.21, 27.3, 0, 0.9851, 1.9523, 0
 17475, 54.21, 27.3, 0, 0.9851, 1.9523, 0
 17500, 54.24, 27.05, 0, 0.6906, 3.0331, 0
 17525, 54.26, 26.93, 0, 0.1967, 0.7398, 0
 17550, 54.3, 26.99, 0, 1.0294, -0.7307, 0
 17575, 54.3, 26.99, 0, 1.0294, -0.7307, 0
 17600, 54.33, 27.11, 0, 1.2532, -1.799, 0
 17625, 54.38, 27.2, 0, 0.7962, -0.3704, 0
 17650, 54.38, 27.2, 0, 0.7962, -0.3704, 0
 17675, 54.38, 27.09, 0, -0.1284, 0.749, 0
 17700, 54.35, 26.82, 0, -1.4571, 0.1437, 0
 17725, 54.35, 26.82, 0, -1.4571, 0.1437, 0
 17750, 54.3, 26.63, 0, -1.2119, 0.0879, 0
 17775, 54.26, 26.57, 0, -0.7431, -1.4386, 0
 17800, 54.23, 26.57, 0, -0.5878, -1.6697, 0
 17825, 54.23, 26.57, 0, -0.5878, -1.6697, 0
 17850, 54.21, 26.55, 0, -0.8969, 0.1054, 0
 17875, 54.16, 26.55, 0, -0.8628, 1.2305, 0
 17900, 54.16, 26.55, 0, -0.8628, 1.2305, 0
 17925, 54.16, 26.55, 0, -0.0629, 1.1505, 0
 17950, 54.16, 26.49, 0, 0.149, -0.4156, 0
 17975, 54.16, 26.41, 0, -0.121, -0.253, 0
 18000, 54.16, 26.41, 0, -0.121, -0.253, 0
 18025, 54.12, 26.37, 0, -1.4542, -0.8351, 0
 18050, 54.05, 26.32, 0, -1.8945, -1.0812, 0
 18075, 54.05, 26.32, 0, -1.8945, -1.0812, 0
 18100, 53.98, 26.3, 0, -1.3123, -0.118, 0
 18125, 53.95, 26.22, 0, -1.0756, 0.636, 0
 18150, 53.91, 25.95, 0, -0.0194, 1.8639, 0
 18175, 53.91, 25.95, 0, -0.0194, 1.8639, 0
 18200, 53.93, 25.78, 0, 0.71, 1.2902, 0
 18225, 53.96, 25.72, 0, 0.8141, -0.1314, 0
 18250, 53.96, 25.72, 0, 0.8141, -0.1314, 0
 18275, 54, 25.72, 0, 0.6496, -0.04, 0
 18300, 54, 25.69, 0, -0.4106, 0.3861, 0
 18325, 54, 25.69, 0, -0.4106, 0.3861, 0
 18350, 53.98, 25.61, 0, -0.5199, 0.8709, 0
 18375, 53.96, 25.53, 0, 0.2673, 1.1599, 0
 18400, 53.96, 25.53, 0, 0.2673, 1.1599, 0
 18425, 54, 25.48, 0, 0.5068, 1.0378, 0
 18450, 54, 25.53, 0, -0.115, 0.072, 0
 18475, 53.98, 25.59, 0, -0.4578, -0.509, 0
 18500, 53.98, 25.59, 0, -0.4578, -0.509, 0
 18525, 53.96, 25.7, 0, -0.1813, 0.2969, 0
 18550, 53.98, 25.74, 0, 0.7352, 1.3791, 0
 18575, 53.98, 25.74, 0, 0.7352, 1.3791, 0
 18600, 54.02, 25.69, 0, 0.7793, 0.8611, 0
 18625, 54.03, 25.61, 0, -0.0748, 0.5266, 0
 18650, 54.03, 25.61, 0, -0.0748, 0.5266, 0
 18675, 54.02, 25.55, 0, -0.618, 0.0054, 0
 18700, 54, 25.57, 0, -0.3126, -0.67, 0
 18725, 54, 25.57, 0, -0.3126, -0.67, 0
 18750, 53.98, 25.63, 0, -0.1096, -1.296, 0
 18775, 53.96, 25.72, 0, -0.645, -1.3738, 0
 18800, 53.95, 25.72, 0, -0.5223, -0.3272, 0
 18825, 53.95, 25.72, 0, -0.5223, -0.3272, 0
 18850, 53.96, 25.65, 0, 1.3119, 1.6737, 0
 18875, 53.96, 25.65, 0, 1.3119, 1.6737, 0
 18900, 54.02, 25.63, 0, 0.7426, -0.6666, 0
 18925, 54, 25.65, 0, -1.0665, -1.9148, 0
 18950, 53.91, 25.7, 0, -2.9922, -1.5348, 0
 18975, 53.91, 25.7, 0, -2.9922, -1.5348, 0
 19000, 53.79, 25.59, 0, -2.8455, -0.535, 0
 19025, 53.7, 25.45, 0, -1.7026, -0.6688, 0
 19050, 53.7, 25.45, 0, -1.7026, -0.6688, 0
 19075, 53.68, 25.32, 0, -0.2207, -0.3406, 0
 19100, 53.68, 25.24, 0, -0.0765, -0.3909, 0
 19125, 53.65, 25.19, 0, -1.3523, -0.8781, 0
 19150, 53.65, 25.19, 0, -1.3523, -0.8781, 0
 19175, 53.58, 25.17, 0, -1.4302, -0.8359, 0
 19200, 53.54, 25.13, 0, -1.2696, 0.123, 0
 19225, 53.54, 25.13, 0, -1.2696, 0.123, 0
 19250, 53.51, 25.13, 0, -0.5599, 0.3846, 0
 19275, 53.51, 25.17, 0, 0.4218, 0.4124, 0
 19300, 53.54, 25.2, 0, 0.6752, 0.7241, 0
 19325, 53.54, 25.2, 0, 0.6752, 0.7241, 0
 19350, 53.54, 25.2, 0, -0.1791, 0.0958, 0
 19375, 53.53, 25.2, 0, -0.9734, -0.4309, 0
 19400, 53.53, 25.2, 0, -0.9734, -0.4309, 0
 19425, 53.49, 25.24, 0, -0.8896, -0.1953, 0
 19450, 53.46, 25.24, 0, -0.3359, 0.5853, 0
 19475, 53.47, 25.18, 0, 0.6899, 1.5257, 0
 19500, 53.47, 25.18, 0, 0.6899, 1.5257, 0
 19525, 53.51, 25.22, 0, 0.5772, 0.9996, 0
 19550, 53.51, 25.26, 0, 0.2322, 0.1454, 0
 19575, 53.51, 25.26, 0, 0.2322, 0.1454, 0
 19600, 53.49, 25.3, 0, -0.9005, -0.1492, 0
 19625, 53.46, 25.32, 0, -0.6329, 0.4613, 0
 19650, 53.46, 25.32, 0, -0.6329, 0.4613, 0
 19675, 53.46, 25.3, 0, 0.3448, 0.1835, 0
 19700, 53.49, 25.28, 0, 1.1332, 1.4091, 0
 19725, 53.54, 25.26, 0, 0.9536, 1.1411, 0
 19750, 53.54, 25.26, 0, 0.9536, 1.1411, 0
 19775, 53.54, 25.24, 0, -0.2495, -0.0342, 0
 19800, 53.53, 25.3, 0, -1.0424, -0.5683, 0
 19825, 53.53, 25.3, 0, -1.0424, -0.5683, 0
 19850, 53.47, 25.34, 0, -0.9181, -0.0629, 0
 19875, 53.46, 25.32, 0, -0.5485, 0.8031, 0
 19900, 53.46, 25.32, 0, -0.5485, 0.8031, 0
 19925, 53.42, 25.32, 0, -0.7916, 0.6038, 0
 19950, 53.39, 25.32, 0, -1.0769, 0.4993, 0
 19975, 53.33, 25.33, 0, -2.3108, -0.6575, 0
 20000, 53.33, 25.33, 0, -2.3108, -0.6575, 0
 20025, 53.2, 25.41, 0, -4.3837, -0.6896, 0
 20050, 53.2, 25.41, 0, -4.3837, -0.6896, 0
 20075, 52.99, 25.54, 0, -5.3656, 0.1016, 0
 20100, 52.79, 25.63, 0, -4.3678, 0.1553, 0
 20125, 52.67, 25.61, 0, -2.1495, 0.9697, 0
 20150, 52.67, 25.61, 0, -2.1495, 0.9697, 0
 20175, 52.62, 25.65, 0, -0.3242, 0.0256, 0
 20200, 52.62, 25.76, 0, -0.0513, -1.064, 0
 20225, 52.62, 25.76, 0, -0.0513, -1.064, 0
 20250, 52.6, 25.88, 0, -0.6151, -1.1277, 0
 20275, 52.58, 25.93, 0, -0.7849, -0.6525, 0
 20300, 52.57, 25.91, 0, 0.2845, -0.0782, 0
 20325, 52.57, 25.91, 0, 0.2845, -0.0782, 0
 20350, 52.6, 25.82, 0, 0.8575, 0.1423, 0
 20375, 52.64, 25.76, 0, 0.8864, 0.8514, 0
 20400, 52.64, 25.76, 0, 0.8864, 0.8514, 0
 20425, 52.65, 25.78, 0, -0.0376, -0.2028, 0
 20450, 52.62, 25.86, 0, -1.8019, -1.3318, 0
 20475, 52.51, 25.97, 0, -2.6885, -0.1631, 0
 20500, 52.51, 25.97, 0, -2.6885, -0.1631, 0
 20525, 52.41, 26.08, 0, -2.5799, 0.9485, 0
 20550, 52.32, 26.12, 0, -1.7416, 0.4394, 0
 20575, 52.3, 26.14, 0, 0.1828, -0.163, 0
 20600, 52.3, 26.14, 0, 0.1828, -0.163, 0
 20625, 52.32, 26.16, 0, 0.0901, -1.5583, 0
 20650, 52.32, 26.16, 0, 0.0901, -1.5583, 0
 20675, 52.32, 26.24, 0, 0.1835, -1.1697, 0
 20700, 52.32, 26.41, 0, -0.0079, -1.4903, 0
 20725, 52.27, 26.52, 0, -1.9402, -1.7093, 0
 20750, 52.27, 26.52, 0, -1.9402, -1.7093, 0
 20775, 52.2, 26.52, 0, -2.8188, -1.3435, 0
 20800, 52.08, 26.44, 0, -3.0857, -0.1673, 0
 20825, 52.08, 26.44, 0, -3.0857, -0.1673, 0
 20850, 51.96, 26.37, 0, -2.8065, -1.7309, 0
 20875, 51.96, 26.37, 0, -2.8065, -1.7309, 0
 20900, 51.89, 26.42, 0, -1.2697, -2.7477, 0
 20925, 51.83, 26.4, 0, -1.0139, -2.6851, 0
 20950, 51.8, 26.29, 0, -0.9512, -1.4428, 0
 20975, 51.8, 26.29, 0, -0.9512, -1.4428, 0
 21000, 51.78, 26.12, 0, -0.8506, -0.5265, 0
 21025, 51.75, 25.83, 0, -0.5433, -0.2174, 0
 21050, 51.75, 25.56, 0, -0.2074, 0.2537, 0
 21075, 51.75, 25.56, 0, -0.2074, 0.2537, 0
 21100, 51.71, 25.32, 0, -1.3, -0.568, 0
 21125, 51.66, 25.22, 0, -1.4199, -0.4807, 0
 21150, 51.66, 25.22, 0, -1.4199, -0.4807, 0
 21175, 51.62, 25.18, 0, -0.3998, -0.1861, 0
 21200, 51.62, 25.18, 0, -0.3998, -0.1861, 0
 21225, 51.64, 25.09, 0, 0.839, 1.3946, 0
 21250, 51.68, 25.03, 0, 1.2221, 1.715, 0
 21275, 51.69, 24.88, 0, 0.0058, 0.7141, 0
 21300, 51.66, 24.73, 0, -1.7591, -1.0427, 0
 21325, 51.66, 24.73, 0, -1.7591, -1.0427, 0
 21350, 51.57, 24.71, 0, -2.1473, -2.1107, 0
 21375, 51.5, 24.63, 0, -1.3817, -0.3604, 0
 21400, 51.5, 24.63, 0, -1.3817, -0.3604, 0
 21425, 51.45, 24.54, 0, -1.122, 0.3369, 0
 21450, 51.43, 24.35, 0, 0.2205, 2.3103, 0
 21475, 51.43, 24.35, 0, 0.2205, 2.3103, 0
 21500, 51.48, 24.03, 0, 1.6129, 4.2689, 0
 21525, 51.55, 23.79, 0, 1.5675, 2.0656, 0
 21550, 51.55, 23.79, 0, 1.5675, 2.0656, 0
 21575, 51.59, 23.71, 0, 1.6223, 1.2836, 0
 21600, 51.66, 23.64, 0, 1.2201, 1.1711, 0
 21625, 51.71, 23.6, 0, 1.4445, 1.7139, 0
 21650, 51.76, 23.58, 0, 1.1544, 1.4843, 0
 21675, 51.76, 23.58, 0, 1.1544, 1.4843, 0
 21700, 51.8, 23.49, 0, 1.3038, 1.9785, 0
 21725, 51.83, 23.49, 0, 0.669, 0.5464, 0
 21750, 51.83, 23.49, 0, 0.669, 0.5464, 0
 21775, 51.83, 23.54, 0, -0.5365, -0.9489, 0
 21800, 51.8, 23.6, 0, -1.0858, -0.325, 0
 21825, 51.8, 23.6, 0, -1.0858, -0.325, 0
 21850, 51.76, 23.66, 0, -0.8197, 0.345, 0
 21875, 51.76, 23.66, 0, 0.0906, 0.2302, 0
 21900, 51.76, 23.66, 0, 0.0906, 0.2302, 0
 21925, 51.76, 23.64, 0, 0.1896, -0.3244, 0
 21950, 51.76, 23.69, 0, -0.716, -1.0357, 0
 21975, 51.76, 23.69, 0, -0.716, -1.0357, 0
 22000, 51.73, 23.77, 0, -0.9366, -0.8096, 0
 22025, 51.69, 23.88, 0, -0.6814, -1.2825, 0
 22050, 51.69, 23.88, 0, -0.6814, -1.2825, 0
 22075, 51.69, 24.01, 0, 0.191, -0.8848, 0
 22100, 51.68, 24.03, 0, -0.4717, -0.7289, 0
 22125, 51.66, 23.96, 0, -0.5627, 1.3067, 0
 22150, 51.66, 23.96, 0, -0.5627, 1.3067, 0
 22175, 51.64, 23.92, 0, -0.6063, 0.8627, 0
 22200, 51.61, 23.96, 0, -0.6936, -1.2744, 0
 22225, 51.61, 23.96, 0, -0.6936, -1.2744, 0
 22250, 51.57, 24.01, 0, -1.2521, -1.6138, 0
 22275, 51.52, 24.03, 0, -1.1059, 0.1594, 0
 22300, 51.52, 24.01, 0, 0.7126, 1.6502, 0
 22325, 51.52, 24.01, 0, 0.7126, 1.6502, 0
 22350, 51.61, 23.99, 0, 2.4142, 0.964, 0
 22375, 51.68, 23.94, 0, 1.6327, 0.9062, 0
 22400, 51.68, 23.96, 0, -1.4475, 0.0352, 0
 22425, 51.68, 23.96, 0, -1.4475, 0.0352, 0
 22450, 51.59, 24.01, 0, -2.1979, -0.4034, 0
 22475, 51.54, 24.09, 0, -0.371, -0.6266, 0
 22500, 51.54, 24.09, 0, -0.371, -0.6266, 0
 22525, 51.59, 24.11, 0, 1.9273, 0.1129, 0
 22550, 51.68, 24.11, 0, 1.875, 0.4585, 0
 22575, 51.68, 24.11, 0, 1.875, 0.4585, 0
 22600, 51.69, 24.13, 0, -0.3743, -0.2815, 0
 22625, 51.62, 24.2, 0, -2.0288, -1.2506, 0
 22650, 51.62, 24.2, 0, -2.0288, -1.2506, 0
 22675, 51.57, 24.24, 0, -0.8659, -0.7189, 0
 22700, 51.55, 24.31, 0, -0.2147, -1.2053, 0
 22725, 51.54, 24.35, 0, -0.6878, -1.4521, 0
 22750, 51.54, 24.35, 0, -0.6878, -1.4521, 0
 22775, 51.47, 24.35, 0, -2.5718, -1.4866, 0
 22800, 51.36, 24.26, 0, -2.7009, 0.3585, 0
 22825, 51.27, 24.16, 0, -1.8235, -0.3573, 0
 22850, 51.27, 24.16, 0, -1.8235, -0.3573, 0
 22875, 51.2, 24.12, 0, -1.2938, -2.2492, 0
 22900, 51.19, 24.1, 0, -0.1794, -1.3464, 0
 22925, 51.19, 24.1, 0, -0.1794, -1.3464, 0
 22950, 51.19, 24.03, 0, 0.0196, -0.3804, 0
 22975, 51.19, 24.03, 0, 0.0196, -0.3804, 0
 23000, 51.19, 23.99, 0, 0.1189, 0.8144, 0
 23025, 51.17, 23.88, 0, -0.5373, -0.0731, 0
 23050, 51.17, 23.88, 0, -0.5373, -0.0731, 0
 23075, 51.15, 23.75, 0, -0.3606, 0.5608, 0
 23100, 51.13, 23.6, 0, -0.0971, 2.1326, 0
 23125, 51.13, 23.52, 0, -0.2568, 1.577, 0
 23150, 51.13, 23.52, 0, -0.2568, 1.577, 0
 23175, 51.13, 23.45, 0, 0.3025, 1.3593, 0
 23200, 51.17, 23.37, 0, 0.9431, 2.1419, 0
 23225, 51.17, 23.37, 0, 0.9431, 2.1419, 0
 23250, 51.2, 23.15, 0, 0.5305, 2.2855, 0
 23275, 51.2, 22.96, 0, -0.1133, 1.7923, 0
 23300, 51.19, 22.81, 0, -0.4818, 1.0748, 0
 23325, 51.19, 22.81, 0, -0.4818, 1.0748, 0
 23350, 51.17, 22.74, 0, -0.5235, 0.8988, 0
 23375, 51.15, 22.68, 0, -0.3587, 0.4001, 0
 23400, 51.15, 22.68, 0, -0.3587, 0.4001, 0
 23425, 51.15, 22.62, 0, -0.1988, 0.93, 0
 23450, 51.15, 22.62, 0, -0.1988, 0.93, 0
 23475, 51.1, 22.4, 0, -1.8588, 0.6057, 0
 23500, 51.01, 22.05, 0, -2.5022, 2.0185, 0
 23525, 50.89, 21.71, 0, -3.1315, 2.0136, 0
 23550, 50.89, 21.71, 0, -3.1315, 2.0136, 0
 23575, 50.77, 21.51, 0, -3.1353, -0.0886, 0
 23600, 50.56, 21.36, 0, -7.3065, -3.7898, 0
 23625, 50.56, 21.36, 0, -7.3065, -3.7898, 0
 23650, 50.12, 21.23, 0, -12.2138, -0.8621, 0
 23675, 49.62, 21.16, 0, -12.3489, 0.4143, 0
 23700, 49.2, 21.03, 0, -9.0622, 0.2539, 0
 23725, 49.2, 21.03, 0, -9.0622, 0.2539, 0
 23750, 48.97, 20.9, 0, -3.7881, 1.3798, 0
 23775, 48.88, 20.86, 0, -1.1365, 0.7387, 0
 23800, 48.88, 20.86, 0, -1.1365, 0.7387, 0
 23825, 48.88, 20.92, 0, 0.5055, 0.0221, 0
 23850, 48.95, 21.01, 0, 1.9183, 1.3521, 0
 23875, 49.02, 21.03, 0, 2.118, 1.9942, 0
 23900, 49.02, 21.03, 0, 2.118, 1.9942, 0
 23925, 49.09, 21.01, 0, 2.1281, 1.8681, 0
 23950, 49.18, 21.01, 0, 2.1453, 1.3406, 0
 23975, 49.18, 21.01, 0, 2.1453, 1.3406, 0
 24000, 49.23, 21.08, 0, 1.1857, 0.4768, 0
 24025, 49.27, 21.21, 0, 0.4102, -0.2566, 0
 24050, 49.28, 21.38, 0, 0.4109, -0.2835, 0
 24075, 49.28, 21.38, 0, 0.4109, -0.2835, 0
 24100, 49.3, 21.6, 0, 0.5601, -0.1866, 0
 24125, 49.3, 21.75, 0, -0.1906, -0.4732, 0
 24150, 49.3, 21.75, 0, -0.1906, -0.4732, 0
 24175, 49.3, 21.82, 0, 0.0417, 1.0904, 0
 24200, 49.3, 21.88, 0, -0.2908, 0.7627, 0
 24225, 49.3, 21.88, 0, -0.2908, 0.7627, 0
 24250, 49.3, 21.97, 0, 0.3709, 0.2483, 0
 24275, 49.34, 22.08, 0, 0.8427, -0.1316, 0
 24300, 49.34, 22.08, 0, 0.8427, -0.1316, 0
 24325, 49.35, 22.08, 0, 0.7648, -0.0403, 0
 24350, 49.35, 22.08, 0, 0.7648, -0.0403, 0
 24375, 49.42, 22.03, 0, 1.1027, 1.7526, 0
 24400, 49.42, 22.03, 0, 1.1027, 1.7526, 0
 24425, 49.49, 22.08, 0, 1.9243, 1.9148, 0
 24450, 49.56, 22.14, 0, 1.3101, 0.3625, 0
 24475, 49.56, 22.14, 0, 1.3101, 0.3625, 0
 24500, 49.58, 22.25, 0, -0.1655, -0.1274, 0
 24525, 49.55, 22.34, 0, -1.2228, -0.0786, 0
 24550, 49.55, 22.34, 0, -1.2228, -0.0786, 0
 24575, 49.48, 22.34, 0, -1.452, 0.1053, 0
 24600, 49.44, 22.36, 0, -0.4131, -0.2498, 0
 24625, 49.44, 22.36, 0, -0.4131, -0.2498, 0
 24650, 49.44, 22.36, 0, 0.1796, -0.6098, 0
 24675, 49.44, 22.27, 0, -0.4409, -0.4296, 0
 24700, 49.39, 22.19, 0, -2.1468, -0.5663, 0
 24725, 49.39, 22.19, 0, -2.1468, -0.5663, 0
 24750, 49.27, 22.14, 0, -3.3819, -1.21, 0
 24775, 49.13, 22.1, 0, -3.1169, -1.1408, 0
 24800, 49.13, 22.1, 0, -3.1169, -1.1408, 0
 24825, 49.02, 22.05, 0, -2.7158, -1.793, 0
 24850, 48.94, 21.9, 0, -1.4634, 0.5053, 0
 24875, 48.94, 21.9, 0, -1.4634, 0.5053, 0
 24900, 48.9, 21.6, 0, -0.3648, 2.9493, 0
 24925, 48.8, 21.27, 0, -4.3009, 1.8595, 0
 24950, 48.6, 21.03, 0, -5.3781, 2.3489, 0
 24975, 48.6, 21.03, 0, -5.3781, 2.3489, 0
 25000, 48.38, 20.81, 0, -5.4994, 0.6417, 0
 25025, 48.38, 20.81, 0, -5.4994, 0.6417, 0
 25050, 48.17, 20.61, 0, -5.4928, 0.303, 0
 25075, 47.91, 20.41, 0, -6.343, -0.2438, 0
 25100, 47.73, 20.25, 0, -3.3318, 0.6256, 0
 25125, 47.73, 20.25, 0, -3.3318, 0.6256, 0
 25150, 47.64, 20.19, 0, -1.9166, -1.262, 0
 25175, 47.59, 20.23, 0, -0.9898, -2.2857, 0
 25200, 47.56, 20.36, 0, -0.3578, -1.6046, 0
 25225, 47.56, 20.36, 0, -0.3578, -1.6046, 0
 25250, 47.54, 20.45, 0, -0.2759, -0.6571, 0
 25275, 47.56, 20.45, 0, 0.5176, 0.1243, 0
 25300, 47.56, 20.45, 0, 0.5176, 0.1243, 0
 25325, 47.59, 20.43, 0, 1.2647, -0.0796, 0
 25350, 47.66, 20.49, 0, 1.5001, 0.5208, 0
 25375, 47.66, 20.49, 0, 1.5001, 0.5208, 0
 25400, 47.71, 20.58, 0, 0.736, 0.6097, 0
 25425, 47.71, 20.63, 0, 0.3033, -0.4282, 0
 25450, 47.71, 20.69, 0, -0.3079, -1.6334, 0
 25475, 47.71, 20.69, 0, -0.3079, -1.6334, 0
 25500, 47.7, 20.69, 0, -1.006, -1.3782, 0
 25525, 47.63, 20.65, 0, -1.4653, -0.8506, 0
 25550, 47.63, 20.65, 0, -1.4653, -0.8506, 0
 25575, 47.59, 20.56, 0, -0.3732, 1.6944, 0
 25600, 47.57, 20.54, 0, -0.7908, 1.3574, 0
 25625, 47.57, 20.54, 0, -0.7908, 1.3574, 0
 25650, 47.49, 20.54, 0, -3.4544, -1.7856, 0
 25675, 47.33, 20.51, 0, -3.9455, -1.2578, 0
 25700, 47.33, 20.51, 0, -3.9455, -1.2578, 0
 25725, 47, 20.44, 0, -10.0919, 0.4407, 0
 25750, 46.58, 20.32, 0, -10.1264, 1.3718, 0
 25775, 46.32, 20.23, 0, -3.8196, 2.8787, 0
 25800, 46.32, 20.23, 0, -3.8196, 2.8787, 0
 25825, 46.37, 20.23, 0, 2.9018, 8.8348, 0
 25850, 46.46, 20.34, 0, 2.3424, 2.5245, 0
 25875, 46.46, 20.34, 0, 2.3424, 2.5245, 0
 25900, 46.61, 20.52, 0, 4.7734, 2.5353, 0
 25925, 46.72, 20.57, 0, 0.7848, -0.2886, 0
 25950, 46.72, 20.57, 0, 0.7848, -0.2886, 0
 25975, 46.67, 20.52, 0, -3.1882, 0.0421, 0
 26000, 46.51, 20.5, 0, -3.8058, -0.0094, 0
 26025, 46.42, 20.45, 0, -0.2759, 0.5648, 0
 26050, 46.42, 20.45, 0, -0.2759, 0.5648, 0
 26075, 46.49, 20.41, 0, 2.3434, 0.6434, 0
 26100, 46.58, 20.35, 0, 1.9239, 0.1365, 0
 26125, 46.58, 20.35, 0, 1.9239, 0.1365, 0
 26150, 46.61, 20.22, 0, -0.3561, -0.0163, 0
 26175, 46.51, 20.02, 0, -3.273, -0.4772, 0
 26200, 46.51, 20.02, 0, -3.273, -0.4772, 0
 26225, 46.39, 19.81, 0, -2.347, 1.3303, 0
 26250, 46.37, 19.64, 0, -0.5444, 3.03, 0
 26275, 46.37, 19.64, 0, -0.5444, 3.03, 0
 26300, 46.35, 19.42, 0, -0.346, 1.7204, 0
 26325, 46.33, 19.3, 0, -0.4455, 0.8786, 0
 26350, 46.26, 19.15, 0, -2.7531, -0.9015, 0
 26375, 46.26, 19.15, 0, -2.7531, -0.9015, 0
 26400, 46.12, 18.9, 0, -3.7623, -0.428, 0
 26425, 45.97, 18.7, 0, -3.468, -1.1184, 0
 26450, 45.97, 18.7, 0, -3.468, -1.1184, 0
 26475, 45.88, 18.63, 0, -1.5567, 1.0873, 0
 26500, 45.86, 18.7, 0, -0.599, 1.6082, 0
 26525, 45.83, 18.74, 0, -0.9803, -0.5032, 0
 26550, 45.83, 18.74, 0, -0.9803, -0.5032, 0
 26575, 45.76, 18.76, 0, -2.3237, -1.7928, 0
 26600, 45.65, 18.71, 0, -2.3531, -1.1078, 0
 26625, 45.65, 18.71, 0, -2.3531, -1.1078, 0
 26650, 45.58, 18.64, 0, -1.4854, -0.2163, 0
 26675, 45.56, 18.55, 0, -0.1319, 0.872, 0
 26700, 45.56, 18.55, 0, -0.1319, 0.872, 0
 26725, 45.56, 18.44, 0, 0.1415, 0.7012, 0
 26750, 45.56, 18.31, 0, -0.1773, 0.3421, 0
 26775, 45.56, 18.31, 0, -0.1773, 0.3421, 0
 26800, 45.55, 18.29, 0, -0.5647, -0.5928, 0
 26825, 45.53, 18.33, 0, -0.73, -0.9891, 0
 26850, 45.49, 18.37, 0, -0.4215, -0.4508, 0
 26875, 45.49, 18.37, 0, -0.4215, -0.4508, 0
 26900, 45.51, 18.42, 0, 0.5059, 1.1129, 0
 26925, 45.55, 18.49, 0, 1.3387, 1.2087, 0
 26950, 45.55, 18.49, 0, 1.3387, 1.2087, 0
 26975, 45.62, 18.6, 0, 1.9358, -0.2208, 0
 27000, 45.67, 18.62, 0, 0.807, -1.2582, 0
 27025, 45.67, 18.62, 0, 0.807, -1.2582, 0
 27050, 45.69, 18.56, 0, -0.0316, -0.6643, 0
 27075, 45.67, 18.45, 0, -0.6311, 0.1839, 0
 27100, 45.63, 18.38, 0, -0.3482, -1.0633, 0
 27125, 45.63, 18.38, 0, -0.3482, -1.0633, 0
 27150, 45.65, 18.36, 0, 0.7736, -1.004, 0
 27175, 45.67, 18.4, 0, -0.111, -1.3044, 0
 27200, 45.67, 18.4, 0, -0.111, -1.3044, 0
 27225, 45.62, 18.42, 0, -2.1472, -1.5904, 0
 27250, 45.49, 18.42, 0, -3.0159, -1.5256, 0
 27275, 45.49, 18.42, 0, -3.0159, -1.5256, 0
 27300, 45.41, 18.37, 0, -1.2985, -1.1847, 0
 27325, 45.41, 18.35, 0, 0.4301, -1.7682, 0
 27350, 45.42, 18.31, 0, 0.3162, -0.6314, 0
 27375, 45.42, 18.31, 0, 0.3162, -0.6314, 0
 27400, 45.41, 18.19, 0, -0.9744, -0.5781, 0
 27425, 45.35, 18.17, 0, -1.6286, -1.1635, 0
 27450, 45.35, 18.17, 0, -1.6286, -1.1635, 0
 27475, 45.3, 18.26, 0, -0.7632, -0.5592, 0
 27500, 45.27, 18.28, 0, -0.7504, -1.0851, 0
 27525, 45.25, 18.23, 0, -0.9233, 0.5172, 0
 27550, 45.25, 18.23, 0, -0.9233, 0.5172, 0
 27575, 45.18, 18.17, 0, -1.671, 0.7955, 0
 27600, 45.11, 18.14, 0, -1.6989, -0.1947, 0
 27625, 45.11, 18.14, 0, -1.6989, -0.1947, 0
 27650, 45.07, 18.19, 0, -0.6673, -0.1393, 0
 27675, 45.04, 18.21, 0, -0.9215, -0.207, 0
 27700, 45.04, 18.21, 0, -0.9215, -0.207, 0
 27725, 45, 18.16, 0, -0.8594, 0.51, 0
 27750, 44.95, 18.09, 0, -1.355, 0.1557, 0
 27775, 44.93, 18.05, 0, -0.7349, 1.8183, 0
 27800, 44.93, 18.05, 0, -0.7349, 1.8183, 0
 27825, 44.88, 17.96, 0, -1.2855, 0.8659, 0
 27850, 44.83, 17.91, 0, -1.4042, 1.7134, 0
 27875, 44.83, 17.91, 0, -1.4042, 1.7134, 0
 27900, 44.74, 17.93, 0, -3.617, 1.5486, 0
 27925, 44.53, 17.86, 0, -5.6585, 1.7726, 0
 27950, 44.53, 17.86, 0, -5.6585, 1.7726, 0
 27975, 44.36, 17.74, 0, -2.9651, 3.2641, 0
 28000, 44.29, 17.6, 0, -1.3031, 1.5622, 0
 28025, 44.29, 17.6, 0, -1.3031, 1.5622, 0
 28050, 44.25, 17.49, 0, -0.4357, -0.0764, 0
 28075, 44.25, 17.42, 0, 0.1984, -0.3108, 0
 28100, 44.25, 17.42, 0, 0.1984, -0.3108, 0
 28125, 44.27, 17.47, 0, 0.785, 0.0045, 0
 28150, 44.3, 17.54, 0, 0.232, -0.3285, 0
 28175, 44.29, 17.56, 0, -0.7008, 0.2983, 0
 28200, 44.29, 17.56, 0, -0.7008, 0.2983, 0
 28225, 44.29, 17.53, 0, 0.1611, 1.598, 0
 28250, 44.3, 17.63, 0, 0.959, 1.1722, 0
 28275, 44.36, 17.78, 0, 1.445, 0.5903, 0
 28300, 44.36, 17.78, 0, 1.445, 0.5903, 0
 28325, 44.41, 17.97, 0, 1.1163, -0.3783, 0
 28350, 44.41, 17.97, 0, 1.1163, -0.3783, 0
 28375, 44.44, 18.03, 0, 0.493, 0.0909, 0
 28400, 44.43, 18.03, 0, -1.0613, -0.5882, 0
 28425, 44.39, 17.99, 0, -0.5485, 0.5307, 0
 28450, 44.39, 17.99, 0, -0.5485, 0.5307, 0
 28475, 44.39, 18.03, 0, -0.1339, 0.5318, 0
 28500, 44.39, 18.12, 0, 0.1061, -0.3408, 0
 28525, 44.39, 18.12, 0, 0.1061, -0.3408, 0
 28550, 44.39, 18.26, 0, -0.3257, -0.4687, 0
 28575, 44.36, 18.34, 0, -0.6445, 0.2207, 0
 28600, 44.36, 18.41, 0, 0.3229, 1.4094, 0
 28625, 44.36, 18.41, 0, 0.3229, 1.4094, 0
 28650, 44.39, 18.46, 0, 0.8033, 0.7488, 0
 28675, 44.41, 18.48, 0, 0.2253, 0.0446, 0
 28700, 44.41, 18.48, 0, 0.2253, 0.0446, 0
 28725, 44.39, 18.5, 0, -1.1079, -0.4244, 0
 28750, 44.3, 18.57, 0, -2.2635, -0.9474, 0
 28775, 44.22, 18.65, 0, -2.0771, -0.6853, 0
 28800, 44.22, 18.65, 0, -2.0771, -0.6853, 0
 28825, 44.16, 18.65, 0, -1.2459, -0.6803, 0
 28850, 44.15, 18.49, 0, -0.0242, 1.3866, 0
 28875, 44.15, 18.49, 0, -0.0242, 1.3866, 0
 28900, 44.13, 18.31, 0, -0.3993, 0.5976, 0
 28925, 44.09, 18.25, 0, -1.1055, -1.5856, 0
 28950, 44.09, 18.25, 0, -1.1055, -1.5856, 0
 28975, 44.04, 18.25, 0, -1.8573, -2.2577, 0
 29000, 43.95, 18.18, 0, -2.1008, -2.1764, 0
 29025, 43.95, 18.18, 0, -2.1008, -2.1764, 0
 29050, 43.87, 18.06, 0, -2.0022, -2.1753, 0
 29075, 43.81, 17.92, 0, -1.0749, -1.1676, 0
 29100, 43.81, 17.92, 0, -1.0749, -1.1676, 0
 29125, 43.78, 17.79, 0, -0.9989, -1.1772, 0
 29150, 43.71, 17.74, 0, -2.0338, -1.6323, 0
 29175, 43.6, 17.76, 0, -2.9413, -2.2296, 0
 29200, 43.6, 17.76, 0, -2.9413, -2.2296, 0
 29225, 43.48, 17.76, 0, -2.752, -2.4064, 0
 29250, 43.48, 17.76, 0, -2.752, -2.4064, 0
 29275, 43.39, 17.69, 0, -1.9098, -1.5221, 0
 29300, 43.32, 17.59, 0, -1.734, -1.2203, 0
 29325, 43.24, 17.52, 0, -3.3495, -1.0336, 0
 29350, 43.24, 17.52, 0, -3.3495, -1.0336, 0
 29375, 43.06, 17.43, 0, -4.4462, -1.0273, 0
 29400, 42.92, 17.4, 0, -3.561, -1.9538, 0
 29425, 42.83, 17.42, 0, -1.7199, -1.0035, 0
 29450, 42.83, 17.42, 0, -1.7199, -1.0035, 0
 29475, 42.76, 17.37, 0, -1.6503, -2.0175, 0
 29500, 42.71, 17.28, 0, -0.7397, 0.3673, 0
 29525, 42.71, 17.28, 0, -0.7397, 0.3673, 0
 29550, 42.71, 17.25, 0, 0.0677, 1.2288, 0
 29575, 42.73, 17.28, 0, 0.6609, 0.5319, 0
 29600, 42.73, 17.28, 0, 0.6609, 0.5319, 0
 29625, 42.76, 17.26, 0, 0.472, 0.346, 0
 29650, 42.73, 17.14, 0, -1.7339, -0.1137, 0
 29675, 42.73, 17.14, 0, -1.7339, -0.1137, 0
 29700, 42.62, 16.93, 0, -3.5986, 0.0639, 0
 29725, 42.38, 16.65, 0, -6.9094, 1.0152, 0
 29750, 42.04, 16.18, 0, -9.312, 2.6199, 0
 29775, 42.04, 16.18, 0, -9.312, 2.6199, 0
 29800, 41.66, 15.3, 0, -10.1129, 4.9398, 0
 29825, 41.25, 14.43, 0, -9.7642, 4.1987, 0
 29850, 40.92, 13.71, 0, -7.3111, 3.391, 0
 29875, 40.92, 13.71, 0, -7.3111, 3.391, 0
 29900, 40.69, 13.16, 0, -4.793, 1.2433, 0
 29925, 40.69, 13.16, 0, -4.793, 1.2433, 0
 29950, 40.53, 12.85, 0, -3.2001, -1.6644, 0
 29975, 40.46, 12.61, 0, -1.7142, -1.8119, 0
 30000, 40.37, 12.44, 0, -2.0444, -1.3625, 0
 30025, 40.37, 12.44, 0, -2.0444, -1.3625, 0
 30050, 40.3, 12.39, 0, -2.2663, -1.3681, 0
 30075, 40.27, 12.46, 0, -0.1047, -0.2806, 0
 30100, 40.27, 12.46, 0, -0.1047, -0.2806, 0
 30125, 40.32, 12.58, 0, 1.5498, -0.6233, 0
 30150, 40.39, 12.63, 0, 2.1287, 2.022, 0
 30175, 40.41, 12.68, 0, -1.7281, 0.7895, 0
 30200, 40.41, 12.68, 0, -1.7281, 0.7895, 0
 30225, 40.19, 12.69, 0, -7.0035, -2.0276, 0
 30250, 39.81, 12.6, 0, -11.2207, -5.8638, 0
 30275, 39.81, 12.6, 0, -11.2207, -5.8638, 0
 30300, 39.21, 12.42, 0, -17.6155, -8.69, 0
 30325, 38.32, 12.15, 0, -25.0206, -8.2, 0
 30350, 38.32, 12.15, 0, -25.0206, -8.2, 0
 30375, 37.24, 11.86, 0, -27.6394, -7.0974, 0
 30400, 36.2, 11.52, 0, -25.0602, -4.4398, 0
 30425, 36.2, 11.52, 0, -25.0602, -4.4398, 0
 30450, 35.32, 11.28, 0, -19.481, -4.2723, 0
 30475, 34.73, 11.25, 0, -11.3208, -2.7799, 0
 30500, 34.73, 11.25, 0, -11.3208, -2.7799, 0
 30525, 34.5, 11.3, 0, -2.4687, -1.3696, 0
 30550, 34.52, 11.35, 0, 1.9493, -0.5124, 0
 30575, 34.63, 11.38, 0, 2.4453, 0.0291, 0
 30600, 34.63, 11.38, 0, 2.4453, 0.0291, 0
 30625, 34.7, 11.41, 0, 1.4347, 0.8529, 0
 30650, 34.77, 11.49, 0, 2.3317, 1.3971, 0
 30675, 34.77, 11.49, 0, 2.3317, 1.3971, 0
 30700, 34.95, 11.75, 0, 5.75, 1.8635, 0
 30725, 35.25, 12.2, 0, 8.8323, 3.9258, 0
 30750, 35.25, 12.2, 0, 8.8323, 3.9258, 0
 30775, 35.61, 12.75, 0, 7.7674, 2.5927, 0
 30800, 35.84, 13, 0, 4.7387, 2.7333, 0
 30825, 35.93, 13.03, 0, 2.3592, 1.8375, 0
 30850, 35.93, 13.03, 0, 2.3592, 1.8375, 0
 30875, 35.96, 13.11, 0, 0.7, 0.1214, 0
 30900, 35.98, 13.2, 0, -0.2637, -0.3912, 0
 30925, 35.98, 13.2, 0, -0.2637, -0.3912, 0
 30950, 35.98, 13.27, 0, 0.3557, 0.6696, 0
 30975, 36.03, 13.32, 0, 1.4883, 0.7297, 0
 31000, 36.11, 13.35, 0, 1.7895, 1.3859, 0
 31025, 36.11, 13.35, 0, 1.7895, 1.3859, 0
 31050, 36.14, 13.45, 0, -0.011, 0.8423, 0
 31075, 36.12, 13.63, 0, -0.1135, 0.6828, 0
 31100, 36.12, 13.63, 0, -0.1135, 0.6828, 0
 31125, 36.14, 13.87, 0, 0.2949, -0.173, 0
 31150, 36.18, 14.08, 0, 1.3023, 1.44, 0
 31175, 36.23, 14.18, 0, 1.5867, 1.8021, 0
 31200, 36.23, 14.18, 0, 1.5867, 1.8021, 0
 31225, 36.3, 14.14, 0, 2.3382, 1.841, 0
 31250, 36.46, 14.06, 0, 4.7071, 2.2707, 0
 31275, 36.46, 14.06, 0, 4.7071, 2.2707, 0
 31300, 36.67, 14.03, 0, 5.6808, 3.504, 0
 31325, 36.83, 14.11, 0, 2.277, 1.459, 0
 31350, 36.83, 14.11, 0, 2.277, 1.459, 0
 31375, 36.83, 14.22, 0, -1.1802, -1.1043, 0
 31400, 36.76, 14.4, 0, -1.7166, -2.4432, 0
 31425, 36.69, 14.63, 0, -1.7999, -1.3542, 0
 31450, 36.69, 14.63, 0, -1.7999, -1.3542, 0
 31475, 36.59, 15.11, 0, -3.2146, -0.9773, 0
 31500, 36.41, 15.88, 0, -5.5174, -2.9579, 0
 31525, 36.41, 15.88, 0, -5.5174, -2.9579, 0
 31550, 36.16, 16.57, 0, -6.263, -4.8086, 0
 31575, 36.16, 16.57, 0, -6.263, -4.8086, 0
 31600, 35.91, 17.18, 0, -5.7495, -4.999, 0
 31625, 35.71, 17.82, 0, -4.8981, -3.6858, 0
 31650, 35.59, 18.36, 0, -3.5606, -2.1087, 0
 31675, 35.48, 19.11, 0, -2.1487, -1.3458, 0
 31700, 35.48, 19.11, 0, -2.1487, -1.3458, 0
 31725, 35.41, 19.95, 0, -1.8062, -2.1981, 0
 31750, 35.38, 20.81, 0, 0.0989, -1.2037, 0
 31775, 35.38, 20.81, 0, 0.0989, -1.2037, 0
 31800, 35.45, 21.56, 0, 2.7474, -0.2737, 0
 31825, 35.59, 22.16, 0, 3.3877, 0.1908, 0
 31850, 35.59, 22.16, 0, 3.3877, 0.1908, 0
 31875, 35.7, 22.62, 0, 1.9322, 0.2261, 0
 31900, 35.75, 23.04, 0, 1.2692, 1.0478, 0
 31925, 35.75, 23.04, 0, 1.2692, 1.0478, 0
 31950, 35.82, 23.54, 0, 2.4429, 1.4962, 0
 31975, 35.95, 24.09, 0, 3.3213, 0.2445, 0
 32000, 36.07, 24.65, 0, 2.8892, 0.392, 0
 32025, 36.07, 24.65, 0, 2.8892, 0.392, 0
 32050, 36.14, 25.1, 0, 0.8722, -0.8127, 0
 32075, 36.18, 25.47, 0, 0.7565, 0.329, 0
 32100, 36.18, 25.47, 0, 0.7565, 0.329, 0
 32125, 36.21, 25.7, 0, 0.6365, 1.1189, 0
 32150, 36.21, 25.94, 0, -0.0553, 0.0351, 0
 32175, 36.21, 26.28, 0, 0.1494, 0.1368, 0
 32200, 36.21, 26.28, 0, 0.1494, 0.1368, 0
 32225, 36.25, 26.61, 0, 1.423, 0.375, 0
 32250, 36.25, 26.61, 0, 1.423, 0.375, 0
 32275, 36.34, 26.85, 0, 2.3648, 1.1032, 0
 32300, 36.37, 27.04, 0, 0.3806, 0.9206, 0
 32325, 36.37, 27.04, 0, 0.3806, 0.9206, 0
 32350, 36.36, 27.15, 0, -1.4402, 1.03, 0
 32375, 36.21, 27.26, 0, -4.8176, -1.2389, 0
 32400, 36.02, 27.44, 0, -4.8944, -0.1978, 0
 32425, 35.87, 27.47, 0, -4.0725, -0.1747, 0
 32450, 35.87, 27.47, 0, -4.0725, -0.1747, 0
 32475, 35.75, 27.42, 0, -2.8353, 0.2291, 0
 32500, 35.7, 27.3, 0, -0.5325, 1.2504, 0
 32525, 35.7, 27.3, 0, -0.5325, 1.2504, 0
 32550, 35.66, 27.04, 0, -1.0962, 0.0876, 0
 32575, 35.59, 26.81, 0, -2.0565, 0.0537, 0
 32600, 35.59, 26.81, 0, -2.0565, 0.0537, 0
 32625, 35.5, 26.78, 0, -1.8556, 0.2666, 0
 32650, 35.48, 26.97, 0, -0.3495, -0.3106, 0
 32675, 35.48, 26.97, 0, -0.3495, -0.3106, 0
 32700, 35.41, 27.28, 0, -2.4587, -2.2854, 0
 32725, 35.27, 27.39, 0, -3.761, -0.5822, 0
 32750, 35.05, 27.34, 0, -6.9335, -0.3948, 0
 32775, 34.73, 27.26, 0, -8.002, -0.2295, 0
 32800, 34.73, 27.26, 0, -8.002, -0.2295, 0
 32825, 34.5, 27.2, 0, -4.1613, -0.2065, 0
 32850, 34.43, 27.15, 0, 0.074, -0.0478, 0
 32875, 34.43, 27.15, 0, 0.074, -0.0478, 0
 32900, 34.52, 27.05, 0, 2.6927, -0.562, 0
 32925, 34.57, 26.91, 0, 0.0935, -1.181, 0
 32950, 34.57, 26.91, 0, 0.0935, -1.181, 0
 32975, 34.5, 26.84, 0, -3.4851, -0.8684, 0
 33000, 34.23, 26.84, 0, -8.1934, -3.2815, 0
 33025, 34.23, 26.84, 0, -8.1934, -3.2815, 0
 33050, 33.79, 26.92, 0, -13.0932, -5.5466, 0
 33075, 33.19, 27, 0, -14.7251, -4.1005, 0
 33100, 33.19, 27, 0, -14.7251, -4.1005, 0
 33125, 32.71, 26.99, 0, -10.3351, -1.541, 0
 33150, 32.44, 26.93, 0, -4.2703, -0.8884, 0
 33175, 32.44, 26.93, 0, -4.2703, -0.8884, 0
 33200, 32.35, 26.88, 0, -0.8878, -0.6388, 0
 33225, 32.37, 26.84, 0, 1.1609, 0.1753, 0
 33250, 32.42, 26.75, 0, 1.0268, -0.8945, 0
 33275, 32.42, 26.75, 0, 1.0268, -0.8945, 0
 33300, 32.44, 26.78, 0, -0.1099, -0.9414, 0
 33325, 32.46, 26.84, 0, 0.4176, -0.0219, 0
 33350, 32.46, 26.84, 0, 0.4176, -0.0219, 0
 33375, 32.44, 26.93, 0, -0.6813, -1.7424, 0
 33400, 32.37, 26.86, 0, -2.83, -0.1039, 0
 33425, 32.22, 26.74, 0, -3.2373, -0.3677, 0
 33450, 32.22, 26.74, 0, -3.2373, -0.3677, 0
 33475, 32.13, 26.63, 0, -1.6775, -0.9813, 0
 33500, 32.13, 26.63, 0, -1.6775, -0.9813, 0
 33525, 32.08, 26.52, 0, -1.7583, -2.4544, 0
 33550, 31.97, 26.47, 0, -2.988, -2.0837, 0
 33575, 31.81, 26.41, 0, -5.1155, -2.3995, 0
 33600, 31.81, 26.41, 0, -5.1155, -2.3995, 0
 33625, 31.57, 26.33, 0, -6.0612, -2.5175, 0
 33650, 31.3, 26.26, 0, -7.7949, -3.8682, 0
 33675, 31.3, 26.26, 0, -7.7949, -3.8682, 0
 33700, 30.89, 26.12, 0, -12.1196, -3.8591, 0
 33725, 30.33, 26.01, 0, -14.597, -4.2041, 0
 33750, 29.75, 25.94, 0, -14.3258, -4.4253, 0
 33775, 29.75, 25.94, 0, -14.3258, -4.4253, 0
 33800, 29.25, 25.88, 0, -11.1641, -3.3784, 0
 33825, 28.84, 25.8, 0, -10.1114, -4.3788, 0
 33850, 28.42, 25.69, 0, -10.4084, -4.1885, 0
 33875, 28.42, 25.69, 0, -10.4084, -4.1885, 0
 33900, 28, 25.5, 0, -11.2623, -4.4598, 0
 33925, 27.52, 25.33, 0, -11.7515, -4.5937, 0
 33950, 27.52, 25.33, 0, -11.7515, -4.5937, 0
 33975, 27.19, 25.19, 0, -9.967, -3.0109, 0
 34000, 26.84, 24.96, 0, -8.5487, -4.5352, 0
 34025, 26.84, 24.96, 0, -8.5487, -4.5352, 0
 34050, 26.55, 24.67, 0, -6.4329, -3.1192, 0
 34075, 26.36, 24.24, 0, -3.4504, -0.8577, 0
 34100, 26.36, 24.24, 0, -3.4504, -0.8577, 0
 34125, 26.27, 23.71, 0, -2.6144, -1.026, 0
 34150, 26.14, 23.17, 0, -2.9832, -1.9432, 0
 34175, 25.99, 22.58, 0, -4.6048, -2.952, 0
 34200, 25.99, 22.58, 0, -4.6048, -2.952, 0
 34225, 25.83, 22.08, 0, -3.8073, -0.833, 0
 34250, 25.68, 22.02, 0, -2.5939, -2.5073, 0
 34275, 25.68, 22.02, 0, -2.5939, -2.5073, 0
 34300, 25.64, 22.48, 0, -0.4676, -1.1071, 0
 34325, 25.59, 23.15, 0, -2.6777, -2.4787, 0
 34350, 25.59, 23.15, 0, -2.6777, -2.4787, 0
 34375, 25.42, 23.81, 0, -4.9196, -2.5191, 0
 34400, 25.18, 24.68, 0, -8.0392, -3.6206, 0
 34425, 25.18, 24.68, 0, -8.0392, -3.6206, 0
 34450, 24.75, 25.39, 0, -10.8189, -2.3041, 0
 34475, 24.34, 25.94, 0, -10.2344, -0.2419, 0
 34500, 23.97, 26.4, 0, -8.587, -0.2258, 0
 34525, 23.97, 26.4, 0, -8.587, -0.2258, 0
 34550, 23.69, 26.94, 0, -5.6742, -0.5308, 0
 34575, 23.52, 27.67, 0, -3.8183, -2.0905, 0
 34600, 23.52, 27.67, 0, -3.8183, -2.0905, 0
 34625, 23.35, 28.31, 0, -3.8103, -2.6228, 0
 34650, 23.21, 28.93, 0, -4.4003, -1.1532, 0
 34675, 23.02, 29.39, 0, -4.8328, -0.9075, 0
 34700, 23.02, 29.39, 0, -4.8328, -0.9075, 0
 34725, 22.77, 29.68, 0, -6.7915, -1.5498, 0
 34750, 22.55, 29.97, 0, -7.9655, -2.4563, 0
 34775, 22.55, 29.97, 0, -7.9655, -2.4563, 0
 34800, 22.21, 30.5, 0, -8.0266, -3.8925, 0
 34825, 21.95, 31.25, 0, -6.4307, -4.4729, 0
 34850, 21.67, 32.05, 0, -6.4498, -5.2732, 0
 34875, 21.67, 32.05, 0, -6.4498, -5.2732, 0
 34900, 21.42, 32.69, 0, -6.577, -3.946, 0
 34925, 21.16, 33.05, 0, -5.9331, -1.5034, 0
 34950, 21.16, 33.05, 0, -5.9331, -1.5034, 0
 34975, 20.95, 33.19, 0, -5.9153, -1.9732, 0
 35000, 20.64, 33.29, 0, -8.1043, -2.9967, 0
 35025, 20.28, 33.31, 0, -9.1453, -4.4098, 0
 35050, 20.28, 33.31, 0, -9.1453, -4.4098, 0
 35075, 19.9, 33.25, 0, -10.2568, -4.7236, 0
 35100, 19.48, 33.17, 0, -10.4331, -3.9052, 0
 35125, 19.48, 33.17, 0, -10.4331, -3.9052, 0
 35150, 19.08, 33, 0, -10.0394, -3.5713, 0
 35175, 18.68, 32.81, 0, -10.1959, -3.8258, 0
 35200, 18.68, 32.81, 0, -10.1959, -3.8258, 0
 35225, 18.22, 32.76, 0, -12.0207, -5.5497, 0
 35250, 17.74, 32.83, 0, -11.5875, -5.7989, 0
 35275, 17.74, 32.83, 0, -11.5875, -5.7989, 0
 35300, 17.3, 33.01, 0, -10.5439, -6.1584, 0
 35325, 16.85, 33.25, 0, -11.6847, -8.1136, 0
 35350, 16.85, 33.25, 0, -11.6847, -8.1136, 0
 35375, 16.39, 33.45, 0, -11.8326, -6.6617, 0
 35400, 16.04, 33.57, 0, -12.2255, -5.1978, 0
 35425, 15.57, 33.81, 0, -10.6074, -3.9693, 0
 35450, 15.57, 33.81, 0, -10.6074, -3.9693, 0
 35475, 15.25, 34.17, 0, -6.3276, -3.0025, 0
 35500, 15.06, 34.64, 0, -4.9661, -4.5076, 0
 35525, 15.06, 34.64, 0, -4.9661, -4.5076, 0
 35550, 14.82, 35.15, 0, -6.4195, -4.5636, 0
 35575, 14.55, 35.6, 0, -7.2931, -3.8453, 0
 35600, 14.55, 35.6, 0, -7.2931, -3.8453, 0
 35625, 14.27, 36.02, 0, -5.9025, -2.5944, 0
 35650, 14.14, 36.58, 0, -2.1077, -0.7081, 0
 35675, 14.1, 37.35, 0, -0.5883, -1.7708, 0
 35700, 14.1, 37.35, 0, -0.5883, -1.7708, 0
 35725, 14.12, 38.05, 0, 1.1428, -1.2131, 0
 35750, 14.19, 38.58, 0, 2.3342, -0.0455, 0
 35775, 14.19, 38.58, 0, 2.3342, -0.0455, 0
 35800, 14.31, 39, 0, 3.5592, 1.0551, 0
 35825, 14.47, 39.26, 0, 3.8951, 0.5602, 0
 35850, 14.59, 39.51, 0, 1.7114, -0.181, 0
 35875, 14.59, 39.51, 0, 1.7114, -0.181, 0
 35900, 14.63, 39.78, 0, 1.083, 0.5324, 0
 35925, 14.67, 40.1, 0, 1.1497, 0.2919, 0
 35950, 14.67, 40.1, 0, 1.1497, 0.2919, 0
 35975, 14.75, 40.63, 0, 2.5655, 0.0913, 0
 36000, 14.84, 41.24, 0, 1.9685, -1.6687, 0
 36025, 14.84, 41.24, 0, 1.9685, -1.6687, 0
 36050, 14.94, 41.75, 0, 2.5776, -0.6312, 0
 36075, 15.02, 42.12, 0, 1.4682, 0.0325, 0
 36100, 15, 42.37, 0, -1.5342, -0.5839, 0
 36125, 15, 42.37, 0, -1.5342, -0.5839, 0
 36150, 14.92, 42.59, 0, -1.8825, -0.3015, 0
 36175, 14.84, 42.84, 0, -2.5288, -2.4644, 0
 36200, 14.84, 42.84, 0, -2.5288, -2.4644, 0
 36225, 14.75, 43.18, 0, -1.6805, -2.0988, 0
 36250, 14.71, 43.52, 0, -0.6053, -2.7137, 0
 36275, 14.67, 43.73, 0, -1.1838, -1.8082, 0
 36300, 14.67, 43.73, 0, -1.1838, -1.8082, 0
 36325, 14.61, 43.81, 0, -2.1792, -1.2815, 0
 36350, 14.51, 43.84, 0, -2.8084, -1.2611, 0
 36375, 14.51, 43.84, 0, -2.8084, -1.2611, 0
 36400, 14.39, 43.77, 0, -2.3381, -1.6819, 0
 36425, 14.33, 43.6, 0, -1.048, -1.8254, 0
 36450, 14.33, 43.6, 0, -1.048, -1.8254, 0
 36475, 14.31, 43.38, 0, -0.9403, -2.16, 0
 36500, 14.27, 43.08, 0, -0.0504, -0.108, 0
 36525, 14.27, 43.08, 0, -0.0504, -0.108, 0
 36550, 14.29, 42.65, 0, 0.4369, 0.3736, 0
 36575, 14.31, 42.21, 0, -0.0858, 0.1976, 0
 36600, 14.31, 42.21, 0, -0.0858, 0.1976, 0
 36625, 14.27, 41.99, 0, -1.3531, -0.3337, 0
 36650, 14.21, 42, 0, -1.7137, -0.1859, 0
 36675, 14.16, 42.12, 0, -0.7573, -0.1332, 0
 36700, 14.16, 42.12, 0, -0.7573, -0.1332, 0
 36725, 14.19, 42.1, 0, 2.0896, 1.8643, 0
 36750, 14.33, 42.05, 0, 4.435, 2.9828, 0
 36775, 14.55, 42.07, 0, 5.1443, 2.706, 0
 36800, 14.55, 42.07, 0, 5.1443, 2.706, 0
 36825, 14.71, 42.23, 0, 2.9626, 2.3542, 0
 36850, 14.76, 42.43, 0, 1.5119, 2.6912, 0
 36875, 14.76, 42.43, 0, 1.5119, 2.6912, 0
 36900, 14.82, 42.68, 0, 1.6271, 2.9815, 0
 36925, 14.88, 43.12, 0, 2.138, 2.6617, 0
 36950, 14.88, 43.12, 0, 2.138, 2.6617, 0
 36975, 15.06, 43.59, 0, 3.8749, 3.9902, 0
 37000, 15.2, 43.99, 0, 3.0688, 3.2304, 0
 37025, 15.2, 43.99, 0, 3.0688, 3.2304, 0
 37050, 15.31, 44.44, 0, 2.9234, 3.2276, 0
 37075, 15.39, 44.7, 0, 2.7217, 2.6375, 0
 37100, 15.39, 44.7, 0, 2.7217, 2.6375, 0
 37125, 15.49, 45.04, 0, 2.2499, 1.7451, 0
 37150, 15.57, 45.3, 0, 1.7982, 1.656, 0
 37175, 15.65, 45.56, 0, 2.2067, 2.0886, 0
 37200, 15.65, 45.56, 0, 2.2067, 2.0886, 0
 37225, 15.76, 45.94, 0, 3.2339, 2.1862, 0
 37250, 15.92, 46.36, 0, 3.9974, 1.8727, 0
 37275, 16.05, 46.78, 0, 2.9897, 1.8254, 0
 37300, 16.05, 46.78, 0, 2.9897, 1.8254, 0
 37325, 16.15, 47.25, 0, 2.8368, 1.0836, 0
 37350, 16.29, 47.63, 0, 3.3919, 0.6168, 0
 37375, 16.29, 47.63, 0, 3.3919, 0.6168, 0
 37400, 16.4, 47.81, 0, 2.4174, 2.2238, 0
 37425, 16.48, 48.05, 0, 1.5551, 2.5325, 0
 37450, 16.58, 48.4, 0, 3.4475, 2.7955, 0
 37475, 16.58, 48.4, 0, 3.4475, 2.7955, 0
 37500, 16.77, 48.82, 0, 5.6623, 2.5453, 0
 37525, 16.77, 48.82, 0, 5.6623, 2.5453, 0
 37550, 16.99, 49.2, 0, 5.2186, 2.6757, 0
 37575, 17.18, 49.5, 0, 4.936, 3.5022, 0
 37600, 17.18, 49.5, 0, 4.936, 3.5022, 0
 37625, 17.35, 49.84, 0, 3.8127, 2.9148, 0
 37650, 17.51, 50.25, 0, 3.7461, 2.6653, 0
 37675, 17.66, 50.71, 0, 3.6594, 1.3344, 0
 37700, 17.66, 50.71, 0, 3.6594, 1.3344, 0
 37725, 17.8, 51.12, 0, 3.4828, 1.4425, 0
 37750, 17.93, 51.45, 0, 3.6227, 1.9865, 0
 37775, 17.93, 51.45, 0, 3.6227, 1.9865, 0
 37800, 18.05, 51.59, 0, 3.6668, 2.0227, 0
 37825, 18.2, 51.75, 0, 4.4732, 2.3028, 0
 37850, 18.2, 51.75, 0, 4.4732, 2.3028, 0
 37875, 18.41, 51.82, 0, 5.0169, 2.9986, 0
 37900, 18.6, 51.83, 0, 4.928, 3.1741, 0
 37925, 18.85, 51.96, 0, 7.4129, 2.436, 0
 37950, 18.85, 51.96, 0, 7.4129, 2.436, 0
 37975, 19.16, 52.2, 0, 7.6706, 1.878, 0
 38000, 19.45, 52.48, 0, 6.1738, 1.2574, 0
 38025, 19.69, 52.76, 0, 6.5615, 2.5767, 0
 38050, 19.69, 52.76, 0, 6.5615, 2.5767, 0
 38075, 19.96, 52.96, 0, 6.7935, 3.2478, 0
 38100, 19.96, 52.96, 0, 6.7935, 3.2478, 0
 38125, 20.21, 53.2, 0, 5.6585, 2.6952, 0
 38150, 20.44, 53.45, 0, 5.713, 2.084, 0
 38175, 20.7, 53.65, 0, 7.2334, 1.3271, 0
 38200, 20.7, 53.65, 0, 7.2334, 1.3271, 0
 38225, 21.02, 53.82, 0, 8.193, 2.2631, 0
 38250, 21.34, 53.92, 0, 8.6878, 4.3125, 0
 38275, 21.34, 53.92, 0, 8.6878, 4.3125, 0
 38300, 21.76, 54.02, 0, 11.5568, 4.7946, 0
 38325, 22.25, 54.17, 0, 12.1749, 3.9297, 0
 38350, 22.25, 54.17, 0, 12.1749, 3.9297, 0
 38375, 22.68, 54.41, 0, 9.7193, 3.8806, 0
 38400, 23.04, 54.63, 0, 9.1153, 4.1219, 0
 38425, 23.41, 54.79, 0, 9.028, 2.9888, 0
 38450, 23.41, 54.79, 0, 9.028, 2.9888, 0
 38475, 23.75, 54.88, 0, 8.0261, 2.5045, 0
 38500, 24.08, 54.89, 0, 9.3858, 3.1822, 0
 38525, 24.08, 54.89, 0, 9.3858, 3.1822, 0
 38550, 24.49, 54.89, 0, 9.8019, 3.8924, 0
 38575, 24.77, 54.92, 0, 9.0848, 4.7487, 0
 38600, 24.77, 54.92, 0, 9.0848, 4.7487, 0
 38625, 25.1, 54.95, 0, 7.8944, 4.26, 0
 38650, 25.36, 54.89, 0, 5.2274, 2.3985, 0
 38675, 25.51, 54.73, 0, 3.1454, 2.1165, 0
 38700, 25.51, 54.73, 0, 3.1454, 2.1165, 0
 38725, 25.62, 54.57, 0, 3.0713, 2.7072, 0
 38750, 25.79, 54.55, 0, 4.1971, 2.6139, 0
 38775, 25.79, 54.55, 0, 4.1971, 2.6139, 0
 38800, 25.96, 54.62, 0, 4.2755, 1.9938, 0
 38825, 26.1, 54.7, 0, 3.5328, 1.6935, 0
 38850, 26.1, 54.7, 0, 3.5328, 1.6935, 0
 38875, 26.25, 54.74, 0, 3.6829, 1.968, 0
 38900, 26.4, 54.8, 0, 4.0275, 1.7021, 0
 38925, 26.64, 54.84, 0, 6.8395, 2.8379, 0
 38950, 26.64, 54.84, 0, 6.8395, 2.8379, 0
 38975, 26.91, 54.93, 0, 6.5449, 2.2409, 0
 39000, 27.17, 55.01, 0, 6.6266, 2.3603, 0
 39025, 27.17, 55.01, 0, 6.6266, 2.3603, 0
 39050, 27.46, 55.08, 0, 7.1497, 2.7946, 0
 39075, 27.76, 55.1, 0, 7.9546, 3.3718, 0
 39100, 27.76, 55.1, 0, 7.9546, 3.3718, 0
 39125, 28.11, 55.1, 0, 9.7202, 3.7646, 0
 39150, 28.54, 55.09, 0, 11.5301, 4.6108, 0
 39175, 28.54, 55.09, 0, 11.5301, 4.6108, 0
 39200, 29.05, 55.18, 0, 12.8457, 4.499, 0
 39225, 29.56, 55.31, 0, 12.4237, 3.6521, 0
 39250, 30.02, 55.47, 0, 10.5696, 2.8984, 0
 39275, 30.02, 55.47, 0, 10.5696, 2.8984, 0
 39300, 30.4, 55.63, 0, 8.8394, 1.4424, 0
 39325, 30.6, 55.69, 0, 5.4016, 0.6934, 0
 39350, 30.6, 55.69, 0, 5.4016, 0.6934, 0
 39375, 30.76, 55.75, 0, 3.5102, 2.4274, 0
 39400, 30.91, 55.84, 0, 3.6029, 2.0183, 0
 39425, 31.05, 55.97, 0, 3.9733, 1.7407, 0
 39450, 31.05, 55.97, 0, 3.9733, 1.7407, 0
 39475, 31.23, 56.07, 0, 4.9696, 1.2182, 0
 39500, 31.47, 56.13, 0, 6.0416, 1.2428, 0
 39525, 31.47, 56.13, 0, 6.0416, 1.2428, 0
 39550, 31.7, 56.17, 0, 6.1965, 1.1615, 0
 39575, 31.95, 56.23, 0, 5.9037, 2.0128, 0
 39600, 31.95, 56.23, 0, 5.9037, 2.0128, 0
 39625, 32.19, 56.29, 0, 6.3597, 1.8301, 0
 39650, 32.46, 56.41, 0, 6.6597, 0.7285, 0
 39675, 32.69, 56.52, 0, 5.5022, -0.0958, 0
 39700, 32.69, 56.52, 0, 5.5022, -0.0958, 0
 39725, 32.91, 56.6, 0, 5.5404, 0.9332, 0
 39750, 33.16, 56.68, 0, 6.3894, 0.9061, 0
 39775, 33.16, 56.68, 0, 6.3894, 0.9061, 0
 39800, 33.43, 56.72, 0, 7.0517, 0.3685, 0
 39825, 33.71, 56.75, 0, 7.0844, 0.49, 0
 39850, 33.71, 56.75, 0, 7.0844, 0.49, 0
 39875, 33.98, 56.81, 0, 5.898, -0.2474, 0
 39900, 34.14, 56.9, 0, 3.4378, 0.1293, 0
 39925, 34.25, 57.01, 0, 2.1918, 0.539, 0
 39950, 34.25, 57.01, 0, 2.1918, 0.539, 0
 39975, 34.38, 57.07, 0, 3.9472, -0.067, 0
 40000, 34.59, 57.05, 0, 5.8724, 0.7639, 0
 40025, 34.59, 57.05, 0, 5.8724, 0.7639, 0
 40050, 34.84, 57.06, 0, 6.0251, 0.4619, 0
 40075, 35.04, 57.06, 0, 6.6077, 0.7976, 0
 40100, 35.3, 57.12, 0, 6.8124, -0.2672, 0
 40125, 35.3, 57.12, 0, 6.8124, -0.2672, 0
 40150, 35.55, 57.15, 0, 5.6929, -0.4117, 0
 40175, 35.79, 57.15, 0, 5.8284, 0.5031, 0
 40200, 35.79, 57.15, 0, 5.8284, 0.5031, 0
 40225, 36.03, 57.12, 0, 6.6214, 0.2585, 0
 40250, 36.3, 57.14, 0, 7.025, 0.4498, 0
 40275, 36.3, 57.14, 0, 7.025, 0.4498, 0
 40300, 36.59, 57.2, 0, 6.6455, -0.0984, 0
 40325, 36.83, 57.31, 0, 6.6511, -0.4768, 0
 40350, 37.12, 57.37, 0, 6.8145, -0.6175, 0
 40375, 37.12, 57.37, 0, 6.8145, -0.6175, 0
 40400, 37.38, 57.36, 0, 6.4256, -0.1904, 0
 40425, 37.38, 57.36, 0, 6.4256, -0.1904, 0
 40450, 37.62, 57.33, 0, 5.6675, 0.4265, 0
 40475, 37.85, 57.35, 0, 5.9129, 0.2828, 0
 40500, 38.08, 57.39, 0, 5.8441, 0.3961, 0
 40525, 38.08, 57.39, 0, 5.8441, 0.3961, 0
 40550, 38.32, 57.48, 0, 6.4769, -0.3344, 0
 40575, 38.62, 57.58, 0, 7.8266, -0.3878, 0
 40600, 38.94, 57.63, 0, 8.2064, -1.148, 0
 40625, 38.94, 57.63, 0, 8.2064, -1.148, 0
 40650, 39.24, 57.66, 0, 7.0769, -0.756, 0
 40675, 39.52, 57.64, 0, 6.8944, 0.6858, 0
 40700, 39.52, 57.64, 0, 6.8944, 0.6858, 0
 40725, 39.77, 57.65, 0, 6.0579, -1.0051, 0
 40750, 40, 57.65, 0, 5.6917, -0.8201, 0
 40775, 40.25, 57.65, 0, 6.7531, -1.3707, 0
 40800, 40.25, 57.65, 0, 6.7531, -1.3707, 0
 40825, 40.6, 57.64, 0, 9.7259, -2.3282, 0
 40850, 40.92, 57.59, 0, 11.0553, -3.1167, 0
 40875, 40.92, 57.59, 0, 11.0553, -3.1167, 0
 40900, 41.37, 57.47, 0, 11.3469, -2.1988, 0
 40925, 41.8, 57.35, 0, 9.7509, -1.5788, 0
 40950, 41.8, 57.35, 0, 9.7509, -1.5788, 0
 40975, 42.15, 57.3, 0, 8.7246, -1.5244, 0
 41000, 42.15, 57.3, 0, 8.7246, -1.5244, 0
 41025, 42.46, 57.29, 0, 7.1826, -2.2448, 0
 41050, 42.74, 57.24, 0, 7.104, -1.9445, 0
 41075, 43.06, 57.13, 0, 8.161, -2.5434, 0
 41100, 43.39, 56.99, 0, 8.8075, -3.5033, 0
 41125, 43.39, 56.99, 0, 8.8075, -3.5033, 0
 41150, 43.78, 56.82, 0, 10.2476, -3.3697, 0
 41175, 43.78, 56.82, 0, 10.2476, -3.3697, 0
 41200, 44.2, 56.59, 0, 10.3391, -4.1763, 0
 41225, 44.58, 56.32, 0, 9.1422, -4.0346, 0
 41250, 44.92, 56.04, 0, 7.6578, -3.4865, 0
 41275, 44.92, 56.04, 0, 7.6578, -3.4865, 0
 41300, 45.18, 55.74, 0, 5.9668, -3.0254, 0
 41325, 45.39, 55.33, 0, 5.0783, -1.7709, 0
 41350, 45.58, 54.85, 0, 4.4542, -0.3287, 0
 41375, 45.58, 54.85, 0, 4.4542, -0.3287, 0
 41400, 45.74, 54.4, 0, 3.536, -0.1779, 0
 41425, 45.74, 54.4, 0, 3.536, -0.1779, 0
 41450, 45.83, 53.97, 0, 1.601, -0.2198, 0
 41475, 45.88, 53.52, 0, 0.6682, 0.2171, 0
 41500, 45.91, 53.07, 0, 0.9934, 0.32, 0
 41525, 45.91, 53.07, 0, 0.9934, 0.32, 0
 41550, 45.95, 52.58, 0, 0.9701, 0.2367, 0
 41575, 45.98, 52.09, 0, 0.7473, 0.7758, 0
 41600, 46, 51.64, 0, 0.0019, -0.0214, 0
 41625, 46, 51.64, 0, 0.0019, -0.0214, 0
 41650, 45.98, 51.28, 0, -0.7853, -0.1883, 0
 41675, 45.95, 51.08, 0, -0.6821, -0.1339, 0
 41700, 45.95, 51.08, 0, -0.6821, -0.1339, 0
 41725, 45.97, 50.84, 0, 0.9743, 0.1599, 0
 41750, 46.05, 50.6, 0, 3.2482, 0.4357, 0
 41775, 46.23, 50.44, 0, 4.4831, 0.6297, 0
 41800, 46.23, 50.44, 0, 4.4831, 0.6297, 0
 41825, 46.4, 50.37, 0, 4.4771, 0.8752, 0
 41850, 46.61, 50.33, 0, 6.0451, -0.0941, 0
 41875, 46.61, 50.33, 0, 6.0451, -0.0941, 0
 41900, 46.87, 50.3, 0, 7.0384, -0.692, 0
 41925, 47.17, 50.3, 0, 7.5076, -0.0582, 0
 41950, 47.17, 50.3, 0, 7.5076, -0.0582, 0
