#        X        Y,    DeltaTime
 50, 50, 25
 49.2935778551818, 49.9050994799058, 25
 48.8376923742641, 49.8402703930144, 25
 48.6137656611607, 49.8046374909394, 25
 48.3675605536994, 49.7661859131268, 25
 48.1195781395246, 49.7271749514644, 25
 47.8734946965846, 49.6846369539934, 25
 47.6273518130511, 49.6407011490591, 25
 47.381207712032, 49.5969509134678, 25
 47.1352510828635, 49.5522234820915, 25
 46.8899886533141, 49.503814500708, 25
 46.6448556671159, 49.4547216717151, 25
 46.399682176131, 49.4058256649704, 25
 46.1548952365737, 49.3550994225674, 25
 45.9108779955296, 49.3007270622283, 25
 45.6668290272693, 49.2465056813501, 25
 45.4228071554126, 49.1921659801982, 25
 45.1794732906932, 49.134879319635, 25
 44.9366832258512, 49.0752606112974, 25
 44.693842927651, 49.0158607631927, 25
 44.4511412311663, 48.955917008846, 25
 44.209531684583, 48.8917053693823, 25
 43.9680151268327, 48.8271327892029, 25
 43.7264895521741, 48.7625922077223, 25
 43.4856201276093, 48.6956976901306, 25
 43.2455789170637, 48.6258295373538, 25
 43.0055014209426, 48.5561009179704, 25
 42.7653899970048, 48.4864821093235, 25
 42.5268650931812, 48.411631512988, 25
 42.2882419825993, 48.3368768525838, 25
 42.0498415594578, 48.2624105717365, 25
 41.8121299293255, 48.1844248351915, 25
 41.5866886397249, 48.1084061614711, 25
 41.360792463294, 48.0323967157886, 25
 41.1355964735294, 47.9553555673292, 25
 40.9114443869143, 47.8750424290976, 25
 40.6875349313356, 47.7940912228943, 25
 40.4636297908542, 47.7131258338759, 25
 40.2407085781025, 47.6295254187269, 25
 40.0186573115068, 47.5435971941551, 25
 39.7964709387445, 47.4580240531621, 25
 39.5748383861256, 47.3710572666964, 25
 39.3545801444101, 47.2806410592877, 25
 39.1343233005667, 47.1902178004756, 25
 38.9143230716904, 47.0991861130577, 25
 38.6956841648034, 47.0049434871771, 25
 38.4775708576449, 46.909462581945, 25
 38.259392530761, 46.8141344466522, 25
 38.0425350893587, 46.7158887738464, 25
 37.8265626012848, 46.6155364655963, 25
 37.6106211537597, 46.5158251488813, 25
 37.3950743604892, 46.4128725183467, 25
 37.1899682205553, 46.3122054652343, 25
 36.9859828050121, 46.2120733738631, 25
 36.7824081461677, 46.1111373060456, 25
 36.5809350982021, 46.0059134194045, 25
 36.3791751528486, 45.9013052908562, 25
 36.177953107042, 45.795657539986, 25
 35.9784204303443, 45.6868961908054, 25
 35.7792917444915, 45.5772738797927, 25
 35.5801136548485, 45.4677512793992, 25
 35.3842434123028, 45.3545827250397, 25
 35.1968813948533, 45.2458743285754, 25
 35.0088978427842, 45.1362012449733, 25
 34.8227759125463, 45.0240372463228, 25
 34.6376537604943, 44.9100316194396, 25
 34.452155875238, 44.7966689358831, 25
 34.2688639866861, 44.6798334680858, 25
 34.0866169606542, 44.5612169119419, 25
 33.9041692636407, 44.4432926850932, 25
 33.7237370929664, 44.3215664586058, 25
 33.5517256942166, 44.2036792675967, 25
 33.3799004917158, 44.0858516570955, 25
 33.2101031318912, 43.9651861387198, 25
 33.0414616731834, 43.8429275964708, 25
 32.8727382604973, 43.7203054483112, 25
 32.7072692386099, 43.5958658023284, 25
 32.5493068878944, 43.4745337055597, 25
 32.3904625859097, 43.3521723991615, 25
 32.2351724748281, 43.2282367032725, 25
 32.0865626356454, 43.1072107825349, 25
 31.9374704329861, 42.9855207099269, 25
 31.7909575881985, 42.8610198497023, 25
 31.6455071354449, 42.7352329946678, 25
 31.5000580560564, 42.6094128840134, 25
 31.3578792432005, 42.4797362357129, 25
 31.2215633768335, 42.3540986359491, 25
 31.0853971543381, 42.2281098017762, 25
 30.9565847554029, 42.102477623694, 25
 30.8298894788624, 41.9776815072958, 25
 30.7030633400319, 41.8506919098336, 25
 30.5815126013286, 41.7237948782317, 25
 30.4631682650009, 41.5989153700125, 25
 30.3457715960338, 41.4733340925848, 25
 30.2361614043614, 41.3480859118791, 25
 30.1262177374316, 41.223214735385, 25
 30.0179516747216, 41.0954635356119, 25
 29.9144506074005, 40.96866160536, 25
 29.8136255066791, 40.8431556751652, 25
 29.7147836174351, 40.7160593643678, 25
 29.6219066327128, 40.5905128122713, 25
 29.5288615956161, 40.4639112682254, 25
 29.4418497882421, 40.3393441589814, 25
 29.3612231488881, 40.2176252764441, 25
 29.279372916297, 40.0950308627746, 25
 29.2042383926539, 39.9724315090692, 25
 29.1315536993746, 39.8493207089862, 25
 29.0591937583939, 39.7264119319987, 25
 28.9956154436557, 39.6064467728655, 25
 28.9341230609474, 39.4862877529818, 25
 28.8734862403801, 39.3659368001478, 25
 28.8202885911973, 39.2487348230688, 25
 28.7702208871285, 39.1310303283138, 25
 28.7214247399702, 39.0124832938245, 25
 28.6775635824294, 38.8974261224762, 25
 28.6384617758875, 38.7827027924641, 25
 28.6025751280664, 38.6658373884253, 25
 28.5687980979073, 38.5510632310199, 25
 28.5388246533664, 38.4398361498043, 25
 28.5156230291841, 38.3306961089468, 25
 28.4972859472755, 38.2212960011047, 25
 28.4810517412421, 38.1106043835891, 25
 28.4670136012955, 38.0026171154759, 25
 28.4564074882686, 37.8990304902934, 25
 28.4514736170289, 37.7957103000585, 25
 28.4526463832422, 37.6911322363336, 25
 28.457639835304, 37.5883587628969, 25
 28.4652928974637, 37.4887976282262, 25
 28.4760077750508, 37.3915222457074, 25
 28.4901388738624, 37.2962562044097, 25
 28.5078842492098, 37.2036261548059, 25
 28.5296142954141, 37.1136093815086, 25
 28.5559588261548, 37.0251732498368, 25
 28.5870349457852, 36.9377985405345, 25
 28.6217702897639, 36.8522876730044, 25
 28.6592179715678, 36.7692939883865, 25
 28.699447457016, 36.6883072724392, 25
 28.7427581388688, 36.6086965621323, 25
 28.7894793318423, 36.5307242250195, 25
 28.8399268419112, 36.4549947407002, 25
 28.8940896183667, 36.3819152378469, 25
 28.9517259621452, 36.31174170916, 25
 29.012457972722, 36.2442991499704, 25
 29.0757568164255, 36.1789116332161, 25
 29.1414955740013, 36.1148701400941, 25
 29.2103670194391, 36.0514566447438, 25
 29.2828833847095, 35.9886828433783, 25
 29.3586811416455, 35.9288634063567, 25
 29.4372316073152, 35.8738050677, 25
 29.5180337668902, 35.8214728369763, 25
 29.6009744147976, 35.7693469414365, 25
 29.6878788981391, 35.7173284249685, 25
 29.7803693802693, 35.666299818516, 25
 29.8759032745121, 35.6182293026079, 25
 29.971899087523, 35.5742113863073, 25
 30.070322676288, 35.5310254194717, 25
 30.1725730454436, 35.4871679225641, 25
 30.2761706406273, 35.4477082232739, 25
 30.3809747124019, 35.4131830545253, 25
 30.4908146150963, 35.3766273615003, 25
 30.6049199491447, 35.3396949024876, 25
 30.7194082068522, 35.3097012831712, 25
 30.8365947988844, 35.2813506041627, 25
 30.9580922120032, 35.2504166716466, 25
 31.0794405572243, 35.2246014345583, 25
 31.2034476295274, 35.2026222225561, 25
 31.3358019738587, 35.1780663987685, 25
 31.4692486799054, 35.1563765608162, 25
 31.6038068980732, 35.1387890123042, 25
 31.7454750783148, 35.1211953379936, 25
 31.8869566615481, 35.1048310732081, 25
 32.0311082769133, 35.0916847608383, 25
 32.182925594483, 35.0811251860734, 25
 32.3346354633888, 35.0697653484002, 25
 32.4843567802032, 35.0623637978953, 25
 32.6388910636381, 35.0586403655055, 25
 32.800919942604, 35.0545019743713, 25
 32.9618382634796, 35.0510702621388, 25
 33.1272145125145, 35.0528424253306, 25
 33.2948161577072, 35.0561440240872, 25
 33.4601161728903, 35.0589448266651, 25
 33.6290800269523, 35.0647664519387, 25
 33.8083265993056, 35.0749522980936, 25
 33.9865520221284, 35.0847278210673, 25
 34.1643055305088, 35.0953075309949, 25
 34.3479512877245, 35.1111495645432, 25
 34.532582595147, 35.1281492327235, 25
 34.7174404428616, 35.1440744855233, 25
 34.8998419827649, 35.1637634775084, 25
 35.0914701174468, 35.187553468769, 25
 35.2916561359559, 35.2116941395302, 25
 35.488788127855, 35.2368852363538, 25
 35.691188466773, 35.2663747254598, 25
 35.8977469615192, 35.2980682449313, 25
 36.1038777966596, 35.3288784975391, 25
 36.3084766596269, 35.362871942732, 25
 36.5199885311757, 35.4008051955246, 25
 36.7343010735257, 35.4393923689755, 25
 36.9483790830985, 35.4775930674329, 25
 37.1613551532621, 35.5207207842578, 25
 37.3840751110391, 35.5665111345809, 25
 37.6066985110516, 35.6120949025846, 25
 37.8283109991609, 35.6590352825882, 25
 38.0549189520691, 35.7110760784559, 25
 38.2875961439154, 35.764599984915, 25
 38.5196664200164, 35.8178935520095, 25
 38.7518506395628, 35.874244067694, 25
 38.9949180041273, 35.935811304665, 25
 39.2370209150727, 35.9971234805692, 25
 39.4794955588536, 36.0581914954405, 25
 39.7206218249494, 36.1242087756569, 25
 39.961658023415, 36.1903305024479, 25
 40.2030086454913, 36.2566518349099, 25
 40.4432331284919, 36.3233075499694, 25
 40.6952498349933, 36.3976213752044, 25
 40.9473495324125, 36.4720098009009, 25
 41.2000212892184, 36.5466402942625, 25
 41.4529301605053, 36.6226898837673, 25
 41.7186075112516, 36.7065689776041, 25
 41.9833743830156, 36.7898997254609, 25
 42.2483775960727, 36.8731785962739, 25
 42.512559025685, 36.9590091007885, 25
 42.7760099843887, 37.0470769726118, 25
 43.039420825475, 37.1350237921596, 25
 43.3031489336572, 37.2229352094055, 25
 43.5679177109693, 37.3140613413696, 25
 43.8462853391338, 37.4120365684608, 25
 44.1236227428357, 37.5095667029393, 25
 44.4014424669437, 37.6070275581893, 25
 44.6789187466452, 37.7080334223794, 25
 44.9729420361119, 37.8164621284704, 25
 45.2660236621867, 37.9245817456354, 25
 45.5592555122948, 38.0325632238683, 25
 45.8510907664001, 38.1443096191728, 25
 46.1427016243382, 38.2566422790703, 25
 46.4342179738568, 38.3689930065202, 25
 46.725619812177, 38.4813473119705, 25
 47.0241947001298, 38.6002645059646, 25
 47.3339963788073, 38.72456423718, 25
 47.6434306222552, 38.8486991627978, 25
 47.9527617010197, 38.9729033362736, 25
 48.260609497618, 39.1007274571563, 25
 48.5683432970792, 39.2288319192747, 25
 48.8760545585624, 39.3569913019422, 25
 49.183685914324, 39.4853395164947, 25
 49.4900392410725, 39.616703315112, 25
 49.7961266024152, 39.7486785009037, 25
 50.1021498445853, 39.8806529866244, 25
 50.4081654664693, 40.0126227800501, 25
 50.7224583410187, 40.1512047959253, 25
 51.0490412807835, 40.2967270454433, 25
 51.3753307104203, 40.442086151428, 25
 51.7015762328958, 40.5874091196418, 25
 52.0268049194974, 40.7349676515734, 25
 52.3513476378436, 40.8840459184246, 25
 52.6759144874214, 41.0331214912684, 25
 53.0006459252086, 41.1822255068077, 25
 53.3249531713298, 41.3328224108735, 25
 53.6730866243896, 41.4974034347303, 25
 54.0208127588205, 41.6617745688525, 25
 54.3685248475303, 41.8261619983093, 25
 54.715765762534, 41.9915377089198, 25
 55.0617390346638, 42.1595596974649, 25
 55.407705291367, 42.3275963873807, 25
 55.7536616831571, 42.4956531573687, 25
 56.0994403527569, 42.6640711540309, 25
 56.4437726486188, 42.8354289353659, 25
 56.7880157681058, 43.0069679673674, 25
 57.1322553994903, 43.1785140669738, 25
 57.4764901064508, 43.35006994446, 25
 57.819551890117, 43.5239509639525, 25
 58.1621005780263, 43.6988490226069, 25
 58.5046410929401, 43.8737566690805, 25
 58.8471175101915, 44.0486448331407, 25
 59.1882614225838, 44.2236334117047, 25
 59.5554002046506, 44.4154031257024, 25
 59.9245930094717, 44.6083317418782, 25
 60.2938729135807, 44.8013096878046, 25
 60.6631361664553, 44.9943267598684, 25
 61.0309339189367, 45.1901173928237, 25
 61.3984463478668, 45.3864479871458, 25
 61.7659564131243, 45.5827830691258, 25
 62.1334734482483, 45.7791052531114, 25
 62.5003264964706, 45.9766572767078, 25
 62.8660566990469, 46.1762892967698, 25
 63.2318231942538, 46.3758580908461, 25
 63.5976151898551, 46.5754296582511, 25
 63.9636591953345, 46.7750748424967, 25
 64.3423183306851, 46.9851332517528, 25
 64.7394903446702, 47.2062397700709, 25
 65.1366203960848, 47.4273249240724, 25
 65.5337594064607, 47.6484372246575, 25
 65.930149383515, 47.870885217075, 25
 66.3254679168373, 48.0952394231484, 25
 66.7207846212503, 48.3195968872449, 25
 67.1161017989248, 48.5439535385119, 25
 67.5113620327409, 48.768409598679, 25
 67.9050447090071, 48.9956196358149, 25
 68.2985605659313, 49.2231208932851, 25
 68.6920739833045, 49.4506264092268, 25
 69.0855851611135, 49.6781357678941, 25
 69.4785930355416, 49.9065079647163, 25
 69.8702902621352, 50.137127070603, 25
 70.262030749614, 50.3676720125043, 25
 70.6537731621293, 50.5982136703028, 25
 71.0455252001551, 50.8287391120191, 25
 71.4363040153984, 51.0609041635233, 25
 71.8262984213362, 51.2943908551666, 25
 72.2163015793108, 51.5278667778132, 25
 72.6063278981813, 51.7613580328426, 25
 72.9963015731592, 51.9948168520684, 25
 73.4072647724436, 52.2435832028891, 25
 73.8340624815926, 52.503304519056, 25
 74.2611767089019, 52.7632425481196, 25
 74.6882971679008, 53.0231822701564, 25
 75.1152580456018, 53.2833811165152, 25
 75.5405875475688, 53.5462392810403, 25
 75.9658562948264, 53.8091964847193, 25
 76.3911248703379, 54.0721539711469, 25
 76.8163812425738, 54.3351310417991, 25
 77.2410650309429, 54.5990270426871, 25
 77.6645062247079, 54.8649172628418, 25
 78.087956435798, 55.130793011394, 25
 78.5114051676677, 55.3966711169906, 25
 78.9348493193912, 55.6625564635558, 25
 79.3574462151725, 55.9297812212893, 25
 79.7791077762127, 56.1984846323568, 25
 80.2007685675254, 56.4671892600412, 25
 80.6224292811394, 56.7358940090628, 25
 81.044097309863, 57.0045873609643, 25
 81.4648914724422, 57.2746422111863, 25
 81.8847863691858, 57.5460981543, 25
 82.304688932339, 57.8175422904405, 25
 82.724583552222, 58.0889834359898, 25
 83.1444309323311, 58.3603986863755, 25
 83.5698877918905, 58.6368391861886, 25
 84.0358480845245, 58.9423034784637, 25
 84.5004616308104, 59.2468472683407, 25
 84.9650967554468, 59.5514062187521, 25
 85.4297434966862, 59.8559476350546, 25
 85.8932017756816, 60.1622899735067, 25
 86.3559544514997, 60.4697015624518, 25
 86.8186987816114, 60.7771257983673, 25
 87.2814422772641, 61.0845512805657, 25
 87.7442282075378, 61.3919133043264, 25
 88.2055356635211, 61.7014862961488, 25
 88.6664184496872, 62.0116943557625, 25
 89.1273025008005, 62.3219005240468, 25
 89.588185509757, 62.6321082308878, 25
 90.0491061955225, 62.9422603134854, 25
 90.5085594433961, 63.2545788520888, 25
 90.9676108408993, 63.5674906636, 25
 91.4266642557413, 63.8803994970871, 25
 91.8857170269451, 64.1933092678371, 25
 92.3447890964612, 64.5061909006849, 25
 92.8026590574634, 64.8208252722166, 25
 93.2599110069962, 65.1363607359963, 25
 93.717162923195, 65.4518963487118, 25
 94.1744156834299, 65.7674270881833, 25
 94.6316543263049, 66.0830397295338, 25
 95.0684571763807, 66.4247130639072, 25
 95.2768655855217, 66.653396200332, 25
 95.2717447422294, 66.6724955731684, 25
 95.185795417258, 66.6211778070304, 25
 95.1360121270916, 66.6211044775147, 25
 95.1370901668415, 66.6798292226493, 25
 95.1627776560507, 66.7592318455035, 25
 95.1867865588943, 66.821204983661, 25
 95.1925294724671, 66.845581394303, 25
 95.1827847127369, 66.8480083340911, 25
 95.1626307526595, 66.8483869152657, 25
 95.1371215520169, 66.8663551578579, 25
 95.1100874966909, 66.9084188469034, 25
 95.0835923763786, 66.9621234445308, 25
 95.0595622496927, 67.0135361883292, 25
 95.0397035725028, 67.0494822619329, 25
 95.0218539029375, 67.0701401236358, 25
 95.0005429927943, 67.0871049321479, 25
 94.9702004344302, 67.1123260614943, 25
 94.927654298836, 67.1526877038756, 25
 94.8757248284611, 67.202419597319, 25
 94.8181460354694, 67.2538214747123, 25
 94.7572436986565, 67.3021081225382, 25
 94.692201642181, 67.3489981968567, 25
 94.6218102998123, 67.3969354169242, 25
 94.5452117473153, 67.4466466242102, 25
 94.4617947645507, 67.4977998611845, 25
 94.3716548948627, 67.5503011429259, 25
 94.2754901308581, 67.6043081309929, 25
 94.1715904384854, 67.6597078461184, 25
 94.057718800658, 67.7158483303499, 25
 93.9416386592568, 67.7701758486313, 25
 93.8258893881543, 67.8227936266628, 25
 93.6985072961497, 67.8788777222483, 25
 93.566001413968, 67.934124155957, 25
 93.4331865026426, 67.9864643482157, 25
 93.288761024792, 68.0431818462342, 25
 93.1423454301535, 68.0968169234394, 25
 92.9915160897573, 68.150087815042, 25
 92.8334972553469, 68.2052878766128, 25
 92.6749414957585, 68.2563802623957, 25
 92.5054840297011, 68.3112986712368, 25
 92.3349103443824, 68.363121276908, 25
 92.1589250540929, 68.415341041902, 25
 91.9813468652481, 68.466454086712, 25
 91.7984984907044, 68.516587894204, 25
 91.6138409630778, 68.5665719614953, 25
 91.4201553809324, 68.6163670856889, 25
 91.2165215185136, 68.6671564590136, 25
 91.0144719186897, 68.7160187452806, 25
 90.8110807634154, 68.7626906402583, 25
 90.6089380186312, 68.809016211998, 25
 90.3988887273832, 68.8539816968681, 25
 90.1854923018982, 68.8986604402461, 25
 89.9730552131897, 68.9419988249314, 25
 89.7502442742323, 68.9847828820798, 25
 89.5270811181863, 69.0273756259001, 25
 89.3033622000963, 69.0674205282516, 25
 89.0792645667255, 69.1065622496793, 25
 88.8561920823023, 69.1443516992023, 25
 88.6244210313013, 69.1811016345847, 25
 88.3888746200144, 69.2183050394873, 25
 88.1533471494403, 69.252976986825, 25
 87.9174480056333, 69.2864052227152, 25
 87.6825965476507, 69.3190354990834, 25
 87.4389089181174, 69.3502052964079, 25
 87.1904714089706, 69.3814403332561, 25
 86.9422309720667, 69.4111065712344, 25
 86.6937304587402, 69.4382955407312, 25
 86.4452642089623, 69.4659981421571, 25
 86.1964396005567, 69.4901735254889, 25
 85.9475708742987, 69.513934034568, 25
 85.6986201153514, 69.5367653343318, 25
 85.4494420184361, 69.5569888336038, 25
 85.200235047998, 69.5768918483243, 25
 84.9509321331865, 69.595583327504, 25
 84.7015078186244, 69.6114923856651, 25
 84.451763103482, 69.6279151373466, 25
 84.2023770627642, 69.6417898901535, 25
 83.9393253257868, 69.6548284466234, 25
 83.676752667501, 69.6678895009212, 25
 83.4137365661174, 69.6776873205812, 25
 83.1507356954996, 69.686777912813, 25
 82.8877155975473, 69.6951180887365, 25
 82.6246169586798, 69.7005727659257, 25
 82.3615070634134, 69.7056344972768, 25
 82.098383672103, 69.7094779322121, 25
 81.8352279514668, 69.7104496813987, 25
 81.572071353197, 69.711398545406, 25
 81.3089216058469, 69.7108271004058, 25
 81.0457853954292, 69.707277234467, 25
 80.7826479214192, 69.7040202499889, 25
 80.519550558084, 69.6987883654482, 25
 80.2565054224192, 69.6910281111682, 25
 79.9934548351103, 69.6835228960708, 25
 79.7304922861757, 69.6736175718132, 25
 79.4676093121019, 69.6615595829303, 25
 79.2047167418684, 69.6497507041659, 25
 78.9419816866485, 69.6351760651082, 25
 78.6792689400899, 69.6187130528616, 25
 78.4167310528898, 69.6025258149679, 25
 78.1560224316238, 69.5834312413954, 25
 77.9078707371112, 69.5635825486512, 25
 77.6583762229694, 69.5439772105748, 25
 77.4094077250188, 69.5217638792479, 25
 77.1605886169564, 69.497506179088, 25
 76.9117418721321, 69.4734884421441, 25
 76.6631053992339, 69.4475119523494, 25
 76.4147526121167, 69.4188693719278, 25
 76.1664016319443, 69.3901953957996, 25
 75.9181863413207, 69.3604385615068, 25
 75.6703789839532, 69.3274261408359, 25
 75.4226298345103, 69.2939529933401, 25
 75.17492456116, 69.2601809223791, 25
 74.9277226458414, 69.2229328181677, 25
 74.6806827344418, 69.1845707411099, 25
 74.4336170407577, 69.1463799205343, 25
 74.1870678954372, 69.1051023280655, 25
 73.94079168571, 69.0617583038438, 25
 73.6947584407218, 69.0187871245178, 25
 73.4487032651156, 68.9735561516452, 25
 73.2152745820505, 68.9275797652374, 25
 72.9813983417573, 68.881667440886, 25
 72.7479923348016, 68.8350656553501, 25
 72.5152174776091, 68.7849745520719, 25
 72.2826636513398, 68.7339110760585, 25
 72.0500943039797, 68.6829141426281, 25
 71.8180620634968, 68.6295901950488, 25
 71.5867404174447, 68.57318652706, 25
 71.3553441268111, 68.5171101597922, 25
 71.1240770665828, 68.4605188913538, 25
 70.893998624691, 68.3992621039412, 25
 70.6639609387119, 68.3378500632017, 25
 70.4338427913961, 68.276722464417, 25
 70.2047143376775, 68.2120397365283, 25
 69.9762878579306, 68.1449111516586, 25
 69.7477748064685, 68.078070003669, 25
 69.5191299881207, 68.010361377153, 25
 69.2956301192213, 67.9388234877994, 25
 69.0801286196519, 67.869914146968, 25
 68.863310149506, 67.8009872515855, 25
 68.6479480314746, 67.7285724763289, 25
 68.4333011671143, 67.6538578225194, 25
 68.2186543590001, 67.579160355253, 25
 68.0041890295343, 67.5039575644612, 25
 67.7912103757713, 67.4246989021771, 25
 67.5786374601844, 67.3441227934782, 25
 67.3661974910667, 67.2640374026352, 25
 67.1536239255419, 67.181404826225, 25
 66.9509274656419, 67.0986675613779, 25
 66.7500061648793, 67.0162063843457, 25
 66.5488683742188, 66.9336981703008, 25
 66.3487854891523, 66.8487337142, 25
 66.1501785156516, 66.7603360228489, 25
 65.9514488179877, 66.6722133668057, 25
 65.7528187248336, 66.5838717383124, 25
 65.5556990497444, 66.4922604954198, 25
 65.3598691016428, 66.3978538240601, 25
 65.1638769711816, 66.3038065130982, 25
 64.9678414988985, 66.2098409439982, 25
 64.7743139710576, 66.1108403870102, 25
 64.5813716370549, 66.0106909755505, 25
 64.3883495196677, 65.910672298227, 25
 64.1953807370468, 65.8103393418996, 25
 64.006540264126, 65.704706499701, 25
 63.8252973626045, 65.603423487129, 25
 63.643160932902, 65.5018319084621, 25
 63.4620148117255, 65.3990919989714, 25
 63.2834036124278, 65.2918261533745, 25
 63.1050455033218, 65.1841767060042, 25
 62.926471092202, 65.076859138438, 25
 62.7490269476727, 64.9677414824328, 25
 62.5739581327516, 64.8548302820273, 25
 62.3994146420152, 64.7410862115469, 25
 62.2246002298649, 64.6277539187098, 25
 62.0510464540374, 64.5125440821897, 25
 61.8799867692703, 64.3936789169563, 25
 61.7095007567587, 64.2738346217472, 25
 61.5390094090154, 64.1544603801325, 25
 61.3688905371092, 64.0330183754305, 25
 61.2078692739316, 63.9120648208658, 25
 61.0487677144107, 63.7914611715292, 25
 60.8891903375485, 63.670743188631, 25
 60.7301005841714, 63.5495975573859, 25
 60.5746133773098, 63.4238192494637, 25
 60.4198277880867, 63.2971587429514, 25
 60.2649971627801, 63.1705655060262, 25
 60.1096750514537, 63.0445472492027, 25
 59.9588837662499, 62.9131934143519, 25
 59.8090846713663, 62.78066775899, 25
 59.6591386861978, 62.6483254550261, 25
 59.5088300025055, 62.5163721715096, 25
 59.3622763213067, 62.380327865474, 25
 59.217547023483, 62.2422927296554, 25
 59.0728863492177, 62.1041892966458, 25
 58.9279421493381, 61.9663710546609, 25
 58.785735527049, 61.825795091007, 25
 58.6463619744104, 61.682364356139, 25
 58.5073286848037, 61.5385929120321, 25
 58.3681158852778, 61.3949945439131, 25
 58.2303138411322, 61.2500827468355, 25
 58.0965654500812, 61.1014033778423, 25
 57.9634938843573, 60.9520919770519, 25
 57.8303746057086, 60.8028349015845, 25
 57.6969830125603, 60.6538072647457, 25
 57.5690890428027, 60.5000731284412, 25
 57.4423631620122, 60.345335977868, 25
 57.3154575290549, 60.1907618521971, 25
 57.1881499260913, 60.0364982963963, 25
 57.065118140731, 59.8788709697669, 25
 56.9446345131575, 59.7192367865066, 25
 56.8242820618995, 59.5595023435351, 25
 56.7037450806884, 59.3999023708241, 25
 56.5851754618979, 59.2388823265074, 25
 56.4710161222758, 59.0746811769177, 25
 56.3575275020881, 58.9099926835569, 25
 56.2440561472552, 58.7453043624894, 25
 56.1298784520204, 58.5810785680829, 25
 56.022046732707, 58.4126698737338, 25
 55.9157576529761, 58.2432425542945, 25
 55.8092112314214, 58.0739898136817, 25
 55.70244883132, 57.9048613689439, 25
 55.5987288171111, 57.7339079157145, 25
 55.4990426821754, 57.5605335663367, 25
 55.3998234810982, 57.3868757868541, 25
 55.3006869856896, 57.2131804717008, 25
 55.2007808201659, 57.0399018701624, 25
 55.1076333009923, 56.8629467620744, 25
 55.0160717876382, 56.6851278861249, 25
 54.9241850134123, 56.5074886779616, 25
 54.832212606767, 56.3298861154449, 25
 54.7424150527552, 56.1512179570541, 25
 54.6575029063357, 55.9701533253655, 25
 54.573350105569, 55.7887143559774, 25
 54.4891352758899, 55.6073130061574, 25
 54.4044461842447, 55.4261173805858, 25
 54.3244933889367, 55.2428405881916, 25
 54.2477363348073, 55.0581597540092, 25
 54.1710943041718, 54.8734255903934, 25
 54.0946203100003, 54.6886281089941, 25
 54.01737697892, 54.5041293904042, 25
 53.9467478899149, 54.3170511311948, 25
 53.8780512876373, 54.1291989246356, 25
 53.8090447327055, 53.9415377709387, 25
 53.7401929691681, 53.753555181102, 25
 53.6713226733553, 53.5665670650342, 25
 53.6068578530888, 53.3698452715217, 25
 53.5432279091375, 53.171195797336, 25
 53.4794176392813, 52.9729266643751, 25
 53.41568322933, 52.7745739210076, 25
 53.3526536303373, 52.5760196341445, 25
 53.2969159549897, 52.3752800950553, 25
 53.2410832821197, 52.1745685163827, 25
 53.185378295854, 51.9738210151633, 25
 53.1293629044299, 51.7731546920323, 25
 53.0749245322422, 51.5720822111072, 25
 53.0277602629823, 51.3691450438047, 25
 52.9796878339035, 51.1664266461782, 25
 52.9320086212141, 50.9636694630249, 25
 52.8836703282768, 50.76081983271, 25
 52.8382058713008, 50.5583282040757, 25
 52.7971455890848, 50.3500667451306, 25
 52.7551939368267, 50.1359271443809, 25
 52.7135248811394, 49.9227637066713, 25
 52.6715221769882, 49.7094217262482, 25
 52.6323079211249, 49.4956387320393, 25
 52.598147151656, 49.2809534298129, 25
 52.5644322532721, 49.0661922820348, 25
 52.5307014915041, 48.8514430737531, 25
 52.4967125942053, 48.6366407388383, 25
 52.4644570645129, 48.4221646105799, 25
 52.4386436453598, 48.2034312976913, 25
 52.4112805619425, 47.9769054590403, 25
 52.3842729142052, 47.7514627452903, 25
 52.3570765223994, 47.5257773718288, 25
 52.3318339537142, 47.2999430974757, 25
 52.3125291005086, 47.073494661768, 25
 52.2933733971712, 46.8470311903905, 25
 52.2743362842647, 46.6205575181821, 25
 52.2549927989842, 46.3941054434845, 25
 52.2376060985795, 46.1675221035243, 25
 52.225294576178, 45.9405962438372, 25
 52.2140827979197, 45.7136018055621, 25
 52.202723061885, 45.4866106846241, 25
 52.1913208451547, 45.2595666168939, 25
 52.1805782322604, 45.0330657375362, 25
 52.1746919688203, 44.8022906870503, 25
 52.1708803695111, 44.5633228339068, 25
 52.1668317726968, 44.325435986351, 25
 52.1628386176966, 44.0873542387286, 25
 52.1590061168634, 43.8492918199258, 25
 52.159373087512, 43.611226715226, 25
 52.1633296576807, 43.3731634593132, 25
 52.1668764015548, 43.1350768544843, 25
 52.1704780077625, 42.8970392750242, 25
 52.1739610321417, 42.6591851569159, 25
 52.1795823186498, 42.4183970030228, 25
 52.1916878102954, 42.1677260801621, 25
 52.2030688056157, 41.9181707698289, 25
 52.2145795144943, 41.668421782342, 25
 52.2259464313058, 41.4186752556757, 25
 52.2388316981637, 41.1690255933507, 25
 52.2569135072821, 40.9196913789843, 25
 52.275870642217, 40.6704110957795, 25
 52.2947734529724, 40.4211130804255, 25
 52.3137705044492, 40.1719157690628, 25
 52.3324043096992, 39.9223761925192, 25
 52.3563006565395, 39.6730755837201, 25
 52.3837866179376, 39.4107095149131, 25
 52.4111538153046, 39.1492314974801, 25
 52.4385559799728, 38.8874739730157, 25
 52.4657039367095, 38.6257142319371, 25
 52.4958709392165, 38.3643160969805, 25
 52.5303793478831, 38.1034314759447, 25
 52.564960047345, 37.8425587813797, 25
 52.5995270530021, 37.5816587852637, 25
 52.6341305726753, 37.3208248962946, 25
 52.6690732324014, 37.0604969304309, 25
 52.7101357540201, 36.7942317585447, 25
 52.7540889427328, 36.5192711233978, 25
 52.7978571950972, 36.2449462402658, 25
 52.8416046010151, 35.9706538600261, 25
 52.8853398712861, 35.6963385703541, 25
 52.9323808503705, 35.4225952025548, 25
 52.9833921480824, 35.149537389933, 25
 53.034098679158, 34.8764269478838, 25
 53.0847866943625, 34.6033129677146, 25
 53.1354752698362, 34.3301988838911, 25
 53.1869995332311, 34.0572505616926, 25
 53.2434686148178, 33.7852826601086, 25
 53.3008336058091, 33.5134917324027, 25
 53.3581929034185, 33.241706677589, 25
 53.4155360733605, 32.9699140417396, 25
 53.4727782742654, 32.6978464489131, 25
 53.5320487878641, 32.4274814012044, 25
 53.5991445953539, 32.1421346674286, 25
 53.6664841521855, 31.8561035120868, 25
 53.7339194426985, 31.5697936699747, 25
 53.8013765004461, 31.2835115742199, 25
 53.8689068259766, 30.9972533568598, 25
 53.9406660511829, 30.7120408111721, 25
 54.0146212611316, 30.4273714869252, 25
 54.088464860966, 30.1426728202309, 25
 54.1622965522542, 29.8579722282826, 25
 54.2362003595206, 29.5733721878611, 25
 54.3099683366924, 29.2885767041354, 25
 54.3912106917182, 29.0007266076915, 25
 54.4763264987129, 28.6991265590361, 25
 54.5612776112727, 28.3983565991493, 25
 54.6462202345498, 28.0976359247481, 25
 54.7311421704962, 27.7968970028439, 25
 54.818159849012, 27.4967720681202, 25
 54.9095309024216, 27.1979254809836, 25
 55.0006589635975, 26.8990062967835, 25
 55.0917918210958, 26.600091320828, 25
 55.1829096159857, 26.3012567196734, 25
 55.2740046203377, 26.0025252964275, 25
 55.3714079308972, 25.6962671727259, 25
 55.4751571778488, 25.3789910597456, 25
 55.5787068321909, 25.0620737459553, 25
 55.6822278258025, 24.7452201275387, 25
 55.7858007896454, 24.428387486197, 25
 55.8893830825758, 24.1115574025748, 25
 55.9990391472808, 23.796775623082, 25
 56.1085248551648, 23.4819363867468, 25
 56.218041985901, 23.1671077489361, 25
 56.3275590596054, 22.8522789777865, 25
 56.4370250104399, 22.5374318912307, 25
 56.5482442507386, 22.2232127458676, 25
 56.663563526583, 21.9104620624701, 25
 56.7787994339275, 21.5976818469138, 25
 56.8940495627758, 21.2849067734327, 25
 57.0093024331547, 20.972107556307, 25
 57.124558173156, 20.6590731628489, 25
 57.2419883535372, 20.3468219475883, 25
 57.3715377640539, 20.0134848317507, 25
 57.5008505803881, 19.6806429435094, 25
 57.6301850166279, 19.3477560425165, 25
 57.7595244719782, 19.0148600931489, 25
 57.8888651047577, 18.6819579539589, 25
 58.018556810229, 18.3489041931556, 25
 58.1493308635211, 18.0120568633798, 25
 58.2420112454451, 17.7649035700464, 25
 58.324598922976, 17.5429752055795, 25
 58.404221481274, 17.321210688782, 25
 58.4799719327903, 17.1079253128158, 25
 58.5545372628837, 16.8920596712107, 25
 58.6244833802485, 16.6825034782905, 25
 58.6926900974328, 16.4759352295081, 25
 58.7559074644015, 16.275297036032, 25
 58.8182484704076, 16.0771135628601, 25
 58.8772539810785, 15.8766550386276, 25
 58.9333071092271, 15.6840198665936, 25
 58.9867569554101, 15.4910022640895, 25
 59.0365565629492, 15.3045631855591, 25
 59.0844562453981, 15.1179381341884, 25
 59.1283161780868, 14.936953138628, 25
 59.1703944892852, 14.7556606113493, 25
 59.2080381983735, 14.5827137037148, 25
 59.242183535976, 14.4146087703706, 25
 59.2743806147936, 14.2467622834766, 25
 59.3028727117069, 14.0829494430927, 25
 59.3288182457594, 13.9180875303089, 25
 59.3517697202074, 13.7625252273746, 25
 59.3705681303955, 13.6075690739818, 25
 59.3861836536447, 13.4541827822403, 25
 59.3992917447739, 13.3093608580831, 25
 59.4083394241762, 13.1706109134097, 25
 59.4136018841022, 13.0313616401065, 25
 59.4156366114299, 12.8937079721207, 25
 59.4147648101705, 12.7645598615038, 25
 59.4111626811581, 12.6416156023113, 25
 59.4044151419566, 12.5238715706904, 25
 59.393738247861, 12.4120966662656, 25
 59.3790274900172, 12.3027059329537, 25
 59.3604392634559, 12.1926091105672, 25
 59.3381707110028, 12.0852412914737, 25
 59.3124100258098, 11.9835728087015, 25
 59.2833117664367, 11.8874422938191, 25
 59.250860781827, 11.7964390432156, 25
 59.214805580888, 11.710265230789, 25
 59.1752553894517, 11.6289293177234, 25
 59.1329984021474, 11.5529725051039, 25
 59.0882631590479, 11.4825092436483, 25
 59.0390421832827, 11.4159434371264, 25
 58.9833491671105, 11.3516890342806, 25
 58.9258278577116, 11.2931530838564, 25
 58.875712112227, 11.2471993919419, 25
 58.8374731316399, 11.2169616129105, 25
 58.8002841872007, 11.1936006642288, 25
 58.7506207784561, 11.1661418253556, 25
 58.6869322214108, 11.1320384247274, 25
 58.6232222431593, 11.0996921245015, 25
 58.5731550335226, 11.0775199822454, 25
 58.5327063241593, 11.0647514916831, 25
 58.4856005264083, 11.0542526870116, 25
 58.4191310480715, 11.0401665842827, 25
 58.3425261201714, 11.0247125494348, 25
 58.272816491372, 11.0129855931314, 25
 58.2184929039383, 11.0079831732776, 25
 58.1666862516361, 11.007453488742, 25
 58.1018600620997, 11.0084540114835, 25
 58.0213478071632, 11.0104664423158, 25
 57.9346984277878, 11.0152734329607, 25
 57.8494458988365, 11.0243013898936, 25
 57.764261825764, 11.0373900538334, 25
 57.676159679312, 11.054053772845, 25
 57.5851073454481, 11.0740610085743, 25
 57.4926224123184, 11.0973367577685, 25
 57.3984542110253, 11.1240634143328, 25
 57.3008990774198, 11.1546208151857, 25
 57.1997614234355, 11.1889490899378, 25
 57.0961602429733, 11.2266446409452, 25
 56.9891757878815, 11.2683172134243, 25
 56.8774883486179, 11.3148632944762, 25
 56.7657681548097, 11.3647498805636, 25
 56.6563436427334, 11.4169143523522, 25
 56.5429184340368, 11.4729226081359, 25
 56.4234880843071, 11.5338059858742, 25
 56.3009639396206, 11.5993022294822, 25
 56.1802530468582, 11.6672888899477, 25
 56.0590485047707, 11.7373447322816, 25
 55.9321278424153, 11.8118106877402, 25
 55.8002872142166, 11.8942166631202, 25
 55.6690767358954, 11.9777199582552, 25
 55.5355388159171, 12.0645138061783, 25
 55.3969214482596, 12.1583539147454, 25
 55.2598037782149, 12.2521232725803, 25
 55.1151591541893, 12.3548247987003, 25
 54.9702583343372, 12.4589378817391, 25
 54.8233548214337, 12.5678982838334, 25
 54.6753620229801, 12.6790814020528, 25
 54.526134037666, 12.794007772982, 25
 54.3740762070286, 12.9134337741228, 25
 54.2243367939427, 13.0325346001474, 25
 54.0732587636476, 13.1561840691839, 25
 53.9187071784612, 13.2832455392667, 25
 53.7636260834183, 13.4139712665557, 25
 53.6047291073601, 13.5489320733637, 25
 53.4444283300112, 13.6876230959484, 25
 53.2804824411344, 13.8321034048144, 25
 53.118775782365, 13.9756209092643, 25
 52.9524547482161, 14.1264679380449, 25
 52.7838213487375, 14.2796018012726, 25
 52.617491372491, 14.4346527084956, 25
 52.4437167911955, 14.5973209228443, 25
 52.2682189690076, 14.7636483929839, 25
 52.0876582520307, 14.9379299313224, 25
 51.9080359301103, 15.1116213853714, 25
 51.7302439562631, 15.2875087370569, 25
 51.5531588927965, 15.4627135715093, 25
 51.3715554720297, 15.6455872224156, 25
 51.1865708800482, 15.8333460586649, 25
 51.0024998643947, 16.0214753185511, 25
 50.8202405194919, 16.2111625765871, 25
 50.637631651182, 16.4007499791373, 25
 50.4553262278482, 16.5941866194559, 25
 50.26417281177, 16.7970873917592, 25
 50.0750148777096, 17.0003235852197, 25
 49.8866648642806, 17.2048442517224, 25
 49.6991289847153, 17.4086715904117, 25
 49.5023686748606, 17.6265898942983, 25
 49.3053937112232, 17.8446491242869, 25
 49.1096768554204, 18.0642291480809, 25
 48.9148645156929, 18.2844757049684, 25
 48.7204245170761, 18.5045620687258, 25
 48.521874807933, 18.7334037467938, 25
 48.3167054481129, 18.9696681467608, 25
 48.1132317139305, 19.2069405037405, 25
 47.9104521370692, 19.4447129977918, 25
 47.7082147304878, 19.6829423708621, 25
 47.5075816241672, 19.9224229932964, 25
 47.3070002257377, 20.1618094053516, 25
 47.1020135841616, 20.4093373613128, 25
 46.8897751442182, 20.6669851593952, 25
 46.6783045125782, 20.9247405838312, 25
 46.4684697982565, 21.1837433356692, 25
 46.2586014664172, 21.4427158684036, 25
 46.0502583805583, 21.7029155440277, 25
 45.842492860371, 21.9634668219174, 25
 45.6355318595377, 22.2236032526003, 25
 45.4195614560173, 22.4987130626246, 25
 45.199116699837, 22.7794498495812, 25
 44.9799645536439, 23.0614543593992, 25
 44.7615211558501, 23.3440061834998, 25
 44.5432589450194, 23.6266937567774, 25
 44.3268928116561, 23.9108363987849, 25
 44.1104252851841, 24.1949009098443, 25
 43.8951205794008, 24.4798371080953, 25
 43.680734691129, 24.7653830413606, 25
 43.4666412065344, 25.0506298484727, 25
 43.2443534474571, 25.3504329949909, 25
 43.0155508475152, 25.6594368398428, 25
 42.7875327832997, 25.9691698690818, 25
 42.5607108429856, 26.279784356101, 25
 42.3338194328485, 26.5903477029613, 25
 42.108825568747, 26.9022871715531, 25
 41.8840287632407, 27.2143693656182, 25
 41.6596460595011, 27.5267479739879, 25
 41.4368653869382, 27.8402729659503, 25
 41.2139993279224, 28.1537372615099, 25
 40.9923700948048, 28.4680748655524, 25
 40.7714975015932, 28.7829467716838, 25
 40.5506637386239, 29.0978463324697, 25
 40.3314028750971, 29.4138454374521, 25
 40.112448035705, 29.7300491895228, 25
 39.8940182120331, 30.0459139418528, 25
 39.6592335955754, 30.3892843969884, 25
 39.4240737889659, 30.7332447553434, 25
 39.1898764689093, 31.0778651801392, 25
 38.9567440715702, 31.4232065233176, 25
 38.723634476714, 31.7685628423491, 25
 38.492103132969, 32.1149779591922, 25
 38.2609614646318, 32.4616544282327, 25
 38.0300806955509, 32.8085038806013, 25
 37.8008357328948, 33.1564372717435, 25
 37.571678277325, 33.5044285398615, 25
 37.3431362022982, 33.8528226398862, 25
 37.1159212211711, 34.2020854130558, 25
 36.8886972481785, 34.5513423094859, 25
 36.6624914824272, 34.9012576644381, 25
 36.4371823638851, 35.2517528823049, 25
 36.2118541969268, 35.6022360665932, 25
 35.9878660882794, 35.9535771028788, 25
 35.7644342369246, 36.3053003178412, 25
 35.5407685321635, 36.6572940941798, 25
 35.3139785769666, 37.0177704506306, 25
 35.0717983210215, 37.4035715748946, 25
 34.8302226210508, 37.7886276684198, 25
 34.5905346128812, 38.1748398565095, 25
 34.3509281603764, 38.561104254352, 25
 34.1118047908248, 38.9476667255193, 25
 33.8742050890117, 39.335168916186, 25
 33.6366094309637, 39.7226735918548, 25
 33.3998830672138, 40.1107081912677, 25
 33.1643041213403, 40.4994422753486, 25
 32.9286704515469, 40.8881432379892, 25
 32.694293279243, 41.2776013766486, 25
 32.4606826149255, 41.6675214178473, 25
 32.2270617220833, 42.0574353379086, 25
 31.9948633800779, 42.4481966993677, 25
 31.7632005413269, 42.8392770805301, 25
 31.5315551266264, 43.2303678193414, 25
 31.3014263681044, 43.6223517899286, 25
 31.0717244180925, 44.0145871468642, 25
 30.842000012273, 44.4068094690725, 25
 30.6138820190954, 44.7999671713788, 25
 30.3861269280165, 45.1933362021652, 25
 30.1583212876285, 45.5866761351378, 25
 29.9321085058629, 45.9809330932684, 25
 29.7062831494436, 46.3754131061235, 25
 29.4804099261023, 46.7698658765867, 25
 29.2559814163628, 47.1651410339498, 25
 29.0320713553991, 47.5607113133074, 25
 28.8081366753667, 47.956267728754, 25
 28.5853738008127, 48.3524830293053, 25
 28.3633768831439, 48.7491229044664, 25
 28.1413289002432, 49.1458383725694, 25
 27.9173576700416, 49.5479393626943, 25
 27.6745533648034, 49.9866859742015, 25
 27.432418826719, 50.4241696944484, 25
 27.1913264755119, 50.8622005993259, 25
 26.9512940712777, 51.3008171006426, 25
 26.711259367751, 51.7394323321074, 25
 26.472342062623, 52.1786556820659, 25
 26.2343505284716, 52.6183828594952, 25
 25.9963542183702, 53.0581075533031, 25
 25.7595229861055, 53.4984592581622, 25
 25.5236073450078, 53.9393037006637, 25
 25.2876918037345, 54.3801481601797, 25
 25.0528364349717, 54.8215568309417, 25
 24.8189510555267, 55.2634817157083, 25
 24.5850743291373, 55.7054112111556, 25
 24.352107741221, 56.1478196854072, 25
 24.1202806745461, 56.5908278526415, 25
 23.8884448673419, 57.0338314077112, 25
 23.6572650556922, 57.4771763605422, 25
 23.4274877591997, 57.9212512087955, 25
 23.1976884859709, 58.3653145801409, 25
 22.9682723906279, 58.8095751438161, 25
 22.7404752093226, 59.2546688511211, 25
 22.5126927013726, 59.6997701150312, 25
 22.2850423046717, 60.1449386031925, 25
 22.0591471568668, 60.5910003413802, 25
 21.8333790853427, 61.0371267580555, 25
 21.6076016220225, 61.4832484539095, 25
 21.3834068835255, 61.9301666260905, 25
 21.1596464562874, 62.3773033568249, 25
 20.9358816796576, 62.8244379561916, 25
 20.7131389363503, 63.2720811356729, 25
 20.4913969961516, 63.7202223311401, 25
 20.2696458224389, 64.1683589378534, 25
 20.0482277741479, 64.6166594631794, 25
 19.8285382775098, 65.0658105238926, 25
 19.6087807457166, 65.5149283636849, 25
 19.3889618049967, 65.9640176442093, 25
 19.175516399998, 66.4160626781337, 25
 18.9633070742573, 66.868058744091, 25
 18.8103951845411, 67.2060906422695, 25
 18.7239463837047, 67.4076400286319, 25
 18.6285839217967, 67.6276379262158, 25
 18.5334189841313, 67.8469128301691, 25
 18.4438100718246, 68.0603523053575, 25
 18.3655502130015, 68.2609420365144, 25
 18.2854461366183, 68.4636615979723, 25
 18.2058873491754, 68.6655898724716, 25
 18.1264868861194, 68.8688588148848, 25
 18.0555672094916, 69.0666893566475, 25
 17.9867004572197, 69.2629104666778, 25
 17.9175070792224, 69.4595357834896, 25
 17.8481314785208, 69.6558583213759, 25
 17.7840210210347, 69.8542821713957, 25
 17.7252976641547, 70.0456998866079, 25
 17.6667128524102, 70.2368878436925, 25
 17.6080453860209, 70.4280139180812, 25
 17.5529899913441, 70.6205800122972, 25
 17.5065564676521, 70.8004745036865, 25
 17.4607323019013, 70.9795048521512, 25
 17.4142327254214, 71.1587739956992, 25
 17.3708087981901, 71.3394324464804, 25
 17.3334280297689, 71.5163995479973, 25
 17.2986335620686, 71.6909186796311, 25
 17.2623103711243, 71.8657140794044, 25
 17.2286819534978, 72.0417409246969, 25
 17.2025701077126, 72.2167093721652, 25
 17.1789549653538, 72.3809801634608, 25
 17.1551113497042, 72.5455017984302, 25
 17.1334109088691, 72.7121314308319, 25
 17.1181471213234, 72.8722799954579, 25
 17.1068907702294, 73.0265953891125, 25
 17.094493011419, 73.1827185591072, 25
 17.0831577848894, 73.3393677690987, 25
 17.0796364188299, 73.4890702645467, 25
 17.0800327287541, 73.6347610771275, 25
 17.078903353665, 73.782199249213, 25
 17.0790403649637, 73.9300877950282, 25
 17.0863694033695, 74.0718233708903, 25
 17.0978159065341, 74.208978947123, 25
 17.1079712494048, 74.3474313315359, 25
 17.1209383897401, 74.4872066914049, 25
 17.1390460739497, 74.6212755409947, 25
 17.1604941589087, 74.746935249395, 25
 17.1804892763561, 74.8726141755638, 25
 17.2036401280135, 74.9994487275204, 25
 17.234411816296, 75.1243195996548, 25
 17.2665094156959, 75.2443238723894, 25
 17.2982230261581, 75.3612602719966, 25
 17.3321938742904, 75.4785100095272, 25
 17.3715384110975, 75.5928589715587, 25
 17.4152213554298, 75.7034025963978, 25
 17.457037274299, 75.8144877965114, 25
 17.5013349101701, 75.9251921422112, 25
 17.5553512052619, 76.0320292771831, 25
 17.6106203076007, 76.1354354032411, 25
 17.6626137132446, 76.2362230192762, 25
 17.7190749948618, 76.3342273664877, 25
 17.7810015768808, 76.429526100353, 25
 17.8434014681406, 76.522459345817, 25
 17.9066814667313, 76.6132163496728, 25
 17.9732408540268, 76.7018235273565, 25
 18.0433898689798, 76.7879449850863, 25
 18.11645286302, 76.8716742008087, 25
 18.1907794927103, 76.9542190339637, 25
 18.2666914330581, 77.0351222363438, 25
 18.3469601960545, 77.1118230252791, 25
 18.4301601687719, 77.1855468171918, 25
 18.5124742128151, 77.2597295681978, 25
 18.5972451632737, 77.3317816697159, 25
 18.6887504624283, 77.3983955470361, 25
 18.7820587992696, 77.4642865921972, 25
 18.8738751566568, 77.531500762632, 25
 18.9686287201388, 77.5930426312123, 25
 19.067617512585, 77.6487978380605, 25
 19.168111737904, 77.7060884939494, 25
 19.2696602334908, 77.7631583783884, 25
 19.3732013629379, 77.8148860135017, 25
 19.4796808024019, 77.8638006205867, 25
 19.5886259267181, 77.9123756659902, 25
 19.6973635241576, 77.9595261657094, 25
 19.8080545567204, 78.0037888713192, 25
 19.9250876851826, 78.044548281372, 25
 20.0443678606201, 78.085462336407, 25
 20.1624298861219, 78.1265427931974, 25
 20.2812780877093, 78.1608537729294, 25
 20.4039512085355, 78.1915715474266, 25
 20.5314625955919, 78.2244685881906, 25
 20.6588449217289, 78.2558739391106, 25
 20.7882660779077, 78.2834537474506, 25
 20.9246746884993, 78.3081857519924, 25
 21.0622833972052, 78.3336587666577, 25
 21.1983156552432, 78.3570998824196, 25
 21.3355568178015, 78.3748185095954, 25
 21.4798490429984, 78.3913846176356, 25
 21.6264305548859, 78.4091334933061, 25
 21.7727521030951, 78.4249561744563, 25
 21.9237846273319, 78.434111496917, 25
 22.0758040985386, 78.4424970826704, 25
 22.2258901701459, 78.4517077898478, 25
 22.3783897491675, 78.4581993076618, 25
 22.5397550117093, 78.4594416041884, 25
 22.7016247992363, 78.4605027816974, 25
 22.8620152036605, 78.4617195674279, 25
 23.0251923978113, 78.4590310108621, 25
 23.1924547649211, 78.4520705204338, 25
 23.3589047414861, 78.4458644964801, 25
 23.5243469843884, 78.4394669452661, 25
 23.6999266744997, 78.4268461917512, 25
 23.8787800842863, 78.4120269179015, 25
 24.0567388332094, 78.3987040870821, 25
 24.234032158365, 78.3823782990009, 25
 24.4130646830157, 78.361219816334, 25
 24.5977761897165, 78.3398204191093, 25
 24.781328818161, 78.3180478806983, 25
 24.9650637520175, 78.2927517490163, 25
 25.1553248037879, 78.2638756913727, 25
 25.3455066717464, 78.2350271467354, 25
 25.5352659489095, 78.2059610356413, 25
 25.7316215391067, 78.1702432136149, 25
 25.9284049240471, 78.13403515783, 25
 26.125212871241, 78.0980457801111, 25
 26.3210516455945, 78.0594157025798, 25
 26.5244272213475, 78.0162006527678, 25
 26.7282275005983, 77.9727672838738, 25
 26.9319203138142, 77.9292796816464, 25
 27.1350844578288, 77.8811601488982, 25
 27.3469463520678, 77.8301638527966, 25
 27.557708016158, 77.7796693393117, 25
 27.7714746875423, 77.7264141582763, 25
 27.9917688311278, 77.6672584894581, 25
 28.211455435096, 77.608791761078, 25
 28.4301584781742, 77.5503401085505, 25
 28.6574839889561, 77.4848505634414, 25
 28.8861312925574, 77.4183496842675, 25
 29.1148093665112, 77.3518815719472, 25
 29.342668802669, 77.2828633674266, 25
 29.5696920107752, 77.2113258120741, 25
 29.7970250680451, 77.1399891107288, 25
 30.0244707465544, 77.0680693329213, 25
 30.2619784642163, 76.9881271785885, 25
 30.4987371769645, 76.9086505749164, 25
 30.7358674050442, 76.8293043129795, 25
 30.9715712594124, 76.7459965270389, 25
 31.2069990977455, 76.6620423611363, 25
 31.4428112272348, 76.5781392754977, 25
 31.6767904549445, 76.4925794004591, 25
 31.9223110412123, 76.4001434931684, 25
 32.1683984391658, 76.3075028743733, 25
 32.4144663322311, 76.2140456722161, 25
 32.6592253298782, 76.1173906423219, 25
 32.9038278218766, 76.0204954717249, 25
 33.1488746515736, 75.9237381274224, 25
 33.3923426016545, 75.8236443428629, 25
 33.6493773423051, 75.7170429821938, 25
 33.9057588835233, 75.6107818383942, 25
 34.1615292801655, 75.5024013941809, 25
 34.4164090511754, 75.3919478101267, 25
 34.671320504898, 75.281584930683, 25
 34.9258850297922, 75.1704338203271, 25
 35.179048446246, 75.0561112770821, 25
 35.4323034549644, 74.9419959451377, 25
 35.6853763480857, 74.8274797230444, 25
 35.9371798205557, 74.7102111579019, 25
 36.1886937019687, 74.592420749317, 25
 36.4406196928661, 74.4746664258319, 25
 36.6915383664969, 74.3542707595202, 25
 36.9567777737088, 74.2255374323894, 25
 37.2212022706367, 74.0971986437801, 25
 37.4850755445969, 73.9673277090629, 25
 37.7478194178375, 73.8351381177017, 25
 38.0106619734145, 73.7031560026649, 25
 38.272976098419, 73.5701399336566, 25
 38.5340101516439, 73.4346172391198, 25
 38.7950339286078, 73.2990755481382, 25
 39.0558495014405, 73.1631384239429, 25
 39.3151867965365, 73.0243999053165, 25
 39.5743834873405, 72.885395718987, 25
 39.8337059259124, 72.7466225422041, 25
 40.0912688207864, 72.604618244801, 25
 40.3486751364679, 72.4623265015689, 25
 40.6060432253627, 72.3199648660243, 25
 40.8623431007324, 72.175701148482, 25
 41.1178063257699, 72.0299475568675, 25
 41.3733581826546, 71.8843494985237, 25
 41.6281234101185, 71.7373923392003, 25
 41.8817174198224, 71.5884108721038, 25
 42.135332647202, 71.4394666047931, 25
 42.3885844599548, 71.2899121396164, 25
 42.6403168796466, 71.1378086728639, 25
 42.8919551543388, 70.9855483854523, 25
 43.1437042738442, 70.833468676923, 25
 43.3934301023092, 70.6780925303081, 25
 43.6431224433228, 70.5226619437188, 25
 43.8927541336906, 70.3671336954198, 25
 44.1410274130911, 70.2094559518874, 25
 44.3885861340084, 70.0506476986143, 25
 44.6362345905913, 69.8919785487269, 25
 44.8827434831748, 69.7315581784719, 25
 45.1281758470595, 69.5694827305132, 25
 45.3736559593569, 69.4074803527431, 25
 45.6184290512193, 69.2444223397323, 25
 45.8616414000926, 69.0790345732194, 25
 46.1048744727586, 68.9136777700355, 25
 46.3477816071821, 68.7478487155862, 25
 46.5886756793711, 68.5791021509058, 25
 46.8296071117144, 68.4104098653165, 25
 47.0702588100929, 68.2413168841034, 25
 47.3090055283374, 68.0695747557808, 25
 47.5473279225771, 67.8974960605677, 25
 47.7866050673898, 67.7249933658627, 25
 48.0104193434031, 67.5587187195679, 25
 48.2334970495503, 67.3927110886656, 25
 48.4562727680643, 67.2268800146265, 25
 48.6775231028674, 67.0589404199642, 25
 48.8977281006282, 66.8896134254661, 25
 49.1180298957017, 66.7204165144627, 25
 49.3372495092694, 66.5498256316538, 25
 49.5546449959672, 66.3769221566289, 25
 49.7721312676768, 66.2043628417433, 25
 49.98955735642, 66.0299375291118, 25
 50.1945679655536, 65.8617238523206, 25
 50.3980442678127, 65.6946181967466, 25
 50.6010483389853, 65.5272878998116, 25
 50.8017961589585, 65.3571283655029, 25
 51.0020736247235, 65.1866383271112, 25
 51.2033852685163, 65.0156479227317, 25
 51.3937285858746, 64.8489574012878, 25
 51.580969577338, 64.6834880662264, 25
 51.7684360645823, 64.5181813062515, 25
 51.9544218750583, 64.3510997057425, 25
 52.1385054998012, 64.1819666925601, 25
 52.3226241428988, 64.0129268453266, 25
 52.5065594122079, 63.8426133423662, 25
 52.6829007345384, 63.6742011065119, 25
 52.8542693477898, 63.5099849358193, 25
 53.0263395677738, 63.3452960647435, 25
 53.1954086743239, 63.1776669075834, 25
 53.3636462181334, 63.0091300922178, 25
 53.5320436560926, 62.8411360831085, 25
 53.6986328978177, 62.6698623813979, 25
 53.8565171717493, 62.5040692563223, 25
 54.0132247088804, 62.3395827966429, 25
 54.1686306123974, 62.1752496269721, 25
 54.3136565731266, 62.0142766511681, 25
 54.4597202069448, 61.8531466527132, 25
 54.6055960518731, 61.6910979098513, 25
 54.7456094196449, 61.5303880833863, 25
 54.8801373867734, 61.3723963102541, 25
 55.0159632939388, 61.2144138408992, 25
 55.1496732340092, 61.053673239744, 25
 55.2769254294934, 60.895607709877, 25
 55.4017421280051, 60.7404644408736, 25
 55.5270474950503, 60.5833280722312, 25
 55.6452682138372, 60.4283943080974, 25
 55.7599008598481, 60.2747492215549, 25
 55.8760024139769, 60.1214363015204, 25
 55.9890935757131, 59.9651080398399, 25
 56.096504491153, 59.809555014911, 25
 56.2020952726585, 59.658619574087, 25
 56.3069717111482, 59.5051831938356, 25
 56.4065991111813, 59.3508198693313, 25
 56.5021863468631, 59.2007594479424, 25
 56.5981073579085, 59.0500019708839, 25
 56.6903454934353, 58.8968006592075, 25
 56.776838852385, 58.7467392256465, 25
 56.8628006130412, 58.5981433388357, 25
 56.9472925766676, 58.4462921618619, 25
 57.0249377152843, 58.2971658837832, 25
 57.0976717630667, 58.1547903257494, 25
 57.1711850862433, 58.0110655900056, 25
 57.239692895691, 57.8644606968053, 25
 57.3034355400322, 57.7200100575465, 25
 57.3671221408984, 57.578232346139, 25
 57.4292755813638, 57.4343699784024, 25
 57.483388167163, 57.2873366910545, 25
 57.5346785221857, 57.1479465157169, 25
 57.5848343978023, 57.0100027145218, 25
 57.6304606354482, 56.8711871247571, 25
 57.6692013823931, 56.7377526946755, 25
 57.7086100198267, 56.605598886481, 25
 57.74562636407, 56.4709298553622, 25
 57.7751290141955, 56.3349908950753, 25
 57.8025708930848, 56.2047577287964, 25
 57.8284612526825, 56.0763192863304, 25
 57.8504310307003, 55.9462905583054, 25
 57.8666732232725, 55.8205960793647, 25
 57.8809292790395, 55.6971138566131, 25
 57.8955039420944, 55.5723926877861, 25
 57.9027729194816, 55.4507587383734, 25
 57.904207269441, 55.3324642476795, 25
 57.9079621449918, 55.2138172635155, 25
 57.9082611233299, 55.0944560740248, 25
 57.9000457985981, 54.9754677061973, 25
 57.8907986064184, 54.8583198317351, 25
 57.8813560282056, 54.7427244592814, 25
 57.8656913001729, 54.6271404434176, 25
 57.8456480838032, 54.5134541910717, 25
 57.824937480486, 54.4037821059132, 25
 57.8016248315765, 54.2960484340389, 25
 57.7739438544884, 54.1886083251819, 25
 57.7424302797497, 54.0820405444105, 25
 57.7079791632621, 53.9764301189492, 25
 57.6714384135263, 53.8712639921732, 25
 57.6317289136567, 53.7678589378229, 25
 57.5873137843539, 53.6680726529837, 25
 57.5409258643517, 53.5702095005338, 25
 57.4947552815048, 53.4722839435395, 25
 57.443660731751, 53.3757930665553, 25
 57.3852419114245, 53.2814078643461, 25
 57.3266656768159, 53.1863293873358, 25
 57.2691865563677, 53.0911777500612, 25
 57.2052406317815, 53.0011611735345, 25
 57.1352574161693, 52.9146305585162, 25
 57.0653143942873, 52.8255825516592, 25
 56.9943526106344, 52.7366313822684, 25
 56.919056357999, 52.6522639733785, 25
 56.8397145185288, 52.5697210113841, 25
 56.7580069317331, 52.4866854762263, 25
 56.6763806767188, 52.404488567027, 25
 56.5923160874828, 52.3242421609623, 25
 56.5004831389535, 52.2461846513792, 25
 56.405354114057, 52.1682113203296, 25
 56.3117687072083, 52.0897310516446, 25
 56.216577360011, 52.0152929000104, 25
 56.1168499349381, 51.9445047239521, 25
 56.0117742297917, 51.8728134617659, 25
 55.9055632264482, 51.7991141833137, 25
 55.7999721832318, 51.7265593210782, 25
 55.6911812593913, 51.6612446444803, 25
 55.5771193352837, 51.5979673389282, 25
 55.4593136705394, 51.5308937523021, 25
 55.3430563374794, 51.4632728180739, 25
 55.2220049745394, 51.3986664676856, 25
 55.0920847165096, 51.3377287258151, 25
 54.9625256989099, 51.2769373392253, 25
 54.8339773824734, 51.2145396020418, 25
 54.704680673373, 51.1543707851459, 25
 54.573017806512, 51.1010834788617, 25
 54.4345742297505, 51.0468228349683, 25
 54.2926491014719, 50.9900247197747, 25
 54.1521102571203, 50.9347015015125, 25
 54.0106101778203, 50.8833045903719, 25
 53.8601315474552, 50.8328188193071, 25
 53.7058506784961, 50.7825054550092, 25
 53.5529644457734, 50.7315091503024, 25
 53.3997546800991, 50.6813249507896, 25
 53.245308515308, 50.6382444182571, 25
 53.0813744736388, 50.5938077579561, 25
 52.9136409100111, 50.5481876790818, 25
 52.749049412114, 50.5026300727191, 25
 52.5785737901627, 50.4589298274758, 25
 52.3964283411923, 50.4190599369568, 25
 52.2159935030587, 50.3786954962883, 25
 52.0351897555699, 50.338328122491, 25
 51.8544406183857, 50.2979260206899, 25
 51.6728164095731, 50.2640102046833, 25
 51.4841664315864, 50.2302066693712, 25
 51.2947452477353, 50.1962012071031, 25
 51.1051662930564, 50.1620090796538, 25
 50.9171863483903, 50.1301219505382, 25
 50.7149691554908, 50.1007615681482, 25
 50.5071286660624, 50.0715954345062, 25
 50.303537417773, 50.0428288933396, 25
 50.089398704428, 50.012617180124, 25
 50.0030518900821, 50.0004303177218, 25
