#        X[        Y,    DeltaTime
 50, 50, 25
 50.2460748383678, 50.9692508312724, 25
 50.3816460114245, 51.4788196035877, 25
 50.4919608935518, 51.88652819583, 25
 50.6024929855047, 52.2885730945756, 25
 50.7178584888011, 52.6889553875208, 25
 50.8332814614741, 53.0893271286349, 25
 50.9482075728149, 53.4724481274823, 25
 51.0609167584287, 53.8401935141141, 25
 51.1737377830002, 54.2078759014582, 25
 51.2925203642596, 54.5736853250474, 25
 51.4115533087332, 54.9394168497544, 25
 51.532780819646, 55.3044132717736, 25
 51.6584460373572, 55.6679217116283, 25
 51.7841373740022, 56.0314164186183, 25
 51.9152220294574, 56.3929790282173, 25
 52.0471053695026, 56.7540891866987, 25
 52.1816535069917, 57.1122803943191, 25
 52.3102045357689, 57.4442719569005, 25
 52.439429778125, 57.7772011083829, 25
 52.5743798592799, 58.1078730405806, 25
 52.7094604816261, 58.4384870643188, 25
 52.8487671488699, 58.7673178497517, 25
 52.9905909156041, 59.0951308846189, 25
 53.1346240262837, 59.4230290989591, 25
 53.2741875849524, 59.7284165276402, 25
 53.412917616114, 60.0318686314091, 25
 53.5570889369162, 60.3324175587014, 25
 53.701694639466, 60.6327552439621, 25
 53.8507697171453, 60.9308810701002, 25
 54.0017864472806, 61.2277471276878, 25
 54.1538275082082, 61.52034277328, 25
 54.3013566651079, 61.7944631807364, 25
 54.4503710813255, 62.0691478205969, 25
 54.6042083242384, 62.3411811499202, 25
 54.7588336137607, 62.6127153786396, 25
 54.918401387305, 62.881308993403, 25
 55.0791788876768, 63.150402134417, 25
 55.2363060041823, 63.401161945761, 25
 55.3927278112488, 63.6505973907289, 25
 55.5545283861321, 63.8961501504745, 25
 55.7167201155225, 64.1414794824369, 25
 55.8842293913768, 64.3831790380602, 25
 56.0533166832451, 64.6250110500888, 25
 56.2192205568568, 64.8523371947649, 25
 56.3843699944639, 65.0757733566656, 25
 56.553627718539, 65.2959108308626, 25
 56.7243415262194, 65.5150651497002, 25
 56.899711541619, 65.7301602527117, 25
 57.0770713741802, 65.9445561013837, 25
 57.2489162647448, 66.143967202061, 25
 57.4230499271718, 66.3417239124139, 25
 57.600079572187, 66.5361274348379, 25
 57.7795871976307, 66.7268114283783, 25
 57.9526887527711, 66.9058289671131, 25
 58.1297840710813, 67.0826363512278, 25
 58.3091008484534, 67.2567981307464, 25
 58.4921272008882, 67.4275217813788, 25
 58.674576720357, 67.5928997920185, 25
 58.8533487704006, 67.7485726496645, 25
 59.0353996879768, 67.9023007966156, 25
 59.2205748539611, 68.0519153427231, 25
 59.4079655888821, 68.1992289478517, 25
 59.5968577056434, 68.3394030038135, 25
 59.7800539755726, 68.4717552587798, 25
 59.968450786695, 68.6009202563568, 25
 60.1524848739572, 68.7217521342559, 25
 60.3358777311835, 68.8376811833582, 25
 60.5225640588109, 68.948988945512, 25
 60.7118060583601, 69.0560991498518, 25
 60.8952517208827, 69.1546960324006, 25
 61.081091419295, 69.2491313889039, 25
 61.2686106284005, 69.3387832597197, 25
 61.4496422676831, 69.4201142744576, 25
 61.6376108514813, 69.4992561728774, 25
 61.8099644757971, 69.5678341077916, 25
 61.8958369953053, 69.5997689400253, 25
 62.0282826097475, 69.6492298285973, 25
 62.154827737919, 69.7004310067982, 25
 62.1930936266427, 69.7195689554064, 25
 62.1765341487674, 69.7238773770922, 25
 62.2286970131099, 69.760980197262, 25
 62.2565295308045, 69.7873823839085, 25
 62.2393812729163, 69.7935828640276, 25
 62.1989614284195, 69.7898794695281, 25
 62.1567760703176, 69.7864350510005, 25
 62.1225997601905, 69.7872236471189, 25
 62.096176924332, 69.7909280243125, 25
 62.0769289920827, 69.7960605560131, 25
 62.064277392783, 69.8011336156526, 25
 62.0576435557736, 69.8046595766631, 25
 62.0564060648329, 69.8052486837736, 25
 62.0593939487359, 69.8027665196868, 25
 62.065055605322, 69.7979481350648, 25
 62.071831806841, 69.7915459995579, 25
 62.0781633255428, 69.7843125828163, 25
 62.0824909336771, 69.7770003544903, 25
 62.083255403494, 69.7703617842301, 25
 62.078897507243, 69.7651493416861, 25
 62.0678580171742, 69.7621154965084, 25
 62.0485965636998, 69.7620070479126, 25
 62.0220982868097, 69.7648114031415, 25
 61.9943900911792, 69.7689999682058, 25
 61.972097715452, 69.7728640865609, 25
 61.9618468982714, 69.7746951016619, 25
 61.9694371867976, 69.7729367508061, 25
 61.9797546781457, 69.7698903286028, 25
 61.9556517840587, 69.771921318207, 25
 61.8729512272821, 69.7833745644354, 25
 61.8110444202715, 69.7922370318224, 25
 61.7647243737272, 69.7984999923655, 25
 61.5288812560119, 69.832777191948, 25
 61.270809039542, 69.8737287968066, 25
 61.0132828311414, 69.9181521875311, 25
 60.7462442653783, 69.9679416045195, 25
 60.473443454932, 70.0221988291463, 25
 60.2025218089583, 70.0794524478414, 25
 59.9212836441916, 70.1423745789033, 25
 59.635583660688, 70.2096500550537, 25
 59.3393408641375, 70.2824035340057, 25
 59.0362975277508, 70.3603321153571, 25
 58.7345638470702, 70.4408620702884, 25
 58.4130786898992, 70.5296406351215, 25
 58.0927898126891, 70.6214273152598, 25
 57.7732217926805, 70.7160821339452, 25
 57.4553866370926, 70.8123291381282, 25
 57.1176291787664, 70.9180166937591, 25
 56.7779163800153, 71.0272065198407, 25
 56.4383953371426, 71.1380814426673, 25
 56.0890101186305, 71.2564406510223, 25
 55.7249326291696, 71.3813610901986, 25
 55.3620407376494, 71.5088768312037, 25
 55.0002337754457, 71.6390607348323, 25
 54.6400679947724, 71.7701931706068, 25
 54.255460408079, 71.9141711941845, 25
 53.8659145886206, 72.0612980943979, 25
 53.4773990888588, 72.2118073960514, 25
 53.0893819555029, 72.3636124582949, 25
 52.7024647180625, 72.5181128888875, 25
 52.316072188431, 72.6741532870026, 25
 51.8956694907632, 72.8467533458906, 25
 51.476012062917, 73.021600458674, 25
 51.0572213298322, 73.1983245959675, 25
 50.6394164490139, 73.377339832167, 25
 50.222267289691, 73.5578887573047, 25
 49.8060925690892, 73.740639979197, 25
 49.3906942724522, 73.9250619543997, 25
 48.973655299655, 74.1120803800724, 25
 48.5174678458619, 74.3194760574623, 25
 48.0628929285684, 74.5278568498483, 25
 47.6095361392256, 74.7387266289866, 25
 47.1566132786075, 74.9505224624165, 25
 46.7050644336527, 75.1652405988728, 25
 46.2535911715033, 75.3801151832227, 25
 45.803823238571, 75.5985388658935, 25
 45.3540463864899, 75.8169433478527, 25
 44.9056249659135, 76.0380896255166, 25
 44.4574201370944, 76.2601933094246, 25
 43.9969602466665, 76.4900410147704, 25
 43.5004918675727, 76.7409892193398, 25
 43.0048557881351, 76.991897730414, 25
 42.5110004029561, 77.2463576914316, 25
 42.0170962060248, 77.5007210134401, 25
 41.5246919849363, 77.7579700675017, 25
 41.0327188155035, 78.0160480767901, 25
 40.5413787542679, 78.2753225527919, 25
 40.0513004448872, 78.5369812194315, 25
 39.5611865122664, 78.7985735046176, 25
 39.072676868209, 79.0631517353606, 25
 38.5845697792002, 79.3282364753436, 25
 38.0951144490065, 79.5949355800954, 25
 37.5470436042221, 79.8975608072476, 25
 36.9998858167366, 80.1995613875416, 25
 36.4543749393308, 80.5045872485592, 25
 35.9092907683888, 80.8103784659685, 25
 35.3647484433314, 81.1171280518416, 25
 34.8217241626061, 81.4265627519047, 25
 34.2786762373567, 81.7359556217938, 25
 33.7370109095393, 82.0477570994726, 25
 33.1959761829249, 82.3606571661028, 25
 32.655047351042, 82.6737389499171, 25
 32.1159084606307, 82.9898933186461, 25
 31.5768559742574, 83.3061961051925, 25
 31.0382490666081, 83.6232527627263, 25
 30.501184380529, 83.9429235432717, 25
 29.9640978075661, 84.2625489451937, 25
 29.3997823546499, 84.600253515501, 25
 28.7886031607928, 84.9689533372992, 25
 28.1769670427484, 85.3378834668287, 25
 27.5670914565994, 85.709707357565, 25
 26.9576713690636, 86.0822811605816, 25
 26.3484431878016, 86.4551668456267, 25
 25.7412010107468, 86.8312801647696, 25
 25.133931288996, 87.2073510188445, 25
 24.5259178001266, 87.5820701204009, 25
 23.9342781577735, 87.9364511613894, 25
 23.6886146019634, 88.079827247319, 25
 23.4162145134218, 88.2304710310961, 25
 23.172465532643, 88.3637950342909, 25
 22.9449227604734, 88.4801713259858, 25
 22.7209548861462, 88.5924210366051, 25
 22.5013009911179, 88.6948045166518, 25
 22.2931817864376, 88.7866925743258, 25
 22.0980261021786, 88.8663718254593, 25
 21.9100009239334, 88.9349250692995, 25
 21.7354232475011, 88.9935324044472, 25
 21.5710109268912, 89.0386639176165, 25
 21.4062634143439, 89.0727324813794, 25
 21.2636929228149, 89.0939153742069, 25
 21.1348870110549, 89.1031028686709, 25
 21.0173732017526, 89.1002292889191, 25
 20.9114978643604, 89.0850675414387, 25
 20.8172114655841, 89.0578192552096, 25
 20.7345975251375, 89.0194232608897, 25
 20.6639342431782, 88.9716359442559, 25
 20.6050501218108, 88.9160188467368, 25
 20.5568534648463, 88.8536516902915, 25
 20.518170845302, 88.7855397529865, 25
 20.488060918163, 88.712543366659, 25
 20.4656988990932, 88.6354448879101, 25
 20.4503019448038, 88.5543070953062, 25
 20.4411692074378, 88.4677573304879, 25
 20.4376920192559, 88.3744245606575, 25
 20.4397357877657, 88.2739275187643, 25
 20.4473133251172, 88.1659662507848, 25
 20.4602965534648, 88.0484715323268, 25
 20.4792573342907, 87.9178982343807, 25
 20.5068356594725, 87.7695696087946, 25
 20.5414611573099, 87.6172488809547, 25
 20.5809269211855, 87.4645972118712, 25
 20.6273421477592, 87.2918802660696, 25
 20.6809266693577, 87.1223340664149, 25
 20.7397588620516, 86.9375317715722, 25
 20.814379330441, 86.7261739374775, 25
 20.891087405814, 86.5120988229079, 25
 20.9742289903279, 86.2974841758445, 25
 21.0653188912364, 86.0653151382282, 25
 21.1669051838008, 85.8185695283874, 25
 21.2750361831049, 85.5595466574074, 25
 21.4004904556929, 85.271147966038, 25
 21.5279074150953, 84.9830446595176, 25
 21.6655064602596, 84.6782088894006, 25
 21.8132862388293, 84.3578530146069, 25
 21.9756312718352, 84.0096725086151, 25
 22.1530319837483, 83.6360842231088, 25
 22.3396282272372, 83.2475731162816, 25
 22.5389290865965, 82.8359790878833, 25
 22.7597334588665, 82.3855885209291, 25
 22.9928118269807, 81.9134472442106, 25
 23.2402907696693, 81.414612023415, 25
 23.5254711927767, 80.8424498510972, 25
 23.9079149670599, 80.0779645438259, 25
 24.3565550501242, 79.1819555485455, 25
 24.8036724653657, 78.2872762269863, 25
 25.2105273749264, 77.4697752294735, 25
 25.5506138609834, 76.7826667626754, 25
 25.8608355113988, 76.1524750161207, 25
 26.1346554105783, 75.5933737201371, 25
 26.4076142030709, 75.031088228103, 25
 26.6793837370135, 74.4682642626414, 25
 26.9497007562457, 73.9047511378861, 25
 27.1973141453544, 73.3828579538143, 25
 27.4347658808757, 72.8804616722163, 25
 27.6698262455964, 72.3770934309658, 25
 27.9038295215048, 71.8732262476998, 25
 28.135831060075, 71.3684319534298, 25
 28.3660747822081, 70.8628290325769, 25
 28.594621486883, 70.35693266918, 25
 28.8099522901704, 69.8738720110347, 25
 29.0127028626798, 69.4163816611934, 25
 29.2130009511355, 68.9582321954179, 25
 29.4120446927135, 68.4995591884088, 25
 29.6090583106219, 68.0400144201736, 25
 29.8043211789748, 67.5797186587064, 25
 29.9979437233874, 67.1187352996668, 25
 30.1891627125967, 66.6567448139541, 25
 30.3792800582958, 66.1943042830175, 25
 30.5661508198416, 65.7305375148804, 25
 30.7526562929026, 65.2666270158538, 25
 30.9348534091258, 64.8010324208245, 25
 31.1172222526051, 64.3348323851071, 25
 31.2837755745164, 63.8973688596986, 25
 31.445206931024, 63.4720211263689, 25
 31.6039032219203, 63.0460728119164, 25
 31.7604637370658, 62.6193410966758, 25
 31.9163030777996, 62.1923491916971, 25
 32.0679912685398, 61.763861686351, 25
 32.2195863373958, 61.3353401606001, 25
 32.3674248993149, 60.905516097308, 25
 32.5137046373472, 60.4751517711801, 25
 32.658639815224, 60.0443397295871, 25
 32.7992958489228, 59.6121192423491, 25
 32.9400364135342, 59.1802664004968, 25
 33.0720954306938, 58.7583943307916, 25
 33.1953775123278, 58.36118490096, 25
 33.3180067362592, 57.9630154499102, 25
 33.4358227905432, 57.5633543014552, 25
 33.5535953823987, 57.163678319041, 25
 33.6686132398894, 56.7632133840291, 25
 33.7802934143101, 56.361792530444, 25
 33.8920065913277, 55.9603806566911, 25
 33.998786263338, 55.5576384011519, 25
 34.1040967753487, 55.1545003859829, 25
 34.2086557864202, 54.7511719543563, 25
 34.3075560194822, 54.3464160912128, 25
 34.4060504342815, 53.9415589096752, 25
 34.5021572612079, 53.5361435220018, 25
 34.593530131409, 53.1296277824039, 25
 34.6849539461993, 52.7231043600844, 25
 34.7680648765045, 52.331849685754, 25
 34.8455518847291, 51.9551060004522, 25
 34.9231494549432, 51.5784108065831, 25
 34.9950202664037, 51.2005849994134, 25
 35.0652127371642, 50.8224288347117, 25
 35.135536300104, 50.4442957639817, 25
 35.1990802164656, 50.0649750160262, 25
 35.2616574883125, 49.6854854204287, 25
 35.3237667419905, 49.305922200071, 25
 35.3792381468559, 48.9253340657134, 25
 35.4337251905043, 48.5445635847671, 25
 35.4879213369166, 48.1634838680929, 25
 35.5322141532186, 47.7972642941664, 25
 35.5749435251165, 47.4426456359529, 25
 35.6172067611754, 47.0880528722339, 25
 35.6526061033185, 46.7326836230976, 25
 35.6871441057698, 46.377216086981, 25
 35.7217706109586, 46.0217542596924, 25
 35.749006253015, 45.6656655886069, 25
 35.7748532894711, 45.3094591970233, 25
 35.8006699253385, 44.9532511278966, 25
 35.8199792750438, 44.596653704211, 25
 35.8368359931426, 44.239909142334, 25
 35.8538996107875, 43.8831701375491, 25
 35.8645414562229, 43.5262099982476, 25
 35.8718384575991, 43.1691126717787, 25
 35.8791800946413, 42.8120783111698, 25
 35.8814719200193, 42.4647830957453, 25
 35.8789452900793, 42.1320357548467, 25
 35.8765745513876, 41.7987980042598, 25
 35.8716245758248, 41.4655318408818, 25
 35.859809945309, 41.1324093015467, 25
 35.847862365793, 40.7992902947261, 25
 35.8354734975924, 40.4661934021637, 25
 35.8142687085846, 40.1335457466314, 25
 35.7924125217699, 39.800931299043, 25
 35.7707925377086, 39.4682946032598, 25
 35.7415968796705, 39.1362764986859, 25
 35.7092427032608, 38.804516381288, 25
 35.6769623135528, 38.4727493238801, 25
 35.6407613475961, 38.1414291838643, 25
 35.5973778437419, 37.8109261765277, 25
 35.5542178712058, 37.4803292415545, 25
 35.5095916319133, 37.1492665337107, 25
 35.4580550764254, 36.8342728817158, 25
 35.4073132289355, 36.5258479569224, 25
 35.3565566328879, 36.2175675609153, 25
 35.2990865616225, 35.9104462955606, 25
 35.2375601884803, 35.6040584050317, 25
 35.1760520722651, 35.2976731529305, 25
 35.1130332349773, 34.9916196474776, 25
 35.0406234991473, 34.687622016011, 25
 34.96830696335, 34.3836055255415, 25
 34.8960072670449, 34.0795847760527, 25
 34.8164255005679, 33.7774371501408, 25
 34.7328333626959, 33.4763208815039, 25
 34.6492392640285, 33.1752119862495, 25
 34.5643630912316, 32.874485207291, 25
 34.469140225674, 32.5768360815469, 25
 34.3743779628422, 32.2790518048492, 25
 34.2797003338505, 31.9812382456248, 25
 34.177469021262, 31.6859891435572, 25
 34.0710976068464, 31.3921457078397, 25
 33.9647281707214, 31.0983095575246, 25
 33.8574529922047, 30.804822185869, 25
 33.7392144064229, 30.5155369949288, 25
 33.6214955005215, 30.2260071482411, 25
 33.503956907658, 29.9366003080154, 25
 33.3814244262959, 29.6543564164791, 25
 33.2599322937153, 29.3876848382885, 25
 33.1381776659002, 29.1199449519422, 25
 33.0169426742184, 28.8519414124062, 25
 32.8858820396194, 28.5886702608804, 25
 32.753509892721, 28.3260268389107, 25
 32.6210739545258, 28.0634124919489, 25
 32.4876118472441, 27.8013427566704, 25
 32.34514543026, 27.5440499213914, 25
 32.2021274951286, 27.2870482912337, 25
 32.0590359049746, 27.0300826569655, 25
 31.9135373987021, 26.7745251209338, 25
 31.7603538631026, 26.5234611064861, 25
 31.6067330598845, 26.272650584693, 25
 31.45304966102, 26.0218779180602, 25
 31.296666719482, 25.7728367768211, 25
 31.1326026128819, 25.528729539163, 25
 30.968675327837, 25.2846146552374, 25
 30.8045203544731, 25.0403760764483, 25
 30.6354775625643, 24.7947571158549, 25
 30.4495343005676, 24.5423947872374, 25
 30.264635063349, 24.290444907831, 25
 30.0797805966093, 24.0385007634465, 25
 29.8895708629581, 23.7906421436611, 25
 29.6941369980592, 23.5467852446513, 25
 29.4989305538436, 23.3027538005471, 25
 29.3037645986649, 23.0586909616686, 25
 29.1015953760566, 22.8204693719865, 25
 28.8965086845687, 22.5846815560429, 25
 28.6914139382297, 22.3489003096065, 25
 28.4865615879184, 22.1129013204537, 25
 28.273549306589, 21.8842957506245, 25
 28.0591545433865, 21.6569434035035, 25
 27.8445799003438, 21.4297581347839, 25
 27.6303846397582, 21.2022009835902, 25
 27.4081057949469, 20.9825867246944, 25
 27.1847005746944, 20.7640793453459, 25
 26.9611983031665, 20.5456713117036, 25
 26.7376261241734, 20.3273375912434, 25
 26.5078372928431, 20.1156165641509, 25
 26.2758391724873, 19.9062350620681, 25
 26.0440050204449, 19.6968019454328, 25
 25.8129419930376, 19.4876009975892, 25
 25.5655093777756, 19.2756178471615, 25
 25.3097413145004, 19.061934696183, 25
 25.0538529978166, 18.8482487324317, 25
 24.7980449750995, 18.6345262853508, 25
 24.5371898868575, 18.4270917473331, 25
 24.2733607403837, 18.2233578853193, 25
 24.0096349179899, 18.0194949018658, 25
 23.7461146439726, 17.8153569672396, 25
 23.4780534919158, 17.6173217924588, 25
 23.2069336316621, 17.423397318066, 25
 22.935901837876, 17.2293530233455, 25
 22.6649748668396, 17.0351568452067, 25
 22.3911294403835, 16.8451956499427, 25
 22.1133011180187, 16.6610112128384, 25
 21.8354858462374, 16.4767849077515, 25
 21.5576780921048, 16.2926028070172, 25
 21.2799430466775, 16.1105834567658, 25
 20.9786903186817, 15.9248592665536, 25
 20.6746132640127, 15.7380622324719, 25
 20.3702961299823, 15.5511678075137, 25
 20.0658071656589, 15.364529615437, 25
 19.7557122616887, 15.1873729435201, 25
 19.4453150558837, 15.0107280250938, 25
 19.134867661546, 14.8341687902909, 25
 18.8244769263579, 14.6575055039021, 25
 18.510012646203, 14.4882832099977, 25
 18.193961651499, 14.3219598347948, 25
 17.8779499819375, 14.1555687351495, 25
 17.5619531438009, 13.9891566697168, 25
 17.2440693803924, 13.8260379508243, 25
 16.9202562088771, 13.6670477647035, 25
 16.6680360108917, 13.5510874768106, 25
 16.4258652493495, 13.4424047638303, 25
 16.1959794561209, 13.3464081823017, 25
 15.9742059647966, 13.2579441880775, 25
 15.7747900021665, 13.1860818223227, 25
 15.5771638731044, 13.1193205084165, 25
 15.3980191037375, 13.0664268324313, 25
 15.2178960290258, 13.0215083152076, 25
 15.0512760787243, 12.9852957682507, 25
 14.9063267903098, 12.9624617710773, 25
 14.7693967559547, 12.9523461249667, 25
 14.6293566293395, 12.9524760027922, 25
 14.500589066407, 12.9654197495089, 25
 14.3892774511981, 12.9912381538853, 25
 14.2927090048863, 13.0282975612519, 25
 14.2099192068896, 13.0784569599271, 25
 14.1413393549254, 13.1415693621478, 25
 14.0912368772209, 13.2039371762597, 25
 14.064120958218, 13.2497782441971, 25
 14.0537354597476, 13.2855538986044, 25
 14.0463698754641, 13.333128191933, 25
 14.0328705512982, 13.4057268893703, 25
 14.0189140562371, 13.488382265577, 25
 14.0127942796073, 13.5615386043437, 25
 14.0165844378926, 13.6255996728019, 25
 14.0264622055708, 13.6998708573541, 25
 14.0402502703943, 13.7952718976746, 25
 14.0599567875587, 13.9023659102869, 25
 14.087055148333, 14.0137659597357, 25
 14.1206877546334, 14.1328470853879, 25
 14.1628853779845, 14.2653476137092, 25
 14.2163507102655, 14.4120860482994, 25
 14.2743763896472, 14.5546301793857, 25
 14.3399128352356, 14.7080977870623, 25
 14.414283505626, 14.8712066544086, 25
 14.4953382754688, 15.0347377778864, 25
 14.5852820813212, 15.2139752826066, 25
 14.6830472125393, 15.3937012369459, 25
 14.7928487722088, 15.5934545618746, 25
 14.9117867169063, 15.798369621025, 25
 15.0392788231829, 16.0141210507982, 25
 15.1764336170321, 16.2371504387166, 25
 15.3144864112203, 16.4586753395895, 25
 15.4677354803812, 16.6954353410705, 25
 15.6302342641344, 16.9440769354362, 25
 15.8055813658806, 17.2043775762541, 25
 15.9842114756569, 17.4662840755528, 25
 16.1751003339014, 17.7403973596607, 25
 16.3742690310778, 18.0219048446885, 25
 16.5825096600294, 18.3127588250344, 25
 16.7961628305385, 18.6052347045561, 25
 17.0240502892397, 18.9150916938222, 25
 17.2686662839781, 19.2415627845623, 25
 17.5192389338864, 19.5740697771733, 25
 17.7726452921726, 19.9046588148888, 25
 18.026008692092, 20.2335729539317, 25
 18.3030348960217, 20.5883689161539, 25
 18.5840792433107, 20.9455457040061, 25
 18.8667199222303, 21.3020561395522, 25
 19.1594438802895, 21.6673335115738, 25
 19.4733692231107, 22.0572640706501, 25
 19.7889785555422, 22.4448912142189, 25
 20.1085264658866, 22.836176255211, 25
 20.4631948526423, 23.2658761116855, 25
 20.8179146284523, 23.6934222908656, 25
 21.1737760461409, 24.1200407979521, 25
 21.5314069522522, 24.5452270208865, 25
 21.8888509495922, 24.9691851988154, 25
 22.2817552546221, 25.4311139005722, 25
 22.6875777289556, 25.9065907988559, 25
 23.0945368538989, 26.3809390140514, 25
 23.5029419965114, 26.8540448985181, 25
 23.9119403621916, 27.326637598715, 25
 24.3225244450591, 27.7978944923711, 25
 24.7336336490609, 28.2686139498277, 25
 25.2047762707693, 28.8055258842121, 25
 25.677158648742, 29.3412612969408, 25
 26.1502629756624, 29.876402039876, 25
 26.6247596483126, 30.4103093126476, 25
 27.1000572195419, 30.943502764687, 25
 27.5760691418798, 31.4760582856102, 25
 28.0533554229105, 32.0074741926393, 25
 28.542837938259, 32.5515200633578, 25
 29.1024535367361, 33.1710129244712, 25
 29.6621548583155, 33.7884141276897, 25
 30.2226071602995, 34.4051287793014, 25
 30.7840760113103, 35.0209186702705, 25
 31.3465747687192, 35.6357674426324, 25
 31.9096670592356, 36.250072749941, 25
 32.4737496526194, 36.8634692683192, 25
 33.0386338116514, 37.476127215654, 25
 33.6040243351574, 38.0883181670719, 25
 34.1704345372103, 38.6995659340558, 25
 34.7373991014749, 39.3102749384682, 25
 35.3023787384909, 39.9178739367906, 25
 35.977933216821, 40.6420028985775, 25
 36.6608416628895, 41.3725208468216, 25
 37.3444823179197, 42.1023393290226, 25
 38.0289951537547, 42.8313401587488, 25
 38.7144428211327, 43.5594618779716, 25
 39.4005248756584, 44.2869857008335, 25
 40.0872319097401, 45.0139198888502, 25
 40.7748499039668, 45.7399925312276, 25
 41.4631038290301, 46.4654621411833, 25
 42.1519077105171, 47.1904096629436, 25
 42.8413815615102, 47.9147202479832, 25
 43.531605504164, 48.6383159374304, 25
 44.2223127501224, 49.3614502054924, 25
 44.9135285172678, 50.084098623066, 25
 45.605508348636, 50.8060154226183, 25
 46.2979458630213, 51.5274930706444, 25
 46.9908135347744, 52.2485577671549, 25
 47.6843710821621, 52.9689589973003, 25
 48.3783974119933, 53.6889084540636, 25
 49.0728182734952, 54.4084774322125, 25
 49.7678086742355, 55.1274964501076, 25
 50.4633079858586, 55.8460230954285, 25
 51.1591754750399, 56.5641931717928, 25
 51.8554950663067, 57.2819250386039, 25
 52.5523708813586, 57.999116786007, 25
 53.2495846008705, 58.7159799877341, 25
 53.9471689374785, 59.4324826689295, 25
 54.6453233183114, 60.1484298919237, 25
 55.3438013136197, 60.8640613082158, 25
 56.0426088785735, 61.5793709957895, 25
 56.7419400308829, 62.2941688210669, 25
 57.4416134660543, 63.008631515996, 25
 58.1415912429037, 63.7227960867414, 25
 58.8420220596518, 64.4365163925273, 25
 59.5428346775411, 65.1498617307476, 25
 60.2439457589363, 65.8629137204806, 25
 60.9453933089156, 66.5756348021525, 25
 61.6473041518444, 67.2878995924112, 25
 62.3494957481306, 67.9998875461692, 25
 63.0519757588815, 68.7115909950508, 25
 63.7548904288235, 69.4228651798345, 25
 64.4581242356695, 70.1338237740121, 25
 65.1616446654739, 70.844498746216, 25
 65.8654717950048, 71.5548700366471, 25
 66.5697215284901, 72.2648223541487, 25
 67.2742508437365, 72.9744971760057, 25
 67.9790631801974, 73.6838909339441, 25
 68.6841928482268, 74.3929693203802, 25
 69.389720145804, 75.1016520489444, 25
 70.0955227005812, 75.8100605976571, 25
 70.8016136151502, 76.5181817392991, 25
 71.5080046144223, 77.2260035689663, 25
 72.214770299531, 77.9334512755796, 25
 72.9218413675071, 78.6405937267685, 25
 73.6292084573527, 79.3474400491171, 25
 74.3368751982289, 80.0539863852508, 25
 75.0448515560202, 80.7602225058095, 25
 75.7531766667266, 81.4661088551609, 25
 76.461847225068, 82.1716483705807, 25
 77.1708257241234, 82.8768784231269, 25
 77.8801281799891, 83.5817826402749, 25
 78.58976304914, 84.2863522136941, 25
 79.2997394019398, 84.9905769355952, 25
 80.0132451728312, 85.6917064690223, 25
 80.5025555260388, 86.144720959113, 25
 80.6431510031381, 86.2705022678626, 25
 80.8375268766849, 86.4308775639961, 25
 81.023495801539, 86.5824643052413, 25
 81.2055130929696, 86.7213038204416, 25
 81.3802969389062, 86.8502597267131, 25
 81.5508595233177, 86.9670160569332, 25
 81.7187017483908, 87.0769075561187, 25
 81.8791123273276, 87.1736874516262, 25
 82.0342744851329, 87.2593859897829, 25
 82.1891361577075, 87.3407321217125, 25
 82.3404310228236, 87.4082939083773, 25
 82.494462244026, 87.471725126992, 25
 82.6376753675103, 87.5245683779186, 25
 82.7831901879993, 87.5658263616328, 25
 82.928621018323, 87.5968673964428, 25
 83.0642351159435, 87.6184627836952, 25
 83.194556877768, 87.6305739556648, 25
 83.3176919117905, 87.6336511260218, 25
 83.4333291367158, 87.627294330094, 25
 83.5477587037941, 87.6095855808334, 25
 83.6607044525843, 87.5812029343325, 25
 83.7672306124199, 87.5445911305298, 25
 83.8673620008048, 87.5002367137081, 25
 83.9625334417276, 87.4480692304698, 25
 84.0528887057373, 87.388524499669, 25
 84.1384087774728, 87.3221005082666, 25
 84.2192733719641, 87.2492075308003, 25
 84.2963115319329, 87.1697501302679, 25
 84.3710813991088, 87.0829183747687, 25
 84.4439053622792, 86.9868249717057, 25
 84.5137098290743, 86.8801777961387, 25
 84.577421449256, 86.7686347767372, 25
 84.6350893732008, 86.6545807590736, 25
 84.6916316380175, 86.5326715435125, 25
 84.7480652825057, 86.3988374192128, 25
 84.8009052080835, 86.2558541818392, 25
 84.8463419701394, 86.1117596360097, 25
 84.8912343524173, 85.9623786205075, 25
 84.934052322709, 85.7963522864351, 25
 84.9727913545757, 85.621660991295, 25
 85.0088862389649, 85.4437705130479, 25
 85.0412502373459, 85.2536067098496, 25
 85.0703056281849, 85.0615407815345, 25
 85.0963782569735, 84.8540198759704, 25
 85.1189153367006, 84.6451876068772, 25
 85.1377324899068, 84.4290774367711, 25
 85.1534806309371, 84.2044955968286, 25
 85.1664574731844, 83.9647660623965, 25
 85.1745789370088, 83.727982876358, 25
 85.1803876230421, 83.4789067908029, 25
 85.1823150817668, 83.2261254029896, 25
 85.1817237196958, 82.9616024260478, 25
 85.1764470552055, 82.6989370165853, 25
 85.1690265835396, 82.4218091478361, 25
 85.157025745178, 82.1349832915148, 25
 85.1426566897965, 81.8415286799777, 25
 85.1235242854683, 81.5381776447715, 25
 85.1021343650651, 81.2269467978601, 25
 85.0752862848544, 80.9021165307714, 25
 85.0461825803481, 80.5700870585146, 25
 85.012957898947, 80.2381691273268, 25
 84.97821702002, 79.9068797227225, 25
 84.937135029918, 79.551981631826, 25
 84.8940950022931, 79.1975317091933, 25
 84.8482232310888, 78.8431256535916, 25
 84.7994013979525, 78.4881886741648, 25
 84.7451537923344, 78.1066461453774, 25
 84.6875443566068, 77.7263445674386, 25
 84.6290673107318, 77.3467880770343, 25
 84.5613707141609, 76.936369029579, 25
 84.4923700179312, 76.5254625080932, 25
 84.4203029797265, 76.1150753876279, 25
 84.3461320948735, 75.7051237656486, 25
 84.2703577174292, 75.2964439320034, 25
 84.1863402932833, 74.8606506944964, 25
 84.0990956545444, 74.4148729642653, 25
 84.0084037540891, 73.9694769854816, 25
 83.9163076070078, 73.5243624785342, 25
 83.8218280254809, 73.0797439677009, 25
 83.7250858439975, 72.6356159196073, 25
 83.6270387637976, 72.1917746226973, 25
 83.5262057970232, 71.74866744818, 25
 83.4248366080113, 71.3071621376501, 25
 83.3108811949627, 70.8243034489986, 25
 83.1943745240003, 70.3379871714413, 25
 83.0759589939933, 69.8522068884856, 25
 82.9549727348284, 69.367067339479, 25
 82.8329699531836, 68.8821816223956, 25
 82.7080380425205, 68.398040962635, 25
 82.5817937643362, 67.9142436224304, 25
 82.4539220804481, 67.4308711120811, 25
 82.3236025149798, 66.9481547344532, 25
 82.1923440892227, 66.4656918773816, 25
 82.05850840396, 65.9839371438833, 25
 81.9236052786487, 65.5024819195886, 25
 81.786711162521, 65.021586643674, 25
 81.6480177621188, 64.5412094583207, 25
 81.5082007399945, 64.0611607094546, 25
 81.3659946275019, 63.581950058316, 25
 81.2220482864553, 63.0997679211806, 25
 81.0600045968237, 62.5669365465445, 25
 80.8965449825396, 62.0359737840516, 25
 80.7315725123495, 61.505479586021, 25
 80.563871724852, 60.975839647928, 25
 80.3945186619458, 60.446735292979, 25
 80.2236747587628, 59.9183362111734, 25
 80.0602731641337, 59.4226173490699, 25
 79.9027369960708, 58.9475618905602, 25
 79.7432050543616, 58.4736945232723, 25
 79.5821209666963, 58.0003564428969, 25
 79.419750593985, 57.5274547030241, 25
 79.2548598238664, 57.0554274084392, 25
 79.0891142331856, 56.5836994841411, 25
 78.9208041437964, 56.1128792458904, 25
 78.7511402293763, 55.6425478674369, 25
 78.5797674616766, 55.1728336626722, 25
 78.4059639847847, 54.7040154654618, 25
 78.2310921587382, 54.2355942344277, 25
 78.0534565417818, 53.7682126062734, 25
 77.8741452349361, 53.3014745682178, 25
 77.6931597964077, 52.8353724740788, 25
 77.5092480500817, 52.370433822642, 25
 77.3267101306187, 51.9128602937514, 25
 77.1564844560089, 51.4931868252809, 25
 76.9837451961468, 51.072822460767, 25
 76.8095198559611, 50.6529932811364, 25
 76.6323669140518, 50.2343918254838, 25
 76.4539434770907, 49.8163270410105, 25
 76.2727653612777, 49.399520634624, 25
 76.0909636059571, 48.9877345854341, 25
 75.9218122083932, 48.6085668587409, 25
 75.7489720586272, 48.2295622248786, 25
 75.5749185755987, 47.8510269677189, 25
 75.3977810344136, 47.4742298101631, 25
 75.2228616072956, 47.1074383436808, 25
 75.0557562262359, 46.7619347740139, 25
 74.8848256347165, 46.4173927954406, 25
 74.7122726832276, 46.0725994646233, 25
 74.5461444265532, 45.749332843009, 25
 74.3811915002792, 45.4321883390522, 25
 74.2133205152935, 45.1171694622904, 25
 74.0463584030797, 44.8098536448659, 25
 73.8853880916417, 44.51901525202, 25
 73.7205310855685, 44.2293711354606, 25
 73.553289622376, 43.9398976418402, 25
 73.3912142831067, 43.668455610265, 25
 73.2281556581678, 43.4003499815284, 25
 73.0708491203294, 43.1493059601117, 25
 72.9156310530171, 42.9080233972976, 25
 72.7628590395842, 42.6768622739722, 25
 72.6081891210404, 42.4510205379906, 25
 72.457607061057, 42.2353809536621, 25
 72.3083301630838, 42.0323466551336, 25
 72.1584669346352, 41.8316597016932, 25
 72.0064741833422, 41.6390333209507, 25
 71.8557508720808, 41.45468538429, 25
 71.7068987817536, 41.2798011584657, 25
 71.5543070081212, 41.1110391924214, 25
 71.4116258161224, 40.9586469568728, 25
 71.2633513741555, 40.812679593759, 25
 71.1249577162556, 40.6797647305158, 25
 70.9892142775418, 40.5638201440278, 25
 70.8494991704533, 40.4506682116373, 25
 70.7179502073534, 40.3504374052732, 25
 70.5846328136367, 40.2610849408814, 25
 70.4481580629231, 40.1800554513927, 25
 70.3197725322165, 40.1117668053877, 25
 70.195008096336, 40.054184397818, 25
 70.0743588104374, 40.0068989705379, 25
 69.9556457414201, 39.9703520141984, 25
 69.8326705044928, 39.9450578483109, 25
 69.7099501188206, 39.9312961600547, 25
 69.5932509534434, 39.9289641067741, 25
 69.4820305563592, 39.937391063614, 25
 69.375539577335, 39.9559516582958, 25
 69.2736152247263, 39.984076600358, 25
 69.176862486741, 40.0206306727875, 25
 69.0857192453235, 40.0645045373285, 25
 68.995306728294, 40.1177898989035, 25
 68.9012662537836, 40.1816625848099, 25
 68.8199664042997, 40.2408912562303, 25
 68.7558281850448, 40.2898633246367, 25
 68.6224757687895, 40.3955704318413, 25
 68.4137060230229, 40.563838849283, 25
 68.1941262388378, 40.7443960182704, 25
 67.9394253678384, 40.9577018373643, 25
 67.6706438123712, 41.1858481016423, 25
 67.3853867909985, 41.4309291569543, 25
 67.0795617812964, 41.6964097513263, 25
 66.7470926813175, 41.9874964094324, 25
 66.378008843332, 42.313232828232, 25
 65.9791024062931, 42.6677278649786, 25
 65.566655712968, 43.0365192048601, 25
 65.1107479635809, 43.44627559753, 25
 64.6487283260374, 43.8634341337238, 25
 64.1255949151867, 44.3377206759396, 25
 63.5801715085944, 44.8340008495985, 25
 62.9641515219193, 45.3962772051278, 25
 62.3502784987765, 45.9580922306423, 25
 61.6371010950463, 46.6123920390674, 25
 60.9009449120291, 47.2892036612816, 25
 60.1652970152434, 47.9665677439835, 25
 59.4300582599286, 48.6443759305493, 25
 58.6951409581373, 49.3225326576765, 25
 57.9604150717977, 50.0008967659885, 25
 57.2258071832515, 50.6793886576526, 25
 56.4912506390321, 51.3579361379634, 25
 55.7566844832026, 52.0364732132851, 25
 55.0220459604804, 52.7149319364235, 25
 54.2872796178775, 53.3932522261073, 25
 53.5523411969601, 54.071386064809, 25
 52.8171860992213, 54.7492849935939, 25
 52.0817717874738, 55.4269026979303, 25
 51.3460573755218, 56.104194550546, 25
 50.6100032589517, 56.7811171993651, 25
 49.8735707789595, 57.4576281911762, 25
 49.1367219123413, 58.133685623078, 25
 48.3994189817273, 58.8092478148158, 25
 47.6616243808774, 59.4842729959469, 25
 46.9233003104222, 60.1587190023782, 25
 46.184408519854, 60.8325429772546, 25
 45.4449100518705, 61.5057010714567, 25
 44.704764985363, 62.1781481391106, 25
 43.9639321734369, 62.8498374235314, 25
 43.2223689728537, 63.5207202289206, 25
 42.4800309612035, 64.1907455729142, 25
 41.7368716379463, 64.8598598147294, 25
 40.9928421052043, 65.5280062531729, 25
 40.3222317688628, 66.1286129164939, 25
 39.7009597441315, 66.6836380873313, 25
 39.0788251300982, 67.2380666888168, 25
 38.4559673585948, 67.7916842724978, 25
 37.832304271322, 68.3443946561421, 25
 37.2077572435021, 68.8961059643521, 25
 36.5823266549347, 69.4468151686291, 25
 35.9560290690159, 69.9965376426031, 25
 35.328807957661, 70.5451597356004, 25
 34.7215053785496, 71.0744922678124, 25
 34.182881481743, 71.5424040784491, 25
 33.6426817929552, 72.0097006596158, 25
 33.1016144084623, 72.4760155218312, 25
 32.5597140354333, 72.9413618894497, 25
 32.0169420555539, 73.4056916641769, 25
 31.4730745027657, 73.8687358467985, 25
 30.9279595980001, 74.3304573939407, 25
 30.4097305015365, 74.7674056422873, 25
 29.930605692012, 75.1697270882502, 25
 29.4509846848799, 75.5704411709218, 25
 28.9701104650798, 75.9696713729204, 25
 28.4883205187197, 76.3677943379722, 25
 28.0055130063325, 76.7646921409767, 25
 27.5214165280642, 77.1600007321516, 25
 27.0726553065296, 77.5237291512144, 25
 26.6400650864669, 77.8725134639393, 25
 26.2065226361759, 78.219906280013, 25
 25.7716594059453, 78.5653307042605, 25
 25.350687334969, 78.8972759915892, 25
 24.9575254037095, 79.2055382142494, 25
 24.5624347235923, 79.5120350629475, 25
 24.1660576161092, 79.8169419148537, 25
 23.768167814025, 80.120784780911, 25
 23.4045265434083, 80.3954891417563, 25
 23.0404249110578, 80.6674409076062, 25
 22.6752763313498, 80.9380831856567, 25
 22.308393119101, 81.2064673392138, 25
 21.9571551627382, 81.459727084305, 25
 21.6178147943534, 81.7020617279829, 25
 21.2762904832458, 81.9421586544517, 25
 20.9525684133636, 82.1658106915605, 25
 20.6362600106878, 82.3817603158228, 25
 20.3404827388331, 82.5799495573874, 25
 20.0418225278888, 82.7758844446112, 25
 19.7409923907126, 82.9703688119236, 25
 19.4549090403553, 83.1506082814691, 25
 19.1806919185139, 83.3189542880766, 25
 18.9124578423873, 83.4805065766437, 25
 18.6533362013813, 83.6312640173455, 25
 18.4004538348693, 83.7737814757459, 25
 18.1562143188878, 83.9071426361931, 25
 17.9318630215456, 84.0242599659855, 25
 17.7104683278007, 84.1359031080356, 25
 17.495153434571, 84.2382273732497, 25
 17.2888731452875, 84.3318751117977, 25
 17.0887448590666, 84.4155085644156, 25
 16.8970448427963, 84.491915703573, 25
 16.7202235510414, 84.5541629876955, 25
 16.5427464171951, 84.6091470686882, 25
 16.3716828016291, 84.6564641735168, 25
 16.2184301800355, 84.6918824127031, 25
 16.0749281300186, 84.7167755406095, 25
 15.927643118558, 84.7318914550424, 25
 15.788176935833, 84.7358994239106, 25
 15.6613159469106, 84.7287568599041, 25
 15.5430230027828, 84.7104999903021, 25
 15.431044240255, 84.6781085422855, 25
 15.3329728051097, 84.6363377001577, 25
 15.2664252100505, 84.5989466338702, 25
 15.2254155281868, 84.5640557189639, 25
 15.1814961809983, 84.5148260985943, 25
 15.1264220975652, 84.4497947548975, 25
 15.079362645918, 84.3882486973294, 25
 15.053305957994, 84.3407337797664, 25
 15.0387759481288, 84.2894039139028, 25
 15.0241892294664, 84.2159206901451, 25
 15.0112596294054, 84.1347970608902, 25
 15.0074226896443, 84.073955395277, 25
 15.0151469429174, 84.0338113506038, 25
 15.0321597519269, 83.9886069754174, 25
 15.0558213417905, 83.9208728694639, 25
 15.0828537994943, 83.8462201047978, 25
 15.1101714676158, 83.7862761630034, 25
 15.1405683231938, 83.7394534646059, 25
 15.1818354461068, 83.6844001844985, 25
 15.2379308212356, 83.6103779471618, 25
 15.3048424380885, 83.5290985365388, 25
 15.3796158069218, 83.4497233192972, 25
 15.4642801514795, 83.368432429379, 25
 15.5603918102717, 83.2822204904345, 25
 15.6683424410347, 83.1916007825338, 25
 15.7926436818826, 83.0936963593086, 25
 15.9279351001689, 82.9945209010685, 25
 16.065952298108, 82.9004043564145, 25
 16.2200488492351, 82.7979114590568, 25
 16.3967252891953, 82.6881466550393, 25
 16.5756637662898, 82.5806450506495, 25
 16.7727298852724, 82.4675316573876, 25
 16.9762679903993, 82.3548766925254, 25
 17.1971498626597, 82.2365177604603, 25
 17.4281030601612, 82.1175441899548, 25
 17.6658429787449, 81.9972887807812, 25
 17.9322221243232, 81.8675975735416, 25
 18.1988747554526, 81.7411357237331, 25
 18.4818270842389, 81.609191960355, 25
 18.7839463803337, 81.4728529890951, 25
 19.0884858109752, 81.3373668558009, 25
 19.4165882710424, 81.1944960157421, 25
 19.753274918852, 81.0512092775323, 25
 20.107131995473, 80.9023561262721, 25
 20.4880389419876, 80.7453225454118, 25
 20.8739180264838, 80.5889474264247, 25
 21.2596682724154, 80.4342137076393, 25
 21.6804214373223, 80.2682293041937, 25
 22.1300661980663, 80.0931872856148, 25
 22.5962697844956, 79.9134982475297, 25
 23.0617793448717, 79.7361568190009, 25
 23.5729971019276, 79.5438237646629, 25
 24.0936280624207, 79.3496795945017, 25
 24.612862593762, 79.1575540345865, 25
 25.1961872025435, 78.9435762738961, 25
 25.7836254472484, 78.7300922449444, 25
 26.4021653041435, 78.5066915178905, 25
 27.0739682197682, 78.2655273930374, 25
 27.7467216084888, 78.0253599734811, 25
 28.4197329133975, 77.7862166967808, 25
 29.2053394349101, 77.5082908469468, 25
 29.988943363416, 77.2320623694387, 25
 30.9095390688785, 76.9084903026387, 25
 31.8531645704308, 76.5774430861632, 25
 32.7968646237882, 76.2466407604312, 25
 33.740551410121, 75.9158005571782, 25
 34.6841313727237, 75.5846558677275, 25
 35.6275162440511, 75.2529559001111, 25
 36.5706220014611, 74.9204636098652, 25
 37.5134357987527, 74.5869276007449, 25
 38.3862879028723, 74.2768960028195, 25
 39.1714815666387, 73.9968196978583, 25
 39.9559911945409, 73.7157705169284, 25
 40.7400987762683, 73.4335784982294, 25
 41.5256197451657, 73.1491912401078, 25
 42.2081769199423, 72.900523412501, 25
 42.8789695611619, 72.6549719424293, 25
 43.5493654313635, 72.4084518235933, 25
 44.2191411816912, 72.1602491208952, 25
 44.8883982953759, 71.9106537541242, 25
 45.5571891464177, 71.659811213752, 25
 46.2272623338669, 71.4068073618012, 25
 46.8195390419505, 71.1810449252735, 25
 47.4031336652455, 70.9576069803409, 25
 47.986224595532, 70.7325935757723, 25
 48.568685176645, 70.5059587468114, 25
 49.1507959223883, 70.2784250660268, 25
 49.7319713803805, 70.048510186679, 25
 50.3126077241102, 69.8173308499439, 25
 50.8944366404792, 69.5841658805943, 25
 51.4154109111598, 69.3726673345979, 25
 51.9297924761668, 69.1632061967592, 25
 52.4433235242063, 68.9512369513717, 25
 52.9564577677516, 68.7383214065945, 25
 53.4688111457019, 68.5235281715133, 25
 53.9803889009055, 68.3069003801378, 25
 54.4914540695069, 68.0890617219693, 25
 55.0013387225774, 67.8685167043462, 25
 55.5122893832683, 67.6463476861255, 25
 55.9744157701007, 67.4422504829598, 25
 56.4313510588141, 67.2395205210141, 25
 56.8872220460024, 67.0341540693785, 25
 57.3426085655282, 66.8277077921198, 25
 57.7968882605644, 66.6188285983495, 25
 58.2504090234314, 66.4083010677392, 25
 58.7028452013547, 66.1958374900325, 25
 59.144097670921, 65.9857408982002, 25
 59.5526850009939, 65.7894979582914, 25
 59.9612270953055, 65.5902990757353, 25
 60.3691628477101, 65.3897949867197, 25
 60.7757165890563, 65.1865187797151, 25
 61.181582257195, 64.981861429381, 25
 61.5859295277905, 64.7742633126543, 25
 61.9893872379369, 64.565634434175, 25
 62.3801537075993, 64.3589503108639, 25
 62.74734616751, 64.1636455027241, 25
 63.1133858655041, 63.9646700481971, 25
 63.4788012534091, 63.764465752221, 25
 63.8424191466784, 63.5610011099132, 25
 64.2055382139458, 63.3558719928166, 25
 64.5491133532888, 63.1574430260807, 25
 64.8815459997147, 62.9634951385881, 25
 65.212044017642, 62.7667725784691, 25
 65.5411549549558, 62.5679762953164, 25
 65.8591860327821, 62.3726781810989, 25
 66.161380643536, 62.1832582342945, 25
 66.4630810918851, 61.9923198011291, 25
 66.7622112169576, 61.7973235673483, 25
 67.0612507729913, 61.6011985998465, 25
 67.3373340505989, 61.4139116827602, 25
 67.6132050075146, 61.2263801361518, 25
 67.8856853482214, 61.0343661918409, 25
 68.1576367581598, 60.8420711232823, 25
 68.4244543239249, 60.6456560631664, 25
 68.6745248718738, 60.4602059171143, 25
 68.923172300386, 60.270822520584, 25
 69.1693795289463, 60.0782701528089, 25
 69.4150416572647, 59.8837559983841, 25
 69.6456394452421, 59.6932442591688, 25
 69.8724966032395, 59.5046649907555, 25
 70.0860625028021, 59.3190505538149, 25
 70.2949951571053, 59.1362252179435, 25
 70.500131383966, 58.948987955821, 25
 70.703453245333, 58.7596714218523, 25
 70.9013177245385, 58.5701454076098, 25
 71.0864700202893, 58.3850307037185, 25
 71.2718988184588, 58.1982557871401, 25
 71.4417075047675, 58.0155911592607, 25
 71.6127444060231, 57.8316668135686, 25
 71.7720745230101, 57.6495469941376, 25
 71.9266020212773, 57.4690856139118, 25
 72.0777648996145, 57.2861451799249, 25
 72.2172706059468, 57.1076044644938, 25
 72.3560822372398, 56.9273859886699, 25
 72.4881955351547, 56.7425162901098, 25
 72.6198127371243, 56.5574821330854, 25
 72.7439321667326, 56.3662493115993, 25
 72.859886692994, 56.1811228538596, 25
 72.9717318931936, 55.9948599382917, 25
 73.0717966701243, 55.8121994624298, 25
 73.1714845434639, 55.6290681056984, 25
 73.2604310354239, 55.4415637144336, 25
 73.3446050346374, 55.2605041726967, 25
 73.4224175051299, 55.0770378954187, 25
 73.4910286113148, 54.8977645767255, 25
 73.5586505634771, 54.7179410449175, 25
 73.6116062517883, 54.5405833226748, 25
 73.6651698965007, 54.3634732017966, 25
 73.7090322212891, 54.1830599027628, 25
 73.7473450794085, 54.0075651045352, 25
 73.7805307892296, 53.8320026208299, 25
 73.805357403698, 53.6585520523694, 25
 73.8259625229339, 53.4881619424587, 25
 73.8408697940539, 53.3163808259481, 25
 73.8468674244033, 53.1440512424976, 25
 73.8535410423919, 52.9717665389251, 25
 73.8456907972578, 52.7996059841821, 25
 73.8373076838024, 52.6272812386264, 25
 73.8214545406262, 52.4558296451478, 25
 73.7978407789053, 52.2850081070183, 25
 73.7716751189725, 52.1146676903739, 25
 73.7373171115993, 51.9458751247731, 25
 73.6973611497715, 51.7781451269132, 25
 73.6551220705299, 51.6110473975452, 25
 73.6026143328916, 51.4470667900753, 25
 73.548102541481, 51.2828480603934, 25
 73.4912343640979, 51.1220544653545, 25
 73.4262458148277, 50.9570745620109, 25
 73.3634394504525, 50.7965262782443, 25
 73.292208278233, 50.6208393280943, 25
 73.1782344377888, 50.3454192166792, 25
 73.0619892246542, 50.0764148639176, 25
 72.9441374263089, 49.8081854212975, 25
 72.8163606198779, 49.5281899725605, 25
 72.6845652051649, 49.2450019968811, 25
 72.5493207329425, 48.9632225181502, 25
 72.4112505350137, 48.6829774695387, 25
 72.2715149063892, 48.4041989621611, 25
 72.1222710239923, 48.1157423338161, 25
 71.9672986949527, 47.820564699002, 25
 71.8091146968334, 47.527093690606, 25
 71.6481427447012, 47.2352058551883, 25
 71.4854015782143, 46.9442769751299, 25
 71.3194606939994, 46.6550066113071, 25
 71.1519759688988, 46.3675273717938, 25
 70.9701488898909, 46.0605371716033, 25
 70.7846374729598, 45.7555325370477, 25
 70.5978809332185, 45.4511365919291, 25
 70.4077703685482, 45.1487977851015, 25
 70.215552195812, 44.8478018287806, 25
 70.0215581746495, 44.5479416519814, 25
 69.8246173002258, 44.2500081920573, 25
 69.6260878738364, 43.9531358355433, 25
 69.4252942412615, 43.6577840302316, 25
 69.2220952007699, 43.3641862579793, 25
 69.0182020349797, 43.0725034468374, 25
 68.7978938693217, 42.7632946092268, 25
 68.5727120010602, 42.4518441968086, 25
 68.345559858964, 42.1414994180439, 25
 68.1155046763258, 41.83327632764, 25
 67.8835959708606, 41.5264495019806, 25
 67.6498184480307, 41.2210368382653, 25
 67.413130186369, 40.9178769691077, 25
 67.1749046269756, 40.6159273535545, 25
 66.9346233713138, 40.3156037753185, 25
 66.69155432417, 40.0175371082087, 25
 66.4471382956326, 39.7205748488956, 25
 66.2003922932568, 39.4255393705493, 25
 65.9511078780484, 39.1326525895413, 25
 65.7005471230277, 38.8408546931708, 25
 65.4473328825032, 38.5513516228262, 25
 65.1918867222951, 38.2638243786672, 25
 64.9351701871907, 37.9774263361707, 25
 64.675424019444, 37.693777075069, 25
 64.4138156555226, 37.4118945554849, 25
 64.1506722878422, 37.1313304251793, 25
 63.9035343021539, 36.8737169217782, 25
 63.6550287336848, 36.6170360053371, 25
 63.4045894740626, 36.3623879713442, 25
 63.1518635596863, 36.1100410242877, 25
 62.8978187901088, 35.8590254929774, 25
 62.6414140537193, 35.6104129040167, 25
 62.3828850802997, 35.3640149305431, 25
 62.1229140832496, 35.1190798922703, 25
 61.8600817754185, 34.8771397168658, 25
 61.6038647212923, 34.6445243935804, 25
 61.3555864164728, 34.4227128814186, 25
 61.1046479719326, 34.2034349512748, 25
 60.8523222338195, 33.9856406261901, 25
 60.5977586558137, 33.7704697478927, 25
 60.3408983468324, 33.5581161239162, 25
 60.0818948849005, 33.3468744105498, 25
 59.8360030442802, 33.1518225108957, 25
 59.5894326641993, 32.9593296324582, 25
 59.3412531239968, 32.7694584241517, 25
 59.0904746616974, 32.5830426793464, 25
 58.8374604815879, 32.3979523545236, 25
 58.5949932327653, 32.2257569404699, 25
 58.3532653541033, 32.0577139013431, 25
 58.109900351484, 31.8926090762058, 25
 57.8681074508333, 31.7341792090182, 25
 57.6353085742229, 31.5844304828664, 25
 57.3988425873742, 31.4377471163979, 25
 57.1668399581845, 31.2977002185389, 25
 56.9404574610783, 31.164989463624, 25
 56.7110660717471, 31.0362659708206, 25
 56.4793145896724, 30.9096059722234, 25
 56.2545908079806, 30.7920286231814, 25
 56.0316751225295, 30.6794749245144, 25
 55.8058818050632, 30.5708094787831, 25
 55.5840208425317, 30.4687566069226, 25
 55.3659794764374, 30.3729526695289, 25
 55.1543164972018, 30.2858448018961, 25
 54.9432060682796, 30.2024233776443, 25
 54.7392396591728, 30.1281658707807, 25
 54.5337696364145, 30.0569966764286, 25
 54.326022760629, 29.9914182748018, 25
 54.1204170642317, 29.9310435503897, 25
 53.9191816275666, 29.8782422370228, 25
 53.7198424874271, 29.8306081768915, 25
 53.5245113974261, 29.7900652930191, 25
 53.32972682304, 29.756225749037, 25
 53.143405064258, 29.7279800342906, 25
 52.9593815938846, 29.7080666635984, 25
 52.7762515062734, 29.6923812653684, 25
 52.5984858831903, 29.6825387802552, 25
 52.4199227143799, 29.6820718756356, 25
 52.2470988089611, 29.6857155995263, 25
 52.0801547901321, 29.6947946947367, 25
 51.9143096247085, 29.7123408598485, 25
 51.7510996820446, 29.7361189107588, 25
 51.5940820577857, 29.7637400491003, 25
 51.4417406772054, 29.7975107791703, 25
 51.2909694219121, 29.8399585245111, 25
 51.1452452796678, 29.887246407725, 25
 51.003290534252, 29.9381515978913, 25
 50.8629065769414, 29.9954917125831, 25
 50.7268643352478, 30.0618888010437, 25
 50.5931593647148, 30.1344399849097, 25
 50.4637849102279, 30.2092505049816, 25
 50.3398976032495, 30.2880703424254, 25
 50.2179409709065, 30.3774435668889, 25
 50.0993496624163, 30.4726007858579, 25
 49.9842311036146, 30.5700025414364, 25
 49.8721205240074, 30.6725494665654, 25
 49.7639429635425, 30.7851949574979, 25
 49.659714907386, 30.9018068898164, 25
 49.5583730531942, 31.02062582201, 25
 49.4622597100501, 31.1436067969013, 25
 49.3728340159869, 31.2716752829904, 25
 49.2829632418409, 31.4041934677843, 25
 49.1959822439578, 31.5450925269581, 25
 49.113875415407, 31.6897810245875, 25
 49.0342381288289, 31.8380471220041, 25
 48.9575797633138, 31.9926655719556, 25
 48.8862830802265, 32.1494795057391, 25
 48.8129456298276, 32.3191063369825, 25
 48.746153309574, 32.4914134402955, 25
 48.680110576381, 32.6708410571104, 25
 48.619547739071, 32.8528094185137, 25
 48.5609749741952, 33.0422177264456, 25
 48.506211144753, 33.2340599517113, 25
 48.4548353947617, 33.434004321923, 25
 48.4054780056561, 33.6360210248217, 25
 48.3611941144833, 33.847299075153, 25
 48.3171722393731, 34.0604862277326, 25
 48.2811854221498, 34.2750328727576, 25
 48.2446582865111, 34.4993639458875, 25
 48.2127478913682, 34.7266999653545, 25
 48.1828828385298, 34.9642118801429, 25
 48.1571584477418, 35.1995085439957, 25
 48.1349193679847, 35.4465751814321, 25
 48.1132364011727, 35.6969754020774, 25
 48.09852905374, 35.9609498040521, 25
 48.0832057234246, 36.2225059949797, 25
 48.0749379825546, 36.499284984612, 25
 48.0664695086877, 36.7766900091326, 25
 48.0645178882347, 37.0544970884749, 25
 48.0638945848277, 37.3324862450135, 25
 48.0667153427353, 37.6091632456161, 25
 48.0736992322157, 37.9017918514064, 25
 48.0818276550291, 38.1943462053536, 25
 48.0961539084514, 38.5041518131207, 25
 48.1106451409409, 38.8160575409383, 25
 48.1312403693496, 39.1278299376959, 25
 48.1528683782869, 39.4397524171663, 25
 48.177538106488, 39.7569473811595, 25
 48.2076730259566, 40.0898880277503, 25
 48.2382766332013, 40.4209656420801, 25
 48.2767664298483, 40.7750924662258, 25
 48.3155638209129, 41.129924314753, 25
 48.3593875871751, 41.4843042922047, 25
 48.4044027186396, 41.8386384099424, 25
 48.4537239834493, 42.2042034977773, 25
 48.5087249537622, 42.5851718624517, 25
 48.5646860509319, 42.9657222962514, 25
 48.625330322593, 43.345529025196, 25
 48.6859453550776, 43.7253414966241, 25
 48.7513354111841, 44.1043747175803, 25
 48.8177227221422, 44.4834980424825, 25
 48.8861432068828, 44.8656144424144, 25
 48.9641064420192, 45.2760949295938, 25
 49.041884071495, 45.6855241635326, 25
 49.124153143989, 46.0940191766928, 25
 49.2071991087758, 46.5027302645641, 25
 49.2948248163264, 46.9230868782936, 25
 49.3909964517737, 47.367840961458, 25
 49.4874254618149, 47.8120276677471, 25
 49.5884230417458, 48.2552076943754, 25
 49.6896223067259, 48.6983453375885, 25
 49.7937552459187, 49.1407502315755, 25
 49.8994983873433, 49.5813444760983, 25
 49.9936255792988, 49.9734463889671, 25
