%#        Time[ms]        X[pixel],        Y[pixel],        Z[pixel],  dX/dt[pixel/s],  dY/dt[pixel/s],  dZ/dt[pixel/s] 
0 50.00 50.00 0.00 0.2902 3.2941 3.2941
25 50.05 50.03 0.00 1.0510 -0.4819 -0.4819
50 50.03 49.97 0.00 -1.4095 -0.7362 -0.7362
75 50.03 49.97 0.00 -1.4095 -0.7362 -0.7362
100 49.93 49.62 0.00 -3.3379 1.8932 1.8932
125 49.81 49.21 0.00 -2.8992 2.4805 2.4805
150 49.81 49.21 0.00 -2.8992 2.4805 2.4805
175 49.72 48.94 0.00 -1.6616 -0.1575 -0.1575
200 49.70 48.78 0.00 0.4913 -0.4774 -0.4774
225 49.70 48.78 0.00 0.4913 -0.4774 -0.4774
250 49.72 48.80 0.00 -0.0234 -2.4955 -2.4955
275 49.67 48.83 0.00 -2.4232 -2.3308 -2.3308
300 49.58 48.87 0.00 -1.9382 0.8053 0.8053
325 49.58 48.87 0.00 -1.9382 0.8053 0.8053
350 49.53 48.81 0.00 -0.5882 0.2180 0.2180
375 49.51 48.66 0.00 -0.0112 -0.7662 -0.7662
400 49.51 48.66 0.00 -0.0112 -0.7662 -0.7662
425 49.53 48.43 0.00 0.2412 -1.5111 -1.5111
450 49.56 48.18 0.00 1.3945 -0.8537 -0.8537
475 49.65 48.03 0.00 3.4504 0.2791 0.2791
500 49.65 48.03 0.00 3.4504 0.2791 0.2791
525 49.86 48.01 0.00 6.7342 2.1985 2.1985
550 50.19 48.34 0.00 9.3437 4.3778 4.3778
575 50.19 48.34 0.00 9.3437 4.3778 4.3778
600 50.61 49.02 0.00 11.5831 3.7789 3.7789
625 50.61 49.02 0.00 11.5831 3.7789 3.7789
650 51.12 50.03 0.00 12.0968 2.8024 2.8024
675 51.52 51.15 0.00 8.4855 0.2542 0.2542
700 51.71 52.16 0.00 2.7169 -1.3016 -1.3016
725 51.71 52.16 0.00 2.7169 -1.3016 -1.3016
750 51.71 52.76 0.00 -1.4911 -1.5357 -1.5357
775 51.64 52.97 0.00 -1.7996 0.6441 0.6441
800 51.64 52.97 0.00 -1.7996 0.6441 0.6441
825 51.59 53.02 0.00 -0.3081 -0.0746 -0.0746
850 51.64 53.13 0.00 2.3729 2.0765 2.0765
875 51.78 53.23 0.00 3.4827 2.6870 2.6870
900 51.78 53.23 0.00 3.4827 2.6870 2.6870
925 51.94 53.46 0.00 4.5125 3.0395 3.0395
950 52.09 53.88 0.00 3.7492 1.1451 1.1451
975 52.23 54.35 0.00 3.2804 2.2579 2.2579
1000 52.23 54.35 0.00 3.2804 2.2579 2.2579
1025 52.37 54.80 0.00 4.1333 1.4160 1.4160
1050 52.60 55.19 0.00 6.3615 1.6605 1.6605
1075 52.60 55.19 0.00 6.3615 1.6605 1.6605
1100 52.93 55.65 0.00 9.4483 3.9355 3.9355
1125 52.93 55.65 0.00 9.4483 3.9355 3.9355
1150 53.32 56.36 0.00 9.4773 1.7023 1.7023
1175 53.63 57.21 0.00 6.4757 -0.8193 -0.8193
1200 53.79 58.16 0.00 2.5700 -4.3079 -4.3079
1225 53.79 58.16 0.00 2.5700 -4.3079 -4.3079
1250 53.82 58.79 0.00 0.8075 -2.1539 -2.1539
1275 53.86 59.40 0.00 0.7555 0.4842 0.4842
1300 53.91 59.97 0.00 2.0889 1.8881 1.8881
1325 53.91 59.97 0.00 2.0889 1.8881 1.8881
1350 54.07 60.52 0.00 5.2676 2.0246 2.0246
1375 54.33 61.07 0.00 6.4996 2.3368 2.3368
1400 54.33 61.07 0.00 6.4996 2.3368 2.3368
1425 54.54 61.72 0.00 4.5185 -1.1885 -1.1885
1450 54.65 62.55 0.00 1.3402 -2.2463 -2.2463
1475 54.65 62.55 0.00 1.3402 -2.2463 -2.2463
1500 54.61 63.32 0.00 -1.6509 -1.1555 -1.1555
1525 54.54 63.73 0.00 -1.7395 0.8155 0.8155
1550 54.54 63.73 0.00 -1.7395 0.8155 0.8155
1575 54.56 63.89 0.00 2.4013 1.9227 1.9227
1600 54.73 64.05 0.00 5.4935 -0.0496 -0.0496
1625 54.73 64.05 0.00 5.4935 -0.0496 -0.0496
1650 54.98 64.30 0.00 6.5500 1.7149 1.7149
1675 55.31 64.73 0.00 9.1283 3.3107 3.3107
1700 55.87 65.25 0.00 19.2028 9.7787 9.7787
1725 55.87 65.25 0.00 19.2028 9.7787 9.7787
1750 56.98 65.76 0.00 31.4034 14.8697 14.8697
1775 58.20 66.39 0.00 28.5272 -0.9509 -0.9509
1800 58.20 66.39 0.00 28.5272 -0.9509 -0.9509
1825 59.07 66.98 0.00 17.3261 -5.8175 -5.8175
1850 59.47 67.38 0.00 5.8852 -8.2713 -8.2713
1875 59.51 67.67 0.00 -1.3522 -6.5956 -6.5956
1900 59.51 67.67 0.00 -1.3522 -6.5956 -6.5956
1925 59.35 67.70 0.00 -4.9245 -11.0516 -11.0516
1950 59.38 67.50 0.00 4.3190 -9.6794 -9.6794
1975 59.38 67.50 0.00 4.3190 -9.6794 -9.6794
2000 59.72 67.51 0.00 11.1565 -8.8103 -8.8103
2025 60.25 67.66 0.00 13.8413 -1.7538 -1.7538
2050 60.25 67.66 0.00 13.8413 -1.7538 -1.7538
2075 60.72 67.76 0.00 9.9981 2.6639 2.6639
2100 60.92 67.78 0.00 4.7025 4.1289 4.1289
2125 61.00 67.77 0.00 2.0417 6.0343 6.0343
2150 61.00 67.77 0.00 2.0417 6.0343 6.0343
2175 61.09 67.61 0.00 3.2509 2.9699 2.9699
2200 61.43 67.45 0.00 11.0246 3.7730 3.7730
2225 61.43 67.45 0.00 11.0246 3.7730 3.7730
2250 61.91 67.33 0.00 11.4235 -3.4189 -3.4189
2275 62.30 67.14 0.00 8.8198 4.5161 4.5161
2300 62.30 67.14 0.00 8.8198 4.5161 4.5161
2325 62.54 67.06 0.00 3.8229 1.9257 1.9257
2350 62.53 67.07 0.00 -3.4903 0.8353 0.8353
2375 62.24 67.07 0.00 -8.1584 1.2863 1.2863
2400 62.24 67.07 0.00 -8.1584 1.2863 1.2863
2425 61.89 67.04 0.00 -8.7902 1.9341 1.9341
2450 61.61 67.07 0.00 -5.4795 1.7415 1.7415
2475 61.61 67.07 0.00 -5.4795 1.7415 1.7415
2500 61.43 67.22 0.00 -4.2525 -0.7124 -0.7124
2525 61.27 67.41 0.00 -3.7026 -1.2095 -1.2095
2550 61.11 67.70 0.00 -4.1301 -2.2922 -2.2922
2575 61.11 67.70 0.00 -4.1301 -2.2922 -2.2922
2600 60.99 68.00 0.00 -1.8046 -0.6940 -0.6940
2625 60.97 68.17 0.00 0.7482 0.9342 0.9342
2650 60.97 68.17 0.00 0.7482 0.9342 0.9342
2675 61.04 68.31 0.00 2.3144 1.1276 1.1276
2700 61.16 68.59 0.00 3.1926 0.8875 0.8875
2725 61.16 68.59 0.00 3.1926 0.8875 0.8875
2750 61.23 68.91 0.00 0.3574 0.3430 0.3430
2775 61.22 69.11 0.00 -0.3595 0.6985 0.6985
2800 61.22 69.11 0.00 -0.3595 0.6985 0.6985
2825 61.22 69.20 0.00 -0.1295 0.3492 0.3492
2850 61.23 69.24 0.00 0.5233 -0.2278 -0.2278
2875 61.23 69.24 0.00 0.5233 -0.2278 -0.2278
2900 61.23 69.28 0.00 -0.3628 -1.4765 -1.4765
2925 61.20 69.31 0.00 -1.3581 0.6118 0.6118
2950 61.11 69.28 0.00 -2.3816 0.3773 0.3773
2975 61.11 69.28 0.00 -2.3816 0.3773 0.3773
3000 61.00 69.22 0.00 -3.1293 -0.4269 -0.4269
3025 60.81 69.12 0.00 -5.2407 -1.5311 -1.5311
3050 60.60 68.96 0.00 -5.3455 2.0776 2.0776
3075 60.60 68.96 0.00 -5.3455 2.0776 2.0776
3100 60.60 68.96 0.00 -5.3455 2.0776 2.0776
3125 60.25 68.70 0.00 -5.2911 -0.3281 -0.3281
3150 60.25 68.70 0.00 -5.2911 -0.3281 -0.3281
3175 59.86 68.56 0.00 -12.8933 -1.4818 -1.4818
3200 59.15 68.44 0.00 -19.9137 -3.5448 -3.5448
3225 59.15 68.44 0.00 -19.9137 -3.5448 -3.5448
3250 58.33 68.50 0.00 -20.0996 -4.5436 -4.5436
3275 57.68 68.71 0.00 -13.3932 -3.9499 -3.9499
3300 57.40 69.08 0.00 -2.9768 -2.0515 -2.0515
3325 57.40 69.08 0.00 -2.9768 -2.0515 -2.0515
3350 57.47 69.79 0.00 3.5949 0.4664 0.4664
3375 57.50 70.76 0.00 -1.2942 1.5630 1.5630
3400 57.50 70.76 0.00 -1.2942 1.5630 1.5630
3425 57.20 71.56 0.00 -13.2886 -1.2267 -1.2267
3450 56.36 71.84 0.00 -23.9831 -0.7031 -0.7031
3475 56.36 71.84 0.00 -23.9831 -0.7031 -0.7031
3500 55.40 71.84 0.00 -22.3945 -0.7626 -0.7626
3525 54.70 71.91 0.00 -13.9209 -1.9177 -1.9177
3550 54.26 72.01 0.00 -10.5190 -4.3722 -4.3722
3575 54.26 72.01 0.00 -10.5190 -4.3722 -4.3722
3600 53.91 72.12 0.00 -12.5826 -3.1353 -3.1353
3625 53.13 72.19 0.00 -25.0523 -3.5498 -3.5498
3650 53.13 72.19 0.00 -25.0523 -3.5498 -3.5498
3675 51.94 72.13 0.00 -31.1328 2.5819 2.5819
3700 50.79 72.07 0.00 -26.3416 0.7126 0.7126
3725 50.07 72.05 0.00 -11.8115 -6.5340 -6.5340
3750 50.07 72.05 0.00 -11.8115 -6.5340 -6.5340
3775 49.79 72.01 0.00 -4.7503 -4.9569 -4.9569
3800 49.67 71.99 0.00 -2.6332 -4.2325 -4.2325
3825 49.67 71.99 0.00 -2.6332 -4.2325 -4.2325
3850 49.49 72.03 0.00 -5.7140 -2.1937 -2.1937
3875 49.49 72.03 0.00 -5.7140 -2.1937 -2.1937
3900 49.18 72.09 0.00 -10.6525 -1.1276 -1.1276
3925 48.50 72.14 0.00 -20.4307 -1.8023 -1.8023
3950 48.50 72.14 0.00 -20.4307 -1.8023 -1.8023
3975 47.56 72.24 0.00 -25.2056 -4.6739 -4.6739
4000 46.68 72.54 0.00 -18.9629 -6.6077 -6.6077
4025 46.12 72.89 0.00 -10.1708 -8.3677 -8.3677
4050 46.12 72.89 0.00 -10.1708 -8.3677 -8.3677
4075 45.84 73.43 0.00 -6.0052 -6.6152 -6.6152
4100 45.53 74.15 0.00 -10.6716 -4.9902 -4.9902
4125 44.86 75.10 0.00 -19.7826 -3.7784 -3.7784
4150 44.86 75.10 0.00 -19.7826 -3.7784 -3.7784
4175 43.85 76.21 0.00 -29.2718 -1.3408 -1.3408
4200 42.67 77.00 0.00 -27.8363 1.1537 1.1537
4225 42.67 77.00 0.00 -27.8363 1.1537 1.1537
4250 41.87 77.56 0.00 -14.8449 -1.2734 -1.2734
4275 41.57 77.96 0.00 -3.6550 -1.0758 -1.0758
4300 41.55 78.23 0.00 -0.5519 -3.0437 -3.0437
4325 41.55 78.23 0.00 -0.5519 -3.0437 -3.0437
4350 41.27 78.50 0.00 -13.6595 5.4547 5.4547
4375 39.84 78.69 0.00 -47.8675 14.4772 14.4772
4400 39.84 78.69 0.00 -47.8675 14.4772 14.4772
4425 38.15 78.88 0.00 -58.6359 20.5576 20.5576
4450 35.96 79.20 0.00 -49.9463 15.4837 15.4837
4475 35.96 79.20 0.00 -49.9463 15.4837 15.4837
4500 34.30 79.41 0.00 -36.6596 8.0395 8.0395
4525 33.21 79.55 0.00 -20.6386 -1.2646 -1.2646
4550 33.21 79.55 0.00 -20.6386 -1.2646 -1.2646
4575 32.73 79.63 0.00 -6.4915 -2.2881 -2.2881
4600 32.89 79.76 0.00 8.2056 -1.2994 -1.2994
4625 33.19 79.75 0.00 5.9372 -5.8518 -5.8518
4650 33.19 79.75 0.00 5.9372 -5.8518 -5.8518
4675 33.12 79.90 0.00 -6.7463 -1.6380 -1.6380
4700 32.67 80.16 0.00 -12.8327 -0.5281 -0.5281
4725 32.67 80.16 0.00 -12.8327 -0.5281 -0.5281
4750 32.24 80.47 0.00 -9.7686 1.1479 1.1479
4775 31.86 80.87 0.00 -9.2499 0.6229 0.6229
4800 31.39 81.46 0.00 -15.2561 1.9793 1.9793
4825 31.39 81.46 0.00 -15.2561 1.9793 1.9793
4850 30.60 81.94 0.00 -20.8094 3.2041 3.2041
4875 30.60 81.94 0.00 -20.8094 3.2041 3.2041
4900 29.87 82.25 0.00 -20.0210 8.5824 8.5824
4925 28.78 82.46 0.00 -28.8525 9.3165 9.3165
4950 27.81 82.92 0.00 -18.8035 6.5444 6.5444
4975 27.81 82.92 0.00 -18.8035 6.5444 6.5444
5000 27.37 83.68 0.00 -9.8450 -5.4153 -5.4153
5025 26.99 84.46 0.00 -9.3187 -5.2695 -5.2695
5050 26.99 84.46 0.00 -9.3187 -5.2695 -5.2695
5075 26.47 85.14 0.00 -17.2672 -4.2221 -4.2221
5100 25.55 85.54 0.00 -26.4881 5.9069 5.9069
5125 25.55 85.54 0.00 -26.4881 5.9069 5.9069
5150 24.32 86.02 0.00 -31.5466 2.1304 2.1304
5175 23.17 86.53 0.00 -26.3626 1.5454 1.5454
5200 22.61 86.89 0.00 -14.2727 -3.6773 -3.6773
5225 22.61 86.89 0.00 -14.2727 -3.6773 -3.6773
5250 22.29 87.30 0.00 -6.3435 -10.9198 -10.9198
5275 22.14 87.77 0.00 -2.5320 -7.9117 -7.9117
5300 22.14 87.77 0.00 -2.5320 -7.9117 -7.9117
5325 21.80 88.38 0.00 -13.2916 -4.9464 -4.9464
5350 21.12 88.94 0.00 -17.0437 3.5415 3.5415
5375 20.72 89.31 0.00 -4.0211 -0.6086 -0.6086
5400 20.72 89.31 0.00 -4.0211 -0.6086 -0.6086
5425 20.87 89.30 0.00 8.4499 -8.6937 -8.6937
5450 20.87 89.30 0.00 8.4499 -8.6937 -8.6937
5475 21.36 89.16 0.00 12.8653 -8.9498 -8.9498
5500 21.82 89.10 0.00 10.2961 -5.6866 -5.6866
5525 22.17 89.06 0.00 8.3044 -5.7781 -5.7781
5550 22.47 88.95 0.00 5.9806 -5.1385 -5.1385
5575 22.47 88.95 0.00 5.9806 -5.1385 -5.1385
5600 22.46 88.89 0.00 -3.8306 -0.7631 -0.7631
5625 22.46 88.89 0.00 -3.8306 -0.7631 -0.7631
5650 22.32 88.88 0.00 -2.1466 1.4057 1.4057
5675 22.44 88.74 0.00 6.2766 -5.5840 -5.5840
5700 22.79 88.46 0.00 9.2161 -5.9953 -5.9953
5725 22.79 88.46 0.00 9.2161 -5.9953 -5.9953
5750 23.06 88.17 0.00 3.6338 -4.5846 -4.5846
5775 22.74 88.00 0.00 -13.4796 0.8683 0.8683
5800 22.74 88.00 0.00 -13.4796 0.8683 0.8683
5825 22.04 87.92 0.00 -17.9134 6.5600 6.5600
5850 21.51 87.85 0.00 -9.5253 1.5660 1.5660
5875 21.38 87.72 0.00 -0.9874 -1.1448 -1.1448
5900 21.38 87.72 0.00 -0.9874 -1.1448 -1.1448
5925 21.65 87.45 0.00 9.9732 -7.2279 -7.2279
5950 22.06 87.16 0.00 10.0068 -4.6685 -4.6685
5975 22.06 87.16 0.00 10.0068 -4.6685 -4.6685
6000 22.42 86.82 0.00 8.5400 -0.7872 -0.7872
6025 22.62 86.05 0.00 1.8568 3.8860 3.8860
6050 22.62 86.05 0.00 1.8568 3.8860 3.8860
6075 22.47 84.91 0.00 -5.7837 8.1155 8.1155
6100 22.32 83.96 0.00 -0.3489 2.2942 2.2942
6125 22.32 83.96 0.00 -0.3489 2.2942 2.2942
6150 22.55 83.32 0.00 8.6448 -3.0240 -3.0240
6175 22.96 82.83 0.00 11.5443 -4.7906 -4.7906
6200 23.37 82.01 0.00 8.0248 -5.6719 -5.6719
6225 23.37 82.01 0.00 8.0248 -5.6719 -5.6719
6250 23.37 82.01 0.00 8.0248 -5.6719 -5.6719
6275 23.26 79.46 0.00 -7.1360 -0.9944 -0.9944
6300 23.26 79.46 0.00 -7.1360 -0.9944 -0.9944
6325 22.94 78.43 0.00 -7.5359 -1.5807 -1.5807
6350 22.83 77.39 0.00 0.4689 -2.9243 -2.9243
6375 23.04 76.40 0.00 8.6300 -4.4528 -4.4528
6400 23.04 76.40 0.00 8.6300 -4.4528 -4.4528
6425 23.35 75.63 0.00 6.3580 -4.3300 -4.3300
6450 23.54 74.99 0.00 3.5931 -1.3268 -1.3268
6475 23.54 74.99 0.00 3.5931 -1.3268 -1.3268
6500 23.73 74.42 0.00 6.0205 -3.3500 -3.3500
6525 24.18 73.66 0.00 14.3707 -2.8753 -2.8753
6550 24.18 73.66 0.00 14.3707 -2.8753 -2.8753
6575 24.83 72.94 0.00 16.8888 -5.0878 -5.0878
6600 25.60 72.30 0.00 20.9348 -0.4944 -0.4944
6625 25.60 72.30 0.00 20.9348 -0.4944 -0.4944
6650 26.55 71.54 0.00 24.8123 -5.3104 -5.3104
6675 27.59 70.63 0.00 27.5657 -8.3908 -8.3908
6700 27.59 70.63 0.00 27.5657 -8.3908 -8.3908
6725 28.80 69.64 0.00 29.8837 -4.8762 -4.8762
6750 29.62 68.87 0.00 26.9603 -6.4138 -6.4138
6775 30.74 67.64 0.00 28.3530 0.7108 0.7108
6800 30.74 67.64 0.00 28.3530 0.7108 0.7108
6825 31.94 66.40 0.00 28.0063 2.0021 2.0021
6850 32.83 64.98 0.00 20.8380 4.5193 4.5193
6875 33.53 63.28 0.00 13.9997 11.4372 11.4372
6900 33.53 63.28 0.00 13.9997 11.4372 11.4372
6925 33.84 61.68 0.00 3.3182 8.5070 8.5070
6950 33.88 60.44 0.00 0.9648 5.9900 5.9900
6975 33.88 60.44 0.00 0.9648 5.9900 5.9900
7000 33.91 59.46 0.00 0.6897 2.8333 2.8333
7025 33.80 58.73 0.00 -5.9384 -2.2575 -2.2575
7050 33.80 58.73 0.00 -5.9384 -2.2575 -2.2575
7075 33.41 58.35 0.00 -11.1698 1.6959 1.6959
7100 33.41 58.35 0.00 -11.1698 1.6959 1.6959
7125 33.03 58.21 0.00 -7.3628 0.1754 0.1754
7150 32.80 58.30 0.00 -6.4389 -0.8529 -0.8529
7175 32.60 58.41 0.00 -2.6428 0.4460 0.4460
7200 32.62 58.39 0.00 2.0782 -3.6077 -3.6077
7225 32.62 58.39 0.00 2.0782 -3.6077 -3.6077
7250 32.78 58.27 0.00 5.1371 -0.4554 -0.4554
7275 32.96 58.26 0.00 4.2034 -2.3963 -2.3963
7300 32.96 58.26 0.00 4.2034 -2.3963 -2.3963
7325 33.14 58.32 0.00 4.4784 1.3350 1.3350
7350 33.34 58.42 0.00 5.5417 2.2228 2.2228
7375 33.34 58.42 0.00 5.5417 2.2228 2.2228
7400 33.46 58.56 0.00 0.6925 0.6151 0.6151
7425 33.41 58.65 0.00 -2.0174 2.0140 2.0140
7450 33.37 58.74 0.00 0.9206 -1.0262 -1.0262
7475 33.37 58.74 0.00 0.9206 -1.0262 -1.0262
7500 33.53 58.74 0.00 6.1377 -2.4501 -2.4501
7525 33.53 58.74 0.00 6.1377 -2.4501 -2.4501
7550 33.86 58.61 0.00 13.5751 3.9848 3.9848
7575 34.64 57.99 0.00 21.6824 3.8625 3.8625
7600 35.39 56.90 0.00 14.1163 -7.2121 -7.2121
7625 35.39 56.90 0.00 14.1163 -7.2121 -7.2121
7650 35.75 55.91 0.00 5.2705 -5.1625 -5.1625
7675 35.80 55.24 0.00 -1.0517 -2.1000 -2.1000
7700 35.77 54.74 0.00 0.0353 0.8152 0.8152
7725 35.77 54.74 0.00 0.0353 0.8152 0.8152
7750 35.84 54.21 0.00 2.9618 2.5868 2.5868
7775 36.02 53.54 0.00 5.1472 2.9051 2.9051
7800 36.02 53.54 0.00 5.1472 2.9051 2.9051
7825 36.27 52.85 0.00 6.5705 -0.0809 -0.0809
7850 36.44 52.11 0.00 2.7418 0.1395 0.1395
7875 36.44 52.11 0.00 2.7418 0.1395 0.1395
7900 36.39 51.44 0.00 -3.7839 -0.5663 -0.5663
7925 36.11 50.88 0.00 -8.7300 -0.2461 -0.2461
7950 35.86 50.42 0.00 -3.9904 3.3029 3.3029
7975 35.86 50.42 0.00 -3.9904 3.3029 3.3029
8000 35.87 50.02 0.00 3.2392 0.3321 0.3321
8025 36.09 49.52 0.00 6.5587 1.4376 1.4376
8050 36.09 49.52 0.00 6.5587 1.4376 1.4376
8075 36.27 48.82 0.00 2.9231 -1.4701 -1.4701
8100 36.30 48.06 0.00 -1.0162 0.2286 0.2286
8125 36.18 47.57 0.00 -5.9045 -1.4177 -1.4177
8150 36.18 47.57 0.00 -5.9045 -1.4177 -1.4177
8175 35.86 46.91 0.00 -8.5998 -1.2837 -1.2837
8200 35.55 46.40 0.00 -6.9679 -1.8915 -1.8915
8225 35.55 46.40 0.00 -6.9679 -1.8915 -1.8915
8250 35.32 45.99 0.00 -4.9437 -2.1180 -2.1180
8275 35.22 45.62 0.00 -0.8686 -0.9399 -0.9399
8300 35.22 45.62 0.00 -0.8686 -0.9399 -0.9399
8325 35.29 45.32 0.00 3.0898 -1.7132 -1.7132
8350 35.29 45.32 0.00 3.0898 -1.7132 -1.7132
8375 35.47 44.97 0.00 4.7080 0.9229 0.9229
8400 35.64 44.53 0.00 3.9857 -0.5156 -0.5156
8425 35.75 44.07 0.00 2.2329 -2.2270 -2.2270
8450 35.71 43.55 0.00 -3.9592 -3.3028 -3.3028
8475 35.71 43.55 0.00 -3.9592 -3.3028 -3.3028
8500 35.47 42.90 0.00 -4.5011 -0.7289 -0.7289
8525 35.54 41.97 0.00 6.8752 5.0190 5.0190
8550 35.54 41.97 0.00 6.8752 5.0190 5.0190
8575 35.79 41.14 0.00 3.8001 -3.5881 -3.5881
8600 35.87 40.43 0.00 1.5331 1.8627 1.8627
8625 35.96 39.95 0.00 3.2074 -1.5179 -1.5179
8650 35.96 39.95 0.00 3.2074 -1.5179 -1.5179
8675 36.12 39.78 0.00 3.0630 -4.8327 -4.8327
8700 36.12 39.78 0.00 3.0630 -4.8327 -4.8327
8725 36.16 39.49 0.00 -0.5525 -0.9319 -0.9319
8750 36.11 38.97 0.00 -1.6566 -1.2384 -1.2384
8775 36.09 38.31 0.00 1.0209 0.5731 0.5731
8800 36.21 37.67 0.00 4.2928 0.2687 0.2687
8825 36.21 37.67 0.00 4.2928 0.2687 0.2687
8850 36.50 37.07 0.00 8.6176 4.6890 4.6890
8875 36.50 37.07 0.00 8.6176 4.6890 4.6890
8900 36.78 36.61 0.00 4.6239 0.9317 0.9317
8925 36.73 36.19 0.00 -4.2466 -1.5015 -1.5015
8950 36.46 35.94 0.00 -7.1199 -2.8922 -2.8922
8975 36.46 35.94 0.00 -7.1199 -2.8922 -2.8922
9000 36.25 35.84 0.00 -3.1009 -4.6299 -4.6299
9025 36.20 35.75 0.00 -2.4996 -4.8319 -4.8319
9050 36.20 35.75 0.00 -2.4996 -4.8319 -4.8319
9075 36.02 35.61 0.00 -5.1328 -7.8384 -7.8384
9100 35.82 35.42 0.00 -4.4998 -4.7583 -4.7583
9125 35.68 35.20 0.00 -3.0033 -2.3201 -2.3201
9150 35.68 35.20 0.00 -3.0033 -2.3201 -2.3201
9175 35.54 34.95 0.00 -3.8379 -2.6955 -2.6955
9200 35.38 34.67 0.00 -3.5621 -1.4403 -1.4403
9225 35.38 34.67 0.00 -3.5621 -1.4403 -1.4403
9250 35.27 34.42 0.00 -3.0350 -2.4837 -2.4837
9275 35.13 34.23 0.00 -3.4765 -1.4351 -1.4351
9300 35.13 34.23 0.00 -3.4765 -1.4351 -1.4351
9325 34.98 34.03 0.00 -3.4414 -1.0876 -1.0876
9350 34.86 33.67 0.00 -3.4584 -0.3399 -0.3399
9375 34.66 33.03 0.00 -5.5371 -2.8287 -2.8287
9400 34.66 33.03 0.00 -5.5371 -2.8287 -2.8287
9425 34.47 32.24 0.00 -4.1622 -0.2428 -0.2428
9450 34.47 32.24 0.00 -4.1622 -0.2428 -0.2428
9475 34.34 31.56 0.00 -2.5967 -1.3784 -1.3784
9500 34.23 31.08 0.00 -1.7953 -2.0191 -2.0191
9525 34.22 30.66 0.00 -0.3971 -1.3036 -1.3036
9550 34.22 30.66 0.00 -0.3971 -1.3036 -1.3036
9575 34.20 30.24 0.00 -0.1852 -0.0514 -0.0514
9600 34.13 29.76 0.00 -3.6983 -2.2222 -2.2222
9625 34.13 29.76 0.00 -3.6983 -2.2222 -2.2222
9650 33.89 29.23 0.00 -7.3796 -3.3156 -3.3156
9675 33.59 28.71 0.00 -7.1814 -2.3827 -2.3827
9700 33.36 28.22 0.00 -4.9359 -1.8830 -1.8830
9725 33.36 28.22 0.00 -4.9359 -1.8830 -1.8830
9750 33.14 27.86 0.00 -5.0398 -3.9743 -3.9743
9775 32.96 27.40 0.00 -4.6951 -1.9431 -1.9431
9800 32.96 27.40 0.00 -4.6951 -1.9431 -1.9431
9825 32.73 26.91 0.00 -6.1486 -1.7934 -1.7934
9850 32.42 26.40 0.00 -8.7484 -2.4408 -2.4408
9875 32.13 26.03 0.00 -10.1501 -2.2295 -2.2295
9900 32.13 26.03 0.00 -10.1501 -2.2295 -2.2295
9925 31.70 25.54 0.00 -10.8751 -1.0856 -1.0856
9950 31.29 25.18 0.00 -9.7182 -1.3849 -1.3849
9975 31.29 25.18 0.00 -9.7182 -1.3849 -1.3849
10000 31.00 25.02 0.00 -5.7217 0.5526 0.5526
10025 30.80 24.88 0.00 -4.9759 -0.5518 -0.5518
10050 30.80 24.88 0.00 -4.9759 -0.5518 -0.5518
10075 30.54 24.54 0.00 -8.1368 -3.1855 -3.1855
10100 29.91 23.72 0.00 -19.1990 -4.7918 -4.7918
10125 29.13 22.78 0.00 -18.8626 -0.8546 -0.8546
10150 29.13 22.78 0.00 -18.8626 -0.8546 -0.8546
10175 28.53 22.11 0.00 -12.3115 -0.2921 -0.2921
10200 28.21 21.63 0.00 -5.3964 2.6434 2.6434
10225 28.21 21.63 0.00 -5.3964 2.6434 2.6434
10250 27.90 21.23 0.00 -9.7319 -1.9539 -1.9539
10275 27.48 20.95 0.00 -10.7446 -0.5967 -0.5967
10300 27.04 20.58 0.00 -11.1636 -0.4231 -0.4231
10325 27.04 20.58 0.00 -11.1636 -0.4231 -0.4231
10350 26.62 19.91 0.00 -9.3690 -0.8981 -0.8981
10375 26.29 19.34 0.00 -8.2735 -0.9794 -0.9794
10400 26.29 19.34 0.00 -8.2735 -0.9794 -0.9794
10425 25.97 18.94 0.00 -6.9350 -1.3208 -1.3208
10450 25.77 18.73 0.00 -4.1378 -2.7217 -2.7217
10475 25.77 18.73 0.00 -4.1378 -2.7217 -2.7217
10500 25.73 18.63 0.00 1.3362 -0.9450 -0.9450
10525 25.84 18.76 0.00 2.7587 -0.1844 -0.1844
10550 25.84 18.76 0.00 2.7587 -0.1844 -0.1844
10575 25.92 18.96 0.00 0.3501 0.4381 0.4381
10600 25.86 18.97 0.00 -2.4022 0.1640 0.1640
10625 25.86 18.97 0.00 -2.4022 0.1640 0.1640
10650 25.77 18.95 0.00 -1.7669 1.6224 1.6224
10675 25.68 19.06 0.00 -2.6852 -0.9834 -0.9834
10700 25.68 19.06 0.00 -2.6852 -0.9834 -0.9834
10725 25.55 19.27 0.00 -2.8629 -2.5044 -2.5044
10750 25.53 19.52 0.00 0.3887 0.2228 0.2228
10775 25.57 19.93 0.00 2.7138 3.1295 3.1295
10800 25.57 19.93 0.00 2.7138 3.1295 3.1295
10825 25.64 20.25 0.00 -0.2564 1.6339 1.6339
10850 25.49 20.30 0.00 -5.5897 -1.5195 -1.5195
10875 25.49 20.30 0.00 -5.5897 -1.5195 -1.5195
10900 25.07 20.35 0.00 -14.8712 -6.3181 -6.3181
10925 24.27 20.31 0.00 -23.4522 -13.0155 -13.0155
10950 23.15 20.01 0.00 -28.2280 -18.1437 -18.1437
10975 23.15 20.01 0.00 -28.2280 -18.1437 -18.1437
11000 22.19 19.90 0.00 -20.7842 -8.0497 -8.0497
11025 21.36 19.87 0.00 -20.5980 -9.6873 -9.6873
11050 21.36 19.87 0.00 -20.5980 -9.6873 -9.6873
11075 20.61 19.85 0.00 -18.7675 -9.2812 -9.2812
11100 19.88 19.97 0.00 -15.1271 -7.5883 -7.5883
11125 19.88 19.97 0.00 -15.1271 -7.5883 -7.5883
11150 19.26 19.91 0.00 -15.3451 -9.6136 -9.6136
11175 18.78 19.71 0.00 -10.9460 -6.6348 -6.6348
11200 18.37 19.38 0.00 -9.5580 -5.5872 -5.5872
11225 18.37 19.38 0.00 -9.5580 -5.5872 -5.5872
11250 17.68 18.82 0.00 -20.4494 -16.7313 -16.7313
11275 16.93 18.09 0.00 -18.6817 -13.0577 -13.0577
11300 16.93 18.09 0.00 -18.6817 -13.0577 -13.0577
11325 16.37 17.25 0.00 -11.1575 -6.9803 -6.9803
11350 15.96 16.56 0.00 -8.4348 -6.6742 -6.6742
11375 15.61 15.95 0.00 -11.2683 -11.8536 -11.8536
11400 15.61 15.95 0.00 -11.2683 -11.8536 -11.8536
11425 15.31 15.55 0.00 -8.9882 -9.2387 -9.2387
11450 14.92 15.06 0.00 -9.2844 -10.0757 -10.0757
11475 14.92 15.06 0.00 -9.2844 -10.0757 -10.0757
11500 14.76 14.61 0.00 -0.4263 -3.0127 -3.0127
11525 14.82 14.35 0.00 3.7127 0.1724 0.1724
11550 14.82 14.35 0.00 3.7127 0.1724 0.1724
11575 14.84 14.17 0.00 -4.6571 -8.6238 -8.6238
11600 14.53 13.96 0.00 -8.2478 -6.5043 -6.5043
11625 14.33 13.69 0.00 -2.5847 -1.9689 -1.9689
11650 14.33 13.69 0.00 -2.5847 -1.9689 -1.9689
11675 14.37 13.62 0.00 3.4450 0.7112 0.7112
11700 14.57 13.49 0.00 5.0358 0.0975 0.0975
11725 14.57 13.49 0.00 5.0358 0.0975 0.0975
11750 14.71 13.47 0.00 3.3526 -2.7831 -2.7831
11775 14.86 13.42 0.00 3.4136 -1.1488 -1.1488
11800 14.86 13.42 0.00 3.4136 -1.1488 -1.1488
11825 14.98 13.44 0.00 3.7800 0.7693 0.7693
11850 15.16 13.46 0.00 4.6956 3.4835 3.4835
11875 15.16 13.46 0.00 4.6956 3.4835 3.4835
11900 15.35 13.58 0.00 4.5919 3.5529 3.5529
11925 15.47 13.86 0.00 1.6592 1.7760 1.7760
11950 15.47 14.26 0.00 -2.1402 -0.6442 -0.6442
11975 15.47 14.26 0.00 -2.1402 -0.6442 -0.6442
12000 15.45 15.01 0.00 5.9194 17.3917 17.3917
12025 15.39 16.13 0.00 -8.1828 8.2612 8.2612
12050 15.39 16.13 0.00 -8.1828 8.2612 8.2612
12075 14.78 16.70 0.00 -17.4453 -1.2299 -1.2299
12100 14.25 16.89 0.00 -17.0931 -5.5209 -5.5209
12125 14.25 16.89 0.00 -17.0931 -5.5209 -5.5209
12150 13.80 17.19 0.00 -5.3767 -2.0022 -2.0022
12175 13.74 17.34 0.00 -1.4477 1.2598 1.2598
12200 13.74 17.34 0.00 -1.4477 1.2598 1.2598
12225 13.54 17.65 0.00 -5.4453 -1.2024 -1.2024
12250 13.42 17.96 0.00 -0.9799 1.8563 1.8563
12275 13.46 18.25 0.00 1.8469 0.2308 0.2308
12300 13.46 18.25 0.00 1.8469 0.2308 0.2308
12325 13.56 18.48 0.00 1.7872 -0.1983 -0.1983
12350 13.70 18.70 0.00 6.1011 4.2290 4.2290
12375 13.70 18.70 0.00 6.1011 4.2290 4.2290
12400 13.86 18.83 0.00 2.6095 1.2807 1.2807
12425 13.94 18.68 0.00 1.6839 3.1565 3.1565
12450 14.08 18.49 0.00 5.9119 2.0686 2.0686
12475 14.08 18.49 0.00 5.9119 2.0686 2.0686
12500 14.49 18.53 0.00 13.9420 5.9864 5.9864
12525 15.20 18.87 0.00 14.7460 1.5464 1.5464
12550 15.51 19.40 0.00 5.7651 -1.3944 -1.3944
12575 15.51 19.40 0.00 5.7651 -1.3944 -1.3944
12600 15.68 19.73 0.00 4.3617 1.5185 1.5185
12625 15.84 20.01 0.00 3.2928 1.1409 1.1409
12650 15.84 20.01 0.00 3.2928 1.1409 1.1409
12675 15.86 20.25 0.00 -3.3647 -1.6337 -1.6337
12700 15.33 20.34 0.00 -18.6848 -9.1827 -9.1827
12725 15.33 20.34 0.00 -18.6848 -9.1827 -9.1827
12750 14.59 20.51 0.00 -16.0270 1.4116 1.4116
12775 14.31 20.86 0.00 -1.4334 6.6656 6.6656
12800 14.31 20.86 0.00 -1.4334 6.6656 6.6656
12825 14.53 21.40 0.00 10.4212 5.4486 5.4486
12850 15.10 22.03 0.00 15.6093 6.2023 6.2023
12875 15.65 22.47 0.00 18.7662 8.0926 8.0926
12900 15.65 22.47 0.00 18.7662 8.0926 8.0926
12925 16.37 23.02 0.00 17.3960 5.6692 5.6692
12950 17.06 23.49 0.00 18.1092 7.7972 7.7972
12975 17.06 23.49 0.00 18.1092 7.7972 7.7972
13000 17.59 23.75 0.00 8.6115 -9.4514 -9.4514
13025 18.01 23.49 0.00 13.1844 -7.7918 -7.7918
13050 18.01 23.49 0.00 13.1844 -7.7918 -7.7918
13075 18.76 23.11 0.00 22.2953 2.6129 2.6129
13100 19.87 23.10 0.00 31.6029 10.8799 10.8799
13125 21.31 23.56 0.00 36.5216 14.8245 14.8245
13150 21.31 23.56 0.00 36.5216 14.8245 14.8245
13175 22.72 24.44 0.00 33.6603 12.7376 12.7376
13200 23.75 25.50 0.00 21.4045 5.5763 5.5763
13225 23.75 25.50 0.00 21.4045 5.5763 5.5763
13250 24.45 26.38 0.00 16.3465 6.9507 6.9507
13275 25.20 27.03 0.00 20.9483 11.1263 11.1263
13300 25.20 27.03 0.00 20.9483 11.1263 11.1263
13325 26.16 27.70 0.00 25.3471 15.5526 15.5526
13350 27.04 28.42 0.00 19.6739 9.6632 9.6632
13375 27.04 28.42 0.00 19.6739 9.6632 9.6632
13400 27.68 29.10 0.00 12.9479 7.5715 7.5715
13425 28.09 29.81 0.00 8.5916 6.1703 6.1703
13450 28.47 30.57 0.00 10.0550 8.1009 8.1009
13475 28.47 30.57 0.00 10.0550 8.1009 8.1009
13500 28.89 31.38 0.00 11.0256 7.8606 7.8606
13525 29.38 32.10 0.00 12.6421 9.4768 9.4768
13550 29.38 32.10 0.00 12.6421 9.4768 9.4768
13575 29.95 32.72 0.00 16.0156 11.1669 11.1669
13600 30.71 33.37 0.00 19.7688 12.0488 12.0488
13625 31.61 34.09 0.00 25.1907 12.8462 12.8462
13650 31.61 34.09 0.00 25.1907 12.8462 12.8462
13675 32.66 35.00 0.00 24.8508 8.8968 8.8968
13700 32.66 35.00 0.00 24.8508 8.8968 8.8968
13725 33.59 35.97 0.00 22.3168 9.4219 9.4219
13750 34.18 36.56 0.00 17.4930 7.7765 7.7765
13775 34.75 37.27 0.00 13.2602 7.7312 7.7312
13800 35.16 38.10 0.00 9.5219 2.7094 2.7094
13825 35.16 38.10 0.00 9.5219 2.7094 2.7094
13850 35.61 39.56 0.00 10.3700 2.5995 2.5995
13875 36.11 41.13 0.00 14.4362 4.1977 4.1977
13900 36.11 41.13 0.00 14.4362 4.1977 4.1977
13925 36.59 42.04 0.00 9.8795 2.5838 2.5838
13950 36.87 42.59 0.00 6.1353 2.3841 2.3841
13975 36.87 42.59 0.00 6.1353 2.3841 2.3841
14000 37.15 43.02 0.00 9.0578 5.5923 5.5923
14025 37.72 43.54 0.00 17.4996 9.7785 9.7785
14050 37.72 43.54 0.00 17.4996 9.7785 9.7785
14075 38.75 44.35 0.00 31.5028 16.2654 16.2654
14100 40.32 45.56 0.00 42.3445 19.1062 19.1062
14125 42.02 46.88 0.00 42.4456 14.4314 14.4314
14150 42.02 46.88 0.00 42.4456 14.4314 14.4314
14175 43.60 48.04 0.00 36.8524 11.2512 11.2512
14200 44.81 48.88 0.00 25.1985 6.4735 6.4735
14225 44.81 48.88 0.00 25.1985 6.4735 6.4735
14250 45.58 49.65 0.00 16.7165 8.6859 8.6859
14275 46.39 50.61 0.00 23.0836 18.1833 18.1833
14300 46.39 50.61 0.00 23.0836 18.1833 18.1833
14325 47.38 51.78 0.00 25.4981 9.8332 9.8332
14350 48.43 53.21 0.00 26.4402 1.8196 1.8196
14375 49.46 54.72 0.00 25.2148 -0.3572 -0.3572
14400 49.46 54.72 0.00 25.2148 -0.3572 -0.3572
14425 50.44 56.12 0.00 23.2547 -1.0191 -1.0191
14450 51.29 57.26 0.00 21.4680 2.5178 2.5178
14475 51.29 57.26 0.00 21.4680 2.5178 2.5178
14500 52.20 58.19 0.00 25.5551 4.7455 4.7455
14525 53.18 59.16 0.00 36.0881 9.6159 9.6159
14550 53.18 59.16 0.00 36.0881 9.6159 9.6159
14575 55.07 60.77 0.00 54.9394 12.6651 12.6651
14600 57.50 62.18 0.00 61.6197 3.6400 3.6400
14625 59.86 63.15 0.00 57.4762 -2.2285 -2.2285
14650 59.86 63.15 0.00 57.4762 -2.2285 -2.2285
14675 62.07 63.92 0.00 52.9026 -3.4490 -3.4490
14700 63.97 64.69 0.00 42.5231 -5.8471 -5.8471
14725 63.97 64.69 0.00 42.5231 -5.8471 -5.8471
14750 65.11 65.70 0.00 19.4459 -20.6166 -20.6166
14775 65.57 66.55 0.00 8.0964 -23.1182 -23.1182
14800 66.00 67.01 0.00 12.4781 -16.1173 -16.1173
14825 66.00 67.01 0.00 12.4781 -16.1173 -16.1173
14850 66.39 67.40 0.00 8.2095 -14.5415 -14.5415
14875 66.57 67.88 0.00 0.9877 -6.3435 -6.3435
14900 66.57 67.88 0.00 0.9877 -6.3435 -6.3435
14925 66.39 68.28 0.00 -7.1704 -3.7929 -3.7929
14950 66.05 68.74 0.00 -9.5210 -1.6980 -1.6980
14975 66.05 68.74 0.00 -9.5210 -1.6980 -1.6980
15000 65.80 69.28 0.00 -2.8247 -3.9255 -3.9255
15025 65.89 70.11 0.00 5.3160 -4.0166 -4.0166
15050 65.89 70.11 0.00 5.3160 -4.0166 -4.0166
15075 66.41 71.23 0.00 17.6730 4.8418 4.8418
15100 67.24 72.37 0.00 21.2390 14.8201 14.8201
15125 68.01 73.69 0.00 18.0240 29.2203 29.2203
15150 68.01 73.69 0.00 18.0240 29.2203 29.2203
15175 68.82 75.20 0.00 22.6742 21.9934 21.9934
15200 68.82 75.20 0.00 22.6742 21.9934 21.9934
15225 69.96 76.73 0.00 32.4384 11.8796 11.8796
15250 71.38 78.09 0.00 36.3771 2.1421 2.1421
15275 72.81 79.48 0.00 35.0317 1.3717 1.3717
15300 72.81 79.48 0.00 35.0317 1.3717 1.3717
15325 73.79 80.74 0.00 31.2804 2.7982 2.7982
15350 74.86 82.52 0.00 24.4118 5.6689 5.6689
15375 75.73 84.72 0.00 20.0622 13.5040 13.5040
15400 75.73 84.72 0.00 20.0622 13.5040 13.5040
15425 76.22 87.57 0.00 5.9969 26.4177 26.4177
15450 76.22 87.57 0.00 5.9969 26.4177 26.4177
15475 76.20 89.83 0.00 -1.6803 33.9467 33.9467
15500 76.65 91.69 0.00 20.3976 4.4735 4.4735
15525 77.68 93.49 0.00 26.8117 -1.3440 -1.3440
15550 78.62 95.03 0.00 18.6478 -8.1253 -8.1253
15575 78.62 95.03 0.00 18.6478 -8.1253 -8.1253
15600 79.01 96.66 0.00 5.1121 -1.2635 -1.2635
15625 78.92 97.87 0.00 -5.7813 0.7083 0.7083
15650 78.92 97.87 0.00 -5.7813 0.7083 0.7083
15675 78.67 98.39 0.00 -6.0868 -2.5221 -2.5221
15700 78.52 98.39 0.00 -0.9525 -3.9859 -3.9859
15725 78.52 98.39 0.00 -0.9525 -3.9859 -3.9859
15750 78.66 98.06 0.00 4.7598 1.7504 1.7504
15775 79.00 97.20 0.00 12.2099 2.0766 2.0766
15800 79.00 97.20 0.00 12.2099 2.0766 2.0766
15825 79.62 96.04 0.00 16.9507 4.3320 4.3320
15850 80.31 94.24 0.00 16.7505 11.3158 11.3158
15875 80.31 94.24 0.00 16.7505 11.3158 11.3158
15900 81.03 91.79 0.00 20.0825 7.7045 7.7045
15925 82.01 89.57 0.00 26.3970 8.8934 8.8934
15950 82.99 87.62 0.00 22.6834 7.1113 7.1113
15975 82.99 87.62 0.00 22.6834 7.1113 7.1113
16000 83.65 85.47 0.00 13.6311 10.3301 10.3301
16025 83.98 83.43 0.00 4.8881 9.7103 9.7103
16050 83.98 82.30 0.00 -1.6525 7.7129 7.7129
16075 83.98 82.30 0.00 -1.6525 7.7129 7.7129
16100 83.69 81.43 0.00 -10.3240 7.9885 7.9885
16125 83.28 81.17 0.00 -8.7728 10.1073 10.1073
16150 83.28 81.17 0.00 -8.7728 10.1073 10.1073
16175 83.07 81.31 0.00 -3.3239 6.3261 6.3261
16200 83.07 81.67 0.00 1.2462 3.5414 3.5414
16225 83.07 81.67 0.00 1.2462 3.5414 3.5414
16250 83.07 82.25 0.00 -1.8857 -3.1241 -3.1241
16275 82.82 83.07 0.00 -8.9045 -3.6069 -3.6069
16300 82.82 83.07 0.00 -8.9045 -3.6069 -3.6069
16325 82.47 83.95 0.00 -6.7333 -3.6176 -3.6176
16350 82.40 84.57 0.00 1.6643 1.0634 1.0634
16375 82.78 85.03 0.00 12.9859 1.5434 1.5434
16400 82.78 85.03 0.00 12.9859 1.5434 1.5434
16425 83.34 85.32 0.00 13.3778 -2.7469 -2.7469
16450 83.79 85.63 0.00 9.3642 1.9750 1.9750
16475 83.79 85.63 0.00 9.3642 1.9750 1.9750
16500 84.00 85.49 0.00 2.2725 8.4567 8.4567
16525 83.98 84.79 0.00 -1.7625 2.3353 2.3353
16550 83.91 84.11 0.00 -1.3233 0.7062 0.7062
16575 83.91 84.11 0.00 -1.3233 0.7062 0.7062
16600 83.95 83.45 0.00 2.3375 -4.5641 -4.5641
16625 84.14 83.00 0.00 5.7944 -1.1784 -1.1784
16650 84.14 83.00 0.00 5.7944 -1.1784 -1.1784
16675 84.30 83.32 0.00 1.4827 7.9467 7.9467
16700 84.06 83.07 0.00 -9.8412 9.6957 9.6957
16725 84.06 83.07 0.00 -9.8412 9.6957 9.6957
16750 83.50 82.43 0.00 -15.4058 6.4425 6.4425
16775 83.50 82.43 0.00 -15.4058 6.4425 6.4425
16800 83.01 81.70 0.00 -8.3660 5.4602 5.4602
16825 82.96 81.00 0.00 1.4680 4.3037 4.3037
16850 83.11 80.63 0.00 6.8899 4.0529 4.0529
16875 83.48 80.15 0.00 9.7999 -7.1183 -7.1183
16900 83.48 80.15 0.00 9.7999 -7.1183 -7.1183
16925 83.96 79.92 0.00 12.7240 2.9078 2.9078
16950 83.96 79.92 0.00 12.7240 2.9078 2.9078
16975 84.28 79.86 0.00 4.3361 11.8928 11.8928
17000 84.16 79.61 0.00 -7.1584 17.2221 17.2221
17025 83.77 78.91 0.00 -9.4193 1.9333 1.9333
17050 83.63 77.91 0.00 1.3520 -3.6312 -3.6312
17075 83.63 77.91 0.00 1.3520 -3.6312 -3.6312
17100 83.98 77.03 0.00 12.0560 -2.2537 -2.2537
17125 84.43 76.28 0.00 8.1021 1.7369 1.7369
17150 84.43 76.28 0.00 8.1021 1.7369 1.7369
17175 84.49 75.23 0.00 -2.2529 3.0896 3.0896
17200 84.26 74.15 0.00 -7.9092 6.2759 6.2759
17225 83.96 73.37 0.00 -6.6370 5.7414 5.7414
17250 83.96 73.37 0.00 -6.6370 5.7414 5.7414
17275 83.69 72.91 0.00 -6.6940 -2.3908 -2.3908
17300 83.46 72.47 0.00 -5.1846 -5.4523 -5.4523
17325 83.46 72.47 0.00 -5.1846 -5.4523 -5.4523
17350 83.30 71.84 0.00 -3.3892 2.2517 2.2517
17375 83.19 70.90 0.00 -2.7366 4.0912 4.0912
17400 83.19 70.90 0.00 -2.7366 4.0912 4.0912
17425 83.01 69.86 0.00 -5.9944 2.3300 2.3300
17450 82.69 69.12 0.00 -9.4213 2.4102 2.4102
17475 82.69 69.12 0.00 -9.4213 2.4102 2.4102
17500 82.18 68.62 0.00 -13.1553 2.5931 2.5931
17525 81.78 68.11 0.00 -8.2704 2.3032 2.3032
17550 81.78 68.11 0.00 -8.2704 2.3032 2.3032
17575 81.57 67.74 0.00 -4.2636 2.8952 2.8952
17600 81.34 67.18 0.00 -6.7484 3.6616 3.6616
17625 81.11 66.65 0.00 -7.8355 4.7753 4.7753
17650 81.11 66.65 0.00 -7.8355 4.7753 4.7753
17675 80.86 66.07 0.00 -4.5974 2.9349 2.9349
17700 80.76 65.68 0.00 -1.7512 0.4702 0.4702
17725 80.76 65.68 0.00 -1.7512 0.4702 0.4702
17750 80.65 65.37 0.00 -3.3382 1.0907 1.0907
17775 80.48 65.07 0.00 -4.7837 2.7842 2.7842
17800 80.34 64.73 0.00 -2.2167 3.3882 3.3882
17825 80.34 64.73 0.00 -2.2167 3.3882 3.3882
17850 80.31 64.37 0.00 -0.4175 0.6581 0.6581
17875 80.29 64.06 0.00 -0.5949 1.6892 1.6892
17900 80.29 64.06 0.00 -0.5949 1.6892 1.6892
17925 80.27 63.70 0.00 -0.3982 2.4523 2.4523
17950 80.46 63.14 0.00 8.8801 11.9354 11.9354
17975 80.46 63.14 0.00 8.8801 11.9354 11.9354
18000 80.82 62.15 0.00 11.1029 -1.2459 -1.2459
18025 81.28 60.82 0.00 7.9472 -2.9911 -2.9911
18050 81.28 60.82 0.00 7.9472 -2.9911 -2.9911
18075 81.38 59.38 0.00 -1.4375 -0.5403 -0.5403
18100 81.07 58.36 0.00 -11.4595 -0.5226 -0.5226
18125 80.63 57.65 0.00 -10.6070 5.4255 5.4255
18150 80.63 57.65 0.00 -10.6070 5.4255 5.4255
18175 80.25 56.91 0.00 -8.3553 -1.9751 -1.9751
18200 80.25 56.91 0.00 -8.3553 -1.9751 -1.9751
18225 79.98 56.34 0.00 -7.1556 -0.2298 -0.2298
18250 79.60 55.78 0.00 -10.3629 -1.7908 -1.7908
18275 79.05 55.21 0.00 -15.8575 -1.8076 -1.8076
18300 78.35 54.42 0.00 -18.6115 0.4650 0.4650
18325 78.35 54.42 0.00 -18.6115 0.4650 0.4650
18350 77.56 53.65 0.00 -20.4131 -0.6309 -0.6309
18375 76.96 53.10 0.00 -19.8290 0.7699 0.7699
18400 76.96 53.10 0.00 -19.8290 0.7699 0.7699
18425 76.10 52.46 0.00 -21.7305 -3.2446 -3.2446
18450 75.36 51.96 0.00 -17.0313 1.3831 1.3831
18475 75.36 51.96 0.00 -17.0313 1.3831 1.3831
18500 74.77 51.54 0.00 -12.7223 -1.2491 -1.2491
18525 74.45 51.11 0.00 -5.7373 1.1780 1.1780
18550 74.34 50.64 0.00 -0.5970 0.9479 0.9479
18575 74.34 50.64 0.00 -0.5970 0.9479 0.9479
18600 74.40 50.21 0.00 3.0582 -1.5928 -1.5928
18625 74.51 49.81 0.00 1.4788 -1.3649 -1.3649
18650 74.51 49.81 0.00 1.4788 -1.3649 -1.3649
18675 74.53 49.35 0.00 -0.0542 2.2207 2.2207
18700 74.56 48.88 0.00 2.9741 3.1257 3.1257
18725 74.56 48.88 0.00 2.9741 3.1257 3.1257
18750 74.97 47.85 0.00 14.0813 15.2647 15.2647
18775 75.45 46.35 0.00 8.8478 5.6840 5.6840
18800 75.49 45.04 0.00 -4.4635 -3.6895 -3.6895
18825 75.49 45.04 0.00 -4.4635 -3.6895 -3.6895
18850 75.25 44.17 0.00 -7.5693 -3.4275 -3.4275
18875 74.95 43.78 0.00 -5.3463 -0.9038 -0.9038
18900 74.95 43.78 0.00 -5.3463 -0.9038 -0.9038
18925 74.69 43.40 0.00 -5.5658 -0.2544 -0.2544
18950 74.73 42.88 0.00 3.8488 3.9857 3.9857
18975 74.73 42.88 0.00 3.8488 3.9857 3.9857
19000 75.04 42.37 0.00 12.0803 4.4422 4.4422
19025 75.62 41.79 0.00 10.5551 0.0018 0.0018
19050 75.71 41.32 0.00 -1.4216 -1.2861 -1.2861
19075 75.71 41.32 0.00 -1.4216 -1.2861 -1.2861
19100 75.42 41.04 0.00 -9.4819 -2.3984 -2.3984
19125 75.01 40.94 0.00 -11.3913 -1.8650 -1.8650
19150 75.01 40.94 0.00 -11.3913 -1.8650 -1.8650
19175 74.58 41.04 0.00 -9.8649 -0.5326 -0.5326
19200 74.23 41.19 0.00 -13.5159 -4.8321 -4.8321
19225 73.69 41.22 0.00 -12.7202 -0.8311 -0.8311
19250 73.69 41.22 0.00 -12.7202 -0.8311 -0.8311
19275 73.18 41.01 0.00 -12.4095 -3.8713 -3.8713
19300 72.74 40.79 0.00 -10.9216 -4.0674 -4.0674
19325 72.74 40.79 0.00 -10.9216 -4.0674 -4.0674
19350 72.28 40.69 0.00 -12.0070 -3.8978 -3.8978
19375 71.73 40.57 0.00 -14.4251 -5.3729 -5.3729
19400 71.73 40.57 0.00 -14.4251 -5.3729 -5.3729
19425 71.18 40.40 0.00 -13.5847 -2.1318 -2.1318
19450 70.60 40.16 0.00 -13.4617 -1.2968 -1.2968
19475 70.13 39.83 0.00 -12.2074 -0.3427 -0.3427
19500 70.13 39.83 0.00 -12.2074 -0.3427 -0.3427
19525 69.66 39.44 0.00 -10.6041 -0.1261 -0.1261
19550 69.28 39.00 0.00 -8.6848 -0.5060 -0.5060
19575 69.28 39.00 0.00 -8.6848 -0.5060 -0.5060
19600 68.99 38.45 0.00 -7.4330 -2.2228 -2.2228
19625 68.70 37.93 0.00 -6.1219 -0.8419 -0.8419
19650 68.70 37.93 0.00 -6.1219 -0.8419 -0.8419
19675 68.46 37.62 0.00 -6.6666 -1.0158 -1.0158
19700 68.23 37.39 0.00 -4.2968 2.4141 2.4141
19725 68.23 37.39 0.00 -4.2968 2.4141 2.4141
19750 68.16 37.30 0.00 -0.2657 0.1762 0.1762
19775 68.25 37.35 0.00 2.9089 -0.9388 -0.9388
19800 68.25 37.35 0.00 2.9089 -0.9388 -0.9388
19825 68.28 37.48 0.00 0.1135 -1.9766 -1.9766
19850 68.25 37.49 0.00 -1.5068 -1.4553 -1.4553
19875 68.23 37.51 0.00 0.3365 -0.4569 -0.4569
19900 68.23 37.51 0.00 0.3365 -0.4569 -0.4569
19925 68.21 37.60 0.00 -0.5117 1.5965 1.5965
19950 68.19 37.75 0.00 -1.6374 0.9935 0.9935
19975 68.19 37.75 0.00 -1.6374 0.9935 0.9935
20000 67.99 37.88 0.00 -6.0194 -2.6037 -2.6037
20025 67.76 37.95 0.00 -5.7398 -1.8063 -1.8063
20050 67.54 38.05 0.00 -4.0365 -1.4229 -1.4229
20075 67.54 38.05 0.00 -4.0365 -1.4229 -1.4229
20100 67.49 38.07 0.00 -0.8803 0.4552 0.4552
20125 67.45 38.00 0.00 -1.3910 -0.7784 -0.7784
20150 67.45 38.00 0.00 -1.3910 -0.7784 -0.7784
20175 67.38 37.96 0.00 -2.6021 0.9477 0.9477
20200 67.02 38.17 0.00 -13.7779 -6.5880 -6.5880
20225 67.02 38.17 0.00 -13.7779 -6.5880 -6.5880
20250 66.21 38.79 0.00 -22.9978 -7.9071 -7.9071
20275 65.25 39.74 0.00 -23.8889 -6.8661 -6.8661
20300 65.25 39.74 0.00 -23.8889 -6.8661 -6.8661
20325 64.29 40.98 0.00 -23.9829 -10.2159 -10.2159
20350 63.45 42.39 0.00 -18.1812 -9.7841 -9.7841
20375 62.95 43.76 0.00 -9.4718 -6.0919 -6.0919
20400 62.95 43.76 0.00 -9.4718 -6.0919 -6.0919
20425 62.47 44.98 0.00 -13.4751 -10.6336 -10.6336
20450 61.80 46.04 0.00 -20.2853 -10.9440 -10.9440
20475 61.80 46.04 0.00 -20.2853 -10.9440 -10.9440
20500 60.81 47.21 0.00 -26.4248 -16.7486 -16.7486
20525 59.61 48.70 0.00 -31.2156 -21.6982 -21.6982
20550 58.49 50.38 0.00 -27.1407 -15.4539 -15.4539
20575 58.49 50.38 0.00 -27.1407 -15.4539 -15.4539
20600 57.41 52.13 0.00 -25.4506 -15.1093 -15.1093
20625 57.41 52.13 0.00 -25.4506 -15.1093 -15.1093
20650 56.66 53.31 0.00 -24.9828 -15.2728 -15.2728
20675 55.56 54.60 0.00 -30.2828 -13.3804 -13.3804
20700 54.17 55.89 0.00 -33.4655 -14.9610 -14.9610
20725 54.17 55.89 0.00 -33.4655 -14.9610 -14.9610
20750 53.09 57.01 0.00 -24.2125 -9.5597 -9.5597
20775 52.13 57.87 0.00 -26.0530 -18.6050 -18.6050
20800 52.13 57.87 0.00 -26.0530 -18.6050 -18.6050
20825 50.68 58.87 0.00 -42.4552 -23.6046 -23.6046
20850 48.99 60.33 0.00 -41.3993 -14.3955 -14.3955
20875 48.99 60.33 0.00 -41.3993 -14.3955 -14.3955
20900 47.42 61.85 0.00 -39.1154 -15.0593 -15.0593
20925 45.70 63.10 0.00 -48.0818 -12.2699 -12.2699
20950 43.60 64.10 0.00 -52.4406 -8.2966 -8.2966
20975 43.60 64.10 0.00 -52.4406 -8.2966 -8.2966
21000 41.64 64.69 0.00 -46.0468 -7.1570 -7.1570
21025 40.09 64.92 0.00 -34.2500 -8.6072 -8.6072
21050 38.92 65.30 0.00 -23.9999 -8.9298 -8.9298
21075 38.92 65.30 0.00 -23.9999 -8.9298 -8.9298
21100 38.15 65.74 0.00 -19.9664 -11.0073 -11.0073
21125 37.35 65.96 0.00 -19.1787 -9.3426 -9.3426
21150 37.35 65.96 0.00 -19.1787 -9.3426 -9.3426
21175 36.60 65.86 0.00 -16.9466 -13.9281 -13.9281
21200 35.63 65.92 0.00 -32.8681 -27.6460 -27.6460
21225 34.22 65.76 0.00 -35.3654 -28.8702 -28.8702
21250 34.22 65.76 0.00 -35.3654 -28.8702 -28.8702
21275 32.94 65.48 0.00 -27.7249 -18.0661 -18.0661
21300 32.13 65.61 0.00 -14.2236 -11.1264 -11.1264
21325 32.13 65.61 0.00 -14.2236 -11.1264 -11.1264
21350 31.90 66.18 0.00 -3.3520 -6.8135 -6.8135
21375 31.83 67.36 0.00 1.0290 -10.0681 -10.0681
21400 31.83 67.36 0.00 1.0290 -10.0681 -10.0681
21425 31.95 68.90 0.00 2.3273 -5.8644 -5.8644
21450 32.03 70.36 0.00 1.8689 -2.4651 -2.4651
21475 32.03 70.36 0.00 1.8689 -2.4651 -2.4651
21500 32.01 71.32 0.00 -1.6157 -1.8243 -1.8243
21525 31.90 72.09 0.00 -2.8274 -1.1187 -1.1187
21550 31.90 72.09 0.00 -2.8274 -1.1187 -1.1187
21575 31.75 72.73 0.00 -4.2388 -3.0210 -3.0210
21600 31.61 73.12 0.00 -3.4889 1.5961 1.5961
21625 31.47 73.33 0.00 -3.8503 -2.8806 -2.8806
21650 31.47 73.33 0.00 -3.8503 -2.8806 -2.8806
21675 31.20 73.50 0.00 -9.8050 -0.1920 -0.1920
21700 30.47 73.60 0.00 -22.8014 -1.9320 -1.9320
21725 30.47 73.60 0.00 -22.8014 -1.9320 -1.9320
21750 29.36 73.80 0.00 -29.4649 -0.9502 -0.9502
21775 28.16 74.24 0.00 -29.2505 -2.2296 -2.2296
21800 28.16 74.24 0.00 -29.2505 -2.2296 -2.2296
21825 27.01 74.92 0.00 -30.2459 -2.8563 -2.8563
21850 25.75 75.73 0.00 -31.4464 -3.4930 -3.4930
21875 25.75 75.73 0.00 -31.4464 -3.4930 -3.4930
21900 24.62 76.81 0.00 -27.6177 -9.0231 -9.0231
21925 23.71 78.21 0.00 -17.0687 -10.0123 -10.0123
21950 23.04 79.79 0.00 -17.9111 -18.6507 -18.6507
21975 23.04 79.79 0.00 -17.9111 -18.6507 -18.6507
22000 22.27 81.26 0.00 -20.4387 -2.5931 -2.5931
22025 21.55 82.91 0.00 -14.2746 5.2871 5.2871
22050 21.55 82.91 0.00 -14.2746 5.2871 5.2871
22075 21.31 84.72 0.00 -2.1548 1.4292 1.4292
22100 21.46 86.16 0.00 6.0972 -8.6817 -8.6817
22125 21.51 87.09 0.00 -2.7468 -9.1388 -9.1388
22150 21.51 87.09 0.00 -2.7468 -9.1388 -9.1388
22175 21.16 87.29 0.00 -12.3623 -3.6386 -3.6386
22200 20.66 87.28 0.00 -10.9803 -2.5445 -2.5445
22225 20.66 87.28 0.00 -10.9803 -2.5445 -2.5445
22250 20.32 87.39 0.00 -6.2511 -1.5267 -1.5267
22275 20.25 87.63 0.00 -1.5822 -0.5760 -0.5760
22300 20.11 87.83 0.00 -3.3125 -2.7790 -2.7790
22325 20.11 87.83 0.00 -3.3125 -2.7790 -2.7790
22350 19.94 87.62 0.00 -5.0611 -3.4773 -3.4773
22375 19.73 87.25 0.00 -5.3954 -0.6260 -0.6260
22400 19.73 87.25 0.00 -5.3954 -0.6260 -0.6260
22425 19.29 87.11 0.00 -13.8437 -4.9524 -4.9524
22450 18.70 86.90 0.00 -15.8713 -1.4412 -1.4412
22475 18.70 86.90 0.00 -15.8713 -1.4412 -1.4412
22500 18.09 86.72 0.00 -14.1780 -4.5774 -4.5774
22525 17.41 86.71 0.00 -20.0032 -2.2311 -2.2311
22550 16.68 86.77 0.00 -18.1019 -0.3373 -0.3373
22575 16.68 86.77 0.00 -18.1019 -0.3373 -0.3373
22600 15.96 86.75 0.00 -16.4362 -1.6699 -1.6699
22625 15.41 86.79 0.00 -12.7078 -4.4838 -4.4838
22650 15.41 86.79 0.00 -12.7078 -4.4838 -4.4838
22675 15.00 86.75 0.00 -10.6898 -3.9519 -3.9519
22700 14.37 86.58 0.00 -18.4660 -4.5377 -4.5377
22725 14.37 86.58 0.00 -18.4660 -4.5377 -4.5377
22750 13.70 86.45 0.00 -13.8738 -1.0020 -1.0020
22775 13.52 86.38 0.00 2.5734 -4.1763 -4.1763
22800 13.88 86.24 0.00 12.0393 -8.1422 -8.1422
22825 13.88 86.24 0.00 12.0393 -8.1422 -8.1422
22850 14.47 85.99 0.00 15.3746 -6.9265 -6.9265
22875 14.98 85.68 0.00 11.0614 -8.7126 -8.7126
22900 14.98 85.68 0.00 11.0614 -8.7126 -8.7126
22925 15.29 85.38 0.00 5.6744 -7.9096 -7.9096
22950 15.53 85.01 0.00 7.1632 -6.6244 -6.6244
22975 15.53 85.01 0.00 7.1632 -6.6244 -6.6244
23000 15.84 84.63 0.00 9.0065 -5.1647 -5.1647
23025 16.17 84.41 0.00 11.0948 -4.6424 -4.6424
23050 16.17 84.41 0.00 11.0948 -4.6424 -4.6424
23075 16.64 84.24 0.00 12.4361 -2.9303 -2.9303
23100 17.16 84.10 0.00 11.3954 1.3402 1.3402
23125 17.55 83.88 0.00 8.8741 4.1166 4.1166
23150 17.55 83.88 0.00 8.8741 4.1166 4.1166
23175 17.59 83.46 0.00 -3.0103 1.9958 1.9958
23200 17.37 82.99 0.00 -6.0630 4.1835 4.1835
23225 17.37 82.99 0.00 -6.0630 4.1835 4.1835
23250 17.08 82.60 0.00 -8.3107 2.8246 2.8246
23275 16.72 82.23 0.00 -9.6171 0.8504 0.8504
23300 16.72 82.23 0.00 -9.6171 0.8504 0.8504
23325 16.31 81.75 0.00 -10.0012 -0.6777 -0.6777
23350 16.00 81.26 0.00 -5.1529 -3.7724 -3.7724
23375 15.92 80.76 0.00 -1.0831 0.7556 0.7556
23400 15.92 80.76 0.00 -1.0831 0.7556 0.7556
23425 15.96 80.32 0.00 2.0685 0.3181 0.3181
23450 16.05 79.93 0.00 2.3089 -0.7022 -0.7022
23475 16.05 79.93 0.00 2.3089 -0.7022 -0.7022
23500 16.15 79.49 0.00 2.4400 -0.4511 -0.4511
23525 16.25 79.16 0.00 3.3741 -2.0110 -2.0110
23550 16.37 79.01 0.00 2.0356 -1.9130 -1.9130
23575 16.37 79.01 0.00 2.0356 -1.9130 -1.9130
23600 16.56 78.90 0.00 6.8942 1.3894 1.3894
23625 17.01 78.68 0.00 13.8401 2.4201 2.4201
23650 17.01 78.68 0.00 13.8401 2.4201 2.4201
23675 17.72 78.42 0.00 19.9582 5.9930 5.9930
23700 18.57 78.22 0.00 21.6211 6.1660 6.1660
23725 18.57 78.22 0.00 21.6211 6.1660 6.1660
23750 19.33 78.06 0.00 15.9572 7.1360 7.1360
23775 19.73 77.95 0.00 7.3721 7.5068 7.5068
23800 19.73 77.95 0.00 7.3721 7.5068 7.5068
23825 19.90 77.92 0.00 2.9012 5.8449 5.8449
23850 20.02 77.85 0.00 4.7540 7.0933 7.0933
23875 20.23 77.82 0.00 5.3340 1.9100 1.9100
23900 20.23 77.82 0.00 5.3340 1.9100 1.9100
23925 20.44 77.70 0.00 4.4333 1.7154 1.7154
23950 20.44 77.70 0.00 4.4333 1.7154 1.7154
23975 20.93 77.06 0.00 9.5075 3.9142 3.9142
24000 20.93 77.06 0.00 9.5075 3.9142 3.9142
24025 21.44 76.54 0.00 15.3295 4.6064 4.6064
24050 21.44 76.54 0.00 15.3295 4.6064 4.6064
24075 22.23 76.12 0.00 22.0778 1.4429 1.4429
24100 23.26 75.79 0.00 27.8406 3.5110 3.5110
24125 24.53 75.54 0.00 35.0872 2.7829 2.7829
24150 24.53 75.54 0.00 35.0872 2.7829 2.7829
24175 26.29 75.32 0.00 48.4340 11.8720 11.8720
24200 28.40 75.04 0.00 54.1903 10.0158 10.0158
24225 28.40 75.04 0.00 54.1903 10.0158 10.0158
24250 30.40 74.73 0.00 46.2646 5.3330 5.3330
24275 31.90 74.53 0.00 32.6884 4.2721 4.2721
24300 31.90 74.53 0.00 32.6884 4.2721 4.2721
24325 33.01 74.56 0.00 24.7047 8.0436 8.0436
24350 33.91 74.77 0.00 22.0091 7.3556 7.3556
24375 34.89 74.94 0.00 26.9587 12.7553 12.7553
24400 34.89 74.94 0.00 26.9587 12.7553 12.7553
24425 36.18 75.17 0.00 35.6258 11.3414 11.3414
24450 37.74 75.65 0.00 39.9713 7.7401 7.7401
24475 37.74 75.65 0.00 39.9713 7.7401 7.7401
24500 39.40 75.80 0.00 41.4154 8.7991 8.7991
24525 40.88 75.82 0.00 33.7877 7.0799 7.0799
24550 40.88 75.82 0.00 33.7877 7.0799 7.0799
24575 41.95 75.84 0.00 22.7278 8.1379 8.1379
24600 42.64 75.56 0.00 15.9463 4.9297 4.9297
24625 43.15 74.90 0.00 17.4006 8.2538 8.2538
24650 43.15 74.90 0.00 17.4006 8.2538 8.2538
24675 43.90 73.86 0.00 19.5440 10.5499 10.5499
24700 44.71 73.00 0.00 20.0684 13.6111 13.6111
24725 44.71 73.00 0.00 20.0684 13.6111 13.6111
24750 45.55 72.44 0.00 21.5145 14.4586 14.4586
24775 46.30 72.01 0.00 16.7860 11.9046 11.9046
24800 46.30 72.01 0.00 16.7860 11.9046 11.9046
24825 46.79 71.60 0.00 8.8438 10.8968 10.8968
24850 47.01 71.20 0.00 5.0045 12.8221 12.8221
24875 47.29 70.73 0.00 8.8132 11.0329 11.0329
24900 47.29 70.73 0.00 8.8132 11.0329 11.0329
24925 47.92 70.30 0.00 20.6382 14.5678 14.5678
24950 49.02 69.97 0.00 30.1583 25.2080 25.2080
24975 49.02 69.97 0.00 30.1583 25.2080 25.2080
25000 50.26 69.72 0.00 31.1852 24.7758 24.7758
25025 51.45 69.60 0.00 28.8968 19.4566 19.4566
25050 52.57 69.58 0.00 25.8123 13.7866 13.7866
25075 52.57 69.58 0.00 25.8123 13.7866 13.7866
25100 53.32 69.50 0.00 15.1340 -1.8729 -1.8729
25125 53.96 68.96 0.00 17.3552 -0.9388 -0.9388
25150 54.77 68.24 0.00 22.1666 3.8611 3.8611
25175 54.77 68.24 0.00 22.1666 3.8611 3.8611
25200 55.64 67.53 0.00 20.4941 4.1707 4.1707
25225 55.64 67.53 0.00 20.4941 4.1707 4.1707
25250 56.47 66.58 0.00 22.0507 9.1365 9.1365
25275 57.27 65.50 0.00 18.7754 6.4432 6.4432
25300 57.82 64.54 0.00 8.9621 7.3064 7.3064
25325 57.82 64.54 0.00 8.9621 7.3064 7.3064
25350 57.85 63.95 0.00 -2.3129 3.4401 3.4401
25375 57.66 63.54 0.00 -7.4629 -2.0187 -2.0187
25400 57.66 63.54 0.00 -7.4629 -2.0187 -2.0187
25425 57.50 62.98 0.00 -0.6991 -0.0821 -0.0821
25450 57.75 61.94 0.00 11.1557 2.3302 2.3302
25475 57.75 61.94 0.00 11.1557 2.3302 2.3302
25500 58.27 61.09 0.00 12.5768 4.6613 4.6613
25525 58.96 60.69 0.00 21.7458 6.6213 6.6213
25550 60.09 59.89 0.00 30.3676 9.5795 9.5795
25575 60.09 59.89 0.00 30.3676 9.5795 9.5795
25600 61.23 59.40 0.00 26.5549 13.9176 13.9176
25625 62.10 59.48 0.00 21.1750 9.1210 9.1210
25650 62.10 59.48 0.00 21.1750 9.1210 9.1210
25675 63.04 60.19 0.00 25.5634 13.3208 13.3208
25700 64.34 60.97 0.00 38.7053 14.0159 14.0159
25725 66.48 61.33 0.00 63.1940 23.8228 23.8228
25750 66.48 61.33 0.00 63.1940 23.8228 23.8228
25775 69.02 61.21 0.00 58.1929 14.4732 14.4732
25800 70.56 60.89 0.00 25.2690 5.3034 5.3034
25825 70.56 60.89 0.00 25.2690 5.3034 5.3034
25850 70.67 60.62 0.00 -10.4955 2.0439 2.0439
25875 69.71 60.53 0.00 -28.8855 2.8844 2.8844
25900 69.71 60.53 0.00 -28.8855 2.8844 2.8844
25925 68.64 60.52 0.00 -23.6546 10.3403 10.3403
25950 67.96 60.33 0.00 -12.5039 16.2830 16.2830
25975 67.96 60.33 0.00 -12.5039 16.2830 16.2830
26000 67.70 59.90 0.00 -4.2722 13.3091 13.3091
26025 67.63 59.41 0.00 -0.3448 9.0732 9.0732
26050 67.61 58.81 0.00 -1.3618 4.2416 4.2416
26075 67.61 58.81 0.00 -1.3618 4.2416 4.2416
26100 67.56 58.06 0.00 -0.7017 8.5075 8.5075
26125 67.49 57.34 0.00 -1.5079 6.2283 6.2283
26150 67.49 57.34 0.00 -1.5079 6.2283 6.2283
26175 67.49 56.86 0.00 -1.6106 4.7357 4.7357
26200 67.45 56.52 0.00 -0.2746 -2.2864 -2.2864
26225 67.24 56.43 0.00 -9.3801 -15.5898 -15.5898
26250 67.24 56.43 0.00 -9.3801 -15.5898 -15.5898
26275 66.90 56.63 0.00 -7.0142 -14.9400 -14.9400
26300 66.68 56.41 0.00 -4.4698 -1.7573 -1.7573
26325 66.68 56.41 0.00 -4.4698 -1.7573 -1.7573
26350 66.61 55.97 0.00 0.1616 8.6208 8.6208
26375 66.79 55.91 0.00 7.7128 4.3863 4.3863
26400 67.15 56.31 0.00 8.0996 -0.5682 -0.5682
26425 67.15 56.31 0.00 8.0996 -0.5682 -0.5682
26450 67.65 56.42 0.00 14.5907 9.5246 9.5246
26475 68.28 56.30 0.00 17.4556 5.1682 5.1682
26500 68.28 56.30 0.00 17.4556 5.1682 5.1682
26525 69.08 56.08 0.00 19.9045 10.6680 10.6680
26550 69.08 56.08 0.00 19.9045 10.6680 10.6680
26575 69.71 55.89 0.00 14.6822 3.9725 3.9725
26600 70.27 55.59 0.00 11.7867 13.4671 13.4671
26625 70.58 55.42 0.00 6.4409 8.5807 8.5807
26650 70.58 55.42 0.00 6.4409 8.5807 8.5807
26675 70.71 55.49 0.00 0.9434 5.8769 5.8769
26700 70.84 55.54 0.00 5.1670 11.0457 11.0457
26725 71.06 55.48 0.00 7.6136 12.0020 12.0020
26750 71.06 55.48 0.00 7.6136 12.0020 12.0020
26775 71.42 55.28 0.00 11.3391 11.6127 11.6127
26800 72.37 54.43 0.00 23.7462 17.8131 17.8131
26825 72.37 54.43 0.00 23.7462 17.8131 17.8131
26850 73.23 53.74 0.00 31.7603 17.0771 17.0771
26875 74.60 53.01 0.00 33.0817 13.6486 13.6486
26900 74.60 53.01 0.00 33.0817 13.6486 13.6486
26925 75.68 52.53 0.00 22.3146 8.1019 8.1019
26950 76.14 52.46 0.00 5.2390 1.5488 1.5488
26975 76.03 52.57 0.00 -6.1258 -2.4713 -2.4713
27000 76.03 52.57 0.00 -6.1258 -2.4713 -2.4713
27025 75.88 52.63 0.00 -0.4296 2.6238 2.6238
27050 76.05 52.59 0.00 5.8231 3.0690 3.0690
27075 76.23 52.43 0.00 3.0827 2.4643 2.4643
27100 76.23 52.43 0.00 3.0827 2.4643 2.4643
27125 76.20 52.25 0.00 -3.4740 0.7840 0.7840
27150 75.86 52.23 0.00 -11.4811 -2.2811 -2.2811
27175 75.86 52.23 0.00 -11.4811 -2.2811 -2.2811
27200 75.30 52.30 0.00 -14.8802 -2.1696 -2.1696
27225 74.69 52.42 0.00 -15.3704 0.1963 0.1963
27250 74.69 52.42 0.00 -15.3704 0.1963 0.1963
27275 74.10 52.56 0.00 -14.3963 -0.3935 -0.3935
27300 73.62 52.68 0.00 -10.7356 -1.5007 -1.5007
27325 73.62 52.68 0.00 -10.7356 -1.5007 -1.5007
27350 73.29 52.75 0.00 -6.4356 -0.7136 -0.7136
27375 73.05 52.65 0.00 -6.2051 -2.3483 -2.3483
27400 73.05 52.65 0.00 -6.2051 -2.3483 -2.3483
27425 72.77 52.39 0.00 -6.7225 -2.8083 -2.8083
27450 72.54 52.12 0.00 -5.0654 -2.2680 -2.2680
27475 72.43 51.82 0.00 -1.3999 -2.7967 -2.7967
27500 72.43 51.82 0.00 -1.3999 -2.7967 -2.7967
27525 72.44 51.32 0.00 1.2145 -2.7051 -2.7051
27550 72.46 50.55 0.00 -0.3812 -5.9743 -5.9743
27575 72.46 50.55 0.00 -0.3812 -5.9743 -5.9743
27600 72.44 49.85 0.00 0.1093 -2.3734 -2.3734
27625 72.44 49.85 0.00 0.1093 -2.3734 -2.3734
27650 72.48 49.35 0.00 1.5761 -3.1856 -3.1856
27675 72.55 48.97 0.00 1.1808 -0.3961 -0.3961
27700 72.48 48.60 0.00 -3.5081 -1.9676 -1.9676
27725 72.32 48.28 0.00 -6.3614 0.2819 0.2819
27750 72.32 48.28 0.00 -6.3614 0.2819 0.2819
27775 72.02 47.76 0.00 -7.9406 1.2765 1.2765
27800 71.68 47.12 0.00 -9.4860 -1.0086 -1.0086
27825 71.68 47.12 0.00 -9.4860 -1.0086 -1.0086
27850 71.15 46.37 0.00 -15.8675 0.0059 0.0059
27875 70.29 45.61 0.00 -25.2580 -0.9971 -0.9971
27900 69.11 45.09 0.00 -31.9864 -3.4743 -3.4743
27925 69.11 45.09 0.00 -31.9864 -3.4743 -3.4743
27950 67.70 44.50 0.00 -36.2330 -11.2464 -11.2464
27975 66.32 43.87 0.00 -31.7587 -23.4032 -23.4032
28000 66.32 43.87 0.00 -31.7587 -23.4032 -23.4032
28025 65.43 43.42 0.00 -15.1830 -14.8764 -14.8764
28050 65.16 43.08 0.00 -2.7583 -10.3197 -10.3197
28075 65.18 42.78 0.00 2.4142 -6.7903 -6.7903
28100 65.18 42.78 0.00 2.4142 -6.7903 -6.7903
28125 65.32 42.41 0.00 3.5201 -2.5166 -2.5166
28150 65.32 42.41 0.00 3.5201 -2.5166 -2.5166
28175 65.45 42.07 0.00 2.7269 -3.0386 -3.0386
28200 65.53 41.59 0.00 2.0270 -3.8948 -3.8948
28225 65.59 40.95 0.00 1.2048 -2.0841 -2.0841
28250 65.59 40.95 0.00 1.2048 -2.0841 -2.0841
28275 65.64 40.05 0.00 1.9043 -2.7722 -2.7722
28300 65.77 39.03 0.00 3.2031 1.8804 1.8804
28325 65.77 39.03 0.00 3.2031 1.8804 1.8804
28350 65.80 38.17 0.00 -0.1530 -0.3493 -0.3493
28375 65.68 37.46 0.00 -5.6191 2.2482 2.2482
28400 65.36 36.64 0.00 -9.3751 -1.8713 -1.8713
28425 65.36 36.64 0.00 -9.3751 -1.8713 -1.8713
28450 65.05 36.11 0.00 -9.7961 -0.7765 -0.7765
28475 64.70 35.46 0.00 -8.7029 -3.9833 -3.9833
28500 64.70 35.46 0.00 -8.7029 -3.9833 -3.9833
28525 64.25 34.86 0.00 -16.5405 -10.8220 -10.8220
28550 63.17 34.58 0.00 -29.7342 -20.9556 -20.9556
28575 63.17 34.58 0.00 -29.7342 -20.9556 -20.9556
28600 62.23 34.58 0.00 -17.0802 -10.0651 -10.0651
28625 61.96 34.65 0.00 -1.9988 -2.7286 -2.7286
28650 62.00 34.78 0.00 1.4645 -0.5173 -0.5173
28675 62.00 34.78 0.00 1.4645 -0.5173 -0.5173
28700 62.01 34.80 0.00 -0.3686 -1.6986 -1.6986
28725 62.00 34.64 0.00 -0.3435 0.2941 0.2941
28750 62.00 34.64 0.00 -0.3435 0.2941 0.2941
28775 61.96 34.62 0.00 -1.3877 -0.9608 -0.9608
28800 61.87 34.66 0.00 -2.5705 -0.9845 -0.9845
28825 61.87 34.66 0.00 -2.5705 -0.9845 -0.9845
28850 61.71 34.71 0.00 -4.2830 -2.2901 -2.2901
28875 61.61 34.80 0.00 -2.1585 1.0983 1.0983
28900 61.61 34.80 0.00 -2.1585 1.0983 1.0983
28925 61.52 34.91 0.00 -1.7770 1.2709 1.2709
28950 61.48 35.02 0.00 -0.3378 -0.3703 -0.3703
28975 61.48 35.11 0.00 -0.2695 0.0889 0.0889
29000 61.48 35.11 0.00 -0.2695 0.0889 0.0889
29025 61.41 35.11 0.00 -2.7355 0.4719 0.4719
29050 61.41 35.11 0.00 -2.7355 0.4719 0.4719
29075 61.22 34.96 0.00 -6.5582 1.5749 1.5749
29100 60.85 34.71 0.00 -11.0354 0.3656 0.3656
29125 60.33 34.43 0.00 -12.9715 -0.5311 -0.5311
29150 60.33 34.43 0.00 -12.9715 -0.5311 -0.5311
29175 59.91 34.04 0.00 -9.0001 -2.0667 -2.0667
29200 59.68 33.74 0.00 -6.6248 -0.0963 -0.0963
29225 59.52 33.36 0.00 -2.1479 2.3327 2.3327
29250 59.52 33.36 0.00 -2.1479 2.3327 2.3327
29275 59.54 33.13 0.00 3.3342 5.8166 5.8166
29300 59.88 33.05 0.00 9.6353 2.2840 2.2840
29325 59.88 33.05 0.00 9.6353 2.2840 2.2840
29350 59.86 32.96 0.00 -7.2865 -7.6655 -7.6655
29375 59.38 32.41 0.00 -14.2160 -4.3021 -4.3021
29400 58.80 31.55 0.00 -13.8251 -5.2792 -5.2792
29425 58.80 31.55 0.00 -13.8251 -5.2792 -5.2792
29450 58.29 30.87 0.00 -12.0577 -5.2106 -5.2106
29475 57.78 30.49 0.00 -13.2232 -5.6191 -5.6191
29500 57.78 30.49 0.00 -13.2232 -5.6191 -5.6191
29525 57.22 30.41 0.00 -15.6971 -3.9573 -3.9573
29550 56.55 30.64 0.00 -20.0580 -9.8179 -9.8179
29575 56.55 30.64 0.00 -20.0580 -9.8179 -9.8179
29600 55.42 30.67 0.00 -30.5014 -10.6191 -10.6191
29625 54.30 30.50 0.00 -25.5376 -7.3537 -7.3537
29650 54.30 30.50 0.00 -25.5376 -7.3537 -7.3537
29675 53.53 30.43 0.00 -15.8519 -8.8306 -8.8306
29700 52.97 30.49 0.00 -13.3803 -9.8957 -9.8957
29725 52.39 30.57 0.00 -14.8585 -8.5195 -8.5195
29750 52.39 30.57 0.00 -14.8585 -8.5195 -8.5195
29775 51.89 30.66 0.00 -12.1612 -1.8803 -1.8803
29800 51.34 30.86 0.00 -13.8545 -4.1459 -4.1459
29825 50.86 31.04 0.00 -10.8101 -2.8124 -2.8124
29850 50.86 31.04 0.00 -10.8101 -2.8124 -2.8124
29875 50.47 31.01 0.00 -9.4121 -3.5430 -3.5430
29900 50.16 30.86 0.00 -7.6697 -3.4700 -3.4700
29925 50.16 30.86 0.00 -7.6697 -3.4700 -3.4700
29950 49.86 30.64 0.00 -5.9102 -4.5108 -4.5108
29975 49.69 30.45 0.00 -3.7242 -3.9984 -3.9984
30000 49.69 30.45 0.00 -3.7242 -3.9984 -3.9984
30025 49.60 30.23 0.00 -3.2369 -7.8321 -7.8321
30050 49.39 30.06 0.00 -8.3304 -16.4659 -16.4659
30075 49.39 30.06 0.00 -8.3304 -16.4659 -16.4659
30100 49.13 29.75 0.00 -4.2420 -7.2031 -7.2031
30125 49.07 29.44 0.00 0.1016 -1.0117 -1.0117
30150 49.07 29.44 0.00 0.1016 -1.0117 -1.0117
30175 49.23 29.39 0.00 6.1616 3.9904 3.9904
30200 49.58 29.54 0.00 9.8506 4.3676 4.3676
30225 50.02 29.79 0.00 11.4719 0.8828 0.8828
30250 50.02 29.79 0.00 11.4719 0.8828 0.8828
30275 50.52 30.15 0.00 13.5642 1.4758 1.4758
30300 51.12 30.63 0.00 14.0909 1.7330 1.7330
30325 51.48 31.10 0.00 6.2402 -1.3718 -1.3718
30350 51.48 31.10 0.00 6.2402 -1.3718 -1.3718
30375 51.54 31.33 0.00 -1.1813 -1.9450 -1.9450
30400 51.41 31.55 0.00 -3.2215 -3.9028 -3.9028
30425 51.41 31.55 0.00 -3.2215 -3.9028 -3.9028
30450 51.40 31.84 0.00 1.8872 1.7189 1.7189
30475 51.50 32.20 0.00 2.3421 0.0012 0.0012
30500 51.47 32.68 0.00 -3.7770 -0.3154 -0.3154
30525 51.47 32.68 0.00 -3.7770 -0.3154 -0.3154
30550 51.20 32.99 0.00 -7.3473 -1.2841 -1.2841
30575 50.93 33.08 0.00 -6.5888 2.1621 2.1621
30600 50.93 33.08 0.00 -6.5888 2.1621 2.1621
30625 50.66 33.35 0.00 -6.3583 2.9362 2.9362
30650 50.44 33.55 0.00 -5.8749 2.1778 2.1778
30675 50.44 33.55 0.00 -5.8749 2.1778 2.1778
30700 50.14 33.78 0.00 -8.4862 -3.5618 -3.5618
30725 49.81 33.98 0.00 -12.3275 -8.9583 -8.9583
30750 49.81 33.98 0.00 -12.3275 -8.9583 -8.9583
30775 49.18 34.60 0.00 -18.5366 -7.3139 -7.3139
30800 48.31 34.92 0.00 -22.6150 -4.2661 -4.2661
30825 48.31 34.92 0.00 -22.6150 -4.2661 -4.2661
30850 47.45 35.10 0.00 -19.8257 -5.7535 -5.7535
30875 46.86 35.36 0.00 -12.0510 -4.4155 -4.4155
30900 46.56 35.68 0.00 -4.8354 -4.3843 -4.3843
30925 46.56 35.68 0.00 -4.8354 -4.3843 -4.3843
30950 46.46 35.84 0.00 -2.3010 -6.4904 -6.4904
30975 46.35 35.86 0.00 -3.1152 -4.8507 -4.8507
31000 46.35 35.86 0.00 -3.1152 -4.8507 -4.8507
31025 46.16 36.07 0.00 -5.5143 -4.9988 -4.9988
31050 45.91 36.20 0.00 -6.2606 -2.9095 -2.9095
31075 45.74 36.32 0.00 -1.8982 -1.0783 -1.0783
31100 45.74 36.32 0.00 -1.8982 -1.0783 -1.0783
31125 45.74 36.32 0.00 -1.8982 -1.0783 -1.0783
31150 45.81 36.89 0.00 1.0401 -0.3631 -0.3631
31175 45.81 36.89 0.00 1.0401 -0.3631 -0.3631
31200 45.83 37.25 0.00 0.1988 -2.9042 -2.9042
31225 45.86 37.67 0.00 1.4088 -1.1318 -1.1318
31250 45.98 38.12 0.00 3.8029 2.1049 2.1049
31275 45.98 38.12 0.00 3.8029 2.1049 2.1049
31300 46.11 38.82 0.00 2.1362 5.6311 5.6311
31325 46.14 39.90 0.00 1.3078 2.2266 2.2266
31350 46.14 39.90 0.00 1.3078 2.2266 2.2266
31375 46.30 40.63 0.00 6.1336 -4.2618 -4.2618
31400 46.72 41.17 0.00 12.1062 -2.1341 -2.1341
31425 46.72 41.17 0.00 12.1062 -2.1341 -2.1341
31450 47.21 41.55 0.00 11.7091 -4.6477 -4.6477
31475 47.68 41.85 0.00 12.2562 1.0545 1.0545
31500 48.04 42.04 0.00 6.2582 2.9190 2.9190
31525 48.04 42.04 0.00 6.2582 2.9190 2.9190
31550 48.10 41.93 0.00 -1.0731 3.0142 3.0142
31575 48.06 41.69 0.00 -0.3993 5.2174 5.2174
31600 48.06 41.69 0.00 -0.3993 5.2174 5.2174
31625 48.08 41.53 0.00 1.5028 4.5451 4.5451
31650 48.15 41.32 0.00 1.4790 1.5273 1.5273
31675 48.15 41.32 0.00 1.4790 1.5273 1.5273
31700 48.20 41.23 0.00 1.5711 -0.1367 -0.1367
31725 48.27 41.23 0.00 1.5564 1.9347 1.9347
31750 48.31 41.20 0.00 1.0655 1.4342 1.4342
31775 48.31 41.20 0.00 1.0655 1.4342 1.4342
31800 48.43 41.30 0.00 4.2450 2.6357 2.6357
31825 48.43 41.30 0.00 4.2450 2.6357 2.6357
31850 48.69 41.62 0.00 8.1477 4.4103 4.4103
31875 49.01 42.29 0.00 7.7923 1.9894 1.9894
31900 49.35 43.30 0.00 8.6591 3.3488 3.3488
31925 49.35 43.30 0.00 8.6591 3.3488 3.3488
