%#        Time[ms]        X[pixel],        Y[pixel],        Z[pixel],  dX/dt[pixel/s],  dY/dt[pixel/s],  dZ/dt[pixel/s] 
0 50.00 50.00 0.00 -1.2062 2.3505 2.3505
25 49.95 50.12 0.00 -1.6689 -3.0879 -3.0879
50 49.88 50.40 0.00 -1.8008 -3.3271 -3.3271
75 49.74 50.79 0.00 -4.2710 -7.5432 -7.5432
100 49.74 50.79 0.00 -4.2710 -7.5432 -7.5432
125 49.56 51.34 0.00 -5.4207 2.2967 2.2967
150 49.56 51.34 0.00 -5.4207 2.2967 2.2967
175 49.25 51.75 0.00 -9.0977 5.1392 5.1392
200 48.83 51.90 0.00 -10.6696 1.7677 1.7677
225 48.45 52.11 0.00 -8.9693 -1.7032 -1.7032
250 48.45 52.11 0.00 -8.9693 -1.7032 -1.7032
275 48.15 52.39 0.00 -6.0320 -5.1521 -5.1521
300 47.92 52.83 0.00 -6.4069 -8.0708 -8.0708
325 47.92 52.83 0.00 -6.4069 -8.0708 -8.0708
350 47.64 53.07 0.00 -6.4213 -5.2470 -5.2470
375 47.40 53.11 0.00 -6.9576 -6.3335 -6.3335
400 47.12 52.92 0.00 -6.2882 -4.3914 -4.3914
425 47.12 52.92 0.00 -6.2882 -4.3914 -4.3914
450 46.93 52.62 0.00 -3.9712 -7.1471 -7.1471
475 46.87 52.34 0.00 0.0494 -3.5438 -3.5438
500 46.79 52.06 0.00 -3.2091 -9.9975 -9.9975
525 46.79 52.06 0.00 -3.2091 -9.9975 -9.9975
550 46.58 51.71 0.00 -7.0015 -10.1446 -10.1446
575 46.16 51.50 0.00 -12.4425 -10.7661 -10.7661
600 46.16 51.50 0.00 -12.4425 -10.7661 -10.7661
625 45.53 51.29 0.00 -17.9182 -11.1873 -11.1873
650 44.78 50.77 0.00 -19.2916 -7.0148 -7.0148
675 44.78 50.77 0.00 -19.2916 -7.0148 -7.0148
700 44.02 50.16 0.00 -18.3862 -7.1751 -7.1751
725 44.02 50.16 0.00 -18.3862 -7.1751 -7.1751
750 43.04 49.21 0.00 -8.2943 -1.8539 -1.8539
775 43.04 49.21 0.00 -8.2943 -1.8539 -1.8539
800 42.99 49.07 0.00 3.1933 -2.0871 -2.0871
825 43.18 49.13 0.00 3.5586 -5.0142 -5.0142
850 43.18 49.13 0.00 3.5586 -5.0142 -5.0142
875 43.24 49.06 0.00 0.0160 -3.2837 -3.2837
900 43.13 48.93 0.00 -5.0499 -5.8178 -5.8178
925 43.13 48.93 0.00 -5.0499 -5.8178 -5.8178
950 42.83 48.76 0.00 -8.9074 -4.8377 -4.8377
975 42.45 48.58 0.00 -10.1691 -3.9234 -3.9234
1000 41.92 48.43 0.00 -13.6691 -3.0270 -3.0270
1025 41.92 48.43 0.00 -13.6691 -3.0270 -3.0270
1050 41.39 48.36 0.00 -13.8783 -3.7718 -3.7718
1075 41.39 48.36 0.00 -13.8783 -3.7718 -3.7718
1100 40.85 48.46 0.00 -12.2774 -4.7124 -4.7124
1125 40.37 48.51 0.00 -12.2517 -2.7489 -2.7489
1150 40.37 48.51 0.00 -12.2517 -2.7489 -2.7489
1175 39.91 48.44 0.00 -10.5181 0.9690 0.9690
1200 39.51 48.34 0.00 -10.2970 -1.3716 -1.3716
1225 39.07 48.16 0.00 -11.4146 -2.8205 -2.8205
1250 39.07 48.16 0.00 -11.4146 -2.8205 -2.8205
1275 38.66 48.02 0.00 -8.7671 -3.4832 -3.4832
1300 38.46 47.97 0.00 -1.8688 -3.7602 -3.7602
1325 38.46 47.98 0.00 -1.4382 -4.3009 -4.3009
1350 38.46 47.98 0.00 -1.4382 -4.3009 -4.3009
1375 38.24 47.83 0.00 -8.1531 -1.8445 -1.8445
1400 37.83 47.46 0.00 -10.4645 -3.2668 -3.2668
1425 37.83 47.46 0.00 -10.4645 -3.2668 -3.2668
1450 37.46 47.10 0.00 -9.4428 -5.5488 -5.5488
1475 37.08 46.89 0.00 -8.6551 -3.5981 -3.5981
1500 37.08 46.89 0.00 -8.6551 -3.5981 -3.5981
1525 36.71 46.82 0.00 -9.3161 -7.0077 -7.0077
1550 36.53 46.82 0.00 -4.7350 -3.4963 -3.4963
1575 36.28 46.76 0.00 -6.1820 -8.0339 -8.0339
1600 36.28 46.76 0.00 -6.1820 -8.0339 -8.0339
1625 36.11 46.57 0.00 -3.8567 -2.5495 -2.5495
1650 36.00 46.48 0.00 -0.7545 -4.0968 -4.0968
1675 36.05 46.60 0.00 2.2782 -3.7046 -3.7046
1700 36.05 46.60 0.00 2.2782 -3.7046 -3.7046
1725 36.18 46.75 0.00 2.6714 -3.0193 -3.0193
1750 36.18 46.75 0.00 2.6714 -3.0193 -3.0193
1775 36.20 46.80 0.00 -0.4014 -3.0035 -3.0035
1800 35.98 46.80 0.00 -10.2095 -5.7565 -5.7565
1825 35.34 46.78 0.00 -18.6126 -5.0234 -5.0234
1850 35.34 46.78 0.00 -18.6126 -5.0234 -5.0234
1875 34.68 46.83 0.00 -14.0335 -3.8673 -3.8673
1900 34.30 46.93 0.00 -6.7168 -3.7105 -3.7105
1925 34.30 46.93 0.00 -6.7168 -3.7105 -3.7105
1950 34.09 47.02 0.00 -5.4460 -1.1525 -1.1525
1975 33.91 47.11 0.00 -4.5490 -1.3394 -1.3394
2000 33.91 47.11 0.00 -4.5490 -1.3394 -1.3394
2025 33.73 47.13 0.00 -3.0037 -0.2678 -0.2678
2050 33.68 47.13 0.00 -1.0280 -1.8640 -1.8640
2075 33.66 47.13 0.00 -0.0590 -0.6947 -0.6947
2100 33.66 47.13 0.00 -0.0590 -0.6947 -0.6947
2125 33.64 47.07 0.00 -0.9797 -4.4489 -4.4489
2150 33.61 46.91 0.00 -2.1406 -2.4457 -2.4457
2175 33.61 46.91 0.00 -2.1406 -2.4457 -2.4457
2200 33.43 46.67 0.00 -4.4383 -1.1554 -1.1554
2225 33.34 46.28 0.00 -0.9564 2.3916 2.3916
2250 33.30 45.74 0.00 -0.8014 -1.5712 -1.5712
2275 33.30 45.74 0.00 -0.8014 -1.5712 -1.5712
2300 33.23 45.25 0.00 -3.6231 -1.1021 -1.1021
2325 32.98 44.91 0.00 -9.8354 -3.2163 -3.2163
2350 32.98 44.91 0.00 -9.8354 -3.2163 -3.2163
2375 32.46 44.44 0.00 -16.0370 -3.1098 -3.1098
2400 31.68 43.85 0.00 -20.9500 -5.3656 -5.3656
2425 31.68 43.85 0.00 -20.9500 -5.3656 -5.3656
2450 30.89 43.27 0.00 -17.5769 -1.1372 -1.1372
2475 30.42 42.77 0.00 -8.0705 0.6651 0.6651
2500 30.42 42.77 0.00 -8.0705 0.6651 0.6651
2525 30.33 42.19 0.00 1.0346 -1.6425 -1.6425
2550 30.40 41.76 0.00 1.8376 -1.8694 -1.8694
2575 30.40 41.46 0.00 -1.8773 -0.3390 -0.3390
2600 30.40 41.46 0.00 -1.8773 -0.3390 -0.3390
2625 30.29 41.15 0.00 -2.5980 1.2921 1.2921
2650 30.20 40.90 0.00 -2.5773 -0.9578 -0.9578
2675 30.20 40.90 0.00 -2.5773 -0.9578 -0.9578
2700 30.15 40.60 0.00 -1.1576 0.4441 0.4441
2725 29.96 40.20 0.00 -3.9503 -0.1222 -0.1222
2750 29.49 39.51 0.00 -19.1957 -4.1872 -4.1872
2775 29.49 39.51 0.00 -19.1957 -4.1872 -4.1872
2800 28.71 38.68 0.00 -19.3602 6.8340 6.8340
2825 28.00 38.02 0.00 -14.4878 4.8334 4.8334
2850 28.00 38.02 0.00 -14.4878 4.8334 4.8334
2875 27.35 37.47 0.00 -19.6737 -5.5279 -5.5279
2900 26.75 37.11 0.00 -11.6193 -0.7744 -0.7744
2925 26.75 37.11 0.00 -11.6193 -0.7744 -0.7744
2950 26.47 36.58 0.00 -4.2556 0.0979 0.0979
2975 26.45 36.07 0.00 1.2948 1.2970 1.2970
3000 26.49 35.76 0.00 1.2189 -0.2892 -0.2892
3025 26.49 35.76 0.00 1.2189 -0.2892 -0.2892
3050 26.55 35.58 0.00 0.7855 -1.7263 -1.7263
3075 26.60 35.47 0.00 3.0463 -0.2296 -0.2296
3100 26.60 35.47 0.00 3.0463 -0.2296 -0.2296
3125 26.84 35.20 0.00 6.6197 0.2618 0.2618
3150 27.10 34.96 0.00 5.9776 -2.2222 -2.2222
3175 27.28 34.93 0.00 4.0293 -0.1496 -0.1496
3200 27.28 34.93 0.00 4.0293 -0.1496 -0.1496
3225 27.52 35.13 0.00 8.2885 3.7802 3.7802
3250 28.11 35.41 0.00 18.5552 9.7836 9.7836
3275 28.11 35.41 0.00 18.5552 9.7836 9.7836
3300 28.84 35.74 0.00 16.3747 4.7254 4.7254
3325 29.35 36.15 0.00 8.0418 5.2376 5.2376
3350 29.35 36.15 0.00 8.0418 5.2376 5.2376
3375 29.25 36.58 0.00 -6.7398 1.1545 1.1545
3400 28.91 36.93 0.00 -8.8066 0.8300 0.8300
3425 28.91 36.93 0.00 -8.8066 0.8300 0.8300
3450 28.67 37.31 0.00 -3.6602 -1.7415 -1.7415
3475 28.73 37.71 0.00 4.5889 -0.3277 -0.3277
3500 28.96 38.13 0.00 7.1529 0.1761 0.1761
3525 28.96 38.13 0.00 7.1529 0.1761 0.1761
3550 29.31 38.41 0.00 8.5930 3.5453 3.5453
3575 29.67 38.47 0.00 9.4438 1.7519 1.7519
3600 29.67 38.47 0.00 9.4438 1.7519 1.7519
3625 29.96 38.44 0.00 5.0904 -0.0840 -0.0840
3650 30.13 38.39 0.00 4.2784 2.5450 2.5450
3675 30.13 38.39 0.00 4.2784 2.5450 2.5450
3700 30.40 38.27 0.00 9.0786 4.8558 4.8558
3725 30.80 38.20 0.00 9.3725 0.4918 0.4918
3750 31.18 38.18 0.00 10.0520 4.2781 4.2781
3775 31.18 38.18 0.00 10.0520 4.2781 4.2781
3800 31.48 38.16 0.00 5.5070 0.4024 0.4024
3825 31.59 38.13 0.00 1.3441 0.0110 0.0110
3850 31.59 38.13 0.00 1.3441 0.0110 0.0110
3875 31.57 38.15 0.00 -1.1578 0.6652 0.6652
3900 31.50 38.18 0.00 -2.2334 1.1076 1.1076
3925 31.50 38.18 0.00 -2.2334 1.1076 1.1076
3950 31.48 38.22 0.00 1.4597 2.7245 2.7245
3975 31.65 38.24 0.00 3.6174 1.0555 1.0555
4000 31.65 38.24 0.00 3.6174 1.0555 1.0555
4025 31.75 38.10 0.00 2.7647 2.4114 2.4114
4050 31.74 37.81 0.00 -2.5073 -1.3259 -1.3259
4075 31.61 37.46 0.00 -3.3604 -0.4883 -0.4883
4100 31.61 37.46 0.00 -3.3604 -0.4883 -0.4883
4125 31.29 37.17 0.00 -10.4661 -17.2176 -17.2176
4150 31.10 37.08 0.00 1.8901 -18.4529 -18.4529
4175 31.10 37.08 0.00 1.8901 -18.4529 -18.4529
4200 31.48 37.41 0.00 12.4569 -13.6991 -13.6991
4225 31.99 37.87 0.00 12.2567 -5.7737 -5.7737
4250 32.39 38.18 0.00 6.7601 2.7194 2.7194
4275 32.39 38.18 0.00 6.7601 2.7194 2.7194
4300 32.44 38.27 0.00 -0.9082 6.0646 6.0646
4325 32.35 38.18 0.00 -3.1621 5.0973 5.0973
4350 32.35 38.18 0.00 -3.1621 5.0973 5.0973
4375 32.24 38.11 0.00 -1.5123 0.7981 0.7981
4400 32.30 38.11 0.00 2.4239 0.2365 0.2365
4425 32.30 38.11 0.00 2.4239 0.2365 0.2365
4450 32.42 38.09 0.00 3.6971 1.5795 1.5795
4475 32.57 38.04 0.00 2.8760 3.7474 3.7474
4500 32.62 38.02 0.00 1.1326 4.0073 4.0073
4525 32.62 38.02 0.00 1.1326 4.0073 4.0073
4550 32.66 38.15 0.00 0.5883 2.7710 2.7710
4575 32.71 38.33 0.00 2.5221 2.0982 2.0982
4600 32.71 38.33 0.00 2.5221 2.0982 2.0982
4625 32.94 38.39 0.00 7.0664 2.9497 2.9497
4650 33.19 38.41 0.00 9.1980 2.8143 2.8143
4675 33.19 38.41 0.00 9.1980 2.8143 2.8143
4700 33.62 38.47 0.00 10.8578 4.5413 4.5413
4725 34.20 38.61 0.00 19.3319 12.5914 12.5914
4750 34.20 38.61 0.00 19.3319 12.5914 12.5914
4775 35.14 38.78 0.00 25.9892 10.0890 10.0890
4800 36.18 38.74 0.00 22.5472 3.9246 3.9246
4825 36.55 38.77 0.00 4.2838 -0.8735 -0.8735
4850 36.55 38.77 0.00 4.2838 -0.8735 -0.8735
4875 36.53 38.75 0.00 -3.7418 -0.3842 -0.3842
4900 36.53 38.75 0.00 -3.7418 -0.3842 -0.3842
4925 36.36 38.69 0.00 -4.6263 -1.6850 -1.6850
4950 36.18 38.58 0.00 -3.5929 -4.8790 -4.8790
4975 36.14 38.44 0.00 1.1128 -0.4046 -0.4046
5000 36.14 38.44 0.00 1.1128 -0.4046 -0.4046
5025 36.23 38.39 0.00 1.6370 -3.6236 -3.6236
5050 36.28 38.44 0.00 1.3326 -3.7033 -3.7033
5075 36.23 38.51 0.00 -1.8444 -3.2803 -3.2803
5100 36.23 38.51 0.00 -1.8444 -3.2803 -3.2803
5125 36.20 38.51 0.00 0.0103 -0.4202 -0.4202
5150 36.34 38.48 0.00 4.6215 1.6233 1.6233
5175 36.34 38.48 0.00 4.6215 1.6233 1.6233
5200 36.64 38.45 0.00 10.4184 2.8323 2.8323
5225 37.03 38.29 0.00 8.5879 0.9520 0.9520
5250 37.03 38.29 0.00 8.5879 0.9520 0.9520
5275 37.37 38.07 0.00 8.9723 6.0177 6.0177
5300 37.77 37.95 0.00 10.9243 9.2974 9.2974
5325 38.29 38.01 0.00 12.9641 8.1618 8.1618
5350 38.29 38.01 0.00 12.9641 8.1618 8.1618
5375 38.78 38.09 0.00 12.6914 5.8712 5.8712
5400 39.30 38.06 0.00 13.0620 4.4392 4.4392
5425 39.30 38.06 0.00 13.0620 4.4392 4.4392
5450 39.75 38.01 0.00 15.9520 5.7477 5.7477
5475 40.46 37.95 0.00 18.7455 4.7418 4.7418
5500 40.46 37.95 0.00 18.7455 4.7418 4.7418
5525 41.16 37.99 0.00 15.9335 2.7804 2.7804
5550 41.59 38.12 0.00 6.9010 1.6787 1.6787
5575 41.69 38.28 0.00 1.6730 2.8313 2.8313
5600 41.69 38.28 0.00 1.6730 2.8313 2.8313
5625 41.81 38.37 0.00 4.5600 3.2508 3.2508
5650 41.81 38.37 0.00 4.5600 3.2508 3.2508
5675 42.69 38.75 0.00 15.7312 4.4805 4.4805
5700 42.69 38.75 0.00 15.7312 4.4805 4.4805
5725 43.46 39.03 0.00 21.4588 6.8488 6.8488
5750 44.32 39.39 0.00 20.0166 2.7271 2.7271
5775 44.32 39.39 0.00 20.0166 2.7271 2.7271
5800 45.06 39.68 0.00 16.9142 2.9954 2.9954
5825 45.58 39.86 0.00 10.7474 -1.6415 -1.6415
5850 45.58 39.86 0.00 10.7474 -1.6415 -1.6415
5875 45.90 39.96 0.00 5.4684 0.4897 0.4897
5900 46.00 40.02 0.00 2.0303 -1.7592 -1.7592
5925 46.00 40.02 0.00 2.0303 -1.7592 -1.7592
5950 46.09 40.04 0.00 2.6510 -1.9992 -1.9992
5975 46.25 40.11 0.00 4.7168 1.9742 1.9742
6000 46.25 40.11 0.00 4.7168 1.9742 1.9742
6025 46.44 40.23 0.00 5.8059 2.1987 2.1987
6050 46.77 40.32 0.00 9.8246 4.5455 4.5455
6075 47.17 40.39 0.00 10.5190 2.4684 2.4684
6100 47.17 40.39 0.00 10.5190 2.4684 2.4684
6125 47.52 40.41 0.00 11.8451 2.2993 2.2993
6150 47.92 40.48 0.00 8.1242 -1.1501 -1.1501
6175 47.92 40.48 0.00 8.1242 -1.1501 -1.1501
6200 48.11 40.53 0.00 3.4952 -0.8403 -0.8403
6225 48.17 40.50 0.00 0.9278 -0.3530 -0.3530
6250 48.31 40.45 0.00 4.6540 2.8815 2.8815
6275 48.31 40.45 0.00 4.6540 2.8815 2.8815
6300 48.62 40.45 0.00 11.1495 2.7292 2.7292
6325 49.32 40.50 0.00 20.8456 4.7652 4.7652
6350 49.32 40.50 0.00 20.8456 4.7652 4.7652
6375 50.35 40.59 0.00 28.7791 6.7529 6.7529
6400 51.59 40.78 0.00 30.4324 5.7709 5.7709
6425 51.59 40.78 0.00 30.4324 5.7709 5.7709
6450 52.64 41.06 0.00 23.3810 3.3370 3.3370
6475 53.39 41.27 0.00 15.7931 2.7813 2.7813
6500 53.93 41.46 0.00 11.9771 1.7367 1.7367
6525 53.93 41.46 0.00 11.9771 1.7367 1.7367
6550 54.38 41.72 0.00 12.8121 -3.8721 -3.8721
6575 55.07 41.91 0.00 19.2664 2.6604 2.6604
6600 55.07 41.91 0.00 19.2664 2.6604 2.6604
6625 55.87 42.00 0.00 19.3648 6.9671 6.9671
6650 56.48 42.15 0.00 12.9760 3.7529 3.7529
6675 56.48 42.15 0.00 12.9760 3.7529 3.7529
6700 56.76 42.33 0.00 3.0664 -3.4636 -3.4636
6725 56.83 42.42 0.00 -0.1554 -1.4220 -1.4220
6750 56.69 42.36 0.00 -4.9474 -3.0894 -3.0894
6775 56.69 42.36 0.00 -4.9474 -3.0894 -3.0894
6800 56.52 42.33 0.00 -3.0610 -0.7074 -0.7074
6825 56.47 42.36 0.00 -0.1744 -1.5331 -1.5331
6850 56.47 42.36 0.00 -0.1744 -1.5331 -1.5331
6875 56.59 42.45 0.00 4.9462 0.2195 0.2195
6900 56.80 42.54 0.00 8.4891 2.7466 2.7466
6925 56.80 42.54 0.00 8.4891 2.7466 2.7466
6950 57.26 42.66 0.00 12.5236 3.3320 3.3320
6975 57.82 42.83 0.00 15.0786 3.3259 3.3259
7000 58.45 43.04 0.00 16.0040 2.5055 2.5055
7025 58.45 43.04 0.00 16.0040 2.5055 2.5055
7050 59.15 43.35 0.00 18.4960 2.2556 2.2556
7075 59.96 43.72 0.00 21.6292 2.6711 2.6711
7100 59.96 43.72 0.00 21.6292 2.6711 2.6711
7125 60.81 44.14 0.00 19.8401 1.3076 1.3076
7150 61.50 44.59 0.00 14.9264 1.4455 1.4455
7175 61.91 44.96 0.00 6.7516 -0.5570 -0.5570
7200 61.91 44.96 0.00 6.7516 -0.5570 -0.5570
7225 62.07 45.22 0.00 2.5199 2.6174 2.6174
7250 62.12 45.48 0.00 1.0133 2.6284 2.6284
7275 62.12 45.48 0.00 1.0133 2.6284 2.6284
7300 62.23 45.70 0.00 4.3345 2.3155 2.3155
7325 62.49 45.92 0.00 7.9354 2.0889 2.0889
7350 62.49 45.92 0.00 7.9354 2.0889 2.0889
7375 62.76 46.12 0.00 5.6203 1.8612 1.8612
7400 62.99 46.24 0.00 6.6176 3.5795 3.5795
7425 62.99 46.24 0.00 6.6176 3.5795 3.5795
7450 63.41 46.34 0.00 14.2791 5.6002 5.6002
7475 64.32 46.46 0.00 28.3924 10.6017 10.6017
7500 65.87 46.61 0.00 43.8585 17.8631 17.8631
7525 65.87 46.61 0.00 43.8585 17.8631 17.8631
7550 67.83 46.98 0.00 51.3705 18.9152 18.9152
7575 69.85 47.56 0.00 46.2346 15.9257 15.9257
7600 69.85 47.56 0.00 46.2346 15.9257 15.9257
7625 71.20 48.23 0.00 26.4960 2.7741 2.7741
7650 71.79 48.91 0.00 8.7911 0.8426 0.8426
7675 71.79 48.91 0.00 8.7911 0.8426 0.8426
7700 71.93 49.48 0.00 0.8087 0.8138 0.8138
7725 71.88 50.07 0.00 -0.7895 -0.4107 -0.4107
7750 71.88 50.07 0.00 -0.7895 -0.4107 -0.4107
7775 71.91 50.53 0.00 2.3691 -0.5043 -0.5043
7800 72.06 51.18 0.00 4.5015 -3.1419 -3.1419
7825 72.37 51.97 0.00 9.2127 -0.4769 -0.4769
7850 72.37 51.97 0.00 9.2127 -0.4769 -0.4769
7875 72.87 52.94 0.00 15.2053 2.2578 2.2578
7900 73.73 54.15 0.00 25.3892 5.6729 5.6729
7925 73.73 54.15 0.00 25.3892 5.6729 5.6729
7950 74.93 55.44 0.00 32.6340 10.0009 10.0009
7975 76.38 56.77 0.00 38.9186 3.9303 3.9303
8000 78.15 58.68 0.00 45.6222 -9.2897 -9.2897
8025 78.15 58.68 0.00 45.6222 -9.2897 -9.2897
8050 80.02 61.10 0.00 46.8209 -13.6526 -13.6526
8075 80.02 61.10 0.00 46.8209 -13.6526 -13.6526
8100 81.59 63.09 0.00 32.9748 -17.1602 -17.1602
8125 82.51 64.38 0.00 16.0917 -7.2943 -7.2943
8150 82.76 65.10 0.00 1.1499 1.6319 1.6319
8175 82.76 65.10 0.00 1.1499 1.6319 1.6319
8200 82.65 65.38 0.00 -4.9336 4.0814 4.0814
8225 82.38 65.57 0.00 -7.3566 4.3223 4.3223
8250 82.07 65.80 0.00 -8.4542 2.1318 2.1318
8275 82.07 65.80 0.00 -8.4542 2.1318 2.1318
8300 81.72 65.77 0.00 -8.1867 1.1771 1.1771
8325 81.72 65.77 0.00 -8.1867 1.1771 1.1771
8350 81.45 65.57 0.00 -6.1562 2.4488 2.4488
8375 81.28 65.18 0.00 -3.6847 4.1554 4.1554
8400 81.03 64.28 0.00 -8.2837 4.4028 4.4028
8425 81.03 64.28 0.00 -8.2837 4.4028 4.4028
8450 80.63 62.44 0.00 -9.8119 10.9322 10.9322
8475 80.42 60.16 0.00 -1.0453 7.3708 7.3708
8500 80.67 58.05 0.00 9.5982 2.1913 2.1913
8525 80.67 58.05 0.00 9.5982 2.1913 2.1913
8550 81.07 56.95 0.00 15.3848 1.8538 1.8538
8575 81.76 56.16 0.00 16.7299 -0.5662 -0.5662
8600 81.76 56.16 0.00 16.7299 -0.5662 -0.5662
8625 82.41 55.91 0.00 16.8165 -1.4612 -1.4612
8650 83.15 56.06 0.00 18.8716 2.7469 2.7469
8675 83.15 56.06 0.00 18.8716 2.7469 2.7469
8700 83.93 56.61 0.00 19.8599 0.6043 0.6043
8725 84.78 57.26 0.00 23.1842 -0.4395 -0.4395
8750 85.75 58.01 0.00 23.8282 -2.5332 -2.5332
8775 85.75 58.01 0.00 23.8282 -2.5332 -2.5332
8800 86.75 58.83 0.00 27.4401 -0.5596 -0.5596
8825 87.93 59.50 0.00 29.1300 -1.8408 -1.8408
8850 87.93 59.50 0.00 29.1300 -1.8408 -1.8408
8875 88.97 60.16 0.00 23.9894 -1.0504 -1.0504
8900 89.67 60.72 0.00 12.2602 -2.5814 -2.5814
8925 89.67 60.72 0.00 12.2602 -2.5814 -2.5814
8950 89.96 61.17 0.00 4.3481 0.9021 0.9021
8975 90.04 61.34 0.00 1.5381 3.7523 3.7523
9000 90.14 61.33 0.00 3.3405 3.3584 3.3584
9025 90.14 61.33 0.00 3.3405 3.3584 3.3584
9050 90.36 61.21 0.00 6.9839 1.4627 1.4627
9075 90.77 61.07 0.00 12.0252 2.8609 2.8609
9100 90.77 61.07 0.00 12.0252 2.8609 2.8609
9125 91.38 60.96 0.00 16.8862 4.4614 4.4614
9150 92.08 61.01 0.00 17.2151 2.6305 2.6305
9175 92.76 61.31 0.00 17.0154 3.0860 3.0860
9200 92.76 61.31 0.00 17.0154 3.0860 3.0860
9225 93.46 61.70 0.00 18.1126 3.0722 3.0722
9250 94.04 61.98 0.00 20.2578 2.4520 2.4520
9275 94.04 61.98 0.00 20.2578 2.4520 2.4520
9300 94.94 62.43 0.00 23.6133 3.4226 3.4226
9325 95.89 62.95 0.00 21.8024 2.9030 2.9030
9350 95.89 62.95 0.00 21.8024 2.9030 2.9030
9375 96.44 63.56 0.00 8.1432 -0.9218 -0.9218
9400 96.40 64.24 0.00 -5.8070 0.6897 0.6897
9425 95.99 64.77 0.00 -11.5218 -0.8370 -0.8370
9450 95.99 64.77 0.00 -11.5218 -0.8370 -0.8370
9475 95.51 65.11 0.00 -11.8963 -1.2362 -1.2362
9500 95.51 65.11 0.00 -11.8963 -1.2362 -1.2362
9525 95.07 65.24 0.00 -9.7587 -1.5663 -1.5663
9550 94.73 65.24 0.00 -7.7400 -0.6177 -0.6177
9575 94.73 65.24 0.00 -7.7400 -0.6177 -0.6177
9600 94.48 65.31 0.00 -5.4888 0.1399 0.1399
9625 94.25 65.53 0.00 -6.0135 -1.0940 -1.0940
9650 94.02 65.86 0.00 -5.7781 -0.5786 -0.5786
9675 94.02 65.86 0.00 -5.7781 -0.5786 -0.5786
9700 93.81 66.16 0.00 -4.0426 0.7437 0.7437
9725 93.69 66.39 0.00 -2.3048 0.1653 0.1653
9750 93.65 66.58 0.00 0.2869 -0.3270 -0.3270
9775 93.65 66.58 0.00 0.2869 -0.3270 -0.3270
9800 93.67 66.62 0.00 0.5842 -0.8661 -0.8661
9825 93.69 66.68 0.00 -0.1170 -0.2125 -0.2125
9850 93.69 66.68 0.00 -0.1170 -0.2125 -0.2125
9875 93.65 66.84 0.00 -1.4040 -1.0219 -1.0219
9900 93.61 67.26 0.00 -0.3772 -1.3765 -1.3765
9925 93.56 67.93 0.00 -2.3035 -0.1595 -0.1595
9950 93.56 67.93 0.00 -2.3035 -0.1595 -0.1595
9975 93.38 68.50 0.00 -6.1447 0.4741 0.4741
10000 93.03 68.85 0.00 -10.3291 -2.5103 -2.5103
10025 93.03 68.85 0.00 -10.3291 -2.5103 -2.5103
10050 92.57 69.05 0.00 -11.2064 -2.7389 -2.7389
10075 92.26 69.13 0.00 -8.7911 -3.1925 -3.1925
10100 92.02 69.13 0.00 -4.9477 -3.1616 -3.1616
10125 92.02 69.13 0.00 -4.9477 -3.1616 -3.1616
10150 91.89 69.36 0.00 -2.5773 -3.7875 -3.7875
10175 91.73 69.79 0.00 -5.3264 -6.4733 -6.4733
10200 91.73 69.79 0.00 -5.3264 -6.4733 -6.4733
10225 91.36 70.18 0.00 -11.3375 -1.6460 -1.6460
10250 91.36 70.18 0.00 -11.3375 -1.6460 -1.6460
10275 90.91 70.54 0.00 -9.7753 -1.6900 -1.6900
10300 90.69 70.97 0.00 -3.6283 4.1710 4.1710
10325 90.61 71.43 0.00 -1.1070 0.2130 0.2130
10350 90.61 71.43 0.00 -1.1070 0.2130 0.2130
10375 90.57 71.77 0.00 -1.4974 -2.8501 -2.8501
10400 90.44 71.87 0.00 -4.2580 -5.6899 -5.6899
10425 90.44 71.87 0.00 -4.2580 -5.6899 -5.6899
10450 90.18 72.01 0.00 -8.4976 -6.2212 -6.2212
10475 89.73 72.01 0.00 -12.3429 -2.8388 -2.8388
10500 89.23 71.78 0.00 -12.2940 1.1268 1.1268
10525 89.23 71.78 0.00 -12.2940 1.1268 1.1268
10550 88.79 71.39 0.00 -10.1488 2.8210 2.8210
10575 88.37 71.15 0.00 -10.9316 -0.9537 -0.9537
10600 88.37 71.15 0.00 -10.9316 -0.9537 -0.9537
10625 87.95 70.98 0.00 -10.1655 -2.3882 -2.3882
10650 87.55 70.72 0.00 -9.9723 -1.0499 -1.0499
10675 87.11 70.40 0.00 -12.1209 -0.0437 -0.0437
10700 87.11 70.40 0.00 -12.1209 -0.0437 -0.0437
10725 86.52 70.07 0.00 -16.3409 -1.5446 -1.5446
10750 85.79 69.70 0.00 -18.9985 -2.3697 -2.3697
10775 85.79 69.70 0.00 -18.9985 -2.3697 -2.3697
10800 85.06 69.28 0.00 -16.6973 -3.4527 -3.4527
10825 84.55 68.91 0.00 -10.9196 -2.0205 -2.0205
10850 84.28 68.66 0.00 -8.8302 -1.7639 -1.7639
10875 84.28 68.66 0.00 -8.8302 -1.7639 -1.7639
10900 83.87 68.26 0.00 -11.0568 -3.3924 -3.3924
10925 83.87 68.26 0.00 -11.0568 -3.3924 -3.3924
10950 83.42 67.85 0.00 -10.1501 -1.3754 -1.3754
10975 83.03 67.60 0.00 -10.0763 -1.9672 -1.9672
11000 82.59 67.52 0.00 -11.1879 -4.4827 -4.4827
11025 82.59 67.52 0.00 -11.1879 -4.4827 -4.4827
11050 82.18 67.48 0.00 -9.7030 -2.7490 -2.7490
11075 81.74 67.38 0.00 -11.6225 -5.6711 -5.6711
11100 81.74 67.38 0.00 -11.6225 -5.6711 -5.6711
11125 81.03 67.29 0.00 -22.5121 -14.0706 -14.0706
11150 79.98 67.18 0.00 -30.5648 -11.3888 -11.3888
11175 79.01 67.08 0.00 -19.3196 12.5422 12.5422
11200 79.01 67.08 0.00 -19.3196 12.5422 12.5422
11225 78.11 66.70 0.00 -24.3168 0.9937 0.9937
11250 77.11 66.19 0.00 -24.4854 -6.1235 -6.1235
11275 77.11 66.19 0.00 -24.4854 -6.1235 -6.1235
11300 76.27 66.01 0.00 -18.1976 -4.6314 -4.6314
11325 75.73 66.15 0.00 -9.9952 -3.5300 -3.5300
11350 75.56 66.76 0.00 -2.1037 3.9913 3.9913
11375 75.56 66.76 0.00 -2.1037 3.9913 3.9913
11400 75.40 67.31 0.00 -5.5705 3.4869 3.4869
11425 75.12 67.43 0.00 -7.6606 4.1038 4.1038
11450 75.12 67.43 0.00 -7.6606 4.1038 4.1038
11475 74.84 67.28 0.00 -6.4897 3.4972 3.4972
11500 74.84 67.28 0.00 -6.4897 3.4972 3.4972
11525 74.65 67.13 0.00 -2.9349 2.8286 2.8286
11550 74.65 67.02 0.00 1.2995 5.2137 5.2137
11575 74.78 66.87 0.00 4.4837 2.9948 2.9948
11600 74.78 66.87 0.00 4.4837 2.9948 2.9948
11625 75.01 66.75 0.00 5.7084 1.7696 1.7696
11650 75.12 66.72 0.00 2.8724 0.5492 0.5492
11675 75.16 66.82 0.00 -0.6944 1.7252 1.7252
11700 75.16 66.82 0.00 -0.6944 1.7252 1.7252
11725 75.04 66.85 0.00 -3.9952 1.9467 1.9467
11750 74.86 66.80 0.00 -4.8913 1.9383 1.9383
11775 74.86 66.80 0.00 -4.8913 1.9383 1.9383
11800 74.62 66.74 0.00 -6.6895 1.2621 1.2621
11825 74.34 66.67 0.00 -7.4533 1.0161 1.0161
11850 74.34 66.67 0.00 -7.4533 1.0161 1.0161
11875 73.99 66.62 0.00 -9.5083 -0.3708 -0.3708
11900 73.57 66.59 0.00 -11.5041 -0.6376 -0.6376
11925 72.96 66.56 0.00 -17.0498 -3.7804 -3.7804
11950 72.96 66.56 0.00 -17.0498 -3.7804 -3.7804
11975 72.21 66.53 0.00 -20.0772 -4.0910 -4.0910
12000 71.38 66.58 0.00 -20.0810 -4.6147 -4.6147
12025 71.38 66.58 0.00 -20.0810 -4.6147 -4.6147
12050 70.69 66.66 0.00 -15.1348 -2.9392 -2.9392
12075 70.24 66.72 0.00 -8.5633 -2.3722 -2.3722
12100 70.24 66.72 0.00 -8.5633 -2.3722 -2.3722
12125 70.02 66.77 0.00 -3.7721 -0.2454 -0.2454
12150 69.80 67.04 0.00 -7.0666 -2.5223 -2.5223
12175 69.44 67.36 0.00 -10.7918 -0.1177 -0.1177
12200 69.44 67.36 0.00 -10.7918 -0.1177 -0.1177
12225 68.97 67.38 0.00 -11.7134 -1.0878 -1.0878
12250 68.59 67.27 0.00 -7.9990 -3.0567 -3.0567
12275 68.59 67.27 0.00 -7.9990 -3.0567 -3.0567
12300 68.39 67.19 0.00 -2.6150 -4.0709 -4.0709
12325 68.39 67.14 0.00 1.0519 -3.9332 -3.9332
12350 68.43 67.03 0.00 0.3645 0.2015 0.2015
12375 68.43 67.03 0.00 0.3645 0.2015 0.2015
12400 68.32 66.95 0.00 -5.3235 -1.1201 -1.1201
12425 68.12 66.86 0.00 -6.6367 0.1562 0.1562
12450 68.12 66.86 0.00 -6.6367 0.1562 0.1562
12475 67.87 66.77 0.00 -5.5407 -0.2689 -0.2689
12500 67.70 66.75 0.00 -3.0530 -1.5670 -1.5670
12525 67.70 66.75 0.00 -3.0530 -1.5670 -1.5670
12550 67.65 66.73 0.00 -0.3576 -0.4022 -0.4022
12575 67.67 66.75 0.00 0.5047 -1.5670 -1.5670
12600 67.67 66.81 0.00 -0.7001 0.1564 0.1564
12625 67.67 66.81 0.00 -0.7001 0.1564 0.1564
12650 67.60 66.88 0.00 -1.4393 1.0784 1.0784
12675 67.60 66.88 0.00 -1.4393 1.0784 1.0784
12700 67.56 66.84 0.00 -1.5863 0.6397 0.6397
12725 67.45 66.78 0.00 -3.4497 1.8389 1.8389
12750 67.20 66.74 0.00 -8.2495 2.0227 2.0227
12775 67.20 66.74 0.00 -8.2495 2.0227 2.0227
12800 66.72 66.67 0.00 -13.8101 -1.3192 -1.3192
12825 66.18 66.60 0.00 -13.4650 -0.9536 -0.9536
12850 66.18 66.60 0.00 -13.4650 -0.9536 -0.9536
12875 65.66 66.44 0.00 -12.1859 -0.8378 -0.8378
12900 65.18 66.19 0.00 -12.1561 -2.6516 -2.6516
12925 65.18 66.19 0.00 -12.1561 -2.6516 -2.6516
12950 64.68 65.91 0.00 -13.2807 -2.7612 -2.7612
12975 64.09 65.55 0.00 -15.0264 -3.0577 -3.0577
13000 63.45 65.12 0.00 -16.4742 -2.2879 -2.2879
13025 63.45 65.12 0.00 -16.4742 -2.2879 -2.2879
13050 62.77 64.73 0.00 -17.0075 -3.3119 -3.3119
13075 62.17 64.45 0.00 -13.7563 -2.6415 -2.6415
13100 62.17 64.45 0.00 -13.7563 -2.6415 -2.6415
13125 61.73 64.22 0.00 -9.3993 -1.4490 -1.4490
13150 61.48 63.97 0.00 -4.1034 -0.2011 -0.2011
13175 61.48 63.97 0.00 -4.1034 -0.2011 -0.2011
13200 61.45 63.72 0.00 0.5280 -0.7884 -0.7884
13225 61.52 63.57 0.00 2.5643 -1.4635 -1.4635
13250 61.61 63.47 0.00 1.8732 -0.6387 -0.6387
13275 61.61 63.47 0.00 1.8732 -0.6387 -0.6387
13300 61.64 63.41 0.00 0.4651 0.2218 0.2218
13325 61.69 63.33 0.00 2.3851 0.4511 0.4511
13350 61.87 63.24 0.00 5.4501 2.0123 2.0123
13375 61.87 63.24 0.00 5.4501 2.0123 2.0123
13400 62.12 63.14 0.00 5.8192 2.2431 2.2431
13425 62.30 63.07 0.00 3.3769 1.2187 1.2187
13450 62.30 63.07 0.00 3.3769 1.2187 1.2187
13475 62.40 63.00 0.00 2.5411 3.5297 3.5297
13500 62.49 63.11 0.00 1.7208 4.3707 4.3707
13525 62.49 63.11 0.00 1.7208 4.3707 4.3707
13550 62.51 63.27 0.00 -0.2418 3.6639 3.6639
13575 62.42 63.36 0.00 -3.2960 2.6587 2.6587
13600 62.19 63.35 0.00 -7.6653 0.8021 0.8021
13625 62.19 63.35 0.00 -7.6653 0.8021 0.8021
13650 61.78 63.22 0.00 -11.1663 2.5935 2.5935
13675 61.32 63.07 0.00 -11.8891 1.5913 1.5913
13700 61.32 63.07 0.00 -11.8891 1.5913 1.5913
13725 60.90 62.88 0.00 -9.7529 1.6260 1.6260
13750 60.53 62.66 0.00 -9.0595 0.5494 0.5494
13775 60.53 62.66 0.00 -9.0595 0.5494 0.5494
13800 60.18 62.52 0.00 -8.3084 0.0311 0.0311
13825 59.86 62.44 0.00 -7.8623 0.3506 0.3506
13850 59.86 62.44 0.00 -7.8623 0.3506 0.3506
13875 59.56 62.31 0.00 -7.3917 0.3342 0.3342
13900 59.29 62.22 0.00 -5.4328 0.8972 0.8972
13925 59.00 62.31 0.00 -9.1381 -1.2207 -1.2207
13950 59.00 62.31 0.00 -9.1381 -1.2207 -1.2207
13975 58.77 62.37 0.00 -6.5696 2.8457 2.8457
14000 58.61 62.36 0.00 -2.5315 7.6251 7.6251
14025 58.61 62.36 0.00 -2.5315 7.6251 7.6251
14050 58.57 62.21 0.00 -0.0614 3.7073 3.7073
14075 58.73 61.96 0.00 6.5836 -4.0984 -4.0984
14100 59.00 61.63 0.00 6.2512 -11.4775 -11.4775
14125 59.00 61.63 0.00 6.2512 -11.4775 -11.4775
14150 59.08 61.36 0.00 -2.5008 -8.1800 -8.1800
14175 58.77 61.15 0.00 -9.5771 0.1485 0.1485
14200 58.77 61.15 0.00 -9.5771 0.1485 0.1485
14225 58.17 60.86 0.00 -18.1457 0.5998 0.5998
14250 57.38 60.55 0.00 -19.7076 1.4111 1.4111
14275 57.38 60.55 0.00 -19.7076 1.4111 1.4111
14300 56.66 60.24 0.00 -16.0958 -1.7030 -1.7030
14325 56.19 59.90 0.00 -8.2705 -3.0132 -3.0132
14350 56.19 59.90 0.00 -8.2705 -3.0132 -3.0132
14375 56.03 59.51 0.00 -1.3945 -2.0304 -2.0304
14400 56.10 59.16 0.00 2.3536 -3.3502 -3.3502
14425 56.19 58.81 0.00 2.2072 -0.5630 -0.5630
14450 56.19 58.81 0.00 2.2072 -0.5630 -0.5630
14475 56.20 58.49 0.00 -0.8699 -0.1120 -0.1120
14500 56.13 58.12 0.00 -1.9271 -0.9339 -0.9339
14525 56.13 58.12 0.00 -1.9271 -0.9339 -0.9339
14550 56.08 57.77 0.00 -0.7992 -0.9312 -0.9312
14575 56.08 57.49 0.00 0.5150 -0.0166 -0.0166
14600 56.12 57.27 0.00 0.8933 0.2971 0.2971
14625 56.12 57.27 0.00 0.8933 0.2971 0.2971
14650 56.22 56.99 0.00 4.8398 2.8347 2.8347
14675 56.50 56.59 0.00 7.8402 1.0649 1.0649
14700 56.50 56.59 0.00 7.8402 1.0649 1.0649
14725 56.82 56.08 0.00 6.0495 2.4685 2.4685
14750 56.89 55.70 0.00 1.1937 1.1956 1.1956
14775 56.89 55.70 0.00 1.1937 1.1956 1.1956
14800 56.82 55.31 0.00 -3.4266 0.5956 0.5956
14825 56.62 54.99 0.00 -4.8088 0.6123 0.6123
14850 56.62 54.99 0.00 -4.8088 0.6123 0.6123
14875 56.45 54.59 0.00 -4.3054 0.3362 0.3362
14900 56.26 54.20 0.00 -4.5060 1.6799 1.6799
14925 56.08 53.99 0.00 -4.6606 -0.5555 -0.5555
14950 56.08 53.99 0.00 -4.6606 -0.5555 -0.5555
14975 55.87 53.89 0.00 -5.3723 -1.9427 -1.9427
15000 55.68 53.82 0.00 -4.7011 -1.3441 -1.3441
15025 55.68 53.82 0.00 -4.7011 -1.3441 -1.3441
15050 55.52 53.80 0.00 -3.7742 -1.9330 -1.9330
15075 55.36 53.78 0.00 -3.8420 -2.0972 -2.0972
15100 55.21 53.76 0.00 -3.9081 -1.6159 -1.6159
15125 55.21 53.76 0.00 -3.9081 -1.6159 -1.6159
15150 55.05 53.71 0.00 -3.7739 -1.2935 -1.2935
15175 54.87 53.60 0.00 -5.3537 -3.6969 -3.6969
15200 54.87 53.60 0.00 -5.3537 -3.6969 -3.6969
15225 54.63 53.55 0.00 -5.9085 -3.0659 -3.0659
15250 54.38 53.53 0.00 -6.2792 -3.5986 -3.5986
15275 54.38 53.53 0.00 -6.2792 -3.5986 -3.5986
15300 54.17 53.50 0.00 -4.8521 -2.8959 -2.8959
15325 54.02 53.43 0.00 -3.4531 -2.6584 -2.6584
15350 54.02 53.43 0.00 -3.4531 -2.6584 -2.6584
15375 53.91 53.34 0.00 -1.8548 -2.5391 -2.5391
15400 53.91 53.34 0.00 -1.8548 -2.5391 -2.5391
15425 53.98 53.15 0.00 4.6519 2.2300 2.2300
15450 54.26 52.76 0.00 6.9889 5.9475 5.9475
15475 54.45 52.45 0.00 6.3395 2.8936 2.8936
15500 54.45 52.45 0.00 6.3395 2.8936 2.8936
15525 54.73 52.05 0.00 6.6786 2.0759 2.0759
15550 54.94 51.61 0.00 4.4699 -0.3011 -0.3011
15575 55.07 51.15 0.00 2.3351 -1.7124 -1.7124
15600 55.07 51.15 0.00 2.3351 -1.7124 -1.7124
15625 55.08 50.75 0.00 -0.7097 0.4527 0.4527
15650 54.98 50.44 0.00 -4.1344 -0.0918 -0.0918
15675 54.80 50.12 0.00 -4.1929 -0.1930 -0.1930
15700 54.80 50.12 0.00 -4.1929 -0.1930 -0.1930
15725 54.68 49.70 0.00 -2.5984 10.5328 10.5328
15750 54.44 49.16 0.00 -9.0967 15.4253 15.4253
15775 54.44 49.16 0.00 -9.0967 15.4253 15.4253
15800 53.96 48.59 0.00 -12.3022 14.5442 14.5442
15825 53.53 47.97 0.00 -10.3403 11.7911 11.7911
15850 53.53 47.97 0.00 -10.3403 11.7911 11.7911
15875 53.18 47.33 0.00 -6.9546 5.9992 5.9992
15900 53.04 46.73 0.00 -1.4335 3.5665 3.5665
15925 53.09 46.25 0.00 3.5663 2.5299 2.5299
15950 53.09 46.25 0.00 3.5663 2.5299 2.5299
15975 53.33 45.84 0.00 7.1421 2.7012 2.7012
16000 53.63 45.46 0.00 7.3729 8.4902 8.4902
16025 53.63 45.46 0.00 7.3729 8.4902 8.4902
16050 53.82 44.97 0.00 2.4164 7.0765 7.0765
16075 53.88 44.37 0.00 1.2407 3.7740 3.7740
16100 53.88 44.37 0.00 1.2407 3.7740 3.7740
16125 53.96 43.90 0.00 2.5793 1.6622 1.6622
16150 54.03 43.46 0.00 0.9601 0.8014 0.8014
16175 54.02 43.11 0.00 -1.2914 -0.7944 -0.7944
16200 54.02 43.11 0.00 -1.2914 -0.7944 -0.7944
16225 53.93 42.81 0.00 -2.2186 -1.9820 -1.9820
16250 53.93 42.81 0.00 -2.2186 -1.9820 -1.9820
16275 53.88 42.46 0.00 -0.3120 -2.2517 -2.2517
16300 53.84 41.92 0.00 -1.4471 -5.8018 -5.8018
16325 53.84 41.58 0.00 1.0993 -5.8525 -5.8525
16350 53.84 41.58 0.00 1.0993 -5.8525 -5.8525
16375 53.88 41.36 0.00 -0.1465 -1.0985 -1.0985
16400 53.88 41.36 0.00 -0.1465 -1.0985 -1.0985
16425 53.61 40.97 0.00 -2.3954 -2.3288 -2.3288
16450 53.61 40.97 0.00 -2.3954 -2.3288 -2.3288
16475 53.58 41.13 0.00 0.4748 -2.1671 -2.1671
16500 53.58 41.13 0.00 0.4748 -2.1671 -2.1671
16525 53.65 41.62 0.00 1.9275 -0.9228 -0.9228
16550 53.74 41.99 0.00 2.0643 -2.1041 -2.1041
16575 53.77 41.95 0.00 0.0848 -0.7151 -0.7151
16600 53.77 41.95 0.00 0.0848 -0.7151 -0.7151
16625 53.74 41.92 0.00 -2.2121 1.3630 1.3630
16650 53.44 42.13 0.00 -10.8655 -3.1172 -3.1172
16675 52.88 42.27 0.00 -14.7840 -4.6439 -4.6439
16700 52.88 42.27 0.00 -14.7840 -4.6439 -4.6439
16725 52.36 42.59 0.00 -11.3452 -3.0286 -3.0286
16750 51.99 42.75 0.00 -8.0870 -1.7977 -1.7977
16775 51.99 42.75 0.00 -8.0870 -1.7977 -1.7977
16800 51.68 42.94 0.00 -8.4210 -1.7647 -1.7647
16825 51.33 43.15 0.00 -8.3995 -1.6121 -1.6121
16850 51.33 43.15 0.00 -8.3995 -1.6121 -1.6121
16875 51.10 43.13 0.00 -3.5791 -2.0428 -2.0428
16900 51.03 42.90 0.00 -0.5420 -0.8483 -0.8483
16925 51.03 42.90 0.00 -0.5420 -0.8483 -0.8483
16950 51.08 42.71 0.00 2.1746 -1.3158 -1.3158
16975 51.13 42.57 0.00 1.4715 -4.6096 -4.6096
17000 51.24 42.34 0.00 3.6722 -3.9505 -3.9505
17025 51.24 42.34 0.00 3.6722 -3.9505 -3.9505
17050 51.36 42.12 0.00 3.3284 -2.9218 -2.9218
17075 51.45 41.80 0.00 1.6354 0.0846 0.0846
17100 51.45 41.80 0.00 1.6354 0.0846 0.0846
17125 51.50 41.43 0.00 1.1869 -1.1237 -1.1237
17150 51.61 41.04 0.00 4.1255 -0.2174 -0.2174
17175 51.90 40.46 0.00 9.0036 2.0250 2.0250
17200 51.90 40.46 0.00 9.0036 2.0250 2.0250
17225 52.25 39.74 0.00 8.0904 1.3976 1.3976
17250 52.48 39.02 0.00 3.6369 1.3721 1.3721
17275 52.48 39.02 0.00 3.6369 1.3721 1.3721
17300 52.46 38.35 0.00 -3.2940 -1.7069 -1.7069
17325 52.29 37.59 0.00 -3.8471 -3.2012 -3.2012
17350 52.23 36.58 0.00 0.2991 -1.6871 -1.6871
17375 52.23 36.58 0.00 0.2991 -1.6871 -1.6871
17400 52.32 35.44 0.00 3.4529 0.2446 0.2446
17425 52.32 35.44 0.00 3.4529 0.2446 0.2446
17450 52.43 34.17 0.00 1.8270 0.5530 0.5530
17475 52.46 33.05 0.00 -0.1292 1.8693 1.8693
17500 52.37 32.24 0.00 -2.9668 -0.7942 -0.7942
17525 52.37 32.24 0.00 -2.9668 -0.7942 -0.7942
17550 52.25 31.72 0.00 -3.1138 -3.2032 -3.2032
17575 52.25 31.72 0.00 -3.1138 -3.2032 -3.2032
17600 52.16 31.29 0.00 -0.7538 -2.2660 -2.2660
17625 52.18 30.89 0.00 0.3601 -2.8377 -2.8377
17650 52.22 30.60 0.00 1.7708 -4.7380 -4.7380
17675 52.22 30.60 0.00 1.7708 -4.7380 -4.7380
17700 52.32 30.35 0.00 2.4834 -4.5628 -4.5628
17725 52.46 30.22 0.00 4.1106 -3.5830 -3.5830
17750 52.46 30.22 0.00 4.1106 -3.5830 -3.5830
17775 52.65 30.25 0.00 4.8252 -2.8179 -2.8179
17800 52.81 30.36 0.00 6.0366 0.5336 0.5336
17825 53.02 30.58 0.00 2.3713 -1.8577 -1.8577
17850 53.02 30.58 0.00 2.3713 -1.8577 -1.8577
17875 53.02 30.65 0.00 -0.1277 -3.1603 -3.1603
17900 53.07 30.58 0.00 2.4101 0.4100 0.4100
17925 53.07 30.58 0.00 2.4101 0.4100 0.4100
17950 53.25 30.49 0.00 5.2405 3.8983 3.8983
17975 53.42 30.30 0.00 3.7965 2.6545 2.6545
18000 53.53 30.00 0.00 1.2171 3.6063 3.6063
18025 53.53 30.00 0.00 1.2171 3.6063 3.6063
18050 53.51 29.58 0.00 -1.3290 4.5518 4.5518
18075 53.33 29.11 0.00 -5.5831 0.1715 0.1715
18100 53.33 29.11 0.00 -5.5831 0.1715 0.1715
18125 53.16 28.73 0.00 -4.1645 -0.6806 -0.6806
18150 53.16 28.73 0.00 -4.1645 -0.6806 -0.6806
18175 53.11 28.33 0.00 1.3922 -0.8409 -0.8409
18200 53.26 27.78 0.00 4.5547 -1.6896 -1.6896
18225 53.46 27.30 0.00 4.8921 1.3388 1.3388
18250 53.46 27.30 0.00 4.8921 1.3388 1.3388
18275 53.65 26.86 0.00 5.2468 3.1509 3.1509
18300 53.89 26.40 0.00 6.4432 2.7419 2.7419
18325 54.21 26.01 0.00 9.5369 5.4539 5.4539
18350 54.21 26.01 0.00 9.5369 5.4539 5.4539
18375 54.72 25.73 0.00 14.3589 8.0370 8.0370
18400 55.29 25.37 0.00 13.9295 5.4835 5.4835
18425 55.29 25.37 0.00 13.9295 5.4835 5.4835
18450 55.80 24.92 0.00 11.5509 4.6002 4.6002
18475 56.10 24.49 0.00 4.3021 1.2311 1.2311
18500 56.13 24.23 0.00 -0.3844 0.1455 0.1455
18525 56.13 24.23 0.00 -0.3844 0.1455 0.1455
18550 56.10 24.04 0.00 -1.1800 0.9122 0.9122
18575 56.01 23.75 0.00 -3.3705 -0.6503 -0.6503
18600 56.01 23.75 0.00 -3.3705 -0.6503 -0.6503
18625 55.87 23.41 0.00 -5.1490 -0.2823 -0.2823
18650 55.66 22.89 0.00 -5.6835 -0.4195 -0.4195
18675 55.66 22.89 0.00 -5.6835 -0.4195 -0.4195
18700 55.35 22.26 0.00 -8.9543 -2.1864 -2.1864
18725 55.03 21.38 0.00 -6.3614 -0.1299 -0.1299
18750 55.03 21.38 0.00 -6.3614 -0.1299 -0.1299
18775 54.93 20.38 0.00 -0.1638 3.3618 3.3618
18800 55.14 19.26 0.00 8.8947 7.9699 7.9699
18825 55.73 17.93 0.00 18.1653 10.8979 10.8979
18850 55.73 17.93 0.00 18.1653 10.8979 10.8979
18875 56.55 16.49 0.00 21.7056 9.3762 9.3762
18900 57.43 15.22 0.00 21.2065 10.3061 10.3061
18925 57.43 15.22 0.00 21.2065 10.3061 10.3061
18950 58.10 14.26 0.00 13.6865 5.7910 5.7910
18975 58.50 13.64 0.00 7.7575 3.5026 3.5026
19000 58.66 13.20 0.00 1.9446 2.4286 2.4286
19025 58.66 13.20 0.00 1.9446 2.4286 2.4286
19050 58.68 12.69 0.00 0.4238 3.7165 3.7165
19075 58.68 12.69 0.00 0.4238 3.7165 3.7165
19100 58.77 12.13 0.00 3.6786 7.1063 7.1063
19125 58.87 11.74 0.00 1.2474 1.2103 1.2103
19150 58.87 11.74 0.00 1.2474 1.2103 1.2103
19175 58.84 11.75 0.00 -1.9132 -1.1097 -1.1097
19200 58.71 12.05 0.00 -4.1337 -3.5503 -3.5503
19225 58.57 12.31 0.00 -2.4067 -1.2415 -1.2415
19250 58.54 12.47 0.00 0.1992 0.2317 0.2317
19275 58.54 12.47 0.00 0.1992 0.2317 0.2317
19300 58.63 12.59 0.00 3.4639 0.5023 0.5023
19325 58.77 12.66 0.00 4.9961 1.8849 1.8849
19350 58.77 12.66 0.00 4.9961 1.8849 1.8849
19375 58.92 12.76 0.00 3.0867 0.1630 0.1630
19400 59.03 12.91 0.00 2.1379 0.6395 0.6395
19425 59.03 12.91 0.00 2.1379 0.6395 0.6395
19450 59.07 13.09 0.00 0.2332 -1.3948 -1.3948
19475 59.07 13.21 0.00 -0.1394 0.3360 0.3360
19500 59.07 13.31 0.00 -0.0567 0.0363 0.0363
19525 59.07 13.31 0.00 -0.0567 0.0363 0.0363
19550 59.03 13.33 0.00 -1.3955 0.4882 0.4882
19575 59.03 13.33 0.00 -1.3955 0.4882 0.4882
19600 58.98 13.27 0.00 -1.3496 0.9953 0.9953
19625 58.92 13.21 0.00 -1.0341 -1.2121 -1.2121
19650 58.89 13.08 0.00 -0.7777 0.0027 0.0027
19675 58.89 13.08 0.00 -0.7777 0.0027 0.0027
19700 58.85 12.90 0.00 -0.7944 0.1537 0.1537
19725 58.85 12.76 0.00 0.6869 1.2617 1.2617
19750 58.85 12.76 0.00 0.6869 1.2617 1.2617
19775 58.89 12.66 0.00 0.5376 -2.0016 -2.0016
19800 58.92 12.60 0.00 1.5235 0.8111 0.8111
19825 58.96 12.54 0.00 -0.4601 -0.4721 -0.4721
19850 58.96 12.54 0.00 -0.4601 -0.4721 -0.4721
19875 58.89 12.46 0.00 -1.9042 -0.3968 -0.3968
19900 58.80 12.42 0.00 -2.2881 -0.9093 -0.9093
19925 58.80 12.42 0.00 -2.2881 -0.9093 -0.9093
19950 58.75 12.37 0.00 -0.9615 1.6128 1.6128
19975 58.68 12.29 0.00 -2.6439 -0.0779 -0.0779
20000 58.68 12.29 0.00 -2.6439 -0.0779 -0.0779
20025 58.54 12.23 0.00 -3.9229 -1.8998 -1.8998
20050 58.34 12.28 0.00 -5.1717 -2.3889 -2.3889
20075 58.15 12.40 0.00 -4.8261 -1.0884 -1.0884
20100 58.15 12.40 0.00 -4.8261 -1.0884 -1.0884
20125 57.96 12.59 0.00 -4.4638 -1.9417 -1.9417
20150 57.84 12.77 0.00 -4.4856 -4.0073 -4.0073
20175 57.84 12.77 0.00 -4.4856 -4.0073 -4.0073
20200 57.64 12.99 0.00 -5.2767 -4.0913 -4.0913
20225 57.38 13.18 0.00 -7.2259 -2.3222 -2.3222
20250 57.03 13.39 0.00 -9.7904 -2.0291 -2.0291
20275 57.03 13.39 0.00 -9.7904 -2.0291 -2.0291
20300 56.62 13.63 0.00 -9.7417 -2.9506 -2.9506
20325 56.62 13.63 0.00 -9.7417 -2.9506 -2.9506
20350 56.27 13.84 0.00 -8.1127 -1.0791 -1.0791
20375 56.03 13.84 0.00 -4.0180 1.3115 1.3115
20400 55.94 13.75 0.00 -2.4262 1.7246 1.7246
20425 55.94 13.75 0.00 -2.4262 1.7246 1.7246
20450 55.82 13.71 0.00 -4.5812 -0.7171 -0.7171
20475 55.45 13.89 0.00 -11.0085 -6.7000 -6.7000
20500 55.45 13.89 0.00 -11.0085 -6.7000 -6.7000
20525 54.87 14.30 0.00 -18.1218 -9.2412 -9.2412
20550 53.75 14.84 0.00 -34.0036 -18.5673 -18.5673
20575 52.22 15.48 0.00 -37.3658 -10.5553 -10.5553
20600 52.22 15.48 0.00 -37.3658 -10.5553 -10.5553
20625 51.13 16.09 0.00 -20.0100 7.6917 7.6917
20650 50.65 16.71 0.00 -7.5846 9.4560 9.4560
20675 50.65 16.71 0.00 -7.5846 9.4560 9.4560
20700 50.61 17.37 0.00 1.2556 7.8274 7.8274
20725 50.61 17.85 0.00 0.1950 -2.4722 -2.4722
20750 50.61 17.85 0.00 0.1950 -2.4722 -2.4722
20775 50.52 18.23 0.00 -4.9933 -9.4287 -9.4287
20800 50.21 18.77 0.00 -9.6021 -9.3470 -9.3470
20825 50.21 18.77 0.00 -9.6021 -9.3470 -9.3470
20850 49.74 19.41 0.00 -12.4275 -7.9486 -7.9486
20875 49.30 20.11 0.00 -9.1406 -6.9328 -6.9328
20900 49.21 20.70 0.00 2.4502 -0.9024 -0.9024
20925 49.21 20.70 0.00 2.4502 -0.9024 -0.9024
20950 49.58 20.98 0.00 12.4856 3.0372 3.0372
20975 50.05 21.04 0.00 16.2319 2.4679 2.4679
21000 50.05 21.04 0.00 16.2319 2.4679 2.4679
21025 50.61 21.10 0.00 12.6981 -1.2801 -1.2801
21050 50.93 21.30 0.00 5.0322 -1.9632 -1.9632
21075 50.98 21.85 0.00 -0.3927 1.8220 1.8220
21100 50.98 21.85 0.00 -0.3927 1.8220 1.8220
21125 50.99 22.58 0.00 2.1430 4.6257 4.6257
21150 51.29 23.36 0.00 10.6734 6.0164 6.0164
21175 51.29 23.36 0.00 10.6734 6.0164 6.0164
21200 51.78 23.79 0.00 11.9979 3.7099 3.7099
21225 52.09 23.58 0.00 4.1552 -3.0273 -3.0273
21250 51.99 22.91 0.00 -6.1367 -3.3964 -3.3964
21275 51.99 22.91 0.00 -6.1367 -3.3964 -3.3964
21300 51.57 22.03 0.00 -12.8814 -4.1505 -4.1505
21325 51.03 21.10 0.00 -12.6340 -1.4013 -1.4013
21350 51.03 21.10 0.00 -12.6340 -1.4013 -1.4013
21375 50.65 20.19 0.00 -7.5112 4.2572 4.2572
21400 50.52 19.43 0.00 -0.9310 8.4141 8.4141
21425 50.52 19.43 0.00 -0.9310 8.4141 8.4141
21450 50.51 18.55 0.00 -0.9219 4.9100 4.9100
21475 50.44 17.31 0.00 -2.2208 2.7260 2.7260
21500 50.44 17.31 0.00 -2.2208 2.7260 2.7260
21525 50.30 16.38 0.00 -3.6471 -0.5403 -0.5403
21550 50.09 15.92 0.00 -6.5422 -6.4850 -6.4850
21575 49.83 15.67 0.00 -5.8125 -6.3776 -6.3776
21600 49.83 15.67 0.00 -5.8125 -6.3776 -6.3776
21625 49.74 15.43 0.00 -0.1438 -0.9576 -0.9576
21650 49.74 15.20 0.00 -0.3585 -6.1144 -6.1144
21675 49.74 15.20 0.00 -0.3585 -6.1144 -6.1144
21700 49.69 15.02 0.00 -2.3660 -4.8261 -4.8261
21725 49.49 14.93 0.00 -6.5678 -6.9095 -6.9095
21750 49.49 14.93 0.00 -6.5678 -6.9095 -6.9095
21775 49.27 14.87 0.00 -6.9953 -5.7611 -5.7611
21800 49.06 14.85 0.00 -4.4981 -0.0320 -0.0320
21825 48.88 15.00 0.00 -3.7267 -1.7748 -1.7748
21850 48.88 15.00 0.00 -3.7267 -1.7748 -1.7748
21875 48.76 15.33 0.00 -3.1426 -2.1850 -2.1850
21900 48.76 15.33 0.00 -3.1426 -2.1850 -2.1850
21925 48.62 15.78 0.00 -3.6755 -3.8333 -3.8333
21950 48.39 16.26 0.00 -7.7265 -6.9403 -6.9403
21975 47.91 16.70 0.00 -14.5738 -8.7364 -8.7364
22000 47.91 16.70 0.00 -14.5738 -8.7364 -8.7364
22025 47.24 17.12 0.00 -17.2917 -7.8907 -7.8907
22050 46.60 17.60 0.00 -14.7733 -7.1082 -7.1082
22075 46.12 18.05 0.00 -9.2231 -5.8925 -5.8925
22100 46.12 18.05 0.00 -9.2231 -5.8925 -5.8925
22125 45.88 18.62 0.00 -4.5396 -4.8082 -4.8082
22150 45.69 19.29 0.00 -5.5290 -5.2975 -5.2975
22175 45.69 19.29 0.00 -5.5290 -5.2975 -5.2975
22200 45.32 19.99 0.00 -12.7100 -6.0616 -6.0616
22225 44.60 20.47 0.00 -20.7787 -6.6225 -6.6225
22250 44.60 20.47 0.00 -20.7787 -6.6225 -6.6225
22275 43.76 20.66 0.00 -20.5966 -3.4159 -3.4159
22300 43.13 20.82 0.00 -12.1662 2.2118 2.2118
22325 42.81 21.01 0.00 -5.5567 0.4916 0.4916
22350 42.81 21.01 0.00 -5.5567 0.4916 0.4916
22375 42.64 21.17 0.00 -4.3812 -6.3806 -6.3806
22400 42.48 21.21 0.00 -4.0031 -6.6629 -6.6629
22425 42.48 21.21 0.00 -4.0031 -6.6629 -6.6629
22450 42.36 21.37 0.00 -2.4876 -4.6973 -4.6973
22475 42.31 21.84 0.00 -1.2669 -3.1413 -3.1413
22500 42.31 21.84 0.00 -1.2669 -3.1413 -3.1413
22525 42.27 22.41 0.00 -0.2281 -3.5554 -3.5554
22550 42.36 23.23 0.00 2.7239 0.5199 0.5199
22575 42.41 24.04 0.00 0.8991 1.1380 1.1380
22600 42.41 24.04 0.00 0.8991 1.1380 1.1380
22625 42.43 24.78 0.00 -0.4920 0.6478 0.6478
22650 42.32 25.39 0.00 -3.8418 -2.0270 -2.0270
22675 42.32 25.39 0.00 -3.8418 -2.0270 -2.0270
22700 42.06 25.90 0.00 -7.6808 -3.4317 -3.4317
22725 41.71 26.45 0.00 -9.8576 -6.2019 -6.2019
22750 41.71 26.45 0.00 -9.8576 -6.2019 -6.2019
22775 41.32 26.92 0.00 -9.7734 -4.6509 -4.6509
22800 40.83 27.24 0.00 -13.7696 -4.7764 -4.7764
22825 40.25 27.50 0.00 -14.2843 -3.0037 -3.0037
22850 40.25 27.50 0.00 -14.2843 -3.0037 -3.0037
22875 39.70 27.71 0.00 -13.1152 -2.9126 -2.9126
22900 39.22 27.96 0.00 -12.1347 -4.9411 -4.9411
22925 39.22 27.96 0.00 -12.1347 -4.9411 -4.9411
22950 38.77 28.19 0.00 -10.3056 -3.9847 -3.9847
22975 38.46 28.45 0.00 -6.1613 -4.4841 -4.4841
23000 38.46 28.45 0.00 -6.1613 -4.4841 -4.4841
23025 38.31 28.74 0.00 -3.0382 -2.4268 -2.4268
23050 38.16 29.14 0.00 -3.7413 -3.4644 -3.4644
23075 37.95 29.61 0.00 -6.2033 -1.0708 -1.0708
23100 37.95 29.61 0.00 -6.2033 -1.0708 -1.0708
23125 37.53 30.13 0.00 -13.8952 -8.4000 -8.4000
23150 37.53 30.13 0.00 -13.8952 -8.4000 -8.4000
23175 37.14 31.00 0.00 -7.3374 -3.1117 -3.1117
23200 36.83 31.90 0.00 -6.9896 -11.3900 -11.3900
23225 36.64 32.45 0.00 -4.5744 -8.6897 -8.6897
23250 36.64 32.45 0.00 -4.5744 -8.6897 -8.6897
23275 36.46 32.83 0.00 -3.4592 1.0513 1.0513
23300 36.36 33.24 0.00 -4.4175 2.8349 2.8349
23325 36.36 33.24 0.00 -4.4175 2.8349 2.8349
23350 36.00 33.94 0.00 -10.7609 1.2671 1.2671
23375 35.54 34.71 0.00 -12.3125 2.2901 2.2901
23400 35.04 35.34 0.00 -10.6186 -2.1376 -2.1376
23425 35.04 35.34 0.00 -10.6186 -2.1376 -2.1376
23450 34.79 35.77 0.00 -4.5843 -2.4861 -2.4861
23475 34.66 36.04 0.00 -1.7555 -2.1090 -2.1090
23500 34.66 36.47 0.00 -0.5047 -6.0787 -6.0787
23525 34.66 36.47 0.00 -0.5047 -6.0787 -6.0787
23550 34.57 37.16 0.00 -2.5911 -6.8025 -6.8025
23575 34.30 37.97 0.00 -11.1556 -10.7744 -10.7744
23600 34.30 37.97 0.00 -11.1556 -10.7744 -10.7744
23625 33.57 38.79 0.00 -21.6279 -12.7468 -12.7468
23650 32.69 39.53 0.00 -21.3165 -9.9387 -9.9387
23675 32.69 39.53 0.00 -21.3165 -9.9387 -9.9387
23700 31.90 40.23 0.00 -18.8465 -14.7433 -14.7433
23725 31.23 40.81 0.00 -15.3767 -13.0691 -13.0691
23750 31.23 40.81 0.00 -15.3767 -13.0691 -13.0691
23775 30.53 41.28 0.00 -19.8325 -5.2296 -5.2296
23800 29.71 41.77 0.00 -19.5237 2.7902 2.7902
23825 29.71 41.77 0.00 -19.5237 2.7902 2.7902
23850 29.13 42.34 0.00 -11.8464 -0.8542 -0.8542
23875 28.74 42.94 0.00 -7.2159 -5.8222 -5.8222
23900 28.53 43.49 0.00 -5.4964 -5.9079 -5.9079
23925 28.53 43.49 0.00 -5.4964 -5.9079 -5.9079
23950 28.36 43.87 0.00 -5.3862 -6.1841 -6.1841
23975 28.16 44.40 0.00 -5.3168 -4.0484 -4.0484
24000 28.16 44.40 0.00 -5.3168 -4.0484 -4.0484
24025 27.94 45.06 0.00 -5.8874 -0.9599 -0.9599
24050 27.56 45.83 0.00 -10.7100 -1.7140 -1.7140
24075 27.56 45.83 0.00 -10.7100 -1.7140 -1.7140
24100 27.21 46.79 0.00 -7.1433 -0.5481 -0.5481
24125 27.02 47.87 0.00 -3.4658 -3.9218 -3.9218
24150 26.93 48.96 0.00 -2.5180 -4.7434 -4.7434
24175 26.93 48.96 0.00 -2.5180 -4.7434 -4.7434
24200 26.80 49.96 0.00 -3.2466 -4.7204 -4.7204
24225 26.58 50.88 0.00 -8.0776 -7.2696 -7.2696
24250 26.58 50.88 0.00 -8.0776 -7.2696 -7.2696
24275 26.12 51.74 0.00 -12.7994 -4.2120 -4.2120
24300 25.47 52.59 0.00 -18.7716 -8.0744 -8.0744
24325 25.47 52.59 0.00 -18.7716 -8.0744 -8.0744
24350 24.71 53.52 0.00 -17.9330 -5.8800 -5.8800
24375 24.14 54.55 0.00 -11.3530 -13.7086 -13.7086
24400 23.82 55.57 0.00 -6.6515 -13.0698 -13.0698
24425 23.82 55.57 0.00 -6.6515 -13.0698 -13.0698
24450 23.60 56.48 0.00 -4.3516 -9.6151 -9.6151
24475 23.41 57.10 0.00 -5.1773 -8.1838 -8.1838
24500 23.41 57.10 0.00 -5.1773 -8.1838 -8.1838
24525 23.19 57.52 0.00 -5.9496 -2.6689 -2.6689
24550 22.98 57.69 0.00 -4.5673 -1.8488 -1.8488
24575 22.98 57.69 0.00 -4.5673 -1.8488 -1.8488
24600 22.85 57.78 0.00 -2.1708 -2.8410 -2.8410
24625 22.92 58.04 0.00 4.5575 -2.4376 -2.4376
24650 22.92 58.04 0.00 4.5575 -2.4376 -2.4376
24675 23.21 58.29 0.00 8.2317 -3.2320 -3.2320
24700 23.58 58.42 0.00 9.7197 0.0176 0.0176
24725 23.88 58.62 0.00 5.4156 -0.5883 -0.5883
24750 23.88 58.62 0.00 5.4156 -0.5883 -0.5883
24775 23.93 58.72 0.00 -1.0348 1.3250 1.3250
24800 23.73 58.77 0.00 -7.4037 -0.3633 -0.3633
24825 23.73 58.77 0.00 -7.4037 -0.3633 -0.3633
24850 23.47 58.75 0.00 -8.5145 -0.2102 -0.2102
24875 23.11 58.76 0.00 -10.1389 -2.6141 -2.6141
24900 22.62 58.83 0.00 -12.5457 -2.4104 -2.4104
24925 22.62 58.83 0.00 -12.5457 -2.4104 -2.4104
24950 22.08 59.06 0.00 -14.7854 -2.8891 -2.8891
24975 21.38 59.44 0.00 -18.7392 -2.5849 -2.5849
25000 21.38 59.44 0.00 -18.7392 -2.5849 -2.5849
25025 20.66 59.92 0.00 -17.4242 -0.9856 -0.9856
25050 20.02 60.53 0.00 -14.6133 -3.4924 -3.4924
25075 19.62 61.39 0.00 -7.1533 -3.5853 -3.5853
25100 19.62 61.39 0.00 -7.1533 -3.5853 -3.5853
25125 19.41 62.49 0.00 -4.2735 -5.4075 -5.4075
25150 19.37 63.72 0.00 1.4211 0.2615 0.2615
25175 19.37 63.72 0.00 1.4211 0.2615 0.2615
25200 19.60 65.00 0.00 7.9574 1.7701 1.7701
25225 19.94 66.29 0.00 8.4496 -2.2436 -2.2436
25250 19.94 66.29 0.00 8.4496 -2.2436 -2.2436
25275 20.30 67.58 0.00 8.5191 -3.1438 -3.1438
25300 20.47 68.89 0.00 1.8252 1.1954 1.1954
25325 20.47 68.89 0.00 1.8252 1.1954 1.1954
25350 20.53 69.92 0.00 1.9396 3.3961 3.3961
25375 20.70 70.63 0.00 5.7482 0.6799 0.6799
25400 20.70 70.63 0.00 5.7482 0.6799 0.6799
25425 20.97 70.98 0.00 5.4968 1.8808 1.8808
25450 20.99 71.13 0.00 -2.4297 3.1090 3.1090
25475 20.78 71.14 0.00 -5.3618 4.0816 4.0816
25500 20.78 71.14 0.00 -5.3618 4.0816 4.0816
25525 20.68 70.84 0.00 -0.8014 5.8489 5.8489
25550 20.66 70.47 0.00 -0.6968 0.9159 0.9159
25575 20.66 70.47 0.00 -0.6968 0.9159 0.9159
25600 20.61 69.86 0.00 -1.7841 -1.8833 -1.8833
25625 20.45 69.66 0.00 -5.6543 -4.0012 -4.0012
25650 20.07 69.48 0.00 -13.1800 -5.0675 -5.0675
25675 20.07 69.48 0.00 -13.1800 -5.0675 -5.0675
25700 19.35 69.44 0.00 -20.6794 -6.4865 -6.4865
25725 18.45 69.55 0.00 -22.3289 1.0625 1.0625
25750 18.45 69.55 0.00 -22.3289 1.0625 1.0625
25775 17.72 69.84 0.00 -15.3528 19.7151 19.7151
25800 17.26 70.14 0.00 -8.5750 9.6942 9.6942
25825 17.30 70.15 0.00 6.3839 4.4343 4.4343
25850 17.30 70.15 0.00 6.3839 4.4343 4.4343
25875 17.68 70.20 0.00 10.3406 -1.3872 -1.3872
25900 17.68 70.20 0.00 10.3406 -1.3872 -1.3872
25925 18.05 70.33 0.00 9.2756 -5.0382 -5.0382
25950 18.45 70.58 0.00 10.0222 -5.7534 -5.7534
25975 18.70 70.94 0.00 4.1450 0.2837 0.2837
26000 18.70 70.94 0.00 4.1450 0.2837 0.2837
26025 18.82 71.36 0.00 1.3442 0.5628 0.5628
26050 18.80 71.89 0.00 -0.8092 -0.0902 -0.0902
26075 18.80 71.89 0.00 -0.8092 -0.0902 -0.0902
26100 18.76 72.58 0.00 -1.7875 -1.9001 -1.9001
26125 18.55 73.19 0.00 -7.5953 -1.5531 -1.5531
26150 18.16 73.63 0.00 -11.3520 -2.0220 -2.0220
26175 18.16 73.63 0.00 -11.3520 -2.0220 -2.0220
26200 17.62 73.82 0.00 -13.4893 -2.8649 -2.8649
26225 17.16 73.83 0.00 -10.4541 -2.2877 -2.2877
26250 17.16 73.83 0.00 -10.4541 -2.2877 -2.2877
26275 16.75 73.82 0.00 -9.8610 -3.4086 -3.4086
26300 16.50 73.94 0.00 -3.7284 -2.6047 -2.6047
26325 16.50 73.94 0.00 -3.7284 -2.6047 -2.6047
26350 16.50 74.19 0.00 3.0676 -3.5063 -3.5063
26375 16.68 74.57 0.00 2.7565 -0.9450 -0.9450
26400 16.64 74.94 0.00 -1.3482 3.5628 3.5628
26425 16.64 74.94 0.00 -1.3482 3.5628 3.5628
26450 16.64 75.15 0.00 0.9698 0.9922 0.9922
26475 16.89 75.31 0.00 10.9740 -3.4309 -3.4309
26500 16.89 75.31 0.00 10.9740 -3.4309 -3.4309
26525 17.41 75.31 0.00 12.1405 -8.1767 -8.1767
26550 17.99 75.38 0.00 15.9132 0.0701 0.0701
26575 17.99 75.38 0.00 15.9132 0.0701 0.0701
26600 18.53 75.55 0.00 10.8601 4.7145 4.7145
26625 18.78 75.67 0.00 4.5663 10.7549 10.7549
26650 18.91 75.62 0.00 2.6582 4.3108 4.3108
26675 18.91 75.62 0.00 2.6582 4.3108 4.3108
26700 18.97 75.46 0.00 0.3151 1.5806 1.5806
26725 18.91 75.31 0.00 -1.3054 1.5877 1.5877
26750 18.91 75.31 0.00 -1.3054 1.5877 1.5877
26775 18.91 75.22 0.00 0.8341 1.8713 1.8713
26800 18.95 75.17 0.00 0.6068 -0.5517 -0.5517
26825 18.89 75.35 0.00 -2.7609 1.4417 1.4417
26850 18.89 75.35 0.00 -2.7609 1.4417 1.4417
26875 18.72 75.68 0.00 -5.6312 3.7372 3.7372
26900 18.47 75.91 0.00 -5.4934 3.0386 3.0386
26925 18.47 75.91 0.00 -5.4934 3.0386 3.0386
26950 18.41 75.97 0.00 1.4254 1.4788 1.4788
26975 18.60 75.90 0.00 6.0334 -1.3872 -1.3872
27000 18.60 75.90 0.00 6.0334 -1.3872 -1.3872
27025 18.83 75.84 0.00 5.5268 -2.2602 -2.2602
27050 18.99 75.87 0.00 2.9873 -1.6437 -1.6437
27075 19.20 75.87 0.00 7.5619 0.0359 0.0359
27100 19.20 75.87 0.00 7.5619 0.0359 0.0359
27125 19.60 75.92 0.00 11.5745 -0.0444 -0.0444
27150 20.17 76.04 0.00 15.4533 0.4587 0.4587
27175 20.17 76.04 0.00 15.4533 0.4587 0.4587
27200 20.64 76.10 0.00 15.9346 3.1984 3.1984
27225 21.27 76.07 0.00 14.7237 2.7696 2.7696
27250 21.27 76.07 0.00 14.7237 2.7696 2.7696
27275 21.83 75.99 0.00 13.9530 3.6682 3.6682
27300 22.36 75.76 0.00 11.6508 6.6047 6.6047
27325 22.36 75.76 0.00 11.6508 6.6047 6.6047
27350 22.55 75.56 0.00 0.3245 5.4741 5.4741
27375 22.44 75.53 0.00 -2.7788 11.7346 11.7346
27400 22.38 75.69 0.00 -0.1433 5.0776 5.0776
27425 22.38 75.69 0.00 -0.1433 5.0776 5.0776
27450 22.47 75.81 0.00 3.7739 3.9769 3.9769
27475 22.66 75.92 0.00 4.8144 2.8304 2.8304
27500 22.66 75.92 0.00 4.8144 2.8304 2.8304
27525 22.89 76.04 0.00 6.3975 3.9153 3.9153
27550 23.19 76.15 0.00 8.5603 5.3208 5.3208
27575 23.19 76.15 0.00 8.5603 5.3208 5.3208
27600 23.62 76.28 0.00 12.0537 7.7017 7.7017
27625 24.08 76.38 0.00 11.2205 10.2846 10.2846
27650 24.08 76.38 0.00 11.2205 10.2846 10.2846
27675 24.44 76.55 0.00 6.9859 7.1247 7.1247
27700 24.66 76.69 0.00 5.3287 4.7252 4.7252
27725 24.86 76.74 0.00 4.7214 1.8873 1.8873
27750 24.86 76.74 0.00 4.7214 1.8873 1.8873
27775 25.03 76.69 0.00 3.5885 0.5165 0.5165
27800 25.18 76.66 0.00 4.4413 1.7844 1.7844
27825 25.18 76.66 0.00 4.4413 1.7844 1.7844
27850 25.42 76.72 0.00 6.6617 4.2616 4.2616
27875 25.68 76.84 0.00 6.2009 3.6907 3.6907
27900 25.88 76.98 0.00 4.1748 4.6651 4.6651
27925 25.88 76.98 0.00 4.1748 4.6651 4.6651
27950 25.96 77.01 0.00 1.6913 3.6425 3.6425
27975 25.99 76.93 0.00 0.6311 3.0461 3.0461
28000 25.99 76.93 0.00 0.6311 3.0461 3.0461
28025 26.10 76.73 0.00 4.8767 2.7496 2.7496
28050 26.40 76.56 0.00 9.0832 1.8139 1.8139
28075 26.80 76.50 0.00 10.3027 1.6130 1.6130
28100 26.80 76.50 0.00 10.3027 1.6130 1.6130
28125 27.23 76.51 0.00 11.0052 5.7905 5.7905
28150 27.63 76.49 0.00 10.7169 3.0069 3.0069
28175 27.63 76.49 0.00 10.7169 3.0069 3.0069
28200 28.21 76.42 0.00 16.3882 2.8336 2.8336
28225 28.87 76.34 0.00 15.5883 0.4462 0.4462
28250 28.87 76.34 0.00 15.5883 0.4462 0.4462
28275 29.35 76.32 0.00 9.0633 5.3091 5.3091
28300 29.65 76.30 0.00 8.0017 1.5547 1.5547
28325 30.02 76.26 0.00 8.9477 0.1735 0.1735
28350 30.02 76.26 0.00 8.9477 0.1735 0.1735
28375 30.29 76.19 0.00 5.6009 0.0069 0.0069
28400 30.47 76.16 0.00 4.0938 3.1422 3.1422
28425 30.47 76.16 0.00 4.0938 3.1422 3.1422
28450 30.58 76.25 0.00 2.0627 2.2270 2.2270
28475 30.63 76.33 0.00 1.0667 -0.0509 -0.0509
28500 30.69 76.34 0.00 1.6111 -0.4511 -0.4511
28525 30.69 76.34 0.00 1.6111 -0.4511 -0.4511
28550 30.76 76.11 0.00 2.6620 -2.3126 -2.3126
28575 30.85 75.61 0.00 1.6698 -3.7242 -3.7242
28600 30.85 75.61 0.00 1.6698 -3.7242 -3.7242
28625 30.98 75.08 0.00 4.4697 0.1934 0.1934
28650 31.29 74.55 0.00 9.9384 0.8094 0.8094
28675 31.29 74.55 0.00 9.9384 0.8094 0.8094
28700 31.90 73.74 0.00 17.6538 -1.4305 -1.4305
28725 32.42 72.80 0.00 17.4859 -5.4441 -5.4441
28750 32.42 72.80 0.00 17.4859 -5.4441 -5.4441
28775 33.12 71.64 0.00 16.7119 -0.9262 -0.9262
28800 33.64 70.88 0.00 9.6687 1.4821 1.4821
28825 33.64 70.88 0.00 9.6687 1.4821 1.4821
28850 33.86 70.48 0.00 3.1441 3.3453 3.3453
28875 33.96 70.35 0.00 3.2607 4.9054 4.9054
28900 33.96 70.35 0.00 3.2607 4.9054 4.9054
28925 34.13 70.25 0.00 3.9764 4.8118 4.8118
28950 34.25 70.30 0.00 3.3955 5.7366 5.7366
28975 34.47 70.35 0.00 5.5513 5.6133 5.6133
29000 34.47 70.35 0.00 5.5513 5.6133 5.6133
29025 34.63 70.47 0.00 2.4564 8.5348 8.5348
29050 34.63 70.58 0.00 -1.3841 6.0188 6.0188
29075 34.55 70.75 0.00 -1.1215 4.5609 4.5609
29100 34.55 70.75 0.00 -1.1215 4.5609 4.5609
29125 34.70 71.23 0.00 7.1871 6.5220 6.5220
29150 35.20 71.90 0.00 15.4013 10.5862 10.5862
29175 35.20 71.90 0.00 15.4013 10.5862 10.5862
29200 35.91 72.52 0.00 17.9628 11.6414 11.6414
29225 35.91 72.52 0.00 17.9628 11.6414 11.6414
29250 36.52 72.80 0.00 13.6820 10.3646 10.3646
29275 37.01 72.66 0.00 12.0622 10.7624 10.7624
29300 37.53 72.46 0.00 13.1830 10.9510 10.9510
29325 37.53 72.46 0.00 13.1830 10.9510 10.9510
29350 38.09 72.27 0.00 15.6287 8.6508 8.6508
29375 38.77 72.14 0.00 16.1720 7.5300 7.5300
29400 39.38 72.00 0.00 15.1684 7.4760 7.4760
29425 39.38 72.00 0.00 15.1684 7.4760 7.4760
29450 39.97 71.77 0.00 14.3994 5.8133 5.8133
29475 40.37 71.54 0.00 13.1902 6.6965 6.6965
29500 40.37 71.54 0.00 13.1902 6.6965 6.6965
29525 40.83 71.10 0.00 10.3228 6.3693 6.3693
29550 41.18 70.53 0.00 6.9123 8.3990 8.3990
29575 41.39 69.25 0.00 6.9968 -4.8568 -4.8568
29600 41.39 69.25 0.00 6.9968 -4.8568 -4.8568
29625 41.87 67.88 0.00 13.9127 7.3179 7.3179
29650 42.46 67.25 0.00 15.2313 3.6535 3.6535
29675 42.46 67.25 0.00 15.2313 3.6535 3.6535
29700 42.88 66.85 0.00 7.8725 -1.4651 -1.4651
29725 43.13 66.54 0.00 4.9940 2.1382 2.1382
29750 43.13 66.54 0.00 4.9940 2.1382 2.1382
29775 43.31 66.38 0.00 5.0128 -3.0917 -3.0917
29800 43.48 66.32 0.00 3.6953 -0.8568 -0.8568
29825 43.48 66.32 0.00 3.6953 -0.8568 -0.8568
29850 43.69 66.45 0.00 6.3071 2.6147 2.6147
29875 44.02 66.88 0.00 10.1563 -0.9492 -0.9492
29900 44.02 66.88 0.00 10.1563 -0.9492 -0.9492
29925 44.51 67.27 0.00 12.4967 -0.1809 -0.1809
29950 44.95 67.30 0.00 9.7099 3.6186 3.6186
29975 45.25 67.30 0.00 6.0817 1.8891 1.8891
30000 45.25 67.30 0.00 6.0817 1.8891 1.8891
30025 45.48 67.44 0.00 5.8455 2.4233 2.4233
30050 45.76 67.65 0.00 7.6816 5.9657 5.9657
30075 45.76 67.65 0.00 7.6816 5.9657 5.9657
30100 46.09 67.92 0.00 9.2700 5.7735 5.7735
30125 46.51 68.14 0.00 11.1995 3.9332 3.9332
30150 47.01 68.26 0.00 13.1787 4.7925 4.7925
30175 47.01 68.26 0.00 13.1787 4.7925 4.7925
30200 47.54 68.31 0.00 13.0188 2.0641 2.0641
30225 48.01 68.29 0.00 9.9473 2.8211 2.8211
30250 48.20 68.22 0.00 5.2468 -1.5781 -1.5781
30275 48.20 68.22 0.00 5.2468 -1.5781 -1.5781
30300 48.38 67.98 0.00 4.3648 4.2526 4.2526
30325 48.53 67.60 0.00 4.4072 -3.5605 -3.5605
30350 48.53 67.60 0.00 4.4072 -3.5605 -3.5605
30375 48.78 67.40 0.00 7.9037 -3.7116 -3.7116
30400 49.27 67.51 0.00 12.7960 -0.6354 -0.6354
30425 49.27 67.51 0.00 12.7960 -0.6354 -0.6354
30450 49.79 67.62 0.00 14.5865 3.8110 3.8110
30475 50.44 67.65 0.00 16.9728 11.2573 11.2573
30500 50.44 67.65 0.00 16.9728 11.2573 11.2573
30525 51.17 67.57 0.00 18.7137 7.0294 7.0294
30550 51.89 67.33 0.00 17.0981 3.6537 3.6537
30575 51.89 67.33 0.00 17.0981 3.6537 3.6537
30600 52.48 67.14 0.00 13.1165 2.5024 2.5024
30625 52.97 67.01 0.00 12.6019 3.2914 3.2914
30650 53.46 66.98 0.00 11.1116 1.4261 1.4261
30675 53.46 66.98 0.00 11.1116 1.4261 1.4261
30700 53.81 67.05 0.00 6.7044 -0.4992 -0.4992
30725 53.89 67.18 0.00 -1.0395 -2.3785 -2.3785
30750 53.75 67.22 0.00 -3.7719 -0.6590 -0.6590
30775 53.75 67.22 0.00 -3.7719 -0.6590 -0.6590
30800 53.67 67.20 0.00 -1.2136 2.4957 2.4957
30825 53.72 67.11 0.00 2.6560 4.7756 4.7756
30850 53.72 67.11 0.00 2.6560 4.7756 4.7756
30875 53.91 66.98 0.00 5.7789 3.5534 3.5534
30900 53.91 66.98 0.00 5.7789 3.5534 3.5534
30925 54.16 66.90 0.00 6.0704 3.2065 3.2065
30950 54.40 66.86 0.00 6.5050 3.4185 3.4185
30975 54.40 66.86 0.00 6.5050 3.4185 3.4185
31000 54.58 66.90 0.00 2.5240 -1.3703 -1.3703
31025 54.59 66.84 0.00 -0.7017 1.8091 1.8091
31050 54.52 66.61 0.00 -1.3035 1.2306 1.2306
31075 54.52 66.61 0.00 -1.3035 1.2306 1.2306
31100 54.56 66.32 0.00 2.2234 4.1045 4.1045
31125 54.79 65.80 0.00 7.5085 5.0128 5.0128
31150 55.19 64.98 0.00 11.1783 6.2810 6.2810
31175 55.19 64.98 0.00 11.1783 6.2810 6.2810
31200 55.64 64.06 0.00 11.5271 4.0761 4.0761
31225 56.03 63.40 0.00 8.2800 3.8190 3.8190
31250 56.03 63.40 0.00 8.2800 3.8190 3.8190
31275 56.34 62.97 0.00 7.8376 9.5380 9.5380
31300 56.62 62.60 0.00 7.9026 7.4353 7.4353
31325 56.99 61.88 0.00 9.2025 4.5515 4.5515
31350 56.99 61.88 0.00 9.2025 4.5515 4.5515
31375 57.40 60.81 0.00 10.0893 2.0272 2.0272
31400 57.82 59.86 0.00 10.2979 1.0848 1.0848
31425 57.82 59.86 0.00 10.2979 1.0848 1.0848
31450 58.19 59.14 0.00 8.6281 2.9072 2.9072
31475 58.38 58.61 0.00 1.9913 -0.3776 -0.3776
31500 58.38 58.61 0.00 1.9913 -0.3776 -0.3776
31525 58.29 58.20 0.00 -4.4037 2.8270 2.8270
31550 58.01 57.83 0.00 -7.6453 1.4613 1.4613
31575 58.01 57.83 0.00 -7.6453 1.4613 1.4613
31600 57.76 57.55 0.00 -5.5880 4.2552 4.2552
31625 57.57 57.39 0.00 -4.1991 -0.4848 -0.4848
31650 57.45 57.21 0.00 -2.5551 0.3198 0.3198
31675 57.45 57.21 0.00 -2.5551 0.3198 0.3198
31700 57.38 57.03 0.00 -1.4214 -0.0107 -0.0107
31725 57.31 56.82 0.00 -2.7211 -1.1024 -1.1024
31750 57.31 56.82 0.00 -2.7211 -1.1024 -1.1024
31775 57.17 56.75 0.00 -3.3426 -1.9930 -1.9930
31800 57.03 56.66 0.00 -3.4009 -3.3501 -3.3501
31825 57.03 56.66 0.00 -3.4009 -3.3501 -3.3501
31850 56.96 56.47 0.00 -1.1766 0.3010 0.3010
31875 56.94 56.33 0.00 0.0360 -0.3493 -0.3493
31900 56.99 56.14 0.00 2.3796 1.9929 1.9929
31925 56.99 56.14 0.00 2.3796 1.9929 1.9929
31950 57.08 56.00 0.00 1.6320 0.2221 0.2221
31975 57.17 55.87 0.00 3.0469 3.0160 3.0160
32000 57.31 55.75 0.00 3.7706 1.5037 1.5037
32025 57.31 55.75 0.00 3.7706 1.5037 1.5037
32050 57.50 55.59 0.00 5.6358 4.5971 4.5971
32075 57.50 55.59 0.00 5.6358 4.5971 4.5971
32100 57.71 55.49 0.00 5.2354 2.1224 2.1224
32125 57.91 55.45 0.00 3.9687 3.0997 3.0997
32150 57.91 55.45 0.00 3.9687 3.0997 3.0997
32175 57.91 55.72 0.00 -1.2478 -11.9981 -11.9981
32200 57.98 55.75 0.00 3.6788 2.4586 2.4586
32225 58.20 55.14 0.00 6.3174 2.3581 2.3581
32250 58.20 55.14 0.00 6.3174 2.3581 2.3581
32275 58.47 54.60 0.00 7.2161 -1.0522 -1.0522
32300 58.78 54.07 0.00 8.3777 6.2605 6.2605
32325 58.78 54.07 0.00 8.3777 6.2605 6.2605
32350 59.03 53.62 0.00 5.1615 1.8933 1.8933
32375 59.21 53.19 0.00 3.3713 6.1891 6.1891
32400 59.26 52.74 0.00 0.2468 2.4710 2.4710
32425 59.26 52.74 0.00 0.2468 2.4710 2.4710
32450 59.28 52.30 0.00 0.4318 5.2127 5.2127
32475 59.26 51.90 0.00 -0.4702 1.2744 1.2744
32500 59.24 51.44 0.00 -1.5575 -0.2706 -0.2706
32525 59.24 51.44 0.00 -1.5575 -0.2706 -0.2706
32550 59.07 51.09 0.00 -5.2646 -4.0749 -4.0749
32575 58.82 50.81 0.00 -6.3201 -2.2004 -2.2004
32600 58.82 50.81 0.00 -6.3201 -2.2004 -2.2004
32625 58.61 50.62 0.00 -8.6014 3.5663 3.5663
32650 58.08 50.35 0.00 -15.1275 1.0707 1.0707
32675 58.08 50.35 0.00 -15.1275 1.0707 1.0707
32700 57.50 50.04 0.00 -12.6573 1.6100 1.6100
32725 57.17 49.76 0.00 -6.4455 -2.3382 -2.3382
32750 57.17 49.76 0.00 -6.4455 -2.3382 -2.3382
32775 57.05 49.62 0.00 -0.2492 -2.0990 -2.0990
32800 57.06 49.46 0.00 0.2457 -3.1566 -3.1566
32825 57.05 49.32 0.00 -0.7758 -1.5882 -1.5882
32850 57.05 49.32 0.00 -0.7758 -1.5882 -1.5882
32875 56.98 49.27 0.00 -2.9003 -2.8011 -2.8011
32900 56.83 49.25 0.00 -3.6837 -4.9184 -4.9184
32925 56.83 49.25 0.00 -3.6837 -4.9184 -4.9184
32950 56.69 49.25 0.00 -3.5948 -2.3867 -2.3867
32975 56.55 49.27 0.00 -2.6245 -2.8644 -2.8644
33000 56.50 49.23 0.00 -1.2535 -1.1681 -1.1681
33025 56.50 49.23 0.00 -1.2535 -1.1681 -1.1681
33050 56.43 49.35 0.00 -1.6753 -3.3386 -3.3386
33075 56.38 49.55 0.00 -0.8399 -0.8938 -0.8938
33100 56.38 49.55 0.00 -0.8399 -0.8938 -0.8938
33125 56.34 49.81 0.00 -1.9800 0.0146 0.0146
33150 56.27 49.97 0.00 -0.9641 -0.4012 -0.4012
33175 56.27 49.97 0.00 -0.9641 -0.4012 -0.4012
33200 56.34 50.05 0.00 3.1719 4.4654 4.4654
33225 56.43 50.35 0.00 0.2844 -1.4771 -1.4771
33250 56.43 50.35 0.00 0.2844 -1.4771 -1.4771
33275 56.31 50.84 0.00 -4.5617 -7.2686 -7.2686
33300 56.03 51.23 0.00 -8.1910 -4.8840 -4.8840
33325 55.75 51.45 0.00 -9.0173 -3.7595 -3.7595
33350 55.75 51.45 0.00 -9.0173 -3.7595 -3.7595
33375 55.45 51.77 0.00 -6.8998 -2.1681 -2.1681
33400 55.21 51.92 0.00 -6.1247 -3.5580 -3.5580
33425 55.21 51.92 0.00 -6.1247 -3.5580 -3.5580
33450 54.98 52.12 0.00 -5.3907 -6.2943 -6.2943
33475 54.77 52.24 0.00 -5.2003 -2.0558 -2.0558
33500 54.77 52.24 0.00 -5.2003 -2.0558 -2.0558
33525 54.42 52.27 0.00 -12.0528 -2.2568 -2.2568
33550 53.74 52.15 0.00 -19.8361 -3.9704 -3.9704
33575 53.00 52.11 0.00 -16.5276 -2.8074 -2.8074
33600 53.00 52.11 0.00 -16.5276 -2.8074 -2.8074
33625 52.48 52.08 0.00 -10.4894 -8.1105 -8.1105
33650 52.18 52.11 0.00 -6.3545 -9.7424 -9.7424
33675 51.94 52.04 0.00 -5.7319 -4.5772 -4.5772
33700 51.94 52.04 0.00 -5.7319 -4.5772 -4.5772
33725 51.69 51.92 0.00 -5.9927 -4.5447 -4.5447
33750 51.48 51.82 0.00 -5.4080 -0.9553 -0.9553
33775 51.48 51.82 0.00 -5.4080 -0.9553 -0.9553
33800 51.20 51.71 0.00 -7.7755 -3.8195 -3.8195
33825 50.91 51.68 0.00 -7.0234 -3.0681 -3.0681
33850 50.91 51.68 0.00 -7.0234 -3.0681 -3.0681
33875 50.68 51.76 0.00 -4.6466 -1.6660 -1.6660
33900 50.44 51.94 0.00 -6.8031 -6.7852 -6.7852
33925 50.24 51.94 0.00 -3.4982 0.6926 0.6926
33950 50.24 51.94 0.00 -3.4982 0.6926 0.6926
33975 50.10 51.80 0.00 -4.3375 -4.0205 -4.0205
34000 49.86 51.78 0.00 -6.2905 -4.3427 -4.3427
34025 49.86 51.78 0.00 -6.2905 -4.3427 -4.3427
34050 49.63 52.03 0.00 -5.8234 -2.0171 -2.0171
34075 49.41 52.18 0.00 -5.1391 -2.2520 -2.2520
