%#        Time[ms]        X[pixel],        Y[pixel],        Z[pixel],  dX/dt[pixel/s],  dY/dt[pixel/s],  dZ/dt[pixel/s] 
0 50.00 50.00 0.00 -0.2524 1.8699 1.8699
25 50.00 50.00 0.00 -0.2524 1.8699 1.8699
50 50.02 49.97 0.00 0.9121 1.4961 1.4961
75 50.03 50.00 0.00 0.6451 1.0084 1.0084
100 50.03 50.00 0.00 0.6451 1.0084 1.0084
125 50.05 50.03 0.00 -0.0686 0.3184 0.3184
150 50.05 50.03 0.00 -0.1309 -0.2526 -0.2526
175 50.03 49.98 0.00 -0.3508 -0.1243 -0.1243
200 50.03 49.98 0.00 -0.3508 -0.1243 -0.1243
225 50.02 49.91 0.00 -0.5072 0.2175 0.2175
250 50.00 49.84 0.00 -0.0424 0.6024 0.6024
275 50.00 49.84 0.00 -0.0424 0.6024 0.6024
300 50.05 49.79 0.00 1.8617 0.9716 0.9716
325 50.12 49.77 0.00 2.0551 1.1321 1.1321
350 50.12 49.77 0.00 -0.9784 1.7194 1.7194
375 50.12 49.77 0.00 -0.9784 1.7194 1.7194
400 50.09 49.72 0.00 -0.2281 -1.2493 -1.2493
425 50.07 49.74 0.00 -0.9159 1.0176 1.0176
450 50.07 49.74 0.00 -0.9159 1.0176 1.0176
475 49.83 49.84 0.00 -10.9405 -3.6354 -3.6354
500 49.04 49.91 0.00 -23.6399 -7.7972 -7.7972
525 49.04 49.91 0.00 -23.6399 -7.7972 -7.7972
550 48.03 49.95 0.00 -25.3452 -8.0957 -8.0957
575 47.15 49.93 0.00 -18.9326 -6.3734 -6.3734
600 46.63 49.86 0.00 -10.1914 -5.4576 -5.4576
625 46.63 49.86 0.00 -10.1914 -5.4576 -5.4576
650 46.35 49.84 0.00 -5.3461 -5.3978 -5.3978
675 46.21 49.75 0.00 -2.3035 -3.2890 -3.2890
700 46.21 49.75 0.00 -2.3035 -3.2890 -3.2890
725 46.16 49.67 0.00 -1.2671 -2.4170 -2.4170
750 46.09 49.61 0.00 -2.5507 -1.5036 -1.5036
775 46.09 49.61 0.00 -2.5507 -1.5036 -1.5036
800 45.97 49.54 0.00 -2.8137 -0.6646 -0.6646
825 45.83 49.39 0.00 -4.2769 -0.2660 -0.2660
850 45.83 49.39 0.00 -4.2769 -0.2660 -0.2660
875 45.62 49.09 0.00 -5.4704 -0.2199 -0.2199
900 45.37 48.72 0.00 -7.0680 0.0367 0.0367
925 45.04 48.46 0.00 -8.9054 0.1947 0.1947
950 45.04 48.46 0.00 -8.9054 0.1947 0.1947
975 44.65 48.18 0.00 -9.2858 1.8638 1.8638
1000 44.30 47.84 0.00 -9.6233 1.6986 1.6986
1025 44.30 47.84 0.00 -9.6233 1.6986 1.6986
1050 43.78 47.48 0.00 -14.1740 3.0250 3.0250
1075 43.25 47.09 0.00 -12.5980 5.0822 5.0822
1100 42.90 46.91 0.00 -11.3692 4.5205 4.5205
1125 42.90 46.91 0.00 -11.3692 4.5205 4.5205
1150 42.57 46.74 0.00 -6.1996 1.3515 1.3515
1175 42.38 46.52 0.00 -4.6573 4.4588 4.4588
1200 42.38 46.52 0.00 -4.6573 4.4588 4.4588
1225 42.16 46.40 0.00 -5.5451 2.6602 2.6602
1250 41.90 46.35 0.00 -7.3017 2.4112 2.4112
1275 41.90 46.35 0.00 -7.3017 2.4112 2.4112
1300 41.67 46.31 0.00 -4.9187 0.7400 0.7400
1325 41.46 46.29 0.00 -5.6847 0.6715 0.6715
1350 41.22 46.24 0.00 -6.8533 0.2339 0.2339
1375 41.22 46.24 0.00 -6.8533 0.2339 0.2339
1400 40.85 46.18 0.00 -10.4457 0.0874 0.0874
1425 40.85 46.18 0.00 -10.4457 0.0874 0.0874
1450 39.82 45.91 0.00 -15.6452 1.2841 1.2841
1475 39.82 45.91 0.00 -15.6452 1.2841 1.2841
1500 39.14 45.70 0.00 -17.7034 3.6843 3.6843
1525 38.46 45.43 0.00 -16.2155 4.7188 4.7188
1550 38.46 45.43 0.00 -16.2155 4.7188 4.7188
1575 37.90 45.16 0.00 -12.2965 3.8345 3.8345
1600 37.49 44.86 0.00 -9.1131 3.9861 3.9861
1625 37.49 44.86 0.00 -9.1131 3.9861 3.9861
1650 37.17 44.50 0.00 -6.5420 3.0223 3.0223
1675 36.96 44.13 0.00 -4.9901 3.3532 3.3532
1700 36.96 44.13 0.00 -4.9901 3.3532 3.3532
1725 36.82 43.77 0.00 -2.5525 2.5026 2.5026
1750 36.73 43.54 0.00 -2.9076 1.9488 1.9488
1775 36.73 43.54 0.00 -2.9076 1.9488 1.9488
1800 36.57 43.27 0.00 -3.6307 2.9416 2.9416
1825 36.46 43.04 0.00 -1.9407 2.6784 2.6784
1850 36.43 42.93 0.00 -1.1916 1.0684 1.0684
1875 36.43 42.93 0.00 -1.1916 1.0684 1.0684
1900 36.39 42.83 0.00 -1.1393 0.3514 0.3514
1925 36.34 42.72 0.00 -1.1836 1.8878 1.8878
1950 36.34 42.72 0.00 -1.1836 1.8878 1.8878
1975 36.25 42.66 0.00 -3.1352 -0.7283 -0.7283
2000 36.05 42.66 0.00 -5.8992 -2.8407 -2.8407
2025 35.75 42.71 0.00 -8.2553 -2.9369 -2.9369
2050 35.75 42.71 0.00 -8.2553 -2.9369 -2.9369
2075 35.39 42.81 0.00 -9.2512 -2.5006 -2.5006
2100 35.04 42.84 0.00 -9.3928 -2.2940 -2.2940
2125 35.04 42.84 0.00 -9.3928 -2.2940 -2.2940
2150 34.64 42.88 0.00 -10.0802 0.2841 0.2841
2175 34.25 42.80 0.00 -9.3210 0.7754 0.7754
2200 33.88 42.60 0.00 -9.9393 0.7698 0.7698
2225 33.88 42.60 0.00 -9.9393 0.7698 0.7698
2250 33.46 42.36 0.00 -10.2873 1.5935 1.5935
2275 33.10 42.14 0.00 -7.9116 2.4792 2.4792
2300 33.10 42.14 0.00 -7.9116 2.4792 2.4792
2325 32.85 42.06 0.00 -4.6314 1.9393 1.9393
2350 32.78 42.12 0.00 -0.8890 1.8119 1.8119
2375 32.78 42.12 0.00 -0.8890 1.8119 1.8119
2400 32.74 41.99 0.00 -1.0264 0.5782 0.5782
2425 32.67 41.78 0.00 -2.2709 0.1896 0.1896
2450 32.67 41.78 0.00 -2.2709 0.1896 0.1896
2475 32.58 41.56 0.00 -2.4055 1.3917 1.3917
2500 32.46 41.25 0.00 -2.8565 0.2111 0.2111
2525 32.39 41.11 0.00 -1.3323 -0.3578 -0.3578
2550 32.39 41.11 0.00 -1.3323 -0.3578 -0.3578
2575 32.37 41.02 0.00 -0.9036 -0.6771 -0.6771
2600 32.31 41.00 0.00 -0.8496 1.8253 1.8253
2625 32.31 41.00 0.00 -0.8496 1.8253 1.8253
2650 32.24 41.00 0.00 -2.6384 -0.5313 -0.5313
2675 32.01 40.96 0.00 -7.9401 -0.1916 -0.1916
2700 32.01 40.96 0.00 -7.9401 -0.1916 -0.1916
2725 31.65 40.91 0.00 -9.0753 -2.4702 -2.4702
2750 31.25 40.82 0.00 -11.2389 -0.1131 -0.1131
2775 30.76 40.74 0.00 -12.5875 1.4973 1.4973
2800 30.76 40.74 0.00 -12.5875 1.4973 1.4973
2825 30.25 40.60 0.00 -12.4258 0.4357 0.4357
2850 29.78 40.46 0.00 -11.0592 2.0500 2.0500
2875 29.78 40.46 0.00 -11.0592 2.0500 2.0500
2900 29.35 40.33 0.00 -11.6743 -0.1077 -0.1077
2925 28.91 40.17 0.00 -9.8809 1.3195 1.3195
2950 28.91 40.17 0.00 -9.8809 1.3195 1.3195
2975 28.54 40.05 0.00 -8.4940 2.2099 2.2099
3000 28.27 39.90 0.00 -5.6015 3.0155 3.0155
3025 28.27 39.90 0.00 -5.6015 3.0155 3.0155
3050 28.12 39.70 0.00 -2.1926 3.5683 3.5683
3075 28.12 39.46 0.00 1.6229 2.7205 2.7205
3100 28.29 39.14 0.00 5.3693 3.1903 3.1903
3125 28.29 39.14 0.00 5.3693 3.1903 3.1903
3150 28.53 38.62 0.00 5.4418 3.7482 3.7482
3175 28.69 38.16 0.00 2.8637 4.0751 4.0751
3200 28.69 38.16 0.00 2.8637 4.0751 4.0751
3225 28.74 37.79 0.00 1.0571 3.0273 3.0273
3250 28.74 37.79 0.00 1.0571 3.0273 3.0273
3275 28.78 37.47 0.00 1.3167 4.5733 4.5733
3300 28.85 37.16 0.00 1.8923 2.9123 2.9123
3325 28.93 36.94 0.00 2.2620 1.7542 1.7542
3350 29.00 36.65 0.00 1.7795 0.7685 0.7685
3375 29.00 36.65 0.00 1.7795 0.7685 0.7685
3400 29.09 36.49 0.00 2.4725 0.1455 0.1455
3425 29.20 36.46 0.00 3.5250 -0.1387 -0.1387
3450 29.20 36.46 0.00 3.5250 -0.1387 -0.1387
3475 29.36 36.45 0.00 4.4640 0.4352 0.4352
3500 29.60 36.47 0.00 6.3032 1.1598 1.1598
3525 29.60 36.47 0.00 6.3032 1.1598 1.1598
3550 29.87 36.48 0.00 6.7894 0.0592 0.0592
3575 30.11 36.54 0.00 5.5212 -0.4632 -0.4632
3600 30.29 36.60 0.00 4.3142 0.4248 0.4248
3625 30.29 36.60 0.00 4.3142 0.4248 0.4248
3650 30.47 36.66 0.00 4.4578 0.6887 0.6887
3675 30.63 36.70 0.00 3.9586 0.4764 0.4764
3700 30.78 36.74 0.00 3.2504 0.1508 0.1508
3725 30.78 36.74 0.00 3.2504 0.1508 0.1508
3750 30.91 36.76 0.00 2.8663 -0.9299 -0.9299
3775 30.98 36.73 0.00 1.3945 -0.4961 -0.4961
3800 30.98 36.73 0.00 1.3945 -0.4961 -0.4961
3825 31.01 36.66 0.00 0.4859 0.6510 0.6510
3850 31.01 36.59 0.00 -0.0884 -0.1134 -0.1134
3875 31.01 36.59 0.00 -0.0884 -0.1134 -0.1134
3900 30.98 36.46 0.00 -1.5106 -0.3256 -0.3256
3925 30.91 36.27 0.00 -1.5648 1.5854 1.5854
3950 30.91 36.27 0.00 -1.5648 1.5854 1.5854
3975 30.92 36.07 0.00 1.5909 2.8578 2.8578
4000 31.01 35.89 0.00 2.2607 2.0492 2.0492
4025 31.12 35.64 0.00 2.6455 0.5031 0.5031
4050 31.12 35.64 0.00 2.6455 0.5031 0.5031
4075 31.21 35.59 0.00 2.1652 0.9284 0.9284
4100 31.27 35.57 0.00 1.4971 0.6865 0.6865
4125 31.27 35.57 0.00 1.4971 0.6865 0.6865
4150 31.30 35.63 0.00 1.1022 -0.6295 -0.6295
4175 31.39 35.65 0.00 3.6456 0.1818 0.1818
4200 31.39 35.65 0.00 3.6456 0.1818 0.1818
4225 31.57 35.64 0.00 4.4265 -1.0933 -1.0933
4250 31.65 35.62 0.00 0.0354 -1.0364 -1.0364
4275 31.65 35.62 0.00 1.5624 -2.0625 -2.0625
4300 31.65 35.62 0.00 1.5624 -2.0625 -2.0625
4325 31.77 35.70 0.00 3.1284 2.2331 2.2331
4350 32.03 35.89 0.00 8.7473 0.6162 0.6162
4375 32.03 35.89 0.00 8.7473 0.6162 0.6162
4400 32.48 36.08 0.00 11.6238 1.1168 1.1168
4425 32.83 36.24 0.00 7.2000 0.4431 0.4431
4450 32.83 36.24 0.00 7.2000 0.4431 0.4431
4475 33.03 36.31 0.00 3.4644 0.1267 0.1267
4500 33.14 36.35 0.00 2.7692 0.4671 0.4671
4525 33.14 36.35 0.00 2.7692 0.4671 0.4671
4550 33.25 36.37 0.00 2.2951 0.2733 0.2733
4575 33.34 36.36 0.00 2.3068 0.6599 0.6599
4600 33.46 36.31 0.00 3.9359 -0.6387 -0.6387
4625 33.46 36.31 0.00 3.9359 -0.6387 -0.6387
4650 33.66 36.29 0.00 5.8711 1.7218 1.7218
4675 33.89 36.28 0.00 5.2300 -0.1632 -0.1632
4700 34.11 36.29 0.00 5.3586 -1.9295 -1.9295
4725 34.11 36.29 0.00 5.3586 -1.9295 -1.9295
4750 34.29 36.25 0.00 3.9231 -1.0414 -1.0414
4775 34.29 36.25 0.00 3.9231 -1.0414 -1.0414
4800 34.41 36.24 0.00 2.6568 -0.4020 -0.4020
4825 34.50 36.20 0.00 1.8823 0.2328 0.2328
4850 34.57 36.17 0.00 2.2867 0.5805 0.5805
4875 34.57 36.17 0.00 2.2867 0.5805 0.5805
4900 34.68 36.06 0.00 2.7537 0.4495 0.4495
4925 34.81 35.98 0.00 3.2709 -0.2834 -0.2834
4950 34.81 35.98 0.00 3.2709 -0.2834 -0.2834
4975 34.93 35.91 0.00 4.5465 0.5197 0.5197
5000 35.13 35.80 0.00 5.3641 1.8201 1.8201
5025 35.36 35.75 0.00 5.9016 1.4967 1.4967
5050 35.36 35.75 0.00 5.9016 1.4967 1.4967
5075 35.61 35.74 0.00 6.0647 0.5220 0.5220
5100 35.86 35.77 0.00 7.1767 0.5289 0.5289
5125 35.86 35.77 0.00 7.1767 0.5289 0.5289
5150 36.18 35.74 0.00 7.8023 0.0101 0.0101
5175 36.48 35.69 0.00 7.7294 -0.0229 -0.0229
5200 36.82 35.59 0.00 8.7210 1.6030 1.6030
5225 36.82 35.59 0.00 8.7210 1.6030 1.6030
5250 37.19 35.49 0.00 9.6302 0.6877 0.6877
5275 37.60 35.35 0.00 11.1874 2.7162 2.7162
5300 37.60 35.35 0.00 11.1874 2.7162 2.7162
5325 38.06 35.31 0.00 10.7181 2.3536 2.3536
5350 38.46 35.35 0.00 10.5466 1.9051 1.9051
5375 38.46 35.35 0.00 10.5466 1.9051 1.9051
5400 38.92 35.45 0.00 11.8824 0.6462 0.6462
5425 39.40 35.53 0.00 11.9537 -0.8737 -0.8737
5450 39.86 35.63 0.00 10.8734 -0.1113 -0.1113
5475 39.86 35.63 0.00 10.8734 -0.1113 -0.1113
5500 40.27 35.67 0.00 10.0885 0.3807 0.3807
5525 40.58 35.69 0.00 10.8457 0.9242 0.9242
5550 40.58 35.69 0.00 10.8457 0.9242 0.9242
5575 41.09 35.79 0.00 13.4978 0.8657 0.8657
5600 41.62 35.92 0.00 12.3054 -0.0536 -0.0536
5625 41.62 35.92 0.00 12.3054 -0.0536 -0.0536
5650 42.04 36.05 0.00 10.3635 0.5460 0.5460
5675 42.45 36.20 0.00 10.3039 0.9089 0.9089
5700 42.45 36.20 0.00 10.3039 0.9089 0.9089
5725 42.87 36.33 0.00 9.7395 0.3264 0.3264
5750 43.22 36.48 0.00 8.7573 -0.6595 -0.6595
5775 43.53 36.61 0.00 7.0496 -1.7957 -1.7957
5800 43.53 36.61 0.00 7.0496 -1.7957 -1.7957
5825 43.78 36.73 0.00 5.3693 -0.7235 -0.7235
5850 43.97 36.88 0.00 4.5528 -0.3056 -0.3056
5875 44.16 37.02 0.00 5.3463 1.1286 1.1286
5900 44.16 37.02 0.00 5.3463 1.1286 1.1286
5925 44.37 37.17 0.00 5.4921 -0.5014 -0.5014
5950 44.64 37.31 0.00 7.4712 1.2425 1.2425
5975 44.64 37.31 0.00 7.4712 1.2425 1.2425
6000 44.93 37.46 0.00 7.0377 1.1440 1.1440
6025 45.20 37.64 0.00 5.9161 0.3002 0.3002
6050 45.20 37.64 0.00 5.9161 0.3002 0.3002
6075 45.44 37.84 0.00 6.3157 -0.3316 -0.3316
6100 45.69 38.02 0.00 6.3688 -0.9865 -0.9865
6125 45.69 38.02 0.00 6.3688 -0.9865 -0.9865
6150 45.93 38.23 0.00 6.0668 0.5299 0.5299
6175 46.28 38.39 0.00 10.0233 2.5916 2.5916
6200 46.70 38.45 0.00 11.1996 2.3718 2.3718
6225 46.70 38.45 0.00 11.1996 2.3718 2.3718
6250 47.14 38.47 0.00 10.1261 1.5290 1.5290
6275 47.49 38.52 0.00 8.0802 1.5071 1.5071
6300 47.49 38.52 0.00 8.0802 1.5071 1.5071
6325 47.78 38.59 0.00 7.3773 3.1549 3.1549
6350 48.10 38.74 0.00 8.7403 5.2460 5.2460
6375 48.53 38.99 0.00 12.0944 5.5955 5.5955
6400 48.53 38.99 0.00 12.0944 5.5955 5.5955
6425 49.06 39.29 0.00 13.5956 3.2101 3.2101
6450 49.48 39.50 0.00 14.3351 2.2700 2.2700
6475 49.48 39.50 0.00 14.3351 2.2700 2.2700
6500 50.07 39.73 0.00 14.8158 1.9882 1.9882
6525 50.65 39.96 0.00 14.2060 2.0752 2.0752
6550 50.65 39.96 0.00 14.2060 2.0752 2.0752
6575 51.19 40.16 0.00 12.8830 2.5563 2.5563
6600 51.71 40.33 0.00 13.5304 2.0973 2.0973
6625 51.71 40.33 0.00 13.5304 2.0973 2.0973
6650 52.29 40.60 0.00 15.2789 -0.8667 -0.8667
6675 52.97 40.89 0.00 17.7655 -0.4511 -0.4511
6700 53.70 41.26 0.00 18.8139 1.5953 1.5953
6725 53.70 41.26 0.00 18.8139 1.5953 1.5953
6750 54.45 41.72 0.00 18.9784 1.2532 1.2532
6775 54.45 41.72 0.00 18.9784 1.2532 1.2532
6800 55.35 42.19 0.00 24.1236 1.1262 1.1262
6825 56.27 42.63 0.00 22.1163 1.1327 1.1327
6850 57.03 42.96 0.00 16.3400 1.9461 1.9461
6875 57.03 42.96 0.00 16.3400 1.9461 1.9461
6900 57.55 43.18 0.00 11.8631 3.1744 3.1744
6925 57.99 43.37 0.00 10.2001 3.0962 3.0962
6950 58.34 43.55 0.00 8.2788 2.8413 2.8413
6975 58.34 43.55 0.00 8.2788 2.8413 2.8413
7000 58.59 43.79 0.00 3.8994 1.8371 1.8371
7025 58.68 44.09 0.00 2.1731 2.0567 2.0567
7050 58.68 44.09 0.00 2.1731 2.0567 2.0567
7075 58.84 44.43 0.00 5.6987 2.2749 2.2749
7100 59.17 44.79 0.00 9.0107 2.4843 2.4843
7125 59.56 45.16 0.00 10.3741 2.9069 2.9069
7150 59.56 45.16 0.00 10.3741 2.9069 2.9069
7175 59.56 45.16 0.00 10.3741 2.9069 2.9069
7200 60.39 45.86 0.00 10.6876 0.2766 0.2766
7225 60.39 45.86 0.00 10.6876 0.2766 0.2766
7250 60.79 46.16 0.00 9.3033 -1.2204 -1.2204
7275 61.06 46.42 0.00 5.2392 0.5230 0.5230
7300 61.06 46.42 0.00 5.2392 0.5230 0.5230
7325 61.20 46.59 0.00 4.2360 1.2504 1.2504
7350 61.38 46.82 0.00 5.3043 0.9286 0.9286
7375 61.38 46.82 0.00 5.3043 0.9286 0.9286
7400 61.69 47.07 0.00 9.2432 1.3831 1.3831
7425 62.10 47.33 0.00 11.1297 1.5255 1.5255
7450 62.62 47.63 0.00 13.1426 3.0233 3.0233
7475 62.62 47.63 0.00 13.1426 3.0233 3.0233
7500 63.11 47.92 0.00 11.9029 1.2350 1.2350
7525 63.54 48.15 0.00 10.6808 0.4820 0.4820
7550 64.04 48.38 0.00 13.5054 0.1804 0.1804
7575 64.04 48.38 0.00 13.5054 0.1804 0.1804
7600 64.62 48.62 0.00 15.4399 0.6823 0.6823
7625 65.34 48.87 0.00 18.9398 -0.0569 -0.0569
7650 65.34 48.87 0.00 18.9398 -0.0569 -0.0569
7675 66.12 49.09 0.00 20.6053 -1.3579 -1.3579
7700 66.12 49.09 0.00 20.6053 -1.3579 -1.3579
7725 67.02 49.32 0.00 23.5042 0.6960 0.6960
7750 67.96 49.53 0.00 21.6022 1.7548 1.7548
7775 67.96 49.53 0.00 21.6022 1.7548 1.7548
7800 68.66 49.74 0.00 15.7846 2.8742 2.8742
7825 69.20 49.93 0.00 12.6030 3.5366 3.5366
7850 69.66 50.21 0.00 10.0091 3.6340 3.6340
7875 69.66 50.21 0.00 10.0091 3.6340 3.6340
7900 69.96 50.50 0.00 6.4694 1.4407 1.4407
7925 70.04 50.75 0.00 -2.6902 -4.0367 -4.0367
7950 70.04 50.75 0.00 -2.6902 -4.0367 -4.0367
7975 69.80 50.96 0.00 -9.4575 -7.3512 -7.3512
8000 69.46 51.42 0.00 -6.1542 -3.8113 -3.8113
8025 69.47 52.06 0.00 4.1065 -2.7469 -2.7469
8050 69.47 52.06 0.00 4.1065 -2.7469 -2.7469
8075 69.85 52.76 0.00 12.4571 -1.5186 -1.5186
8100 70.45 53.44 0.00 15.8186 1.3399 1.3399
8125 71.06 54.06 0.00 14.7451 2.5715 2.5715
8150 71.06 54.06 0.00 14.7451 2.5715 2.5715
8175 71.66 54.64 0.00 14.7513 3.4205 3.4205
8200 72.26 55.16 0.00 15.7436 2.9200 2.9200
8225 72.26 55.16 0.00 15.7436 2.9200 2.9200
8250 72.87 55.63 0.00 14.6093 5.0632 5.0632
8275 73.44 56.12 0.00 14.6404 1.9044 1.9044
8300 73.44 56.12 0.00 14.6404 1.9044 1.9044
8325 74.14 56.67 0.00 19.0824 2.0647 2.0647
8350 75.03 57.24 0.00 26.1628 2.1015 2.1015
8375 76.23 57.70 0.00 31.5159 -1.0816 -1.0816
8400 76.23 57.70 0.00 31.5159 -1.0816 -1.0816
8425 77.54 58.11 0.00 33.4759 1.1371 1.1371
8450 78.86 58.47 0.00 32.5316 3.8081 3.8081
8475 78.86 58.47 0.00 32.5316 3.8081 3.8081
8500 80.15 58.88 0.00 31.6808 5.4305 5.4305
8525 81.34 59.27 0.00 27.7280 3.5359 3.5359
8550 81.34 59.27 0.00 27.7280 3.5359 3.5359
8575 82.30 59.61 0.00 22.2781 2.8990 2.8990
8600 83.09 59.88 0.00 18.1050 1.5627 1.5627
8625 83.77 60.18 0.00 17.4222 1.3538 1.3538
8650 83.77 60.18 0.00 17.4222 1.3538 1.3538
8675 84.51 60.51 0.00 17.0973 2.6305 2.6305
8700 85.04 60.84 0.00 11.9191 3.9747 3.9747
8725 85.04 60.84 0.00 11.9191 3.9747 3.9747
8750 85.47 61.12 0.00 9.7800 2.8864 2.8864
8775 85.81 61.31 0.00 8.0652 1.6420 1.6420
8800 85.81 61.31 0.00 8.0652 1.6420 1.6420
8825 86.22 61.55 0.00 12.4390 2.2654 2.2654
8850 86.65 61.77 0.00 15.5293 3.0102 3.0102
8875 86.65 61.77 0.00 15.5293 3.0102 3.0102
8900 87.35 62.11 0.00 18.3112 2.5265 2.5265
8925 88.07 62.50 0.00 17.3811 2.4349 2.4349
8950 88.07 62.50 0.00 17.3811 2.4349 2.4349
8975 88.69 62.92 0.00 13.7174 1.0591 1.0591
9000 89.17 63.31 0.00 12.0285 2.8972 2.8972
9025 89.69 63.79 0.00 13.5050 2.2487 2.2487
9050 89.69 63.79 0.00 13.5050 2.2487 2.2487
9075 90.26 64.35 0.00 14.9067 -0.5750 -0.5750
9100 90.93 64.85 0.00 17.4695 -0.4950 -0.4950
9125 90.93 64.85 0.00 17.4695 -0.4950 -0.4950
9150 91.75 65.35 0.00 22.4752 -0.0992 -0.0992
9175 92.69 65.96 0.00 24.1866 0.1200 0.1200
9200 93.67 66.57 0.00 24.0997 0.8366 0.8366
9225 93.67 66.57 0.00 24.0997 0.8366 0.8366
9250 94.61 67.21 0.00 23.5341 2.3037 2.3037
9275 95.51 67.81 0.00 21.1574 2.7609 2.7609
9300 95.51 67.81 0.00 21.1574 2.7609 2.7609
9325 96.29 68.48 0.00 19.0358 1.3833 1.3833
9350 96.99 69.08 0.00 17.0149 0.6082 0.6082
9375 96.99 69.08 0.00 17.0149 0.6082 0.6082
9400 97.59 69.52 0.00 12.3668 0.1326 0.1326
9425 97.76 69.87 0.00 -0.9393 0.0756 0.0756
9450 97.44 70.06 0.00 -11.6481 -0.3160 -0.3160
9475 97.44 70.06 0.00 -11.6481 -0.3160 -0.3160
9500 96.72 70.05 0.00 -22.5148 -1.8848 -1.8848
9525 95.74 69.86 0.00 -24.4058 -2.4806 -2.4806
9550 95.74 69.86 0.00 -24.4058 -2.4806 -2.4806
9575 94.84 69.63 0.00 -20.8128 -4.3169 -4.3169
9600 94.04 69.32 0.00 -20.4150 -1.4562 -1.4562
9625 93.40 69.08 0.00 -20.6330 2.5385 2.5385
9650 93.40 69.08 0.00 -20.6330 2.5385 2.5385
9675 92.67 68.75 0.00 -17.9133 3.3891 3.3891
9700 91.85 68.31 0.00 -21.9559 2.7635 2.7635
9725 91.85 68.31 0.00 -21.9559 2.7635 2.7635
9750 90.99 67.87 0.00 -20.4312 3.3277 3.3277
9775 90.28 67.45 0.00 -16.1701 1.6576 1.6576
9800 89.75 67.17 0.00 -11.9950 2.3899 2.3899
9825 89.75 67.17 0.00 -11.9950 2.3899 2.3899
9850 89.35 67.00 0.00 -8.3661 0.1743 0.1743
9875 89.21 66.93 0.00 -0.5614 -3.7648 -3.7648
9900 89.21 66.93 0.00 -0.5614 -3.7648 -3.7648
9925 89.21 66.91 0.00 -0.7255 -4.5230 -4.5230
9950 89.13 66.91 0.00 -2.1552 -2.0000 -2.0000
9975 89.13 66.91 0.00 -2.1552 -2.0000 -2.0000
10000 89.13 66.93 0.00 1.3832 -1.3180 -1.3180
10025 89.23 66.93 0.00 2.8588 -0.3778 -0.3778
10050 89.23 66.93 0.00 2.8588 -0.3778 -0.3778
10075 89.33 66.94 0.00 2.5300 0.9503 0.9503
10100 89.47 66.96 0.00 4.1414 -0.9448 -0.9448
10125 89.47 66.96 0.00 4.1414 -0.9448 -0.9448
10150 89.59 67.03 0.00 1.4643 -0.7057 -0.7057
10175 89.65 67.13 0.00 3.1510 1.1168 1.1168
10200 89.65 67.13 0.00 3.1510 1.1168 1.1168
10225 89.88 67.23 0.00 6.2455 2.0261 2.0261
10250 90.08 67.32 0.00 3.1993 2.7987 2.7987
10275 90.14 67.34 0.00 1.3247 2.8603 2.8603
10300 90.14 67.34 0.00 1.3247 2.8603 2.8603
10325 90.20 67.35 0.00 1.4409 1.4538 1.4538
10350 90.22 67.35 0.00 0.3589 1.3281 1.3281
10375 90.18 67.42 0.00 -1.7986 1.7128 1.7128
10400 90.18 67.42 0.00 -1.7986 1.7128 1.7128
10425 90.08 67.50 0.00 -2.7841 -0.1235 -0.1235
10450 89.90 67.49 0.00 -6.0702 -0.6901 -0.6901
10475 89.90 67.49 0.00 -6.0702 -0.6901 -0.6901
10500 89.61 67.45 0.00 -6.7145 -0.5633 -0.5633
10525 89.39 67.40 0.00 -5.5230 -0.1939 -0.1939
10550 89.39 67.40 0.00 -5.5230 -0.1939 -0.1939
10575 89.17 67.41 0.00 -6.0613 -0.0168 -0.0168
10600 88.85 67.43 0.00 -8.5642 -0.1536 -0.1536
10625 88.47 67.49 0.00 -10.0564 0.3026 0.3026
10650 88.47 67.49 0.00 -10.0564 0.3026 0.3026
10675 88.01 67.44 0.00 -12.9684 -2.0409 -2.0409
10700 87.43 67.39 0.00 -15.3332 -2.7103 -2.7103
10725 87.43 67.39 0.00 -15.3332 -2.7103 -2.7103
10750 86.81 67.23 0.00 -16.0391 -3.5100 -3.5100
10775 86.12 67.12 0.00 -17.7666 -3.8231 -3.8231
10800 86.12 67.12 0.00 -17.7666 -3.8231 -3.8231
10825 85.39 66.99 0.00 -18.7644 -3.4444 -3.4444
10850 84.63 66.88 0.00 -18.6949 -3.1640 -3.1640
10875 83.98 66.74 0.00 -14.1024 -2.6561 -2.6561
10900 83.98 66.74 0.00 -14.1024 -2.6561 -2.6561
10925 83.52 66.55 0.00 -9.9812 -2.3049 -2.3049
10950 83.21 66.40 0.00 -6.9425 -2.5813 -2.5813
10975 82.92 66.31 0.00 -7.5451 -1.6256 -1.6256
11000 82.92 66.31 0.00 -7.5451 -1.6256 -1.6256
11025 82.65 66.30 0.00 -5.6687 -2.1656 -2.1656
11050 82.53 66.33 0.00 -2.0097 -2.2115 -2.2115
11075 82.53 66.33 0.00 -2.0097 -2.2115 -2.2115
11100 82.49 66.39 0.00 -0.5677 -3.3553 -3.3553
11125 82.49 66.39 0.00 -0.5677 -3.3553 -3.3553
11150 82.51 66.48 0.00 0.8842 -3.3565 -3.3565
11175 82.55 66.60 0.00 0.4596 -2.0680 -2.0680
11200 82.55 66.75 0.00 -0.4741 -1.5206 -1.5206
11225 82.55 66.75 0.00 -0.4741 -1.5206 -1.5206
11250 82.51 66.88 0.00 -0.7335 -1.4492 -1.4492
11275 82.53 67.03 0.00 1.4058 -1.5637 -1.5637
11300 82.53 67.03 0.00 1.4058 -1.5637 -1.5637
11325 82.57 67.29 0.00 0.7602 -1.0853 -1.0853
11350 82.55 67.72 0.00 -1.5840 -2.9217 -2.9217
11375 82.55 67.72 0.00 -1.5840 -2.9217 -2.9217
11400 82.41 68.26 0.00 -4.5601 -3.5516 -3.5516
11425 82.14 68.77 0.00 -7.7333 -5.1486 -5.1486
11450 81.76 69.17 0.00 -10.6222 -4.6728 -4.6728
11475 81.76 69.17 0.00 -10.6222 -4.6728 -4.6728
11500 81.32 69.37 0.00 -10.9667 -3.6019 -3.6019
11525 80.88 69.50 0.00 -11.3569 -2.6779 -2.6779
11550 80.44 69.55 0.00 -10.3326 -2.5174 -2.5174
11575 80.44 69.55 0.00 -10.3326 -2.5174 -2.5174
11600 80.44 69.55 0.00 -10.3326 -2.5174 -2.5174
11625 79.94 69.43 0.00 -14.1528 -2.2572 -2.2572
11650 79.32 69.26 0.00 -16.7226 -0.2853 -0.2853
11675 78.62 69.05 0.00 -17.5290 -0.7022 -0.7022
11700 77.92 68.86 0.00 -17.3423 -1.0776 -1.0776
11725 77.26 68.66 0.00 -16.0098 -0.4663 -0.4663
11750 77.26 68.66 0.00 -16.0098 -0.4663 -0.4663
11775 76.65 68.49 0.00 -14.8158 -0.5176 -0.5176
11800 76.65 68.49 0.00 -14.8158 -0.5176 -0.5176
11825 76.07 68.35 0.00 -13.8471 -1.5852 -1.5852
11850 75.55 68.24 0.00 -13.0531 -2.5220 -2.5220
11875 75.03 68.11 0.00 -12.8083 -2.3345 -2.3345
11900 75.03 68.11 0.00 -12.8083 -2.3345 -2.3345
11925 74.64 68.00 0.00 -13.0523 -2.3357 -2.3357
11950 74.10 67.87 0.00 -13.4037 -2.3105 -2.3105
11975 74.10 67.87 0.00 -13.4037 -2.3105 -2.3105
12000 73.60 67.74 0.00 -11.6895 -2.3135 -2.3135
12025 73.20 67.67 0.00 -9.3345 -3.0141 -3.0141
12050 72.87 67.62 0.00 -7.6307 -3.3888 -3.3888
12075 72.87 67.62 0.00 -7.6307 -3.3888 -3.3888
12100 72.54 67.59 0.00 -8.6343 -3.4276 -3.4276
12125 72.15 67.64 0.00 -10.0513 -1.3227 -1.3227
12150 72.15 67.64 0.00 -10.0513 -1.3227 -1.3227
12175 71.77 67.75 0.00 -9.5171 -2.7077 -2.7077
12200 71.42 67.85 0.00 -7.5134 -4.2493 -4.2493
12225 71.18 67.95 0.00 -5.7503 -4.8617 -4.8617
12250 71.18 67.95 0.00 -5.7503 -4.8617 -4.8617
12275 70.93 68.09 0.00 -6.2851 -4.8703 -4.8703
12300 70.69 68.17 0.00 -5.4196 -4.5815 -4.5815
12325 70.69 68.17 0.00 -5.4196 -4.5815 -4.5815
12350 70.49 68.17 0.00 -5.1772 -4.1383 -4.1383
12375 70.29 68.09 0.00 -5.0643 -3.4296 -3.4296
12400 70.29 68.09 0.00 -5.0643 -3.4296 -3.4296
12425 70.05 68.02 0.00 -6.4366 -3.8268 -3.8268
12450 69.78 68.00 0.00 -6.8388 -1.9464 -1.9464
12475 69.78 68.00 0.00 -6.8388 -1.9464 -1.9464
12500 69.53 67.95 0.00 -5.3559 -1.4387 -1.4387
12525 69.37 67.95 0.00 -3.6672 -1.3013 -1.3013
12550 69.37 67.95 0.00 -3.6672 -1.3013 -1.3013
12575 69.26 67.95 0.00 -2.1322 -1.2470 -1.2470
12600 69.18 67.91 0.00 -1.8076 -0.7793 -0.7793
12625 69.08 67.85 0.00 -3.3695 -0.3548 -0.3548
12650 69.08 67.85 0.00 -3.3695 -0.3548 -0.3548
12675 68.91 67.75 0.00 -4.2896 -0.6762 -0.6762
12700 68.79 67.71 0.00 -4.1764 -0.8776 -0.8776
12725 68.79 67.71 0.00 -4.1764 -0.8776 -0.8776
12750 68.61 67.65 0.00 -4.9989 -1.3883 -1.3883
12775 68.41 67.59 0.00 -4.8024 -0.8497 -0.8497
12800 68.23 67.52 0.00 -4.2181 -0.9266 -0.9266
12825 68.23 67.52 0.00 -4.2181 -0.9266 -0.9266
12850 68.06 67.42 0.00 -4.4033 0.2468 0.2468
12875 67.88 67.36 0.00 -4.6729 2.4286 2.4286
12900 67.88 67.36 0.00 -4.6729 2.4286 2.4286
12925 67.61 67.17 0.00 -7.7396 1.9701 1.9701
12950 67.26 66.87 0.00 -10.2909 2.0294 2.0294
12975 66.73 66.41 0.00 -14.5975 0.2299 0.2299
13000 66.73 66.41 0.00 -14.5975 0.2299 0.2299
13025 66.11 65.87 0.00 -15.2413 1.0479 1.0479
13050 66.11 65.87 0.00 -15.2413 1.0479 1.0479
13075 65.57 65.37 0.00 -12.3633 -0.4490 -0.4490
13100 65.16 64.97 0.00 -8.7131 -0.8677 -0.8677
13125 64.86 64.64 0.00 -7.1113 -1.3410 -1.3410
13150 64.86 64.64 0.00 -7.1113 -1.3410 -1.3410
13175 64.59 64.39 0.00 -6.4918 -0.6238 -0.6238
13200 64.34 64.26 0.00 -6.2868 0.4381 0.4381
13225 64.34 64.26 0.00 -6.2868 0.4381 0.4381
13250 64.11 64.18 0.00 -4.9933 1.4767 1.4767
13275 63.93 64.05 0.00 -4.4973 0.8225 0.8225
13300 63.70 63.85 0.00 -6.6424 -0.5229 -0.5229
13325 63.70 63.85 0.00 -6.6424 -0.5229 -0.5229
13350 63.43 63.69 0.00 -5.6474 -1.7767 -1.7767
13375 63.31 63.58 0.00 -2.2665 -2.6847 -2.6847
13400 63.31 63.58 0.00 -2.2665 -2.6847 -2.6847
13425 63.22 63.52 0.00 -2.1722 -2.1716 -2.1716
13450 63.04 63.47 0.00 -6.1845 -2.2260 -2.2260
13475 62.81 63.41 0.00 -8.3659 -2.2821 -2.2821
13500 62.81 63.41 0.00 -8.3659 -2.2821 -2.2821
13525 62.46 63.28 0.00 -9.1658 -1.6807 -1.6807
13550 62.08 63.17 0.00 -9.5796 -1.0600 -1.0600
13575 62.08 63.17 0.00 -9.5796 -1.0600 -1.0600
13600 61.68 63.07 0.00 -10.1627 1.5691 1.5691
13625 61.68 63.07 0.00 -10.1627 1.5691 1.5691
13650 61.23 62.94 0.00 -11.7778 -1.0027 -1.0027
13675 60.78 62.80 0.00 -11.1287 -3.2451 -3.2451
13700 60.33 62.58 0.00 -10.7505 -5.6590 -5.6590
13725 60.33 62.58 0.00 -10.7505 -5.6590 -5.6590
13750 59.95 62.22 0.00 -8.4827 -7.6791 -7.6791
13775 59.66 61.88 0.00 -7.1341 -7.0708 -7.0708
13800 59.66 61.88 0.00 -7.1341 -7.0708 -7.0708
13825 59.38 61.63 0.00 -6.8565 -3.7192 -3.7192
13850 59.12 61.41 0.00 -5.8953 -2.1821 -2.1821
13875 58.89 61.22 0.00 -5.9523 -2.4545 -2.4545
13900 58.89 61.22 0.00 -5.9523 -2.4545 -2.4545
13925 58.66 61.06 0.00 -5.3985 -1.1476 -1.1476
13950 58.45 60.91 0.00 -5.3316 -0.3375 -0.3375
13975 58.45 60.91 0.00 -5.3316 -0.3375 -0.3375
14000 58.22 60.79 0.00 -5.7029 -0.2567 -0.2567
14025 58.06 60.72 0.00 -2.7402 0.0918 0.0918
14050 58.06 60.72 0.00 -2.7402 0.0918 0.0918
14075 58.01 60.65 0.00 -0.7121 -1.0577 -1.0577
14100 57.99 60.56 0.00 -0.4021 -1.0359 -1.0359
14125 57.94 60.50 0.00 -1.9910 -0.7787 -0.7787
14150 57.94 60.50 0.00 -1.9910 -0.7787 -0.7787
14175 57.82 60.45 0.00 -3.0632 -0.6843 -0.6843
14200 57.73 60.40 0.00 -1.7507 -0.1156 -0.1156
14225 57.73 60.40 0.00 -1.7507 -0.1156 -0.1156
14250 57.69 60.36 0.00 -0.8201 -0.4300 -0.4300
14275 57.69 60.31 0.00 0.3306 1.0429 1.0429
14300 57.68 60.29 0.00 -0.9680 -0.8441 -0.8441
14325 57.68 60.29 0.00 -0.9680 -0.8441 -0.8441
14350 57.59 60.24 0.00 -2.9227 -1.3890 -1.3890
14375 57.45 60.18 0.00 -3.8524 -1.4053 -1.4053
14400 57.45 60.18 0.00 -3.8524 -1.4053 -1.4053
14425 57.31 60.15 0.00 -3.6314 -1.7843 -1.7843
14450 57.13 60.09 0.00 -5.0081 -2.2750 -2.2750
14475 56.89 60.00 0.00 -5.9807 -1.2959 -1.2959
14500 56.89 60.00 0.00 -5.9807 -1.2959 -1.2959
14525 56.64 59.79 0.00 -6.4271 -1.1018 -1.1018
14550 56.36 59.53 0.00 -7.4917 -0.0921 -0.0921
14575 56.36 59.53 0.00 -7.4917 -0.0921 -0.0921
14600 56.05 59.26 0.00 -7.8039 0.2571 0.2571
14625 55.73 58.96 0.00 -7.8316 0.7769 0.7769
14650 55.73 58.96 0.00 -7.8316 0.7769 0.7769
14675 55.45 58.68 0.00 -6.6765 0.8468 0.8468
14700 55.21 58.40 0.00 -5.2316 -0.2651 -0.2651
14725 55.21 58.40 0.00 -5.2316 -0.2651 -0.2651
14750 55.07 58.17 0.00 -2.2613 -0.5349 -0.5349
14775 55.01 57.97 0.00 -1.0406 -0.8949 -0.8949
14800 55.01 57.97 0.00 -1.0406 -0.8949 -0.8949
14825 54.98 57.80 0.00 -0.7431 -0.7932 -0.7932
14850 54.96 57.62 0.00 -0.0191 0.4486 0.4486
14875 55.00 57.41 0.00 0.7933 0.6335 0.6335
14900 55.00 57.41 0.00 0.7933 0.6335 0.6335
14925 55.03 57.20 0.00 1.3613 2.2996 2.2996
14950 55.08 57.01 0.00 0.8786 0.5504 0.5504
14975 55.08 57.01 0.00 0.8786 0.5504 0.5504
15000 55.10 56.82 0.00 -0.2938 -0.5432 -0.5432
15025 55.05 56.62 0.00 -1.4807 -0.9414 -0.9414
15050 55.05 56.62 0.00 -1.4807 -0.9414 -0.9414
15075 55.01 56.47 0.00 -1.2509 -0.9010 -0.9010
15100 54.98 56.27 0.00 -0.8565 -0.9045 -0.9045
15125 54.93 56.01 0.00 -1.0632 0.2283 0.2283
15150 54.93 56.01 0.00 -1.0632 0.2283 0.2283
15175 54.91 55.77 0.00 -0.3599 1.2461 1.2461
15200 54.89 55.47 0.00 -0.4549 0.4319 0.4319
15225 54.89 55.47 0.00 -0.4549 0.4319 0.4319
15250 54.87 55.17 0.00 -0.6942 1.0901 1.0901
15275 54.84 54.89 0.00 -0.1454 1.9440 1.9440
15300 54.84 54.65 0.00 0.0413 1.3991 1.3991
15325 54.84 54.65 0.00 0.0413 1.3991 1.3991
15350 54.86 54.35 0.00 0.4111 0.2512 0.2512
15375 54.86 54.02 0.00 -0.3863 1.4459 1.4459
15400 54.86 54.02 0.00 -0.3863 1.4459 1.4459
15425 54.84 53.56 0.00 -0.5287 1.6949 1.6949
15450 54.84 53.14 0.00 0.1410 0.8442 0.8442
15475 54.84 53.14 0.00 0.1410 0.8442 0.8442
15500 54.84 52.81 0.00 0.2531 0.5593 0.5593
15525 54.86 52.44 0.00 0.2260 -0.1116 -0.1116
15550 54.89 51.94 0.00 1.1895 3.5994 3.5994
15575 54.89 51.94 0.00 1.1895 3.5994 3.5994
15600 54.89 51.43 0.00 -0.8244 2.2297 2.2297
15625 54.87 51.01 0.00 -0.4480 1.9111 1.9111
15650 54.87 51.01 0.00 -0.4480 1.9111 1.9111
15675 54.79 50.63 0.00 -3.1595 0.4495 0.4495
15700 54.61 50.33 0.00 -4.8849 -0.0178 -0.0178
15725 54.61 50.33 0.00 -4.8849 -0.0178 -0.0178
15750 54.42 50.10 0.00 -4.8624 -0.3985 -0.3985
15775 54.23 49.89 0.00 -4.6183 0.2162 0.2162
15800 54.23 49.89 0.00 -4.6183 0.2162 0.2162
15825 54.03 49.68 0.00 -4.5417 -0.2808 -0.2808
15850 53.93 49.56 0.00 -3.7060 -1.1898 -1.1898
15875 53.93 49.56 0.00 -3.7060 -1.1898 -1.1898
15900 53.79 49.40 0.00 -3.2148 -1.9180 -1.9180
15925 53.65 49.21 0.00 -3.8988 -1.8025 -1.8025
15950 53.49 49.02 0.00 -3.7228 -0.8264 -0.8264
15975 53.49 49.02 0.00 -3.7228 -0.8264 -0.8264
16000 53.35 48.86 0.00 -3.4329 0.3131 0.3131
16025 53.21 48.71 0.00 -3.5290 0.3309 0.3309
16050 53.06 48.57 0.00 -4.0374 -0.4804 -0.4804
16075 53.06 48.57 0.00 -4.0374 -0.4804 -0.4804
16100 52.92 48.44 0.00 -3.3832 -1.3652 -1.3652
16125 52.79 48.37 0.00 -2.3189 -0.4122 -0.4122
16150 52.79 48.37 0.00 -2.3189 -0.4122 -0.4122
16175 52.76 48.32 0.00 -0.4595 0.0148 0.0148
16200 52.79 48.22 0.00 1.7841 2.7767 2.7767
16225 52.79 48.22 0.00 1.7841 2.7767 2.7767
16250 52.85 47.97 0.00 0.7364 1.4656 1.4656
16275 52.81 47.76 0.00 -2.1088 0.3950 0.3950
16300 52.67 47.66 0.00 -4.0461 -0.4048 -0.4048
16325 52.67 47.66 0.00 -4.0461 -0.4048 -0.4048
16350 52.48 47.66 0.00 -5.0675 -0.3134 -0.3134
16375 52.30 47.68 0.00 -3.9072 -1.3245 -1.3245
16400 52.30 47.68 0.00 -3.9072 -1.3245 -1.3245
16425 52.23 47.55 0.00 -0.5916 -2.6746 -2.6746
16450 52.29 47.29 0.00 2.4313 -1.2918 -1.2918
16475 52.29 47.29 0.00 2.4313 -1.2918 -1.2918
16500 52.39 46.98 0.00 2.1321 -0.9789 -0.9789
16525 52.39 46.98 0.00 2.1321 -0.9789 -0.9789
16550 52.48 46.05 0.00 1.3091 2.8661 2.8661
16575 52.48 46.05 0.00 1.3091 2.8661 2.8661
16600 52.48 46.05 0.00 1.3091 2.8661 2.8661
16625 52.62 45.24 0.00 2.5071 0.8202 0.8202
16650 52.62 45.24 0.00 2.5071 0.8202 0.8202
16675 52.71 44.86 0.00 1.7707 -0.0833 -0.0833
16700 52.78 44.56 0.00 1.6195 1.0686 1.0686
16725 52.78 44.56 0.00 1.6195 1.0686 1.0686
16750 52.85 44.21 0.00 2.3990 1.4847 1.4847
16775 52.99 43.78 0.00 3.8898 2.3386 2.3386
16800 52.99 43.78 0.00 3.8898 2.3386 2.3386
16825 53.13 43.29 0.00 2.6717 3.3079 3.3079
16850 53.16 42.80 0.00 0.1649 3.3445 3.3445
16875 53.16 42.22 0.00 0.1450 4.2890 4.2890
16900 53.16 42.22 0.00 0.1450 4.2890 4.2890
16925 53.18 41.55 0.00 0.0535 4.6074 4.6074
16950 53.16 40.89 0.00 -0.7713 2.9358 2.9358
16975 53.16 40.89 0.00 -0.7713 2.9358 2.9358
17000 53.09 40.24 0.00 -1.8314 1.5704 1.5704
17025 53.02 39.71 0.00 -2.1445 0.2229 0.2229
17050 53.02 39.71 0.00 -2.1445 0.2229 0.2229
17075 52.95 39.19 0.00 -1.3056 0.2920 0.2920
17100 52.92 38.72 0.00 -0.5247 0.5669 0.5669
17125 52.92 38.72 0.00 -0.5247 0.5669 0.5669
17150 52.90 38.25 0.00 -0.4245 2.0772 2.0772
17175 52.86 37.76 0.00 -1.2344 1.4339 1.4339
17200 52.78 37.22 0.00 -2.2268 1.9406 1.9406
17225 52.78 37.22 0.00 -2.2268 1.9406 1.9406
17250 52.72 36.69 0.00 -1.0557 2.1784 2.1784
17275 52.76 36.06 0.00 2.1634 3.5051 3.5051
17300 52.76 36.06 0.00 2.1634 3.5051 3.5051
17325 52.90 35.54 0.00 4.5476 4.7714 4.7714
17350 53.16 35.18 0.00 7.4230 4.8290 4.8290
17375 53.39 34.96 0.00 7.6014 5.0716 5.0716
17400 53.39 34.96 0.00 7.6014 5.0716 5.0716
17425 53.68 34.51 0.00 7.2550 5.0679 5.0679
17450 53.91 34.01 0.00 5.1313 4.6753 4.6753
17475 53.91 34.01 0.00 5.1313 4.6753 4.6753
17500 54.12 33.48 0.00 4.7709 4.6035 4.6035
17525 54.28 32.98 0.00 3.5589 4.1726 4.1726
17550 54.44 32.58 0.00 4.3780 5.4475 5.4475
17575 54.44 32.58 0.00 4.3780 5.4475 5.4475
17600 54.65 32.27 0.00 5.6438 2.9145 2.9145
17625 54.86 31.94 0.00 5.2205 1.5538 1.5538
17650 54.86 31.94 0.00 5.2205 1.5538 1.5538
17675 55.01 31.63 0.00 2.2570 0.9097 0.9097
17700 54.98 31.39 0.00 -2.0432 0.9793 0.9793
17725 54.86 31.12 0.00 -3.7165 0.6667 0.6667
17750 54.86 31.12 0.00 -3.7165 0.6667 0.6667
17775 54.75 30.72 0.00 -1.6908 0.6273 0.6273
17800 54.75 30.72 0.00 -1.6908 0.6273 0.6273
17825 54.75 30.28 0.00 0.4791 0.7329 0.7329
17850 54.73 29.84 0.00 -1.0184 0.6350 0.6350
17875 54.65 29.40 0.00 -2.2764 2.4523 2.4523
17900 54.65 29.40 0.00 -2.2764 2.4523 2.4523
17925 54.61 28.82 0.00 0.0542 4.3660 4.3660
17950 54.68 28.19 0.00 2.4646 3.9374 3.9374
17975 54.68 28.19 0.00 2.4646 3.9374 3.9374
18000 54.77 27.69 0.00 1.8906 2.6884 2.6884
18025 54.84 27.35 0.00 1.5064 2.2065 2.2065
18050 54.84 27.35 0.00 1.5064 2.2065 2.2065
18075 54.93 27.04 0.00 2.7172 2.0619 2.0619
18100 55.08 26.63 0.00 4.7643 2.2987 2.2987
18125 55.08 26.63 0.00 4.7643 2.2987 2.2987
18150 55.24 26.24 0.00 5.2455 2.5094 2.5094
18175 55.45 25.73 0.00 5.5458 3.7344 3.7344
18200 55.73 25.26 0.00 7.6161 5.6111 5.6111
18225 55.73 25.26 0.00 7.6161 5.6111 5.6111
18250 56.08 24.73 0.00 9.3838 6.7233 6.7233
18275 56.57 24.23 0.00 14.8873 10.5953 10.5953
18300 56.57 24.23 0.00 14.8873 10.5953 10.5953
18325 57.22 23.77 0.00 16.2137 6.6215 6.6215
18350 57.75 23.38 0.00 10.7274 3.1473 3.1473
18375 58.06 22.88 0.00 5.2867 2.3727 2.3727
18400 58.06 22.88 0.00 5.2867 2.3727 2.3727
18425 58.20 22.06 0.00 3.4038 4.4789 4.4789
18450 58.34 21.16 0.00 3.7301 2.7199 2.7199
18475 58.34 21.16 0.00 3.7301 2.7199 2.7199
18500 58.56 20.42 0.00 6.6193 4.2570 4.2570
18525 58.87 19.85 0.00 8.3445 3.3843 3.3843
18550 58.87 19.85 0.00 8.3445 3.3843 3.3843
18575 59.21 19.23 0.00 8.1606 2.5094 2.5094
18600 59.49 18.58 0.00 6.4232 2.8208 2.8208
18625 59.68 18.08 0.00 3.0955 1.9911 1.9911
18650 59.68 18.08 0.00 3.0955 1.9911 1.9911
18675 59.72 17.81 0.00 -0.6989 0.7479 0.7479
18700 59.61 17.58 0.00 -3.2106 -0.1433 -0.1433
18725 59.61 17.58 0.00 -3.2106 -0.1433 -0.1433
18750 59.49 17.21 0.00 -2.8089 0.7457 0.7457
18775 59.44 16.58 0.00 -0.0490 2.2369 2.2369
18800 59.47 15.81 0.00 0.9147 1.9469 1.9469
18825 59.47 15.81 0.00 0.9147 1.9469 1.9469
18850 59.49 15.18 0.00 0.5005 1.9248 1.9248
18875 59.52 14.54 0.00 0.5608 1.9536 1.9536
18900 59.52 14.54 0.00 0.5608 1.9536 1.9536
18925 59.52 14.12 0.00 -0.5516 1.1917 1.1917
18950 59.49 14.00 0.00 -1.3849 1.0911 1.0911
18975 59.49 14.00 0.00 -1.3849 1.0911 1.0911
19000 59.40 14.02 0.00 -2.0816 -0.1502 -0.1502
19025 59.35 13.93 0.00 -0.4835 1.7312 1.7312
19050 59.35 13.93 0.00 -0.4835 1.7312 1.7312
19075 59.35 13.77 0.00 -0.2933 0.6585 0.6585
19100 59.35 13.59 0.00 0.1493 -0.1969 -0.1969
19125 59.35 13.59 0.00 0.1493 -0.1969 -0.1969
19150 59.35 13.51 0.00 0.0305 -0.2185 -0.2185
19175 59.35 13.63 0.00 0.1945 -0.1084 -0.1084
19200 59.38 13.81 0.00 0.7832 -0.7012 -0.7012
19225 59.38 13.81 0.00 0.7832 -0.7012 -0.7012
19250 59.40 13.92 0.00 0.7217 -0.8744 -0.8744
19275 59.45 13.88 0.00 1.0937 0.3449 0.3449
19300 59.45 13.88 0.00 1.0937 0.3449 0.3449
19325 59.49 13.80 0.00 0.3991 -0.3499 -0.3499
19350 59.49 13.76 0.00 0.5660 0.2051 0.2051
19375 59.54 13.74 0.00 1.2739 1.7568 1.7568
19400 59.54 13.74 0.00 1.2739 1.7568 1.7568
19425 59.59 13.68 0.00 1.6760 0.9596 0.9596
19450 59.72 13.55 0.00 3.9232 0.7727 0.7727
19475 59.72 13.55 0.00 3.9232 0.7727 0.7727
19500 59.91 13.28 0.00 4.9504 0.4811 0.4811
19525 60.05 13.02 0.00 2.9722 0.2801 0.2801
19550 60.05 13.02 0.00 2.9722 0.2801 0.2801
19575 60.18 12.37 0.00 2.7518 2.3501 2.3501
19600 60.25 11.65 0.00 1.3314 2.6960 2.6960
19625 60.23 11.23 0.00 -1.5668 1.6513 1.6513
19650 60.23 11.23 0.00 -1.5668 1.6513 1.6513
19675 60.16 10.92 0.00 -2.0014 2.0903 2.0903
19700 60.03 10.78 0.00 -2.9938 0.1046 0.1046
19725 60.03 10.78 0.00 -2.9938 0.1046 0.1046
19750 59.96 10.68 0.00 -1.8000 1.8718 1.8718
19775 59.86 10.55 0.00 -3.3947 0.9807 0.9807
19800 59.86 10.55 0.00 -3.3947 0.9807 0.9807
19825 59.65 10.49 0.00 -6.5421 -0.6521 -0.6521
19850 59.35 10.46 0.00 -8.2411 -1.4909 -1.4909
19875 59.03 10.39 0.00 -6.6958 -0.4033 -0.4033
19900 59.03 10.39 0.00 -6.6958 -0.4033 -0.4033
19925 58.84 10.30 0.00 -4.1369 0.4603 0.4603
19950 58.73 10.18 0.00 -1.3258 1.1035 1.1035
19975 58.73 10.18 0.00 -1.3258 1.1035 1.1035
20000 58.71 10.14 0.00 -0.3403 2.1163 2.1163
20025 58.66 10.10 0.00 -1.9459 0.4954 0.4954
20050 58.57 10.04 0.00 -2.4328 0.4477 0.4477
20075 58.57 10.04 0.00 -2.4328 0.4477 0.4477
20100 58.47 9.96 0.00 -2.7111 1.2634 1.2634
20125 58.38 9.94 0.00 -1.3741 1.3091 1.3091
20150 58.38 9.94 0.00 -1.3741 1.3091 1.3091
20175 58.38 9.92 0.00 0.2902 -0.2871 -0.2871
20200 58.40 9.88 0.00 0.9004 -1.2671 -1.2671
20225 58.40 9.88 0.00 0.9004 -1.2671 -1.2671
20250 58.43 9.82 0.00 0.4032 -1.2471 -1.2471
20275 58.41 9.74 0.00 -1.0522 -1.1553 -1.1553
20300 58.41 9.74 0.00 -1.0522 -1.1553 -1.1553
20325 58.34 9.68 0.00 -2.2077 -0.7840 -0.7840
20350 58.24 9.62 0.00 -2.3421 -1.9481 -1.9481
20375 58.24 9.62 0.00 -2.3421 -1.9481 -1.9481
20400 58.19 9.52 0.00 -0.4969 -0.5983 -0.5983
20425 58.19 9.35 0.00 -0.1191 0.3892 0.3892
20450 58.19 8.90 0.00 -0.1074 2.9303 2.9303
20475 58.19 8.90 0.00 -0.1074 2.9303 2.9303
20500 58.19 8.77 0.00 -0.0940 1.8436 1.8436
20525 58.20 8.59 0.00 1.2683 1.7887 1.7887
20550 58.20 8.59 0.00 1.2683 1.7887 1.7887
20575 58.29 8.38 0.00 2.1622 4.1904 4.1904
20600 58.33 8.21 0.00 0.1789 4.1387 4.1387
20625 58.26 8.15 0.00 -2.9613 1.0195 1.0195
20650 58.26 8.15 0.00 -2.9613 1.0195 1.0195
20675 58.10 8.24 0.00 -4.4926 -2.1364 -2.1364
20700 57.94 8.28 0.00 -3.1243 -2.5781 -2.5781
20725 57.94 8.28 0.00 -3.1243 -2.5781 -2.5781
20750 57.82 8.45 0.00 -3.7951 -5.9041 -5.9041
20775 57.59 9.04 0.00 -6.9374 -8.6940 -8.6940
20800 57.59 9.04 0.00 -6.9374 -8.6940 -8.6940
20825 57.29 9.84 0.00 -7.8084 -9.4837 -9.4837
20850 56.94 10.71 0.00 -9.4286 -11.7587 -11.7587
20875 56.48 11.49 0.00 -13.2191 -8.4641 -8.4641
20900 56.48 11.49 0.00 -13.2191 -8.4641 -8.4641
20925 55.89 12.08 0.00 -14.9568 -9.9275 -9.9275
20950 55.35 12.57 0.00 -12.8228 -7.3517 -7.3517
20975 55.35 12.57 0.00 -12.8228 -7.3517 -7.3517
21000 54.86 12.94 0.00 -11.5937 -7.0919 -7.0919
21025 54.42 13.05 0.00 -10.6678 -7.5276 -7.5276
21050 54.00 13.20 0.00 -10.0447 -8.7672 -8.7672
21075 54.00 13.20 0.00 -10.0447 -8.7672 -8.7672
21100 53.65 13.49 0.00 -8.1081 -5.8248 -5.8248
21125 53.33 13.91 0.00 -7.7028 -4.7394 -4.7394
21150 53.33 13.91 0.00 -7.7028 -4.7394 -4.7394
21175 53.07 14.41 0.00 -6.1962 -3.2926 -3.2926
21200 52.79 14.85 0.00 -7.0624 -5.3616 -5.3616
21225 52.79 14.85 0.00 -7.0624 -5.3616 -5.3616
21250 52.58 15.13 0.00 -7.4071 -5.8163 -5.8163
21275 52.23 15.49 0.00 -9.3474 -5.7136 -5.7136
21300 51.85 15.85 0.00 -9.5637 -5.4747 -5.4747
21325 51.85 15.85 0.00 -9.5637 -5.4747 -5.4747
21350 51.52 16.26 0.00 -8.0459 -4.8141 -4.8141
21375 51.24 16.76 0.00 -5.9530 -2.9144 -2.9144
21400 51.24 16.76 0.00 -5.9530 -2.9144 -2.9144
21425 50.99 17.25 0.00 -6.4477 -4.2562 -4.2562
21450 50.72 17.73 0.00 -7.1320 -5.2436 -5.2436
21475 50.72 17.73 0.00 -7.1320 -5.2436 -5.2436
21500 50.45 18.09 0.00 -6.6217 -4.9290 -4.9290
21525 50.19 18.45 0.00 -6.5129 -4.3668 -4.3668
21550 50.19 18.45 0.00 -6.5129 -4.3668 -4.3668
21575 49.93 18.90 0.00 -6.2684 -2.4531 -2.4531
21600 49.70 19.31 0.00 -5.2352 -2.2658 -2.2658
21625 49.51 19.61 0.00 -4.9975 -4.0990 -4.0990
21650 49.51 19.61 0.00 -4.9975 -4.0990 -4.0990
21675 49.32 19.83 0.00 -3.9972 -4.4925 -4.4925
21700 49.18 19.92 0.00 -3.6651 -3.7526 -3.7526
21725 49.18 19.92 0.00 -3.6651 -3.7526 -3.7526
21750 49.02 19.96 0.00 -3.9033 -1.5892 -1.5892
21775 48.87 20.00 0.00 -3.3337 -1.5965 -1.5965
21800 48.87 20.00 0.00 -3.3337 -1.5965 -1.5965
21825 48.80 19.94 0.00 -0.9925 1.5485 1.5485
21850 48.71 19.82 0.00 -3.3338 -0.7404 -0.7404
21875 48.71 19.82 0.00 -3.3338 -0.7404 -0.7404
21900 48.52 19.73 0.00 -5.3593 -2.2595 -2.2595
21925 48.27 19.65 0.00 -6.6435 -2.1019 -2.1019
21950 47.92 19.59 0.00 -9.7938 -3.2988 -3.2988
21975 47.92 19.59 0.00 -9.7938 -3.2988 -3.2988
22000 47.50 19.55 0.00 -10.8634 -3.1161 -3.1161
22025 47.01 19.52 0.00 -12.5954 -3.7664 -3.7664
22050 47.01 19.52 0.00 -12.5954 -3.7664 -3.7664
22075 46.63 19.52 0.00 -12.9451 -1.6657 -1.6657
22100 46.12 19.53 0.00 -13.0747 -0.3694 -0.3694
22125 45.60 19.56 0.00 -12.6336 -1.7571 -1.7571
22150 45.60 19.56 0.00 -12.6336 -1.7571 -1.7571
22175 45.16 19.60 0.00 -9.9566 -1.3051 -1.3051
22200 44.81 19.71 0.00 -8.4609 -1.0228 -1.0228
22225 44.81 19.71 0.00 -8.4609 -1.0228 -1.0228
22250 44.48 19.95 0.00 -7.6943 -0.5329 -0.5329
22275 44.22 20.33 0.00 -6.4559 -2.3610 -2.3610
22300 43.97 20.86 0.00 -5.6190 -4.1459 -4.1459
22325 43.97 20.86 0.00 -5.6190 -4.1459 -4.1459
22350 43.80 21.61 0.00 -3.8384 -4.2444 -4.2444
22375 43.64 22.42 0.00 -3.5193 -4.4452 -4.4452
22400 43.64 22.42 0.00 -3.5193 -4.4452 -4.4452
22425 43.50 23.21 0.00 -3.8213 -5.1667 -5.1667
22450 43.34 23.97 0.00 -3.5810 -3.0158 -3.0158
22475 43.24 24.64 0.00 -2.3677 -0.4128 -0.4128
22500 43.24 24.64 0.00 -2.3677 -0.4128 -0.4128
22525 43.10 25.30 0.00 -3.6607 -2.5625 -2.5625
22550 42.95 25.93 0.00 -3.9051 -3.6425 -3.6425
22575 42.95 25.93 0.00 -3.9051 -3.6425 -3.6425
22600 42.76 26.50 0.00 -4.8522 -4.7351 -4.7351
22625 42.55 27.02 0.00 -5.3812 -4.7714 -4.7714
22650 42.55 27.02 0.00 -5.3812 -4.7714 -4.7714
22675 42.32 27.48 0.00 -6.5326 -5.7698 -5.7698
22700 42.04 27.75 0.00 -6.6962 -4.7663 -4.7663
22725 42.04 27.75 0.00 -6.6962 -4.7663 -4.7663
22750 41.78 28.02 0.00 -6.4752 -4.2524 -4.2524
22775 41.53 28.28 0.00 -5.9547 -4.5118 -4.5118
22800 41.27 28.57 0.00 -6.9157 -4.4163 -4.4163
22825 41.27 28.57 0.00 -6.9157 -4.4163 -4.4163
22850 41.04 28.82 0.00 -8.5335 -4.0067 -4.0067
22875 40.65 29.24 0.00 -10.0024 -2.6681 -2.6681
22900 40.65 29.24 0.00 -10.0024 -2.6681 -2.6681
22925 40.23 29.69 0.00 -10.9037 -1.8751 -1.8751
22950 39.77 30.08 0.00 -12.0827 -3.8510 -3.8510
22975 39.30 30.46 0.00 -11.3498 -4.5030 -4.5030
23000 39.30 30.46 0.00 -11.3498 -4.5030 -4.5030
23025 38.89 30.89 0.00 -9.6215 -4.2849 -4.2849
23050 38.54 31.41 0.00 -7.8161 -5.3585 -5.3585
23075 38.54 31.41 0.00 -7.8161 -5.3585 -5.3585
23100 38.27 32.10 0.00 -6.1467 -5.7052 -5.7052
23125 38.06 32.95 0.00 -4.6012 -4.6376 -4.6376
23150 38.06 32.95 0.00 -4.6012 -4.6376 -4.6376
23175 37.88 34.04 0.00 -4.6773 -5.0243 -5.0243
23200 37.63 35.23 0.00 -7.8001 -6.5494 -6.5494
23225 37.63 35.23 0.00 -7.8001 -6.5494 -6.5494
23250 37.26 36.43 0.00 -9.5538 -5.7391 -5.7391
23275 36.91 37.50 0.00 -8.3542 -4.9545 -4.9545
23300 36.64 38.41 0.00 -6.1388 -5.1258 -5.1258
23325 36.64 38.41 0.00 -6.1388 -5.1258 -5.1258
23350 36.41 39.26 0.00 -5.3818 -6.0802 -6.0802
23375 36.20 40.19 0.00 -4.8339 -5.8473 -5.8473
23400 36.20 40.19 0.00 -4.8339 -5.8473 -5.8473
23425 36.00 41.20 0.00 -5.5694 -5.3543 -5.3543
23450 35.71 42.20 0.00 -7.7963 -4.8577 -4.8577
23475 35.71 42.20 0.00 -7.7963 -4.8577 -4.8577
23500 35.36 43.15 0.00 -9.0694 -3.5876 -3.5876
23525 35.02 43.98 0.00 -8.4901 -2.9813 -2.9813
23550 34.70 44.65 0.00 -7.5113 -2.7417 -2.7417
23575 34.70 44.65 0.00 -7.5113 -2.7417 -2.7417
23600 34.43 45.22 0.00 -6.5658 -3.2745 -3.2745
23625 34.23 45.52 0.00 -6.5864 -3.8618 -3.8618
23650 34.23 45.52 0.00 -6.5864 -3.8618 -3.8618
23675 33.98 45.78 0.00 -6.5151 -3.6200 -3.6200
23700 33.68 46.01 0.00 -8.5655 -2.8310 -2.8310
23725 33.68 46.01 0.00 -8.5655 -2.8310 -2.8310
23750 33.23 46.18 0.00 -12.6777 -0.1048 -0.1048
23775 32.64 46.41 0.00 -15.2730 1.6789 1.6789
23800 32.06 46.56 0.00 -13.4179 0.4347 0.4347
23825 32.06 46.56 0.00 -13.4179 0.4347 0.4347
23850 31.61 46.58 0.00 -10.3738 -0.0419 -0.0419
23875 31.23 46.48 0.00 -9.2604 -1.7052 -1.7052
23900 31.23 46.48 0.00 -9.2604 -1.7052 -1.7052
23925 30.83 46.34 0.00 -10.4671 0.4568 0.4568
23950 30.33 46.14 0.00 -14.7008 2.4099 2.4099
23975 29.62 45.97 0.00 -19.9300 1.5028 1.5028
24000 29.62 45.97 0.00 -19.9300 1.5028 1.5028
24025 28.74 45.92 0.00 -22.0633 1.5530 1.5530
24050 27.90 45.95 0.00 -20.2746 -0.0767 -0.0767
24075 27.90 45.95 0.00 -20.2746 -0.0767 -0.0767
24100 27.23 46.06 0.00 -14.2578 0.1701 0.1701
24125 26.84 46.17 0.00 -7.0000 -1.3590 -1.3590
24150 26.75 46.27 0.00 0.3847 -1.6864 -1.6864
24175 26.75 46.27 0.00 0.3847 -1.6864 -1.6864
24200 26.82 46.35 0.00 1.8338 -2.6286 -2.6286
24225 26.82 46.35 0.00 1.8338 -2.6286 -2.6286
24250 26.88 46.62 0.00 1.2365 -0.8446 -0.8446
24275 26.95 47.19 0.00 1.4991 -0.0240 -0.0240
24300 27.01 48.02 0.00 2.1094 -1.2318 -1.2318
24325 27.01 48.02 0.00 2.1094 -1.2318 -1.2318
24350 27.12 49.13 0.00 2.5872 -2.3131 -2.3131
24375 27.12 49.13 0.00 2.5872 -2.3131 -2.3131
24400 27.19 50.38 0.00 1.6608 -3.9168 -3.9168
24425 27.23 51.40 0.00 1.2104 -4.6484 -4.6484
24450 27.34 52.76 0.00 3.0890 -5.3200 -5.3200
24475 27.50 54.05 0.00 5.0415 -4.6131 -4.6131
24500 27.50 54.05 0.00 5.0415 -4.6131 -4.6131
24525 27.70 55.18 0.00 4.7358 -3.9807 -3.9807
24550 27.87 56.22 0.00 3.5342 -3.9036 -3.9036
24575 27.87 56.22 0.00 3.5342 -3.9036 -3.9036
24600 27.98 57.11 0.00 2.2937 -2.2238 -2.2238
24625 28.03 57.84 0.00 1.5672 -2.4858 -2.4858
24650 28.11 58.47 0.00 1.0317 -2.4024 -2.4024
24675 28.11 58.47 0.00 1.0317 -2.4024 -2.4024
24700 28.09 59.03 0.00 -0.8057 -3.3417 -3.3417
24725 28.03 59.59 0.00 -1.5310 -1.6553 -1.6553
24750 28.03 59.59 0.00 -1.5310 -1.6553 -1.6553
24775 27.94 60.07 0.00 -3.9927 -3.5214 -3.5214
24800 27.68 60.46 0.00 -7.5140 -4.0927 -4.0927
24825 27.68 60.46 0.00 -7.5140 -4.0927 -4.0927
24850 27.23 60.82 0.00 -15.6872 -6.1259 -6.1259
24875 26.32 61.22 0.00 -26.3371 -3.8570 -3.8570
24900 26.32 61.22 0.00 -26.3371 -3.8570 -3.8570
24925 25.20 61.72 0.00 -29.0628 -1.8559 -1.8559
24950 24.10 62.25 0.00 -25.6517 -2.6417 -2.6417
24975 24.10 62.25 0.00 -25.6517 -2.6417 -2.6417
25000 23.22 62.79 0.00 -19.8432 -2.5575 -2.5575
25025 22.55 63.37 0.00 -15.2167 -3.2803 -3.2803
25050 22.08 64.01 0.00 -9.2805 -3.0632 -3.0632
25075 22.08 64.01 0.00 -9.2805 -3.0632 -3.0632
25100 21.85 64.66 0.00 -3.8456 -3.7055 -3.7055
25125 21.78 65.35 0.00 -0.4076 -3.0712 -3.0712
25150 21.78 65.35 0.00 -0.4076 -3.0712 -3.0712
25175 21.82 65.88 0.00 1.7097 -2.1027 -2.1027
25200 21.91 66.60 0.00 2.2060 -2.3402 -2.3402
25225 21.95 67.34 0.00 0.0281 -2.0928 -2.0928
25250 21.95 67.34 0.00 0.0281 -2.0928 -2.0928
25275 21.87 68.12 0.00 -3.4444 -2.2944 -2.2944
25300 21.67 68.95 0.00 -5.5698 -2.1980 -2.1980
25325 21.67 68.95 0.00 -5.5698 -2.1980 -2.1980
25350 21.46 69.67 0.00 -5.2896 -2.7471 -2.7471
25375 21.25 70.31 0.00 -4.2892 -2.9589 -2.9589
25400 21.25 70.31 0.00 -4.2892 -2.9589 -2.9589
25425 21.12 70.81 0.00 -3.4818 -2.5385 -2.5385
25450 20.97 71.15 0.00 -3.8540 -3.0898 -3.0898
25475 20.81 71.39 0.00 -3.8170 -2.0795 -2.0795
25500 20.81 71.39 0.00 -3.8170 -2.0795 -2.0795
25525 20.55 71.50 0.00 -8.1591 -4.4268 -4.4268
25550 20.23 71.53 0.00 -7.9274 -1.2197 -1.2197
25575 20.23 71.53 0.00 -7.9274 -1.2197 -1.2197
25600 19.94 71.57 0.00 -6.7715 -1.1210 -1.1210
25625 19.73 71.67 0.00 -4.1877 -1.9416 -1.9416
25650 19.73 71.67 0.00 -4.1877 -1.9416 -1.9416
25675 19.58 71.76 0.00 -4.2296 -2.8336 -2.8336
25700 19.27 71.81 0.00 -10.3885 -2.5983 -2.5983
25725 18.72 71.84 0.00 -15.1087 1.0411 1.0411
25750 18.72 71.84 0.00 -15.1087 1.0411 1.0411
25775 18.12 71.88 0.00 -14.9193 2.1719 2.1719
25800 17.49 71.82 0.00 -16.2872 2.8832 2.8832
25825 17.49 71.82 0.00 -16.2872 2.8832 2.8832
25850 16.91 71.72 0.00 -13.0143 2.8846 2.8846
25875 16.46 71.69 0.00 -9.1738 1.2211 1.2211
25900 16.25 71.68 0.00 -3.2489 1.0625 1.0625
25925 16.25 71.68 0.00 -3.2489 1.0625 1.0625
25950 16.23 71.74 0.00 0.3438 -0.5531 -0.5531
25975 16.27 71.83 0.00 1.3720 -0.3565 -0.3565
26000 16.27 71.83 0.00 1.3720 -0.3565 -0.3565
26025 16.35 71.98 0.00 1.9362 0.7189 0.7189
26050 16.44 72.09 0.00 2.8328 0.1223 0.1223
26075 16.44 72.09 0.00 2.8328 0.1223 0.1223
26100 16.62 72.14 0.00 5.0623 -1.0120 -1.0120
26125 16.87 72.14 0.00 7.9881 -0.9247 -0.9247
26150 16.87 72.14 0.00 7.9881 -0.9247 -0.9247
26175 17.26 72.16 0.00 9.6609 -0.9070 -0.9070
26200 17.62 72.12 0.00 8.7025 1.1309 1.1309
26225 17.62 72.12 0.00 8.7025 1.1309 1.1309
26250 17.95 72.10 0.00 7.9051 0.7961 0.7961
26275 18.24 72.15 0.00 6.9988 0.8550 0.8550
26300 18.49 72.33 0.00 5.2822 0.7503 0.7503
26325 18.49 72.33 0.00 5.2822 0.7503 0.7503
26350 18.66 72.59 0.00 3.7480 0.6341 0.6341
26375 18.82 72.86 0.00 4.1090 1.5860 1.5860
26400 18.97 73.10 0.00 3.7036 1.3288 1.3288
26425 18.97 73.10 0.00 3.7036 1.3288 1.3288
26450 19.10 73.38 0.00 3.3031 -0.3662 -0.3662
26475 19.27 73.69 0.00 4.8809 -0.3082 -0.3082
26500 19.27 73.69 0.00 4.8809 -0.3082 -0.3082
26525 19.47 74.02 0.00 4.4542 -0.8678 -0.8678
26550 19.60 74.26 0.00 2.9263 0.2209 0.2209
26575 19.64 74.41 0.00 0.0215 0.8653 0.8653
26600 19.64 74.41 0.00 0.0215 0.8653 0.8653
26625 19.64 74.49 0.00 -0.0076 0.8313 0.8313
26650 19.64 74.49 0.00 -0.0076 0.8313 0.8313
26675 19.66 74.56 0.00 1.5441 -0.7302 -0.7302
26700 19.85 74.84 0.00 4.3229 1.2104 1.2104
26725 19.85 74.84 0.00 4.3229 1.2104 1.2104
26750 20.00 75.06 0.00 5.6999 2.5572 2.5572
26775 20.26 75.35 0.00 6.8186 2.7657 2.7657
26800 20.53 75.64 0.00 5.9961 1.0509 1.0509
26825 20.53 75.64 0.00 5.9961 1.0509 1.0509
26850 20.72 75.87 0.00 4.0545 0.2396 0.2396
26875 20.87 76.09 0.00 3.6140 0.4840 0.4840
26900 21.02 76.31 0.00 4.3067 0.3334 0.3334
26925 21.02 76.31 0.00 4.3067 0.3334 0.3334
26950 21.25 76.57 0.00 6.6315 0.1151 0.1151
26975 21.57 76.83 0.00 8.6468 0.3039 0.3039
27000 21.57 76.83 0.00 8.6468 0.3039 0.3039
27025 21.93 77.16 0.00 8.7645 0.1875 0.1875
27050 22.21 77.41 0.00 5.8505 -0.0744 -0.0744
27075 22.21 77.41 0.00 5.8505 -0.0744 -0.0744
27100 22.36 77.55 0.00 2.3990 1.3958 1.3958
27125 22.40 77.72 0.00 -0.0276 1.1751 1.1751
27150 22.36 77.84 0.00 -1.1661 -0.0874 -0.0874
27175 22.36 77.84 0.00 -1.1661 -0.0874 -0.0874
27200 22.29 77.94 0.00 -2.7016 -0.8473 -0.8473
27225 22.17 77.99 0.00 -2.4431 -0.4541 -0.4541
27250 22.17 77.99 0.00 -2.4431 -0.4541 -0.4541
27275 22.14 77.99 0.00 0.2759 -1.4409 -1.4409
27300 22.27 77.88 0.00 4.7228 -2.0053 -2.0053
27325 22.27 77.88 0.00 4.7228 -2.0053 -2.0053
27350 22.44 77.70 0.00 2.6526 1.5371 1.5371
27375 22.49 77.54 0.00 1.3652 1.7549 1.7549
27400 22.49 77.54 0.00 1.3652 1.7549 1.7549
27425 22.55 77.48 0.00 1.6681 0.9322 0.9322
27450 22.66 77.47 0.00 2.8930 1.0712 1.0712
27475 22.76 77.45 0.00 4.1024 1.4816 1.4816
27500 22.76 77.45 0.00 4.1024 1.4816 1.4816
27525 22.98 77.39 0.00 6.1267 2.4407 2.4407
27550 23.30 77.30 0.00 8.9227 -0.2812 -0.2812
27575 23.67 77.18 0.00 9.1684 -1.0699 -1.0699
27600 23.67 77.18 0.00 9.1684 -1.0699 -1.0699
27625 24.05 77.04 0.00 10.1064 -0.4379 -0.4379
27650 24.49 76.92 0.00 12.1564 -0.2589 -0.2589
27675 24.49 76.92 0.00 12.1564 -0.2589 -0.2589
27700 25.07 76.85 0.00 15.2928 -1.2826 -1.2826
27725 25.60 76.74 0.00 12.6182 -1.4580 -1.4580
27750 25.60 76.74 0.00 12.6182 -1.4580 -1.4580
27775 26.05 76.73 0.00 9.5971 0.4981 0.4981
27800 26.31 76.68 0.00 4.4586 0.9096 0.9096
27825 26.31 76.68 0.00 4.4586 0.9096 0.9096
27850 26.40 76.58 0.00 1.4770 3.6741 3.6741
27875 26.43 76.41 0.00 0.7984 1.2716 1.2716
27900 26.45 76.37 0.00 0.2986 -1.0487 -1.0487
27925 26.45 76.37 0.00 0.2986 -1.0487 -1.0487
27950 26.45 76.39 0.00 -0.3561 -0.9723 -0.9723
27975 26.42 76.43 0.00 -1.2770 -0.2604 -0.2604
28000 26.42 76.43 0.00 -1.2770 -0.2604 -0.2604
28025 26.38 76.47 0.00 -0.4356 -0.2703 -0.2703
28050 26.38 76.47 0.00 0.1452 0.7059 0.7059
28075 26.36 76.43 0.00 -0.6128 -0.0502 -0.0502
28100 26.36 76.43 0.00 -0.6128 -0.0502 -0.0502
28125 26.34 76.39 0.00 -0.9976 -0.0383 -0.0383
28150 26.34 76.39 0.00 -0.9976 -0.0383 -0.0383
28175 26.29 76.40 0.00 -1.0983 1.0694 1.0694
28200 26.29 76.41 0.00 1.1649 1.5882 1.5882
28225 26.36 76.43 0.00 2.3262 1.1589 1.1589
28250 26.36 76.43 0.00 2.3262 1.1589 1.1589
28275 26.47 76.46 0.00 3.0720 -0.2146 -0.2146
28300 26.47 76.46 0.00 3.0720 -0.2146 -0.2146
28325 26.60 76.51 0.00 3.7633 -0.7640 -0.7640
28350 26.69 76.49 0.00 0.4770 1.2071 1.2071
28375 26.69 76.45 0.00 0.6976 -0.0680 -0.0680
28400 26.69 76.45 0.00 0.6976 -0.0680 -0.0680
28425 26.84 76.38 0.00 5.4032 -0.7184 -0.7184
28450 27.04 76.32 0.00 5.7901 -0.1815 -0.1815
28475 27.04 76.32 0.00 5.7901 -0.1815 -0.1815
28500 27.37 76.22 0.00 9.9022 -1.9120 -1.9120
28525 27.81 76.14 0.00 10.5982 -1.7915 -1.7915
28550 28.20 76.07 0.00 8.8961 1.5600 1.5600
28575 28.20 76.07 0.00 8.8961 1.5600 1.5600
28600 28.47 75.94 0.00 5.6781 1.0214 1.0214
28625 28.71 75.80 0.00 6.4628 0.6202 0.6202
28650 28.98 75.69 0.00 7.1294 -0.3728 -0.3728
28675 28.98 75.69 0.00 7.1294 -0.3728 -0.3728
28700 29.27 75.58 0.00 7.7019 0.5528 0.5528
28725 29.64 75.47 0.00 9.8374 0.5873 0.5873
28750 29.64 75.47 0.00 9.8374 0.5873 0.5873
28775 30.04 75.38 0.00 10.1175 1.8487 1.8487
28800 30.47 75.21 0.00 11.9434 2.0736 2.0736
28825 30.47 75.21 0.00 11.9434 2.0736 2.0736
28850 31.00 75.02 0.00 13.0439 0.6160 0.6160
28875 31.54 74.85 0.00 14.5750 1.0571 1.0571
28900 32.03 74.75 0.00 16.4324 1.8100 1.8100
28925 32.03 74.75 0.00 16.4324 1.8100 1.8100
28950 32.91 74.60 0.00 17.9848 1.7881 1.7881
28975 33.59 74.52 0.00 16.2624 1.2566 1.2566
29000 33.59 74.52 0.00 16.2624 1.2566 1.2566
29025 34.05 74.47 0.00 15.7419 1.0087 1.0087
29050 34.68 74.39 0.00 15.1444 0.3826 0.3826
29075 34.68 74.39 0.00 15.1444 0.3826 0.3826
29100 35.22 74.28 0.00 12.1467 1.2230 1.2230
29125 35.66 74.19 0.00 10.9700 1.8045 1.8045
29150 36.07 74.14 0.00 9.9437 2.3257 2.3257
29175 36.07 74.14 0.00 9.9437 2.3257 2.3257
29200 36.39 74.08 0.00 6.6865 1.4770 1.4770
29225 36.60 74.00 0.00 4.7689 3.6333 3.6333
29250 36.60 74.00 0.00 4.7689 3.6333 3.6333
29275 36.76 73.94 0.00 3.7681 3.2155 3.2155
29300 36.94 73.88 0.00 4.6633 1.5524 1.5524
29325 36.94 73.88 0.00 4.6633 1.5524 1.5524
29350 37.21 73.82 0.00 8.3286 0.2964 0.2964
29375 37.65 73.75 0.00 12.8399 -0.9041 -0.9041
29400 37.65 73.75 0.00 12.8399 -0.9041 -0.9041
29425 38.22 73.70 0.00 14.4522 -1.0508 -1.0508
29450 38.75 73.57 0.00 12.3928 -0.2239 -0.2239
29475 39.21 73.42 0.00 10.3876 1.9582 1.9582
29500 39.21 73.42 0.00 10.3876 1.9582 1.9582
29525 39.60 73.20 0.00 9.6895 2.6144 2.6144
29550 40.00 72.87 0.00 10.4758 1.7410 1.7410
29575 40.00 72.87 0.00 10.4758 1.7410 1.7410
29600 40.44 72.49 0.00 11.3222 2.3310 2.3310
29625 40.86 72.14 0.00 9.9385 3.0807 3.0807
29650 41.25 71.78 0.00 9.9044 3.1667 3.1667
29675 41.25 71.78 0.00 9.9044 3.1667 3.1667
29700 41.64 71.43 0.00 9.2854 4.1175 4.1175
29725 41.99 71.08 0.00 8.3349 4.9222 4.9222
29750 41.99 71.08 0.00 8.3349 4.9222 4.9222
29775 42.22 70.80 0.00 7.8283 4.3214 4.3214
29800 42.53 70.44 0.00 7.1922 3.2011 3.2011
29825 42.53 70.44 0.00 7.1922 3.2011 3.2011
29850 42.78 70.07 0.00 5.7310 2.4920 2.4920
29875 43.01 69.74 0.00 6.3513 2.2807 2.2807
29900 43.29 69.42 0.00 7.3340 2.9122 2.9122
29925 43.29 69.42 0.00 7.3340 2.9122 2.9122
29950 43.59 69.16 0.00 7.1112 4.0096 4.0096
29975 43.87 68.94 0.00 6.6153 2.7159 2.7159
30000 43.87 68.94 0.00 6.6153 2.7159 2.7159
30025 44.11 68.74 0.00 6.4200 1.1654 1.1654
30050 44.37 68.56 0.00 6.4323 1.2192 1.2192
30075 44.37 68.56 0.00 6.4323 1.2192 1.2192
30100 44.64 68.41 0.00 6.3319 1.4687 1.4687
30125 44.88 68.27 0.00 5.9182 1.0853 1.0853
30150 45.11 68.09 0.00 5.9329 2.4053 2.4053
30175 45.11 68.09 0.00 5.9329 2.4053 2.4053
30200 45.34 67.87 0.00 5.7928 1.7095 1.7095
30225 45.58 67.65 0.00 5.9209 0.1404 0.1404
30250 45.58 67.65 0.00 5.9209 0.1404 0.1404
30275 45.81 67.44 0.00 5.1301 1.0933 1.0933
30300 45.97 67.26 0.00 4.0068 2.5286 2.5286
30325 45.97 67.26 0.00 4.0068 2.5286 2.5286
30350 46.14 67.11 0.00 4.7533 1.9432 1.9432
30375 46.37 67.02 0.00 6.1508 1.0225 1.0225
30400 46.65 66.95 0.00 7.3860 -0.2745 -0.2745
30425 46.65 66.95 0.00 7.3860 -0.2745 -0.2745
30450 46.98 66.89 0.00 8.7369 -1.6312 -1.6312
30475 47.35 66.84 0.00 9.8899 -0.6709 -0.6709
30500 47.35 66.84 0.00 9.8899 -0.6709 -0.6709
30525 47.78 66.73 0.00 10.9083 0.0415 0.0415
30550 48.24 66.60 0.00 11.9187 1.3328 1.3328
30575 48.24 66.60 0.00 11.9187 1.3328 1.3328
30600 48.60 66.48 0.00 12.4684 0.4090 0.4090
30625 49.09 66.28 0.00 11.9554 1.9805 1.9805
30650 49.09 66.28 0.00 11.9554 1.9805 1.9805
30675 49.55 66.08 0.00 10.3797 2.6259 2.6259
30700 49.86 65.87 0.00 6.9271 0.8978 0.8978
30725 49.86 65.87 0.00 6.9271 0.8978 0.8978
30750 50.12 65.69 0.00 5.9235 0.6530 0.6530
30775 50.30 65.55 0.00 3.5272 0.7459 0.7459
30800 50.40 65.44 0.00 2.2197 2.1832 2.1832
30825 50.40 65.44 0.00 2.2197 2.1832 2.1832
30850 50.47 65.30 0.00 1.3780 2.2943 2.2943
30875 50.58 65.09 0.00 3.8097 3.5034 3.5034
30900 50.77 64.82 0.00 5.8795 2.9106 2.9106
30925 50.77 64.82 0.00 5.8795 2.9106 2.9106
30950 51.06 64.54 0.00 8.0638 3.6085 3.6085
30975 51.40 64.25 0.00 8.9925 3.6271 3.6271
31000 51.40 64.25 0.00 8.9925 3.6271 3.6271
31025 51.82 63.95 0.00 11.7005 3.5674 3.5674
31050 52.41 63.65 0.00 16.9711 3.6747 3.6747
31075 52.41 63.65 0.00 16.9711 3.6747 3.6747
31100 53.13 63.30 0.00 18.1185 1.9610 1.9610
31125 53.81 62.93 0.00 16.4026 2.1658 2.1658
31150 54.42 62.57 0.00 14.4881 2.7405 2.7405
31175 54.42 62.57 0.00 14.4881 2.7405 2.7405
31200 54.96 62.20 0.00 12.7996 3.5659 3.5659
31225 55.42 61.85 0.00 10.2970 4.1041 4.1041
31250 55.42 61.85 0.00 10.2970 4.1041 4.1041
31275 55.75 61.50 0.00 7.5591 4.3130 4.3130
31300 56.01 61.13 0.00 5.7983 4.4274 4.4274
31325 56.01 61.13 0.00 5.7983 4.4274 4.4274
31350 56.19 60.85 0.00 5.7438 5.5745 5.5745
31375 56.40 60.49 0.00 5.0429 4.1498 4.1498
31400 56.55 60.13 0.00 3.0035 3.1263 3.1263
31425 56.55 60.13 0.00 3.0035 3.1263 3.1263
31450 56.62 59.77 0.00 0.7741 2.0818 2.0818
31475 56.59 59.46 0.00 -1.5424 1.4025 1.4025
31500 56.50 59.17 0.00 -2.0752 1.3515 1.3515
31525 56.50 59.17 0.00 -2.0752 1.3515 1.3515
31550 56.43 58.88 0.00 -1.6521 1.1443 1.1443
31575 56.43 58.88 0.00 -1.6521 1.1443 1.1443
31600 56.40 58.54 0.00 -0.1344 2.9099 2.9099
31625 56.43 58.17 0.00 1.1381 2.0936 2.0936
31650 56.43 58.17 0.00 1.1381 2.0936 2.0936
31675 56.48 57.79 0.00 1.4212 1.0172 1.0172
31700 56.54 57.44 0.00 1.4341 1.3423 1.3423
31725 56.54 57.44 0.00 1.4341 1.3423 1.3423
31750 56.55 57.14 0.00 -0.5400 1.1772 1.1772
31775 56.50 56.89 0.00 -1.7697 0.8851 0.8851
31800 56.50 56.89 0.00 -1.7697 0.8851 0.8851
31825 56.43 56.66 0.00 -1.5896 0.3653 0.3653
31850 56.38 56.49 0.00 -1.0735 0.1498 0.1498
31875 56.34 56.37 0.00 -0.7325 -0.4017 -0.4017
31900 56.34 56.37 0.00 -0.7325 -0.4017 -0.4017
31925 56.33 56.26 0.00 -0.0345 0.1296 0.1296
31950 56.34 56.21 0.00 0.6196 0.3115 0.3115
31975 56.38 56.14 0.00 1.1664 0.7209 0.7209
32000 56.38 56.14 0.00 1.1664 0.7209 0.7209
32025 56.41 56.02 0.00 0.6540 0.4713 0.4713
32050 56.43 55.89 0.00 -0.3318 0.2546 0.2546
32075 56.36 55.82 0.00 -2.3053 1.0245 1.0245
32100 56.36 55.82 0.00 -2.3053 1.0245 1.0245
32125 56.24 55.82 0.00 -3.6584 -1.5931 -1.5931
32150 56.13 55.84 0.00 -2.8493 -2.8050 -2.8050
32175 56.13 55.84 0.00 -2.8493 -2.8050 -2.8050
32200 56.08 55.84 0.00 -0.4884 -2.5339 -2.5339
32225 56.10 55.89 0.00 0.5403 -1.3091 -1.3091
32250 56.10 55.89 0.00 0.5403 -1.3091 -1.3091
32275 56.15 55.94 0.00 1.3921 -0.5335 -0.5335
32300 56.17 55.91 0.00 0.0671 -0.2030 -0.2030
32325 56.17 55.91 0.00 0.0671 -0.2030 -0.2030
32350 56.20 55.80 0.00 1.7890 1.4499 1.4499
32375 56.29 55.68 0.00 2.1391 0.9830 0.9830
32400 56.34 55.59 0.00 1.0654 1.5366 1.5366
32425 56.34 55.59 0.00 1.0654 1.5366 1.5366
32450 56.41 55.51 0.00 1.9965 2.2380 2.2380
32475 56.50 55.42 0.00 2.6154 1.6982 1.6982
32500 56.50 55.42 0.00 2.6154 1.6982 1.6982
32525 56.61 55.33 0.00 2.1877 1.6965 1.6965
32550 56.69 55.23 0.00 2.4311 1.4917 1.4917
32575 56.80 55.09 0.00 2.8384 1.7236 1.7236
32600 56.80 55.09 0.00 2.8384 1.7236 1.7236
32625 56.94 54.81 0.00 3.9541 1.3231 1.3231
32650 57.12 54.37 0.00 4.8829 -0.0226 -0.0226
32675 57.12 54.37 0.00 4.8829 -0.0226 -0.0226
32700 57.33 53.99 0.00 4.8124 0.4123 0.4123
32725 57.41 53.71 0.00 0.6853 0.1034 0.1034
32750 57.41 53.71 0.00 0.6853 0.1034 0.1034
32775 57.38 53.51 0.00 -1.7896 0.5767 0.5767
32800 57.33 53.37 0.00 -0.5468 1.2289 1.2289
32825 57.33 53.37 0.00 -0.5468 1.2289 1.2289
32850 57.31 53.29 0.00 -0.5018 -0.5692 -0.5692
32875 57.29 53.23 0.00 -0.5130 1.8795 1.8795
32900 57.29 53.23 0.00 -0.5130 1.8795 1.8795
32925 57.24 53.20 0.00 -1.7162 0.7622 0.7622
32950 57.17 53.13 0.00 -3.0070 -0.1938 -0.1938
32975 56.96 52.97 0.00 -6.3536 -0.3476 -0.3476
33000 56.96 52.97 0.00 -6.3536 -0.3476 -0.3476
33025 56.62 52.81 0.00 -9.7045 -1.8078 -1.8078
33050 56.20 52.65 0.00 -10.6740 -1.9641 -1.9641
33075 56.20 52.65 0.00 -10.6740 -1.9641 -1.9641
33100 55.82 52.50 0.00 -8.4988 -2.5875 -2.5875
33125 55.52 52.30 0.00 -6.4546 -0.8606 -0.8606
33150 55.31 52.08 0.00 -4.7402 -0.0035 -0.0035
33175 55.31 52.08 0.00 -4.7402 -0.0035 -0.0035
33200 55.14 51.87 0.00 -3.8143 -0.1179 -0.1179
33225 55.01 51.66 0.00 -3.1703 1.0285 1.0285
33250 55.01 51.66 0.00 -3.1703 1.0285 1.0285
33275 54.86 51.41 0.00 -3.7599 1.9561 1.9561
33300 54.72 51.20 0.00 -3.5149 1.8729 1.8729
33325 54.72 51.20 0.00 -3.5149 1.8729 1.8729
33350 54.58 51.03 0.00 -3.4117 0.5996 0.5996
33375 54.47 50.84 0.00 -2.0958 -0.3796 -0.3796
33400 54.47 50.84 0.00 -2.0958 -0.3796 -0.3796
33425 54.44 50.63 0.00 -0.4669 -0.3948 -0.3948
33450 54.42 50.44 0.00 0.0117 -0.0783 -0.0783
33475 54.44 50.28 0.00 0.2929 0.7198 0.7198
33500 54.44 50.28 0.00 0.2929 0.7198 0.7198
33525 54.44 50.12 0.00 -0.4835 0.7331 0.7331
33550 54.35 49.95 0.00 -3.2797 -0.6019 -0.6019
33575 54.35 49.95 0.00 -3.2797 -0.6019 -0.6019
33600 54.17 49.77 0.00 -4.8140 0.0374 0.0374
33625 53.93 49.65 0.00 -7.2155 -0.3576 -0.3576
33650 53.60 49.51 0.00 -8.6780 -1.6854 -1.6854
33675 53.60 49.51 0.00 -8.6780 -1.6854 -1.6854
33700 53.33 49.42 0.00 -8.7461 -1.9493 -1.9493
33725 53.00 49.32 0.00 -8.1079 -2.0511 -2.0511
33750 53.00 49.32 0.00 -8.1079 -2.0511 -2.0511
33775 52.71 49.27 0.00 -6.3739 -1.8227 -1.8227
33800 52.48 49.25 0.00 -5.8538 -2.6021 -2.6021
33825 52.48 49.25 0.00 -5.8538 -2.6021 -2.6021
33850 52.22 49.21 0.00 -6.5124 -1.8401 -1.8401
33875 51.97 49.18 0.00 -6.6060 -1.0379 -1.0379
33900 51.97 49.18 0.00 -6.6060 -1.0379 -1.0379
33925 51.68 49.16 0.00 -7.1989 -1.9317 -1.9317
33950 51.41 49.16 0.00 -6.3244 -1.3952 -1.3952
33975 51.41 49.16 0.00 -6.3244 -1.3952 -1.3952
34000 51.19 49.16 0.00 -5.2523 -1.3089 -1.3089
34025 51.01 49.16 0.00 -4.0775 -1.1962 -1.1962
34050 50.84 49.21 0.00 -3.9435 -1.6007 -1.6007
34075 50.84 49.21 0.00 -3.9435 -1.6007 -1.6007
