%#        Time[ms]        X[pixel],        Y[pixel],        Z[pixel],  dX/dt[pixel/s],  dY/dt[pixel/s],  dZ/dt[pixel/s] 
0 50.00 50.00 0.00 1.0231 -0.8174 -0.8174
25 49.98 50.02 0.00 -0.8844 -0.5608 -0.5608
50 49.95 50.03 0.00 -1.0254 -0.0239 -0.0239
75 49.95 50.03 0.00 -1.0254 -0.0239 -0.0239
100 49.90 50.07 0.00 -1.1282 1.0875 1.0875
125 49.86 50.05 0.00 -1.1387 0.9799 0.9799
150 49.86 50.05 0.00 -1.1387 0.9799 0.9799
175 49.86 50.03 0.00 1.3561 0.8001 0.8001
200 49.93 49.98 0.00 1.7307 0.5579 0.5579
225 49.93 49.98 0.00 1.7307 0.5579 0.5579
250 49.93 49.93 0.00 -1.1470 0.7795 0.7795
275 49.90 49.90 0.00 -0.6304 0.7528 0.7528
300 49.90 49.91 0.00 0.5384 0.2199 0.2199
325 49.90 49.91 0.00 0.5384 0.2199 0.2199
350 49.91 49.95 0.00 0.6325 -0.3536 -0.3536
375 49.93 49.98 0.00 0.2822 -0.1823 -0.1823
400 49.95 50.00 0.00 0.3716 -0.2453 -0.2453
425 49.95 50.00 0.00 0.3716 -0.2453 -0.2453
450 50.05 50.07 0.00 5.2461 -2.0557 -2.0557
475 50.45 50.18 0.00 12.9154 3.1332 3.1332
500 50.45 50.18 0.00 12.9154 3.1332 3.1332
525 50.99 50.23 0.00 12.2972 7.1608 7.1608
550 51.41 50.19 0.00 8.7644 6.4460 6.4460
575 51.41 50.19 0.00 8.7644 6.4460 6.4460
600 51.68 50.07 0.00 6.0236 4.3807 4.3807
625 51.90 49.77 0.00 5.6218 5.4270 5.4270
650 51.90 49.77 0.00 5.6218 5.4270 5.4270
675 52.11 49.35 0.00 5.1215 7.3886 7.3886
700 52.34 48.92 0.00 5.6548 7.5700 7.5700
725 52.51 48.67 0.00 6.3542 6.4240 6.4240
750 52.51 48.67 0.00 6.3542 6.4240 6.4240
775 52.83 48.31 0.00 8.3020 5.0897 5.0897
800 53.11 47.99 0.00 6.3887 5.7310 5.7310
825 53.11 47.99 0.00 6.3887 5.7310 5.7310
850 53.32 47.62 0.00 4.6664 6.9747 6.9747
875 53.49 47.22 0.00 3.8100 6.2909 6.2909
900 53.68 46.80 0.00 6.0633 5.0207 5.0207
925 53.68 46.80 0.00 6.0633 5.0207 5.0207
950 54.00 46.35 0.00 8.7995 4.0239 4.0239
975 54.38 46.10 0.00 9.9705 3.3864 3.3864
1000 54.38 46.10 0.00 9.9705 3.3864 3.3864
1025 54.77 46.00 0.00 8.6053 4.3486 4.3486
1050 55.05 45.98 0.00 6.6103 4.4345 4.4345
1075 55.05 45.98 0.00 6.6103 4.4345 4.4345
1100 55.31 45.95 0.00 7.0539 4.1742 4.1742
1125 55.61 45.90 0.00 7.3776 3.3297 3.3297
1150 55.61 45.90 0.00 7.3776 3.3297 3.3297
1175 55.89 45.81 0.00 6.7278 2.7192 2.7192
1200 56.17 45.72 0.00 6.9359 2.2400 2.2400
1225 56.17 45.72 0.00 6.9359 2.2400 2.2400
1250 56.50 45.67 0.00 9.4059 2.4983 2.4983
1275 56.87 45.62 0.00 8.3663 3.0820 3.0820
1300 57.15 45.56 0.00 6.4965 2.3895 2.3895
1325 57.15 45.56 0.00 6.4965 2.3895 2.3895
1350 57.38 45.53 0.00 5.1388 1.7186 1.7186
1375 57.55 45.46 0.00 4.1151 0.7605 0.7605
1400 57.55 45.46 0.00 4.1151 0.7605 0.7605
1425 57.73 45.34 0.00 4.5922 1.8402 1.8402
1450 57.87 45.16 0.00 2.5174 0.5514 0.5514
1475 57.87 45.16 0.00 2.5174 0.5514 0.5514
1500 57.89 44.92 0.00 0.0102 -0.6979 -0.6979
1525 57.89 44.92 0.00 0.0102 -0.6979 -0.6979
1550 57.92 44.51 0.00 1.2710 -2.0681 -2.0681
1575 57.92 44.51 0.00 1.2710 -2.0681 -2.0681
1600 58.05 44.36 0.00 4.4971 -0.0947 -0.0947
1625 58.26 44.25 0.00 5.8199 0.2956 0.2956
1650 58.52 44.16 0.00 6.9731 1.4535 1.4535
1675 58.52 44.16 0.00 6.9731 1.4535 1.4535
1700 58.85 44.09 0.00 9.3446 1.6828 1.6828
1725 58.85 44.09 0.00 9.3446 1.6828 1.6828
1750 59.24 44.02 0.00 9.5477 1.4597 1.4597
1775 59.61 43.92 0.00 9.0084 3.0803 3.0803
1800 59.96 43.86 0.00 8.7199 3.5816 3.5816
1825 59.96 43.86 0.00 8.7199 3.5816 3.5816
1850 60.30 43.92 0.00 8.8647 3.3230 3.3230
1875 60.70 44.04 0.00 11.0497 3.6032 3.6032
1900 60.70 44.04 0.00 11.0497 3.6032 3.6032
1925 61.16 44.14 0.00 11.4358 2.4246 2.4246
1950 61.59 44.18 0.00 10.3917 1.8759 1.8759
1975 62.00 44.13 0.00 9.7551 1.5620 1.5620
2000 62.00 44.13 0.00 9.7551 1.5620 1.5620
2025 62.40 44.04 0.00 10.7913 1.9344 1.9344
2050 62.85 43.91 0.00 10.9631 3.3325 3.3325
2075 62.85 43.91 0.00 10.9631 3.3325 3.3325
2100 63.29 43.81 0.00 11.0138 3.0527 3.0527
2125 63.72 43.72 0.00 10.8383 4.9159 4.9159
2150 63.72 43.72 0.00 10.8383 4.9159 4.9159
2175 64.16 43.68 0.00 11.4641 4.6157 4.6157
2200 64.64 43.61 0.00 12.3402 4.8430 4.8430
2225 64.64 43.61 0.00 12.3402 4.8430 4.8430
2250 65.12 43.50 0.00 10.7952 7.5594 7.5594
2275 65.45 43.36 0.00 6.8934 5.8947 5.8947
2300 65.61 43.24 0.00 3.9586 4.6951 4.6951
2325 65.61 43.24 0.00 3.9586 4.6951 4.6951
2350 65.71 43.08 0.00 2.2572 3.1847 3.1847
2375 65.80 42.95 0.00 2.1227 3.7272 3.7272
2400 65.80 42.95 0.00 2.1227 3.7272 3.7272
2425 65.84 42.79 0.00 0.3593 3.5272 3.5272
2450 65.78 42.60 0.00 -3.1201 2.6766 2.6766
2475 65.62 42.37 0.00 -3.5784 1.9719 1.9719
2500 65.62 42.37 0.00 -3.5784 1.9719 1.9719
2525 65.53 42.14 0.00 -1.3343 2.6512 2.6512
2550 65.55 41.97 0.00 1.9007 3.4285 3.4285
2575 65.55 41.97 0.00 1.9007 3.4285 3.4285
2600 65.70 41.79 0.00 3.9454 2.0786 2.0786
2625 65.82 41.66 0.00 3.4433 2.1247 2.1247
2650 65.82 41.66 0.00 3.4433 2.1247 2.1247
2675 65.98 41.59 0.00 3.4023 4.9849 4.9849
2700 66.09 41.45 0.00 2.2618 4.1866 4.1866
2725 66.23 41.25 0.00 4.8450 3.8268 3.8268
2750 66.23 41.25 0.00 4.8450 3.8268 3.8268
2775 66.48 41.06 0.00 6.9704 5.0426 5.0426
2800 66.82 40.93 0.00 10.2213 5.3345 5.3345
2825 66.82 40.93 0.00 10.2213 5.3345 5.3345
2850 67.33 40.95 0.00 13.6424 4.1320 4.1320
2875 67.83 41.03 0.00 11.6201 2.5726 2.5726
2900 67.83 41.03 0.00 11.6201 2.5726 2.5726
2925 68.26 41.13 0.00 10.5150 2.8579 2.8579
2950 68.61 41.26 0.00 7.9189 1.3358 1.3358
2975 68.95 41.41 0.00 9.6683 1.0676 1.0676
3000 68.95 41.41 0.00 9.6683 1.0676 1.0676
3025 69.38 41.54 0.00 10.8189 0.9471 0.9471
3050 69.82 41.64 0.00 11.0152 2.1022 2.1022
3075 69.82 41.64 0.00 11.0152 2.1022 2.1022
3100 70.15 41.69 0.00 11.2315 2.4805 2.4805
3125 70.58 41.69 0.00 10.2166 2.8316 2.8316
3150 70.93 41.69 0.00 8.2615 4.9100 4.9100
3175 70.93 41.69 0.00 8.2615 4.9100 4.9100
3200 71.26 41.63 0.00 7.7002 4.2538 4.2538
3225 71.53 41.54 0.00 5.9279 4.4594 4.4594
3250 71.53 41.54 0.00 5.9279 4.4594 4.4594
3275 71.69 41.41 0.00 3.0996 4.9216 4.9216
3300 71.82 41.32 0.00 3.4600 4.3965 4.3965
3325 71.82 41.32 0.00 3.4600 4.3965 4.3965
3350 71.95 41.25 0.00 3.6440 2.8046 2.8046
3375 72.10 41.16 0.00 3.4652 2.2844 2.2844
3400 72.10 41.16 0.00 3.4652 2.2844 2.2844
3425 72.19 41.07 0.00 1.2634 1.9765 1.9765
3450 72.17 40.96 0.00 -1.2593 2.3970 2.3970
3475 72.17 40.96 0.00 -1.2593 2.3970 2.3970
3500 72.11 40.82 0.00 -1.3631 2.4187 2.4187
3525 72.04 40.69 0.00 -2.5477 1.7887 1.7887
3550 71.88 40.50 0.00 -4.8203 0.1379 0.1379
3575 71.88 40.50 0.00 -4.8203 0.1379 0.1379
3600 71.66 40.29 0.00 -5.6957 1.0993 1.0993
3625 71.42 40.13 0.00 -6.1586 1.5208 1.5208
3650 71.42 40.13 0.00 -6.1586 1.5208 1.5208
3675 71.18 39.99 0.00 -5.8351 -0.0350 -0.0350
3700 70.98 39.83 0.00 -4.2256 -1.7494 -1.7494
3725 70.84 39.67 0.00 -3.8232 -1.9095 -1.9095
3750 70.84 39.67 0.00 -3.8232 -1.9095 -1.9095
3775 70.67 39.53 0.00 -3.9396 -1.0240 -1.0240
3800 70.53 39.26 0.00 -3.6499 -0.7942 -0.7942
3825 70.44 39.03 0.00 -2.5359 0.6807 0.6807
3850 70.44 39.03 0.00 -2.5359 0.6807 0.6807
3875 70.40 38.76 0.00 0.1756 1.2568 1.2568
3900 70.40 38.76 0.00 0.1756 1.2568 1.2568
3925 70.40 38.48 0.00 -0.3787 0.3003 0.3003
3950 70.36 38.24 0.00 -1.4780 0.5278 0.5278
3975 70.31 38.07 0.00 -0.9081 0.7804 0.7804
4000 70.31 38.07 0.00 -0.9081 0.7804 0.7804
4025 70.29 38.01 0.00 0.5259 -0.0235 -0.0235
4050 70.29 37.99 0.00 -0.9975 -1.2360 -1.2360
4075 70.29 37.99 0.00 -0.9975 -1.2360 -1.2360
4100 70.20 37.98 0.00 -3.1172 -1.6167 -1.6167
4125 70.05 37.96 0.00 -3.7024 -1.8836 -1.8836
4150 69.91 37.96 0.00 -3.1636 -1.7359 -1.7359
4175 69.91 37.96 0.00 -3.1636 -1.7359 -1.7359
4200 69.80 37.98 0.00 -2.7014 -1.5078 -1.5078
4225 69.67 37.97 0.00 -3.8817 -1.6781 -1.6781
4250 69.67 37.97 0.00 -3.8817 -1.6781 -1.6781
4275 69.49 37.95 0.00 -5.0614 -1.0518 -1.0518
4300 69.24 37.94 0.00 -6.6146 -2.8213 -2.8213
4325 69.24 37.94 0.00 -6.6146 -2.8213 -2.8213
4350 68.97 37.92 0.00 -7.3383 -1.5049 -1.5049
4375 68.62 37.91 0.00 -9.2760 -2.0749 -2.0749
4400 68.19 37.81 0.00 -11.4182 -3.2587 -3.2587
4425 68.19 37.81 0.00 -11.4182 -3.2587 -3.2587
4450 67.67 37.56 0.00 -14.0072 -3.1776 -3.1776
4475 67.02 37.07 0.00 -16.6232 -3.3690 -3.3690
4500 67.02 37.07 0.00 -16.6232 -3.3690 -3.3690
4525 66.41 36.67 0.00 -14.4683 -2.9233 -2.9233
4550 65.87 36.48 0.00 -12.8605 -3.4131 -3.4131
4575 65.87 36.48 0.00 -12.8605 -3.4131 -3.4131
4600 65.45 36.33 0.00 -9.6528 -2.4214 -2.4214
4625 65.16 36.17 0.00 -9.8724 -2.6083 -2.6083
4650 65.16 36.17 0.00 -9.8724 -2.6083 -2.6083
4675 64.71 35.89 0.00 -11.0705 -2.4719 -2.4719
4700 64.30 35.62 0.00 -9.6651 -1.9579 -1.9579
4725 64.00 35.37 0.00 -6.4585 -0.8653 -0.8653
4750 64.00 35.37 0.00 -6.4585 -0.8653 -0.8653
4775 63.84 35.23 0.00 -1.6706 0.5136 0.5136
4800 63.89 35.19 0.00 2.8027 -0.4613 -0.4613
4825 63.89 35.19 0.00 2.8027 -0.4613 -0.4613
4850 64.07 35.21 0.00 4.7680 -0.3403 -0.3403
4875 64.25 35.28 0.00 4.6993 0.2140 0.2140
4900 64.25 35.28 0.00 4.6993 0.2140 0.2140
4925 64.45 35.38 0.00 5.2147 0.7889 0.7889
4950 64.75 35.50 0.00 8.9095 1.2502 1.2502
4975 64.75 35.50 0.00 8.9095 1.2502 1.2502
5000 65.18 35.67 0.00 11.6901 0.5985 0.5985
5025 65.62 35.83 0.00 10.8767 2.1903 2.1903
5050 66.09 35.96 0.00 12.0116 0.3645 0.3645
5075 66.09 35.96 0.00 12.0116 0.3645 0.3645
5100 66.57 36.10 0.00 11.5719 2.1116 2.1116
5125 66.88 36.22 0.00 4.4849 1.6519 1.6519
5150 66.88 36.22 0.00 4.4849 1.6519 1.6519
5175 66.86 36.33 0.00 -2.4379 0.7649 0.7649
5200 66.73 36.38 0.00 -3.2174 0.0834 0.0834
5225 66.64 36.40 0.00 -1.1385 -0.9491 -0.9491
5250 66.64 36.40 0.00 -1.1385 -0.9491 -0.9491
5275 66.66 36.42 0.00 1.0185 -0.1819 -0.1819
5300 66.72 36.40 0.00 0.9948 -0.0813 -0.0813
5325 66.72 36.40 0.00 0.9948 -0.0813 -0.0813
5350 66.73 36.35 0.00 0.5743 1.6274 1.6274
5375 66.77 36.24 0.00 1.3191 1.7090 1.7090
5400 66.77 36.24 0.00 1.3191 1.7090 1.7090
5425 66.81 36.17 0.00 1.1177 0.8193 0.8193
5450 66.84 36.08 0.00 0.2638 1.1318 1.1318
5475 66.82 36.03 0.00 -0.5704 1.0935 1.0935
5500 66.82 36.03 0.00 -0.5704 1.0935 1.0935
5525 66.81 35.97 0.00 0.1186 0.5925 0.5925
5550 66.82 35.97 0.00 0.4959 -0.7488 -0.7488
5575 66.82 35.97 0.00 0.4959 -0.7488 -0.7488
5600 66.82 35.95 0.00 -1.0474 -1.5721 -1.5721
5625 66.73 35.90 0.00 -2.9996 -1.0608 -1.0608
5650 66.73 35.90 0.00 -2.9996 -1.0608 -1.0608
5675 66.59 35.80 0.00 -3.3260 -0.9075 -0.9075
5700 66.47 35.71 0.00 -3.1205 -0.4388 -0.4388
5725 66.47 35.71 0.00 -3.1205 -0.4388 -0.4388
5750 66.36 35.60 0.00 -2.6042 0.1771 0.1771
5775 66.27 35.43 0.00 -2.1321 -0.6106 -0.6106
5800 66.16 35.29 0.00 -3.2611 -0.6687 -0.6687
5825 66.16 35.29 0.00 -3.2611 -0.6687 -0.6687
5850 66.07 35.11 0.00 -1.0334 -0.2666 -0.2666
5875 66.12 34.98 0.00 2.2986 0.1285 0.1285
5900 66.12 34.98 0.00 2.2986 0.1285 0.1285
5925 66.12 34.98 0.00 -1.8084 0.0037 0.0037
5950 65.98 34.95 0.00 -3.5628 -1.0429 -1.0429
5975 65.86 34.99 0.00 -3.3838 -1.6809 -1.6809
6000 65.86 34.99 0.00 -3.3838 -1.6809 -1.6809
6025 65.71 35.06 0.00 -3.2567 -2.1037 -2.1037
6050 65.62 35.13 0.00 -1.8546 -2.5255 -2.5255
6075 65.62 35.13 0.00 -1.8546 -2.5255 -2.5255
6100 65.57 35.17 0.00 -0.9167 -0.5044 -0.5044
6125 65.57 35.13 0.00 0.3305 0.4012 0.4012
6150 65.57 35.13 0.00 0.3305 0.4012 0.4012
6175 65.64 35.04 0.00 1.6827 0.3937 0.3937
6200 65.68 34.99 0.00 1.0536 1.2262 1.2262
6225 65.68 34.99 0.00 1.0536 1.2262 1.2262
6250 65.68 34.94 0.00 -0.9340 2.0320 2.0320
6275 65.62 34.90 0.00 -1.5069 0.7796 0.7796
6300 65.57 34.90 0.00 -0.8944 -0.6262 -0.6262
6325 65.57 34.90 0.00 -0.8944 -0.6262 -0.6262
6350 65.53 34.90 0.00 -1.0787 -0.8274 -0.8274
6375 65.48 34.87 0.00 -1.9541 -0.2552 -0.2552
6400 65.48 34.87 0.00 -1.9541 -0.2552 -0.2552
6425 65.41 34.76 0.00 -0.8871 -0.4371 -0.4371
6450 65.41 34.67 0.00 0.6556 0.1827 0.1827
6475 65.43 34.60 0.00 -0.2793 0.1156 0.1156
6500 65.43 34.60 0.00 -0.2793 0.1156 0.1156
6525 65.39 34.51 0.00 -1.0634 1.2111 1.2111
6550 65.37 34.35 0.00 0.6396 0.6398 0.6398
6575 65.37 34.35 0.00 0.6396 0.6398 0.6398
6600 65.36 34.26 0.00 -2.1134 -1.5368 -1.5368
6625 65.23 34.14 0.00 -3.4114 -2.2248 -2.2248
6650 65.11 34.16 0.00 -2.6406 -2.1854 -2.1854
6675 65.11 34.16 0.00 -2.6406 -2.1854 -2.1854
6700 65.11 34.16 0.00 1.7341 -2.2261 -2.2261
6725 65.11 34.14 0.00 -2.3591 0.5471 0.5471
6750 65.11 34.14 0.00 -2.3591 0.5471 0.5471
6775 64.96 34.04 0.00 -2.6368 0.8413 0.8413
6800 65.07 33.89 0.00 5.8970 0.9887 0.9887
6825 65.07 33.89 0.00 5.8970 0.9887 0.9887
6850 65.37 33.87 0.00 5.7389 0.4145 0.4145
6875 65.41 34.05 0.00 0.3288 -0.7698 -0.7698
6900 65.41 34.05 0.00 0.3288 -0.7698 -0.7698
6925 65.36 34.10 0.00 -2.9245 1.9123 1.9123
6950 65.09 34.25 0.00 -8.8277 1.2062 1.2062
6975 65.09 34.25 0.00 -8.8277 1.2062 1.2062
7000 64.64 34.47 0.00 -11.7376 -0.0302 -0.0302
7025 64.21 34.55 0.00 -10.2021 -2.1791 -2.1791
7050 63.88 34.52 0.00 -6.8270 -1.5107 -1.5107
7075 63.88 34.52 0.00 -6.8270 -1.5107 -1.5107
7100 63.70 34.36 0.00 -3.9849 -0.8385 -0.8385
7125 63.70 34.36 0.00 -3.9849 -0.8385 -0.8385
7150 63.38 34.65 0.00 -4.6406 -0.1423 -0.1423
7175 63.38 34.65 0.00 -4.6406 -0.1423 -0.1423
7200 63.20 34.78 0.00 -3.8894 -1.5446 -1.5446
7225 63.20 34.78 0.00 -3.8894 -1.5446 -1.5446
7250 63.15 34.79 0.00 0.2001 0.5286 0.5286
7275 63.20 34.78 0.00 1.9693 1.0940 1.0940
7300 63.27 34.67 0.00 0.9763 1.2584 1.2584
7325 63.27 34.67 0.00 0.9763 1.2584 1.2584
7350 63.25 34.53 0.00 -0.9397 0.2207 0.2207
7375 63.20 34.56 0.00 -1.0425 -0.5439 -0.5439
7400 63.20 34.56 0.00 -1.0425 -0.5439 -0.5439
7425 63.22 34.62 0.00 1.8371 0.5837 0.5837
7450 63.34 34.67 0.00 4.0433 0.9618 0.9618
7475 63.56 34.81 0.00 5.8372 2.8628 2.8628
7500 63.56 34.81 0.00 5.8372 2.8628 2.8628
7525 63.89 34.91 0.00 9.5969 3.3489 3.3489
7550 64.23 35.03 0.00 7.5364 0.2001 0.2001
7575 64.23 35.03 0.00 7.5364 0.2001 0.2001
7600 64.43 35.35 0.00 3.1612 1.3712 1.3712
7625 64.46 35.51 0.00 0.5991 2.2970 2.2970
7650 64.48 35.47 0.00 0.0800 0.4320 0.4320
7675 64.48 35.47 0.00 0.0800 0.4320 0.4320
7700 64.53 35.38 0.00 2.3874 -0.8890 -0.8890
7725 64.68 35.15 0.00 3.4193 -1.4054 -1.4054
7750 64.68 35.15 0.00 3.4193 -1.4054 -1.4054
7775 64.77 35.00 0.00 2.6203 -1.7661 -1.7661
7800 64.82 34.86 0.00 0.6789 -0.2162 -0.2162
7825 64.82 34.86 0.00 0.6789 -0.2162 -0.2162
7850 64.80 34.77 0.00 -0.6112 1.4497 1.4497
7875 64.78 34.65 0.00 -0.5317 1.6816 1.6816
7900 64.78 34.65 0.00 -0.5317 1.6816 1.6816
7925 64.78 34.45 0.00 1.2415 2.5055 2.5055
7950 64.89 34.23 0.00 2.3908 1.9668 1.9668
7975 64.89 34.23 0.00 2.3908 1.9668 1.9668
8000 64.96 33.97 0.00 2.0842 0.7406 0.7406
8025 65.02 33.70 0.00 -0.0446 -0.6832 -0.6832
8050 64.95 33.43 0.00 -2.5084 -0.0415 -0.0415
8075 64.95 33.43 0.00 -2.5084 -0.0415 -0.0415
8100 64.82 33.24 0.00 -3.7427 0.5078 0.5078
8125 64.62 33.13 0.00 -5.4448 -0.7353 -0.7353
8150 64.45 32.97 0.00 -3.7939 0.2525 0.2525
8175 64.45 32.97 0.00 -3.7939 0.2525 0.2525
8200 64.32 32.89 0.00 -2.4667 0.2903 0.2903
8225 64.25 32.74 0.00 -1.3862 0.5190 0.5190
8250 64.25 32.74 0.00 -1.3862 0.5190 0.5190
8275 64.18 32.64 0.00 -2.5369 1.1265 1.1265
8300 64.05 32.53 0.00 -3.1757 0.6090 0.6090
8325 63.93 32.46 0.00 -2.6263 -0.1226 -0.1226
8350 63.93 32.46 0.00 -2.6263 -0.1226 -0.1226
8375 63.82 32.47 0.00 -2.7963 -0.0597 -0.0597
8400 63.82 32.47 0.00 -2.7963 -0.0597 -0.0597
8425 63.72 32.47 0.00 -2.6541 0.0431 0.0431
8450 63.59 32.49 0.00 -3.2940 -0.4682 -0.4682
8475 63.50 32.49 0.00 -3.2541 -0.7122 -0.7122
8500 63.50 32.49 0.00 -3.2541 -0.7122 -0.7122
8525 63.40 32.47 0.00 -1.9669 -0.7445 -0.7445
8550 63.36 32.47 0.00 -0.6992 -0.3177 -0.3177
8575 63.36 32.47 0.00 -0.6992 -0.3177 -0.3177
8600 63.33 32.49 0.00 -0.4507 -0.9186 -0.9186
8625 63.33 32.49 0.00 -0.3061 1.2154 1.2154
8650 63.29 32.49 0.00 -0.9755 0.9253 0.9253
8675 63.29 32.49 0.00 -0.9755 0.9253 0.9253
8700 63.25 32.47 0.00 -1.2215 -1.3415 -1.3415
8725 63.18 32.48 0.00 -2.3474 -1.6422 -1.6422
8750 63.18 32.48 0.00 -2.3474 -1.6422 -1.6422
8775 63.06 32.46 0.00 -3.2056 -1.4465 -1.4465
8800 62.95 32.48 0.00 -2.0992 -1.0959 -1.0959
8825 62.95 32.48 0.00 -2.0992 -1.0959 -1.0959
8850 62.88 32.45 0.00 -1.6572 -0.6195 -0.6195
8875 62.85 32.36 0.00 -0.7403 0.7434 0.7434
8900 62.85 32.36 0.00 -0.7403 0.7434 0.7434
8925 62.79 32.21 0.00 -1.4113 0.5209 0.5209
8950 62.70 32.05 0.00 -3.0050 0.1344 0.1344
8975 62.53 31.91 0.00 -5.1634 0.3224 0.3224
9000 62.53 31.91 0.00 -5.1634 0.3224 0.3224
9025 62.31 31.79 0.00 -5.3577 0.3602 0.3602
9050 62.12 31.72 0.00 -4.9061 -0.5283 -0.5283
9075 62.12 31.72 0.00 -4.9061 -0.5283 -0.5283
9100 61.92 31.67 0.00 -4.2908 -0.9650 -0.9650
9125 61.80 31.68 0.00 -2.2244 -1.1833 -1.1833
9150 61.80 31.68 0.00 -2.2244 -1.1833 -1.1833
9175 61.75 31.62 0.00 -1.3494 -1.0711 -1.0711
9200 61.69 31.55 0.00 -0.6373 0.0094 0.0094
9225 61.71 31.48 0.00 0.3799 0.3322 0.3322
9250 61.71 31.48 0.00 0.3799 0.3322 0.3322
9275 61.75 31.43 0.00 1.3400 0.8836 0.8836
9300 61.82 31.41 0.00 1.9148 0.4118 0.4118
9325 61.82 31.41 0.00 1.9148 0.4118 0.4118
9350 61.87 31.42 0.00 1.3483 -1.0548 -1.0548
9375 61.92 31.42 0.00 0.8633 0.0803 0.0803
9400 61.94 31.48 0.00 0.3689 0.5505 0.5505
9425 61.94 31.48 0.00 0.3689 0.5505 0.5505
9450 61.94 31.51 0.00 0.0351 -1.2848 -1.2848
9475 61.94 31.51 0.00 0.0351 -1.2848 -1.2848
9500 61.96 31.58 0.00 -0.0641 -1.5360 -1.5360
9525 61.92 31.67 0.00 -0.7089 -1.3668 -1.3668
9550 61.92 31.76 0.00 0.4045 -0.5152 -0.5152
9575 61.92 31.76 0.00 0.4045 -0.5152 -0.5152
9600 61.92 31.80 0.00 -0.5510 -0.7093 -0.7093
9625 61.89 31.78 0.00 -0.8572 1.1669 1.1669
9650 61.89 31.78 0.00 -0.8572 1.1669 1.1669
9675 61.87 31.76 0.00 -0.4264 0.4161 0.4161
9700 61.85 31.75 0.00 -0.5644 -0.5010 -0.5010
9725 61.82 31.73 0.00 -1.1577 0.2520 0.2520
9750 61.82 31.73 0.00 -1.1577 0.2520 0.2520
9775 61.78 31.75 0.00 -0.5786 0.5283 0.5283
9800 61.75 31.73 0.00 -0.7584 0.2852 0.2852
9825 61.75 31.73 0.00 -0.7584 0.2852 0.2852
9850 61.76 31.69 0.00 0.6717 -0.9856 -0.9856
9875 61.82 31.69 0.00 1.0854 -0.8067 -0.8067
9900 61.82 31.69 0.00 1.0854 -0.8067 -0.8067
9925 61.76 31.69 0.00 -2.5290 -0.3689 -0.3689
9950 61.68 31.66 0.00 -1.8211 -0.2654 -0.2654
9975 61.64 31.64 0.00 0.1314 -0.5542 -0.5542
10000 61.64 31.64 0.00 0.1314 -0.5542 -0.5542
10025 61.66 31.64 0.00 0.4699 0.1653 0.1653
10050 61.68 31.62 0.00 -0.1217 1.3347 1.3347
10075 61.68 31.62 0.00 -0.1217 1.3347 1.3347
10100 61.64 31.57 0.00 -0.9130 -0.9066 -0.9066
10125 61.62 31.52 0.00 -0.0596 1.7615 1.7615
10150 61.62 31.52 0.00 -0.0596 1.7615 1.7615
10175 61.62 31.54 0.00 -0.3888 -0.0183 -0.0183
10200 61.61 31.54 0.00 -0.4045 -1.4082 -1.4082
10225 61.55 31.54 0.00 -1.9239 -0.9174 -0.9174
10250 61.55 31.54 0.00 -1.9239 -0.9174 -0.9174
10275 61.48 31.54 0.00 -1.7507 -1.2208 -1.2208
10300 61.43 31.54 0.00 -0.9148 -0.8659 -0.8659
10325 61.43 31.54 0.00 -0.9148 -0.8659 -0.8659
10350 61.39 31.49 0.00 -0.4812 -1.2902 -1.2902
10375 61.34 31.45 0.00 -2.1215 -0.3249 -0.3249
10400 61.34 31.45 0.00 -2.1215 -0.3249 -0.3249
10425 61.25 31.42 0.00 -2.2301 -0.4111 -0.4111
10450 61.20 31.31 0.00 -0.5521 0.1143 0.1143
10475 61.22 31.27 0.00 0.6822 0.7863 0.7863
10500 61.22 31.27 0.00 0.6822 0.7863 0.7863
10525 61.22 31.31 0.00 -0.2667 0.5538 0.5538
10550 61.20 31.35 0.00 -1.1796 -0.8842 -0.8842
10575 61.20 31.35 0.00 -1.1796 -0.8842 -0.8842
10600 61.13 31.36 0.00 -1.8685 -1.8427 -1.8427
10625 61.06 31.37 0.00 -1.5278 -1.5912 -1.5912
10650 61.00 31.37 0.00 -1.1924 -1.5965 -1.5965
10675 61.00 31.37 0.00 -1.1924 -1.5965 -1.5965
10700 60.97 31.38 0.00 -1.0813 -1.8461 -1.8461
10725 60.92 31.42 0.00 -1.5929 -1.8653 -1.8653
10750 60.92 31.42 0.00 -1.5929 -1.8653 -1.8653
10775 60.79 31.46 0.00 -4.0836 -4.0635 -4.0635
10800 60.60 31.41 0.00 -4.5018 -1.8835 -1.8835
10825 60.60 31.41 0.00 -4.5018 -1.8835 -1.8835
10850 60.49 31.36 0.00 -1.7342 2.2448 2.2448
10875 60.46 31.30 0.00 -1.2504 1.8369 1.8369
10900 60.46 31.30 0.00 -1.2504 1.8369 1.8369
10925 60.39 31.21 0.00 -2.1567 0.2376 0.2376
10950 60.25 31.11 0.00 -4.4485 -1.2749 -1.2749
10975 60.03 31.06 0.00 -5.3056 -1.6798 -1.6798
11000 60.03 31.06 0.00 -5.3056 -1.6798 -1.6798
11025 59.86 30.95 0.00 -3.6046 -0.8760 -0.8760
11050 59.73 30.69 0.00 -3.3276 -0.5607 -0.5607
11075 59.73 30.69 0.00 -3.3276 -0.5607 -0.5607
11100 59.63 30.29 0.00 -2.2348 0.1254 0.1254
11125 59.58 29.97 0.00 -0.8504 -0.5827 -0.5827
11150 59.58 29.97 0.00 -0.8504 -0.5827 -0.5827
11175 59.56 29.76 0.00 0.2911 0.3352 0.3352
11200 59.61 29.63 0.00 1.4005 1.7166 1.7166
11225 59.66 29.59 0.00 1.7000 1.2483 1.2483
11250 59.66 29.59 0.00 1.7000 1.2483 1.2483
11275 59.75 29.59 0.00 1.9275 -0.0734 -0.0734
11300 59.79 29.59 0.00 0.5260 -1.0721 -1.0721
11325 59.79 29.59 0.00 0.5260 -1.0721 -1.0721
11350 59.81 29.56 0.00 0.6187 -0.0298 -0.0298
11375 59.88 29.52 0.00 2.0849 0.0192 0.0192
11400 59.88 29.52 0.00 2.0849 0.0192 0.0192
11425 59.96 29.46 0.00 2.2964 1.0239 1.0239
11450 60.03 29.43 0.00 1.4438 0.1028 0.1028
11475 60.09 29.41 0.00 0.9226 1.7031 1.7031
11500 60.09 29.41 0.00 0.9226 1.7031 1.7031
11525 60.09 29.44 0.00 -0.7989 0.3839 0.3839
11550 60.03 29.50 0.00 -1.0791 -0.9681 -0.9681
11575 60.03 29.50 0.00 -1.0791 -0.9681 -0.9681
11600 59.98 29.55 0.00 -1.6779 -1.3465 -1.3465
11625 59.93 29.57 0.00 -1.6554 -1.4758 -1.4758
11650 59.93 29.57 0.00 -1.6554 -1.4758 -1.4758
11675 59.89 29.59 0.00 -0.5166 0.0121 0.0121
11700 59.88 29.57 0.00 -0.1061 -0.0180 -0.0180
11725 59.91 29.54 0.00 1.0681 1.3520 1.3520
11750 59.91 29.54 0.00 1.0681 1.3520 1.3520
11775 59.93 29.46 0.00 -0.1893 1.0925 1.0925
11800 59.88 29.43 0.00 -1.1404 0.2681 0.2681
11825 59.88 29.43 0.00 -1.1404 0.2681 0.2681
11850 59.84 29.45 0.00 -0.6984 0.8121 0.8121
11875 59.86 29.50 0.00 0.4358 0.8276 0.8276
11900 59.88 29.54 0.00 1.0059 0.1194 0.1194
11925 59.88 29.54 0.00 1.0059 0.1194 0.1194
11950 59.93 29.55 0.00 0.9158 -0.4851 -0.4851
11975 59.93 29.55 0.00 0.9158 -0.4851 -0.4851
12000 59.95 29.57 0.00 0.4948 -0.3372 -0.3372
12025 59.95 29.57 0.00 0.0629 0.4258 0.4258
12050 59.96 29.59 0.00 0.4673 0.3381 0.3381
12075 59.96 29.59 0.00 0.4673 0.3381 0.3381
12100 59.96 29.61 0.00 -0.0159 0.6415 0.6415
12125 59.95 29.61 0.00 -0.6990 -0.9250 -0.9250
12150 59.95 29.61 0.00 -0.6990 -0.9250 -0.9250
12175 59.95 29.59 0.00 0.4623 1.2057 1.2057
12200 59.98 29.61 0.00 0.7781 0.7131 0.7131
12225 60.00 29.59 0.00 -0.1548 -0.9695 -0.9695
12250 60.00 29.59 0.00 -0.1548 -0.9695 -0.9695
12275 59.96 29.57 0.00 -1.4101 -0.8518 -0.8518
12300 59.96 29.57 0.00 -1.4101 -0.8518 -0.8518
12325 59.88 29.57 0.00 -2.3302 -0.7971 -0.7971
12350 59.81 29.59 0.00 -1.3766 -0.3671 -0.3671
12375 59.77 29.57 0.00 -0.8803 -0.5230 -0.5230
12400 59.77 29.57 0.00 -0.8803 -0.5230 -0.5230
12425 59.75 29.54 0.00 -0.2347 0.6814 0.6814
12450 59.73 29.45 0.00 -0.9454 0.3820 0.3820
12475 59.66 29.36 0.00 -2.2579 -0.2654 -0.2654
12500 59.66 29.36 0.00 -2.2579 -0.2654 -0.2654
12525 59.58 29.34 0.00 -1.7893 1.0829 1.0829
12550 59.51 29.42 0.00 -1.4677 0.7297 0.7297
12575 59.51 29.42 0.00 -1.4677 0.7297 0.7297
12600 59.47 29.49 0.00 -0.5986 0.2593 0.2593
12625 59.45 29.53 0.00 -0.4534 -1.1233 -1.1233
12650 59.42 29.56 0.00 -1.0221 -1.3138 -1.3138
12675 59.42 29.56 0.00 -1.0221 -1.3138 -1.3138
12700 59.36 29.56 0.00 -1.6509 -1.0085 -1.0085
12725 59.31 29.53 0.00 -1.3078 -0.3311 -0.3311
12750 59.31 29.53 0.00 -1.3078 -0.3311 -0.3311
12775 59.26 29.47 0.00 -0.8363 -0.7035 -0.7035
12800 59.24 29.42 0.00 -0.5249 -0.1935 -0.1935
12825 59.22 29.37 0.00 -0.4659 -0.2957 -0.2957
12850 59.22 29.37 0.00 -0.4659 -0.2957 -0.2957
12875 59.19 29.33 0.00 -0.9068 0.1909 0.1909
12900 59.12 29.30 0.00 -1.9228 -0.9096 -0.9096
12925 59.12 29.30 0.00 -1.9228 -0.9096 -0.9096
12950 59.08 29.26 0.00 -0.5344 1.1742 1.1742
12975 59.07 29.24 0.00 -0.6578 0.1386 0.1386
13000 59.07 29.24 0.00 -0.6578 0.1386 0.1386
13025 59.05 29.21 0.00 -0.2386 -0.8974 -0.8974
13050 59.07 29.19 0.00 0.2998 -1.0943 -1.0943
13075 59.07 29.19 0.00 0.2998 -1.0943 -1.0943
13100 59.03 29.17 0.00 -1.0478 -0.6809 -0.6809
13125 59.00 29.17 0.00 -0.7490 0.3148 0.3148
13150 58.98 29.16 0.00 -0.6223 -0.5981 -0.5981
13175 58.98 29.16 0.00 -0.6223 -0.5981 -0.5981
13200 58.96 29.12 0.00 -0.0528 0.4926 0.4926
13225 58.96 29.05 0.00 -0.3469 0.7850 0.7850
13250 58.96 29.05 0.00 -0.3469 0.7850 0.7850
13275 58.92 28.99 0.00 -1.0116 -0.1601 -0.1601
13300 58.87 29.00 0.00 -1.3028 0.4169 0.4169
13325 58.87 29.00 0.00 -1.3028 0.4169 0.4169
13350 58.84 29.01 0.00 -0.7177 0.3477 0.3477
13375 58.84 29.07 0.00 0.3175 -0.2820 -0.2820
13400 58.85 29.12 0.00 -0.0621 -1.1625 -1.1625
13425 58.85 29.12 0.00 -0.0621 -1.1625 -1.1625
13450 58.80 29.16 0.00 -2.1001 -1.3156 -1.3156
13475 58.66 29.16 0.00 -3.7542 -1.0885 -1.0885
13500 58.66 29.16 0.00 -3.7542 -1.0885 -1.0885
13525 58.52 29.16 0.00 -3.0333 -1.1789 -1.1789
13550 58.45 29.13 0.00 -1.8513 -1.6893 -1.6893
13575 58.45 29.13 0.00 -1.8513 -1.6893 -1.6893
13600 58.38 29.09 0.00 -1.5161 -1.2215 -1.2215
13625 58.31 29.06 0.00 -1.6277 -0.6137 -0.6137
13650 58.31 29.06 0.00 -1.6277 -0.6137 -0.6137
13675 58.26 29.02 0.00 -0.9761 -1.6198 -1.6198
13700 58.27 29.00 0.00 0.8368 -0.2836 -0.2836
13725 58.27 29.00 0.00 0.8368 -0.2836 -0.2836
13750 58.31 29.02 0.00 0.4543 0.0200 0.0200
13775 58.27 29.02 0.00 -1.2883 -0.9419 -0.9419
13800 58.19 28.99 0.00 -2.6102 -1.4205 -1.4205
13825 58.19 28.99 0.00 -2.6102 -1.4205 -1.4205
13850 58.08 28.99 0.00 -2.8292 -1.3533 -1.3533
13875 58.01 28.97 0.00 -0.8284 -0.6181 -0.6181
13900 58.01 28.94 0.00 0.0759 -0.8619 -0.8619
13925 58.01 28.94 0.00 0.0759 -0.8619 -0.8619
13950 58.03 28.86 0.00 0.6926 1.2297 1.2297
13975 58.05 28.79 0.00 0.6345 1.3958 1.3958
14000 58.05 28.79 0.00 0.6345 1.3958 1.3958
14025 58.06 28.70 0.00 0.7960 0.2932 0.2932
14050 58.10 28.59 0.00 0.5868 1.2490 1.2490
14075 58.10 28.59 0.00 0.5868 1.2490 1.2490
14100 58.10 28.50 0.00 -0.2119 1.6738 1.6738
14125 58.10 28.47 0.00 -0.1393 0.8359 0.8359
14150 58.08 28.47 0.00 -0.4945 -0.4713 -0.4713
14175 58.08 28.47 0.00 -0.4945 -0.4713 -0.4713
14200 58.06 28.47 0.00 -0.6075 -0.7873 -0.7873
14225 58.01 28.43 0.00 -1.3033 -0.9939 -0.9939
14250 58.01 28.43 0.00 -1.3033 -0.9939 -0.9939
14275 57.98 28.40 0.00 -0.9107 -0.0794 -0.0794
14300 57.94 28.34 0.00 -0.6581 0.0204 0.0204
14325 57.94 28.34 0.00 -0.6581 0.0204 0.0204
14350 57.91 28.31 0.00 -1.1240 -0.1403 -0.1403
14375 57.85 28.25 0.00 -1.2147 -0.7461 -0.7461
14400 57.82 28.20 0.00 -0.7684 -0.3728 -0.3728
14425 57.82 28.20 0.00 -0.7684 -0.3728 -0.3728
14450 57.78 28.18 0.00 -0.8086 0.9170 0.9170
14475 57.73 28.18 0.00 -2.1766 -1.2163 -1.2163
14500 57.73 28.18 0.00 -2.1766 -1.2163 -1.2163
14525 57.62 28.18 0.00 -2.8721 -2.0287 -2.0287
14550 57.50 28.17 0.00 -2.8570 -1.9941 -1.9941
14575 57.45 28.19 0.00 -0.2697 -0.2448 -0.2448
14600 57.45 28.19 0.00 -0.2697 -0.2448 -0.2448
14625 57.50 28.15 0.00 1.9709 0.3389 0.3389
14650 57.57 28.08 0.00 1.3068 1.0351 1.0351
14675 57.57 28.08 0.00 1.3068 1.0351 1.0351
14700 57.59 27.99 0.00 0.5305 1.5018 1.5018
14725 57.57 27.83 0.00 -1.3181 0.0254 0.0254
14750 57.57 27.83 0.00 -1.3181 0.0254 0.0254
14775 57.50 27.70 0.00 -2.1869 0.5432 0.5432
14800 57.41 27.61 0.00 -2.0482 1.3245 1.3245
14825 57.41 27.61 0.00 -2.0482 1.3245 1.3245
14850 57.34 27.54 0.00 -1.5270 1.0048 1.0048
14875 57.31 27.49 0.00 -0.4411 -0.3567 -0.3567
14900 57.31 27.49 0.00 -0.4411 -0.3567 -0.3567
14925 57.31 27.45 0.00 0.0465 -0.7470 -0.7470
14950 57.29 27.43 0.00 -0.9027 -0.6205 -0.6205
14975 57.20 27.45 0.00 -2.6816 -1.0174 -1.0174
15000 57.20 27.45 0.00 -2.6816 -1.0174 -1.0174
15025 57.10 27.43 0.00 -2.7969 -1.5176 -1.5176
15050 56.98 27.40 0.00 -2.9557 -1.2289 -1.2289
15075 56.82 27.42 0.00 -4.6265 -0.9378 -0.9378
15100 56.82 27.42 0.00 -4.6265 -0.9378 -0.9378
15125 56.66 27.48 0.00 -3.5722 -1.0962 -1.0962
15150 56.57 27.53 0.00 -1.2572 -1.8403 -1.8403
15175 56.57 27.53 0.00 -1.2572 -1.8403 -1.8403
15200 56.59 27.69 0.00 1.0472 0.0861 0.0861
15225 56.59 27.69 0.00 1.0472 0.0861 0.0861
15250 56.61 27.91 0.00 0.1292 -1.6786 -1.6786
15275 56.55 28.11 0.00 -2.2219 -2.5806 -2.5806
15300 56.40 28.34 0.00 -5.2830 -2.6794 -2.6794
15325 56.40 28.34 0.00 -5.2830 -2.6794 -2.6794
15350 56.19 28.42 0.00 -4.5193 -0.2822 -0.2822
15375 56.10 28.45 0.00 -1.0700 1.2981 1.2981
15400 56.10 28.45 0.00 -1.0700 1.2981 1.2981
15425 56.08 28.42 0.00 0.4690 1.4047 1.4047
15450 56.13 28.27 0.00 1.7819 0.6443 0.6443
15475 56.19 28.24 0.00 1.3298 0.7028 0.7028
15500 56.19 28.24 0.00 1.3298 0.7028 0.7028
15525 56.20 28.29 0.00 -0.1079 0.9045 0.9045
15550 56.17 28.33 0.00 -1.0237 0.8908 0.8908
15575 56.17 28.33 0.00 -1.0237 0.8908 0.8908
15600 56.15 28.42 0.00 0.0433 1.3118 1.3118
15625 56.17 28.42 0.00 0.1205 -0.5533 -0.5533
15650 56.15 28.45 0.00 -0.5098 -0.7635 -0.7635
15675 56.15 28.45 0.00 -0.5098 -0.7635 -0.7635
15700 56.13 28.53 0.00 -0.7185 0.0574 0.0574
15725 56.10 28.54 0.00 -0.5925 0.7365 0.7365
15750 56.10 28.54 0.00 -0.5925 0.7365 0.7365
15775 56.12 28.60 0.00 1.0417 -0.0164 -0.0164
15800 56.19 28.61 0.00 1.9449 -0.0565 -0.0565
15825 56.19 28.61 0.00 1.9449 -0.0565 -0.0565
15850 56.26 28.60 0.00 1.7338 0.0060 0.0060
15875 56.31 28.60 0.00 0.9638 -0.2804 -0.2804
15900 56.31 28.60 0.00 0.9638 -0.2804 -0.2804
15925 56.34 28.54 0.00 1.2316 0.5643 0.5643
15950 56.40 28.49 0.00 1.0984 1.2654 1.2654
15975 56.40 28.49 0.00 1.0984 1.2654 1.2654
16000 56.40 28.49 0.00 -0.8170 -1.2766 -1.2766
16025 56.31 28.51 0.00 -2.9592 -2.2005 -2.2005
16050 56.19 28.45 0.00 -2.9726 -2.2706 -2.2706
16075 56.19 28.45 0.00 -2.9726 -2.2706 -2.2706
16100 56.12 28.40 0.00 -0.7967 -0.4912 -0.4912
16125 56.12 28.33 0.00 0.2927 0.7020 0.7020
16150 56.13 28.22 0.00 1.0730 2.2404 2.2404
16175 56.13 28.22 0.00 1.0730 2.2404 2.2404
16200 56.19 28.04 0.00 1.2593 1.6197 1.6197
16225 56.24 27.86 0.00 1.0683 1.0494 1.0494
16250 56.24 27.86 0.00 1.0683 1.0494 1.0494
16275 56.24 27.68 0.00 -0.5361 0.9847 0.9847
16300 56.22 27.57 0.00 -0.6451 0.7253 0.7253
16325 56.22 27.57 0.00 -0.6451 0.7253 0.7253
16350 56.20 27.46 0.00 -0.3129 0.8282 0.8282
16375 56.20 27.43 0.00 -0.1521 0.2412 0.2412
16400 56.20 27.43 0.00 -0.1521 0.2412 0.2412
16425 56.19 27.37 0.00 -0.2483 -0.7726 -0.7726
16450 56.17 27.36 0.00 -0.9834 -1.4004 -1.4004
16475 56.10 27.39 0.00 -1.6262 -0.9995 -0.9995
16500 56.10 27.39 0.00 -1.6262 -0.9995 -0.9995
16525 56.03 27.43 0.00 -1.9733 -0.8692 -0.8692
16550 55.96 27.48 0.00 -1.4005 -0.9706 -0.9706
16575 55.96 27.48 0.00 -1.4005 -0.9706 -0.9706
16600 55.92 27.52 0.00 -0.9990 -0.8286 -0.8286
16625 55.87 27.56 0.00 -1.3307 -1.0840 -1.0840
16650 55.87 27.56 0.00 -1.3307 -1.0840 -1.0840
16675 55.85 27.59 0.00 -0.2455 1.3410 1.3410
16700 55.82 27.67 0.00 -1.0320 -0.1056 -0.1056
16725 55.75 27.68 0.00 -2.2192 -2.2006 -2.2006
16750 55.75 27.68 0.00 -2.2192 -2.2006 -2.2006
16775 55.64 27.69 0.00 -2.9735 -1.6159 -1.6159
16800 55.52 27.72 0.00 -2.7433 -0.8842 -0.8842
16825 55.52 27.72 0.00 -2.7433 -0.8842 -0.8842
16850 55.47 27.72 0.00 -1.3199 -0.3980 -0.3980
16875 55.47 27.70 0.00 0.5600 -1.0575 -1.0575
16900 55.54 27.63 0.00 1.2465 0.1292 0.1292
16925 55.54 27.63 0.00 1.2465 0.1292 0.1292
16950 55.54 27.54 0.00 -0.1803 0.3906 0.3906
16975 55.52 27.38 0.00 -0.5590 1.3472 1.3472
17000 55.52 27.38 0.00 -0.5590 1.3472 1.3472
17025 55.47 27.25 0.00 -2.1197 1.9261 1.9261
17050 55.35 27.13 0.00 -2.9332 1.3668 1.3668
17075 55.35 27.13 0.00 -2.9332 1.3668 1.3668
17100 55.24 27.08 0.00 -3.3728 0.5107 0.5107
17125 55.12 27.06 0.00 -2.4364 -0.6189 -0.6189
17150 55.12 27.06 0.00 -2.4364 -0.6189 -0.6189
17175 55.05 27.06 0.00 -1.5968 -1.5610 -1.5610
17200 55.01 27.10 0.00 -0.1307 -1.3307 -1.3307
17225 55.00 27.19 0.00 -0.8479 -2.2216 -2.2216
17250 55.00 27.19 0.00 -0.8479 -2.2216 -2.2216
17275 54.93 27.24 0.00 -2.2947 -0.1411 -0.1411
17300 54.82 27.26 0.00 -2.9096 -0.0280 -0.0280
17325 54.70 27.30 0.00 -3.0032 -0.2576 -0.2576
17350 54.70 27.30 0.00 -3.0032 -0.2576 -0.2576
17375 54.58 27.32 0.00 -2.4486 -0.2007 -0.2007
17400 54.58 27.32 0.00 -2.4486 -0.2007 -0.2007
17425 54.49 27.35 0.00 -2.3665 -1.2279 -1.2279
17450 54.37 27.43 0.00 -3.1514 -2.1946 -2.1946
17475 54.24 27.50 0.00 -3.3196 -2.7327 -2.7327
17500 54.24 27.50 0.00 -3.3196 -2.7327 -2.7327
17525 54.10 27.57 0.00 -3.3885 -1.2040 -1.2040
17550 54.02 27.64 0.00 -1.8588 -0.2982 -0.2982
17575 53.95 27.68 0.00 -1.3963 -0.9104 -0.9104
17600 53.95 27.68 0.00 -1.3963 -0.9104 -0.9104
17625 53.91 27.68 0.00 -0.5435 0.2253 0.2253
17650 53.89 27.65 0.00 -0.1956 -1.0007 -1.0007
17675 53.89 27.65 0.00 -0.1956 -1.0007 -1.0007
17700 53.89 27.56 0.00 -0.5441 -1.2269 -1.2269
17725 53.86 27.45 0.00 -0.5747 0.2309 0.2309
17750 53.86 27.45 0.00 -0.5747 0.2309 0.2309
17775 53.86 27.36 0.00 0.0760 1.2355 1.2355
17800 53.86 27.29 0.00 0.4171 0.5124 0.5124
17825 53.89 27.23 0.00 0.8591 -0.0041 -0.0041
17850 53.89 27.23 0.00 0.8591 -0.0041 -0.0041
17875 53.89 27.18 0.00 -0.2528 -0.9332 -0.9332
17900 53.86 27.09 0.00 -1.0395 -0.9149 -0.9149
17925 53.86 27.09 0.00 -1.0395 -0.9149 -0.9149
17950 53.82 27.00 0.00 -1.1064 -1.0630 -1.0630
17975 53.79 26.94 0.00 -0.4791 -0.2640 -0.2640
18000 53.79 26.94 0.00 -0.4791 -0.2640 -0.2640
18025 53.79 26.89 0.00 -0.1694 -1.2592 -1.2592
18050 53.79 26.85 0.00 0.3310 0.7506 0.7506
18075 53.79 26.85 0.00 0.3310 0.7506 0.7506
18100 53.81 26.85 0.00 0.1339 0.6556 0.6556
18125 53.77 26.89 0.00 -1.2920 -1.1152 -1.1152
18150 53.72 26.91 0.00 -1.3713 -1.1461 -1.1461
18175 53.72 26.91 0.00 -1.3713 -1.1461 -1.1461
18200 53.67 26.94 0.00 -1.4485 -1.7577 -1.7577
18225 53.61 26.98 0.00 -0.9802 -0.8200 -0.8200
18250 53.61 26.98 0.00 -0.9802 -0.8200 -0.8200
18275 53.58 26.98 0.00 -0.9554 -1.0655 -1.0655
18300 53.56 26.95 0.00 0.3451 0.5664 0.5664
18325 53.58 26.89 0.00 0.2889 -0.4020 -0.4020
18350 53.58 26.89 0.00 0.2889 -0.4020 -0.4020
18375 53.58 26.84 0.00 -0.4701 -0.0390 -0.0390
18400 53.54 26.78 0.00 -1.2843 1.4103 1.4103
18425 53.54 26.78 0.00 -1.2843 1.4103 1.4103
18450 53.51 26.73 0.00 0.0016 1.6497 1.6497
18475 53.54 26.73 0.00 0.8318 -0.0270 -0.0270
18500 53.54 26.73 0.00 0.8318 -0.0270 -0.0270
18525 53.56 26.69 0.00 0.2939 -0.8858 -0.8858
18550 53.54 26.67 0.00 -0.8781 -0.7599 -0.7599
18575 53.49 26.64 0.00 -1.3354 -0.0799 -0.0799
18600 53.49 26.64 0.00 -1.3354 -0.0799 -0.0799
18625 53.47 26.58 0.00 -0.1948 -0.1535 -0.1535
18650 53.47 26.55 0.00 0.5151 0.2123 0.2123
18675 53.47 26.55 0.00 0.5151 0.2123 0.2123
18700 53.49 26.48 0.00 0.2750 -0.8244 -0.8244
18725 53.51 26.39 0.00 0.7914 2.1361 2.1361
18750 53.51 26.39 0.00 0.7914 2.1361 2.1361
18775 53.53 26.35 0.00 -0.4175 0.4883 0.4883
18800 53.47 26.33 0.00 -1.5056 -1.1207 -1.1207
18825 53.47 26.33 0.00 -1.5056 -1.1207 -1.1207
18850 53.40 26.33 0.00 -1.7426 -1.2710 -1.2710
18875 53.33 26.35 0.00 -1.5537 -1.1032 -1.1032
18900 53.30 26.37 0.00 -0.9444 -0.4629 -0.4629
18925 53.30 26.37 0.00 -0.9444 -0.4629 -0.4629
18950 53.26 26.32 0.00 -0.6859 -0.4442 -0.4442
18975 53.26 26.22 0.00 0.3224 1.2889 1.2889
19000 53.26 26.22 0.00 0.3224 1.2889 1.2889
19025 53.26 26.12 0.00 0.1789 0.6447 0.6447
19050 53.26 26.03 0.00 -0.4656 0.2337 0.2337
19075 53.23 25.95 0.00 -0.7714 1.0220 1.0220
19100 53.23 25.95 0.00 -0.7714 1.0220 1.0220
19125 53.21 25.90 0.00 0.0625 0.7348 0.7348
19150 53.25 25.90 0.00 0.5194 -0.4432 -0.4432
19175 53.25 25.90 0.00 0.5194 -0.4432 -0.4432
19200 53.23 25.88 0.00 -0.5446 -1.0729 -1.0729
19225 53.18 25.86 0.00 -1.5422 -0.5989 -0.5989
19250 53.18 25.86 0.00 -1.5422 -0.5989 -0.5989
19275 53.13 25.83 0.00 -1.3634 -0.3012 -0.3012
19300 53.07 25.81 0.00 -0.9769 -0.5924 -0.5924
19325 53.07 25.81 0.00 -0.9769 -0.5924 -0.5924
19350 53.06 25.81 0.00 -0.7260 -0.1458 -0.1458
19375 53.02 25.79 0.00 -0.9872 -1.6369 -1.6369
19400 53.00 25.77 0.00 0.4285 1.3585 1.3585
19425 53.00 25.77 0.00 0.4285 1.3585 1.3585
19450 53.04 25.79 0.00 0.5038 0.2840 0.2840
19475 53.02 25.83 0.00 -0.7398 -1.5554 -1.5554
19500 53.02 25.83 0.00 -0.7398 -1.5554 -1.5554
19525 52.97 25.86 0.00 -2.2337 -1.2415 -1.2415
19550 52.86 25.90 0.00 -1.8972 -0.7575 -0.7575
19575 52.81 25.96 0.00 -0.9521 -0.6582 -0.6582
19600 52.81 25.96 0.00 -0.9521 -0.6582 -0.6582
19625 52.78 25.97 0.00 -1.0176 -0.7344 -0.7344
19650 52.74 25.94 0.00 -0.7834 0.9333 0.9333
19675 52.74 25.94 0.00 -0.7834 0.9333 0.9333
19700 52.72 25.87 0.00 -0.5292 -0.0591 -0.0591
19725 52.71 25.78 0.00 -0.5952 -0.1695 -0.1695
19750 52.71 25.78 0.00 -0.5952 -0.1695 -0.1695
19775 52.67 25.74 0.00 -0.8846 1.7502 1.7502
19800 52.65 25.70 0.00 -0.3203 0.8858 0.8858
19825 52.62 25.69 0.00 -1.2496 -0.2094 -0.2094
19850 52.62 25.69 0.00 -1.2496 -0.2094 -0.2094
19875 52.55 25.69 0.00 -1.8675 -0.6649 -0.6649
19900 52.46 25.65 0.00 -2.2179 -0.9397 -0.9397
19925 52.46 25.65 0.00 -2.2179 -0.9397 -0.9397
19950 52.32 25.60 0.00 -4.1284 0.3058 0.3058
19975 52.15 25.54 0.00 -4.0959 0.3424 0.3424
20000 52.15 25.54 0.00 -4.0959 0.3424 0.3424
20025 52.02 25.53 0.00 -2.1024 0.2948 0.2948
20050 51.97 25.54 0.00 -1.0761 -0.2026 -0.2026
20075 51.96 25.58 0.00 -0.2883 0.6786 0.6786
20100 51.96 25.58 0.00 -0.2883 0.6786 0.6786
20125 51.92 25.62 0.00 -1.1539 -1.0211 -1.0211
20150 51.87 25.65 0.00 -0.9164 1.3055 1.3055
20175 51.87 25.65 0.00 -0.9164 1.3055 1.3055
20200 51.85 25.71 0.00 -1.0490 1.8556 1.8556
20225 51.78 25.74 0.00 -2.2126 -0.5663 -0.5663
20250 51.66 25.74 0.00 -2.8277 -1.3176 -1.3176
20275 51.66 25.74 0.00 -2.8277 -1.3176 -1.3176
20300 51.57 25.71 0.00 -1.6950 -1.4403 -1.4403
20325 51.55 25.65 0.00 0.2929 -0.4542 -0.4542
20350 51.55 25.65 0.00 0.2929 -0.4542 -0.4542
20375 51.61 25.56 0.00 1.2563 0.2064 0.2064
20400 51.66 25.38 0.00 1.5733 1.2304 1.2304
20425 51.73 25.15 0.00 1.6425 1.8149 1.8149
20450 51.73 25.15 0.00 1.6425 1.8149 1.8149
20475 51.78 24.87 0.00 0.9960 1.0365 1.0365
20500 51.78 24.87 0.00 0.9960 1.0365 1.0365
20525 51.80 24.67 0.00 0.3563 1.5030 1.5030
20550 51.82 24.53 0.00 0.7109 1.9561 1.9561
20575 51.87 24.40 0.00 1.4640 1.3125 1.3125
20600 51.87 24.40 0.00 1.4640 1.3125 1.3125
20625 51.92 24.31 0.00 0.8740 0.2598 0.2598
20650 51.94 24.24 0.00 0.3227 -0.2122 -0.2122
20675 51.94 24.24 0.00 0.3227 -0.2122 -0.2122
20700 51.94 24.16 0.00 0.0091 0.3470 0.3470
20725 51.92 24.11 0.00 -0.5749 0.3738 0.3738
20750 51.92 24.05 0.00 0.0288 0.2749 0.2749
20775 51.92 24.05 0.00 0.0288 0.2749 0.2749
20800 51.92 24.00 0.00 -0.1170 0.0453 0.0453
20825 51.92 24.00 0.00 -0.1170 0.0453 0.0453
20850 51.92 23.98 0.00 0.3174 0.3863 0.3863
20875 51.92 23.96 0.00 -0.2408 0.0261 0.0261
20900 51.90 23.98 0.00 -0.5034 0.1404 0.1404
20925 51.89 23.98 0.00 -0.8337 -0.8531 -0.8531
20950 51.89 23.98 0.00 -0.8337 -0.8531 -0.8531
20975 51.83 23.98 0.00 -1.3779 -1.2933 -1.2933
21000 51.83 23.98 0.00 -1.3779 -1.2933 -1.2933
21025 51.78 23.98 0.00 -0.8857 -0.5122 -0.5122
21050 51.78 24.04 0.00 0.2415 1.6142 1.6142
21075 51.76 24.05 0.00 -0.9429 -0.8233 -0.8233
21100 51.76 24.05 0.00 -0.9429 -0.8233 -0.8233
21125 51.71 24.09 0.00 -1.9648 -1.5574 -1.5574
21150 51.59 24.09 0.00 -3.5750 -2.0803 -2.0803
21175 51.59 24.09 0.00 -3.5750 -2.0803 -2.0803
21200 51.45 24.11 0.00 -3.2253 -0.9084 -0.9084
21225 51.36 24.09 0.00 -1.5114 -0.5239 -0.5239
21250 51.36 24.09 0.00 -1.5114 -0.5239 -0.5239
21275 51.34 24.04 0.00 -0.1033 -0.5623 -0.5623
21300 51.33 23.91 0.00 -0.6890 0.8244 0.8244
21325 51.27 23.75 0.00 -1.8942 0.2540 0.2540
21350 51.27 23.75 0.00 -1.8942 0.2540 0.2540
21375 51.19 23.60 0.00 -1.8421 0.8985 0.8985
21400 51.13 23.51 0.00 -0.7296 1.4447 1.4447
21425 51.13 23.51 0.00 -0.7296 1.4447 1.4447
21450 51.13 23.44 0.00 0.4608 1.0491 1.0491
21475 51.19 23.40 0.00 1.4431 -0.2690 -0.2690
21500 51.22 23.33 0.00 0.5347 -0.6350 -0.6350
21525 51.22 23.33 0.00 0.5347 -0.6350 -0.6350
21550 51.22 23.23 0.00 -0.6031 0.1047 0.1047
21575 51.22 23.23 0.00 -0.6031 0.1047 0.1047
21600 51.19 23.13 0.00 -0.5408 0.3356 0.3356
21625 51.15 23.07 0.00 -1.2022 -0.5195 -0.5195
21650 51.08 23.03 0.00 -2.1505 -0.4443 -0.4443
21675 51.08 23.03 0.00 -2.1505 -0.4443 -0.4443
21700 50.99 23.02 0.00 -2.3287 -0.8786 -0.8786
21725 50.93 23.02 0.00 -2.1427 -0.8961 -0.8961
21750 50.93 23.02 0.00 -2.1427 -0.8961 -0.8961
21775 50.84 23.03 0.00 -2.2797 -0.6615 -0.6615
21800 50.72 23.05 0.00 -3.6483 -1.0404 -1.0404
21825 50.56 23.09 0.00 -3.9861 -1.5912 -1.5912
21850 50.56 23.09 0.00 -3.9861 -1.5912 -1.5912
21875 50.37 23.13 0.00 -5.4204 -2.9654 -2.9654
21900 50.14 23.16 0.00 -6.0587 -2.7915 -2.7915
21925 49.90 23.22 0.00 -5.6950 1.4650 1.4650
21950 49.90 23.22 0.00 -5.6950 1.4650 1.4650
21975 49.67 23.27 0.00 -5.3973 -0.6197 -0.6197
22000 49.51 23.31 0.00 -2.6458 -1.4826 -1.4826
22025 49.51 23.31 0.00 -2.6458 -1.4826 -1.4826
22050 49.48 23.35 0.00 -0.3953 -2.2916 -2.2916
22075 49.48 23.35 0.00 -0.3953 -2.2916 -2.2916
22100 49.49 23.38 0.00 0.8020 -1.1831 -1.1831
22125 49.51 23.36 0.00 0.0023 -0.7322 -0.7322
22150 49.49 23.29 0.00 -0.1295 0.5656 0.5656
22175 49.49 23.29 0.00 -0.1295 0.5656 0.5656
22200 49.53 23.16 0.00 0.9373 1.1951 1.1951
22225 49.56 23.04 0.00 0.5828 -0.1758 -0.1758
22250 49.56 23.04 0.00 0.5828 -0.1758 -0.1758
22275 49.58 22.93 0.00 0.5442 0.9676 0.9676
22300 49.60 22.85 0.00 0.6173 2.0454 2.0454
22325 49.60 22.85 0.00 0.6173 2.0454 2.0454
22350 49.63 22.80 0.00 0.7051 0.9601 0.9601
22375 49.65 22.76 0.00 0.4182 -0.9517 -0.9517
22400 49.63 22.74 0.00 -0.9739 -1.5741 -1.5741
22425 49.63 22.74 0.00 -0.9739 -1.5741 -1.5741
22450 49.56 22.74 0.00 -2.1346 -0.7393 -0.7393
22475 49.49 22.72 0.00 -1.5012 -0.7864 -0.7864
22500 49.46 22.72 0.00 -0.8476 -0.7832 -0.7832
22525 49.46 22.72 0.00 -0.8476 -0.7832 -0.7832
22550 49.42 22.72 0.00 -0.5816 -0.6726 -0.6726
22575 49.41 22.74 0.00 -0.4510 -0.1913 -0.1913
22600 49.41 22.74 0.00 -0.4510 -0.1913 -0.1913
22625 49.39 22.72 0.00 -0.4639 0.1694 0.1694
22650 49.39 22.74 0.00 0.1276 0.2156 0.2156
22675 49.39 22.74 0.00 0.1276 0.2156 0.2156
22700 49.41 22.74 0.00 0.2655 0.2101 0.2101
22725 49.41 22.74 0.00 0.2885 -0.3468 -0.3468
22750 49.41 22.74 0.00 0.2885 -0.3468 -0.3468
22775 49.42 22.74 0.00 0.5632 1.5303 1.5303
22800 49.41 22.78 0.00 -0.8474 -0.9435 -0.9435
22825 49.37 22.80 0.00 -1.0975 -1.3644 -1.3644
22850 49.37 22.80 0.00 -1.0975 -1.3644 -1.3644
22875 49.32 22.80 0.00 -1.3017 -0.3672 -0.3672
22900 49.28 22.82 0.00 -0.7495 -0.0788 -0.0788
22925 49.28 22.82 0.00 -0.7495 -0.0788 -0.0788
22950 49.27 22.80 0.00 -0.6772 -0.3262 -0.3262
22975 49.23 22.74 0.00 -0.4371 0.3241 0.3241
23000 49.21 22.65 0.00 -0.4789 0.9604 0.9604
23025 49.21 22.65 0.00 -0.4789 0.9604 0.9604
23050 49.16 22.54 0.00 -1.7753 -0.1895 -0.1895
23075 49.16 22.54 0.00 -1.7753 -0.1895 -0.1895
23100 49.09 22.45 0.00 -1.4027 0.4933 0.4933
23125 49.07 22.37 0.00 -0.0433 0.8471 0.8471
23150 49.09 22.32 0.00 0.6359 0.7977 0.7977
23175 49.09 22.32 0.00 0.6359 0.7977 0.7977
23200 49.11 22.26 0.00 0.2203 -0.3702 -0.3702
23225 49.11 22.15 0.00 -0.0112 -0.8453 -0.8453
23250 49.11 22.15 0.00 -0.0112 -0.8453 -0.8453
23275 49.09 21.95 0.00 -0.8612 -0.3062 -0.3062
23300 49.06 21.81 0.00 -0.9160 0.1516 0.1516
23325 49.06 21.81 0.00 -0.9160 0.1516 0.1516
23350 49.02 21.66 0.00 -1.1251 -0.0230 -0.0230
23375 48.99 21.62 0.00 -0.9785 -0.0135 -0.0135
23400 48.95 21.60 0.00 -0.4610 -0.5851 -0.5851
23425 48.95 21.60 0.00 -0.4610 -0.5851 -0.5851
23450 48.95 21.57 0.00 0.4612 -1.0853 -1.0853
23475 48.97 21.55 0.00 0.2330 0.2847 0.2847
23500 48.97 21.55 0.00 0.2330 0.2847 0.2847
23525 48.95 21.53 0.00 -1.0449 -0.3127 -0.3127
23550 48.94 21.47 0.00 0.0759 1.8098 1.8098
23575 48.92 21.47 0.00 -0.8633 -0.7988 -0.7988
23600 48.92 21.47 0.00 -0.8633 -0.7988 -0.7988
23625 48.85 21.45 0.00 -2.0025 -2.1245 -2.1245
23650 48.74 21.44 0.00 -2.9740 -1.5144 -1.5144
23675 48.74 21.44 0.00 -2.9740 -1.5144 -1.5144
23700 48.62 21.49 0.00 -3.2066 -1.2584 -1.2584
23725 48.52 21.55 0.00 -1.9299 -1.0545 -1.0545
23750 48.52 21.55 0.00 -1.9299 -1.0545 -1.0545
23775 48.45 21.53 0.00 -2.0362 -1.6021 -1.6021
23800 48.38 21.47 0.00 -0.9930 0.8253 0.8253
23825 48.38 21.47 0.00 -0.9930 0.8253 0.8253
23850 48.34 21.38 0.00 -1.2579 -0.2840 -0.2840
23875 48.29 21.29 0.00 -1.2059 0.3666 0.3666
23900 48.25 21.25 0.00 -1.6147 1.0368 1.0368
23925 48.25 21.25 0.00 -1.6147 1.0368 1.0368
23950 48.18 21.19 0.00 -1.2410 1.0203 1.0203
23975 48.17 21.19 0.00 -0.4309 -0.8038 -0.8038
24000 48.17 21.19 0.00 -0.4309 -0.8038 -0.8038
24025 48.13 21.18 0.00 -1.9797 -2.2136 -2.2136
24050 48.01 21.16 0.00 -2.8310 -1.2125 -1.2125
24075 47.91 21.14 0.00 -2.6027 -1.1986 -1.1986
24100 47.91 21.14 0.00 -2.6027 -1.1986 -1.1986
24125 47.82 21.08 0.00 -2.0343 -0.9499 -0.9499
24150 47.77 21.03 0.00 -1.0170 -0.6147 -0.6147
24175 47.77 21.03 0.00 -1.0170 -0.6147 -0.6147
24200 47.73 20.99 0.00 -0.5768 -0.3930 -0.3930
24225 47.73 20.93 0.00 -0.1559 -0.3684 -0.3684
24250 47.71 20.90 0.00 -0.5731 0.3135 0.3135
24275 47.71 20.90 0.00 -0.5731 0.3135 0.3135
24300 47.66 20.88 0.00 -1.6169 -0.8963 -0.8963
24325 47.61 20.82 0.00 -0.7060 1.4928 1.4928
24350 47.61 20.82 0.00 -0.7060 1.4928 1.4928
24375 47.59 20.82 0.00 -0.8105 -0.4617 -0.4617
24400 47.59 20.82 0.00 -0.8105 -0.4617 -0.4617
24425 47.54 20.82 0.00 -1.1858 -1.5080 -1.5080
24450 47.49 20.82 0.00 -1.8201 -0.9891 -0.9891
24475 47.45 20.86 0.00 0.1893 -0.0938 -0.0938
24500 47.45 20.86 0.00 0.1893 -0.0938 -0.0938
24525 47.54 20.91 0.00 3.5466 1.5280 1.5280
24550 47.66 20.99 0.00 2.5267 0.3052 0.3052
24575 47.66 20.99 0.00 2.5267 0.3052 0.3052
24600 47.71 21.01 0.00 -0.0885 1.7285 1.7285
24625 47.64 20.95 0.00 -2.1275 0.2690 0.2690
24650 47.59 20.88 0.00 -1.1629 -0.0099 -0.0099
24675 47.59 20.88 0.00 -1.1629 -0.0099 -0.0099
24700 47.56 20.84 0.00 -0.3678 1.1943 1.1943
24725 47.56 20.82 0.00 -0.1121 1.2614 1.2614
24750 47.56 20.82 0.00 -0.1121 1.2614 1.2614
24775 47.57 20.82 0.00 0.6806 0.6841 0.6841
24800 47.61 20.88 0.00 1.4116 0.5388 0.5388
24825 47.66 20.95 0.00 0.7965 0.0987 0.0987
24850 47.66 20.95 0.00 0.7965 0.0987 0.0987
24875 47.66 20.97 0.00 -0.3369 -0.4316 -0.4316
24900 47.63 20.93 0.00 -1.1632 -0.4184 -0.4184
24925 47.63 20.93 0.00 -1.1632 -0.4184 -0.4184
24950 47.57 20.86 0.00 -1.3533 -0.4292 -0.4292
24975 47.52 20.77 0.00 -1.1229 -0.2657 -0.2657
25000 47.52 20.77 0.00 -1.1229 -0.2657 -0.2657
25025 47.47 20.67 0.00 -1.2050 -0.7081 -0.7081
25050 47.38 20.58 0.00 -2.9775 -0.2977 -0.2977
25075 47.19 20.51 0.00 -5.4857 -0.5347 -0.5347
25100 47.19 20.51 0.00 -5.4857 -0.5347 -0.5347
25125 47.00 20.50 0.00 -4.0093 1.5009 1.5009
25150 46.86 20.58 0.00 -3.4946 -0.6486 -0.6486
25175 46.86 20.58 0.00 -3.4946 -0.6486 -0.6486
25200 46.74 20.63 0.00 -2.5941 -2.4055 -2.4055
25225 46.65 20.67 0.00 -1.9900 -2.0058 -2.0058
25250 46.65 20.67 0.00 -1.9900 -2.0058 -2.0058
25275 46.58 20.69 0.00 -1.5854 -1.2047 -1.2047
25300 46.53 20.65 0.00 -1.3011 -0.2408 -0.2408
25325 46.46 20.59 0.00 -1.9385 -0.7918 -0.7918
25350 46.46 20.59 0.00 -1.9385 -0.7918 -0.7918
25375 46.40 20.55 0.00 -0.4481 0.3396 0.3396
25400 46.40 20.55 0.00 -0.4481 0.3396 0.3396
25425 46.40 20.48 0.00 -0.4449 -0.5397 -0.5397
25450 46.35 20.42 0.00 -1.3352 -0.3361 -0.3361
25475 46.33 20.39 0.00 -0.1375 0.5543 0.5543
25500 46.33 20.39 0.00 -0.1375 0.5543 0.5543
25525 46.37 20.37 0.00 1.2870 0.6595 0.6595
25550 46.42 20.37 0.00 1.3953 -0.0675 -0.0675
25575 46.42 20.37 0.00 1.3953 -0.0675 -0.0675
25600 46.44 20.37 0.00 0.1040 -0.5354 -0.5354
25625 46.42 20.33 0.00 -1.0325 -0.2670 -0.2670
25650 46.42 20.33 0.00 -1.0325 -0.2670 -0.2670
25675 46.37 20.29 0.00 -1.3639 -0.4005 -0.4005
25700 46.32 20.24 0.00 -1.0352 -0.7856 -0.7856
25725 46.30 20.22 0.00 -0.0953 -0.4373 -0.4373
25750 46.30 20.22 0.00 -0.0953 -0.4373 -0.4373
25775 46.30 20.22 0.00 0.1807 -0.7056 -0.7056
25800 46.30 20.24 0.00 -0.3141 -0.7970 -0.7970
25825 46.30 20.24 0.00 -0.3141 -0.7970 -0.7970
25850 46.28 20.28 0.00 -0.9167 -0.3240 -0.3240
25875 46.21 20.31 0.00 -1.3652 -1.3661 -1.3661
25900 46.21 20.33 0.00 0.3520 1.3011 1.3011
25925 46.21 20.33 0.00 0.3520 1.3011 1.3011
25950 46.21 20.39 0.00 -0.4357 -0.8227 -0.8227
25975 46.16 20.44 0.00 -1.3532 -1.9190 -1.9190
26000 46.09 20.46 0.00 -2.6473 -1.6534 -1.6534
26025 46.09 20.46 0.00 -2.6473 -1.6534 -1.6534
26050 45.97 20.49 0.00 -2.7056 -0.9677 -0.9677
26075 45.86 20.51 0.00 -2.6910 -0.4885 -0.4885
26100 45.86 20.51 0.00 -2.6910 -0.4885 -0.4885
26125 45.77 20.49 0.00 -1.9004 -1.1191 -1.1191
26150 45.72 20.46 0.00 -0.8646 0.0520 0.0520
26175 45.72 20.46 0.00 -0.8646 0.0520 0.0520
26200 45.67 20.36 0.00 -1.2767 0.0588 0.0588
26225 45.63 20.27 0.00 -0.9709 0.9848 0.9848
26250 45.63 20.27 0.00 -0.9709 0.9848 0.9848
26275 45.60 20.18 0.00 -0.7042 1.7359 1.7359
26300 45.58 20.08 0.00 -0.3697 1.8601 1.8601
26325 45.58 20.08 0.00 -0.3697 1.8601 1.8601
26350 45.56 20.05 0.00 -0.6619 -0.2415 -0.2415
26375 45.53 19.99 0.00 -0.8407 -0.6946 -0.6946
26400 45.51 19.95 0.00 -1.0210 -0.4678 -0.4678
26425 45.51 19.95 0.00 -1.0210 -0.4678 -0.4678
26450 45.46 19.84 0.00 -1.0543 -0.7051 -0.7051
26475 45.42 19.78 0.00 -0.5125 0.0855 0.0855
26500 45.41 19.80 0.00 -0.7077 -0.5584 -0.5584
26525 45.41 19.80 0.00 -0.7077 -0.5584 -0.5584
26550 45.37 19.84 0.00 -1.3449 -0.9729 -0.9729
26575 45.37 19.84 0.00 -1.3449 -0.9729 -0.9729
26600 45.30 19.84 0.00 -1.4606 -1.0463 -1.0463
26625 45.28 19.82 0.00 0.4016 1.3171 1.3171
26650 45.27 19.84 0.00 -1.2829 -0.9711 -0.9711
26675 45.27 19.84 0.00 -1.2829 -0.9711 -0.9711
26700 45.18 19.80 0.00 -2.5726 -1.6033 -1.6033
26725 45.07 19.67 0.00 -2.6968 -0.7209 -0.7209
26750 45.07 19.67 0.00 -2.6968 -0.7209 -0.7209
26775 45.00 19.52 0.00 -1.2774 0.6624 0.6624
26800 44.97 19.35 0.00 -0.4409 0.5758 0.5758
26825 44.97 19.35 0.00 -0.4409 0.5758 0.5758
26850 44.97 19.24 0.00 -0.1634 1.1215 1.1215
26875 44.95 19.18 0.00 -0.3685 1.0092 1.0092
26900 44.93 19.13 0.00 -0.7706 -0.4277 -0.4277
26925 44.93 19.13 0.00 -0.7706 -0.4277 -0.4277
26950 44.88 19.05 0.00 -1.5096 -0.5643 -0.5643
26975 44.81 18.96 0.00 -1.4415 1.0049 1.0049
27000 44.81 18.96 0.00 -1.4415 1.0049 1.0049
27025 44.78 18.88 0.00 -0.6355 0.5139 0.5139
27050 44.76 18.84 0.00 -0.6083 -0.7285 -0.7285
27075 44.74 18.79 0.00 -0.8392 -1.1357 -1.1357
27100 44.74 18.79 0.00 -0.8392 -1.1357 -1.1357
27125 44.69 18.71 0.00 -1.1431 -0.7080 -0.7080
27150 44.65 18.62 0.00 -0.8459 0.0573 0.0573
27175 44.65 18.62 0.00 -0.8459 0.0573 0.0573
27200 44.65 18.49 0.00 0.1558 0.1833 0.1833
27225 44.65 18.34 0.00 0.0112 0.3068 0.3068
27250 44.65 18.34 0.00 0.0112 0.3068 0.3068
27275 44.64 18.24 0.00 -1.1130 -1.1694 -1.1694
27300 44.58 18.15 0.00 -0.7910 0.0322 0.0322
27325 44.57 18.07 0.00 -0.8357 1.2514 1.2514
27350 44.57 18.07 0.00 -0.8357 1.2514 1.2514
27375 44.51 18.04 0.00 -1.3644 -0.8670 -0.8670
27400 44.48 18.02 0.00 -0.6976 -1.2466 -1.2466
27425 44.48 18.02 0.00 -0.6976 -1.2466 -1.2466
27450 44.43 18.04 0.00 -1.6468 -1.6107 -1.6107
27475 44.36 18.03 0.00 -1.5944 -0.3940 -0.3940
27500 44.36 18.03 0.00 -1.5944 -0.3940 -0.3940
27525 44.30 18.01 0.00 -1.0476 -0.3962 -0.3962
27550 44.29 17.96 0.00 0.1411 0.3019 0.3019
27575 44.30 17.86 0.00 -0.2021 0.9003 0.9003
27600 44.30 17.86 0.00 -0.2021 0.9003 0.9003
27625 44.27 17.75 0.00 -1.0738 0.0914 0.0914
27650 44.22 17.68 0.00 -1.0185 0.6922 0.6922
27675 44.22 17.68 0.00 -1.0185 0.6922 0.6922
27700 44.20 17.62 0.00 -0.2707 1.3175 1.3175
27725 44.20 17.64 0.00 0.4700 0.7680 0.7680
27750 44.23 17.68 0.00 0.7188 -0.0097 -0.0097
27775 44.23 17.68 0.00 0.7188 -0.0097 -0.0097
27800 44.23 17.73 0.00 -0.3350 -0.8742 -0.8742
27825 44.23 17.73 0.00 -0.3350 -0.8742 -0.8742
27850 44.22 17.75 0.00 -0.9003 -0.7114 -0.7114
27875 44.18 17.75 0.00 -1.0634 -0.6853 -0.6853
27900 44.18 17.75 0.00 -1.0634 -0.6853 -0.6853
27925 44.15 17.71 0.00 -0.3023 0.0923 0.0923
27950 44.15 17.66 0.00 0.1182 -0.1035 -0.1035
27975 44.16 17.62 0.00 0.1310 -0.1676 -0.1676
28000 44.16 17.62 0.00 0.1310 -0.1676 -0.1676
28025 44.15 17.58 0.00 -1.0030 -1.1757 -1.1757
28050 44.09 17.54 0.00 -1.1803 -0.3742 -0.3742
28075 44.09 17.54 0.00 -1.1803 -0.3742 -0.3742
28100 44.09 17.54 0.00 0.5391 2.1680 2.1680
28125 44.08 17.52 0.00 -0.8251 -0.6797 -0.6797
28150 44.02 17.52 0.00 -1.9164 -1.5675 -1.5675
28175 44.02 17.52 0.00 -1.9164 -1.5675 -1.5675
28200 43.94 17.54 0.00 -2.2054 -1.2546 -1.2546
28225 43.88 17.59 0.00 -0.5855 0.1994 0.1994
28250 43.90 17.69 0.00 1.3182 0.2924 0.2924
28275 43.90 17.69 0.00 1.3182 0.2924 0.2924
28300 43.95 17.77 0.00 0.7168 -0.5097 -0.5097
28325 43.97 17.78 0.00 -0.0678 0.5971 0.5971
28350 43.97 17.78 0.00 -0.0678 0.5971 0.5971
28375 43.95 17.73 0.00 -0.3503 0.6456 0.6456
28400 43.94 17.67 0.00 -0.3523 1.2404 1.2404
28425 43.94 17.67 0.00 -0.3523 1.2404 1.2404
28450 43.94 17.65 0.00 -0.1316 1.7737 1.7737
28475 43.94 17.69 0.00 0.5921 1.3183 1.3183
28500 43.94 17.69 0.00 0.5921 1.3183 1.3183
28525 43.97 17.77 0.00 0.4908 -0.6676 -0.6676
28550 43.97 17.86 0.00 -0.1662 -1.4248 -1.4248
28575 43.95 17.97 0.00 -0.8762 -1.2967 -1.2967
28600 43.95 17.97 0.00 -0.8762 -1.2967 -1.2967
28625 43.90 18.05 0.00 -1.4179 -1.5087 -1.5087
28650 43.85 18.06 0.00 -0.7637 -0.9909 -0.9909
28675 43.85 18.06 0.00 -0.7637 -0.9909 -0.9909
28700 43.83 18.04 0.00 -0.8318 -1.2158 -1.2158
28725 43.80 18.01 0.00 -1.0815 -1.1535 -1.1535
28750 43.80 18.01 0.00 -1.0815 -1.1535 -1.1535
28775 43.76 17.97 0.00 -0.5015 -0.4994 -0.4994
28800 43.76 17.93 0.00 0.2071 -0.6126 -0.6126
28825 43.74 17.91 0.00 -0.9563 -2.0924 -2.0924
28850 43.74 17.91 0.00 -0.9563 -2.0924 -2.0924
28875 43.69 17.87 0.00 -1.0027 -0.0837 -0.0837
28900 43.67 17.84 0.00 -0.9794 0.3846 0.3846
28925 43.67 17.84 0.00 -0.9794 0.3846 0.3846
28950 43.60 17.87 0.00 -1.7111 -1.3336 -1.3336
28975 43.53 17.98 0.00 -1.8378 -1.0187 -1.0187
29000 43.45 18.09 0.00 -2.8426 -2.1751 -2.1751
29025 43.45 18.09 0.00 -2.8426 -2.1751 -2.1751
29050 43.31 18.24 0.00 -3.3021 -2.1636 -2.1636
29075 43.18 18.31 0.00 -3.3107 -2.3686 -2.3686
29100 43.18 18.31 0.00 -3.3107 -2.3686 -2.3686
29125 43.06 18.27 0.00 -2.0256 -0.3766 -0.3766
29150 43.04 18.12 0.00 0.4825 0.8036 0.8036
29175 43.04 18.12 0.00 0.4825 0.8036 0.8036
29200 43.02 17.96 0.00 -1.9485 -0.3428 -0.3428
29225 42.88 17.80 0.00 -4.4622 0.7164 0.7164
29250 42.88 17.80 0.00 -4.4622 0.7164 0.7164
29275 42.62 17.70 0.00 -7.4624 1.5988 1.5988
29300 42.36 17.66 0.00 -5.5954 1.5269 1.5269
29325 42.36 17.66 0.00 -5.5954 1.5269 1.5269
29350 42.20 17.66 0.00 -2.9024 -0.1161 -0.1161
29375 42.15 17.66 0.00 -1.2089 -1.0747 -1.0747
29400 42.16 17.64 0.00 1.0398 -1.0478 -1.0478
29425 42.20 17.54 0.00 0.9382 -0.1978 -0.1978
29450 42.20 17.54 0.00 0.9382 -0.1978 -0.1978
29475 42.24 17.43 0.00 0.4937 0.6494 0.6494
29500 42.24 17.30 0.00 0.1759 1.0658 1.0658
29525 42.24 17.30 0.00 0.1759 1.0658 1.0658
29550 42.25 17.19 0.00 0.4958 0.8679 0.8679
29575 42.29 17.06 0.00 0.8591 0.2924 0.2924
29600 42.29 17.06 0.00 0.8591 0.2924 0.2924
29625 42.32 16.96 0.00 1.0922 0.5217 0.5217
29650 42.36 16.85 0.00 0.7596 2.2360 2.2360
29675 42.36 16.85 0.00 0.7596 2.2360 2.2360
29700 42.34 16.77 0.00 -0.8018 0.5955 0.5955
29725 42.25 16.68 0.00 -3.5664 -1.8646 -1.8646
29750 42.25 16.68 0.00 -3.5664 -1.8646 -1.8646
29775 41.97 16.54 0.00 -9.5890 -2.9251 -2.9251
29800 41.39 16.28 0.00 -16.7592 -0.6029 -0.6029
29825 41.39 16.28 0.00 -16.7592 -0.6029 -0.6029
29850 40.76 15.94 0.00 -14.6545 3.3647 3.3647
29875 40.19 15.51 0.00 -14.1187 1.1656 1.1656
29900 39.70 15.09 0.00 -10.9540 2.1824 2.1824
29925 39.70 15.09 0.00 -10.9540 2.1824 2.1824
29950 39.33 14.72 0.00 -8.0738 0.9642 0.9642
29975 39.07 14.40 0.00 -5.4978 0.4508 0.4508
30000 38.80 14.14 0.00 -7.1806 1.0836 1.0836
30025 38.80 14.14 0.00 -7.1806 1.0836 1.0836
30050 38.48 13.92 0.00 -8.1398 2.1647 2.1647
30075 38.15 13.75 0.00 -8.7202 0.2453 0.2453
30100 38.15 13.75 0.00 -8.7202 0.2453 0.2453
30125 37.76 13.62 0.00 -10.0521 -1.0042 -1.0042
30150 37.38 13.49 0.00 -8.5593 -0.6970 -0.6970
30175 37.38 13.49 0.00 -8.5593 -0.6970 -0.6970
30200 37.08 13.40 0.00 -6.5591 -0.7728 -0.7728
30225 36.89 13.32 0.00 -4.6173 -0.4949 -0.4949
30250 36.89 13.32 0.00 -4.6173 -0.4949 -0.4949
30275 36.75 13.31 0.00 -4.6355 -0.3551 -0.3551
30300 36.55 13.29 0.00 -4.8296 0.4307 0.4307
30325 36.39 13.24 0.00 -4.2650 0.3922 0.3922
30350 36.39 13.24 0.00 -4.2650 0.3922 0.3922
30375 36.20 13.23 0.00 -4.5434 -0.2321 -0.2321
30400 36.05 13.32 0.00 -2.8433 -1.5911 -1.5911
30425 36.05 13.32 0.00 -2.8433 -1.5911 -1.5911
30450 36.00 13.49 0.00 -0.2520 0.4467 0.4467
30475 36.03 13.69 0.00 0.9308 -0.3445 -0.3445
30500 36.07 13.88 0.00 0.4880 -1.8042 -1.8042
30525 36.07 13.88 0.00 0.4880 -1.8042 -1.8042
30550 36.03 14.06 0.00 -1.3064 -1.7590 -1.7590
30575 35.98 14.17 0.00 -1.0414 -0.3575 -0.3575
30600 35.98 14.17 0.00 -1.0414 -0.3575 -0.3575
30625 35.95 14.26 0.00 -1.0483 -0.3539 -0.3539
30650 35.93 14.30 0.00 0.3067 -0.6606 -0.6606
30675 36.00 14.30 0.00 2.0093 0.1829 0.1829
30700 36.00 14.30 0.00 2.0093 0.1829 0.1829
30725 36.07 14.27 0.00 2.2510 0.8136 0.8136
30750 36.07 14.27 0.00 2.2510 0.8136 0.8136
30775 36.14 14.25 0.00 1.3998 0.5623 0.5623
30800 36.16 14.25 0.00 0.0336 1.2230 1.2230
30825 36.18 14.23 0.00 0.5759 1.0037 1.0037
30850 36.18 14.23 0.00 0.5759 1.0037 1.0037
30875 36.20 14.24 0.00 0.2892 0.0623 0.0623
30900 36.20 14.27 0.00 -0.3445 -0.2612 -0.2612
30925 36.20 14.27 0.00 -0.3445 -0.2612 -0.2612
30950 36.18 14.27 0.00 -0.7084 -0.6343 -0.6343
30975 36.14 14.25 0.00 -0.5755 -0.3018 -0.3018
31000 36.14 14.23 0.00 -0.0503 -0.4855 -0.4855
31025 36.14 14.23 0.00 -0.0503 -0.4855 -0.4855
31050 36.12 14.19 0.00 -0.4195 -0.5524 -0.5524
31075 36.12 14.16 0.00 -0.4988 0.1409 0.1409
31100 36.12 14.16 0.00 -0.4988 0.1409 0.1409
31125 36.11 14.14 0.00 -0.7376 0.5035 0.5035
31150 36.07 14.13 0.00 -0.6823 -0.3793 -0.3793
31175 36.07 14.13 0.00 -0.6823 -0.3793 -0.3793
31200 36.05 14.23 0.00 -0.5868 -1.5600 -1.5600
31225 36.00 14.36 0.00 -1.5763 -1.3462 -1.3462
31250 35.95 14.53 0.00 -0.9463 0.3479 0.3479
31275 35.95 14.53 0.00 -0.9463 0.3479 0.3479
31300 35.91 14.70 0.00 -1.0173 -1.7896 -1.7896
31325 35.87 14.84 0.00 -0.6056 -1.8774 -1.8774
31350 35.87 14.97 0.00 -0.3142 -1.0432 -1.0432
31375 35.87 14.97 0.00 -0.3142 -1.0432 -1.0432
31400 35.86 15.12 0.00 -0.0497 -0.4165 -0.4165
31425 35.86 15.28 0.00 -0.4853 -0.9738 -0.9738
31450 35.86 15.28 0.00 -0.4853 -0.9738 -0.9738
31475 35.86 15.47 0.00 1.1954 0.1822 0.1822
31500 35.93 15.68 0.00 1.6163 -0.4554 -0.4554
31525 35.93 15.68 0.00 1.6163 -0.4554 -0.4554
31550 35.96 15.91 0.00 0.5791 -0.8249 -0.8249
31575 35.96 16.28 0.00 -0.1061 0.1210 0.1210
31600 35.96 16.28 0.00 -0.1061 0.1210 0.1210
31625 35.96 16.79 0.00 0.3828 0.3098 0.3098
31650 36.02 17.47 0.00 1.3093 -0.9003 -0.9003
31675 36.09 18.25 0.00 2.4883 -1.7323 -1.7323
31700 36.09 18.25 0.00 2.4883 -1.7323 -1.7323
31725 36.20 19.05 0.00 1.9392 -2.6365 -2.6365
31750 36.21 19.65 0.00 -0.4354 -3.3872 -3.3872
31775 36.21 19.65 0.00 -0.4354 -3.3872 -3.3872
31800 36.16 20.45 0.00 -1.2115 -4.5111 -4.5111
31825 36.12 21.34 0.00 -1.0497 -5.6335 -5.6335
31850 36.07 22.36 0.00 -1.1403 -7.4315 -7.4315
31875 36.07 22.36 0.00 -1.1403 -7.4315 -7.4315
31900 36.09 23.56 0.00 1.5765 -9.6619 -9.6619
31925 36.09 23.56 0.00 1.5765 -9.6619 -9.6619
31950 36.21 24.72 0.00 3.3834 -8.9764 -8.9764
31975 36.32 25.71 0.00 2.3768 -7.7406 -7.7406
32000 36.41 26.52 0.00 1.7335 -3.2925 -3.2925
32025 36.41 26.52 0.00 1.7335 -3.2925 -3.2925
32050 36.41 27.17 0.00 -1.0065 -3.5928 -3.5928
32075 36.34 27.73 0.00 -2.3785 -4.2268 -4.2268
32100 36.34 27.73 0.00 -2.3785 -4.2268 -4.2268
32125 36.25 28.20 0.00 -1.4794 -3.6946 -3.6946
32150 36.25 28.56 0.00 1.2162 -2.6003 -2.6003
32175 36.25 28.56 0.00 1.2162 -2.6003 -2.6003
32200 36.34 28.80 0.00 2.2071 -2.1118 -2.1118
32225 36.41 28.97 0.00 1.6055 -0.7880 -0.7880
32250 36.46 29.00 0.00 1.5210 -0.4013 -0.4013
32275 36.46 29.00 0.00 1.5210 -0.4013 -0.4013
32300 36.50 28.97 0.00 -0.0750 -1.1296 -1.1296
32325 36.48 28.88 0.00 -0.6149 -0.2735 -0.2735
32350 36.48 28.88 0.00 -0.6149 -0.2735 -0.2735
32375 36.44 28.75 0.00 -0.3999 0.8658 0.8658
32400 36.46 28.61 0.00 0.3002 0.7145 0.7145
32425 36.46 28.50 0.00 -0.0633 -0.1889 -0.1889
32450 36.46 28.50 0.00 -0.0633 -0.1889 -0.1889
32475 36.41 28.41 0.00 -1.9370 -0.4623 -0.4623
32500 36.30 28.31 0.00 -2.7043 -0.2322 -0.2322
32525 36.30 28.31 0.00 -2.7043 -0.2322 -0.2322
32550 36.18 28.22 0.00 -3.3813 0.1196 0.1196
32575 36.11 27.98 0.00 -1.7175 0.3117 0.3117
32600 36.11 27.98 0.00 -1.7175 0.3117 0.3117
32625 36.05 27.91 0.00 -1.3871 0.0384 0.0384
32650 36.00 27.78 0.00 -1.3804 -0.4032 -0.4032
32675 35.91 27.60 0.00 -3.4978 1.1395 1.1395
32700 35.91 27.60 0.00 -3.4978 1.1395 1.1395
32725 35.64 27.44 0.00 -8.4781 -0.6483 -0.6483
32750 35.22 27.29 0.00 -12.0331 -1.6221 -1.6221
32775 35.22 27.29 0.00 -12.0331 -1.6221 -1.6221
32800 34.72 27.09 0.00 -12.5883 -1.4195 -1.4195
32825 34.27 26.94 0.00 -9.7321 -1.2339 -1.2339
32850 34.27 26.94 0.00 -9.7321 -1.2339 -1.2339
32875 33.96 26.82 0.00 -6.9929 -1.6951 -1.6951
32900 33.64 26.73 0.00 -9.1234 -2.0565 -2.0565
32925 33.27 26.71 0.00 -8.7613 0.2269 0.2269
32950 33.27 26.71 0.00 -8.7613 0.2269 0.2269
32975 32.96 26.66 0.00 -7.1982 -1.3238 -1.3238
33000 32.71 26.63 0.00 -5.5038 -1.5729 -1.5729
33025 32.71 26.63 0.00 -5.5038 -1.5729 -1.5729
33050 32.57 26.65 0.00 -2.5102 -0.4061 -0.4061
33075 32.49 26.66 0.00 -1.0199 -0.7507 -0.7507
33100 32.49 26.66 0.00 -1.0199 -0.7507 -0.7507
33125 32.44 26.64 0.00 -2.0312 -2.3269 -2.3269
33150 32.30 26.68 0.00 -4.6675 -2.0430 -2.0430
33175 32.30 26.68 0.00 -4.6675 -2.0430 -2.0430
33200 32.13 26.73 0.00 -3.3463 -1.5686 -1.5686
33225 32.03 26.81 0.00 -2.6739 -2.3772 -2.3772
33250 32.03 26.81 0.00 -2.6739 -2.3772 -2.3772
33275 31.92 26.96 0.00 -2.1986 -1.9827 -1.9827
33300 31.84 27.14 0.00 -1.8971 -1.7127 -1.7127
33325 31.74 27.30 0.00 -4.4337 -4.9035 -4.9035
33350 31.74 27.30 0.00 -4.4337 -4.9035 -4.9035
33375 31.48 27.62 0.00 -6.7793 -4.5292 -4.5292
33400 31.48 27.62 0.00 -6.7793 -4.5292 -4.5292
33425 31.23 28.00 0.00 -6.5396 -3.7012 -3.7012
33450 30.94 28.31 0.00 -7.2987 -3.7069 -3.7069
33475 30.62 28.54 0.00 -8.8915 -3.0196 -3.0196
33500 30.29 28.66 0.00 -7.7192 -2.4135 -2.4135
33525 30.29 28.66 0.00 -7.7192 -2.4135 -2.4135
33550 30.04 28.71 0.00 -5.0790 -2.0870 -2.0870
33575 29.78 28.70 0.00 -7.4122 -2.4650 -2.4650
33600 29.78 28.70 0.00 -7.4122 -2.4650 -2.4650
33625 29.42 28.61 0.00 -10.4371 -0.3347 -0.3347
33650 28.94 28.47 0.00 -12.8442 -0.3689 -0.3689
33675 28.43 28.34 0.00 -12.2062 -0.4016 -0.4016
33700 28.43 28.34 0.00 -12.2062 -0.4016 -0.4016
33725 27.98 28.25 0.00 -10.9078 -1.2927 -1.2927
33750 27.98 28.25 0.00 -10.9078 -1.2927 -1.2927
33775 27.56 28.24 0.00 -10.4618 -1.3459 -1.3459
33800 27.12 28.26 0.00 -11.4520 -1.3323 -1.3323
33825 26.62 28.35 0.00 -13.0499 -0.1653 -0.1653
33850 26.62 28.35 0.00 -13.0499 -0.1653 -0.1653
33875 26.08 28.61 0.00 -13.6831 1.6484 1.6484
33900 25.59 28.94 0.00 -11.3063 1.8540 1.8540
33925 25.59 28.94 0.00 -11.3063 1.8540 1.8540
33950 25.25 29.15 0.00 -5.9966 0.7228 0.7228
33975 25.14 29.25 0.00 -1.1043 -1.1530 -1.1530
34000 25.16 29.35 0.00 0.7180 -2.3673 -2.3673
34025 25.16 29.35 0.00 0.7180 -2.3673 -2.3673
34050 25.14 29.46 0.00 -0.5895 -1.3621 -1.3621
34075 25.14 29.62 0.00 0.3603 1.9605 1.9605
34100 25.14 29.62 0.00 0.3603 1.9605 1.9605
34125 25.16 29.77 0.00 -0.0823 -0.2821 -0.2821
34150 25.14 29.93 0.00 -0.6466 -1.3278 -1.3278
34175 25.07 30.19 0.00 -2.7596 -2.0395 -2.0395
34200 25.07 30.19 0.00 -2.7596 -2.0395 -2.0395
34225 24.96 30.44 0.00 -2.1543 -1.4356 -1.4356
34250 24.90 30.73 0.00 -0.9686 -0.8345 -0.8345
34275 24.90 30.73 0.00 -0.9686 -0.8345 -0.8345
34300 24.88 30.95 0.00 0.0841 -0.3361 -0.3361
34325 24.88 30.95 0.00 0.0841 -0.3361 -0.3361
34350 24.88 31.08 0.00 -0.1753 -0.3985 -0.3985
34375 24.84 31.13 0.00 -1.2974 -0.8657 -0.8657
34400 24.79 31.24 0.00 -2.1787 -0.5393 -0.5393
34425 24.79 31.24 0.00 -2.1787 -0.5393 -0.5393
34450 24.66 31.39 0.00 -3.3259 0.2831 0.2831
34475 24.51 31.49 0.00 -4.7786 0.2553 0.2553
34500 24.51 31.49 0.00 -4.7786 0.2553 0.2553
34525 24.23 31.57 0.00 -8.5717 -0.2001 -0.2001
34550 23.73 31.65 0.00 -15.3794 -1.1608 -1.1608
34575 22.96 31.68 0.00 -22.1018 -1.2537 -1.2537
34600 22.96 31.68 0.00 -22.1018 -1.2537 -1.2537
34625 22.02 31.68 0.00 -23.5876 -0.7071 -0.7071
34650 21.10 31.67 0.00 -22.6249 -0.5069 -0.5069
34675 20.26 31.64 0.00 -19.6849 0.7609 0.7609
34700 20.26 31.64 0.00 -19.6849 0.7609 0.7609
34725 19.54 31.59 0.00 -17.3699 0.0589 0.0589
34750 18.87 31.55 0.00 -16.7329 0.1353 0.1353
34775 18.87 31.55 0.00 -16.7329 0.1353 0.1353
34800 18.24 31.49 0.00 -14.9895 0.3117 0.3117
34825 18.24 31.49 0.00 -14.9895 0.3117 0.3117
34850 17.74 31.47 0.00 -10.8286 3.0712 3.0712
34875 17.39 31.49 0.00 -7.2901 1.0962 1.0962
34900 17.20 31.58 0.00 -3.4357 -0.3358 -0.3358
34925 17.20 31.58 0.00 -3.4357 -0.3358 -0.3358
34950 17.14 31.67 0.00 -1.0034 -0.2077 -0.2077
34975 17.18 31.82 0.00 2.1091 -0.8191 -0.8191
35000 17.30 31.99 0.00 2.6791 -0.5008 -0.5008
35025 17.30 31.99 0.00 2.6791 -0.5008 -0.5008
35050 17.39 32.14 0.00 1.9579 -0.1994 -0.1994
35075 17.47 32.22 0.00 2.6773 -0.1856 -0.1856
35100 17.47 32.22 0.00 2.6773 -0.1856 -0.1856
35125 17.59 32.26 0.00 2.5548 0.0468 0.0468
35150 17.66 32.34 0.00 1.4906 0.0615 0.0615
35175 17.70 32.49 0.00 0.8043 0.4592 0.4592
35200 17.70 32.49 0.00 0.8043 0.4592 0.4592
35225 17.76 32.72 0.00 1.1445 0.5615 0.5615
35250 17.78 33.00 0.00 0.0894 -0.4444 -0.4444
35275 17.78 33.00 0.00 0.0894 -0.4444 -0.4444
35300 17.72 33.27 0.00 -1.9628 -1.1435 -1.1435
35325 17.66 33.57 0.00 -1.1216 -2.3056 -2.3056
35350 17.66 33.57 0.00 -1.1216 -2.3056 -2.3056
35375 17.60 33.84 0.00 -1.6508 -2.9913 -2.9913
35400 17.49 34.12 0.00 -4.2435 -2.0710 -2.0710
35425 17.49 34.12 0.00 -4.2435 -2.0710 -2.0710
35450 17.30 34.32 0.00 -4.5924 -1.9315 -1.9315
35475 17.18 34.46 0.00 -1.9600 -3.1985 -3.1985
35500 17.14 34.57 0.00 -0.0458 -1.8483 -1.8483
35525 17.14 34.57 0.00 -0.0458 -1.8483 -1.8483
35550 17.20 34.70 0.00 1.9739 0.3650 0.3650
35575 17.20 34.70 0.00 1.9739 0.3650 0.3650
35600 17.28 34.89 0.00 1.4279 -1.0702 -1.0702
35625 17.33 35.06 0.00 2.1352 -1.8876 -1.8876
35650 17.37 35.21 0.00 -0.8458 -1.8426 -1.8426
35675 17.37 35.21 0.00 -0.8458 -1.8426 -1.8426
35700 17.28 35.28 0.00 -4.4372 -1.5687 -1.5687
35725 17.02 35.27 0.00 -7.0724 -3.5564 -3.5564
35750 16.75 35.13 0.00 -5.6314 -1.4521 -1.4521
35775 16.75 35.13 0.00 -5.6314 -1.4521 -1.4521
35800 16.64 34.96 0.00 -1.5379 -1.4937 -1.4937
35825 16.62 34.87 0.00 -0.3084 -1.6087 -1.6087
35850 16.62 34.87 0.00 -0.3084 -1.6087 -1.6087
35875 16.54 34.78 0.00 -3.4366 0.2892 0.2892
35900 16.35 34.71 0.00 -5.2636 1.5727 1.5727
35925 16.11 34.71 0.00 -6.0690 1.3323 1.3323
35950 16.11 34.71 0.00 -6.0690 1.3323 1.3323
35975 15.84 34.73 0.00 -7.1842 0.2133 0.2133
36000 15.59 34.76 0.00 -5.7663 -0.0413 -0.0413
36025 15.59 34.76 0.00 -5.7663 -0.0413 -0.0413
36050 15.43 34.76 0.00 -2.1503 -1.3996 -1.3996
36075 15.45 34.76 0.00 2.0658 -0.9284 -0.9284
36100 15.45 34.76 0.00 2.0658 -0.9284 -0.9284
36125 15.57 34.78 0.00 2.4760 -1.0153 -1.0153
36150 15.59 34.84 0.00 -0.8113 -1.2009 -1.2009
36175 15.51 34.89 0.00 -2.1649 -0.2902 -0.2902
36200 15.51 34.89 0.00 -2.1649 -0.2902 -0.2902
36225 15.49 34.95 0.00 0.5012 1.3454 1.3454
36250 15.55 35.06 0.00 1.5077 -0.5365 -0.5365
36275 15.55 35.06 0.00 1.5077 -0.5365 -0.5365
36300 15.61 35.23 0.00 1.4008 -1.4861 -1.4861
36325 15.65 35.47 0.00 0.5382 -1.1173 -1.1173
36350 15.65 35.81 0.00 -0.1104 -0.7041 -0.7041
36375 15.65 35.81 0.00 -0.1104 -0.7041 -0.7041
36400 15.65 36.24 0.00 0.5029 -0.9612 -0.9612
36425 15.66 36.63 0.00 -0.1469 -0.0914 -0.0914
36450 15.66 36.63 0.00 -0.1469 -0.0914 -0.0914
36475 15.68 36.89 0.00 0.3619 0.1733 0.1733
36500 15.68 36.98 0.00 -0.6824 -0.7227 -0.7227
36525 15.68 36.98 0.00 -0.6824 -0.7227 -0.7227
36550 15.59 37.05 0.00 -3.0660 -1.0759 -1.0759
36575 15.49 37.10 0.00 -1.7811 0.2619 0.2619
36600 15.49 37.10 0.00 -1.7811 0.2619 0.2619
36625 15.43 37.18 0.00 -1.3191 -0.0073 -0.0073
36650 15.43 37.36 0.00 0.7177 0.0550 0.0550
36675 15.43 37.36 0.00 0.7177 0.0550 0.0550
36700 15.45 37.64 0.00 0.4615 -1.5691 -1.5691
36725 15.45 37.98 0.00 -0.3898 -1.4761 -1.4761
36750 15.43 38.35 0.00 -0.0270 -1.3812 -1.3812
36775 15.43 38.35 0.00 -0.0270 -1.3812 -1.3812
36800 15.47 38.75 0.00 0.9900 -1.7004 -1.7004
36825 15.51 39.22 0.00 1.8319 -1.5120 -1.5120
36850 15.51 39.22 0.00 1.8319 -1.5120 -1.5120
36875 15.61 39.70 0.00 1.8807 -0.6041 -0.6041
36900 15.66 40.20 0.00 1.3802 -0.2917 -0.2917
36925 15.78 40.72 0.00 4.3605 3.3542 3.3542
36950 15.78 40.72 0.00 4.3605 3.3542 3.3542
36975 15.96 41.20 0.00 3.6274 0.8425 0.8425
37000 16.07 41.65 0.00 3.0086 0.4412 0.4412
37025 16.07 41.65 0.00 3.0086 0.4412 0.4412
37050 16.19 42.09 0.00 2.3976 -0.8561 -0.8561
37075 16.31 42.50 0.00 3.1770 -1.1032 -1.1032
37100 16.31 42.50 0.00 3.1770 -1.1032 -1.1032
37125 16.46 42.98 0.00 4.7030 -1.3154 -1.3154
37150 16.68 43.42 0.00 5.1928 -0.5807 -0.5807
37175 16.83 43.79 0.00 3.4099 -0.2370 -0.2370
37200 16.83 43.79 0.00 3.4099 -0.2370 -0.2370
37225 16.95 44.14 0.00 2.1126 -0.2117 -0.2117
37250 16.97 44.40 0.00 0.7573 -0.2705 -0.2705
37275 16.97 44.40 0.00 0.7573 -0.2705 -0.2705
37300 17.01 44.73 0.00 1.5856 0.4342 0.4342
37325 17.10 45.04 0.00 2.7499 -0.5262 -0.5262
37350 17.10 45.04 0.00 2.7499 -0.5262 -0.5262
37375 17.22 45.32 0.00 2.9117 -0.2735 -0.2735
37400 17.37 45.59 0.00 5.1573 -0.5124 -0.5124
37425 17.78 45.88 0.00 12.8020 -0.5877 -0.5877
37450 17.78 45.88 0.00 12.8020 -0.5877 -0.5877
37475 18.35 46.21 0.00 13.8929 -1.7367 -1.7367
37500 18.80 46.48 0.00 9.0481 -0.4098 -0.4098
37525 18.80 46.48 0.00 9.0481 -0.4098 -0.4098
37550 19.06 46.78 0.00 5.3342 0.6366 0.6366
37575 19.22 47.09 0.00 3.4672 0.7000 0.7000
37600 19.22 47.09 0.00 3.4672 0.7000 0.7000
37625 19.35 47.25 0.00 3.4106 2.1743 2.1743
37650 19.35 47.25 0.00 3.4106 2.1743 2.1743
37675 19.48 47.34 0.00 3.1453 0.5907 0.5907
37700 19.62 47.41 0.00 3.1079 2.6217 2.6217
37725 19.73 47.52 0.00 3.2412 1.8851 1.8851
37750 19.73 47.52 0.00 3.2412 1.8851 1.8851
37775 19.90 47.67 0.00 4.6615 0.7092 0.7092
37800 20.07 47.96 0.00 3.0744 0.3732 0.3732
37825 20.11 48.34 0.00 -0.0162 0.9172 0.9172
37850 20.11 48.34 0.00 -0.0162 0.9172 0.9172
37875 20.07 48.76 0.00 -1.4108 0.1175 0.1175
37900 20.04 49.07 0.00 -0.1151 0.1640 0.1640
37925 20.04 49.07 0.00 -0.1151 0.1640 0.1640
37950 20.09 49.27 0.00 2.6139 1.1445 1.1445
37975 20.25 49.47 0.00 4.0058 0.9309 0.9309
38000 20.40 49.67 0.00 3.5866 1.7808 1.7808
38025 20.40 49.67 0.00 3.5866 1.7808 1.7808
38050 20.51 49.83 0.00 4.0063 2.4301 2.4301
38075 20.68 50.12 0.00 5.2857 2.3025 2.3025
38100 20.97 50.44 0.00 7.9602 1.9517 1.9517
38125 20.97 50.44 0.00 7.9602 1.9517 1.9517
38150 21.31 50.75 0.00 8.0965 1.4509 1.4509
38175 21.31 50.75 0.00 8.0965 1.4509 1.4509
38200 21.59 51.02 0.00 6.0922 0.6700 0.6700
38225 21.78 51.16 0.00 4.0705 0.0153 0.0153
38250 21.78 51.16 0.00 4.0705 0.0153 0.0153
38275 21.87 51.19 0.00 1.6970 -0.2553 -0.2553
38300 21.99 51.19 0.00 3.6869 0.5161 0.5161
38325 22.23 51.24 0.00 7.2520 -0.0434 -0.0434
38350 22.23 51.24 0.00 7.2520 -0.0434 -0.0434
38375 22.53 51.31 0.00 7.9057 0.6482 0.6482
38400 22.83 51.40 0.00 6.8949 -0.1139 -0.1139
38425 23.09 51.50 0.00 6.4813 1.4449 1.4449
38450 23.09 51.50 0.00 6.4813 1.4449 1.4449
38475 23.35 51.57 0.00 7.1293 -0.1134 -0.1134
38500 23.67 51.65 0.00 7.6802 -1.5248 -1.5248
38525 23.67 51.65 0.00 7.6802 -1.5248 -1.5248
38550 23.93 51.72 0.00 6.0508 -0.6740 -0.6740
38575 24.14 51.83 0.00 4.6578 -0.2393 -0.2393
38600 24.14 51.83 0.00 4.6578 -0.2393 -0.2393
38625 24.34 51.95 0.00 5.8385 -0.8719 -0.8719
38650 24.62 52.02 0.00 7.5231 -0.1561 -0.1561
38675 24.62 52.02 0.00 7.5231 -0.1561 -0.1561
38700 24.97 52.03 0.00 9.3032 0.4673 0.4673
38725 25.38 52.02 0.00 10.4039 -0.1028 -0.1028
38750 25.38 52.02 0.00 10.4039 -0.1028 -0.1028
38775 25.75 52.02 0.00 8.6818 -0.0469 -0.0469
38800 26.07 52.01 0.00 7.9097 1.5032 1.5032
38825 26.32 52.05 0.00 8.6455 1.7420 1.7420
38850 26.32 52.05 0.00 8.6455 1.7420 1.7420
38875 26.69 52.17 0.00 9.2682 0.7999 0.7999
38900 27.02 52.30 0.00 7.8309 0.1858 0.1858
38925 27.02 52.30 0.00 7.8309 0.1858 0.1858
38950 27.32 52.46 0.00 7.0238 0.0440 0.0440
38975 27.57 52.60 0.00 6.1893 -0.1741 -0.1741
39000 27.81 52.72 0.00 6.1122 0.6437 0.6437
39025 27.81 52.72 0.00 6.1122 0.6437 0.6437
39050 28.07 52.86 0.00 5.9742 0.9318 0.9318
39075 28.27 53.02 0.00 5.1824 1.1835 1.1835
39100 28.27 53.02 0.00 5.1824 1.1835 1.1835
39125 28.49 53.20 0.00 4.9686 -0.5268 -0.5268
39150 28.65 53.41 0.00 4.1424 0.5751 0.5751
39175 28.65 53.41 0.00 4.1424 0.5751 0.5751
39200 28.82 53.64 0.00 3.9929 1.5478 1.5478
39225 28.98 53.91 0.00 3.8809 0.7263 0.7263
39250 28.98 53.91 0.00 3.8809 0.7263 0.7263
39275 29.15 54.14 0.00 4.4331 1.4241 1.4241
39300 29.33 54.33 0.00 4.2662 0.6981 0.6981
39325 29.51 54.53 0.00 5.0905 0.5392 0.5392
39350 29.51 54.53 0.00 5.0905 0.5392 0.5392
39375 29.76 54.68 0.00 7.2287 -0.3609 -0.3609
39400 30.09 54.82 0.00 8.9869 0.6363 0.6363
39425 30.09 54.82 0.00 8.9869 0.6363 0.6363
39450 30.45 54.87 0.00 8.9236 0.9119 0.9119
39475 30.80 54.88 0.00 7.9937 0.1617 0.1617
39500 30.80 54.88 0.00 7.9937 0.1617 0.1617
39525 31.12 54.89 0.00 9.2363 -0.1662 -0.1662
39550 31.57 54.88 0.00 11.8381 -0.5692 -0.5692
39575 32.01 54.91 0.00 9.3933 0.0192 0.0192
39600 32.01 54.91 0.00 9.3933 0.0192 0.0192
39625 32.21 54.93 0.00 6.0466 0.5325 0.5325
39650 32.35 54.98 0.00 2.2498 0.8998 0.8998
39675 32.35 54.98 0.00 2.2498 0.8998 0.8998
39700 32.42 55.05 0.00 2.0513 0.7904 0.7904
39725 32.53 55.14 0.00 3.2535 0.1577 0.1577
39750 32.69 55.21 0.00 3.8636 0.4203 0.4203
39775 32.69 55.21 0.00 3.8636 0.4203 0.4203
39800 32.85 55.27 0.00 4.8856 0.8056 0.8056
39825 33.10 55.38 0.00 6.4661 0.3180 0.3180
39850 33.10 55.38 0.00 6.4661 0.3180 0.3180
39875 33.37 55.52 0.00 6.7430 -0.2425 -0.2425
39900 33.61 55.62 0.00 5.7771 0.7435 0.7435
39925 33.61 55.62 0.00 5.7771 0.7435 0.7435
39950 33.86 55.72 0.00 6.4779 2.4160 2.4160
39975 34.09 55.81 0.00 5.5715 1.2058 1.2058
40000 34.30 55.86 0.00 5.1668 0.9044 0.9044
40025 34.30 55.86 0.00 5.1668 0.9044 0.9044
40050 34.54 55.91 0.00 5.8017 0.1429 0.1429
40075 34.75 55.94 0.00 5.6821 0.2882 0.2882
40100 34.75 55.94 0.00 5.6821 0.2882 0.2882
40125 35.00 55.97 0.00 6.2559 0.1141 0.1141
40150 35.29 55.97 0.00 7.5686 0.0529 0.0529
40175 35.59 55.93 0.00 7.9982 0.6712 0.6712
40200 35.59 55.93 0.00 7.9982 0.6712 0.6712
40225 35.93 55.87 0.00 7.9566 0.1696 0.1696
40250 36.18 55.81 0.00 7.0964 -1.1638 -1.1638
40275 36.18 55.81 0.00 7.0964 -1.1638 -1.1638
40300 36.60 55.72 0.00 11.6037 -0.1446 -0.1446
40325 37.07 55.69 0.00 11.3499 0.1175 0.1175
40350 37.07 55.69 0.00 11.3499 0.1175 0.1175
40375 37.49 55.67 0.00 9.7522 0.4982 0.4982
40400 37.76 55.65 0.00 8.5099 0.7228 0.7228
40425 37.76 55.65 0.00 8.5099 0.7228 0.7228
40450 38.09 55.55 0.00 8.5353 0.8332 0.8332
40475 38.46 55.46 0.00 9.3693 0.8174 0.8174
40500 38.80 55.44 0.00 7.6183 -0.1795 -0.1795
40525 38.80 55.44 0.00 7.6183 -0.1795 -0.1795
40550 39.07 55.38 0.00 6.4733 0.1082 0.1082
40575 39.31 55.33 0.00 5.4199 0.8149 0.8149
40600 39.31 55.33 0.00 5.4199 0.8149 0.8149
40625 39.44 55.29 0.00 2.4310 1.1601 1.1601
40650 39.54 55.23 0.00 2.6676 -0.4012 -0.4012
40675 39.54 55.23 0.00 2.6676 -0.4012 -0.4012
40700 39.68 55.22 0.00 4.1681 1.3127 1.3127
40725 39.91 55.21 0.00 6.6571 1.4355 1.4355
40750 40.23 55.19 0.00 8.5463 0.1960 0.1960
40775 40.23 55.19 0.00 8.5463 0.1960 0.1960
40800 40.56 55.10 0.00 8.8008 -0.4454 -0.4454
40825 40.97 54.94 0.00 10.5389 -2.5665 -2.5665
40850 40.97 54.94 0.00 10.5389 -2.5665 -2.5665
40875 41.32 54.81 0.00 7.5963 -0.4860 -0.4860
40900 41.51 54.67 0.00 2.8325 1.1199 1.1199
40925 41.59 54.53 0.00 1.9983 4.1920 4.1920
40950 41.59 54.53 0.00 1.9983 4.1920 4.1920
40975 41.73 54.42 0.00 4.3719 2.6758 2.6758
41000 42.01 54.36 0.00 8.5980 2.1539 2.1539
41025 42.01 54.36 0.00 8.5980 2.1539 2.1539
41050 42.43 54.34 0.00 11.2413 0.7786 0.7786
41075 42.83 54.30 0.00 9.4174 2.5607 2.5607
41100 42.83 54.30 0.00 9.4174 2.5607 2.5607
41125 43.15 54.25 0.00 7.1139 2.7212 2.7212
41150 43.36 54.21 0.00 7.2067 1.0625 1.0625
41175 43.69 54.11 0.00 8.8884 0.6334 0.6334
41200 43.69 54.11 0.00 8.8884 0.6334 0.6334
41225 44.01 53.94 0.00 6.7596 0.5343 0.5343
41250 44.22 53.79 0.00 5.1335 1.3712 1.3712
41275 44.22 53.79 0.00 5.1335 1.3712 1.3712
41300 44.43 53.66 0.00 5.4802 1.8534 1.8534
41325 44.69 53.61 0.00 7.3049 2.5951 2.5951
41350 44.69 53.61 0.00 7.3049 2.5951 2.5951
41375 45.04 53.55 0.00 9.5650 1.4096 1.4096
41400 45.49 53.50 0.00 11.8226 2.8879 2.8879
41425 45.91 53.46 0.00 8.8638 3.0293 3.0293
41450 45.91 53.46 0.00 8.8638 3.0293 3.0293
41475 46.21 53.42 0.00 6.8555 2.7367 2.7367
41500 46.51 53.37 0.00 8.2478 1.8638 1.8638
41525 46.51 53.37 0.00 8.2478 1.8638 1.8638
41550 46.84 53.30 0.00 7.7145 1.6311 1.6311
41575 47.17 53.23 0.00 8.9656 1.1808 1.1808
41600 47.17 53.23 0.00 8.9656 1.1808 1.1808
41625 47.61 53.10 0.00 11.4845 -0.0572 -0.0572
41650 48.11 52.95 0.00 13.9384 1.0922 1.0922
41675 48.53 52.80 0.00 14.0775 1.6248 1.6248
41700 48.53 52.80 0.00 14.0775 1.6248 1.6248
41725 49.09 52.61 0.00 13.5957 1.2725 1.2725
41750 49.53 52.45 0.00 8.5146 2.4203 2.4203
41775 49.53 52.45 0.00 8.5146 2.4203 2.4203
41800 49.72 52.30 0.00 2.8086 3.6991 3.6991
41825 49.77 52.21 0.00 0.8364 3.5626 3.5626
41850 49.77 52.21 0.00 0.8364 3.5626 3.5626
41875 49.83 52.10 0.00 2.0091 1.5141 1.5141
41900 49.95 51.98 0.00 3.6338 1.2080 1.2080
41925 50.07 51.84 0.00 2.6951 0.4415 0.4415
41950 50.07 51.84 0.00 2.6951 0.4415 0.4415
