%#        Time[ms]        X[pixel],        Y[pixel],        Z[pixel],  dX/dt[pixel/s],  dY/dt[pixel/s],  dZ/dt[pixel/s] 
0 50.00 50.00 0.00 1.8560 -0.1942 -0.1942
25 50.03 50.16 0.00 0.7704 -1.4779 -1.4779
50 50.05 50.26 0.00 -0.1052 -0.7989 -0.7989
75 50.00 50.28 0.00 -1.8333 0.0247 0.0247
100 50.00 50.28 0.00 -1.8333 0.0247 0.0247
125 49.95 50.21 0.00 -0.5964 2.4614 2.4614
150 49.95 50.16 0.00 0.0750 0.6691 0.6691
175 49.95 50.16 0.00 0.0750 0.6691 0.6691
200 49.95 50.11 0.00 -0.5349 -0.1190 -0.1190
225 49.90 50.09 0.00 -1.7460 -0.7656 -0.7656
250 49.90 50.09 0.00 -1.7460 -0.7656 -0.7656
275 49.83 50.16 0.00 -1.2984 -0.6246 -0.6246
300 49.81 50.18 0.00 -0.0298 -1.1613 -1.1613
325 49.77 50.16 0.00 -1.1561 -0.3023 -0.3023
350 49.77 50.16 0.00 -1.1561 -0.3023 -0.3023
375 49.74 50.09 0.00 -1.0341 0.6926 0.6926
400 49.70 49.97 0.00 -0.7177 0.0139 0.0139
425 49.70 49.97 0.00 -0.7177 0.0139 0.0139
450 49.62 49.82 0.00 -3.4132 1.3727 1.3727
475 49.42 49.62 0.00 -5.2662 2.0356 2.0356
500 49.20 49.53 0.00 -5.7648 1.2586 1.2586
525 49.20 49.53 0.00 -5.7648 1.2586 1.2586
550 48.97 49.56 0.00 -5.8403 -1.1195 -1.1195
575 48.71 49.60 0.00 -6.6082 -2.0277 -2.0277
600 48.71 49.60 0.00 -6.6082 -2.0277 -2.0277
625 48.43 49.58 0.00 -7.5698 -0.3551 -0.3551
650 48.10 49.55 0.00 -8.6587 -1.0594 -1.0594
675 48.10 49.55 0.00 -8.6587 -1.0594 -1.0594
700 47.85 49.46 0.00 -6.9173 0.0857 0.0857
725 47.66 49.35 0.00 -4.2967 -1.5944 -1.5944
750 47.66 49.35 0.00 -4.2967 -1.5944 -1.5944
775 47.50 49.30 0.00 -3.6996 -2.4814 -2.4814
800 47.38 49.20 0.00 -3.1331 -1.3699 -1.3699
825 47.21 49.09 0.00 -5.5092 -0.9626 -0.9626
850 47.21 49.09 0.00 -5.5092 -0.9626 -0.9626
875 46.89 48.97 0.00 -9.5431 -0.3927 -0.3927
900 46.42 48.74 0.00 -12.7543 -0.1463 -0.1463
925 46.42 48.74 0.00 -12.7543 -0.1463 -0.1463
950 45.91 48.50 0.00 -12.6402 0.6454 0.6454
975 45.41 48.36 0.00 -12.3402 0.3291 0.3291
1000 44.79 48.24 0.00 -19.6400 -0.7393 -0.7393
1025 44.79 48.24 0.00 -19.6400 -0.7393 -0.7393
1050 43.90 48.01 0.00 -21.8468 4.7703 4.7703
1075 43.15 47.82 0.00 -17.1461 3.0172 3.0172
1100 43.15 47.82 0.00 -17.1461 3.0172 3.0172
1125 42.45 47.70 0.00 -18.2518 1.6463 1.6463
1150 41.73 47.60 0.00 -16.9356 3.5890 3.5890
1175 41.18 47.55 0.00 -10.9643 1.6590 1.6590
1200 41.18 47.55 0.00 -10.9643 1.6590 1.6590
1225 40.78 47.51 0.00 -10.7107 -0.2527 -0.2527
1250 40.39 47.53 0.00 -8.6285 1.6107 1.6107
1275 40.39 47.53 0.00 -8.6285 1.6107 1.6107
1300 40.14 47.53 0.00 -4.2237 0.3257 0.3257
1325 40.04 47.48 0.00 -1.5561 1.9465 1.9465
1350 40.04 47.48 0.00 -1.5561 1.9465 1.9465
1375 39.98 47.39 0.00 -1.8584 1.3890 1.3890
1400 39.95 47.30 0.00 -0.8619 -0.2230 -0.2230
1425 39.95 47.30 0.00 -0.8619 -0.2230 -0.2230
1450 39.82 47.22 0.00 -4.1972 -0.0790 -0.0790
1475 39.63 47.20 0.00 -5.1868 0.2254 0.2254
1500 39.45 47.22 0.00 -6.4665 0.1476 0.1476
1525 39.45 47.22 0.00 -6.4665 0.1476 0.1476
1550 39.17 47.17 0.00 -6.5315 2.1237 2.1237
1575 38.96 47.03 0.00 -5.2281 2.2828 2.2828
1600 38.96 47.03 0.00 -5.2281 2.2828 2.2828
1625 38.75 46.73 0.00 -5.2995 2.5137 2.5137
1650 38.55 46.39 0.00 -4.4288 1.3617 1.3617
1675 38.36 46.15 0.00 -5.1072 1.8230 1.8230
1700 38.36 46.15 0.00 -5.1072 1.8230 1.8230
1725 38.15 46.03 0.00 -5.2497 2.2990 2.2990
1750 38.00 45.99 0.00 -2.6714 1.3274 1.3274
1775 38.00 45.99 0.00 -2.6714 1.3274 1.3274
1800 37.88 45.94 0.00 -3.0925 -0.0335 -0.0335
1825 37.77 45.85 0.00 -2.8768 1.2101 1.2101
1850 37.77 45.85 0.00 -2.8768 1.2101 1.2101
1875 37.58 45.69 0.00 -5.9144 1.6905 1.6905
1900 37.33 45.57 0.00 -6.6511 1.2303 1.2303
1925 36.94 45.41 0.00 -11.9297 0.6188 0.6188
1950 36.94 45.41 0.00 -11.9297 0.6188 0.6188
1975 36.46 45.29 0.00 -11.3245 1.0364 1.0364
2000 36.09 45.27 0.00 -8.6523 -0.0241 -0.0241
2025 36.09 45.27 0.00 -8.6523 -0.0241 -0.0241
2050 35.77 45.27 0.00 -7.4513 -0.0184 -0.0184
2075 35.50 45.26 0.00 -6.1596 1.2270 1.2270
2100 35.50 45.26 0.00 -6.1596 1.2270 1.2270
2125 35.18 45.19 0.00 -9.8535 -0.4724 -0.4724
2150 34.64 45.06 0.00 -16.6377 2.6711 2.6711
2175 34.64 45.06 0.00 -16.6377 2.6711 2.6711
2200 33.70 44.90 0.00 -25.5580 5.2311 5.2311
2225 32.78 44.71 0.00 -21.0993 3.2989 3.2989
2250 32.26 44.55 0.00 -16.3770 1.9613 1.9613
2275 32.26 44.55 0.00 -16.3770 1.9613 1.9613
2300 31.74 44.39 0.00 -10.1815 3.1894 3.1894
2325 31.50 44.23 0.00 -3.1031 1.5624 1.5624
2350 31.50 44.23 0.00 -3.1031 1.5624 1.5624
2375 31.45 44.00 0.00 -0.7306 -0.7506 -0.7506
2400 31.43 43.70 0.00 0.1482 2.0874 2.0874
2425 31.43 43.70 0.00 0.1482 2.0874 2.0874
2450 31.45 43.31 0.00 -0.3609 1.5486 1.5486
2475 31.34 42.78 0.00 -3.2580 1.6411 1.6411
2500 31.27 42.26 0.00 -1.5630 1.7495 1.7495
2525 31.27 42.26 0.00 -1.5630 1.7495 1.7495
2550 31.21 41.67 0.00 -0.6825 2.4939 2.4939
2575 31.27 41.23 0.00 3.0387 2.5746 2.5746
2600 31.27 41.23 0.00 3.0387 2.5746 2.5746
2625 31.41 40.87 0.00 3.4769 1.4903 1.4903
2650 31.54 40.57 0.00 3.1160 1.2943 1.2943
2675 31.61 40.31 0.00 0.6400 0.8588 0.8588
2700 31.61 40.31 0.00 0.6400 0.8588 0.8588
2725 31.59 40.13 0.00 -1.0805 0.2095 0.2095
2750 31.56 40.06 0.00 -0.3618 0.5382 0.5382
2775 31.56 40.06 0.00 -0.3618 0.5382 0.5382
2800 31.57 39.99 0.00 0.9528 0.6171 0.6171
2825 31.65 39.92 0.00 2.3159 0.6599 0.6599
2850 31.65 39.92 0.00 2.3159 0.6599 0.6599
2875 31.75 39.86 0.00 2.5385 0.6211 0.6211
2900 31.86 39.86 0.00 2.6125 -0.0632 -0.0632
2925 31.94 39.85 0.00 0.7478 1.0069 1.0069
2950 31.94 39.85 0.00 0.7478 1.0069 1.0069
2975 31.90 39.79 0.00 -1.2843 0.4493 0.4493
3000 31.88 39.78 0.00 0.4865 2.5465 2.5465
3025 31.88 39.78 0.00 0.4865 2.5465 2.5465
3050 31.88 39.79 0.00 -0.9157 0.4717 0.4717
3075 31.77 39.81 0.00 -3.1443 -0.4877 -0.4877
3100 31.77 39.81 0.00 -3.1443 -0.4877 -0.4877
3125 31.63 39.79 0.00 -4.6315 -1.4202 -1.4202
3150 31.38 39.68 0.00 -6.8274 -0.9456 -0.9456
3175 31.10 39.59 0.00 -7.0628 -0.3856 -0.3856
3200 31.10 39.59 0.00 -7.0628 -0.3856 -0.3856
3225 30.78 39.46 0.00 -8.6617 -0.6180 -0.6180
3250 30.36 39.28 0.00 -10.9240 1.4555 1.4555
3275 30.36 39.28 0.00 -10.9240 1.4555 1.4555
3300 29.98 39.03 0.00 -8.8004 1.8551 1.8551
3325 29.69 38.79 0.00 -5.7031 0.9236 0.9236
3350 29.58 38.56 0.00 -0.6156 2.3376 2.3376
3375 29.58 38.56 0.00 -0.6156 2.3376 2.3376
3400 29.62 38.26 0.00 1.2621 2.5834 2.5834
3425 29.65 38.01 0.00 0.9969 1.9808 1.9808
3450 29.65 38.01 0.00 0.9969 1.9808 1.9808
3475 29.71 37.77 0.00 1.1018 1.2321 1.2321
3500 29.75 37.51 0.00 1.2313 1.2090 1.2090
3525 29.75 37.51 0.00 1.2313 1.2090 1.2090
3550 29.84 37.26 0.00 2.3179 1.0280 1.0280
3575 29.93 37.10 0.00 2.7917 0.9074 0.9074
3600 29.93 37.10 0.00 2.7917 0.9074 0.9074
3625 30.04 36.99 0.00 2.1869 1.4030 1.4030
3650 30.11 36.92 0.00 1.9358 1.9255 1.9255
3675 30.11 36.92 0.00 1.9358 1.9255 1.9255
3700 30.20 36.87 0.00 2.3871 1.2864 1.2864
3725 30.29 36.87 0.00 1.9649 1.5558 1.5558
3750 30.34 36.85 0.00 1.4553 0.8726 0.8726
3775 30.34 36.85 0.00 1.4553 0.8726 0.8726
3800 30.42 36.93 0.00 1.5337 -0.9058 -0.9058
3825 30.45 36.94 0.00 1.8129 -0.5310 -0.5310
3850 30.45 36.94 0.00 1.8129 -0.5310 -0.5310
3875 30.63 36.95 0.00 5.3730 1.2904 1.2904
3900 30.80 36.91 0.00 3.3454 1.0859 1.0859
3925 30.80 36.91 0.00 3.3454 1.0859 1.0859
3950 30.91 36.91 0.00 2.5436 1.2048 1.2048
3975 31.00 36.95 0.00 1.9867 0.1170 0.1170
4000 31.00 36.95 0.00 1.9867 0.1170 0.1170
4025 31.09 36.97 0.00 2.7639 -0.0646 -0.0646
4050 31.27 37.01 0.00 5.3124 -0.9946 -0.9946
4075 31.48 36.99 0.00 6.1812 -0.3330 -0.3330
4100 31.48 36.99 0.00 6.1812 -0.3330 -0.3330
4125 31.84 36.96 0.00 10.9271 0.8412 0.8412
4150 32.40 37.01 0.00 15.2533 -0.1969 -0.1969
4175 32.40 37.01 0.00 15.2533 -0.1969 -0.1969
4200 32.98 37.14 0.00 13.2065 -1.4463 -1.4463
4225 33.37 37.21 0.00 7.9091 0.4510 0.4510
4250 33.37 37.21 0.00 7.9091 0.4510 0.4510
4275 33.57 37.27 0.00 3.4497 1.6615 1.6615
4300 33.59 37.27 0.00 -1.4475 3.4645 3.4645
4325 33.55 37.18 0.00 -0.1986 2.7637 2.7637
4350 33.55 37.18 0.00 -0.1986 2.7637 2.7637
4375 33.62 37.07 0.00 3.3871 1.0097 1.0097
4400 33.80 36.84 0.00 5.1704 0.1015 0.1015
4425 33.80 36.84 0.00 5.1704 0.1015 0.1015
4450 34.00 36.42 0.00 4.5883 0.1931 0.1931
4475 34.20 36.17 0.00 5.3090 0.1572 0.1572
4500 34.20 36.17 0.00 5.3090 0.1572 0.1572
4525 34.34 36.03 0.00 4.4034 0.3597 0.3597
4550 34.48 35.96 0.00 3.1729 0.1820 0.1820
4575 34.64 35.91 0.00 4.2797 -0.1981 -0.1981
4600 34.64 35.91 0.00 4.2797 -0.1981 -0.1981
4625 34.81 35.88 0.00 3.7666 -0.3705 -0.3705
4650 34.95 35.93 0.00 3.6149 -1.1490 -1.1490
4675 34.95 35.93 0.00 3.6149 -1.1490 -1.1490
4700 35.11 35.97 0.00 4.3329 0.8432 0.8432
4725 35.25 35.99 0.00 3.3275 2.8045 2.8045
4750 35.39 36.01 0.00 3.7097 1.6832 1.6832
4775 35.39 36.01 0.00 3.7097 1.6832 1.6832
4800 35.55 35.94 0.00 3.5286 0.8294 0.8294
4825 35.55 35.94 0.00 3.5286 0.8294 0.8294
4850 35.66 36.00 0.00 2.3619 0.4384 0.4384
4875 35.73 36.09 0.00 1.2473 0.3442 0.3442
4900 35.75 36.07 0.00 0.3789 -0.4855 -0.4855
4925 35.75 36.07 0.00 0.3789 -0.4855 -0.4855
4950 35.79 36.00 0.00 1.0303 1.1754 1.1754
4975 35.84 35.84 0.00 1.6792 0.9075 0.9075
5000 35.84 35.84 0.00 1.6792 0.9075 0.9075
5025 35.91 35.73 0.00 1.8823 0.1148 0.1148
5050 36.02 35.70 0.00 3.1635 1.2089 1.2089
5075 36.02 35.70 0.00 3.1635 1.2089 1.2089
5100 36.16 35.72 0.00 4.2591 2.8561 2.8561
5125 36.37 35.81 0.00 6.0976 2.9758 2.9758
5150 36.64 35.90 0.00 6.4643 2.0893 2.0893
5175 36.64 35.90 0.00 6.4643 2.0893 2.0893
5200 36.91 35.94 0.00 6.8411 1.9473 1.9473
5225 37.14 35.98 0.00 5.1679 0.8151 0.8151
5250 37.14 35.98 0.00 5.1679 0.8151 0.8151
5275 37.26 36.01 0.00 1.7233 0.7514 0.7514
5300 37.28 35.98 0.00 -0.2696 1.6398 1.6398
5325 37.31 36.00 0.00 2.3650 1.7070 1.7070
5350 37.31 36.00 0.00 2.3650 1.7070 1.7070
5375 37.44 36.05 0.00 4.3185 0.8197 0.8197
5400 37.44 36.05 0.00 4.3185 0.8197 0.8197
5425 37.63 36.11 0.00 5.7387 2.1723 2.1723
5450 37.93 36.16 0.00 8.0551 2.7472 2.7472
5475 38.20 36.22 0.00 5.7041 0.9015 0.9015
5500 38.45 36.24 0.00 6.2922 0.0226 0.0226
5525 38.45 36.24 0.00 6.2922 0.0226 0.0226
5550 38.73 36.26 0.00 7.6973 -0.6015 -0.6015
5575 39.07 36.32 0.00 9.0625 0.3975 0.3975
5600 39.07 36.32 0.00 9.0625 0.3975 0.3975
5625 39.45 36.37 0.00 10.0362 0.2209 0.2209
5650 39.93 36.36 0.00 13.4304 2.0311 2.0311
5675 39.93 36.36 0.00 13.4304 2.0311 2.0311
5700 40.51 36.34 0.00 14.2676 2.4379 2.4379
5725 41.00 36.37 0.00 10.6406 1.4512 1.4512
5750 41.00 36.37 0.00 10.6406 1.4512 1.4512
5775 41.32 36.35 0.00 6.1207 1.8047 1.8047
5800 41.55 36.40 0.00 6.7061 2.8304 2.8304
5825 41.92 36.53 0.00 9.9879 2.3363 2.3363
5850 41.92 36.53 0.00 9.9879 2.3363 2.3363
5875 42.36 36.64 0.00 11.4765 3.0347 3.0347
5900 42.83 36.73 0.00 11.9096 2.5056 2.5056
5925 42.83 36.73 0.00 11.9096 2.5056 2.5056
5950 43.25 36.84 0.00 9.9474 2.2736 2.2736
5975 43.62 37.02 0.00 9.0681 0.7529 0.7529
6000 43.62 37.02 0.00 9.0681 0.7529 0.7529
6025 43.99 37.25 0.00 9.6944 -0.4550 -0.4550
6050 44.44 37.58 0.00 11.5630 -0.5472 -0.5472
6075 44.88 37.90 0.00 10.5934 2.5357 2.5357
6100 44.88 37.90 0.00 10.5934 2.5357 2.5357
6125 45.28 38.23 0.00 10.3625 2.9510 2.9510
6150 45.83 38.62 0.00 16.4791 2.9825 2.9825
6175 45.83 38.62 0.00 16.4791 2.9825 2.9825
6200 46.39 38.94 0.00 18.9722 2.2292 2.2292
6225 47.08 39.34 0.00 15.6790 2.4325 2.4325
6250 47.63 39.67 0.00 12.8852 2.7096 2.7096
6275 47.63 39.67 0.00 12.8852 2.7096 2.7096
6300 48.10 39.95 0.00 10.6319 1.7212 1.7212
6325 48.46 40.25 0.00 9.2725 2.3500 2.3500
6350 48.46 40.25 0.00 9.2725 2.3500 2.3500
6375 48.85 40.44 0.00 9.0144 1.4737 1.4737
6400 49.18 40.53 0.00 8.4028 3.4953 3.4953
6425 49.18 40.53 0.00 8.4028 3.4953 3.4953
6450 49.58 40.59 0.00 11.0823 3.4391 3.4391
6475 50.05 40.62 0.00 12.0747 2.1357 2.1357
6500 50.51 40.65 0.00 10.6553 4.3657 4.3657
6525 50.51 40.65 0.00 10.6553 4.3657 4.3657
6550 50.91 40.72 0.00 9.8984 4.7186 4.7186
6575 51.31 40.81 0.00 10.0702 4.7993 4.7993
6600 51.31 40.81 0.00 10.0702 4.7993 4.7993
6625 51.76 40.95 0.00 12.4142 3.0890 3.0890
6650 52.29 41.13 0.00 14.0789 0.8273 0.8273
6675 52.83 41.30 0.00 12.8564 1.1078 1.1078
6700 52.83 41.30 0.00 12.8564 1.1078 1.1078
6725 53.33 41.47 0.00 11.9466 1.5965 1.5965
6750 53.33 41.47 0.00 11.9466 1.5965 1.5965
6775 53.84 41.68 0.00 13.9044 1.8837 1.8837
6800 54.49 42.02 0.00 17.1523 1.4798 1.4798
6825 55.15 42.38 0.00 16.2775 -0.6568 -0.6568
6850 55.15 42.38 0.00 16.2775 -0.6568 -0.6568
6875 55.75 42.66 0.00 13.8470 -0.3707 -0.3707
6900 56.20 42.94 0.00 10.4559 -0.4262 -0.4262
6925 56.20 42.94 0.00 10.4559 -0.4262 -0.4262
6950 56.50 43.18 0.00 9.7529 -0.6951 -0.6951
6975 56.87 43.46 0.00 8.4894 -0.3799 -0.3799
7000 57.22 43.73 0.00 9.2346 1.8989 1.8989
7025 57.22 43.73 0.00 9.2346 1.8989 1.8989
7050 57.66 43.95 0.00 11.4370 -0.1433 -0.1433
7075 58.13 44.15 0.00 11.9838 -0.6995 -0.6995
7100 58.13 44.15 0.00 11.9838 -0.6995 -0.6995
7125 58.54 44.32 0.00 8.9232 -0.0733 -0.0733
7150 58.87 44.51 0.00 8.3573 1.2612 1.2612
7175 58.87 44.51 0.00 8.3573 1.2612 1.2612
7200 59.24 44.74 0.00 10.6614 0.5689 0.5689
7225 59.72 44.97 0.00 12.8298 0.9825 0.9825
7250 59.72 44.97 0.00 12.8298 0.9825 0.9825
7275 60.26 45.22 0.00 14.2988 1.2726 1.2726
7300 60.90 45.46 0.00 17.0792 0.1143 0.1143
7325 60.90 45.46 0.00 17.0792 0.1143 0.1143
7350 61.61 45.71 0.00 18.4515 0.5161 0.5161
7375 62.40 46.03 0.00 20.7316 3.0647 3.0647
7400 63.24 46.38 0.00 20.7881 2.6436 2.6436
7425 63.24 46.38 0.00 20.7881 2.6436 2.6436
7450 64.02 46.72 0.00 17.8232 3.0734 3.0734
7475 64.62 47.02 0.00 13.6216 3.9167 3.9167
7500 64.62 47.02 0.00 13.6216 3.9167 3.9167
7525 65.11 47.29 0.00 11.3347 3.6751 3.6751
7550 65.53 47.61 0.00 9.6919 1.9340 1.9340
7575 65.82 47.87 0.00 6.0653 1.7819 1.7819
7600 65.82 47.87 0.00 6.0653 1.7819 1.7819
7625 66.02 48.12 0.00 4.7919 1.9932 1.9932
7650 66.23 48.41 0.00 5.5778 2.4258 2.4258
7675 66.23 48.41 0.00 5.5778 2.4258 2.4258
7700 66.47 48.71 0.00 6.5645 2.5118 2.5118
7725 66.68 48.96 0.00 6.9668 1.5972 1.5972
7750 66.68 48.96 0.00 6.9668 1.5972 1.5972
7775 67.06 49.39 0.00 11.2090 0.9877 0.9877
7800 67.52 49.89 0.00 11.6790 0.7882 0.7882
7825 67.52 49.89 0.00 11.6790 0.7882 0.7882
7850 67.99 50.39 0.00 11.9229 3.0582 3.0582
7875 68.57 50.91 0.00 17.1318 2.8568 2.8568
7900 69.44 51.41 0.00 23.4901 4.5204 4.5204
7925 69.44 51.41 0.00 23.4901 4.5204 4.5204
7950 70.42 51.85 0.00 24.1012 6.2479 6.2479
7975 71.35 52.26 0.00 22.8823 5.5930 5.5930
8000 71.35 52.26 0.00 22.8823 5.5930 5.5930
8025 72.17 52.67 0.00 18.9058 4.7962 4.7962
8050 72.85 53.08 0.00 15.3205 6.4687 6.4687
8075 73.38 53.52 0.00 11.9140 6.5375 6.5375
8100 73.38 53.52 0.00 11.9140 6.5375 6.5375
8125 73.77 53.85 0.00 8.6777 4.0493 4.0493
8150 73.77 53.85 0.00 8.6777 4.0493 4.0493
8175 74.04 54.11 0.00 5.4119 3.6359 3.6359
8200 74.34 54.39 0.00 9.8231 3.2913 3.2913
8225 74.82 54.71 0.00 13.1464 4.8922 4.8922
8250 74.82 54.71 0.00 13.1464 4.8922 4.8922
8275 75.38 55.07 0.00 14.5730 5.8545 5.8545
8300 75.97 55.50 0.00 14.4673 4.2633 4.2633
8325 76.61 55.92 0.00 16.5693 3.3417 3.3417
8350 76.61 55.92 0.00 16.5693 3.3417 3.3417
8375 77.26 56.31 0.00 16.6229 4.0027 4.0027
8400 78.00 56.62 0.00 19.3508 3.8244 3.8244
8425 78.00 56.62 0.00 19.3508 3.8244 3.8244
8450 78.56 56.85 0.00 18.3585 2.9430 2.9430
8475 79.26 57.13 0.00 17.7665 2.9040 2.9040
8500 79.26 57.13 0.00 17.7665 2.9040 2.9040
8525 80.13 57.40 0.00 24.1229 3.2215 3.2215
8550 81.05 57.75 0.00 21.3932 4.5772 4.5772
8575 81.74 58.07 0.00 13.8962 5.8411 5.8411
8600 81.74 58.07 0.00 13.8962 5.8411 5.8411
8625 82.22 58.33 0.00 11.6402 6.4786 6.4786
8650 82.76 58.69 0.00 14.8514 7.5271 7.5271
8675 82.76 58.69 0.00 14.8514 7.5271 7.5271
8700 83.34 59.13 0.00 14.2974 4.7907 4.7907
8725 84.00 59.53 0.00 17.4640 3.1401 3.1401
8750 84.65 60.02 0.00 14.4336 0.5832 0.5832
8775 84.65 60.02 0.00 14.4336 0.5832 0.5832
8800 85.06 60.64 0.00 8.6990 -2.3634 -2.3634
8825 85.37 61.36 0.00 7.2665 -6.0339 -6.0339
8850 85.37 61.36 0.00 7.2665 -6.0339 -6.0339
8875 85.67 62.12 0.00 7.7973 -6.5029 -6.5029
8900 85.92 62.76 0.00 5.6756 -4.0230 -4.0230
8925 85.92 62.76 0.00 5.6756 -4.0230 -4.0230
8950 86.16 63.23 0.00 5.6086 -1.1553 -1.1553
8975 86.38 63.65 0.00 5.3504 -0.0118 -0.0118
9000 86.71 64.15 0.00 10.6355 -0.4672 -0.4672
9025 86.71 64.15 0.00 10.6355 -0.4672 -0.4672
9050 87.11 64.71 0.00 9.3399 -2.1047 -2.1047
9075 87.11 64.71 0.00 9.3399 -2.1047 -2.1047
9100 87.49 65.42 0.00 9.5418 -4.1981 -4.1981
9125 87.93 66.09 0.00 11.8559 -7.2517 -7.2517
9150 88.31 66.74 0.00 6.8823 -4.2359 -4.2359
9175 88.31 66.74 0.00 6.8823 -4.2359 -4.2359
9200 88.41 67.06 0.00 0.0290 0.1577 0.1577
9225 88.57 67.19 0.00 10.3591 0.3263 0.3263
9250 88.57 67.19 0.00 10.3591 0.3263 0.3263
9275 89.35 67.36 0.00 23.1041 2.3457 2.3457
9300 90.10 67.60 0.00 25.2323 5.1804 5.1804
9325 91.07 68.09 0.00 23.7504 6.4649 6.4649
9350 91.07 68.09 0.00 23.7504 6.4649 6.4649
9375 91.91 68.64 0.00 18.6418 5.2834 5.2834
9400 92.49 68.99 0.00 12.7572 6.2716 6.2716
9425 92.49 68.99 0.00 12.7572 6.2716 6.2716
9450 92.94 69.15 0.00 9.7565 6.8641 6.8641
9475 93.19 69.11 0.00 3.6595 2.8727 2.8727
9500 93.19 69.11 0.00 3.6595 2.8727 2.8727
9525 93.17 68.71 0.00 -2.9394 1.1408 1.1408
9550 92.90 68.07 0.00 -8.9769 1.5183 1.5183
9575 92.49 67.36 0.00 -10.5621 1.4405 1.4405
9600 92.49 67.36 0.00 -10.5621 1.4405 1.4405
9625 92.08 66.69 0.00 -9.8495 0.0934 0.0934
9650 91.73 66.10 0.00 -7.9269 0.5437 0.5437
9675 91.73 66.10 0.00 -7.9269 0.5437 0.5437
9700 91.20 65.55 0.00 -18.2777 1.3430 1.3430
9725 90.32 64.95 0.00 -23.0987 1.0724 1.0724
9750 90.32 64.95 0.00 -23.0987 1.0724 1.0724
9775 89.43 64.35 0.00 -21.9614 0.7311 0.7311
9800 88.65 63.83 0.00 -18.1421 0.9491 0.9491
9825 88.07 63.56 0.00 -12.2196 -0.4547 -0.4547
9850 88.07 63.56 0.00 -12.2196 -0.4547 -0.4547
9875 87.65 63.38 0.00 -10.2510 -2.8864 -2.8864
9900 87.29 63.26 0.00 -7.2217 -3.4058 -3.4058
9925 87.29 63.26 0.00 -7.2217 -3.4058 -3.4058
9950 87.13 63.18 0.00 -2.1822 -3.0902 -3.0902
9975 87.09 63.15 0.00 -0.3848 -1.8912 -1.8912
10000 87.15 63.20 0.00 3.0981 0.2720 0.2720
10025 87.15 63.20 0.00 3.0981 0.2720 0.2720
10050 87.37 63.34 0.00 6.6747 3.0589 3.0589
10075 87.73 63.69 0.00 10.0925 5.3093 5.3093
10100 87.73 63.69 0.00 10.0925 5.3093 5.3093
10125 88.15 64.36 0.00 10.5747 5.0142 5.0142
10150 88.15 64.36 0.00 10.5747 5.0142 5.0142
10175 88.49 65.23 0.00 6.7630 3.8498 3.8498
10200 88.69 66.04 0.00 4.6058 1.2958 1.2958
10225 88.87 66.86 0.00 3.7349 3.4486 3.4486
10250 88.87 66.86 0.00 3.7349 3.4486 3.4486
10275 88.97 67.51 0.00 2.2373 0.6181 0.6181
10300 89.03 67.85 0.00 0.8015 -1.4763 -1.4763
10325 89.03 68.01 0.00 -0.5921 -4.0032 -4.0032
10350 89.03 68.01 0.00 -0.5921 -4.0032 -4.0032
10375 88.83 68.03 0.00 -8.0123 -1.7646 -1.7646
10400 88.41 67.98 0.00 -11.3583 -2.8449 -2.8449
10425 88.41 67.98 0.00 -11.3583 -2.8449 -2.8449
10450 88.03 67.97 0.00 -8.1325 -4.1880 -4.1880
10475 87.79 68.05 0.00 -4.5082 -5.8524 -5.8524
10500 87.79 68.05 0.00 -4.5082 -5.8524 -5.8524
10525 87.63 68.07 0.00 -3.6721 -4.4878 -4.4878
10550 87.51 68.08 0.00 -2.2399 -2.2181 -2.2181
10575 87.41 68.06 0.00 -3.2247 -0.3484 -0.3484
10600 87.41 68.06 0.00 -3.2247 -0.3484 -0.3484
10625 87.31 68.11 0.00 -1.1848 0.4466 0.4466
10650 87.33 68.15 0.00 0.2865 -1.5309 -1.5309
10675 87.33 68.15 0.00 0.2865 -1.5309 -1.5309
10700 87.31 68.22 0.00 -1.2152 -2.7589 -2.7589
10725 87.21 68.24 0.00 -3.0431 -1.8511 -1.8511
10750 87.21 68.24 0.00 -3.0431 -1.8511 -1.8511
10775 87.11 68.23 0.00 -1.6100 -0.3797 -0.3797
10800 87.19 68.16 0.00 4.8569 -0.9041 -0.9041
10825 87.45 67.98 0.00 5.3123 -0.4402 -0.4402
10850 87.45 67.98 0.00 5.3123 -0.4402 -0.4402
10875 87.45 67.80 0.00 -3.3997 0.5676 0.5676
10900 87.17 67.74 0.00 -7.8437 1.2933 1.2933
10925 87.17 67.74 0.00 -7.8437 1.2933 1.2933
10950 86.85 67.84 0.00 -8.5356 -3.2969 -3.2969
10975 86.48 67.87 0.00 -9.6617 -3.8868 -3.8868
11000 86.48 67.87 0.00 -9.6617 -3.8868 -3.8868
11025 86.06 67.99 0.00 -11.4160 -7.4257 -7.4257
11050 85.51 68.20 0.00 -15.1910 -8.2555 -8.2555
11075 84.88 68.45 0.00 -15.6397 -8.8793 -8.8793
11100 84.88 68.45 0.00 -15.6397 -8.8793 -8.8793
11125 84.24 68.73 0.00 -16.3998 -7.1937 -7.1937
11150 83.61 68.90 0.00 -14.6711 -7.5078 -7.5078
11175 83.61 68.90 0.00 -14.6711 -7.5078 -7.5078
11200 83.09 68.78 0.00 -12.2376 -9.2865 -9.2865
11225 82.65 68.56 0.00 -10.9223 -5.9464 -5.9464
11250 82.65 68.56 0.00 -10.9223 -5.9464 -5.9464
11275 82.18 68.41 0.00 -12.3201 -7.6631 -7.6631
11300 81.63 68.47 0.00 -14.3746 -8.6897 -8.6897
11325 81.15 68.51 0.00 -10.7526 -7.2340 -7.2340
11350 81.15 68.51 0.00 -10.7526 -7.2340 -7.2340
11375 80.82 68.56 0.00 -5.6973 -6.1631 -6.1631
11400 80.73 68.52 0.00 -0.8166 -4.0947 -4.0947
11425 80.73 68.52 0.00 -0.8166 -4.0947 -4.0947
11450 80.69 68.40 0.00 -1.7537 -2.6681 -2.6681
11475 80.53 68.26 0.00 -4.5515 -2.8064 -2.8064
11500 80.53 68.26 0.00 -4.5515 -2.8064 -2.8064
11525 80.29 68.18 0.00 -8.3195 -5.0980 -5.0980
11550 79.81 68.19 0.00 -12.5999 -5.2199 -5.2199
11575 79.41 68.13 0.00 -12.8413 -5.8623 -5.8623
11600 79.41 68.13 0.00 -12.8413 -5.8623 -5.8623
11625 78.96 68.12 0.00 -10.3411 -6.5995 -6.5995
11650 78.96 68.12 0.00 -10.3411 -6.5995 -6.5995
11675 78.66 68.19 0.00 -5.3519 -7.5978 -7.5978
11700 78.54 68.24 0.00 -1.7352 -5.2282 -5.2282
11725 78.52 68.24 0.00 -0.3422 -5.4250 -5.4250
11750 78.52 68.24 0.00 -0.3422 -5.4250 -5.4250
11775 78.43 68.18 0.00 -3.5134 -3.6194 -3.6194
11800 78.20 68.26 0.00 -6.5998 -3.1479 -3.1479
11825 77.92 68.34 0.00 -7.1527 -3.1767 -3.1767
11850 77.92 68.34 0.00 -7.1527 -3.1767 -3.1767
11875 77.66 68.42 0.00 -6.3103 -4.6420 -4.6420
11900 77.36 68.44 0.00 -8.2510 -4.4781 -4.4781
11925 77.36 68.44 0.00 -8.2510 -4.4781 -4.4781
11950 76.93 68.37 0.00 -12.8829 -3.7053 -3.7053
11975 76.31 68.53 0.00 -15.7097 -4.1155 -4.1155
12000 76.31 68.53 0.00 -15.7097 -4.1155 -4.1155
12025 75.73 68.70 0.00 -13.3549 -2.2847 -2.2847
12050 75.29 68.69 0.00 -10.2572 -2.8735 -2.8735
12075 74.90 68.60 0.00 -9.6681 -1.5906 -1.5906
12100 74.90 68.60 0.00 -9.6681 -1.5906 -1.5906
12125 74.49 68.57 0.00 -10.2713 -2.0642 -2.0642
12150 74.03 68.57 0.00 -12.4849 -1.4878 -1.4878
12175 74.03 68.57 0.00 -12.4849 -1.4878 -1.4878
12200 73.45 68.57 0.00 -15.8914 -1.6721 -1.6721
12225 72.77 68.58 0.00 -16.8115 -1.3193 -1.3193
12250 72.77 68.58 0.00 -16.8115 -1.3193 -1.3193
12275 72.10 68.63 0.00 -16.8939 -6.6321 -6.6321
12300 71.62 68.76 0.00 -15.0996 -8.1423 -8.1423
12325 71.62 68.76 0.00 -15.0996 -8.1423 -8.1423
12350 71.09 68.79 0.00 -11.9508 -6.9188 -6.9188
12375 70.73 68.74 0.00 -7.2761 -5.6542 -5.6542
12400 70.55 68.54 0.00 -2.7867 -1.8018 -1.8018
12425 70.55 68.54 0.00 -2.7867 -1.8018 -1.8018
12450 70.51 68.39 0.00 -0.2546 -2.0954 -2.0954
12475 70.47 68.27 0.00 -1.0485 -1.6254 -1.6254
12500 70.47 68.27 0.00 -1.0485 -1.6254 -1.6254
12525 70.38 68.04 0.00 -2.9276 -1.1864 -1.1864
12550 70.25 67.87 0.00 -3.3949 -1.6690 -1.6690
12575 70.02 67.76 0.00 -8.0948 -0.3862 -0.3862
12600 70.02 67.76 0.00 -8.0948 -0.3862 -0.3862
12625 69.66 67.75 0.00 -9.2458 0.1167 0.1167
12650 69.29 67.62 0.00 -8.4521 0.9432 0.9432
12675 69.29 67.62 0.00 -8.4521 0.9432 0.9432
12700 69.02 67.35 0.00 -6.0895 1.4860 1.4860
12725 68.80 67.00 0.00 -5.3489 2.4203 2.4203
12750 68.52 66.73 0.00 -9.3399 2.3705 2.3705
12775 68.52 66.73 0.00 -9.3399 2.3705 2.3705
12800 68.06 66.53 0.00 -11.5732 3.1606 3.1606
12825 68.06 66.53 0.00 -11.5732 3.1606 3.1606
12850 67.65 66.40 0.00 -9.8869 0.9443 0.9443
12875 67.29 66.39 0.00 -7.9365 0.1904 0.1904
12900 67.09 66.36 0.00 -3.1252 -0.4014 -0.4014
12925 66.95 66.35 0.00 -3.7243 -1.1455 -1.1455
12950 66.95 66.35 0.00 -3.7243 -1.1455 -1.1455
12975 66.84 66.24 0.00 -2.7696 -0.1281 -0.1281
13000 66.84 66.24 0.00 -2.7696 -0.1281 -0.1281
13025 66.73 66.09 0.00 -2.9380 0.9239 0.9239
13050 66.55 65.95 0.00 -4.9317 2.2099 2.2099
13075 66.30 65.85 0.00 -7.4342 2.5430 2.5430
13100 66.30 65.85 0.00 -7.4342 2.5430 2.5430
13125 65.98 65.78 0.00 -8.4469 1.3164 1.3164
13150 65.75 65.76 0.00 -6.8853 1.4739 1.4739
13175 65.75 65.76 0.00 -6.8853 1.4739 1.4739
13200 65.50 65.75 0.00 -6.1978 1.3403 1.3403
13225 65.25 65.72 0.00 -5.9783 0.0398 0.0398
13250 65.03 65.64 0.00 -5.2872 -0.0496 -0.0496
13275 65.03 65.64 0.00 -5.2872 -0.0496 -0.0496
13300 64.77 65.56 0.00 -7.6051 -0.2639 -0.2639
13325 64.43 65.50 0.00 -8.5748 1.2844 1.2844
13350 64.43 65.50 0.00 -8.5748 1.2844 1.2844
13375 64.11 65.45 0.00 -7.2986 0.4865 0.4865
13400 63.88 65.31 0.00 -4.8773 0.5100 0.5100
13425 63.66 65.18 0.00 -5.9868 0.5218 0.5218
13450 63.66 65.18 0.00 -5.9868 0.5218 0.5218
13475 63.45 65.06 0.00 -5.2404 0.0224 0.0224
13500 63.25 64.93 0.00 -4.6399 0.4582 0.4582
13525 63.25 64.93 0.00 -4.6399 0.4582 0.4582
13550 63.09 64.78 0.00 -3.5470 1.6114 1.6114
13575 62.99 64.61 0.00 -2.3031 3.6686 3.6686
13600 62.99 64.61 0.00 -2.3031 3.6686 3.6686
13625 62.83 64.13 0.00 -5.4540 9.0369 9.0369
13650 62.63 63.54 0.00 -3.6659 5.6339 5.6339
13675 62.63 63.54 0.00 -3.6659 5.6339 5.6339
13700 62.58 63.22 0.00 0.2775 0.1151 0.1151
13725 62.56 63.00 0.00 -2.3233 -0.6702 -0.6702
13750 62.56 63.00 0.00 -2.3233 -0.6702 -0.6702
13775 62.38 62.87 0.00 -4.8081 0.0668 0.0668
13800 62.24 62.77 0.00 -2.7669 -0.6762 -0.6762
13825 62.17 62.72 0.00 -1.2536 -1.1523 -1.1523
13850 62.17 62.72 0.00 -1.2536 -1.1523 -1.1523
13875 62.12 62.71 0.00 -1.5747 -0.0729 -0.0729
13900 62.05 62.64 0.00 -1.5938 0.4855 0.4855
13925 62.05 62.64 0.00 -1.5938 0.4855 0.4855
13950 62.01 62.57 0.00 -1.5120 1.7277 1.7277
13975 61.92 62.53 0.00 -2.8034 0.0895 0.0895
14000 61.78 62.49 0.00 -3.5506 -1.2513 -1.2513
14025 61.78 62.49 0.00 -3.5506 -1.2513 -1.2513
14050 61.61 62.47 0.00 -5.0362 -1.3949 -1.3949
14075 61.39 62.44 0.00 -5.2997 -1.4988 -1.4988
14100 61.39 62.44 0.00 -5.2997 -1.4988 -1.4988
14125 61.18 62.39 0.00 -5.7095 -1.1248 -1.1248
14150 60.97 62.27 0.00 -4.5985 -1.2325 -1.2325
14175 60.97 62.27 0.00 -4.5985 -1.2325 -1.2325
14200 60.78 62.09 0.00 -5.1930 0.3868 0.3868
14225 60.55 61.83 0.00 -6.3748 0.4970 0.4970
14250 60.26 61.50 0.00 -7.1766 0.4591 0.4591
14275 60.26 61.50 0.00 -7.1766 0.4591 0.4591
14300 59.98 61.15 0.00 -6.6553 0.8283 0.8283
14325 59.73 60.86 0.00 -6.0652 -0.0078 -0.0078
14350 59.73 60.86 0.00 -6.0652 -0.0078 -0.0078
14375 59.51 60.59 0.00 -5.2726 0.3403 0.3403
14400 59.33 60.39 0.00 -4.3929 -1.3930 -1.3930
14425 59.14 60.22 0.00 -4.9263 -1.2593 -1.2593
14450 59.14 60.22 0.00 -4.9263 -1.2593 -1.2593
14475 58.96 60.11 0.00 -4.3005 -0.9007 -0.9007
14500 58.73 59.97 0.00 -6.6241 0.1895 0.1895
14525 58.73 59.97 0.00 -6.6241 0.1895 0.1895
14550 58.43 59.84 0.00 -7.4845 1.0305 1.0305
14575 58.13 59.71 0.00 -7.7418 0.2392 0.2392
14600 58.13 59.71 0.00 -7.7418 0.2392 0.2392
14625 57.80 59.52 0.00 -8.7994 -0.1868 -0.1868
14650 57.38 59.34 0.00 -11.3366 0.3259 0.3259
14675 57.38 59.34 0.00 -11.3366 0.3259 0.3259
14700 56.92 59.14 0.00 -11.3888 0.2773 0.2773
14725 56.61 59.03 0.00 -9.9671 1.8256 1.8256
14750 56.22 58.86 0.00 -9.6666 0.5253 0.5253
14775 56.22 58.86 0.00 -9.6666 0.5253 0.5253
14800 55.85 58.72 0.00 -8.6347 -0.1013 -0.1013
14825 55.52 58.48 0.00 -7.7675 -0.5851 -0.5851
14850 55.52 58.48 0.00 -7.7675 -0.5851 -0.5851
14875 55.28 58.29 0.00 -5.1615 -0.8443 -0.8443
14900 55.12 58.12 0.00 -3.1533 -1.1685 -1.1685
14925 55.12 58.12 0.00 -3.1533 -1.1685 -1.1685
14950 55.03 57.93 0.00 -1.4056 -0.4412 -0.4412
14975 55.03 57.61 0.00 0.4049 1.4793 1.4793
15000 55.00 57.20 0.00 -1.4836 1.0227 1.0227
15025 55.00 57.20 0.00 -1.4836 1.0227 1.0227
15050 54.93 56.86 0.00 -1.9940 0.2259 0.2259
15075 54.80 56.52 0.00 -3.5827 1.1092 1.1092
15100 54.80 56.52 0.00 -3.5827 1.1092 1.1092
15125 54.68 56.20 0.00 -1.9660 1.5349 1.5349
15150 54.68 55.90 0.00 0.7771 1.2486 1.2486
15175 54.68 55.90 0.00 0.7771 1.2486 1.2486
15200 54.73 55.60 0.00 1.2745 0.1528 0.1528
15225 54.75 55.25 0.00 0.0408 -0.5037 -0.5037
15250 54.73 54.88 0.00 -0.9072 -0.0218 -0.0218
15275 54.73 54.88 0.00 -0.9072 -0.0218 -0.0218
15300 54.66 54.61 0.00 -1.8973 -0.0054 -0.0054
15325 54.66 54.61 0.00 -1.8973 -0.0054 -0.0054
15350 54.61 54.44 0.00 -1.1474 0.0865 0.0865
15375 54.59 54.31 0.00 0.5803 0.2695 0.2695
15400 54.66 53.80 0.00 1.7038 0.5101 0.5101
15425 54.66 53.80 0.00 1.7038 0.5101 0.5101
15450 54.70 53.29 0.00 0.7460 1.0706 1.0706
15475 54.70 52.90 0.00 -0.8003 0.8116 0.8116
15500 54.65 52.71 0.00 -1.8490 2.6094 2.6094
15525 54.65 52.71 0.00 -1.8490 2.6094 2.6094
15550 54.58 52.60 0.00 -2.0561 -0.0048 -0.0048
15575 54.44 52.60 0.00 -4.5457 -0.7016 -0.7016
15600 54.44 52.60 0.00 -4.5457 -0.7016 -0.7016
15625 54.23 52.57 0.00 -5.0002 -0.5594 -0.5594
15650 54.05 52.48 0.00 -4.1319 -0.9564 -0.9564
15675 54.05 52.48 0.00 -4.1319 -0.9564 -0.9564
15700 53.89 52.36 0.00 -3.6882 -0.9381 -0.9381
15725 53.77 52.16 0.00 -3.3939 -1.1477 -1.1477
15750 53.77 52.16 0.00 -3.3939 -1.1477 -1.1477
15775 53.53 51.86 0.00 -7.5436 0.0879 0.0879
15800 53.20 51.48 0.00 -8.6285 -0.2456 -0.2456
15825 52.83 51.07 0.00 -9.5815 -1.3592 -1.3592
15850 52.83 51.07 0.00 -9.5815 -1.3592 -1.3592
15875 52.44 50.76 0.00 -8.9240 -1.8772 -1.8772
15900 52.15 50.58 0.00 -6.4413 -1.9325 -1.9325
15925 52.15 50.58 0.00 -6.4413 -1.9325 -1.9325
15950 51.94 50.42 0.00 -4.4769 -1.7657 -1.7657
15975 51.82 50.16 0.00 -2.5516 -0.4324 -0.4324
16000 51.66 49.76 0.00 -5.3963 0.3224 0.3224
16025 51.66 49.76 0.00 -5.3963 0.3224 0.3224
16050 51.41 49.30 0.00 -5.5127 0.6451 0.6451
16075 51.41 49.30 0.00 -5.5127 0.6451 0.6451
16100 51.24 48.90 0.00 -3.3303 -0.8345 -0.8345
16125 51.13 48.57 0.00 -2.4221 -1.5530 -1.5530
16150 51.08 48.30 0.00 -0.9372 -2.0157 -2.0157
16175 51.06 48.08 0.00 -0.3334 -0.7828 -0.7828
16200 51.06 48.08 0.00 -0.3334 -0.7828 -0.7828
16225 51.08 47.85 0.00 1.2315 -0.1640 -0.1640
16250 51.17 47.57 0.00 3.6570 0.4334 0.4334
16275 51.17 47.57 0.00 3.6570 0.4334 0.4334
16300 51.38 47.05 0.00 5.8270 3.0792 3.0792
16325 51.62 46.59 0.00 6.0141 4.7657 4.7657
16350 51.62 46.59 0.00 6.0141 4.7657 4.7657
16375 51.83 46.22 0.00 4.9846 2.6488 2.6488
16400 52.01 45.93 0.00 3.9932 0.9425 0.9425
16425 52.13 45.74 0.00 2.5663 -0.2067 -0.2067
16450 52.13 45.74 0.00 2.5663 -0.2067 -0.2067
16475 52.20 45.46 0.00 1.2698 0.3352 0.3352
16500 52.27 45.09 0.00 2.5355 0.5735 0.5735
16525 52.27 45.09 0.00 2.5355 0.5735 0.5735
16550 52.41 44.50 0.00 2.9932 -0.7898 -0.7898
16575 52.46 43.96 0.00 0.5889 1.2434 1.2434
16600 52.46 43.96 0.00 0.5889 1.2434 1.2434
16625 52.41 43.54 0.00 -2.0654 0.4321 0.4321
16650 52.34 43.24 0.00 -1.4054 0.1647 0.1647
16675 52.34 43.24 0.00 -1.4054 0.1647 0.1647
16700 52.34 43.00 0.00 0.8166 0.2854 0.2854
16725 52.39 42.58 0.00 2.0303 0.6409 0.6409
16750 52.53 42.00 0.00 4.0607 0.5717 0.5717
16775 52.53 42.00 0.00 4.0607 0.5717 0.5717
16800 52.67 41.34 0.00 2.7798 0.4566 0.4566
16825 52.74 40.83 0.00 1.5844 0.2117 0.2117
16850 52.74 40.83 0.00 1.5844 0.2117 0.2117
16875 52.79 40.43 0.00 0.9774 -0.4122 -0.4122
16900 52.81 40.15 0.00 0.0795 0.1860 0.1860
16925 52.81 40.15 0.00 0.0795 0.1860 0.1860
16950 52.83 39.85 0.00 1.3228 0.1227 0.1227
16975 52.92 39.43 0.00 3.1940 0.7937 0.7937
17000 53.11 38.71 0.00 3.8768 0.5812 0.5812
17025 53.11 38.71 0.00 3.8768 0.5812 0.5812
17050 53.21 38.32 0.00 3.8381 1.0783 1.0783
17075 53.32 37.85 0.00 1.2537 0.8866 0.8866
17100 53.32 37.85 0.00 1.2537 0.8866 0.8866
17125 53.33 37.52 0.00 0.2775 3.1148 3.1148
17150 53.33 37.22 0.00 -0.3620 2.5873 2.5873
17175 53.33 37.22 0.00 -0.3620 2.5873 2.5873
17200 53.32 36.75 0.00 -0.1249 1.5029 1.5029
17225 53.32 36.34 0.00 -0.0674 0.7210 0.7210
17250 53.32 36.10 0.00 0.3278 0.2078 0.2078
17275 53.32 36.10 0.00 0.3278 0.2078 0.2078
17300 53.33 35.87 0.00 -0.0440 0.8771 0.8771
17325 53.33 35.62 0.00 0.1506 0.3315 0.3315
17350 53.37 35.32 0.00 1.8826 1.3717 1.3717
17375 53.37 35.32 0.00 1.8826 1.3717 1.3717
17400 53.46 34.90 0.00 1.9440 0.6596 0.6596
17425 53.46 34.90 0.00 1.9440 0.6596 0.6596
17450 53.51 34.62 0.00 0.4832 0.2112 0.2112
17475 53.51 33.98 0.00 0.4003 1.8919 1.8919
17500 53.54 33.29 0.00 1.0324 3.6782 3.6782
17525 53.54 33.29 0.00 1.0324 3.6782 3.6782
17550 53.60 32.83 0.00 1.5901 2.9494 2.9494
17575 53.63 32.55 0.00 0.7310 1.4171 1.4171
17600 53.63 32.55 0.00 0.7310 1.4171 1.4171
17625 53.67 32.42 0.00 1.2674 1.3604 1.3604
17650 53.77 32.19 0.00 2.8617 1.3279 1.3279
17675 53.86 32.05 0.00 2.5565 1.6764 1.6764
17700 53.86 32.05 0.00 2.5565 1.6764 1.6764
17725 53.96 31.98 0.00 2.8100 1.6058 1.6058
17750 54.10 31.78 0.00 4.0128 3.3306 3.3306
17775 54.10 31.78 0.00 4.0128 3.3306 3.3306
17800 54.26 31.41 0.00 4.1592 3.4142 3.4142
17825 54.42 31.18 0.00 3.7766 2.8304 2.8304
17850 54.42 31.18 0.00 3.7766 2.8304 2.8304
17875 54.54 30.84 0.00 2.2636 0.8419 0.8419
17900 54.65 30.54 0.00 3.4279 2.2992 2.2992
17925 54.80 30.27 0.00 4.0415 1.4480 1.4480
17950 54.80 30.27 0.00 4.0415 1.4480 1.4480
17975 54.98 29.96 0.00 4.6800 2.2546 2.2546
18000 55.19 29.64 0.00 5.4583 2.3525 2.3525
18025 55.19 29.64 0.00 5.4583 2.3525 2.3525
18050 55.40 29.39 0.00 5.4198 2.7792 2.7792
18075 55.61 29.10 0.00 4.6878 2.4817 2.4817
18100 55.75 28.87 0.00 2.9326 1.6008 1.6008
18125 55.75 28.87 0.00 2.9326 1.6008 1.6008
18150 55.91 28.49 0.00 4.7728 2.8667 2.8667
18175 56.10 27.82 0.00 4.5038 3.8052 3.8052
18200 56.10 27.82 0.00 4.5038 3.8052 3.8052
18225 56.26 27.10 0.00 3.7013 2.8278 2.8278
18250 56.38 26.47 0.00 2.5186 2.9180 2.9180
18275 56.38 26.47 0.00 2.5186 2.9180 2.9180
18300 56.47 26.12 0.00 2.3951 3.4630 3.4630
18325 56.57 25.87 0.00 2.3799 3.5113 3.5113
18350 56.57 25.87 0.00 2.3799 3.5113 3.5113
18375 56.66 25.65 0.00 2.6173 3.3981 3.3981
18400 56.76 25.25 0.00 2.2876 2.0215 2.0215
18425 56.82 24.80 0.00 0.5211 1.2783 1.2783
18450 56.82 24.80 0.00 0.5211 1.2783 1.2783
18475 56.82 24.51 0.00 -0.4582 1.3943 1.3943
18500 56.85 24.22 0.00 1.7609 1.7023 1.7023
18525 56.85 24.22 0.00 1.7609 1.7023 1.7023
18550 56.98 23.94 0.00 4.4202 2.3094 2.3094
18575 57.15 23.59 0.00 6.3248 3.6163 3.6163
18600 57.40 23.02 0.00 5.8420 3.9244 3.9244
18625 57.40 23.02 0.00 5.8420 3.9244 3.9244
18650 57.61 22.63 0.00 4.6974 4.4941 4.4941
18675 57.80 22.12 0.00 5.5330 5.6078 5.6078
18700 57.80 22.12 0.00 5.5330 5.6078 5.6078
18725 58.05 21.49 0.00 5.9409 7.3248 7.3248
18750 58.05 21.49 0.00 5.9409 7.3248 7.3248
18775 58.24 20.84 0.00 4.0587 4.5227 4.5227
18800 58.36 20.33 0.00 2.8463 2.3311 2.3311
18825 58.47 19.98 0.00 2.1701 1.8313 1.8313
18850 58.47 19.98 0.00 2.1701 1.8313 1.8313
18875 58.54 19.61 0.00 1.6149 2.5211 2.5211
18900 58.61 19.21 0.00 1.8754 2.9583 2.9583
18925 58.66 18.69 0.00 0.8797 2.2548 2.2548
18950 58.66 18.69 0.00 0.8797 2.2548 2.2548
18975 58.71 18.22 0.00 1.8947 3.8894 3.8894
19000 58.78 17.81 0.00 1.9181 3.0501 3.0501
19025 58.78 17.81 0.00 1.9181 3.0501 3.0501
19050 58.85 17.43 0.00 1.2864 2.8410 2.8410
19075 58.87 17.07 0.00 -0.0610 2.1984 2.1984
19100 58.87 17.07 0.00 -0.0610 2.1984 2.1984
19125 58.89 16.81 0.00 0.7513 1.4965 1.4965
19150 58.94 16.54 0.00 2.3808 2.6245 2.6245
19175 58.94 16.54 0.00 2.3808 2.6245 2.6245
19200 59.05 16.09 0.00 2.5632 2.3918 2.3918
19225 59.14 15.73 0.00 1.6272 1.7567 1.7567
19250 59.17 15.54 0.00 0.1299 1.2040 1.2040
19275 59.17 15.54 0.00 0.1299 1.2040 1.2040
19300 59.15 15.48 0.00 -0.5848 0.5576 0.5576
19325 59.14 15.42 0.00 -0.2571 0.7485 0.7485
19350 59.21 15.21 0.00 3.4088 2.6422 2.6422
19375 59.21 15.21 0.00 3.4088 2.6422 2.6422
19400 59.45 14.50 0.00 7.2793 4.0469 4.0469
19425 59.73 13.88 0.00 6.3882 3.6703 3.6703
19450 59.73 13.88 0.00 6.3882 3.6703 3.6703
19475 59.91 13.61 0.00 3.5692 2.6032 2.6032
19500 60.02 13.53 0.00 1.7574 4.4015 4.4015
19525 60.03 13.62 0.00 0.0495 1.8153 1.8153
19550 60.03 13.62 0.00 0.0495 1.8153 1.8153
19575 60.03 13.72 0.00 0.2070 0.4554 0.4554
19600 60.03 13.72 0.00 0.2070 0.4554 0.4554
19625 60.03 13.68 0.00 -0.4234 -0.2886 -0.2886
19650 60.03 13.54 0.00 0.0400 0.3328 0.3328
19675 60.02 13.37 0.00 -0.7489 0.3096 0.3096
19700 60.02 13.37 0.00 -0.7489 0.3096 0.3096
19725 59.95 13.22 0.00 -2.2135 -0.2239 -0.2239
19750 59.86 13.01 0.00 -2.2668 1.0588 1.0588
19775 59.86 13.01 0.00 -2.2668 1.0588 1.0588
19800 59.72 12.88 0.00 -4.4364 0.4544 0.4544
19825 59.47 12.77 0.00 -7.1531 -1.0901 -1.0901
19850 59.47 12.77 0.00 -7.1531 -1.0901 -1.0901
19875 59.17 12.69 0.00 -7.5133 -1.6624 -1.6624
19900 58.89 12.62 0.00 -6.7293 -1.6324 -1.6324
19925 58.68 12.58 0.00 -4.1929 -1.3590 -1.3590
19950 58.68 12.58 0.00 -4.1929 -1.3590 -1.3590
19975 58.52 12.45 0.00 -4.0040 -1.8805 -1.8805
20000 58.52 12.45 0.00 -4.0040 -1.8805 -1.8805
20025 58.36 12.23 0.00 -4.3054 -1.8357 -1.8357
20050 58.20 11.88 0.00 -3.0812 -0.7322 -0.7322
20075 58.10 11.50 0.00 -2.8964 -1.3684 -1.3684
20100 58.01 11.38 0.00 -2.3862 -1.2606 -1.2606
20125 58.01 11.38 0.00 -2.3862 -1.2606 -1.2606
20150 57.96 11.31 0.00 -0.7396 -0.5702 -0.5702
20175 57.98 11.27 0.00 0.9985 0.8311 0.8311
20200 57.98 11.27 0.00 0.9985 0.8311 0.8311
20225 58.03 11.19 0.00 1.3030 0.2420 0.2420
20250 58.01 11.01 0.00 -1.6947 -0.1559 -0.1559
20275 58.01 11.01 0.00 -1.6947 -0.1559 -0.1559
20300 57.89 10.86 0.00 -3.3594 -0.5815 -0.5815
20325 57.78 10.79 0.00 -1.9417 1.6419 1.6419
20350 57.69 10.79 0.00 -2.4355 -1.2778 -1.2778
20375 57.69 10.79 0.00 -2.4355 -1.2778 -1.2778
20400 57.55 10.89 0.00 -3.7386 -3.0597 -3.0597
20425 57.38 11.05 0.00 -5.0055 -3.2682 -3.2682
20450 57.38 11.05 0.00 -5.0055 -3.2682 -3.2682
20475 57.17 11.29 0.00 -5.5027 -2.7518 -2.7518
20500 56.96 11.58 0.00 -5.4015 -2.8823 -2.8823
20525 56.96 11.58 0.00 -5.4015 -2.8823 -2.8823
20550 56.71 11.84 0.00 -6.5952 -4.3913 -4.3913
20575 56.43 12.19 0.00 -6.7463 -3.8853 -3.8853
20600 56.13 12.62 0.00 -8.5703 -5.7881 -5.7881
20625 56.13 12.62 0.00 -8.5703 -5.7881 -5.7881
20650 55.77 13.02 0.00 -9.3892 -6.0043 -6.0043
20675 55.42 13.31 0.00 -7.8908 -4.1775 -4.1775
20700 55.42 13.31 0.00 -7.8908 -4.1775 -4.1775
20725 55.15 13.52 0.00 -5.6387 -3.2010 -3.2010
20750 54.98 13.76 0.00 -3.8300 -3.1150 -3.1150
20775 54.84 13.99 0.00 -3.4983 -4.0399 -4.0399
20800 54.84 13.99 0.00 -3.4983 -4.0399 -4.0399
20825 54.72 14.14 0.00 -3.1164 -3.5271 -3.5271
20850 54.56 14.20 0.00 -4.1225 -3.0371 -3.0371
20875 54.56 14.20 0.00 -4.1225 -3.0371 -3.0371
20900 54.42 14.32 0.00 -2.6493 -2.8294 -2.8294
20925 54.38 14.38 0.00 -0.7720 -2.3796 -2.3796
20950 54.38 14.38 0.00 -0.7720 -2.3796 -2.3796
20975 54.37 14.41 0.00 -0.1633 -1.5713 -1.5713
21000 54.35 14.49 0.00 -0.8956 -0.9934 -0.9934
21025 54.35 14.49 0.00 -0.8956 -0.9934 -0.9934
21050 54.31 14.53 0.00 -0.8954 -0.8218 -0.8218
21075 54.26 14.57 0.00 -1.4051 0.0156 0.0156
21100 54.26 14.57 0.00 -1.4051 0.0156 0.0156
21125 54.19 14.57 0.00 -1.8271 -0.9147 -0.9147
21150 54.14 14.61 0.00 -1.3924 0.6863 0.6863
21175 54.05 14.70 0.00 -2.5758 -1.2455 -1.2455
21200 54.05 14.70 0.00 -2.5758 -1.2455 -1.2455
21225 53.91 14.82 0.00 -4.3314 -2.7596 -2.7596
21250 53.70 15.01 0.00 -5.2694 -2.9646 -2.9646
21275 53.70 15.01 0.00 -5.2694 -2.9646 -2.9646
21300 53.51 15.22 0.00 -4.6025 -3.0023 -3.0023
21325 53.35 15.41 0.00 -4.0705 -2.5068 -2.5068
21350 53.18 15.53 0.00 -4.1030 -0.7744 -0.7744
21375 53.18 15.53 0.00 -4.1030 -0.7744 -0.7744
21400 52.99 15.45 0.00 -5.5465 -1.8071 -1.8071
21425 52.76 15.46 0.00 -5.7435 -3.9607 -3.9607
21450 52.53 15.59 0.00 -4.9901 -3.7756 -3.7756
21475 52.53 15.59 0.00 -4.9901 -3.7756 -3.7756
21500 52.32 15.74 0.00 -5.9981 -3.8908 -3.8908
21525 52.09 16.01 0.00 -5.0590 -3.0644 -3.0644
21550 52.09 16.01 0.00 -5.0590 -3.0644 -3.0644
21575 51.92 16.27 0.00 -4.2371 -3.1997 -3.1997
21600 51.80 16.52 0.00 -3.8520 -3.1442 -3.1442
21625 51.80 16.52 0.00 -3.8520 -3.1442 -3.1442
21650 51.59 16.91 0.00 -4.5198 -3.3156 -3.3156
21675 51.40 17.25 0.00 -4.8748 -3.3500 -3.3500
21700 51.40 17.25 0.00 -4.8748 -3.3500 -3.3500
21725 51.26 17.50 0.00 -4.8797 -3.8705 -3.8705
21750 51.05 17.83 0.00 -5.3799 -4.0052 -4.0052
21775 50.84 18.25 0.00 -4.9845 -3.8998 -3.8998
21800 50.84 18.25 0.00 -4.9845 -3.8998 -3.8998
21825 50.65 18.64 0.00 -4.3094 -3.7266 -3.7266
21850 50.49 19.12 0.00 -3.6812 -3.3142 -3.3142
21875 50.49 19.12 0.00 -3.6812 -3.3142 -3.3142
21900 50.35 19.60 0.00 -3.2575 -3.2609 -3.2609
21925 50.19 19.94 0.00 -4.6918 -4.5196 -4.5196
21950 49.98 20.29 0.00 -6.0128 -4.0624 -4.0624
21975 49.98 20.29 0.00 -6.0128 -4.0624 -4.0624
22000 49.69 20.68 0.00 -8.1576 -2.5070 -2.5070
22025 49.30 21.01 0.00 -10.7668 -3.9452 -3.9452
22050 49.30 21.01 0.00 -10.7668 -3.9452 -3.9452
22075 48.80 21.39 0.00 -13.2402 -5.2570 -5.2570
22100 48.27 21.74 0.00 -12.8393 -5.3819 -5.3819
22125 48.27 21.74 0.00 -12.8393 -5.3819 -5.3819
22150 47.78 21.99 0.00 -11.9617 -6.0453 -6.0453
22175 47.29 22.25 0.00 -13.1172 -5.4919 -5.4919
22200 47.29 22.25 0.00 -13.1172 -5.4919 -5.4919
22225 46.67 22.52 0.00 -16.8608 -4.2637 -4.2637
22250 46.05 22.79 0.00 -14.3116 -3.2424 -3.2424
22275 46.05 22.79 0.00 -14.3116 -3.2424 -3.2424
22300 45.53 23.04 0.00 -11.8470 -4.3689 -4.3689
22325 45.09 23.33 0.00 -11.4755 -5.6243 -5.6243
22350 44.74 23.60 0.00 -11.5197 -5.1688 -5.1688
22375 44.74 23.60 0.00 -11.5197 -5.1688 -5.1688
22400 44.30 23.92 0.00 -10.9082 -5.0174 -5.0174
22425 43.78 24.35 0.00 -9.5697 -5.0942 -5.0942
22450 43.78 24.35 0.00 -9.5697 -5.0942 -5.0942
22475 43.55 24.66 0.00 -6.9499 -5.1671 -5.1671
22500 43.29 25.09 0.00 -6.4311 -6.1904 -6.1904
22525 43.29 25.09 0.00 -6.4311 -6.1904 -6.1904
22550 43.02 25.59 0.00 -6.2645 -6.0525 -6.0525
22575 42.78 26.21 0.00 -6.3616 -5.5403 -5.5403
22600 42.55 26.80 0.00 -4.6385 -4.2617 -4.2617
22625 42.55 26.80 0.00 -4.6385 -4.2617 -4.2617
22650 42.43 27.45 0.00 -2.7604 -3.2433 -3.2433
22675 42.31 28.07 0.00 -3.0838 -3.7452 -3.7452
22700 42.31 28.07 0.00 -3.0838 -3.7452 -3.7452
22725 42.15 28.74 0.00 -4.8055 -5.0630 -5.0630
22750 41.92 29.32 0.00 -6.1891 -5.1608 -5.1608
22775 41.92 29.32 0.00 -6.1891 -5.1608 -5.1608
22800 41.67 29.91 0.00 -5.9171 -4.1764 -4.1764
22825 41.43 30.55 0.00 -7.1631 -5.2917 -5.2917
22850 41.43 30.55 0.00 -7.1631 -5.2917 -5.2917
22875 41.08 31.16 0.00 -9.3482 -6.8405 -6.8405
22900 40.69 31.77 0.00 -9.6648 -7.0112 -7.0112
22925 40.34 32.23 0.00 -7.9908 -5.0342 -5.0342
22950 40.34 32.23 0.00 -7.9908 -5.0342 -5.0342
22975 40.05 32.53 0.00 -6.5086 -3.8596 -3.8596
23000 39.79 32.87 0.00 -6.5734 -2.7043 -2.7043
23025 39.52 33.13 0.00 -6.9955 -2.9136 -2.9136
23050 39.52 33.13 0.00 -6.9955 -2.9136 -2.9136
23075 39.24 33.43 0.00 -6.9473 -4.0034 -4.0034
23100 39.01 33.83 0.00 -5.0738 -4.1590 -4.1590
23125 39.01 33.83 0.00 -5.0738 -4.1590 -4.1590
23150 38.84 34.31 0.00 -3.6511 -2.2315 -2.2315
23175 38.73 34.91 0.00 -2.5261 -0.9389 -0.9389
23200 38.73 34.91 0.00 -2.5261 -0.9389 -0.9389
23225 38.62 35.51 0.00 -2.7201 -2.2311 -2.2311
23250 38.54 35.92 0.00 -3.0460 -3.0226 -3.0226
23275 38.54 35.92 0.00 -3.0460 -3.0226 -3.0226
23300 38.38 36.45 0.00 -4.3593 -3.7915 -3.7915
23325 38.18 36.93 0.00 -5.5349 -3.8052 -3.8052
23350 37.95 37.44 0.00 -5.1613 -2.8792 -2.8792
23375 37.95 37.44 0.00 -5.1613 -2.8792 -2.8792
23400 37.72 38.03 0.00 -6.8180 -3.5331 -3.5331
23425 37.42 38.69 0.00 -7.8570 -4.2053 -4.2053
23450 37.42 38.69 0.00 -7.8570 -4.2053 -4.2053
23475 37.05 39.34 0.00 -9.9451 -6.6555 -6.6555
23500 36.66 39.99 0.00 -9.7313 -5.5629 -5.5629
23525 36.28 40.50 0.00 -9.0790 -3.5076 -3.5076
23550 36.28 40.50 0.00 -9.0790 -3.5076 -3.5076
23575 35.96 41.01 0.00 -7.0988 -0.8186 -0.8186
23600 35.75 41.64 0.00 -4.1431 -2.3026 -2.3026
23625 35.75 41.64 0.00 -4.1431 -2.3026 -2.3026
23650 35.64 42.33 0.00 -1.6555 -4.1415 -4.1415
23675 35.61 43.03 0.00 -0.6192 -5.5721 -5.5721
23700 35.57 43.69 0.00 -1.5057 -4.3735 -4.3735
23725 35.57 43.69 0.00 -1.5057 -4.3735 -4.3735
23750 35.45 44.14 0.00 -4.1859 -3.0139 -3.0139
23775 35.45 44.14 0.00 -4.1859 -3.0139 -3.0139
23800 35.27 44.55 0.00 -4.5513 -2.1001 -2.1001
23825 35.00 45.01 0.00 -7.9905 -3.9831 -3.9831
23850 34.63 45.59 0.00 -10.6830 -5.0671 -5.0671
23875 34.63 45.59 0.00 -10.6830 -5.0671 -5.0671
23900 34.11 46.19 0.00 -13.2139 -4.0046 -4.0046
23925 33.45 46.60 0.00 -19.8673 -4.4052 -4.4052
23950 33.45 46.60 0.00 -19.8673 -4.4052 -4.4052
23975 32.46 47.00 0.00 -27.3962 -3.6059 -3.6059
24000 31.12 47.45 0.00 -35.2906 -2.1100 -2.1100
24025 31.12 47.45 0.00 -35.2906 -2.1100 -2.1100
24050 30.11 47.77 0.00 -33.2314 -2.5196 -2.5196
24075 28.93 48.28 0.00 -26.8823 -4.4685 -4.4685
24100 28.01 48.79 0.00 -21.0188 -3.5782 -3.5782
24125 28.01 48.79 0.00 -21.0188 -3.5782 -3.5782
24150 27.26 49.30 0.00 -17.1522 -4.0966 -4.0966
24175 26.73 49.82 0.00 -10.3333 -4.2439 -4.2439
24200 26.73 49.82 0.00 -10.3333 -4.2439 -4.2439
24225 26.49 50.33 0.00 -3.8033 -5.5169 -5.5169
24250 26.45 50.82 0.00 -0.0698 -4.3099 -4.3099
24275 26.47 51.36 0.00 0.5498 -4.1952 -4.1952
24300 26.47 51.36 0.00 0.5498 -4.1952 -4.1952
24325 26.47 51.92 0.00 -0.0295 -0.8213 -0.8213
24350 26.55 52.53 0.00 2.6600 -1.3137 -1.3137
24375 26.55 52.53 0.00 2.6600 -1.3137 -1.3137
24400 26.64 53.23 0.00 1.6749 -2.7765 -2.7765
24425 26.67 53.88 0.00 1.3972 -1.8470 -1.8470
24450 26.67 53.88 0.00 1.3972 -1.8470 -1.8470
24475 26.77 54.62 0.00 3.2424 -2.1613 -2.1613
24500 26.99 55.50 0.00 5.7322 -3.1824 -3.1824
24525 26.99 55.50 0.00 5.7322 -3.1824 -3.1824
24550 27.15 56.49 0.00 3.4297 -4.5380 -4.5380
24575 27.26 57.44 0.00 2.3565 -2.3958 -2.3958
24600 27.26 57.44 0.00 2.3565 -2.3958 -2.3958
24625 27.34 58.38 0.00 1.3471 -3.8172 -3.8172
24650 27.35 59.44 0.00 0.1670 -4.0569 -4.0569
24675 27.35 60.48 0.00 -0.1822 -3.7586 -3.7586
24700 27.35 60.48 0.00 -0.1822 -3.7586 -3.7586
24725 27.37 61.33 0.00 1.7571 -2.5526 -2.5526
24750 27.46 62.43 0.00 2.1694 -3.7408 -3.7408
24775 27.56 63.40 0.00 1.9211 -3.2533 -3.2533
24800 27.56 63.40 0.00 1.9211 -3.2533 -3.2533
24825 27.57 64.27 0.00 -0.4596 -4.6241 -4.6241
24850 27.48 65.09 0.00 -3.4955 -4.1878 -4.1878
24875 27.48 65.09 0.00 -3.4955 -4.1878 -4.1878
24900 27.32 65.88 0.00 -3.9048 -5.0712 -5.0712
24925 27.19 66.64 0.00 -3.4554 -5.6682 -5.6682
24950 26.99 67.31 0.00 -5.9782 -2.4795 -2.4795
24975 26.99 67.31 0.00 -5.9782 -2.4795 -2.4795
25000 26.55 67.87 0.00 -14.0025 -2.9149 -2.9149
25025 26.55 67.87 0.00 -14.0025 -2.9149 -2.9149
25050 25.92 68.27 0.00 -16.6935 -1.7734 -1.7734
25075 24.97 68.49 0.00 -28.8101 -3.8842 -3.8842
25100 23.69 68.60 0.00 -33.8084 1.9318 1.9318
25125 23.69 68.60 0.00 -33.8084 1.9318 1.9318
25150 22.32 68.74 0.00 -33.2629 0.5553 0.5553
25175 21.06 68.96 0.00 -31.1582 -0.9103 -0.9103
25200 21.06 68.96 0.00 -31.1582 -0.9103 -0.9103
25225 19.79 69.25 0.00 -32.0444 -0.3683 -0.3683
25250 18.62 69.55 0.00 -26.8173 -1.4262 -1.4262
25275 17.74 69.77 0.00 -19.1632 -2.1654 -2.1654
25300 17.74 69.77 0.00 -19.1632 -2.1654 -2.1654
25325 17.20 69.83 0.00 -11.1216 -4.6492 -4.6492
25350 16.85 69.91 0.00 -7.2588 -4.8775 -4.8775
25375 16.85 69.91 0.00 -7.2588 -4.8775 -4.8775
25400 16.60 69.95 0.00 -5.4222 -4.7588 -4.7588
25425 16.48 69.94 0.00 -2.7572 -6.1851 -6.1851
25450 16.48 69.94 0.00 -2.7572 -6.1851 -6.1851
25475 16.44 70.00 0.00 0.2245 -5.3702 -5.3702
25500 16.58 69.99 0.00 4.5519 -2.2376 -2.2376
25525 16.58 69.99 0.00 4.5519 -2.2376 -2.2376
25550 16.87 69.95 0.00 9.2004 -0.7578 -0.7578
25575 17.31 69.82 0.00 11.7507 -2.2851 -2.2851
25600 17.31 69.82 0.00 11.7507 -2.2851 -2.2851
25625 17.84 69.57 0.00 13.7755 -4.0002 -4.0002
25650 18.37 69.33 0.00 13.8079 -3.0768 -3.0768
25675 18.85 69.11 0.00 9.6898 -2.9421 -2.9421
25700 18.85 69.11 0.00 9.6898 -2.9421 -2.9421
25725 19.22 68.99 0.00 10.4207 -0.8811 -0.8811
25750 19.79 68.91 0.00 15.3793 -1.7710 -1.7710
25775 19.79 68.91 0.00 15.3793 -1.7710 -1.7710
25800 20.42 68.90 0.00 15.5997 0.0376 0.0376
25825 20.97 69.06 0.00 12.6976 0.5273 0.5273
25850 21.34 69.36 0.00 7.6887 -1.3445 -1.3445
25875 21.34 69.36 0.00 7.6887 -1.3445 -1.3445
25900 21.63 69.78 0.00 7.2029 2.7655 2.7655
25925 21.91 70.19 0.00 7.0187 3.1627 3.1627
25950 21.91 70.19 0.00 7.0187 3.1627 3.1627
25975 22.14 70.63 0.00 3.7348 0.5320 0.5320
26000 22.17 71.08 0.00 -0.1833 0.0016 0.0016
26025 22.12 71.49 0.00 -2.8644 0.3440 0.3440
26050 22.12 71.49 0.00 -2.8644 0.3440 0.3440
26075 21.91 71.77 0.00 -6.8622 -0.2827 -0.2827
26100 21.91 71.77 0.00 -6.8622 -0.2827 -0.2827
26125 21.63 72.08 0.00 -7.0298 -2.3118 -2.3118
26150 21.33 72.22 0.00 -6.9154 1.4862 1.4862
26175 21.16 72.20 0.00 -3.3192 -1.4996 -1.4996
26200 21.16 72.20 0.00 -3.3192 -1.4996 -1.4996
26225 20.95 72.25 0.00 -7.6601 -1.4771 -1.4771
26250 20.53 72.38 0.00 -10.4673 2.8664 2.8664
26275 20.53 72.38 0.00 -10.4673 2.8664 2.8664
26300 20.28 72.55 0.00 -7.1190 2.4464 2.4464
26325 20.25 72.79 0.00 2.9529 -0.9482 -0.9482
26350 20.49 72.97 0.00 6.2861 -2.7863 -2.7863
26375 20.49 72.97 0.00 6.2861 -2.7863 -2.7863
26400 20.64 73.21 0.00 3.0701 -1.2721 -1.2721
26425 20.70 73.60 0.00 -0.2033 -1.6464 -1.6464
26450 20.70 73.60 0.00 -0.2033 -1.6464 -1.6464
26475 20.61 74.04 0.00 -3.8522 -2.0739 -2.0739
26500 20.47 74.64 0.00 -2.5533 -2.0240 -2.0240
26525 20.47 74.64 0.00 -2.5533 -2.0240 -2.0240
26550 20.47 75.29 0.00 1.9817 -2.5668 -2.5668
26575 20.66 75.83 0.00 5.9984 -1.6822 -1.6822
26600 20.66 75.83 0.00 5.9984 -1.6822 -1.6822
26625 20.78 76.08 0.00 0.0307 0.5056 0.5056
26650 20.68 76.13 0.00 -2.8883 1.6895 1.6895
26675 20.68 76.13 0.00 -2.8883 1.6895 1.6895
26700 20.61 76.01 0.00 -1.2880 3.2128 3.2128
26725 20.64 75.87 0.00 2.9835 3.5101 3.5101
26750 20.81 75.80 0.00 4.8386 2.3573 2.3573
26775 20.99 75.76 0.00 2.7570 2.0949 2.0949
26800 20.99 75.76 0.00 2.7570 2.0949 2.0949
26825 21.02 75.78 0.00 0.8879 2.4000 2.4000
26850 21.12 75.77 0.00 3.4097 0.9598 0.9598
26875 21.12 75.77 0.00 3.4097 0.9598 0.9598
26900 21.29 75.66 0.00 4.3936 -0.7998 -0.7998
26925 21.50 75.46 0.00 6.0456 0.0276 0.0276
26950 21.50 75.46 0.00 6.0456 0.0276 0.0276
26975 21.78 75.20 0.00 7.5261 -0.3854 -0.3854
27000 21.78 75.20 0.00 7.5261 -0.3854 -0.3854
27025 22.38 74.86 0.00 7.5069 0.6442 0.6442
27050 22.38 74.86 0.00 7.5069 0.6442 0.6442
27075 22.62 74.76 0.00 5.0382 1.9719 1.9719
27100 22.85 74.80 0.00 6.5889 2.8648 2.8648
27125 22.85 74.80 0.00 6.5889 2.8648 2.8648
27150 23.19 74.84 0.00 9.0955 2.2673 2.2673
27175 23.45 74.78 0.00 8.6704 0.9351 0.9351
27200 23.45 74.78 0.00 8.6704 0.9351 0.9351
27225 23.75 74.68 0.00 6.5051 0.2629 0.2629
27250 23.95 74.56 0.00 4.6236 0.1982 0.1982
27275 24.14 74.47 0.00 4.0710 -0.0529 -0.0529
27300 24.14 74.47 0.00 4.0710 -0.0529 -0.0529
27325 24.25 74.43 0.00 2.5303 1.3163 1.3163
27350 24.40 74.41 0.00 5.0226 0.1582 0.1582
27375 24.40 74.41 0.00 5.0226 0.1582 0.1582
27400 24.62 74.48 0.00 5.6496 0.3273 0.3273
27425 24.83 74.66 0.00 5.0045 -0.7011 -0.7011
27450 24.83 74.66 0.00 5.0045 -0.7011 -0.7011
27475 25.07 74.85 0.00 6.2837 1.8361 1.8361
27500 25.31 75.07 0.00 5.5110 0.4444 0.4444
27525 25.49 75.37 0.00 4.2692 -0.3701 -0.3701
27550 25.49 75.37 0.00 4.2692 -0.3701 -0.3701
27575 25.64 75.70 0.00 3.5737 -0.1344 -0.1344
27600 25.64 75.70 0.00 3.5737 -0.1344 -0.1344
27625 25.79 75.98 0.00 3.8706 0.6212 0.6212
27650 25.99 76.16 0.00 6.1539 1.3913 1.3913
27675 26.29 76.28 0.00 8.2864 0.8993 0.8993
27700 26.29 76.28 0.00 8.2864 0.8993 0.8993
27725 26.62 76.35 0.00 7.6308 1.4978 1.4978
27750 26.93 76.33 0.00 7.7464 0.8301 0.8301
27775 26.93 76.33 0.00 7.7464 0.8301 0.8301
27800 27.21 76.31 0.00 6.4765 2.0928 2.0928
27825 27.41 76.26 0.00 4.4444 2.5269 2.5269
27850 27.41 76.26 0.00 4.4444 2.5269 2.5269
27875 27.57 76.25 0.00 5.6271 3.6452 3.6452
27900 27.83 76.31 0.00 6.8388 2.2833 2.2833
27925 28.05 76.41 0.00 4.7603 1.7803 1.7803
27950 28.05 76.41 0.00 4.7603 1.7803 1.7803
27975 28.23 76.50 0.00 4.1825 1.9798 1.9798
28000 28.42 76.56 0.00 5.5541 -0.8359 -0.8359
28025 28.65 76.57 0.00 6.0992 -0.3341 -0.3341
28050 28.65 76.57 0.00 6.0992 -0.3341 -0.3341
28075 28.87 76.51 0.00 4.8666 0.4133 0.4133
28100 29.07 76.56 0.00 5.1565 1.8967 1.8967
28125 29.07 76.56 0.00 5.1565 1.8967 1.8967
28150 29.29 76.68 0.00 5.7525 1.6245 1.6245
28175 29.60 77.21 0.00 9.2754 -1.9386 -1.9386
28200 29.60 77.21 0.00 9.2754 -1.9386 -1.9386
28225 30.05 77.34 0.00 12.0088 -0.4153 -0.4153
28250 30.51 76.92 0.00 10.9095 -3.3719 -3.3719
28275 30.51 76.92 0.00 10.9095 -3.3719 -3.3719
28300 30.92 76.62 0.00 10.4893 -1.1567 -1.1567
28325 31.34 76.26 0.00 10.3645 2.3164 2.3164
28350 31.70 75.99 0.00 8.0196 3.6303 3.6303
28375 31.70 75.99 0.00 8.0196 3.6303 3.6303
28400 31.97 75.84 0.00 6.0133 6.1250 6.1250
28425 32.13 75.83 0.00 2.5132 4.6337 4.6337
28450 32.13 75.83 0.00 2.5132 4.6337 4.6337
28475 32.30 76.06 0.00 5.6447 5.3237 5.3237
28500 32.53 76.26 0.00 5.2602 2.6906 2.6906
28525 32.69 76.15 0.00 3.8654 3.3161 3.3161
28550 32.69 76.15 0.00 3.8654 3.3161 3.3161
28575 32.89 75.77 0.00 5.1789 2.3987 2.3987
28600 33.09 75.28 0.00 4.2790 3.7306 3.7306
28625 33.09 75.28 0.00 4.2790 3.7306 3.7306
28650 33.23 74.85 0.00 3.3800 4.0790 4.0790
28675 33.30 74.55 0.00 1.9293 2.3557 2.3557
28700 33.41 74.30 0.00 3.3748 -0.0106 -0.0106
28725 33.41 74.30 0.00 3.3748 -0.0106 -0.0106
28750 33.55 74.16 0.00 3.9110 -0.3177 -0.3177
28775 33.75 73.95 0.00 5.9068 -0.3836 -0.3836
28800 33.75 73.95 0.00 5.9068 -0.3836 -0.3836
28825 34.07 73.65 0.00 9.0551 1.2053 1.2053
28850 34.45 73.27 0.00 9.2221 1.7752 1.7752
28875 34.45 73.27 0.00 9.2221 1.7752 1.7752
28900 34.79 72.95 0.00 8.4043 2.3768 2.3768
28925 35.11 72.71 0.00 7.5836 1.5881 1.5881
28950 35.11 72.71 0.00 7.5836 1.5881 1.5881
28975 35.43 72.53 0.00 8.2505 3.6248 3.6248
29000 35.75 72.38 0.00 8.0012 3.2971 3.2971
29025 36.05 72.29 0.00 7.1406 1.9470 1.9470
29050 36.05 72.29 0.00 7.1406 1.9470 1.9470
29075 36.28 72.17 0.00 4.4467 2.9103 2.9103
29100 36.41 72.03 0.00 2.5266 5.9779 5.9779
29125 36.41 72.03 0.00 2.5266 5.9779 5.9779
29150 36.50 71.94 0.00 2.6096 7.9405 7.9405
29175 36.62 71.87 0.00 3.1900 6.0263 6.0263
29200 36.80 71.72 0.00 4.6880 2.9662 2.9662
29225 36.80 71.72 0.00 4.6880 2.9662 2.9662
29250 36.98 71.62 0.00 4.7064 0.1530 0.1530
29275 37.19 71.53 0.00 6.0636 0.1733 0.1733
29300 37.19 71.53 0.00 6.0636 0.1733 0.1733
29325 37.42 71.47 0.00 5.8445 0.7939 0.7939
29350 37.67 71.27 0.00 6.2714 2.0327 2.0327
29375 37.67 71.27 0.00 6.2714 2.0327 2.0327
29400 38.00 70.96 0.00 10.3498 2.6416 2.6416
29425 38.52 70.76 0.00 13.6687 1.5411 1.5411
29450 39.00 70.54 0.00 10.6366 2.5767 2.5767
29475 39.00 70.54 0.00 10.6366 2.5767 2.5767
29500 39.28 70.36 0.00 8.2050 3.6084 3.6084
29525 39.58 70.26 0.00 7.3259 1.5210 1.5210
29550 39.58 70.26 0.00 7.3259 1.5210 1.5210
29575 39.93 70.29 0.00 10.3779 1.3935 1.3935
29600 40.39 70.41 0.00 11.6499 1.1459 1.1459
29625 40.39 70.41 0.00 11.6499 1.1459 1.1459
29650 40.78 70.45 0.00 8.0146 4.3981 4.3981
29675 41.08 70.30 0.00 7.3314 6.8404 6.8404
29700 41.08 70.30 0.00 7.3314 6.8404 6.8404
29725 41.37 70.01 0.00 7.5421 5.0912 5.0912
29750 41.62 69.69 0.00 4.7583 7.2149 7.2149
29775 41.76 69.48 0.00 3.6736 6.4275 6.4275
29800 41.76 69.48 0.00 3.6736 6.4275 6.4275
29825 41.99 69.36 0.00 7.0953 3.3403 3.3403
29850 42.36 69.26 0.00 10.5756 1.9530 1.9530
29875 42.36 69.26 0.00 10.5756 1.9530 1.9530
29900 42.90 69.03 0.00 16.0474 -0.2195 -0.2195
29925 43.57 68.63 0.00 16.0914 1.8342 1.8342
29950 44.01 68.37 0.00 7.5993 6.3470 6.3470
29975 44.01 68.37 0.00 7.5993 6.3470 6.3470
30000 44.11 68.09 0.00 -0.2578 7.4264 7.4264
30025 44.11 68.09 0.00 -0.2578 7.4264 7.4264
30050 44.27 67.79 0.00 7.7968 0.2659 0.2659
30075 44.51 67.57 0.00 3.5824 6.4251 6.4251
30100 44.64 67.51 0.00 4.3953 4.5061 4.5061
30125 44.64 67.51 0.00 4.3953 4.5061 4.5061
30150 44.83 67.43 0.00 4.5304 4.7091 4.7091
30175 45.02 67.39 0.00 5.3912 2.7371 2.7371
30200 45.02 67.39 0.00 5.3912 2.7371 2.7371
30225 45.21 67.32 0.00 4.3840 0.5682 0.5682
30250 45.34 67.21 0.00 3.4573 0.3292 0.3292
30275 45.46 67.10 0.00 2.3346 -0.8051 -0.8051
30300 45.46 67.10 0.00 2.3346 -0.8051 -0.8051
30325 45.53 66.89 0.00 1.8828 -0.0612 -0.0612
30350 45.63 66.63 0.00 3.3067 0.3738 0.3738
30375 45.63 66.63 0.00 3.3067 0.3738 0.3738
30400 45.81 66.47 0.00 4.6063 -1.1045 -1.1045
30425 45.97 66.34 0.00 3.4694 -1.0805 -1.0805
30450 46.07 66.19 0.00 2.4542 0.0795 0.0795
30475 46.07 66.19 0.00 2.4542 0.0795 0.0795
30500 46.16 66.10 0.00 1.9220 1.0248 1.0248
30525 46.26 65.99 0.00 2.7298 1.2176 1.2176
30550 46.26 65.99 0.00 2.7298 1.2176 1.2176
30575 46.44 65.79 0.00 4.8793 0.7099 0.7099
30600 46.63 65.57 0.00 4.5736 0.5939 0.5939
30625 46.63 65.57 0.00 4.5736 0.5939 0.5939
30650 46.80 65.33 0.00 4.2680 0.6405 0.6405
30675 46.98 65.13 0.00 4.5946 1.5272 1.5272
30700 46.98 65.13 0.00 4.5946 1.5272 1.5272
30725 47.19 64.96 0.00 5.5158 2.2043 2.2043
30750 47.49 64.80 0.00 9.5198 1.8338 1.8338
30775 47.49 64.80 0.00 9.5198 1.8338 1.8338
30800 48.08 64.70 0.00 18.5585 1.2850 1.2850
30825 48.95 64.54 0.00 22.3886 3.5117 3.5117
30850 49.69 64.32 0.00 15.3891 4.8258 4.8258
30875 49.69 64.32 0.00 15.3891 4.8258 4.8258
30900 50.12 64.12 0.00 7.8711 5.8970 5.8970
30925 50.12 64.12 0.00 7.8711 5.8970 5.8970
30950 50.51 63.77 0.00 7.6554 4.3695 4.3695
30975 50.51 63.77 0.00 7.6554 4.3695 4.3695
31000 50.99 63.72 0.00 13.5062 10.5089 10.5089
31025 51.38 63.70 0.00 12.5410 9.5820 9.5820
31050 51.38 63.70 0.00 12.5410 9.5820 9.5820
31075 51.76 63.65 0.00 7.2230 6.8068 6.8068
31100 51.90 63.51 0.00 0.6694 5.5113 5.5113
31125 51.90 63.51 0.00 0.6694 5.5113 5.5113
31150 51.89 63.43 0.00 -0.0744 4.5673 4.5673
31175 51.90 63.31 0.00 0.2106 5.0478 5.0478
31200 51.90 63.31 0.00 0.2106 5.0478 5.0478
31225 51.92 63.22 0.00 0.8704 2.2821 2.2821
31250 51.96 63.05 0.00 0.3574 1.6087 1.6087
31275 51.96 63.05 0.00 0.3574 1.6087 1.6087
31300 51.96 62.86 0.00 0.0712 0.5991 0.5991
31325 52.01 62.66 0.00 1.4752 2.6527 2.6527
31350 52.01 62.44 0.00 -0.8327 2.1668 2.1668
31375 52.01 62.44 0.00 -0.8327 2.1668 2.1668
31400 52.01 62.22 0.00 1.0672 1.7351 1.7351
31425 52.09 62.08 0.00 2.4461 -0.1661 -0.1661
31450 52.22 61.96 0.00 3.5355 -0.2405 -0.2405
31475 52.22 61.96 0.00 3.5355 -0.2405 -0.2405
31500 52.36 61.83 0.00 3.2242 -0.6886 -0.6886
31525 52.48 61.74 0.00 3.2494 0.0330 0.0330
31550 52.48 61.74 0.00 3.2494 0.0330 0.0330
31575 52.60 61.65 0.00 3.0753 0.5002 0.5002
31600 52.71 61.58 0.00 1.9438 -0.1738 -0.1738
31625 52.71 61.58 0.00 1.9438 -0.1738 -0.1738
31650 52.78 61.56 0.00 2.2557 2.0824 2.0824
31675 52.88 61.58 0.00 2.1892 0.9679 0.9679
31700 52.88 61.58 0.00 2.1892 0.9679 0.9679
31725 52.93 61.54 0.00 1.0885 -0.2420 -0.2420
31750 52.95 61.44 0.00 0.3272 0.2323 0.2323
31775 52.97 61.29 0.00 0.4367 0.4545 0.4545
31800 52.97 61.29 0.00 0.4367 0.4545 0.4545
31825 53.02 61.06 0.00 2.3185 1.8746 1.8746
31850 53.16 60.85 0.00 3.8271 2.3912 2.3912
31875 53.16 60.85 0.00 3.8271 2.3912 2.3912
31900 53.30 60.47 0.00 2.8440 3.9147 3.9147
31925 53.37 60.20 0.00 1.4483 2.8834 2.8834
31950 53.37 60.20 0.00 1.4483 2.8834 2.8834
31975 53.39 59.99 0.00 -0.5048 1.7166 1.7166
32000 53.37 59.77 0.00 0.2474 1.6075 1.6075
32025 53.46 59.58 0.00 3.1272 2.6072 2.6072
32050 53.46 59.58 0.00 3.1272 2.6072 2.6072
32075 53.65 59.36 0.00 5.4121 3.3180 3.3180
32100 53.89 59.19 0.00 7.0323 2.9927 2.9927
32125 53.89 59.19 0.00 7.0323 2.9927 2.9927
32150 54.14 58.96 0.00 4.9276 2.1957 2.1957
32175 54.26 58.69 0.00 2.0071 2.9590 2.9590
32200 54.26 58.69 0.00 2.0071 2.9590 2.9590
32225 54.38 58.40 0.00 4.1183 3.2958 3.2958
32250 54.58 58.23 0.00 5.2370 1.6382 1.6382
32275 54.79 58.09 0.00 5.0344 2.6549 2.6549
32300 54.79 58.09 0.00 5.0344 2.6549 2.6549
32325 54.98 57.98 0.00 4.3838 -3.0322 -3.0322
32350 55.19 57.95 0.00 5.9952 -5.6081 -5.6081
32375 55.19 57.95 0.00 5.9952 -5.6081 -5.6081
32400 55.42 57.82 0.00 4.6888 0.2321 0.2321
32425 55.50 57.58 0.00 1.4716 2.1240 2.1240
32450 55.50 57.58 0.00 1.4716 2.1240 2.1240
32475 55.56 57.24 0.00 1.1131 2.3254 2.3254
32500 55.66 56.87 0.00 3.6318 1.9066 1.9066
32525 55.66 56.87 0.00 3.6318 1.9066 1.9066
32550 55.77 56.53 0.00 1.9518 1.2512 1.2512
32575 55.82 56.21 0.00 1.1063 2.2902 2.2902
32600 55.84 55.98 0.00 0.6665 1.4222 1.4222
32625 55.84 55.98 0.00 0.6665 1.4222 1.4222
32650 55.87 55.68 0.00 0.8096 1.6531 1.6531
32675 55.87 55.29 0.00 -1.3450 1.5942 1.5942
32700 55.73 54.87 0.00 -4.0451 0.3686 0.3686
32725 55.73 54.87 0.00 -4.0451 0.3686 0.3686
32750 55.63 54.42 0.00 -1.7503 0.4197 0.4197
32775 55.64 53.95 0.00 1.2580 -0.8380 -0.8380
32800 55.64 53.95 0.00 1.2580 -0.8380 -0.8380
32825 55.71 53.51 0.00 2.1604 -2.3924 -2.3924
32850 55.80 53.15 0.00 2.3153 -1.6219 -1.6219
32875 55.80 53.15 0.00 2.3153 -1.6219 -1.6219
32900 55.85 52.93 0.00 0.8186 0.4791 0.4791
32925 55.91 52.79 0.00 1.2934 1.2934 1.2934
32950 56.01 52.73 0.00 3.6641 1.1239 1.1239
32975 56.01 52.73 0.00 3.6641 1.1239 1.1239
33000 56.13 52.70 0.00 2.0758 1.5824 1.5824
33025 56.19 52.66 0.00 1.1788 1.1411 1.1411
33050 56.19 52.66 0.00 1.1788 1.1411 1.1411
33075 56.26 52.70 0.00 2.4224 2.2131 2.2131
33100 56.34 52.77 0.00 1.5601 1.4301 1.4301
33125 56.34 52.77 0.00 1.5601 1.4301 1.4301
33150 56.36 52.89 0.00 -0.4316 0.2850 0.2850
33175 56.29 52.98 0.00 -2.2117 -0.5945 -0.5945
33200 56.19 53.07 0.00 -2.8950 -0.8761 -0.8761
33225 56.19 53.07 0.00 -2.8950 -0.8761 -0.8761
33250 56.08 53.09 0.00 -2.2267 -0.7121 -0.7121
33275 56.08 53.09 0.00 -2.2267 -0.7121 -0.7121
33300 55.98 53.03 0.00 -3.1125 -0.2826 -0.2826
33325 55.84 52.93 0.00 -4.1558 0.1271 0.1271
33350 55.50 52.73 0.00 -11.0089 -0.7315 -0.7315
33375 55.50 52.73 0.00 -11.0089 -0.7315 -0.7315
33400 55.12 52.57 0.00 -13.8949 -0.1748 -0.1748
33425 54.59 52.36 0.00 -12.0897 0.3786 0.3786
33450 54.21 52.18 0.00 -7.8871 1.1523 1.1523
33475 54.21 52.18 0.00 -7.8871 1.1523 1.1523
33500 53.96 52.00 0.00 -5.0565 0.6081 0.6081
33525 53.82 51.83 0.00 -2.8644 0.1535 0.1535
33550 53.82 51.83 0.00 -2.8644 0.1535 0.1535
33575 53.70 51.62 0.00 -2.8303 -1.1519 -1.1519
33600 53.61 51.41 0.00 -1.6630 -0.8246 -0.8246
33625 53.61 51.41 0.00 -1.6630 -0.8246 -0.8246
33650 53.58 51.16 0.00 -1.2969 1.5614 1.5614
33675 53.47 50.83 0.00 -2.8595 2.0756 2.0756
33700 53.40 50.53 0.00 -0.1345 1.7750 1.7750
33725 53.40 50.53 0.00 -0.1345 1.7750 1.7750
33750 53.44 50.27 0.00 0.8587 1.3483 1.3483
33775 53.44 50.27 0.00 0.8587 1.3483 1.3483
33800 53.46 50.04 0.00 0.3350 1.5042 1.5042
33825 53.51 49.92 0.00 1.1967 0.5322 0.5322
33850 53.51 49.78 0.00 -0.0510 3.4856 3.4856
33875 53.51 49.78 0.00 -0.0510 3.4856 3.4856
33900 53.53 49.72 0.00 0.1562 2.7589 2.7589
33925 53.47 49.67 0.00 -2.4681 0.1405 0.1405
33950 53.47 49.67 0.00 -2.4681 0.1405 0.1405
33975 53.28 49.65 0.00 -5.8226 -1.0591 -1.0591
34000 52.95 49.63 0.00 -9.9537 -3.0606 -3.0606
34025 52.95 49.63 0.00 -9.9537 -3.0606 -3.0606
34050 52.53 49.62 0.00 -9.9481 -1.9458 -1.9458
34075 52.18 49.58 0.00 -8.5265 -0.8814 -0.8814
