%#        Time[ms]        X[pixel],        Y[pixel],        Z[pixel],  dX/dt[pixel/s],  dY/dt[pixel/s],  dZ/dt[pixel/s] 
0 50.00 50.00 0.00 -0.4040 -2.6126 -2.6126
25 49.95 49.94 0.00 -2.3750 -6.2982 -6.2982
50 49.86 50.20 0.00 -1.3156 -6.5508 -6.5508
75 49.83 50.40 0.00 -1.0163 -7.5587 -7.5587
100 49.83 50.40 0.00 -1.0163 -7.5587 -7.5587
125 49.74 50.51 0.00 -3.1353 -10.4733 -10.4733
150 49.56 50.79 0.00 -4.2252 -5.5668 -5.5668
175 49.56 50.79 0.00 -4.2252 -5.5668 -5.5668
200 49.51 51.24 0.00 -0.0463 2.0830 2.0830
225 49.49 51.71 0.00 -0.6543 -4.3528 -4.3528
250 49.49 51.71 0.00 -0.6543 -4.3528 -4.3528
275 49.55 52.12 0.00 3.1034 0.0189 0.0189
300 49.72 52.46 0.00 4.6156 0.1946 0.1946
325 49.81 52.61 0.00 0.0489 -1.0667 -1.0667
350 49.81 52.61 0.00 0.0489 -1.0667 -1.0667
375 49.76 52.81 0.00 -1.9096 5.7225 5.7225
400 49.60 52.98 0.00 -5.3783 6.9646 6.9646
425 49.28 53.16 0.00 -9.1268 1.3017 1.3017
450 49.28 53.16 0.00 -9.1268 1.3017 1.3017
475 48.99 53.08 0.00 -4.9653 0.4426 0.4426
500 48.99 53.08 0.00 -4.9653 0.4426 0.4426
525 48.95 53.29 0.00 0.7504 1.1405 1.1405
550 49.06 54.22 0.00 3.6043 2.3108 2.3108
575 49.25 55.09 0.00 5.1462 3.8041 3.8041
600 49.25 55.09 0.00 5.1462 3.8041 3.8041
625 49.42 55.93 0.00 4.0814 2.5138 2.5138
650 49.60 57.05 0.00 4.5179 2.9777 2.9777
675 49.60 57.05 0.00 4.5179 2.9777 2.9777
700 49.81 58.08 0.00 5.1768 -1.6197 -1.6197
725 50.02 58.72 0.00 5.3838 -2.6488 -2.6488
750 50.02 58.72 0.00 5.3838 -2.6488 -2.6488
775 50.21 59.15 0.00 7.2786 0.1199 0.1199
800 50.51 59.71 0.00 6.8682 0.9089 0.9089
825 50.75 60.01 0.00 5.6346 2.8432 2.8432
850 50.75 60.01 0.00 5.6346 2.8432 2.8432
875 50.91 60.29 0.00 3.2876 1.6952 1.6952
900 51.01 60.48 0.00 2.6261 2.1765 2.1765
925 51.01 60.48 0.00 2.6261 2.1765 2.1765
950 51.20 60.59 0.00 5.7573 1.9992 1.9992
975 51.47 61.00 0.00 7.3782 -0.6248 -0.6248
1000 51.87 61.52 0.00 11.8532 2.6461 2.6461
1025 51.87 61.52 0.00 11.8532 2.6461 2.6461
1050 52.41 62.13 0.00 14.1976 2.5180 2.5180
1075 52.97 62.82 0.00 13.4835 1.1313 1.1313
1100 52.97 62.82 0.00 13.4835 1.1313 1.1313
1125 53.44 63.54 0.00 10.9118 -0.3000 -0.3000
1150 53.84 64.22 0.00 9.5317 -0.6467 -0.6467
1175 53.84 64.22 0.00 9.5317 -0.6467 -0.6467
1200 54.23 64.69 0.00 9.6638 -0.9746 -0.9746
1225 54.63 65.12 0.00 9.6755 1.7684 1.7684
1250 54.63 65.12 0.00 9.6755 1.7684 1.7684
1275 54.96 65.58 0.00 7.9240 1.0826 1.0826
1300 55.28 66.09 0.00 8.0169 1.2399 1.2399
1325 55.28 66.09 0.00 8.0169 1.2399 1.2399
1350 55.59 66.65 0.00 7.2334 1.1924 1.1924
1375 55.82 67.06 0.00 5.3379 -0.0398 -0.0398
1400 56.08 67.20 0.00 7.2068 -2.5830 -2.5830
1425 56.08 67.20 0.00 7.2068 -2.5830 -2.5830
1450 56.36 67.27 0.00 6.1130 -1.9902 -1.9902
1475 56.64 67.41 0.00 8.2738 -0.7900 -0.7900
1500 56.64 67.41 0.00 8.2738 -0.7900 -0.7900
1525 57.05 67.55 0.00 11.3685 -3.0031 -3.0031
1550 57.45 67.68 0.00 14.5126 -1.6754 -1.6754
1575 58.06 67.87 0.00 15.3841 -0.9048 -0.9048
1600 58.06 67.87 0.00 15.3841 -0.9048 -0.9048
1625 58.66 68.15 0.00 14.6654 -1.7669 -1.7669
1650 59.21 68.46 0.00 12.2446 -1.5556 -1.5556
1675 59.21 68.46 0.00 12.2446 -1.5556 -1.5556
1700 59.61 68.57 0.00 8.7243 1.4961 1.4961
1725 59.91 68.54 0.00 7.2815 1.2229 1.2229
1750 59.91 68.54 0.00 7.2815 1.2229 1.2229
1775 60.25 68.63 0.00 9.2086 -0.3953 -0.3953
1800 60.62 68.80 0.00 9.5164 -0.2871 -0.2871
1825 60.62 68.80 0.00 9.5164 -0.2871 -0.2871
1850 60.97 69.03 0.00 7.9753 -1.0700 -1.0700
1875 61.22 69.33 0.00 4.3041 -0.9879 -0.9879
1900 61.31 69.67 0.00 1.9734 1.5859 1.5859
1925 61.31 69.67 0.00 1.9734 1.5859 1.5859
1950 61.38 69.89 0.00 1.9776 1.0935 1.0935
1975 61.48 70.09 0.00 2.1827 0.5999 0.5999
2000 61.59 70.35 0.00 3.9281 0.5170 0.5170
2025 61.59 70.35 0.00 3.9281 0.5170 0.5170
2050 61.84 70.69 0.00 7.0011 -1.5700 -1.5700
2075 62.15 71.01 0.00 8.6243 -1.7960 -1.7960
2100 62.15 71.01 0.00 8.6243 -1.7960 -1.7960
2125 62.56 71.33 0.00 10.2142 -3.5372 -3.5372
2150 62.86 71.54 0.00 6.3824 -2.5675 -2.5675
2175 62.86 71.54 0.00 6.3824 -2.5675 -2.5675
2200 63.02 71.71 0.00 3.2646 -2.3998 -2.3998
2225 63.17 71.86 0.00 3.0423 -3.3330 -3.3330
2250 63.25 71.93 0.00 1.6284 -1.2933 -1.2933
2275 63.25 71.93 0.00 1.6284 -1.2933 -1.2933
2300 63.22 71.91 0.00 -1.7032 0.1793 0.1793
2325 63.18 71.86 0.00 -1.3378 1.5015 1.5015
2350 63.18 71.86 0.00 -1.3378 1.5015 1.5015
2375 63.15 71.77 0.00 -0.5399 -0.8894 -0.8894
2400 63.11 71.62 0.00 -1.3714 0.0202 0.0202
2425 63.11 71.62 0.00 -1.3714 0.0202 0.0202
2450 62.93 71.39 0.00 -6.7830 -0.0639 -0.0639
2475 62.62 71.16 0.00 -7.9268 0.3584 0.3584
2500 62.62 71.16 0.00 -7.9268 0.3584 0.3584
2525 62.30 70.88 0.00 -8.2803 -0.2866 -0.2866
2550 61.91 70.55 0.00 -10.9396 1.3103 1.3103
2575 61.50 70.27 0.00 -9.0162 1.1302 1.1302
2600 61.50 70.27 0.00 -9.0162 1.1302 1.1302
2625 61.18 70.04 0.00 -7.0538 -0.2978 -0.2978
2650 60.95 69.81 0.00 -5.1884 0.4764 0.4764
2675 60.95 69.81 0.00 -5.1884 0.4764 0.4764
2700 60.81 69.61 0.00 -2.6246 0.8702 0.8702
2725 60.74 69.45 0.00 -1.2312 1.6732 1.6732
2750 60.74 69.45 0.00 -1.2312 1.6732 1.6732
2775 60.70 69.34 0.00 -0.1110 0.5668 0.5668
2800 60.74 69.32 0.00 1.1806 0.4972 0.4972
2825 60.78 69.32 0.00 0.9575 1.0168 1.0168
2850 60.78 69.32 0.00 0.9575 1.0168 1.0168
2875 60.79 69.32 0.00 0.2776 0.0993 0.0993
2900 60.81 69.34 0.00 0.3973 0.7183 0.7183
2925 60.81 69.34 0.00 0.3973 0.7183 0.7183
2950 60.83 69.32 0.00 0.1891 1.2865 1.2865
2975 60.85 69.39 0.00 0.4731 2.1609 2.1609
3000 60.85 69.39 0.00 0.4731 2.1609 2.1609
3025 60.86 69.54 0.00 0.3398 0.1890 0.1890
3050 60.88 69.72 0.00 0.8290 -0.1504 -0.1504
3075 60.90 69.81 0.00 0.1000 -0.5022 -0.5022
3100 60.90 69.81 0.00 0.1000 -0.5022 -0.5022
3125 60.86 69.86 0.00 -1.9104 -0.1995 -0.1995
3150 60.74 69.94 0.00 -3.6963 -0.4345 -0.4345
3175 60.74 69.94 0.00 -3.6963 -0.4345 -0.4345
3200 60.55 69.96 0.00 -5.9777 -1.6468 -1.6468
3225 60.28 69.91 0.00 -7.4830 -0.5186 -0.5186
3250 59.89 69.93 0.00 -11.4737 -1.9904 -1.9904
3275 59.89 69.93 0.00 -11.4737 -1.9904 -1.9904
3300 59.36 70.07 0.00 -13.8421 -0.4122 -0.4122
3325 58.80 70.22 0.00 -13.2197 -0.8777 -0.8777
3350 58.80 70.22 0.00 -13.2197 -0.8777 -0.8777
3375 58.33 70.37 0.00 -11.2862 -1.4824 -1.4824
3400 57.85 70.58 0.00 -13.1760 -2.1743 -2.1743
3425 57.85 70.58 0.00 -13.1760 -2.1743 -2.1743
3450 57.27 70.85 0.00 -14.5969 -1.6915 -1.6915
3475 56.69 71.16 0.00 -14.0615 -2.9753 -2.9753
3500 56.69 71.16 0.00 -14.0615 -2.9753 -2.9753
3525 56.10 71.49 0.00 -15.4498 -2.2344 -2.2344
3550 55.50 71.87 0.00 -14.6154 -2.5016 -2.5016
3575 55.50 71.87 0.00 -14.6154 -2.5016 -2.5016
3600 55.00 72.25 0.00 -10.9868 -3.5177 -3.5177
3625 54.61 72.70 0.00 -9.2760 -3.5276 -3.5276
3650 54.24 73.22 0.00 -9.5281 -2.9131 -2.9131
3675 54.24 73.22 0.00 -9.5281 -2.9131 -2.9131
3700 53.82 73.73 0.00 -11.4275 -2.4402 -2.4402
3725 53.30 74.30 0.00 -14.1629 -2.8904 -2.8904
3750 53.30 74.30 0.00 -14.1629 -2.8904 -2.8904
3775 52.72 74.71 0.00 -14.5227 -3.5282 -3.5282
3800 52.16 74.98 0.00 -12.9889 -4.2364 -4.2364
3825 51.69 75.16 0.00 -11.2224 -3.8045 -3.8045
3850 51.69 75.16 0.00 -11.2224 -3.8045 -3.8045
3875 51.38 75.20 0.00 -10.9891 -2.7857 -2.7857
3900 50.87 75.30 0.00 -13.6539 -1.8088 -1.8088
3925 50.31 75.36 0.00 -13.2809 0.5846 0.5846
3950 50.31 75.36 0.00 -13.2809 0.5846 0.5846
3975 49.81 75.32 0.00 -13.0970 -0.9466 -0.9466
4000 49.81 75.32 0.00 -13.0970 -0.9466 -0.9466
4025 49.14 75.41 0.00 -18.8282 -1.4292 -1.4292
4050 48.34 75.57 0.00 -20.3462 -0.4676 -0.4676
4075 48.34 75.57 0.00 -20.3462 -0.4676 -0.4676
4100 47.54 75.72 0.00 -19.5035 -0.0056 -0.0056
4125 46.79 75.90 0.00 -18.5706 -0.1561 -0.1561
4150 46.00 76.18 0.00 -20.5123 -0.2189 -0.2189
4175 46.00 76.18 0.00 -20.5123 -0.2189 -0.2189
4200 45.18 76.63 0.00 -19.9824 0.4227 0.4227
4225 44.43 77.09 0.00 -18.2854 -0.1659 -0.1659
4250 44.43 77.09 0.00 -18.2854 -0.1659 -0.1659
4275 43.73 77.54 0.00 -16.6217 0.5135 0.5135
4300 43.11 78.09 0.00 -14.8161 -0.4666 -0.4666
4325 42.57 78.72 0.00 -12.4604 -2.3084 -2.3084
4350 42.57 78.72 0.00 -12.4604 -2.3084 -2.3084
4375 42.11 79.38 0.00 -11.0431 -1.8903 -1.8903
4400 41.73 79.94 0.00 -9.1008 0.6775 0.6775
4425 41.73 79.94 0.00 -9.1008 0.6775 0.6775
4450 41.36 80.47 0.00 -9.3025 -1.3299 -1.3299
4475 40.93 80.96 0.00 -11.1199 -2.8187 -2.8187
4500 40.93 80.96 0.00 -11.1199 -2.8187 -2.8187
4525 40.62 81.31 0.00 -10.7895 -2.4190 -2.4190
4550 40.18 81.69 0.00 -11.1161 -3.0979 -3.0979
4575 40.18 81.69 0.00 -11.1161 -3.0979 -3.0979
4600 39.68 81.96 0.00 -13.6366 -2.7485 -2.7485
4625 38.98 82.20 0.00 -20.0537 -3.6581 -3.6581
4650 38.98 82.20 0.00 -20.0537 -3.6581 -3.6581
4675 38.06 82.35 0.00 -24.7231 -3.4486 -3.4486
4700 36.80 82.50 0.00 -36.1211 -2.2531 -2.2531
4725 35.23 82.62 0.00 -40.0952 -0.4481 -0.4481
4750 35.23 82.62 0.00 -40.0952 -0.4481 -0.4481
4775 33.62 82.73 0.00 -40.7755 -0.7928 -0.7928
4800 31.94 82.95 0.00 -43.0321 0.4286 0.4286
4825 30.27 83.24 0.00 -40.4800 0.9492 0.9492
4850 30.27 83.24 0.00 -40.4800 0.9492 0.9492
4875 28.74 83.57 0.00 -36.1610 1.7009 1.7009
4900 27.37 83.94 0.00 -33.7105 1.9424 1.9424
4925 27.37 83.94 0.00 -33.7105 1.9424 1.9424
4950 26.10 84.40 0.00 -29.8822 2.7266 2.7266
4975 24.96 84.91 0.00 -28.8799 5.6271 5.6271
5000 24.96 84.91 0.00 -28.8799 5.6271 5.6271
5025 23.75 85.32 0.00 -30.8322 7.0790 7.0790
5050 22.68 85.86 0.00 -22.8318 4.6484 4.6484
5075 21.91 86.51 0.00 -17.5502 3.0690 3.0690
5100 21.91 86.51 0.00 -17.5502 3.0690 3.0690
5125 21.29 87.22 0.00 -13.2185 2.1862 2.1862
5150 21.29 87.22 0.00 -13.2185 2.1862 2.1862
5175 20.87 88.06 0.00 -8.8951 2.8976 2.8976
5200 20.51 88.90 0.00 -9.7947 2.3571 2.3571
5225 20.15 89.67 0.00 -7.2597 2.0364 2.0364
5250 20.15 89.67 0.00 -7.2597 2.0364 2.0364
5275 19.96 90.25 0.00 -4.8602 -1.0276 -1.0276
5300 19.77 90.71 0.00 -4.2744 0.8562 0.8562
5325 19.77 90.71 0.00 -4.2744 0.8562 0.8562
5350 19.75 90.95 0.00 2.4480 -1.4690 -1.4690
5375 19.94 90.98 0.00 5.2070 -1.8988 -1.8988
5400 20.13 90.94 0.00 4.3897 0.1398 0.1398
5425 20.13 90.94 0.00 4.3897 0.1398 0.1398
5450 20.28 90.85 0.00 5.7624 -0.4216 -0.4216
5475 20.53 90.65 0.00 5.8631 0.5989 0.5989
5500 20.53 90.65 0.00 5.8631 0.5989 0.5989
5525 20.74 90.44 0.00 4.3792 -0.0298 -0.0298
5550 20.91 90.10 0.00 3.8057 0.4531 0.4531
5575 20.99 89.77 0.00 1.4235 0.1823 0.1823
5600 20.99 89.77 0.00 1.4235 0.1823 0.1823
5625 21.04 89.49 0.00 0.7092 -0.7024 -0.7024
5650 21.00 89.19 0.00 -1.6552 -0.3272 -0.3272
5675 21.00 89.19 0.00 -1.6552 -0.3272 -0.3272
5700 20.91 88.90 0.00 -2.2487 -0.1598 -0.1598
5725 20.91 88.90 0.00 -2.2487 -0.1598 -0.1598
5750 20.87 88.64 0.00 -0.4794 -0.7398 -0.7398
5775 20.85 88.37 0.00 -0.8107 -1.1160 -1.1160
5800 20.78 88.13 0.00 -2.7359 -2.6363 -2.6363
5825 20.78 88.13 0.00 -2.7359 -2.6363 -2.6363
5850 20.64 87.91 0.00 -3.0125 -0.7918 -0.7918
5875 20.51 87.79 0.00 -3.5187 0.2861 0.2861
5900 20.42 87.62 0.00 -1.2708 0.2674 0.2674
5925 20.42 87.62 0.00 -1.2708 0.2674 0.2674
5950 20.44 87.44 0.00 2.0636 0.8139 0.8139
5975 20.57 87.24 0.00 3.9658 -0.8875 -0.8875
6000 20.57 87.24 0.00 3.9658 -0.8875 -0.8875
6025 20.80 86.95 0.00 6.3618 0.5103 0.5103
6050 21.06 86.57 0.00 6.8170 -0.3264 -0.3264
6075 21.06 86.57 0.00 6.8170 -0.3264 -0.3264
6100 21.40 85.99 0.00 9.5295 1.6981 1.6981
6125 21.83 85.35 0.00 11.3229 -0.4569 -0.4569
6150 22.32 84.78 0.00 12.5864 0.5692 0.5692
6175 22.32 84.78 0.00 12.5864 0.5692 0.5692
6200 22.83 84.20 0.00 12.6184 0.2240 0.2240
6225 23.22 83.80 0.00 13.5779 -0.0326 -0.0326
6250 23.22 83.80 0.00 13.5779 -0.0326 -0.0326
6275 23.80 83.27 0.00 14.7469 -0.2050 -0.2050
6300 24.38 82.82 0.00 14.0766 0.2790 0.2790
6325 24.38 82.82 0.00 14.0766 0.2790 0.2790
6350 24.88 82.39 0.00 11.8743 0.0641 0.0641
6375 25.36 81.84 0.00 11.9579 -1.0338 -1.0338
6400 25.83 81.27 0.00 11.6176 0.3883 0.3883
6425 25.83 81.27 0.00 11.6176 0.3883 0.3883
6450 26.25 80.73 0.00 10.1258 0.6785 0.6785
6475 26.69 80.20 0.00 12.0347 -1.7502 -1.7502
6500 27.15 79.54 0.00 10.4293 -2.3757 -2.3757
6525 27.15 79.54 0.00 10.4293 -2.3757 -2.3757
6550 27.50 78.79 0.00 8.2620 -1.1572 -1.1572
6575 27.85 78.09 0.00 9.2742 -0.1153 -0.1153
6600 27.85 78.09 0.00 9.2742 -0.1153 -0.1153
6625 28.29 77.35 0.00 12.0156 0.4479 0.4479
6650 28.82 76.40 0.00 13.8814 0.8494 0.8494
6675 28.82 76.40 0.00 13.8814 0.8494 0.8494
6700 29.36 75.21 0.00 13.3226 -0.3650 -0.3650
6725 29.93 74.01 0.00 14.2213 -0.0690 -0.0690
6750 29.93 74.01 0.00 14.2213 -0.0690 -0.0690
6775 30.47 72.99 0.00 13.0875 -1.0721 -1.0721
6800 30.98 71.83 0.00 12.8172 0.1801 0.1801
6825 31.45 70.59 0.00 10.6914 -1.2064 -1.2064
6850 31.45 70.59 0.00 10.6914 -1.2064 -1.2064
6875 31.86 69.43 0.00 10.9949 -0.9456 -0.9456
6900 32.37 68.17 0.00 13.2644 -0.0015 -0.0015
6925 32.37 68.17 0.00 13.2644 -0.0015 -0.0015
6950 32.87 66.94 0.00 11.6942 -0.1502 -0.1502
6975 33.18 66.01 0.00 9.2588 1.3247 1.3247
7000 33.18 66.01 0.00 9.2588 1.3247 1.3247
7025 33.48 64.86 0.00 7.2778 1.7155 1.7155
7050 33.70 63.81 0.00 3.8268 0.3351 0.3351
7075 33.79 62.90 0.00 0.9841 -0.4697 -0.4697
7100 33.79 62.90 0.00 0.9841 -0.4697 -0.4697
7125 33.79 62.17 0.00 -0.4809 0.1513 0.1513
7150 33.77 61.77 0.00 -0.1288 0.6237 0.6237
7175 33.77 61.77 0.00 -0.1288 0.6237 0.6237
7200 33.79 61.51 0.00 0.4057 -0.9940 -0.9940
7225 33.71 61.32 0.00 -3.1303 -0.7811 -0.7811
7250 33.50 61.11 0.00 -7.1981 -2.4832 -2.4832
7275 33.50 61.11 0.00 -7.1981 -2.4832 -2.4832
7300 33.19 60.90 0.00 -6.7257 -1.6711 -1.6711
7325 33.00 60.78 0.00 -4.2521 0.1629 0.1629
7350 33.00 60.78 0.00 -4.2521 0.1629 0.1629
7375 32.83 60.70 0.00 -4.3077 -0.8606 -0.8606
7400 32.71 60.64 0.00 -1.3794 -0.6316 -0.6316
7425 32.71 60.64 0.00 -1.3794 -0.6316 -0.6316
7450 32.76 60.62 0.00 2.6343 0.1742 0.1742
7475 32.91 60.50 0.00 3.8231 1.5514 1.5514
7500 33.07 60.05 0.00 3.8954 2.3284 2.3284
7525 33.07 60.05 0.00 3.8954 2.3284 2.3284
7550 33.23 59.43 0.00 4.2526 3.9116 3.9116
7575 33.37 58.66 0.00 3.0701 2.2594 2.2594
7600 33.37 58.66 0.00 3.0701 2.2594 2.2594
7625 33.48 57.80 0.00 2.8169 1.9478 1.9478
7650 33.62 56.79 0.00 4.3597 1.1160 1.1160
7675 33.62 56.79 0.00 4.3597 1.1160 1.1160
7700 33.84 55.80 0.00 5.4535 0.2286 0.2286
7725 34.02 55.00 0.00 3.6221 0.8244 0.8244
7750 34.07 54.49 0.00 1.5210 0.6055 0.6055
7775 34.07 54.49 0.00 1.5210 0.6055 0.6055
7800 34.05 53.85 0.00 -1.5279 -0.2170 -0.2170
7825 33.96 53.30 0.00 -2.3235 -0.4879 -0.4879
7850 33.96 53.30 0.00 -2.3235 -0.4879 -0.4879
7875 33.86 52.94 0.00 -3.4018 -1.7905 -1.7905
7900 33.71 52.60 0.00 -3.1701 -2.3044 -2.3044
7925 33.71 52.60 0.00 -3.1701 -2.3044 -2.3044
7950 33.66 52.22 0.00 0.3435 -2.2028 -2.2028
7975 33.80 51.75 0.00 4.5793 0.9939 0.9939
8000 33.80 51.75 0.00 4.5793 0.9939 0.9939
8025 34.02 51.33 0.00 5.6883 1.5584 1.5584
8050 34.23 51.08 0.00 5.0088 1.7238 1.7238
8075 34.39 50.75 0.00 3.6386 1.5462 1.5462
8100 34.39 50.75 0.00 3.6386 1.5462 1.5462
8125 34.54 50.38 0.00 3.7870 0.5750 0.5750
8150 34.73 49.99 0.00 5.3441 1.2465 1.2465
8175 34.73 49.99 0.00 5.3441 1.2465 1.2465
8200 34.97 49.45 0.00 6.5250 2.6985 2.6985
8225 35.25 48.74 0.00 7.4429 2.6674 2.6674
8250 35.25 48.74 0.00 7.4429 2.6674 2.6674
8275 35.55 47.87 0.00 7.0887 1.5598 1.5598
8300 35.79 47.07 0.00 5.7385 1.3401 1.3401
8325 36.02 46.20 0.00 5.3398 1.0516 1.0516
8350 36.02 46.20 0.00 5.3398 1.0516 1.0516
8375 36.21 45.39 0.00 4.3497 1.2892 1.2892
8400 36.21 45.39 0.00 4.3497 1.2892 1.2892
8425 36.32 44.47 0.00 2.1709 0.9398 0.9398
8450 36.41 43.46 0.00 2.1805 0.7067 0.7067
8475 36.46 42.46 0.00 1.2649 0.5791 0.5791
8500 36.46 42.46 0.00 1.2649 0.5791 0.5791
8525 36.48 41.74 0.00 0.1155 -0.4936 -0.4936
8550 36.48 40.75 0.00 0.0060 -0.7827 -0.7827
8575 36.50 39.98 0.00 0.5712 -0.0638 -0.0638
8600 36.50 39.98 0.00 0.5712 -0.0638 -0.0638
8625 36.50 39.49 0.00 -0.0562 0.1322 0.1322
8650 36.50 39.25 0.00 -0.2133 -0.8574 -0.8574
8675 36.50 39.25 0.00 -0.2133 -0.8574 -0.8574
8700 36.48 39.14 0.00 -0.3506 -2.6322 -2.6322
8725 36.50 39.06 0.00 0.5093 0.6627 0.6627
8750 36.50 39.06 0.00 0.5093 0.6627 0.6627
8775 36.50 38.99 0.00 0.3062 -0.4228 -0.4228
8800 36.53 38.95 0.00 1.1698 1.9308 1.9308
8825 36.59 38.80 0.00 0.8057 0.7783 0.7783
8850 36.59 38.80 0.00 0.8057 0.7783 0.7783
8875 36.62 38.74 0.00 1.7915 0.1991 0.1991
8900 36.69 38.44 0.00 1.1075 -0.2731 -0.2731
8925 36.71 38.06 0.00 0.4968 -0.2558 -0.2558
8950 36.71 38.06 0.00 0.4968 -0.2558 -0.2558
8975 36.75 37.51 0.00 1.2132 1.1984 1.1984
9000 36.78 36.93 0.00 0.4987 0.0909 0.0909
9025 36.78 36.93 0.00 0.4987 0.0909 0.0909
9050 36.82 36.27 0.00 1.6448 1.2030 1.2030
9075 36.91 35.55 0.00 2.3298 1.1829 1.1829
9100 36.91 35.55 0.00 2.3298 1.1829 1.1829
9125 36.96 34.82 0.00 0.3484 1.9393 1.9393
9150 36.91 33.97 0.00 -1.8745 0.5244 0.5244
9175 36.91 33.97 0.00 -1.8745 0.5244 0.5244
9200 36.83 33.35 0.00 -1.8954 -0.7002 -0.7002
9225 36.75 32.90 0.00 -2.1220 -1.0432 -1.0432
9250 36.75 32.90 0.00 -2.1220 -1.0432 -1.0432
9275 36.62 32.37 0.00 -3.8177 -1.3464 -1.3464
9300 36.46 32.01 0.00 -3.6081 -0.6564 -0.6564
9325 36.36 31.82 0.00 -4.6860 -1.1633 -1.1633
9350 36.36 31.82 0.00 -4.6860 -1.1633 -1.1633
9375 36.07 31.60 0.00 -7.8761 -3.4937 -3.4937
9400 35.71 31.36 0.00 -9.8463 -4.2130 -4.2130
9425 35.71 31.36 0.00 -9.8463 -4.2130 -4.2130
9450 35.30 31.17 0.00 -9.5739 -0.3113 -0.3113
9475 34.91 31.09 0.00 -10.5899 -0.9510 -0.9510
9500 34.36 31.09 0.00 -16.6984 -4.1728 -4.1728
9525 34.36 31.09 0.00 -16.6984 -4.1728 -4.1728
9550 33.62 31.05 0.00 -18.6367 -3.6529 -3.6529
9575 32.91 30.96 0.00 -17.4315 -3.4211 -3.4211
9600 32.91 30.96 0.00 -17.4315 -3.4211 -3.4211
9625 32.26 30.63 0.00 -15.3935 -0.1831 -0.1831
9650 31.75 30.25 0.00 -9.4703 -0.9980 -0.9980
9675 31.75 30.25 0.00 -9.4703 -0.9980 -0.9980
9700 31.57 29.79 0.00 -1.3204 1.3991 1.3991
9725 31.54 29.41 0.00 -1.4884 -2.9674 -2.9674
9750 31.48 28.96 0.00 -1.1019 -2.2129 -2.2129
9775 31.48 28.96 0.00 -1.1019 -2.2129 -2.2129
9800 31.50 28.52 0.00 1.8191 -0.1886 -0.1886
9825 31.61 28.25 0.00 3.4526 1.1858 1.1858
9850 31.61 28.25 0.00 3.4526 1.1858 1.1858
9875 31.77 27.77 0.00 3.8284 0.9725 0.9725
9900 31.92 27.19 0.00 3.2256 1.0532 1.0532
9925 31.92 27.19 0.00 3.2256 1.0532 1.0532
9950 32.06 26.61 0.00 4.1103 1.8109 1.8109
9975 32.24 26.12 0.00 4.9015 2.0957 2.0957
10000 32.40 25.85 0.00 2.9636 0.5875 0.5875
10025 32.40 25.85 0.00 2.9636 0.5875 0.5875
10050 32.48 25.42 0.00 1.3400 -1.8134 -1.8134
10075 32.48 24.96 0.00 -0.7676 -3.7852 -3.7852
10100 32.48 24.96 0.00 -0.7676 -3.7852 -3.7852
10125 32.44 24.54 0.00 -1.2916 -2.1451 -2.1451
10150 32.33 24.09 0.00 -3.4065 -2.0309 -2.0309
10175 32.33 24.09 0.00 -3.4065 -2.0309 -2.0309
10200 32.17 23.71 0.00 -3.9438 -0.5875 -0.5875
10225 31.99 23.22 0.00 -5.8288 -1.6529 -1.6529
10250 31.66 22.81 0.00 -9.3040 -2.7540 -2.7540
10275 31.66 22.81 0.00 -9.3040 -2.7540 -2.7540
10300 31.29 22.35 0.00 -9.7030 -3.4910 -3.4910
10325 30.85 21.92 0.00 -11.0356 -5.0124 -5.0124
10350 30.85 21.92 0.00 -11.0356 -5.0124 -5.0124
10375 30.29 21.43 0.00 -17.1366 -7.7569 -7.7569
10400 29.55 21.03 0.00 -17.3534 -8.0691 -8.0691
10425 28.98 20.66 0.00 -12.5309 -4.9968 -4.9968
10450 28.98 20.66 0.00 -12.5309 -4.9968 -4.9968
10475 28.51 20.29 0.00 -10.8327 -4.2061 -4.2061
10500 28.18 19.94 0.00 -6.6277 -0.9817 -0.9817
10525 28.18 19.94 0.00 -6.6277 -0.9817 -0.9817
10550 27.89 19.54 0.00 -9.0269 -2.5040 -2.5040
10575 27.48 19.15 0.00 -9.6437 -2.0128 -2.0128
10600 27.19 18.80 0.00 -5.3507 0.0814 0.0814
10625 27.19 18.80 0.00 -5.3507 0.0814 0.0814
10650 26.95 18.53 0.00 -8.0009 -2.2391 -2.2391
10675 26.95 18.53 0.00 -8.0009 -2.2391 -2.2391
10700 26.56 18.24 0.00 -9.0651 -3.8326 -3.8326
10725 26.29 18.04 0.00 -6.2372 -4.6798 -4.6798
10750 26.29 18.04 0.00 -6.2372 -4.6798 -4.6798
10775 26.01 17.79 0.00 -7.6561 -6.0851 -6.0851
10800 25.79 17.50 0.00 -6.6398 -3.5680 -3.5680
10825 25.57 17.23 0.00 -5.7888 -3.3641 -3.3641
10850 25.57 17.23 0.00 -5.7888 -3.3641 -3.3641
10875 25.33 17.08 0.00 -5.9269 -2.3779 -2.3779
10900 25.10 16.97 0.00 -5.4893 -4.1100 -4.1100
10925 24.75 16.91 0.00 -11.5777 -6.3488 -6.3488
10950 24.75 16.91 0.00 -11.5777 -6.3488 -6.3488
10975 24.18 16.84 0.00 -15.5722 -5.6766 -5.6766
11000 23.50 16.67 0.00 -16.7902 -6.7041 -6.7041
11025 23.50 16.67 0.00 -16.7902 -6.7041 -6.7041
11050 22.91 16.49 0.00 -14.7994 -2.6183 -2.6183
11075 22.23 16.23 0.00 -17.5999 -6.7965 -6.7965
11100 22.23 16.23 0.00 -17.5999 -6.7965 -6.7965
11125 21.63 16.04 0.00 -13.7973 -3.2288 -3.2288
11150 21.12 15.87 0.00 -13.1913 -3.3324 -3.3324
11175 21.12 15.87 0.00 -13.1913 -3.3324 -3.3324
11200 20.47 15.77 0.00 -16.9402 -7.7086 -7.7086
11225 19.83 15.54 0.00 -15.8437 -5.7535 -5.7535
11250 19.06 15.36 0.00 -21.3294 -10.5716 -10.5716
11275 19.06 15.36 0.00 -21.3294 -10.5716 -10.5716
11300 18.20 15.08 0.00 -21.2952 -13.1712 -13.1712
11325 17.41 14.67 0.00 -17.4486 -4.9352 -4.9352
11350 17.41 14.67 0.00 -17.4486 -4.9352 -4.9352
11375 16.81 14.41 0.00 -15.7038 -2.1546 -2.1546
11400 16.13 14.04 0.00 -15.9725 -7.9769 -7.9769
11425 16.13 14.04 0.00 -15.9725 -7.9769 -7.9769
11450 15.55 13.59 0.00 -14.0476 -11.8650 -11.8650
11475 15.08 13.07 0.00 -10.4756 -7.4758 -7.4758
11500 14.67 12.59 0.00 -11.8779 -7.0093 -7.0093
11525 14.67 12.59 0.00 -11.8779 -7.0093 -7.0093
11550 14.16 12.14 0.00 -11.4365 -5.7006 -5.7006
11575 13.86 11.73 0.00 -6.0933 -3.1306 -3.1306
11600 13.86 11.73 0.00 -6.0933 -3.1306 -3.1306
11625 13.37 11.28 0.00 -16.2368 -13.4690 -13.4690
11650 12.89 10.86 0.00 -14.6411 -9.0767 -9.0767
11675 12.89 10.86 0.00 -14.6411 -9.0767 -9.0767
11700 12.59 10.58 0.00 -2.5628 1.1416 1.1416
11725 12.63 10.48 0.00 2.6600 1.2475 1.2475
11750 12.81 10.39 0.00 4.7791 0.6504 0.6504
11775 12.81 10.39 0.00 4.7791 0.6504 0.6504
11800 13.11 10.60 0.00 9.4127 3.5736 3.5736
11825 13.52 11.12 0.00 9.8711 8.0941 8.0941
11850 13.52 11.12 0.00 9.8711 8.0941 8.0941
11875 13.70 11.36 0.00 1.1599 -0.4870 -0.4870
11900 13.70 11.17 0.00 1.1145 -0.2319 -0.2319
11925 13.86 11.26 0.00 4.7623 2.2555 2.2555
11950 13.86 11.26 0.00 4.7623 2.2555 2.2555
11975 14.08 11.92 0.00 6.5671 6.3372 6.3372
12000 14.55 13.44 0.00 14.7691 11.2464 11.2464
12025 14.55 13.44 0.00 14.7691 11.2464 11.2464
12050 15.25 15.74 0.00 19.6710 9.9713 9.9713
12075 16.11 18.59 0.00 22.4569 12.9798 12.9798
12100 16.11 18.59 0.00 22.4569 12.9798 12.9798
12125 16.91 20.64 0.00 16.9373 5.1158 5.1158
12150 17.30 21.81 0.00 4.5862 -4.1634 -4.1634
12175 17.30 21.81 0.00 4.5862 -4.1634 -4.1634
12200 17.37 22.20 0.00 1.3149 -5.9650 -5.9650
12225 17.45 22.60 0.00 3.2476 0.5831 0.5831
12250 17.70 23.52 0.00 7.5639 8.4832 8.4832
12275 17.70 23.52 0.00 7.5639 8.4832 8.4832
12300 17.99 24.22 0.00 6.6482 4.5060 4.5060
12325 18.26 24.76 0.00 6.1195 4.6565 4.6565
12350 18.26 24.76 0.00 6.1195 4.6565 4.6565
12375 18.37 25.08 0.00 1.0619 0.2113 0.2113
12400 18.35 24.98 0.00 0.0250 -3.7352 -3.7352
12425 18.41 24.79 0.00 2.2947 -1.8360 -1.8360
12450 18.41 24.79 0.00 2.2947 -1.8360 -1.8360
12475 18.53 24.81 0.00 3.5138 2.4410 2.4410
12500 18.70 24.84 0.00 4.6246 2.5949 2.5949
12525 18.70 24.84 0.00 4.6246 2.5949 2.5949
12550 18.97 25.01 0.00 7.7167 5.0124 5.0124
12575 18.97 25.01 0.00 7.7167 5.0124 5.0124
12600 19.18 25.22 0.00 3.6973 1.1891 1.1891
12625 19.26 25.21 0.00 1.0270 -1.8764 -1.8764
12650 19.29 25.05 0.00 1.1037 -0.5313 -0.5313
12675 19.24 24.79 0.00 -3.6363 -1.2510 -1.2510
12700 19.24 24.79 0.00 -3.6363 -1.2510 -1.2510
12725 19.06 24.51 0.00 -3.1621 -1.9552 -1.9552
12750 19.04 24.51 0.00 0.6713 0.4408 0.4408
12775 19.04 24.51 0.00 0.6713 0.4408 0.4408
12800 19.08 24.56 0.00 0.7182 -0.9229 -0.9229
12825 19.12 24.42 0.00 1.8701 -2.1179 -2.1179
12850 19.29 24.28 0.00 5.3107 4.0926 4.0926
12875 19.29 24.28 0.00 5.3107 4.0926 4.0926
12900 19.48 24.21 0.00 3.8916 2.2030 2.2030
12925 19.64 24.32 0.00 4.4484 4.4996 4.4996
12950 19.64 24.32 0.00 4.4484 4.4996 4.4996
12975 19.87 24.60 0.00 6.3692 1.9326 1.9326
13000 20.17 24.90 0.00 8.4746 2.6794 2.6794
13025 20.55 25.16 0.00 9.7984 2.0754 2.0754
13050 20.55 25.16 0.00 9.7984 2.0754 2.0754
13075 21.06 25.51 0.00 15.0709 4.4686 4.4686
13100 21.83 25.98 0.00 22.1363 8.8256 8.8256
13125 21.83 25.98 0.00 22.1363 8.8256 8.8256
13150 22.91 26.70 0.00 28.7274 13.9053 13.9053
13175 24.08 27.55 0.00 28.8651 9.1014 9.1014
13200 24.08 27.55 0.00 28.8651 9.1014 9.1014
13225 24.96 28.39 0.00 29.1845 8.1482 8.1482
13250 24.96 28.39 0.00 29.1845 8.1482 8.1482
13275 26.08 29.46 0.00 27.4310 9.2872 9.2872
13300 27.10 30.87 0.00 23.8631 8.9657 8.9657
13325 27.98 32.06 0.00 20.7057 8.2816 8.2816
13350 27.98 32.06 0.00 20.7057 8.2816 8.2816
13375 28.69 33.17 0.00 16.4525 4.7309 4.7309
13400 29.31 34.34 0.00 15.1272 3.4012 3.4012
13425 29.31 34.34 0.00 15.1272 3.4012 3.4012
13450 29.89 35.10 0.00 13.5160 4.4652 4.4652
13475 30.31 35.72 0.00 8.6114 0.6089 0.6089
13500 30.65 36.24 0.00 9.8891 1.0593 1.0593
13525 30.65 36.24 0.00 9.8891 1.0593 1.0593
13550 31.16 36.86 0.00 12.9942 5.2253 5.2253
13575 31.70 37.79 0.00 14.9003 5.4579 5.4579
13600 31.70 37.79 0.00 14.9003 5.4579 5.4579
13625 32.42 38.61 0.00 19.5389 5.1825 5.1825
13650 33.18 39.36 0.00 17.8515 4.8992 4.8992
13675 33.88 40.06 0.00 18.0983 2.7370 2.7370
13700 33.88 40.06 0.00 18.0983 2.7370 2.7370
13725 34.72 40.87 0.00 22.2755 4.3026 4.3026
13750 35.64 41.50 0.00 23.4630 5.2704 5.2704
13775 35.64 41.50 0.00 23.4630 5.2704 5.2704
13800 36.52 42.15 0.00 20.4432 5.3588 5.3588
13825 37.47 43.04 0.00 28.4833 8.4615 8.4615
13850 38.87 44.25 0.00 36.8662 11.1234 11.1234
13875 38.87 44.25 0.00 36.8662 11.1234 11.1234
13900 40.41 45.72 0.00 39.1292 9.5492 9.5492
13925 41.90 46.83 0.00 35.6102 8.2688 8.2688
13950 41.90 46.83 0.00 35.6102 8.2688 8.2688
13975 43.25 47.84 0.00 32.9276 6.1488 6.1488
14000 44.13 48.48 0.00 27.3098 5.7114 5.7114
14025 44.13 48.48 0.00 27.3098 5.7114 5.7114
14050 45.09 49.30 0.00 22.7224 4.2926 4.2926
14075 45.95 50.17 0.00 20.4273 2.8460 2.8460
14100 45.95 50.17 0.00 20.4273 2.8460 2.8460
14125 46.70 51.16 0.00 18.6844 1.7290 1.7290
14150 47.42 52.00 0.00 16.5922 0.8569 0.8569
14175 47.99 52.80 0.00 13.7594 -1.2285 -1.2285
14200 47.99 52.80 0.00 13.7594 -1.2285 -1.2285
14225 48.59 53.64 0.00 15.3195 0.2511 0.2511
14250 49.13 54.30 0.00 12.8726 0.6675 0.6675
14275 49.69 55.22 0.00 14.7272 1.2337 1.2337
14300 49.69 55.22 0.00 14.7272 1.2337 1.2337
14325 50.35 56.12 0.00 17.6169 2.1743 2.1743
14350 50.35 56.12 0.00 17.6169 2.1743 2.1743
14375 51.15 57.41 0.00 21.6732 2.6030 2.6030
14400 52.02 58.54 0.00 21.8666 4.3318 4.3318
14425 52.97 59.79 0.00 24.5602 0.6809 0.6809
14450 52.97 59.79 0.00 24.5602 0.6809 0.6809
14475 53.96 61.04 0.00 25.5675 3.3617 3.3617
14500 55.00 62.08 0.00 25.5400 3.2020 3.2020
14525 55.00 62.08 0.00 25.5400 3.2020 3.2020
14550 56.05 63.38 0.00 27.5441 3.0603 3.0603
14575 57.27 64.47 0.00 31.8032 1.6362 1.6362
14600 57.27 64.47 0.00 31.8032 1.6362 1.6362
14625 58.49 65.42 0.00 29.5381 2.8013 2.8013
14650 59.61 66.27 0.00 26.0933 0.9260 0.9260
14675 60.60 66.86 0.00 24.2733 0.4673 0.4673
14700 60.60 66.86 0.00 24.2733 0.4673 0.4673
14725 61.55 67.58 0.00 22.3367 0.0295 0.0295
14750 62.12 68.03 0.00 17.6570 0.1662 0.1662
14775 62.12 68.03 0.00 17.6570 0.1662 0.1662
14800 62.81 68.43 0.00 17.7732 -0.9825 -0.9825
14825 63.64 69.19 0.00 22.8344 -2.1154 -2.1154
14850 63.64 69.19 0.00 22.8344 -2.1154 -2.1154
14875 64.61 70.16 0.00 24.6295 -2.5701 -2.5701
14900 65.80 71.08 0.00 33.2375 -0.3159 -0.3159
14925 67.20 71.98 0.00 35.1133 -3.5800 -3.5800
14950 67.20 71.98 0.00 35.1133 -3.5800 -3.5800
14975 68.55 73.02 0.00 32.2148 -1.8062 -1.8062
15000 69.71 74.29 0.00 27.2670 -2.1051 -2.1051
15025 69.71 74.29 0.00 27.2670 -2.1051 -2.1051
15050 70.76 75.80 0.00 26.7889 -2.8789 -2.8789
15075 71.71 77.20 0.00 20.4458 -2.2790 -2.2790
15100 72.32 78.51 0.00 13.0264 -2.1138 -2.1138
15125 72.32 78.51 0.00 13.0264 -2.1138 -2.1138
15150 73.03 79.65 0.00 21.9241 -4.1535 -4.1535
15175 74.06 80.37 0.00 27.5456 -4.6542 -4.6542
15200 74.06 80.37 0.00 27.5456 -4.6542 -4.6542
15225 75.19 81.36 0.00 28.4811 -4.2635 -4.2635
15250 76.29 82.94 0.00 25.9746 -6.5261 -6.5261
15275 76.29 82.94 0.00 25.9746 -6.5261 -6.5261
15300 77.17 84.80 0.00 19.5196 -5.8297 -5.8297
15325 77.73 86.24 0.00 12.0679 -3.5274 -3.5274
15350 78.17 86.91 0.00 11.1107 0.6129 0.6129
15375 78.17 86.91 0.00 11.1107 0.6129 0.6129
15400 78.60 87.46 0.00 10.2056 -0.5084 -0.5084
15425 79.01 87.82 0.00 11.3068 0.6066 0.6066
15450 79.01 87.82 0.00 11.3068 0.6066 0.6066
15475 79.49 88.39 0.00 11.3649 -5.2376 -5.2376
15500 80.02 89.14 0.00 16.3940 -4.2122 -4.2122
15525 80.02 89.14 0.00 16.3940 -4.2122 -4.2122
15550 80.61 90.02 0.00 20.4280 -6.9257 -6.9257
15575 81.34 91.11 0.00 15.1106 -6.4321 -6.4321
15600 81.72 91.94 0.00 8.3045 -2.6552 -2.6552
15625 81.72 91.94 0.00 8.3045 -2.6552 -2.6552
15650 82.05 92.40 0.00 7.2055 -2.6365 -2.6365
15675 82.14 92.73 0.00 -0.1467 -1.1181 -1.1181
15700 82.14 92.73 0.00 -0.1467 -1.1181 -1.1181
15725 82.01 92.88 0.00 -5.3807 1.0990 1.0990
15750 81.68 92.78 0.00 -9.2264 1.1633 1.1633
15775 81.68 92.78 0.00 -9.2264 1.1633 1.1633
15800 81.22 92.70 0.00 -13.3534 1.2521 1.2521
15825 80.69 92.49 0.00 -13.0252 2.1242 2.1242
15850 80.12 92.17 0.00 -15.2225 2.8462 2.8462
15875 80.12 92.17 0.00 -15.2225 2.8462 2.8462
15900 79.49 91.59 0.00 -15.4450 5.9936 5.9936
15925 78.92 90.99 0.00 -13.8162 4.1060 4.1060
15950 78.92 90.99 0.00 -13.8162 4.1060 4.1060
15975 78.35 90.38 0.00 -14.3612 5.3135 5.3135
16000 77.86 89.72 0.00 -9.9916 4.5639 4.5639
16025 77.56 89.10 0.00 -5.1361 3.5020 3.5020
16050 77.56 89.10 0.00 -5.1361 3.5020 3.5020
16075 77.56 88.60 0.00 2.9966 3.7681 3.7681
16100 77.56 88.60 0.00 2.9966 3.7681 3.7681
16125 77.81 88.11 0.00 6.3486 1.3020 1.3020
16150 78.03 87.49 0.00 7.0539 2.6306 2.6306
16175 78.56 86.82 0.00 16.9469 1.8469 1.8469
16200 78.56 86.82 0.00 16.9469 1.8469 1.8469
16225 79.39 86.35 0.00 21.1357 -1.8491 -1.8491
16250 79.39 86.35 0.00 21.1357 -1.8491 -1.8491
16275 80.13 85.89 0.00 16.8029 -0.7638 -0.7638
16300 80.80 85.20 0.00 18.0798 0.7105 0.7105
16325 81.47 84.54 0.00 24.0620 -2.6463 -2.6463
16350 82.47 83.80 0.00 24.3953 -3.9285 -3.9285
16375 82.47 83.80 0.00 24.3953 -3.9285 -3.9285
16400 83.40 83.07 0.00 23.2897 -3.0469 -3.0469
16425 84.30 82.32 0.00 21.2934 -4.7510 -4.7510
16450 84.30 82.32 0.00 21.2934 -4.7510 -4.7510
16475 85.14 81.77 0.00 22.4230 -2.3639 -2.3639
16500 86.00 81.31 0.00 18.8741 -4.4403 -4.4403
16525 86.46 81.01 0.00 7.0451 0.1808 0.1808
16550 86.46 81.01 0.00 7.0451 0.1808 0.1808
16575 86.52 80.76 0.00 -1.9225 4.0539 4.0539
16600 86.34 80.41 0.00 -5.6818 5.6091 5.6091
16625 86.34 80.41 0.00 -5.6818 5.6091 5.6091
16650 86.08 80.25 0.00 -7.0485 4.2648 4.2648
16675 85.73 80.13 0.00 -9.0635 3.1959 3.1959
16700 85.73 80.13 0.00 -9.0635 3.1959 3.1959
16725 85.39 80.00 0.00 -7.9562 2.5621 2.5621
16750 85.04 80.07 0.00 -9.5813 2.9115 2.9115
16775 85.04 80.07 0.00 -9.5813 2.9115 2.9115
16800 84.73 80.24 0.00 -6.4901 1.3338 1.3338
16825 84.59 80.26 0.00 -4.1334 -0.9026 -0.9026
16850 84.51 80.35 0.00 -1.5944 0.1004 0.1004
16875 84.51 80.35 0.00 -1.5944 0.1004 0.1004
16900 84.49 80.41 0.00 0.6318 0.1052 0.1052
16925 84.55 80.41 0.00 1.8749 0.9935 0.9935
16950 84.55 80.41 0.00 1.8749 0.9935 0.9935
16975 84.59 80.45 0.00 0.2177 1.2836 1.2836
17000 84.55 80.46 0.00 -1.7761 1.3488 1.3488
17025 84.55 80.46 0.00 -1.7761 1.3488 1.3488
17050 84.47 80.34 0.00 -2.0582 1.8021 1.8021
17075 84.35 80.08 0.00 -3.2119 3.9686 3.9686
17100 84.18 79.62 0.00 -5.7642 5.8152 5.8152
17125 84.18 79.62 0.00 -5.7642 5.8152 5.8152
17150 83.87 79.03 0.00 -8.4906 6.7256 6.7256
17175 83.48 78.28 0.00 -9.9878 6.7285 6.7285
17200 83.01 77.52 0.00 -13.5884 5.6779 5.6779
17225 83.01 77.52 0.00 -13.5884 5.6779 5.6779
17250 82.36 76.70 0.00 -18.6442 6.9335 6.9335
17275 81.65 75.91 0.00 -16.9284 6.7510 6.7510
17300 81.65 75.91 0.00 -16.9284 6.7510 6.7510
17325 81.01 75.15 0.00 -14.6746 6.5170 6.5170
17350 81.01 75.15 0.00 -14.6746 6.5170 6.5170
17375 80.42 74.55 0.00 -15.9591 5.8533 5.8533
17400 79.75 73.94 0.00 -15.7146 6.4607 6.4607
17425 79.24 73.20 0.00 -11.2568 5.7009 5.7009
17450 79.24 73.20 0.00 -11.2568 5.7009 5.7009
17475 78.81 72.46 0.00 -10.0555 5.9561 5.9561
17500 78.50 71.67 0.00 -6.1543 6.0619 6.0619
17525 78.50 71.67 0.00 -6.1543 6.0619 6.0619
17550 78.30 70.88 0.00 -5.1297 4.9951 4.9951
17575 78.18 70.05 0.00 -1.0401 4.2772 4.2772
17600 78.17 69.18 0.00 -0.4587 3.5154 3.5154
17625 78.17 69.18 0.00 -0.4587 3.5154 3.5154
17650 78.17 68.34 0.00 1.0052 4.4808 4.4808
17675 78.28 67.45 0.00 3.4577 1.7143 1.7143
17700 78.28 67.45 0.00 3.4577 1.7143 1.7143
17725 78.45 66.56 0.00 4.3718 2.9434 2.9434
17750 78.60 65.72 0.00 3.4626 3.5733 3.5733
17775 78.66 65.17 0.00 1.2760 3.2466 3.2466
17800 78.66 65.17 0.00 1.2760 3.2466 3.2466
17825 78.64 64.47 0.00 -1.3478 3.1281 3.1281
17850 78.64 64.47 0.00 -1.3478 3.1281 3.1281
17875 78.60 63.86 0.00 -0.6153 3.0468 3.0468
17900 78.62 63.25 0.00 2.7652 4.7220 4.7220
17925 78.62 63.25 0.00 2.7652 4.7220 4.7220
17950 78.83 62.63 0.00 5.4626 1.8320 1.8320
17975 79.01 61.95 0.00 4.5189 3.2543 3.2543
18000 79.15 61.24 0.00 1.8249 2.7329 2.7329
18025 79.15 61.24 0.00 1.8249 2.7329 2.7329
18050 79.19 60.49 0.00 1.6625 5.1703 5.1703
18075 79.20 59.77 0.00 -1.4377 3.8856 3.8856
18100 79.09 59.04 0.00 -1.9775 2.7172 2.7172
18125 79.09 59.04 0.00 -1.9775 2.7172 2.7172
18150 79.05 58.40 0.00 -1.4931 3.0980 3.0980
18175 78.96 57.82 0.00 -2.1416 3.3681 3.3681
18200 78.96 57.82 0.00 -2.1416 3.3681 3.3681
18225 78.90 57.28 0.00 -1.4348 3.1942 3.1942
18250 78.84 56.73 0.00 -1.3706 4.3563 4.3563
18275 78.73 56.19 0.00 -4.3968 2.8996 2.8996
18300 78.73 56.19 0.00 -4.3968 2.8996 2.8996
18325 78.56 55.59 0.00 -3.9787 4.0327 4.0327
18350 78.33 55.00 0.00 -6.9394 4.2745 4.2745
18375 78.01 54.29 0.00 -7.8502 2.9291 2.9291
18400 78.01 54.29 0.00 -7.8502 2.9291 2.9291
18425 77.69 53.66 0.00 -8.7967 2.0470 2.0470
18450 77.30 52.97 0.00 -9.6783 2.4564 2.4564
18475 77.30 52.97 0.00 -9.6783 2.4564 2.4564
18500 76.91 52.26 0.00 -10.5026 3.2643 3.2643
18525 76.46 51.72 0.00 -10.6822 3.3773 3.3773
18550 76.46 51.72 0.00 -10.6822 3.3773 3.3773
18575 76.07 51.23 0.00 -9.8946 2.6625 2.6625
18600 75.68 50.68 0.00 -9.7047 2.4407 2.4407
18625 75.68 50.68 0.00 -9.7047 2.4407 2.4407
18650 75.40 50.26 0.00 -9.0257 2.8170 2.8170
18675 75.06 49.66 0.00 -8.5825 2.4782 2.4782
18700 75.06 49.66 0.00 -8.5825 2.4782 2.4782
18725 74.65 48.98 0.00 -9.9512 3.2449 3.2449
18750 74.32 48.30 0.00 -8.0212 5.7680 5.7680
18775 73.97 47.69 0.00 -8.7831 4.7105 4.7105
18800 73.97 47.69 0.00 -8.7831 4.7105 4.7105
18825 73.64 47.23 0.00 -7.7092 4.4886 4.4886
18850 73.36 46.70 0.00 -6.8575 3.4642 3.4642
18875 73.36 46.70 0.00 -6.8575 3.4642 3.4642
18900 73.09 46.29 0.00 -5.6853 3.6117 3.6117
18925 72.94 45.82 0.00 -3.3067 3.5721 3.5721
18950 72.81 45.34 0.00 -3.0476 2.6497 2.6497
18975 72.81 45.34 0.00 -3.0476 2.6497 2.6497
19000 72.65 44.72 0.00 -4.3638 2.8584 2.8584
19025 72.50 44.07 0.00 -3.0810 3.1042 3.1042
19050 72.50 44.07 0.00 -3.0810 3.1042 3.1042
19075 72.44 43.40 0.00 -1.5562 2.9794 2.9794
19100 72.32 42.80 0.00 -3.9577 1.2615 1.2615
19125 72.32 42.80 0.00 -3.9577 1.2615 1.2615
19150 72.21 42.13 0.00 -2.1713 3.0865 3.0865
19175 72.08 41.44 0.00 -3.4113 0.8025 0.8025
19200 72.08 41.44 0.00 -3.4113 0.8025 0.8025
19225 72.00 40.80 0.00 -0.9219 4.6857 4.6857
19250 71.93 40.12 0.00 -2.2222 3.0111 3.0111
19275 71.93 40.12 0.00 -2.2222 3.0111 3.0111
19300 71.86 39.50 0.00 -1.1391 3.7525 3.7525
19325 71.82 39.03 0.00 -1.8341 1.9956 1.9956
19350 71.71 38.67 0.00 -3.6949 0.9836 0.9836
19375 71.71 38.67 0.00 -3.6949 0.9836 0.9836
19400 71.58 38.16 0.00 -2.7928 2.0069 2.0069
19425 71.44 37.73 0.00 -4.4618 0.8506 0.8506
19450 71.29 37.31 0.00 -2.8082 3.0410 3.0410
19475 71.29 37.31 0.00 -2.8082 3.0410 3.0410
19500 71.16 36.95 0.00 -3.1601 2.4725 2.4725
19525 71.00 36.68 0.00 -4.6388 1.5927 1.5927
19550 71.00 36.68 0.00 -4.6388 1.5927 1.5927
19575 70.80 36.61 0.00 -5.7934 1.3061 1.3061
19600 70.80 36.61 0.00 -5.7934 1.3061 1.3061
19625 70.56 36.59 0.00 -5.1545 0.2893 0.2893
19650 70.38 36.63 0.00 -5.1939 -0.3954 -0.3954
19675 70.11 36.81 0.00 -7.2415 -1.5770 -1.5770
19700 70.11 36.81 0.00 -7.2415 -1.5770 -1.5770
19725 69.78 37.06 0.00 -9.2241 -5.0008 -5.0008
19750 69.44 37.20 0.00 -7.5588 -2.7835 -2.7835
19775 69.20 37.20 0.00 -5.0631 0.0452 0.0452
19800 69.20 37.20 0.00 -5.0631 0.0452 0.0452
19825 68.99 37.22 0.00 -4.7978 0.0837 0.0837
19850 68.82 37.15 0.00 -4.1747 0.8000 0.8000
19875 68.82 37.15 0.00 -4.1747 0.8000 0.8000
19900 68.64 37.19 0.00 -4.5453 -3.5710 -3.5710
19925 68.44 37.21 0.00 -5.2917 0.5736 0.5736
19950 68.25 37.24 0.00 -5.5304 2.9679 2.9679
19975 68.25 37.24 0.00 -5.5304 2.9679 2.9679
20000 67.87 37.30 0.00 -11.1459 -8.1316 -8.1316
20025 67.51 37.13 0.00 -7.9422 -4.9659 -4.9659
20050 67.51 37.13 0.00 -7.9422 -4.9659 -4.9659
20075 67.17 37.16 0.00 -8.0209 -9.5244 -9.5244
20100 66.99 37.22 0.00 -2.8203 -2.4217 -2.4217
20125 66.99 37.22 0.00 -2.8203 -2.4217 -2.4217
20150 66.84 37.47 0.00 -5.2318 -1.9077 -1.9077
20175 66.64 37.73 0.00 -6.9692 -4.0676 -4.0676
20200 66.64 37.73 0.00 -6.9692 -4.0676 -4.0676
20225 66.34 38.14 0.00 -8.9910 -5.3890 -5.3890
20250 65.84 38.64 0.00 -14.4487 -6.9640 -6.9640
20275 65.84 38.64 0.00 -14.4487 -6.9640 -6.9640
20300 65.18 38.92 0.00 -17.9867 -6.8830 -6.8830
20325 64.43 39.66 0.00 -18.6907 -7.9969 -7.9969
20350 63.75 40.56 0.00 -16.3870 -4.7238 -4.7238
20375 63.75 40.56 0.00 -16.3870 -4.7238 -4.7238
20400 63.04 41.67 0.00 -19.1430 -10.3874 -10.3874
20425 62.21 43.68 0.00 -20.0937 -13.3681 -13.3681
20450 62.21 43.68 0.00 -20.0937 -13.3681 -13.3681
20475 61.52 45.10 0.00 -16.3413 -12.8081 -12.8081
20500 60.74 46.20 0.00 -22.1216 -16.2146 -16.2146
20525 59.70 48.05 0.00 -26.8623 -23.3198 -23.3198
20550 59.70 48.05 0.00 -26.8623 -23.3198 -23.3198
20575 58.49 50.88 0.00 -34.2426 -24.2520 -24.2520
20600 56.90 54.94 0.00 -41.4553 -19.4332 -19.4332
20625 56.90 54.94 0.00 -41.4553 -19.4332 -19.4332
20650 55.47 57.90 0.00 -32.7813 -14.2031 -14.2031
20675 53.96 60.25 0.00 -41.1968 -13.1701 -13.1701
20700 53.96 60.25 0.00 -41.1968 -13.1701 -13.1701
20725 52.30 61.22 0.00 -40.4063 -9.4448 -9.4448
20750 50.73 62.50 0.00 -38.8591 -10.2468 -10.2468
20775 50.73 62.50 0.00 -38.8591 -10.2468 -10.2468
20800 49.21 63.39 0.00 -37.7276 -9.3364 -9.3364
20825 47.68 64.02 0.00 -39.9653 -8.0195 -8.0195
20850 47.68 64.02 0.00 -39.9653 -8.0195 -8.0195
20875 46.05 64.98 0.00 -39.7558 -6.6109 -6.6109
20900 44.51 65.59 0.00 -38.2789 -7.3244 -7.3244
20925 43.02 66.17 0.00 -35.1146 -6.3591 -6.3591
20950 41.88 66.39 0.00 -25.1959 -6.9078 -6.9078
20975 41.88 66.39 0.00 -25.1959 -6.9078 -6.9078
21000 41.23 66.45 0.00 -19.8094 -3.5694 -3.5694
21025 40.64 66.46 0.00 -12.4081 -0.1900 -0.1900
21050 40.64 66.46 0.00 -12.4081 -0.1900 -0.1900
21075 40.19 66.44 0.00 -10.1594 -1.5076 -1.5076
21100 39.70 66.57 0.00 -15.0932 -1.1975 -1.1975
21125 39.70 66.57 0.00 -15.0932 -1.1975 -1.1975
21150 38.96 66.76 0.00 -19.4710 0.4870 0.4870
21175 38.13 67.03 0.00 -22.9460 -0.4964 -0.4964
21200 38.13 67.03 0.00 -22.9460 -0.4964 -0.4964
21225 37.10 67.52 0.00 -26.3480 0.2399 0.2399
21250 36.12 67.89 0.00 -22.7947 0.5619 0.5619
21275 35.20 68.42 0.00 -24.4916 -2.7829 -2.7829
21300 35.20 68.42 0.00 -24.4916 -2.7829 -2.7829
21325 34.04 69.09 0.00 -30.9406 0.1267 0.1267
21350 32.82 69.72 0.00 -30.6239 1.6378 1.6378
21375 32.82 69.72 0.00 -30.6239 1.6378 1.6378
21400 31.50 70.50 0.00 -34.8118 -0.9946 -0.9946
21425 30.00 71.20 0.00 -39.6491 -2.9718 -2.9718
21450 30.00 71.20 0.00 -39.6491 -2.9718 -2.9718
21475 28.34 71.97 0.00 -40.7652 0.4923 0.4923
21500 26.95 72.49 0.00 -30.8454 -0.8696 -0.8696
21525 26.95 72.49 0.00 -30.8454 -0.8696 -0.8696
21550 25.94 73.06 0.00 -22.4933 -0.9264 -0.9264
21575 25.20 73.64 0.00 -16.7008 2.6385 2.6385
21600 24.73 73.92 0.00 -8.1686 -1.4961 -1.4961
21625 24.73 73.92 0.00 -8.1686 -1.4961 -1.4961
21650 24.58 74.28 0.00 -1.4279 -4.5603 -4.5603
21675 24.53 74.66 0.00 -1.1504 -3.6621 -3.6621
21700 24.55 75.01 0.00 1.3925 -4.9172 -4.9172
21725 24.55 75.01 0.00 1.3925 -4.9172 -4.9172
21750 24.70 75.64 0.00 5.6420 -3.6910 -3.6910
21775 24.70 75.64 0.00 5.6420 -3.6910 -3.6910
21800 25.05 76.43 0.00 11.1269 -0.7716 -0.7716
21825 25.66 77.65 0.00 17.5774 0.1291 0.1291
21850 26.40 78.68 0.00 18.5610 1.7045 1.7045
21875 26.40 78.68 0.00 18.5610 1.7045 1.7045
21900 27.12 79.45 0.00 16.7901 2.7176 2.7176
21925 27.61 79.96 0.00 10.0864 -3.3005 -3.3005
21950 27.61 79.96 0.00 10.0864 -3.3005 -3.3005
21975 27.98 80.45 0.00 8.0525 -4.2287 -4.2287
22000 28.09 80.92 0.00 -0.3042 -2.8944 -2.8944
22025 27.94 81.08 0.00 -5.1655 -3.3958 -3.3958
22050 27.94 81.08 0.00 -5.1655 -3.3958 -3.3958
22075 27.94 81.08 0.00 -5.1655 -3.3958 -3.3958
22100 27.12 81.52 0.00 -15.9250 -5.5841 -5.5841
22125 27.12 81.52 0.00 -15.9250 -5.5841 -5.5841
22150 26.36 81.83 0.00 -19.4984 -6.4518 -6.4518
22175 25.70 82.24 0.00 -14.6249 -5.4052 -5.4052
22200 25.16 82.67 0.00 -12.7621 -3.6266 -3.6266
22225 25.16 82.67 0.00 -12.7621 -3.6266 -3.6266
22250 24.68 83.22 0.00 -12.2745 -2.9001 -2.9001
22275 24.23 83.88 0.00 -9.3668 -1.9536 -1.9536
22300 24.23 83.88 0.00 -9.3668 -1.9536 -1.9536
22325 23.90 84.26 0.00 -9.5642 -4.0428 -4.0428
22350 23.43 84.69 0.00 -11.8075 -2.6494 -2.6494
22375 23.43 84.69 0.00 -11.8075 -2.6494 -2.6494
22400 23.06 85.21 0.00 -7.6469 -2.5542 -2.5542
22425 22.89 85.77 0.00 -2.7550 -1.4103 -1.4103
22450 22.89 85.77 0.00 -2.7550 -1.4103 -1.4103
22475 22.77 86.03 0.00 -4.2430 -0.3791 -0.3791
22500 22.62 86.17 0.00 -2.5470 0.1418 0.1418
22525 22.62 86.17 0.00 -2.5470 0.1418 0.1418
22550 22.51 86.37 0.00 -3.7388 1.4267 1.4267
22575 22.15 86.42 0.00 -13.2280 -3.3413 -3.3413
22600 21.38 86.30 0.00 -21.5266 0.5920 0.5920
22625 21.38 86.30 0.00 -21.5266 0.5920 0.5920
22650 20.55 86.19 0.00 -19.8312 -1.8069 -1.8069
22675 19.73 85.91 0.00 -21.1084 -0.0572 -0.0572
22700 19.73 85.91 0.00 -21.1084 -0.0572 -0.0572
22725 18.78 85.42 0.00 -25.5575 -2.7822 -2.7822
22750 17.60 84.84 0.00 -34.1998 1.6312 1.6312
22775 15.63 84.04 0.00 -56.2173 7.2241 7.2241
22800 15.63 84.04 0.00 -56.2173 7.2241 7.2241
22825 13.29 83.29 0.00 -58.4398 9.3504 9.3504
22850 11.25 82.56 0.00 -43.8603 3.8738 3.8738
22875 11.25 82.56 0.00 -43.8603 3.8738 3.8738
22900 9.94 82.05 0.00 -28.5457 3.9565 3.9565
22925 8.78 81.50 0.00 -28.2900 5.0597 5.0597
22950 8.78 81.50 0.00 -28.2900 5.0597 5.0597
22975 7.98 80.99 0.00 -13.8391 0.4724 0.4724
23000 7.78 80.63 0.00 -0.1145 -0.8391 -0.8391
23025 7.78 80.63 0.00 -0.1145 -0.8391 -0.8391
23050 8.00 80.35 0.00 8.3035 -3.4636 -3.4636
23075 8.41 80.41 0.00 11.3400 -2.9461 -2.9461
23100 9.03 80.44 0.00 17.3577 -3.4980 -3.4980
23125 9.03 80.44 0.00 17.3577 -3.4980 -3.4980
23150 9.70 80.61 0.00 15.8884 0.2633 0.2633
23175 10.27 80.87 0.00 21.6897 -1.4142 -1.4142
23200 10.27 80.87 0.00 21.6897 -1.4142 -1.4142
23225 11.29 81.21 0.00 27.1306 -3.0165 -3.0165
23250 12.69 82.17 0.00 27.5652 -0.5123 -0.5123
23275 12.69 82.17 0.00 27.5652 -0.5123 -0.5123
23300 13.72 82.81 0.00 24.3390 -3.2986 -3.2986
23325 14.33 83.04 0.00 18.2422 -2.7753 -2.7753
23350 14.88 83.18 0.00 11.7550 -1.2920 -1.2920
23375 14.88 83.18 0.00 11.7550 -1.2920 -1.2920
23400 15.25 83.05 0.00 7.6988 -1.3678 -1.3678
23425 15.45 82.91 0.00 2.7349 0.7185 0.7185
23450 15.45 82.91 0.00 2.7349 0.7185 0.7185
23475 15.59 82.80 0.00 5.0323 2.2437 2.2437
23500 15.96 82.78 0.00 12.2827 -0.6889 -0.6889
23525 16.66 82.76 0.00 20.5571 3.8281 3.8281
23550 16.66 82.76 0.00 20.5571 3.8281 3.8281
23575 17.47 82.62 0.00 18.5559 2.3067 2.3067
23600 18.01 82.33 0.00 10.3774 -0.4068 -0.4068
23625 18.01 82.33 0.00 10.3774 -0.4068 -0.4068
23650 18.18 82.15 0.00 0.4263 0.9508 0.9508
23675 18.20 81.89 0.00 2.0565 -0.3783 -0.3783
23700 18.20 81.89 0.00 2.0565 -0.3783 -0.3783
23725 18.34 81.84 0.00 3.0531 0.1256 0.1256
23750 18.43 81.82 0.00 3.2006 1.2445 1.2445
23775 18.82 81.68 0.00 14.3482 0.1727 0.1727
23800 18.82 81.68 0.00 14.3482 0.1727 0.1727
23825 19.58 81.47 0.00 20.8795 -0.6901 -0.6901
23850 20.42 81.21 0.00 19.8021 -0.0017 -0.0017
23875 20.42 81.21 0.00 19.8021 -0.0017 -0.0017
23900 21.19 80.82 0.00 20.2427 -2.6736 -2.6736
23925 22.02 80.49 0.00 19.6365 -5.0591 -5.0591
23950 22.02 80.49 0.00 19.6365 -5.0591 -5.0591
23975 22.76 80.17 0.00 18.5047 -2.7624 -2.7624
24000 23.62 79.92 0.00 23.7025 -0.4445 -0.4445
24025 23.62 79.92 0.00 23.7025 -0.4445 -0.4445
24050 24.70 79.70 0.00 29.3729 0.1761 0.1761
24075 25.99 79.63 0.00 33.9595 2.5578 2.5578
24100 27.12 79.59 0.00 38.7180 3.2671 3.2671
24125 27.12 79.59 0.00 38.7180 3.2671 3.2671
24150 28.76 79.58 0.00 41.7430 4.9608 4.9608
24175 30.33 79.52 0.00 36.5856 2.7992 2.7992
24200 30.33 79.52 0.00 36.5856 2.7992 2.7992
24225 31.68 79.28 0.00 33.1288 2.3141 2.3141
24250 32.96 79.03 0.00 31.0109 2.3962 2.3962
24275 32.96 79.03 0.00 31.0109 2.3962 2.3962
24300 34.14 78.82 0.00 28.7959 0.9653 0.9653
24325 35.27 78.62 0.00 27.8688 2.4762 2.4762
24350 36.37 78.45 0.00 27.5736 3.8387 3.8387
24375 36.37 78.45 0.00 27.5736 3.8387 3.8387
24400 37.42 78.21 0.00 25.1488 5.2618 5.2618
24425 38.36 77.94 0.00 21.9196 5.6698 5.6698
24450 38.36 77.94 0.00 21.9196 5.6698 5.6698
24475 39.15 77.49 0.00 19.2073 5.7661 5.7661
24500 39.88 76.86 0.00 16.8163 4.4038 4.4038
24525 40.49 75.98 0.00 15.5051 4.6540 4.6540
24550 40.49 75.98 0.00 15.5051 4.6540 4.6540
24575 41.18 75.08 0.00 18.1002 3.1421 3.1421
24600 41.94 74.08 0.00 18.5068 2.0290 2.0290
24625 41.94 74.08 0.00 18.5068 2.0290 2.0290
24650 42.62 73.23 0.00 16.4487 2.2439 2.2439
24675 43.25 72.54 0.00 14.6860 1.8768 1.8768
24700 43.25 72.54 0.00 14.6860 1.8768 1.8768
24725 43.73 71.83 0.00 10.4205 1.6600 1.6600
24750 44.13 71.33 0.00 10.4026 0.6246 0.6246
24775 44.13 71.33 0.00 10.4026 0.6246 0.6246
24800 44.53 70.89 0.00 9.2406 -0.4273 -0.4273
24825 44.93 70.69 0.00 10.7326 2.2310 2.2310
24850 45.25 70.48 0.00 10.5239 1.2699 1.2699
24875 45.25 70.48 0.00 10.5239 1.2699 1.2699
24900 45.70 70.27 0.00 12.5705 3.2584 3.2584
24925 46.30 70.15 0.00 16.0539 1.8407 1.8407
24950 46.30 70.15 0.00 16.0539 1.8407 1.8407
24975 47.00 69.97 0.00 18.7996 1.7311 1.7311
25000 47.89 69.83 0.00 23.3549 1.1336 1.1336
25025 47.89 69.83 0.00 23.3549 1.1336 1.1336
25050 48.88 69.66 0.00 25.6761 1.0990 1.0990
25075 49.90 69.40 0.00 25.0490 2.7123 2.7123
25100 50.80 69.08 0.00 21.3077 1.4518 1.4518
25125 50.80 69.08 0.00 21.3077 1.4518 1.4518
25150 51.55 68.61 0.00 16.6377 -0.0141 -0.0141
25175 52.16 68.09 0.00 15.1344 -0.6134 -0.6134
25200 52.16 68.09 0.00 15.1344 -0.6134 -0.6134
25225 52.74 67.54 0.00 13.7270 -0.0297 -0.0297
25250 53.25 67.07 0.00 11.5516 1.7100 1.7100
25275 53.25 67.07 0.00 11.5516 1.7100 1.7100
25300 53.61 66.61 0.00 8.0834 2.5716 2.5716
25325 53.89 66.23 0.00 6.7498 2.3774 2.3774
25350 54.14 65.82 0.00 4.9367 1.5891 1.5891
25375 54.14 65.82 0.00 4.9367 1.5891 1.5891
25400 54.28 65.38 0.00 3.4224 3.6184 3.6184
25425 54.45 64.72 0.00 5.2331 4.5921 4.5921
25450 54.45 64.72 0.00 5.2331 4.5921 4.5921
25475 54.63 64.28 0.00 5.9815 5.8369 5.8369
25500 54.91 63.71 0.00 8.2293 6.6069 6.6069
25525 54.91 63.71 0.00 8.2293 6.6069 6.6069
25550 55.38 63.11 0.00 13.5399 3.4651 3.4651
25575 56.36 62.45 0.00 23.4631 4.2861 4.2861
25600 57.20 62.05 0.00 31.3714 3.0338 3.0338
25625 57.20 62.05 0.00 31.3714 3.0338 3.0338
25650 58.61 61.54 0.00 36.7130 0.6721 0.6721
25675 60.21 61.02 0.00 42.6868 2.2551 2.2551
25700 60.21 61.02 0.00 42.6868 2.2551 2.2551
25725 62.07 60.38 0.00 47.5968 0.4117 0.4117
25750 63.89 59.87 0.00 43.6145 1.3846 1.3846
25775 63.89 59.87 0.00 43.6145 1.3846 1.3846
25800 65.50 59.37 0.00 38.1802 -0.6743 -0.6743
25825 66.82 58.93 0.00 30.1441 1.4005 1.4005
25850 66.82 58.93 0.00 30.1441 1.4005 1.4005
25875 67.74 58.62 0.00 17.8544 3.3230 3.3230
25900 68.21 58.54 0.00 9.6004 3.9310 3.9310
25925 68.39 58.71 0.00 0.5344 2.5337 2.5337
25950 68.39 58.71 0.00 0.5344 2.5337 2.5337
25975 68.21 58.91 0.00 -6.9674 1.2428 1.2428
26000 67.96 59.05 0.00 -5.2048 0.6739 0.6739
26025 67.96 59.05 0.00 -5.2048 0.6739 0.6739
26050 67.76 59.16 0.00 -5.5070 -1.7304 -1.7304
26075 67.52 59.21 0.00 -5.6294 1.0610 1.0610
26100 67.38 59.12 0.00 -2.5002 1.0107 1.0107
26125 67.38 59.12 0.00 -2.5002 1.0107 1.0107
26150 67.38 59.10 0.00 2.5525 0.2424 0.2424
26175 67.60 59.07 0.00 6.2933 0.1266 0.1266
26200 67.60 59.07 0.00 6.2933 0.1266 0.1266
26225 67.81 59.14 0.00 5.1583 2.4739 2.4739
26250 67.99 59.13 0.00 4.7963 1.7565 1.7565
26275 67.99 59.13 0.00 4.7963 1.7565 1.7565
26300 68.30 59.07 0.00 9.5678 2.5759 2.5759
26325 68.64 59.04 0.00 7.1582 1.6954 1.6954
26350 68.64 59.04 0.00 7.1582 1.6954 1.6954
26375 68.88 58.95 0.00 8.4796 1.0689 1.0689
26400 69.26 58.70 0.00 9.0944 -1.0801 -1.0801
26425 69.55 58.53 0.00 7.2328 2.9318 2.9318
26450 69.55 58.53 0.00 7.2328 2.9318 2.9318
26475 69.85 58.40 0.00 7.5921 2.4404 2.4404
26500 70.18 58.29 0.00 9.1627 3.8050 3.8050
26525 70.18 58.29 0.00 9.1627 3.8050 3.8050
26550 70.56 58.06 0.00 8.3087 4.1567 4.1567
26575 70.75 57.79 0.00 2.9766 4.3666 4.3666
26600 70.75 57.79 0.00 2.9766 4.3666 4.3666
26625 70.84 57.40 0.00 2.0910 4.7547 4.7547
26650 70.87 56.94 0.00 -0.1025 2.2135 2.2135
26675 70.87 56.94 0.00 -0.1025 2.2135 2.2135
26700 70.85 56.42 0.00 -1.1732 3.5080 3.5080
26725 70.76 56.01 0.00 -2.5098 4.1452 4.1452
26750 70.76 55.61 0.00 1.9609 1.1147 1.1147
26775 70.89 55.34 0.00 3.6813 -0.1847 -0.1847
26800 70.89 55.34 0.00 3.6813 -0.1847 -0.1847
26825 71.00 55.20 0.00 1.4741 1.9582 1.9582
26850 71.00 55.20 0.00 1.4741 1.9582 1.9582
26875 71.02 54.89 0.00 0.3098 3.7055 3.7055
26900 71.07 54.55 0.00 2.4052 3.5284 3.5284
26925 71.20 54.21 0.00 3.3579 2.5448 2.5448
26950 71.20 54.21 0.00 3.3579 2.5448 2.5448
26975 71.31 53.79 0.00 2.6975 1.8342 1.8342
27000 71.47 53.36 0.00 4.3407 1.2478 1.2478
27025 71.47 53.36 0.00 4.3407 1.2478 1.2478
27050 71.64 52.92 0.00 4.2696 2.6823 2.6823
27075 71.79 52.47 0.00 2.3858 2.1623 2.1623
27100 71.82 52.21 0.00 0.9146 1.9999 1.9999
27125 71.82 52.21 0.00 0.9146 1.9999 1.9999
27150 71.84 52.07 0.00 0.1536 1.6664 1.6664
27175 71.82 51.89 0.00 -0.8544 1.7195 1.7195
27200 71.82 51.89 0.00 -0.8544 1.7195 1.7195
27225 71.80 51.71 0.00 -0.4938 2.0211 2.0211
27250 71.79 51.59 0.00 -0.9514 1.7413 1.7413
27275 71.79 51.59 0.00 -0.9514 1.7413 1.7413
27300 71.69 51.46 0.00 -2.9936 2.3494 2.3494
27325 71.49 51.41 0.00 -5.9325 1.1730 1.1730
27350 71.16 51.22 0.00 -9.9972 -1.5316 -1.5316
27375 71.16 51.22 0.00 -9.9972 -1.5316 -1.5316
27400 70.64 51.08 0.00 -14.2595 -1.8858 -1.8858
27425 70.02 50.94 0.00 -16.6769 -2.7289 -2.7289
27450 70.02 50.94 0.00 -16.6769 -2.7289 -2.7289
27475 69.31 50.89 0.00 -17.7363 -2.1781 -2.1781
27500 68.53 50.94 0.00 -20.7165 -3.4305 -3.4305
27525 68.53 50.94 0.00 -20.7165 -3.4305 -3.4305
27550 67.69 50.95 0.00 -21.0199 -4.7367 -4.7367
27575 66.99 50.99 0.00 -14.8648 -2.1395 -2.1395
27600 66.48 51.08 0.00 -11.2065 -0.9673 -0.9673
27625 66.48 51.08 0.00 -11.2065 -0.9673 -0.9673
27650 66.18 51.04 0.00 -4.9830 -2.3583 -2.3583
27675 66.11 50.98 0.00 0.3357 -2.7944 -2.7944
27700 66.11 50.98 0.00 0.3357 -2.7944 -2.7944
27725 66.12 50.82 0.00 -0.3075 -1.6366 -1.6366
27750 66.09 50.49 0.00 -1.2143 -0.6554 -0.6554
27775 66.09 50.49 0.00 -1.2143 -0.6554 -0.6554
27800 66.07 50.09 0.00 0.2183 1.3943 1.3943
27825 66.04 49.69 0.00 -1.8097 2.2088 2.2088
27850 65.89 49.12 0.00 -4.7393 1.3096 1.3096
27875 65.89 49.12 0.00 -4.7393 1.3096 1.3096
27900 65.68 48.67 0.00 -4.8547 1.0294 1.0294
27925 65.55 48.23 0.00 -3.3831 2.0870 2.0870
27950 65.55 48.23 0.00 -3.3831 2.0870 2.0870
27975 65.52 47.60 0.00 0.0609 1.6732 1.6732
28000 65.53 47.09 0.00 0.1160 1.9675 1.9675
28025 65.53 47.09 0.00 0.1160 1.9675 1.9675
28050 65.52 46.34 0.00 -0.3818 3.1992 3.1992
28075 65.48 45.73 0.00 -1.6538 3.9698 3.9698
28100 65.37 45.26 0.00 -3.0919 1.8398 1.8398
28125 65.37 45.26 0.00 -3.0919 1.8398 1.8398
28150 65.27 44.90 0.00 -2.8060 2.1840 2.1840
28175 65.19 44.36 0.00 -0.4062 3.5255 3.5255
28200 65.19 44.36 0.00 -0.4062 3.5255 3.5255
28225 65.19 43.88 0.00 -0.3036 1.2381 1.2381
28250 65.23 43.17 0.00 1.9923 5.1974 5.1974
28275 65.36 42.43 0.00 3.8258 6.5177 6.5177
28300 65.36 42.43 0.00 3.8258 6.5177 6.5177
28325 65.48 41.72 0.00 2.2583 6.1020 6.1020
28350 65.55 40.91 0.00 1.2599 6.7146 6.7146
28375 65.55 40.91 0.00 1.2599 6.7146 6.7146
28400 65.59 40.10 0.00 0.7258 5.4165 5.4165
28425 65.59 39.33 0.00 -0.5848 4.8814 4.8814
28450 65.59 39.33 0.00 -0.5848 4.8814 4.8814
28475 65.46 38.62 0.00 -4.5852 3.2412 3.2412
28500 65.28 37.94 0.00 -3.3422 5.0888 5.0888
28525 65.28 37.94 0.00 -3.3422 5.0888 5.0888
28550 65.19 37.27 0.00 -2.6261 6.2415 6.2415
28575 65.05 36.65 0.00 -3.5312 5.8413 5.8413
28600 65.05 36.65 0.00 -3.5312 5.8413 5.8413
28625 64.95 36.04 0.00 -2.3110 4.3236 4.3236
28650 64.82 35.38 0.00 -3.6633 3.7674 3.7674
28675 64.62 34.77 0.00 -6.4719 1.1777 1.1777
28700 64.62 34.77 0.00 -6.4719 1.1777 1.1777
28725 64.32 34.33 0.00 -7.3502 -0.5631 -0.5631
28750 64.14 33.96 0.00 -5.1098 0.6396 0.6396
28775 63.82 33.65 0.00 -10.4268 -4.0763 -4.0763
28800 63.82 33.65 0.00 -10.4268 -4.0763 -4.0763
28825 63.36 33.54 0.00 -11.5843 -2.8723 -2.8723
28850 62.90 33.33 0.00 -12.2499 -4.6089 -4.6089
28875 62.90 33.33 0.00 -12.2499 -4.6089 -4.6089
28900 62.35 33.25 0.00 -15.1283 -5.3592 -5.3592
28925 61.69 33.23 0.00 -16.6818 -3.6514 -3.6514
28950 61.69 33.23 0.00 -16.6818 -3.6514 -3.6514
28975 61.00 33.13 0.00 -17.9229 -3.0938 -3.0938
29000 60.32 32.97 0.00 -16.4810 -1.6488 -1.6488
29025 60.32 32.97 0.00 -16.4810 -1.6488 -1.6488
29050 59.66 32.78 0.00 -15.9635 -2.2589 -2.2589
29075 59.12 32.46 0.00 -11.7693 -1.0179 -1.0179
29100 59.12 32.46 0.00 -11.7693 -1.0179 -1.0179
29125 58.71 32.23 0.00 -10.1393 -0.8173 -0.8173
29150 58.38 32.09 0.00 -7.1291 -0.0585 -0.0585
29175 58.12 31.81 0.00 -6.2655 -1.7742 -1.7742
29200 58.12 31.81 0.00 -6.2655 -1.7742 -1.7742
29225 57.89 31.52 0.00 -5.3040 -2.3480 -2.3480
29250 57.71 31.10 0.00 -4.0559 -1.9222 -1.9222
29275 57.71 31.10 0.00 -4.0559 -1.9222 -1.9222
29300 57.55 30.57 0.00 -2.7469 -0.4828 -0.4828
29325 57.50 29.95 0.00 -0.9406 0.3636 0.3636
29350 57.45 29.33 0.00 -1.8849 0.2230 0.2230
29375 57.45 29.33 0.00 -1.8849 0.2230 0.2230
29400 57.34 28.78 0.00 -2.9611 0.2703 0.2703
29425 57.17 28.32 0.00 -5.4669 -1.6298 -1.6298
29450 57.17 28.32 0.00 -5.4669 -1.6298 -1.6298
29475 56.89 27.86 0.00 -7.4467 -1.1939 -1.1939
29500 56.64 27.59 0.00 -8.7562 -1.6421 -1.6421
29525 56.26 27.25 0.00 -6.6093 -1.1335 -1.1335
29550 56.26 27.25 0.00 -6.6093 -1.1335 -1.1335
29575 56.08 27.30 0.00 -4.8947 -0.7177 -0.7177
29600 56.08 27.30 0.00 -4.8947 -0.7177 -0.7177
29625 55.89 27.31 0.00 -5.4874 -1.4679 -1.4679
29650 55.59 27.20 0.00 -8.9472 -4.9265 -4.9265
29675 55.17 27.09 0.00 -11.3405 -4.2314 -4.2314
29700 55.17 27.09 0.00 -11.3405 -4.2314 -4.2314
29725 54.75 27.11 0.00 -10.1414 -2.6063 -2.6063
29750 54.30 27.50 0.00 -12.4415 -5.9782 -5.9782
29775 54.30 27.50 0.00 -12.4415 -5.9782 -5.9782
29800 53.74 27.84 0.00 -14.6910 -7.3745 -7.3745
29825 53.14 28.37 0.00 -14.3152 -7.3004 -7.3004
29850 52.69 28.79 0.00 -9.3719 -4.7759 -4.7759
29875 52.69 28.79 0.00 -9.3719 -4.7759 -4.7759
29900 52.37 28.99 0.00 -7.5844 -4.5186 -4.5186
29925 52.13 28.99 0.00 -4.5392 -0.1257 -0.1257
29950 52.13 28.99 0.00 -4.5392 -0.1257 -0.1257
29975 51.96 28.92 0.00 -4.6836 -1.1328 -1.1328
30000 51.71 28.99 0.00 -7.0370 -1.9017 -1.9017
30025 51.45 29.18 0.00 -6.0953 -2.3787 -2.3787
30050 51.45 29.18 0.00 -6.0953 -2.3787 -2.3787
30075 51.24 29.32 0.00 -4.2671 -2.6809 -2.6809
30100 51.05 29.37 0.00 -5.6209 -1.9840 -1.9840
30125 51.05 29.37 0.00 -5.6209 -1.9840 -1.9840
30150 50.79 29.37 0.00 -6.9496 -0.4722 -0.4722
30175 50.51 29.30 0.00 -6.9113 -1.3577 -1.3577
30200 50.51 29.30 0.00 -6.9113 -1.3577 -1.3577
30225 50.26 29.37 0.00 -5.4638 0.0003 0.0003
30250 50.12 29.40 0.00 -1.8335 -0.0180 -0.0180
30275 50.12 29.56 0.00 0.7140 0.0474 0.0474
30300 50.12 29.56 0.00 0.7140 0.0474 0.0474
30325 50.12 29.63 0.00 -0.2911 -1.2355 -1.2355
30350 50.10 29.63 0.00 -0.5702 -0.4683 -0.4683
30375 50.10 29.63 0.00 -0.5702 -0.4683 -0.4683
30400 50.03 29.61 0.00 -2.2112 -0.2002 -0.2002
30425 49.95 29.61 0.00 -2.4520 1.2456 1.2456
30450 49.95 29.61 0.00 -2.4520 1.2456 1.2456
30475 49.81 29.67 0.00 -3.4343 -0.3919 -0.3919
30500 49.69 29.88 0.00 -3.9206 -1.6582 -1.6582
30525 49.49 30.23 0.00 -5.2024 -2.8128 -2.8128
30550 49.49 30.23 0.00 -5.2024 -2.8128 -2.8128
30575 49.25 30.76 0.00 -6.1685 -5.0004 -5.0004
30600 49.01 31.46 0.00 -6.1023 -4.4086 -4.4086
30625 49.01 31.46 0.00 -6.1023 -4.4086 -4.4086
30650 48.78 32.12 0.00 -4.8461 -2.6389 -2.6389
30675 48.64 32.75 0.00 -3.3620 -2.4330 -2.4330
30700 48.64 32.75 0.00 -3.3620 -2.4330 -2.4330
30725 48.46 33.36 0.00 -4.3855 -2.3583 -2.3583
30750 48.27 33.87 0.00 -5.4521 -4.3760 -4.3760
30775 48.01 34.45 0.00 -6.8121 -4.6945 -4.6945
30800 48.01 34.45 0.00 -6.8121 -4.6945 -4.6945
30825 47.82 35.11 0.00 -4.0584 -2.8567 -2.8567
30850 47.64 36.01 0.00 -4.4127 -4.1272 -4.1272
30875 47.64 36.01 0.00 -4.4127 -4.1272 -4.1272
30900 47.49 36.75 0.00 -4.1852 -4.1570 -4.1570
30925 47.31 37.55 0.00 -3.8579 -3.2431 -3.2431
30950 47.21 38.20 0.00 -1.5580 -2.0138 -2.0138
30975 47.21 38.20 0.00 -1.5580 -2.0138 -2.0138
31000 47.22 38.78 0.00 1.2730 -1.7488 -1.7488
31025 47.22 38.78 0.00 1.2730 -1.7488 -1.7488
31050 47.31 39.13 0.00 2.4038 -1.3021 -1.3021
31075 47.38 39.34 0.00 1.3625 -1.9487 -1.9487
31100 47.42 39.39 0.00 0.3154 -2.2801 -2.2801
31125 47.42 39.39 0.00 0.3154 -2.2801 -2.2801
31150 47.43 39.43 0.00 1.0781 -1.4537 -1.4537
31175 47.50 39.60 0.00 2.1734 -0.5184 -0.5184
31200 47.63 39.73 0.00 3.7195 0.8679 0.8679
31225 47.63 39.73 0.00 3.7195 0.8679 0.8679
31250 47.78 39.86 0.00 4.2048 1.5106 1.5106
31275 47.92 40.05 0.00 2.3645 0.0903 0.0903
31300 47.92 40.05 0.00 2.3645 0.0903 0.0903
31325 47.98 40.20 0.00 1.3244 -0.1950 -0.1950
31350 48.04 40.33 0.00 1.2723 1.1300 1.1300
31375 48.04 40.33 0.00 1.2723 1.1300 1.1300
31400 48.06 40.43 0.00 -0.3731 0.6814 0.6814
31425 48.03 40.58 0.00 -0.6965 -0.2989 -0.2989
31450 48.03 40.58 0.00 -0.6965 -0.2989 -0.2989
31475 48.03 40.77 0.00 0.1568 1.2165 1.2165
31500 48.01 41.01 0.00 -0.4786 0.7338 0.7338
31525 48.03 41.30 0.00 0.7527 1.6661 1.6661
31550 48.03 41.30 0.00 0.7527 1.6661 1.6661
31575 48.06 41.70 0.00 0.8754 -0.4513 -0.4513
31600 48.08 42.20 0.00 0.2092 -0.8193 -0.8193
31625 48.08 42.20 0.00 0.2092 -0.8193 -0.8193
31650 48.06 42.77 0.00 -0.8983 -1.0636 -1.0636
31675 48.01 43.41 0.00 -1.1676 -1.9155 -1.9155
31700 48.01 43.41 0.00 -1.1676 -1.9155 -1.9155
31725 47.99 44.11 0.00 -0.3888 -2.5359 -2.5359
31750 48.01 44.77 0.00 0.8669 -2.5994 -2.5994
31775 48.04 45.41 0.00 1.1801 -3.6872 -3.6872
31800 48.04 45.41 0.00 1.1801 -3.6872 -3.6872
31825 48.10 45.84 0.00 2.5184 -2.8317 -2.8317
31850 48.25 46.43 0.00 4.3868 -1.0170 -1.0170
31875 48.25 46.43 0.00 4.3868 -1.0170 -1.0170
31900 48.43 47.16 0.00 4.3689 -0.9414 -0.9414
31925 48.64 47.72 0.00 5.4133 -0.9608 -0.9608
