%#        Time[ms]        X[pixel],        Y[pixel],        Z[pixel],  dX/dt[pixel/s],  dY/dt[pixel/s],  dZ/dt[pixel/s] 
0 50.00 50.00 0.00 -0.7550 -0.3482 -0.3482
25 50.00 50.00 0.00 -0.7550 -0.3482 -0.3482
50 50.00 49.92 0.00 0.7426 1.2033 1.2033
75 50.05 49.92 0.00 1.4313 0.2199 0.2199
100 50.05 49.92 0.00 1.4313 0.2199 0.2199
125 50.07 49.91 0.00 -0.6637 -0.5218 -0.5218
150 50.00 49.96 0.00 -2.2532 -0.8210 -0.8210
175 49.91 50.00 0.00 -2.1005 1.4640 1.4640
200 49.91 50.00 0.00 -2.1005 1.4640 1.4640
225 49.81 50.13 0.00 -2.6972 0.7940 0.7940
250 49.69 50.32 0.00 -2.5404 -1.2110 -1.2110
275 49.69 50.32 0.00 -2.5404 -1.2110 -1.2110
300 49.65 50.45 0.00 -0.4662 1.3833 1.3833
325 49.62 50.53 0.00 -1.1532 0.4630 0.4630
350 49.62 50.53 0.00 -1.1532 0.4630 0.4630
375 49.56 50.58 0.00 -1.7853 -1.0854 -1.0854
400 49.48 50.66 0.00 -1.5251 -0.6341 -0.6341
425 49.48 50.66 0.00 -1.5251 -0.6341 -0.6341
450 49.44 50.66 0.00 -1.0045 0.9641 0.9641
475 49.42 50.64 0.00 0.5276 -0.3153 -0.3153
500 49.51 50.68 0.00 2.7758 -1.2518 -1.2518
525 49.51 50.68 0.00 2.7758 -1.2518 -1.2518
550 49.65 50.60 0.00 3.7977 -0.7274 -0.7274
575 49.84 50.45 0.00 6.0132 1.5974 1.5974
600 49.84 50.45 0.00 6.0132 1.5974 1.5974
625 50.14 50.32 0.00 7.9573 1.7668 1.7668
650 50.49 50.21 0.00 8.4094 2.4957 2.4957
675 50.73 50.11 0.00 7.8841 2.4031 2.4031
700 50.73 50.11 0.00 7.8841 2.4031 2.4031
725 51.06 49.81 0.00 8.7482 1.5100 1.5100
750 51.45 49.53 0.00 10.0016 1.3113 1.3113
775 51.45 49.53 0.00 10.0016 1.3113 1.3113
800 51.87 49.32 0.00 11.0462 0.1001 0.1001
825 52.30 49.05 0.00 10.6261 -1.2316 -1.2316
850 52.30 49.05 0.00 10.6261 -1.2316 -1.2316
875 52.67 48.78 0.00 8.2166 -0.5685 -0.5685
900 52.95 48.59 0.00 6.4343 0.6180 0.6180
925 53.18 48.34 0.00 4.9577 0.0039 0.0039
950 53.18 48.34 0.00 4.9577 0.0039 0.0039
975 53.37 48.02 0.00 4.3029 1.7044 1.7044
1000 53.54 47.75 0.00 4.9894 2.8500 2.8500
1025 53.54 47.75 0.00 4.9894 2.8500 2.8500
1050 53.81 47.53 0.00 7.9762 0.9170 0.9170
1075 54.17 47.36 0.00 9.4454 -0.8384 -0.8384
1100 54.58 47.20 0.00 11.6208 -0.8315 -0.8315
1125 54.58 47.20 0.00 11.6208 -0.8315 -0.8315
1150 55.15 47.08 0.00 15.3013 -1.5868 -1.5868
1175 55.73 46.97 0.00 13.7973 -1.6370 -1.6370
1200 55.73 46.97 0.00 13.7973 -1.6370 -1.6370
1225 56.20 46.79 0.00 9.9658 -1.8479 -1.8479
1250 56.55 46.67 0.00 8.8332 -0.4446 -0.4446
1275 56.55 46.67 0.00 8.8332 -0.4446 -0.4446
1300 56.90 46.51 0.00 8.4636 0.5907 0.5907
1325 57.20 46.35 0.00 7.1230 -0.1929 -0.1929
1350 57.20 46.35 0.00 7.1230 -0.1929 -0.1929
1375 57.47 46.19 0.00 5.9618 -1.2309 -1.2309
1400 57.62 46.09 0.00 5.1341 -0.8326 -0.8326
1425 57.85 45.93 0.00 6.9515 0.8169 0.8169
1450 57.85 45.93 0.00 6.9515 0.8169 0.8169
1475 58.20 45.80 0.00 9.6089 -1.1331 -1.1331
1500 58.63 45.79 0.00 10.9619 0.0650 0.0650
1525 58.63 45.79 0.00 10.9619 0.0650 0.0650
1550 59.22 45.66 0.00 18.1992 0.6199 0.6199
1575 60.10 45.30 0.00 23.4825 -0.6281 -0.6281
1600 60.10 45.30 0.00 23.4825 -0.6281 -0.6281
1625 61.06 44.92 0.00 23.5031 -1.6675 -1.6675
1650 61.89 44.71 0.00 18.3770 -0.8586 -0.8586
1675 61.89 44.71 0.00 18.3770 -0.8586 -0.8586
1700 62.47 44.39 0.00 12.6002 0.1871 0.1871
1725 62.88 44.16 0.00 8.3244 -1.4433 -1.4433
1750 63.09 44.02 0.00 3.6221 -0.0452 -0.0452
1775 63.09 44.02 0.00 3.6221 -0.0452 -0.0452
1800 63.24 43.77 0.00 3.3447 1.1170 1.1170
1825 63.40 43.53 0.00 5.3106 1.0615 1.0615
1850 63.66 43.11 0.00 7.2430 -1.1798 -1.1798
1875 63.66 43.11 0.00 7.2430 -1.1798 -1.1798
1900 63.91 42.68 0.00 5.4257 -1.1238 -1.1238
1925 64.11 42.31 0.00 4.4863 1.3891 1.3891
1950 64.11 42.31 0.00 4.4863 1.3891 1.3891
1975 64.21 42.03 0.00 1.1456 1.4101 1.4101
2000 64.20 41.81 0.00 -0.9508 1.7565 1.7565
2025 64.20 41.81 0.00 -0.9508 1.7565 1.7565
2050 64.14 41.60 0.00 -1.1693 -0.1282 -0.1282
2075 64.07 41.40 0.00 -2.6225 -1.5477 -1.5477
2100 63.97 41.27 0.00 -2.2708 0.3503 0.3503
2125 63.97 41.27 0.00 -2.2708 0.3503 0.3503
2150 63.93 41.09 0.00 -0.2018 1.5861 1.5861
2175 63.93 41.09 0.00 -0.2018 1.5861 1.5861
2200 63.95 41.05 0.00 1.2247 1.0921 1.0921
2225 64.02 41.04 0.00 1.4557 -0.4642 -0.4642
2250 64.05 41.08 0.00 1.9556 0.0250 0.0250
2275 64.05 41.08 0.00 1.9556 0.0250 0.0250
2300 64.16 41.10 0.00 2.6742 -0.5252 -0.5252
2325 64.25 41.19 0.00 2.0276 -0.1909 -0.1909
2350 64.36 41.27 0.00 3.3114 0.0932 0.0932
2375 64.36 41.27 0.00 3.3114 0.0932 0.0932
2400 64.57 41.27 0.00 5.5126 2.8010 2.8010
2425 64.80 41.26 0.00 7.1468 2.1751 2.1751
2450 64.80 41.26 0.00 7.1468 2.1751 2.1751
2475 65.21 41.08 0.00 11.1127 -1.1827 -1.1827
2500 65.62 41.00 0.00 9.8971 -0.7756 -0.7756
2525 65.62 41.00 0.00 9.8971 -0.7756 -0.7756
2550 66.02 40.85 0.00 9.5685 0.6267 0.6267
2575 66.36 40.77 0.00 7.9869 -0.3430 -0.3430
2600 66.36 40.77 0.00 7.9869 -0.3430 -0.3430
2625 66.63 40.74 0.00 5.7375 -0.2444 -0.2444
2650 66.82 40.69 0.00 4.7070 0.5691 0.5691
2675 67.00 40.61 0.00 4.0258 0.6447 0.6447
2700 67.00 40.61 0.00 4.0258 0.6447 0.6447
2725 67.17 40.54 0.00 4.8273 0.4583 0.4583
2750 67.34 40.53 0.00 3.8765 -0.1296 -0.1296
2775 67.34 40.53 0.00 3.8765 -0.1296 -0.1296
2800 67.51 40.44 0.00 4.0776 -0.7764 -0.7764
2825 67.69 40.29 0.00 5.3994 -1.4035 -1.4035
2850 67.96 40.27 0.00 6.7393 -0.2683 -0.2683
2875 67.96 40.27 0.00 6.7393 -0.2683 -0.2683
2900 68.26 40.33 0.00 8.9387 -0.1134 -0.1134
2925 68.70 40.44 0.00 11.2943 -1.2344 -1.2344
2950 68.70 40.44 0.00 11.2943 -1.2344 -1.2344
2975 69.18 40.57 0.00 13.5090 0.8280 0.8280
3000 69.62 40.58 0.00 14.4941 -0.3104 -0.3104
3025 70.15 40.59 0.00 12.3624 -1.4823 -1.4823
3050 70.15 40.59 0.00 12.3624 -1.4823 -1.4823
3075 70.64 40.53 0.00 12.2457 0.6294 0.6294
3100 71.15 40.35 0.00 12.8209 0.6290 0.6290
3125 71.15 40.35 0.00 12.8209 0.6290 0.6290
3150 71.57 40.22 0.00 8.6817 -0.3312 -0.3312
3175 71.80 40.14 0.00 4.4111 1.4705 1.4705
3200 71.91 40.11 0.00 1.5710 2.0242 2.0242
3225 71.91 40.11 0.00 1.5710 2.0242 2.0242
3250 71.91 40.11 0.00 1.5710 2.0242 2.0242
3275 71.95 40.08 0.00 0.7040 2.0918 2.0918
3300 71.97 40.00 0.00 0.3924 1.6389 1.6389
3325 71.99 39.94 0.00 0.7097 1.1088 1.1088
3350 72.00 39.86 0.00 0.2878 -0.1909 -0.1909
3375 72.00 39.86 0.00 0.2878 -0.1909 -0.1909
3400 71.97 39.78 0.00 -1.4958 0.9529 0.9529
3425 71.91 39.64 0.00 -1.6762 0.7202 0.7202
3450 71.91 39.64 0.00 -1.6762 0.7202 0.7202
3475 71.86 39.54 0.00 -1.1419 0.2370 0.2370
3500 71.82 39.44 0.00 -0.8555 -0.6336 -0.6336
3525 71.77 39.36 0.00 -1.7427 -1.2755 -1.2755
3550 71.77 39.36 0.00 -1.7427 -1.2755 -1.2755
3575 71.69 39.29 0.00 -1.3794 0.2231 0.2231
3600 71.69 39.29 0.00 -1.3794 0.2231 0.2231
3625 71.68 39.23 0.00 -0.3340 0.7109 0.7109
3650 71.64 39.27 0.00 -1.1483 -0.3527 -0.3527
3675 71.64 39.27 0.00 -1.1483 -0.3527 -0.3527
3700 71.55 39.34 0.00 -2.8095 -1.2980 -1.2980
3725 71.44 39.37 0.00 -2.7248 -1.5263 -1.5263
3750 71.35 39.42 0.00 -2.6092 -0.6094 -0.6094
3775 71.35 39.42 0.00 -2.6092 -0.6094 -0.6094
3800 71.22 39.55 0.00 -3.9639 -0.7628 -0.7628
3825 71.06 39.58 0.00 -3.4595 0.5977 0.5977
3850 71.06 39.58 0.00 -3.4595 0.5977 0.5977
3875 70.96 39.51 0.00 -1.2576 1.5696 1.5696
3900 70.95 39.47 0.00 0.1694 1.5301 1.5301
3925 70.95 39.41 0.00 -0.1683 0.5338 0.5338
3950 70.95 39.41 0.00 -0.1683 0.5338 0.5338
3975 70.91 39.37 0.00 -2.1284 -0.1836 -0.1836
4000 70.69 39.49 0.00 -6.9388 1.2842 1.2842
4025 70.69 39.49 0.00 -6.9388 1.2842 1.2842
4050 70.38 39.55 0.00 -7.9816 0.4633 0.4633
4075 70.11 39.53 0.00 -5.9930 -1.1775 -1.1775
4100 70.11 39.53 0.00 -5.9930 -1.1775 -1.1775
4125 69.91 39.47 0.00 -4.1296 0.7912 0.7912
4150 69.78 39.37 0.00 -2.7995 2.4127 2.4127
4175 69.78 39.37 0.00 -2.7995 2.4127 2.4127
4200 69.67 39.26 0.00 -2.9022 2.2741 2.2741
4225 69.53 39.11 0.00 -4.0550 2.2343 2.2343
4250 69.53 39.11 0.00 -4.0550 2.2343 2.2343
4275 69.33 38.98 0.00 -4.8644 1.8827 1.8827
4300 69.11 38.89 0.00 -5.9774 0.3233 0.3233
4325 68.86 38.77 0.00 -6.4875 -0.6451 -0.6451
4350 68.86 38.77 0.00 -6.4875 -0.6451 -0.6451
4375 68.66 38.54 0.00 -4.2349 1.1081 1.1081
4400 68.50 38.43 0.00 -3.9688 0.6267 0.6267
4425 68.50 38.43 0.00 -3.9688 0.6267 0.6267
4450 68.32 38.36 0.00 -4.4830 0.4132 0.4132
4475 68.14 38.27 0.00 -4.4831 0.0988 0.0988
4500 68.14 38.27 0.00 -4.4831 0.0988 0.0988
4525 67.96 38.22 0.00 -5.0793 0.6378 0.6378
4550 67.72 38.11 0.00 -5.6222 1.6374 1.6374
4575 67.72 38.11 0.00 -5.6222 1.6374 1.6374
4600 67.58 38.00 0.00 -5.0624 0.6302 0.6302
4625 67.40 37.73 0.00 -4.2696 1.3166 1.3166
4650 67.40 37.73 0.00 -4.2696 1.3166 1.3166
4675 67.22 37.49 0.00 -4.7373 1.3998 1.3998
4700 67.22 37.49 0.00 -4.7373 1.3998 1.3998
4725 67.00 37.26 0.00 -5.3455 2.2202 2.2202
4750 66.79 36.86 0.00 -5.7785 2.6888 2.6888
4775 66.79 36.86 0.00 -5.7785 2.6888 2.6888
4800 66.55 36.42 0.00 -5.6228 2.2761 2.2761
4825 66.34 36.21 0.00 -5.2753 2.6925 2.6925
4850 66.14 35.91 0.00 -3.8594 1.2522 1.2522
4875 66.14 35.91 0.00 -3.8594 1.2522 1.2522
4900 66.05 35.77 0.00 -1.3399 -0.3086 -0.3086
4925 66.05 35.77 0.00 -1.3399 -0.3086 -0.3086
4950 66.07 35.71 0.00 0.8794 -0.6113 -0.6113
4975 66.11 35.71 0.00 1.2187 0.4640 0.4640
5000 66.11 35.71 0.00 1.2187 0.4640 0.4640
5025 66.18 35.70 0.00 1.9604 -0.6612 -0.6612
5050 66.25 35.70 0.00 2.0288 -1.0023 -1.0023
5075 66.25 35.70 0.00 2.0288 -1.0023 -1.0023
5100 66.30 35.61 0.00 0.5501 -1.1104 -1.1104
5125 66.34 35.53 0.00 1.8631 -0.1858 -0.1858
5150 66.34 35.53 0.00 1.8631 -0.1858 -0.1858
5175 66.45 35.58 0.00 2.4911 0.7830 0.7830
5200 66.50 35.62 0.00 0.3087 0.9449 0.9449
5225 66.50 35.62 0.00 0.3087 0.9449 0.9449
5250 66.47 35.56 0.00 -0.9406 0.6205 0.6205
5275 66.47 35.56 0.00 -0.9406 0.6205 0.6205
5300 66.45 35.52 0.00 -0.0296 0.8480 0.8480
5325 66.45 35.44 0.00 -0.7357 -0.3090 -0.3090
5350 66.39 35.40 0.00 -1.4926 -1.6868 -1.6868
5375 66.39 35.40 0.00 -1.4926 -1.6868 -1.6868
5400 66.34 35.34 0.00 -1.8629 -0.7000 -0.7000
5425 66.29 35.20 0.00 -1.8187 1.1189 1.1189
5450 66.29 35.20 0.00 -1.8187 1.1189 1.1189
5475 66.21 35.01 0.00 -1.2555 0.9113 0.9113
5500 66.20 34.81 0.00 0.1465 0.4583 0.4583
5525 66.20 34.81 0.00 0.1465 0.4583 0.4583
5550 66.20 34.77 0.00 -0.1771 0.4989 0.4989
5575 66.18 34.79 0.00 -0.7125 0.8324 0.8324
5600 66.16 34.79 0.00 0.1682 -0.4152 -0.4152
5625 66.16 34.79 0.00 0.1682 -0.4152 -0.4152
5650 66.18 34.81 0.00 -0.2570 -1.2919 -1.2919
5675 66.14 34.85 0.00 -1.1626 -1.6588 -1.6588
5700 66.14 34.85 0.00 -1.1626 -1.6588 -1.6588
5725 66.11 34.83 0.00 -0.0938 -0.4868 -0.4868
5750 66.11 34.83 0.00 -0.0938 -0.4868 -0.4868
5775 66.14 34.83 0.00 1.0607 0.3641 0.3641
5800 66.16 34.83 0.00 0.2450 -0.0622 -0.0622
5825 66.16 34.83 0.00 0.2450 -0.0622 -0.0622
5850 66.14 34.87 0.00 -0.7486 -1.4438 -1.4438
5875 66.12 34.90 0.00 -0.5834 -1.1228 -1.1228
5900 66.12 34.90 0.00 -0.5834 -1.1228 -1.1228
5925 66.09 34.94 0.00 -0.7656 0.3717 0.3717
5950 66.09 35.02 0.00 -0.2317 1.0085 1.0085
5975 66.09 35.15 0.00 0.1226 -1.3954 -1.3954
6000 66.09 35.15 0.00 0.1226 -1.3954 -1.3954
6025 66.07 35.27 0.00 -0.7593 -1.7857 -1.7857
6050 66.00 35.43 0.00 -2.0931 -1.8495 -1.8495
6075 66.00 35.43 0.00 -2.0931 -1.8495 -1.8495
6100 65.95 35.47 0.00 -0.9963 -0.6098 -0.6098
6125 65.91 35.53 0.00 -1.3573 -0.7680 -0.7680
6150 65.78 35.61 0.00 -3.2714 -0.5291 -0.5291
6175 65.78 35.61 0.00 -3.2714 -0.5291 -0.5291
6200 65.66 35.61 0.00 -3.5600 0.0851 0.0851
6225 65.57 35.64 0.00 -2.5492 -0.3091 -0.3091
6250 65.57 35.64 0.00 -2.5492 -0.3091 -0.3091
6275 65.48 35.69 0.00 -1.9936 -0.6512 -0.6512
6300 65.39 35.69 0.00 -2.2582 -0.5451 -0.5451
6325 65.39 35.69 0.00 -2.2582 -0.5451 -0.5451
6350 65.34 35.65 0.00 -0.4434 0.2929 0.2929
6375 65.36 35.57 0.00 0.3434 -0.3285 -0.3285
6400 65.36 35.57 0.00 0.3434 -0.3285 -0.3285
6425 65.34 35.45 0.00 -0.5636 -1.2504 -1.2504
6450 65.30 35.30 0.00 -1.5701 -0.6829 -0.6829
6475 65.23 35.18 0.00 -1.7401 0.1500 0.1500
6500 65.23 35.18 0.00 -1.7401 0.1500 0.1500
6525 65.16 35.04 0.00 -2.2884 -0.0519 -0.0519
6550 65.05 34.84 0.00 -2.9679 -0.8641 -0.8641
6575 65.05 34.84 0.00 -2.9679 -0.8641 -0.8641
6600 64.95 34.68 0.00 -2.1569 -0.2870 -0.2870
6625 64.87 34.50 0.00 -1.2232 -0.1457 -0.1457
6650 64.87 34.50 0.00 -1.2232 -0.1457 -0.1457
6675 64.82 34.25 0.00 -2.0960 -1.1645 -1.1645
6700 64.71 34.03 0.00 -2.1995 0.4922 0.4922
6725 64.66 33.97 0.00 -1.2316 1.1900 1.1900
6750 64.66 33.97 0.00 -1.2316 1.1900 1.1900
6775 64.61 34.01 0.00 -1.1325 -0.5288 -0.5288
6800 64.55 33.99 0.00 -1.7880 -1.4963 -1.4963
6825 64.55 33.99 0.00 -1.7880 -1.4963 -1.4963
6850 64.52 33.93 0.00 -0.1595 -0.5506 -0.5506
6875 64.52 33.93 0.00 0.2775 -0.3629 -0.3629
6900 64.52 33.93 0.00 0.2775 -0.3629 -0.3629
6925 64.50 33.98 0.00 -1.4821 -0.6852 -0.6852
6950 64.43 33.94 0.00 -1.4786 1.3998 1.3998
6975 64.43 33.94 0.00 -1.4786 1.3998 1.3998
7000 64.39 33.88 0.00 -0.5694 1.4845 1.4845
7025 64.39 33.81 0.00 -0.2056 1.1830 1.1830
7050 64.37 33.77 0.00 -0.0132 0.9944 0.9944
7075 64.37 33.77 0.00 -0.0132 0.9944 0.9944
7100 64.36 33.80 0.00 -1.1504 0.0219 0.0219
7125 64.30 33.82 0.00 -1.0642 0.1594 0.1594
7150 64.27 33.82 0.00 -0.7325 -0.2927 -0.2927
7175 64.27 33.82 0.00 -0.7325 -0.2927 -0.2927
7200 64.25 33.84 0.00 -0.9194 -0.8741 -0.8741
7225 64.18 33.85 0.00 -2.6087 -0.2279 -0.2279
7250 64.18 33.85 0.00 -2.6087 -0.2279 -0.2279
7275 64.05 33.86 0.00 -3.1026 0.8779 0.8779
7300 63.97 33.78 0.00 -1.4039 2.4946 2.4946
7325 63.97 33.78 0.00 -1.4039 2.4946 2.4946
7350 63.97 33.76 0.00 0.3948 1.3683 1.3683
7375 63.97 33.76 0.00 0.3948 1.3683 1.3683
7400 63.98 33.65 0.00 0.5806 -0.2079 -0.2079
7425 63.97 33.57 0.00 -0.9493 -0.4956 -0.4956
7450 63.91 33.44 0.00 -1.9318 -0.1326 -0.1326
7475 63.91 33.44 0.00 -1.9318 -0.1326 -0.1326
7500 63.84 33.32 0.00 -1.7014 -0.4096 -0.4096
7525 63.73 33.31 0.00 -2.7794 -1.1307 -1.1307
7550 63.63 33.29 0.00 -2.6254 0.6749 0.6749
7575 63.63 33.29 0.00 -2.6254 0.6749 0.6749
7600 63.56 33.30 0.00 -1.0561 0.1867 0.1867
7625 63.56 33.34 0.00 0.3190 -0.3800 -0.3800
7650 63.56 33.34 0.00 0.3190 -0.3800 -0.3800
7675 63.56 33.32 0.00 -0.5300 -0.7055 -0.7055
7700 63.50 33.30 0.00 -1.6972 -2.0280 -2.0280
7725 63.50 33.30 0.00 -1.6972 -2.0280 -2.0280
7750 63.48 33.20 0.00 0.1011 0.9549 0.9549
7775 63.47 33.03 0.00 -0.7630 0.0179 0.0179
7800 63.45 32.90 0.00 -0.4442 0.4304 0.4304
7825 63.45 32.90 0.00 -0.4442 0.4304 0.4304
7850 63.41 32.84 0.00 -0.4053 0.3640 0.3640
7875 63.45 32.80 0.00 1.0045 1.9523 1.9523
7900 63.45 32.80 0.00 1.0045 1.9523 1.9523
7925 63.50 32.79 0.00 1.3945 0.7109 0.7109
7950 63.54 32.79 0.00 0.5577 -0.2207 -0.2207
7975 63.54 32.79 0.00 0.5577 -0.2207 -0.2207
8000 63.54 32.75 0.00 -0.1324 0.2354 0.2354
8025 63.54 32.71 0.00 0.2625 0.7394 0.7394
8050 63.56 32.60 0.00 0.3823 0.5921 0.5921
8075 63.56 32.60 0.00 0.3823 0.5921 0.5921
8100 63.56 32.54 0.00 -0.4941 -1.1388 -1.1388
8125 63.52 32.54 0.00 -0.4919 -1.2154 -1.2154
8150 63.52 32.54 0.00 -0.4919 -1.2154 -1.2154
8175 63.50 32.48 0.00 -0.5035 -0.6864 -0.6864
8200 63.47 32.42 0.00 -1.2348 -1.0352 -1.0352
8225 63.48 32.33 0.00 1.6544 0.6536 0.6536
8250 63.48 32.33 0.00 1.6544 0.6536 0.6536
8275 63.59 32.26 0.00 2.9410 0.1570 0.1570
8300 63.70 32.32 0.00 1.9374 -1.0558 -1.0558
8325 63.70 32.32 0.00 1.9374 -1.0558 -1.0558
8350 63.68 32.38 0.00 -1.6022 -4.1319 -4.1319
8375 63.57 32.54 0.00 -3.0338 -3.2536 -3.2536
8400 63.57 32.54 0.00 -3.0338 -3.2536 -3.2536
8425 63.45 32.61 0.00 -3.6357 -2.0131 -2.0131
8450 63.34 32.66 0.00 -3.7480 -2.0302 -2.0302
8475 63.34 32.66 0.00 -3.7480 -2.0302 -2.0302
8500 63.22 32.64 0.00 -2.0782 0.5383 0.5383
8525 63.15 32.54 0.00 -1.9772 -0.4006 -0.4006
8550 63.06 32.46 0.00 -2.2173 -0.6048 -0.6048
8575 63.06 32.46 0.00 -2.2173 -0.6048 -0.6048
8600 62.99 32.46 0.00 -1.5329 -0.8090 -0.8090
8625 62.97 32.53 0.00 -0.0234 -0.3709 -0.3709
8650 62.97 32.53 0.00 -0.0234 -0.3709 -0.3709
8675 62.97 32.64 0.00 -0.5159 -0.9577 -0.9577
8700 62.90 32.77 0.00 -1.9035 -1.7083 -1.7083
8725 62.90 32.77 0.00 -1.9035 -1.7083 -1.7083
8750 62.81 32.86 0.00 -2.3367 -2.1917 -2.1917
8775 62.72 32.90 0.00 -2.1412 -1.2435 -1.2435
8800 62.67 32.95 0.00 -1.1323 -0.6967 -0.6967
8825 62.67 32.95 0.00 -1.1323 -0.6967 -0.6967
8850 62.63 32.95 0.00 0.1763 0.2286 0.2286
8875 62.67 32.99 0.00 0.9023 0.5416 0.5416
8900 62.69 33.05 0.00 0.4703 -0.4336 -0.4336
8925 62.69 33.05 0.00 0.4703 -0.4336 -0.4336
8950 62.70 33.12 0.00 -0.1181 -1.3272 -1.3272
8975 62.70 33.12 0.00 -0.1181 -1.3272 -1.3272
9000 62.67 33.10 0.00 -1.0947 -0.8784 -0.8784
9025 62.65 33.05 0.00 -0.4137 1.0993 1.0993
9050 62.62 33.10 0.00 -1.3697 -0.7382 -0.7382
9075 62.62 33.10 0.00 -1.3697 -0.7382 -0.7382
9100 62.53 33.19 0.00 -2.3357 -1.7387 -1.7387
9125 62.44 33.24 0.00 -2.3092 -1.5168 -1.5168
9150 62.44 33.24 0.00 -2.3092 -1.5168 -1.5168
9175 62.37 33.28 0.00 -1.4881 -0.0181 -0.0181
9200 62.31 33.26 0.00 -1.6499 0.1443 0.1443
9225 62.23 33.23 0.00 -2.3158 -0.6196 -0.6196
9250 62.23 33.23 0.00 -2.3158 -0.6196 -0.6196
9275 62.17 33.10 0.00 -0.9695 1.8791 1.8791
9300 62.14 32.89 0.00 -0.7589 1.7085 1.7085
9325 62.14 32.89 0.00 -0.7589 1.7085 1.7085
9350 62.10 32.68 0.00 -0.4881 0.9958 0.9958
9375 62.10 32.68 0.00 -0.4881 0.9958 0.9958
9400 62.05 32.28 0.00 -0.8432 1.1717 1.1717
9425 62.05 32.28 0.00 -0.8432 1.1717 1.1717
9450 61.96 32.10 0.00 -3.7095 2.3966 2.3966
9475 61.96 32.10 0.00 -3.7095 2.3966 2.3966
9500 61.76 31.90 0.00 -5.6195 2.7977 2.7977
9525 61.54 31.65 0.00 -5.3900 1.6105 1.6105
9550 61.54 31.65 0.00 -5.3900 1.6105 1.6105
9575 61.38 31.43 0.00 -2.8990 0.4792 0.4792
9600 61.32 31.24 0.00 -0.5383 0.5422 0.5422
9625 61.32 31.24 0.00 -0.5383 0.5422 0.5422
9650 61.32 31.07 0.00 0.1996 0.3916 0.3916
9675 61.32 30.90 0.00 0.5522 0.1829 0.1829
9700 61.36 30.81 0.00 0.6500 0.9553 0.9553
9725 61.36 30.81 0.00 0.6500 0.9553 0.9553
9750 61.38 30.74 0.00 0.4653 0.8341 0.8341
9775 61.38 30.57 0.00 -0.2926 -0.3008 -0.3008
9800 61.38 30.57 0.00 -0.2926 -0.3008 -0.3008
9825 61.38 30.40 0.00 -0.1931 1.0975 1.0975
9850 61.36 30.38 0.00 -0.3028 0.7548 0.7548
9875 61.36 30.44 0.00 0.4648 -0.2068 -0.2068
9900 61.36 30.44 0.00 0.4648 -0.2068 -0.2068
9925 61.39 30.59 0.00 0.5589 -1.1763 -1.1763
9950 61.39 30.72 0.00 -0.1066 -0.7429 -0.7429
9975 61.38 30.85 0.00 -0.9407 -0.7505 -0.7505
10000 61.38 30.85 0.00 -0.9407 -0.7505 -0.7505
10025 61.32 30.92 0.00 -0.6403 0.1833 0.1833
10050 61.32 30.90 0.00 -0.3578 0.7310 0.7310
10075 61.29 30.85 0.00 -0.9043 -0.2277 -0.2277
10100 61.29 30.85 0.00 -0.9043 -0.2277 -0.2277
10125 61.27 30.81 0.00 -0.7784 0.6834 0.6834
10150 61.23 30.81 0.00 -0.4355 1.3414 1.3414
10175 61.23 30.81 0.00 -0.4355 1.3414 1.3414
10200 61.27 30.88 0.00 1.2256 2.0748 2.0748
10225 61.27 30.88 0.00 1.2256 2.0748 2.0748
10250 61.32 30.92 0.00 1.0790 0.6332 0.6332
10275 61.32 30.96 0.00 -0.4230 -0.1633 -0.1633
10300 61.27 30.98 0.00 -1.1879 -0.5813 -0.5813
10325 61.27 30.98 0.00 -1.1879 -0.5813 -0.5813
10350 61.25 31.01 0.00 -0.0429 1.0593 1.0593
10375 61.27 30.96 0.00 0.6812 1.2999 1.2999
10400 61.27 30.96 0.00 0.6812 1.2999 1.2999
10425 61.29 30.90 0.00 0.5304 -0.7798 -0.7798
10450 61.32 30.87 0.00 0.7385 -0.5165 -0.5165
10475 61.34 30.85 0.00 -0.1287 0.2135 0.2135
10500 61.34 30.85 0.00 -0.1287 0.2135 0.2135
10525 61.34 30.77 0.00 0.4395 0.9231 0.9231
10550 61.36 30.81 0.00 0.6753 0.7344 0.7344
10575 61.36 30.81 0.00 0.6753 0.7344 0.7344
10600 61.38 30.85 0.00 -0.2892 0.9023 0.9023
10625 61.34 30.87 0.00 -1.4004 -0.5671 -0.5671
10650 61.34 30.87 0.00 -1.4004 -0.5671 -0.5671
10675 61.27 30.94 0.00 -1.8230 -1.5751 -1.5751
10700 61.18 30.99 0.00 -2.2476 -1.9308 -1.9308
10725 61.18 30.99 0.00 -2.2476 -1.9308 -1.9308
10750 61.08 31.02 0.00 -2.7038 -2.9799 -2.9799
10775 61.02 31.02 0.00 -0.2646 2.1527 2.1527
10800 61.02 31.02 0.00 -0.2646 2.1527 2.1527
10825 61.00 30.98 0.00 -0.7538 0.6782 0.6782
10850 60.97 30.98 0.00 -1.3362 -0.1503 -0.1503
10875 60.92 30.98 0.00 -1.9346 -0.5916 -0.5916
10900 60.92 30.98 0.00 -1.9346 -0.5916 -0.5916
10925 60.85 30.94 0.00 -1.1777 0.1281 0.1281
10950 60.83 30.94 0.00 -0.4814 0.8106 0.8106
10975 60.83 30.94 0.00 -0.4814 0.8106 0.8106
11000 60.79 30.90 0.00 -1.0100 1.0402 1.0402
11025 60.78 30.86 0.00 -0.3353 0.9501 0.9501
11050 60.78 30.77 0.00 0.4478 0.6849 0.6849
11075 60.78 30.77 0.00 0.4478 0.6849 0.6849
11100 60.79 30.73 0.00 -0.0348 0.2289 0.2289
11125 60.79 30.64 0.00 -0.1121 0.2486 0.2486
11150 60.79 30.58 0.00 0.3717 0.5114 0.5114
11175 60.79 30.58 0.00 0.3717 0.5114 0.5114
11200 60.79 30.54 0.00 -0.1861 -0.3202 -0.3202
11225 60.79 30.54 0.00 -0.1861 -0.3202 -0.3202
11250 60.76 30.45 0.00 -1.2763 -0.7915 -0.7915
11275 60.70 30.28 0.00 -0.8645 1.3259 1.3259
11300 60.69 30.20 0.00 -0.3370 1.5751 1.5751
11325 60.69 30.20 0.00 -0.3370 1.5751 1.5751
11350 60.69 30.16 0.00 -0.1283 0.5747 0.5747
11375 60.67 30.14 0.00 -0.4868 -0.6721 -0.6721
11400 60.67 30.14 0.00 -0.4868 -0.6721 -0.6721
11425 60.65 30.11 0.00 -0.6963 -0.5103 -0.5103
11450 60.62 30.09 0.00 -0.9677 -0.6281 -0.6281
11475 60.56 30.08 0.00 -1.8019 -1.0816 -1.0816
11500 60.56 30.08 0.00 -1.8019 -1.0816 -1.0816
11525 60.49 30.01 0.00 -1.3232 0.7715 0.7715
11550 60.42 29.89 0.00 -1.6554 -0.6628 -0.6628
11575 60.42 29.89 0.00 -1.6554 -0.6628 -0.6628
11600 60.35 29.81 0.00 -2.3712 -1.4961 -1.4961
11625 60.25 29.79 0.00 -1.9809 -0.9692 -0.9692
11650 60.21 29.77 0.00 -1.1720 -0.9264 -0.9264
11675 60.21 29.77 0.00 -1.1720 -0.9264 -0.9264
11700 60.19 29.77 0.00 0.2003 0.1776 0.1776
11725 60.21 29.79 0.00 0.3915 -0.6373 -0.6373
11750 60.21 29.79 0.00 0.3915 -0.6373 -0.6373
11775 60.19 29.81 0.00 -1.2293 -1.5901 -1.5901
11800 60.10 29.84 0.00 -2.3265 -1.7082 -1.7082
11825 60.10 29.84 0.00 -2.3265 -1.7082 -1.7082
11850 60.02 29.84 0.00 -2.2217 -0.7016 -0.7016
11875 59.93 29.85 0.00 -2.5682 -0.0037 -0.0037
11900 59.93 29.85 0.00 -2.5682 -0.0037 -0.0037
11925 59.82 29.90 0.00 -2.6216 -0.3496 -0.3496
11950 59.73 29.90 0.00 -1.8212 -0.6779 -0.6779
11975 59.73 29.90 0.00 -1.8212 -0.6779 -0.6779
12000 59.66 29.97 0.00 -2.0629 -1.7265 -1.7265
12025 59.56 29.93 0.00 -2.8348 -1.1034 -1.1034
12050 59.56 29.93 0.00 -2.8348 -1.1034 -1.1034
12075 59.47 29.93 0.00 -1.5037 1.8341 1.8341
12100 59.42 30.09 0.00 -1.5819 1.4604 1.4604
12125 59.33 30.20 0.00 -2.2970 1.6222 1.6222
12150 59.33 30.20 0.00 -2.2970 1.6222 1.6222
12175 59.26 30.33 0.00 -1.6800 0.7238 0.7238
12200 59.22 30.35 0.00 -0.7345 2.1829 2.1829
12225 59.21 30.33 0.00 -0.1797 1.8008 1.8008
12250 59.21 30.33 0.00 -0.1797 1.8008 1.8008
12275 59.21 30.29 0.00 0.1753 1.5531 1.5531
12300 59.22 30.25 0.00 0.6416 1.6892 1.6892
12325 59.22 30.25 0.00 0.6416 1.6892 1.6892
12350 59.22 30.22 0.00 -0.6495 -0.0862 -0.0862
12375 59.15 30.14 0.00 -2.3981 -0.3860 -0.3860
12400 59.05 30.02 0.00 -2.0413 -0.2023 -0.2023
12425 59.05 30.02 0.00 -2.0413 -0.2023 -0.2023
12450 59.00 29.98 0.00 -0.8002 -0.5585 -0.5585
12475 59.00 29.98 0.00 -0.8002 -0.5585 -0.5585
12500 58.98 29.91 0.00 -0.5324 -0.7519 -0.7519
12525 58.94 29.81 0.00 -0.8225 -0.0916 -0.0916
12550 58.91 29.74 0.00 -0.9169 0.7201 0.7201
12575 58.91 29.74 0.00 -0.9169 0.7201 0.7201
12600 58.87 29.66 0.00 -0.9992 0.9661 0.9661
12625 58.84 29.62 0.00 -0.2746 1.0827 1.0827
12650 58.84 29.62 0.00 -0.2746 1.0827 1.0827
12675 58.84 29.62 0.00 -0.0748 0.4963 0.4963
12700 58.80 29.55 0.00 -1.8452 -0.4820 -0.4820
12725 58.71 29.45 0.00 -2.1414 -0.3504 -0.3504
12750 58.71 29.45 0.00 -2.1414 -0.3504 -0.3504
12775 58.64 29.28 0.00 -0.7382 0.3856 0.3856
12800 58.66 29.19 0.00 0.4472 0.8998 0.8998
12825 58.66 29.19 0.00 0.4472 0.8998 0.8998
12850 58.66 29.23 0.00 0.3527 -0.2222 -0.2222
12875 58.70 29.32 0.00 0.8434 0.3790 0.3790
12900 58.70 29.32 0.00 0.8434 0.3790 0.3790
12925 58.73 29.38 0.00 0.9029 1.0778 1.0778
12950 58.75 29.34 0.00 0.0756 0.1721 0.1721
12975 58.75 29.34 0.00 0.0756 0.1721 0.1721
13000 58.73 29.34 0.00 -1.2321 -1.5623 -1.5623
13025 58.66 29.32 0.00 -1.1280 0.1731 0.1731
13050 58.64 29.19 0.00 -0.7455 0.6600 0.6600
13075 58.64 29.19 0.00 -0.7455 0.6600 0.6600
13100 58.63 29.06 0.00 0.0406 0.1496 0.1496
13125 58.64 28.89 0.00 0.6117 0.7330 0.7330
13150 58.64 28.89 0.00 0.6117 0.7330 0.7330
13175 58.68 28.78 0.00 1.3266 1.4927 1.4927
13200 58.73 28.75 0.00 1.7855 1.5655 1.5655
13225 58.73 28.75 0.00 1.7855 1.5655 1.5655
13250 58.78 28.73 0.00 1.4420 0.2309 0.2309
13275 58.82 28.69 0.00 0.2234 -0.3356 -0.3356
13300 58.78 28.71 0.00 -1.3615 0.1174 0.1174
13325 58.78 28.71 0.00 -1.3615 0.1174 0.1174
13350 58.73 28.67 0.00 -0.9734 0.1171 0.1171
13375 58.71 28.58 0.00 -0.4310 -0.0142 -0.0142
13400 58.71 28.58 0.00 -0.4310 -0.0142 -0.0142
13425 58.66 28.58 0.00 -1.7071 -1.7996 -1.7996
13450 58.59 28.59 0.00 -1.4621 -1.9791 -1.9791
13475 58.56 28.54 0.00 -0.8405 -1.6164 -1.6164
13500 58.56 28.54 0.00 -0.8405 -1.6164 -1.6164
13525 58.54 28.48 0.00 -0.6113 -0.6868 -0.6868
13550 58.52 28.46 0.00 -0.0877 1.0883 1.0883
13575 58.52 28.46 0.00 -0.0877 1.0883 1.0883
13600 58.49 28.48 0.00 -0.8958 -0.2301 -0.2301
13625 58.45 28.57 0.00 -0.9752 -0.3898 -0.3898
13650 58.45 28.57 0.00 -0.9752 -0.3898 -0.3898
13675 58.40 28.64 0.00 -1.3643 -1.0073 -1.0073
13700 58.33 28.68 0.00 -2.5629 -1.8000 -1.8000
13725 58.33 28.68 0.00 -2.5629 -1.8000 -1.8000
13750 58.20 28.73 0.00 -3.7073 -1.1734 -1.1734
13775 58.05 28.76 0.00 -3.0397 -1.0710 -1.0710
13800 58.05 28.76 0.00 -3.0397 -1.0710 -1.0710
13825 58.01 28.72 0.00 -0.0183 0.5521 0.5521
13850 58.03 28.72 0.00 0.3204 -0.2321 -0.2321
13875 58.03 28.72 0.00 0.1553 0.4599 0.4599
13900 58.05 28.70 0.00 0.6800 1.1386 1.1386
13925 58.05 28.70 0.00 0.6800 1.1386 1.1386
13950 58.08 28.69 0.00 0.7424 1.7308 1.7308
13975 58.06 28.76 0.00 -0.9695 0.6396 0.6396
14000 58.06 28.76 0.00 -0.9695 0.6396 0.6396
14025 57.99 28.83 0.00 -2.5511 -0.6834 -0.6834
14050 57.84 28.88 0.00 -4.5831 -0.6243 -0.6243
14075 57.84 28.88 0.00 -4.5831 -0.6243 -0.6243
14100 57.66 28.91 0.00 -4.1786 0.3784 0.3784
14125 57.54 28.91 0.00 -2.1770 -0.2159 -0.2159
14150 57.54 28.91 0.00 -2.1770 -0.2159 -0.2159
14175 57.50 28.89 0.00 0.3365 0.4525 0.4525
14200 57.54 28.85 0.00 0.7103 1.1436 1.1436
14225 57.54 28.85 0.00 0.7103 1.1436 1.1436
14250 57.55 28.82 0.00 0.6117 0.4303 0.4303
14275 57.59 28.76 0.00 0.4845 -0.4592 -0.4592
14300 57.59 28.74 0.00 -0.1827 -0.3858 -0.3858
14325 57.59 28.74 0.00 -0.1827 -0.3858 -0.3858
14350 57.62 28.67 0.00 1.5299 1.9651 1.9651
14375 57.64 28.67 0.00 0.1313 -0.2953 -0.2953
14400 57.64 28.67 0.00 0.1313 -0.2953 -0.2953
14425 57.61 28.76 0.00 -1.5864 -1.2680 -1.2680
14450 57.54 28.82 0.00 -1.5048 -0.6469 -0.6469
14475 57.50 28.87 0.00 -0.5980 -0.5845 -0.5845
14500 57.50 28.87 0.00 -0.5980 -0.5845 -0.5845
14525 57.50 28.87 0.00 -0.0909 -0.7660 -0.7660
14550 57.47 28.85 0.00 -0.8263 -0.7892 -0.7892
14575 57.47 28.85 0.00 -0.8263 -0.7892 -0.7892
14600 57.48 28.74 0.00 0.6296 1.7831 1.7831
14625 57.48 28.63 0.00 0.1883 0.4654 0.4654
14650 57.48 28.63 0.00 0.1883 0.4654 0.4654
14675 57.48 28.54 0.00 -0.4865 -0.3165 -0.3165
14700 57.47 28.52 0.00 -0.6861 0.0916 0.0916
14725 57.47 28.52 0.00 -0.6861 0.0916 0.0916
14750 57.45 28.52 0.00 -0.3401 0.4771 0.4771
14775 57.43 28.52 0.00 -0.0109 0.6393 0.6393
14800 57.43 28.57 0.00 -0.8622 1.0541 1.0541
14825 57.43 28.57 0.00 -0.8622 1.0541 1.0541
14850 57.38 28.68 0.00 -0.7254 1.1449 1.1449
14875 57.38 28.72 0.00 -0.0988 0.9265 0.9265
14900 57.38 28.72 0.00 -0.0988 0.9265 0.9265
14925 57.38 28.72 0.00 0.0825 0.1726 0.1726
14950 57.36 28.66 0.00 -0.8281 -0.4781 -0.4781
14975 57.31 28.53 0.00 -1.0093 0.6573 0.6573
15000 57.31 28.53 0.00 -1.0093 0.6573 0.6573
15025 57.29 28.49 0.00 -0.4251 1.1656 1.1656
15050 57.27 28.46 0.00 -0.1363 0.5030 0.5030
15075 57.27 28.46 0.00 -0.1363 0.5030 0.5030
15100 57.26 28.42 0.00 -1.1782 -0.1885 -0.1885
15125 57.19 28.31 0.00 -1.5136 0.2438 0.2438
15150 57.19 28.31 0.00 -1.5136 0.2438 0.2438
15175 57.17 28.14 0.00 -0.2505 3.1364 3.1364
15200 57.15 28.03 0.00 -0.1358 1.0317 1.0317
15225 57.17 27.97 0.00 0.2309 -0.2482 -0.2482
15250 57.17 27.97 0.00 0.2309 -0.2482 -0.2482
15275 57.19 27.92 0.00 0.3335 -0.7262 -0.7262
15300 57.19 27.88 0.00 0.0353 0.0506 0.0506
15325 57.19 27.88 0.00 0.0353 0.0506 0.0506
15350 57.17 27.86 0.00 -1.1957 -0.1064 -0.1064
15375 57.10 27.77 0.00 -1.2110 0.0430 0.0430
15400 57.10 27.77 0.00 -1.2110 0.0430 0.0430
15425 57.08 27.66 0.00 -0.7048 1.3957 1.3957
15450 57.01 27.53 0.00 -1.6529 1.1536 1.1536
15475 57.01 27.53 0.00 -1.6529 1.1536 1.1536
15500 56.98 27.40 0.00 -1.6019 0.6861 0.6861
15525 56.92 27.30 0.00 -0.8074 0.1530 0.1530
15550 56.92 27.27 0.00 0.4709 0.8797 0.8797
15575 56.92 27.27 0.00 0.4709 0.8797 0.8797
15600 56.94 27.27 0.00 0.0196 -0.3732 -0.3732
15625 56.89 27.32 0.00 -2.0919 -2.3168 -2.3168
15650 56.78 27.41 0.00 -2.4896 -1.5515 -1.5515
15675 56.78 27.41 0.00 -2.4896 -1.5515 -1.5515
15700 56.68 27.44 0.00 -3.1109 -0.4307 -0.4307
15725 56.54 27.44 0.00 -3.6882 -1.5273 -1.5273
15750 56.54 27.44 0.00 -3.6882 -1.5273 -1.5273
15775 56.40 27.40 0.00 -3.0786 -1.8938 -1.8938
15800 56.40 27.40 0.00 -3.0786 -1.8938 -1.8938
15825 56.27 27.43 0.00 -3.0020 -2.4653 -2.4653
15850 56.17 27.41 0.00 -2.3024 -2.3423 -2.3423
15875 56.06 27.41 0.00 -2.7467 -2.9216 -2.9216
15900 55.98 27.39 0.00 -1.6440 -1.2257 -1.2257
15925 55.98 27.39 0.00 -1.6440 -1.2257 -1.2257
15950 55.94 27.42 0.00 -1.0294 0.8323 0.8323
15975 55.94 27.42 0.00 -1.0294 0.8323 0.8323
16000 55.84 27.53 0.00 -2.8871 0.7724 0.7724
16025 55.71 27.60 0.00 -3.1925 1.1285 1.1285
16050 55.63 27.69 0.00 -1.2622 1.4758 1.4758
16075 55.63 27.69 0.00 -1.2622 1.4758 1.4758
16100 55.64 27.71 0.00 1.2979 1.3558 1.3558
16125 55.68 27.71 0.00 -0.4619 -1.6245 -1.6245
16150 55.68 27.71 0.00 -0.4619 -1.6245 -1.6245
16175 55.61 27.71 0.00 -1.7566 -2.0594 -2.0594
16200 55.57 27.69 0.00 -0.7371 0.0280 0.0280
16225 55.56 27.62 0.00 -0.2675 -0.7258 -0.7258
16250 55.56 27.62 0.00 -0.2675 -0.7258 -0.7258
16275 55.59 27.56 0.00 1.0745 0.8025 0.8025
16300 55.59 27.56 0.00 1.0745 0.8025 0.8025
16325 55.63 27.51 0.00 1.1295 1.3099 1.3099
16350 55.68 27.53 0.00 1.5857 1.4998 1.4998
16375 55.73 27.55 0.00 1.7397 -0.1621 -0.1621
16400 55.73 27.55 0.00 1.7397 -0.1621 -0.1621
16425 55.80 27.57 0.00 1.3236 -0.5737 -0.5737
16450 55.82 27.59 0.00 -0.2774 -1.1068 -1.1068
16475 55.80 27.57 0.00 -0.3716 -0.3470 -0.3470
16500 55.80 27.57 0.00 -0.3716 -0.3470 -0.3470
16525 55.78 27.51 0.00 -0.3583 -0.0709 -0.0709
16550 55.78 27.44 0.00 -0.2895 0.0690 0.0690
16575 55.78 27.44 0.00 -0.2895 0.0690 0.0690
16600 55.77 27.40 0.00 -0.6756 -0.8048 -0.8048
16625 55.77 27.31 0.00 0.7609 0.0543 0.0543
16650 55.77 27.31 0.00 0.7609 0.0543 0.0543
16675 55.80 27.27 0.00 0.6683 0.1777 0.1777
16700 55.80 27.22 0.00 0.5182 1.6070 1.6070
16725 55.82 27.26 0.00 -0.0042 0.4799 0.4799
16750 55.82 27.26 0.00 -0.0042 0.4799 0.4799
16775 55.82 27.42 0.00 -0.1865 -0.3142 -0.3142
16800 55.80 27.55 0.00 -0.8541 -1.7470 -1.7470
16825 55.75 27.62 0.00 -1.1139 -1.5798 -1.5798
16850 55.75 27.62 0.00 -1.1139 -1.5798 -1.5798
16875 55.70 27.62 0.00 -1.1949 -0.7936 -0.7936
16900 55.66 27.55 0.00 -1.3951 -0.3808 -0.3808
16925 55.66 27.55 0.00 -1.3951 -0.3808 -0.3808
16950 55.63 27.47 0.00 -0.0357 1.7892 1.7892
16975 55.63 27.47 0.00 -0.0357 1.7892 1.7892
17000 55.64 27.29 0.00 0.4838 2.1298 2.1298
17025 55.66 27.12 0.00 0.5769 1.3456 1.3456
17050 55.68 27.01 0.00 0.8156 0.5609 0.5609
17075 55.68 27.01 0.00 0.8156 0.5609 0.5609
17100 55.70 26.89 0.00 0.0939 0.2522 0.2522
17125 55.68 26.74 0.00 -0.3120 0.4405 0.4405
17150 55.66 26.59 0.00 -1.0360 0.1144 0.1144
17175 55.66 26.59 0.00 -1.0360 0.1144 0.1144
17200 55.61 26.41 0.00 -1.5906 -0.4967 -0.4967
17225 55.61 26.41 0.00 -1.5906 -0.4967 -0.4967
17250 55.54 26.28 0.00 -1.8424 0.0198 0.0198
17275 55.47 26.15 0.00 -1.8390 0.4731 0.4731
17300 55.38 25.95 0.00 -2.0690 0.3339 0.3339
17325 55.38 25.95 0.00 -2.0690 0.3339 0.3339
17350 55.31 25.78 0.00 -1.3878 -0.0316 -0.0316
17375 55.31 25.78 0.00 -1.3878 -0.0316 -0.0316
17400 55.28 25.64 0.00 -0.5896 0.4050 0.4050
17425 55.28 25.56 0.00 -0.0012 -0.6166 -0.6166
17450 55.26 25.44 0.00 -0.9699 -2.2594 -2.2594
17475 55.26 25.44 0.00 -0.9699 -2.2594 -2.2594
17500 55.15 25.36 0.00 -2.8407 -1.6751 -1.6751
17525 55.07 25.29 0.00 -1.9430 1.0779 1.0779
17550 55.00 25.32 0.00 -1.4582 0.1793 0.1793
17575 55.00 25.32 0.00 -1.4582 0.1793 0.1793
17600 54.96 25.43 0.00 -0.9312 -2.2025 -2.2025
17625 54.94 25.63 0.00 -0.2456 -2.8155 -2.8155
17650 54.94 25.63 0.00 -0.2456 -2.8155 -2.8155
17675 54.91 25.85 0.00 -0.8303 -1.8161 -1.8161
17700 54.86 25.99 0.00 -1.6733 -1.4463 -1.4463
17725 54.86 25.99 0.00 -1.6733 -1.4463 -1.4463
17750 54.79 26.08 0.00 -2.0702 -1.0340 -1.0340
17775 54.73 26.08 0.00 -0.9621 0.6934 0.6934
17800 54.70 26.08 0.00 -0.7878 0.0946 0.0946
17825 54.70 26.08 0.00 -0.7878 0.0946 0.0946
17850 54.68 26.08 0.00 -0.1347 -0.1619 -0.1619
17875 54.68 26.15 0.00 -0.0771 -0.3046 -0.3046
17900 54.68 26.15 0.00 -0.0771 -0.3046 -0.3046
17925 54.68 26.17 0.00 0.0799 -0.7494 -0.7494
17950 54.68 26.19 0.00 -0.3913 -1.3550 -1.3550
17975 54.68 26.19 0.00 -0.3913 -1.3550 -1.3550
18000 54.65 26.22 0.00 -1.2982 -1.7065 -1.7065
18025 54.58 26.28 0.00 -1.8193 -1.0082 -1.0082
18050 54.51 26.37 0.00 -1.4733 0.1656 0.1656
18075 54.51 26.37 0.00 -1.4733 0.1656 0.1656
18100 54.47 26.42 0.00 -0.3062 0.2987 0.2987
18125 54.47 26.37 0.00 0.0017 0.2138 0.2138
18150 54.47 26.37 0.00 0.0017 0.2138 0.2138
18175 54.44 26.35 0.00 -1.4823 -0.0108 -0.0108
18200 54.35 26.38 0.00 -2.0651 -0.5734 -0.5734
18225 54.35 26.38 0.00 -2.0651 -0.5734 -0.5734
18250 54.31 26.42 0.00 -0.4392 -0.5294 -0.5294
18275 54.28 26.42 0.00 -1.1656 -1.2930 -1.2930
18300 54.28 26.42 0.00 -1.1656 -1.2930 -1.2930
18325 54.21 26.40 0.00 -2.4929 1.3619 1.3619
18350 54.07 26.41 0.00 -3.4550 -2.0594 -2.0594
18375 54.00 26.45 0.00 -1.1403 -1.5943 -1.5943
18400 54.00 26.45 0.00 -1.1403 -1.5943 -1.5943
18425 54.00 26.50 0.00 0.7192 -0.1208 -0.1208
18450 54.09 26.45 0.00 3.8991 2.4276 2.4276
18475 54.09 26.45 0.00 3.8991 2.4276 2.4276
18500 54.26 26.38 0.00 3.0282 1.1961 1.1961
18525 54.28 26.31 0.00 -0.3123 1.7226 1.7226
18550 54.28 26.31 0.00 -0.3123 1.7226 1.7226
18575 54.26 26.11 0.00 -0.5494 4.3671 4.3671
18600 54.24 25.96 0.00 -0.8291 1.2625 1.2625
18625 54.21 25.80 0.00 -1.1709 0.6747 0.6747
18650 54.21 25.80 0.00 -1.1709 0.6747 0.6747
18675 54.17 25.65 0.00 -0.8018 1.5908 1.5908
18700 54.17 25.63 0.00 0.2773 2.1202 2.1202
18725 54.17 25.63 0.00 0.2773 2.1202 2.1202
18750 54.19 25.63 0.00 0.6509 0.6513 0.6513
18775 54.23 25.58 0.00 0.5793 0.3046 0.3046
18800 54.21 25.56 0.00 -1.0326 -0.8796 -0.8796
18825 54.21 25.56 0.00 -1.0326 -0.8796 -0.8796
18850 54.16 25.56 0.00 -1.0509 -0.2556 -0.2556
18875 54.12 25.52 0.00 -0.7724 -0.4443 -0.4443
18900 54.12 25.52 0.00 -0.7724 -0.4443 -0.4443
18925 54.09 25.47 0.00 -0.9727 -1.0171 -1.0171
18950 54.05 25.38 0.00 -1.0330 -0.4406 -0.4406
18975 54.05 25.38 0.00 -1.0330 -0.4406 -0.4406
19000 54.02 25.30 0.00 -0.8409 -0.5271 -0.5271
19025 53.98 25.21 0.00 -0.5188 -0.8295 -0.8295
19050 53.98 25.19 0.00 -0.4375 -0.0134 -0.0134
19075 53.98 25.19 0.00 -0.4375 -0.0134 -0.0134
19100 53.93 25.19 0.00 -1.1631 -0.0427 -0.0427
19125 53.91 25.25 0.00 0.0558 -1.6665 -1.6665
19150 53.91 25.25 0.00 0.0558 -1.6665 -1.6665
19175 53.93 25.36 0.00 0.8130 -2.2051 -2.2051
19200 53.93 25.43 0.00 -1.0362 -1.3721 -1.3721
19225 53.93 25.43 0.00 -1.0362 -1.3721 -1.3721
19250 53.84 25.48 0.00 -2.5126 -1.1935 -1.1935
19275 53.77 25.43 0.00 -0.8449 1.3977 1.3977
19300 53.77 25.43 0.00 -0.8449 1.3977 1.3977
19325 53.75 25.32 0.00 -1.0183 -0.3954 -0.3954
19350 53.70 25.24 0.00 -1.1093 -1.2254 -1.2254
19375 53.65 25.19 0.00 -1.8726 -0.8897 -0.8897
19400 53.65 25.19 0.00 -1.8726 -0.8897 -0.8897
19425 53.58 25.15 0.00 -1.2735 0.8107 0.8107
19450 53.56 25.17 0.00 -0.1594 1.1153 1.1153
19475 53.56 25.17 0.00 -0.1594 1.1153 1.1153
19500 53.56 25.19 0.00 -0.2104 0.6776 0.6776
19525 53.51 25.19 0.00 -2.2436 -0.7605 -0.7605
19550 53.51 25.19 0.00 -2.2436 -0.7605 -0.7605
19575 53.40 25.15 0.00 -2.4566 0.0191 0.0191
19600 53.33 25.15 0.00 -1.4614 0.7967 0.7967
19625 53.33 25.15 0.00 -1.4614 0.7967 0.7967
19650 53.30 25.11 0.00 -0.7010 0.9763 0.9763
19675 53.28 25.04 0.00 -0.1791 0.2984 0.2984
19700 53.28 25.04 0.00 -0.1791 0.2984 0.2984
19725 53.23 25.02 0.00 -2.4995 -0.3988 -0.3988
19750 53.06 25.00 0.00 -5.8930 0.1982 0.1982
19775 52.81 24.96 0.00 -6.0022 0.4233 0.4233
19800 52.81 24.96 0.00 -6.0022 0.4233 0.4233
19825 52.65 24.94 0.00 -2.6494 2.5481 2.5481
19850 52.43 24.97 0.00 -8.1635 -0.5118 -0.5118
19875 52.13 24.99 0.00 -5.7575 2.6882 2.6882
19900 52.13 24.99 0.00 -5.7575 2.6882 2.6882
19925 52.02 24.99 0.00 -0.3597 -0.6631 -0.6631
19950 52.02 24.99 0.00 -0.3597 -0.6631 -0.6631
19975 52.02 24.95 0.00 -0.0445 -1.6824 -1.6824
20000 52.01 24.93 0.00 -0.6118 -0.1351 -0.1351
20025 51.97 24.88 0.00 -1.2774 -1.1457 -1.1457
20050 51.97 24.88 0.00 -1.2774 -1.1457 -1.1457
20075 51.94 24.75 0.00 -0.7242 1.6083 1.6083
20100 51.90 24.61 0.00 -0.6481 0.2887 0.2887
20125 51.90 24.61 0.00 -0.6481 0.2887 0.2887
20150 51.87 24.50 0.00 -1.1261 -0.0274 -0.0274
20175 51.83 24.48 0.00 -0.0162 0.7890 0.7890
20200 51.83 24.48 0.00 -0.0162 0.7890 0.7890
20225 51.87 24.48 0.00 1.4044 1.1864 1.1864
20250 51.90 24.48 0.00 0.5936 -0.4435 -0.4435
20275 51.92 24.50 0.00 0.1374 -0.7326 -0.7326
20300 51.92 24.55 0.00 0.1512 -0.8573 -0.8573
20325 51.92 24.55 0.00 0.1512 -0.8573 -0.8573
20350 51.92 24.57 0.00 0.3052 -0.5800 -0.5800
20375 51.96 24.59 0.00 0.6542 -0.1024 -0.1024
20400 51.96 24.59 0.00 0.6542 -0.1024 -0.1024
20425 51.96 24.57 0.00 -0.2441 0.1320 0.1320
20450 51.94 24.57 0.00 -0.3223 -0.1279 -0.1279
20475 51.94 24.59 0.00 0.2530 -0.6184 -0.6184
20500 51.94 24.59 0.00 0.2530 -0.6184 -0.6184
20525 51.94 24.59 0.00 -0.3921 -1.5423 -1.5423
20550 51.94 24.59 0.00 -0.3921 -1.5423 -1.5423
20575 51.92 24.57 0.00 0.0072 -1.1278 -1.1278
20600 51.99 24.52 0.00 1.7998 2.2702 2.2702
20625 52.01 24.57 0.00 0.3302 0.2018 0.2018
20650 52.01 24.57 0.00 0.3302 0.2018 0.2018
20675 52.04 24.66 0.00 0.7435 -1.9106 -1.9106
20700 52.04 24.66 0.00 0.7435 -1.9106 -1.9106
20725 52.09 24.75 0.00 1.4337 -1.0885 -1.0885
20750 52.09 24.72 0.00 -0.5846 -1.4171 -1.4171
20775 52.01 24.66 0.00 -2.9620 -2.5382 -2.5382
20800 52.01 24.66 0.00 -2.9620 -2.5382 -2.5382
20825 51.89 24.68 0.00 -2.7471 -0.5830 -0.5830
20850 51.82 24.64 0.00 -1.3707 0.9486 0.9486
20875 51.82 24.64 0.00 -1.3707 0.9486 0.9486
20900 51.78 24.59 0.00 -0.9484 0.2843 0.2843
20925 51.75 24.55 0.00 -0.5166 0.0457 0.0457
20950 51.75 24.53 0.00 0.1938 0.6980 0.6980
20975 51.75 24.53 0.00 0.1938 0.6980 0.6980
21000 51.75 24.55 0.00 -0.1933 -0.4253 -0.4253
21025 51.75 24.59 0.00 -0.3101 -1.7666 -1.7666
21050 51.75 24.59 0.00 -0.3101 -1.7666 -1.7666
21075 51.73 24.64 0.00 -0.4504 -1.7109 -1.7109
21100 51.71 24.71 0.00 -0.3930 -0.1504 -0.1504
21125 51.69 24.68 0.00 -0.1789 0.2677 0.2677
21150 51.69 24.68 0.00 -0.1789 0.2677 0.2677
21175 51.68 24.66 0.00 -0.5986 -0.2083 -0.2083
21200 51.68 24.62 0.00 0.2273 0.6881 0.6881
21225 51.68 24.62 0.00 0.2273 0.6881 0.6881
21250 51.69 24.53 0.00 0.3303 1.2973 1.2973
21275 51.68 24.44 0.00 -0.7629 -0.2591 -0.2591
21300 51.64 24.32 0.00 -0.8870 -1.4464 -1.4464
21325 51.64 24.32 0.00 -0.8870 -1.4464 -1.4464
21350 51.61 24.21 0.00 -1.4006 -0.5870 -0.5870
21375 51.57 24.12 0.00 -0.2802 2.5683 2.5683
21400 51.57 24.12 0.00 -0.2802 2.5683 2.5683
21425 51.55 24.17 0.00 -0.7894 0.2295 0.2295
21450 51.55 24.17 0.00 -0.7894 0.2295 0.2295
21475 51.52 24.26 0.00 -0.7360 0.3468 0.3468
21500 51.47 24.28 0.00 -1.5313 -1.9394 -1.9394
21525 51.36 24.28 0.00 -3.1907 -3.1289 -3.1289
21550 51.24 24.21 0.00 -3.0260 -2.4925 -2.4925
21575 51.24 24.21 0.00 -3.0260 -2.4925 -2.4925
21600 51.15 24.17 0.00 -1.3455 -0.2465 -0.2465
21625 51.15 24.17 0.00 -1.3455 -0.2465 -0.2465
21650 51.13 23.99 0.00 -0.7214 1.7927 1.7927
21675 51.10 23.86 0.00 -0.5025 0.4201 0.4201
21700 51.10 23.74 0.00 0.1637 1.3114 1.3114
21725 51.10 23.74 0.00 0.1637 1.3114 1.3114
21750 51.10 23.72 0.00 -0.2795 1.6737 1.6737
21775 51.08 23.67 0.00 -0.6811 1.9608 1.9608
21800 51.05 23.61 0.00 -1.2294 0.7382 0.7382
21825 51.05 23.61 0.00 -1.2294 0.7382 0.7382
21850 50.96 23.52 0.00 -2.1991 -0.6218 -0.6218
21875 50.89 23.47 0.00 -1.7936 -1.0301 -1.0301
21900 50.89 23.47 0.00 -1.7936 -1.0301 -1.0301
21925 50.86 23.40 0.00 -0.1896 0.4764 0.4764
21950 50.86 23.31 0.00 0.0326 0.5494 0.5494
21975 50.86 23.31 0.00 0.0326 0.5494 0.5494
22000 50.84 23.27 0.00 -0.5507 -0.4620 -0.4620
22025 50.80 23.20 0.00 -1.2363 -0.3366 -0.3366
22050 50.80 23.20 0.00 -1.2363 -0.3366 -0.3366
22075 50.73 23.09 0.00 -1.3421 0.4904 0.4904
22100 50.70 22.93 0.00 -1.1710 0.2786 0.2786
22125 50.66 22.79 0.00 -0.6100 0.6647 0.6647
22150 50.66 22.79 0.00 -0.6100 0.6647 0.6647
22175 50.61 22.77 0.00 -1.4752 -0.8931 -0.8931
22200 50.56 22.79 0.00 -1.2207 -0.6726 -0.6726
22225 50.56 22.79 0.00 -1.2207 -0.6726 -0.6726
22250 50.49 22.81 0.00 -1.7777 -0.4399 -0.4399
22275 50.44 22.84 0.00 -1.6937 -0.5300 -0.5300
22300 50.44 22.84 0.00 -1.6937 -0.5300 -0.5300
22325 50.33 22.82 0.00 -2.8276 -1.3151 -1.3151
22350 50.17 22.70 0.00 -4.5958 -1.4680 -1.4680
22375 49.93 22.43 0.00 -7.1955 0.0212 0.0212
22400 49.93 22.43 0.00 -7.1955 0.0212 0.0212
22425 49.62 22.02 0.00 -7.7263 1.4981 1.4981
22450 49.37 21.65 0.00 -4.5382 1.5497 1.5497
22475 49.37 21.65 0.00 -4.5382 1.5497 1.5497
22500 49.28 21.44 0.00 -0.6863 0.7883 0.7883
22525 49.32 21.42 0.00 1.0017 0.0916 0.0916
22550 49.32 21.42 0.00 1.0017 0.0916 0.0916
22575 49.35 21.46 0.00 0.5536 0.9505 0.9505
22600 49.32 21.53 0.00 -1.4853 -2.1864 -2.1864
22625 49.21 21.60 0.00 -2.8218 -2.9610 -2.9610
22650 49.21 21.60 0.00 -2.8218 -2.9610 -2.9610
22675 49.13 21.62 0.00 -2.2555 -1.2798 -1.2798
22700 49.06 21.65 0.00 -1.1628 -0.8832 -0.8832
22725 49.06 21.65 0.00 -1.1628 -0.8832 -0.8832
22750 49.02 21.74 0.00 -0.4514 -1.1475 -1.1475
22775 49.04 21.83 0.00 0.6462 -0.3733 -0.3733
22800 49.04 21.85 0.00 0.1171 -0.2679 -0.2679
22825 49.04 21.85 0.00 0.1171 -0.2679 -0.2679
22850 49.04 21.83 0.00 0.4758 0.5029 0.5029
22875 49.07 21.88 0.00 0.2046 0.0465 0.0465
22900 49.07 21.88 0.00 0.2046 0.0465 0.0465
22925 49.07 21.99 0.00 0.3398 0.2051 0.2051
22950 49.07 22.13 0.00 -0.3103 -0.7003 -0.7003
22975 49.07 22.13 0.00 -0.3103 -0.7003 -0.7003
23000 49.06 22.20 0.00 -0.9653 -1.3321 -1.3321
23025 49.02 22.29 0.00 -0.4826 -0.7537 -0.7537
23050 49.02 22.29 0.00 -0.4215 -0.6719 -0.6719
23075 49.02 22.29 0.00 -0.4215 -0.6719 -0.6719
23100 48.97 22.20 0.00 -0.9826 0.2988 0.2988
23125 48.94 22.10 0.00 -0.7923 0.8320 0.8320
23150 48.94 22.10 0.00 -0.7923 0.8320 0.8320
23175 48.94 21.94 0.00 0.5959 1.0942 1.0942
23200 48.99 21.85 0.00 0.9543 1.0060 1.0060
23225 48.99 21.85 0.00 0.9543 1.0060 1.0060
23250 48.99 21.83 0.00 0.0677 0.4853 0.4853
23275 48.99 21.83 0.00 0.0677 0.4853 0.4853
23300 49.01 21.78 0.00 0.2873 1.2624 1.2624
23325 49.01 21.78 0.00 -0.2969 0.0548 0.0548
23350 48.97 21.76 0.00 -1.0524 -0.7507 -0.7507
23375 48.92 21.76 0.00 -1.2262 -0.9956 -0.9956
23400 48.92 21.76 0.00 -1.2262 -0.9956 -0.9956
23425 48.88 21.76 0.00 -0.5820 -0.5417 -0.5417
23450 48.87 21.76 0.00 -0.2526 0.1195 0.1195
23475 48.87 21.76 0.00 -0.2526 0.1195 0.1195
23500 48.85 21.76 0.00 -0.3098 0.6086 0.6086
23525 48.87 21.76 0.00 0.4668 0.0887 0.0887
23550 48.87 21.76 0.00 0.4668 0.0887 0.0887
23575 48.88 21.74 0.00 0.4792 -0.7183 -0.7183
23600 48.88 21.71 0.00 -0.5558 -1.7221 -1.7221
23625 48.87 21.69 0.00 0.0417 1.1276 1.1276
23650 48.87 21.69 0.00 0.0417 1.1276 1.1276
23675 48.87 21.69 0.00 -0.6115 -0.2046 -0.2046
23700 48.83 21.76 0.00 -0.9780 -1.9266 -1.9266
23725 48.83 21.76 0.00 -0.9780 -1.9266 -1.9266
23750 48.78 21.90 0.00 -1.5949 -1.9495 -1.9495
23775 48.71 21.99 0.00 -1.7118 -1.0880 -1.0880
23800 48.66 22.01 0.00 -0.8540 -0.9175 -0.9175
23825 48.66 22.01 0.00 -0.8540 -0.9175 -0.9175
23850 48.64 22.03 0.00 -0.6707 -1.3792 -1.3792
23875 48.60 21.96 0.00 -0.7784 -0.2164 -0.2164
23900 48.60 21.96 0.00 -0.7784 -0.2164 -0.2164
23925 48.57 21.87 0.00 -0.9301 0.0095 0.0095
23950 48.57 21.78 0.00 0.0623 0.1905 0.1905
23975 48.57 21.78 0.00 0.0623 0.1905 0.1905
24000 48.57 21.73 0.00 0.0656 -0.4476 -0.4476
24025 48.55 21.73 0.00 -0.6340 -0.5672 -0.5672
24050 48.53 21.73 0.00 -0.5063 -0.2997 -0.2997
24075 48.53 21.73 0.00 -0.5063 -0.2997 -0.2997
24100 48.52 21.76 0.00 -1.0275 -0.9446 -0.9446
24125 48.46 21.78 0.00 -1.1976 -0.3593 -0.3593
24150 48.46 21.78 0.00 -1.1976 -0.3593 -0.3593
24175 48.43 21.76 0.00 -0.5380 0.3043 0.3043
24200 48.41 21.71 0.00 -0.4286 -0.4520 -0.4520
24225 48.41 21.71 0.00 -0.4286 -0.4520 -0.4520
24250 48.39 21.69 0.00 -0.6639 -0.8113 -0.8113
24275 48.36 21.69 0.00 -0.2736 0.1368 0.1368
24300 48.36 21.76 0.00 0.0871 -0.2273 -0.2273
24325 48.36 21.76 0.00 0.0871 -0.2273 -0.2273
24350 48.38 21.73 0.00 0.5045 -0.5644 -0.5644
24375 48.38 21.73 0.00 0.5045 -0.5644 -0.5644
24400 48.39 21.69 0.00 -0.1416 -0.1530 -0.1530
24425 48.38 21.57 0.00 0.2778 2.8194 2.8194
24450 48.38 21.50 0.00 -0.6552 2.2702 2.2702
24475 48.34 21.48 0.00 -1.3375 0.0036 0.0036
24500 48.34 21.48 0.00 -1.3375 0.0036 0.0036
24525 48.25 21.46 0.00 -2.3889 -2.0041 -2.0041
24550 48.17 21.46 0.00 -2.4754 -1.2444 -1.2444
24575 48.17 21.46 0.00 -2.4754 -1.2444 -1.2444
24600 48.08 21.41 0.00 -1.9101 -0.2429 -0.2429
24625 48.03 21.41 0.00 -1.0834 0.7710 0.7710
24650 48.03 21.41 0.00 -1.0834 0.7710 0.7710
24675 47.99 21.31 0.00 -0.6689 0.7648 0.7648
24700 47.99 21.31 0.00 -0.6689 0.7648 0.7648
24725 47.94 21.11 0.00 -1.3850 0.7897 0.7897
24750 47.91 20.94 0.00 -0.7374 1.3639 1.3639
24775 47.91 20.87 0.00 0.0234 1.9190 1.9190
24800 47.91 20.87 0.00 0.0234 1.9190 1.9190
24825 47.87 20.76 0.00 -1.4903 0.8279 0.8279
24850 47.78 20.71 0.00 -1.7935 0.0864 0.0864
24875 47.77 20.71 0.00 0.3230 -0.1007 -0.1007
24900 47.77 20.71 0.00 0.3230 -0.1007 -0.1007
24925 47.77 20.69 0.00 -0.3388 -0.2406 -0.2406
24950 47.70 20.64 0.00 -2.3718 -0.1575 -0.1575
24975 47.61 20.62 0.00 -1.5642 0.9535 0.9535
25000 47.61 20.62 0.00 -1.5642 0.9535 0.9535
25025 47.57 20.52 0.00 -0.4403 1.1909 1.1909
25050 47.56 20.43 0.00 -1.0368 -0.5575 -0.5575
25075 47.56 20.43 0.00 -1.0368 -0.5575 -0.5575
25100 47.49 20.34 0.00 -1.8669 0.0876 0.0876
25125 47.43 20.29 0.00 -0.9069 -0.0183 -0.0183
25150 47.43 20.29 0.00 -0.9069 -0.0183 -0.0183
25175 47.42 20.22 0.00 0.0887 -0.4262 -0.4262
25200 47.40 20.19 0.00 -0.7463 -1.5785 -1.5785
25225 47.40 20.19 0.00 -0.7463 -1.5785 -1.5785
25250 47.38 20.22 0.00 -0.7138 -0.9824 -0.9824
25275 47.35 20.26 0.00 -0.3559 -0.6390 -0.6390
25300 47.35 20.26 0.00 -0.3559 -0.6390 -0.6390
25325 47.33 20.38 0.00 -0.8244 -0.3926 -0.3926
25350 47.28 20.45 0.00 -2.2973 -1.5150 -1.5150
25375 47.15 20.47 0.00 -3.0959 -1.6707 -1.6707
25400 47.15 20.47 0.00 -3.0959 -1.6707 -1.6707
25425 47.05 20.38 0.00 -1.6609 1.2763 1.2763
25450 47.00 20.21 0.00 -1.3329 -0.6439 -0.6439
25475 46.96 20.09 0.00 -0.5288 -0.9519 -0.9519
25500 46.96 20.09 0.00 -0.5288 -0.9519 -0.9519
25525 46.96 20.05 0.00 0.1015 0.4211 0.4211
25550 46.98 20.09 0.00 0.4951 1.5895 1.5895
25575 46.98 20.09 0.00 0.4951 1.5895 1.5895
25600 46.98 20.16 0.00 0.1134 0.9604 0.9604
25625 46.96 20.14 0.00 -1.3247 -0.6193 -0.6193
25650 46.96 20.14 0.00 -1.3247 -0.6193 -0.6193
25675 46.87 20.12 0.00 -2.6064 -1.5252 -1.5252
25700 46.87 20.12 0.00 -2.6064 -1.5252 -1.5252
25725 46.79 20.16 0.00 -1.1872 0.0744 0.0744
25750 46.77 20.16 0.00 0.2046 0.8024 0.8024
25775 46.79 20.09 0.00 -0.0372 -0.0436 -0.0436
25800 46.79 20.09 0.00 -0.0372 -0.0436 -0.0436
25825 46.75 20.02 0.00 -0.9964 -1.0145 -1.0145
25850 46.70 19.93 0.00 -1.2412 -1.6731 -1.6731
25875 46.70 19.93 0.00 -1.2412 -1.6731 -1.6731
25900 46.65 19.93 0.00 -1.9404 -2.1418 -2.1418
25925 46.60 19.90 0.00 -0.5385 1.1291 1.1291
25950 46.61 19.92 0.00 0.6058 2.0318 2.0318
25975 46.61 19.92 0.00 0.6058 2.0318 2.0318
26000 46.61 19.99 0.00 0.0734 0.3043 0.3043
26025 46.61 20.04 0.00 -0.1214 0.1292 0.1292
26050 46.61 20.09 0.00 -0.2471 0.6519 0.6519
26075 46.61 20.09 0.00 -0.2471 0.6519 0.6519
26100 46.60 20.09 0.00 -0.0984 0.4958 0.4958
26125 46.58 20.04 0.00 -0.9611 -1.0769 -1.0769
26150 46.58 20.04 0.00 -0.9611 -1.0769 -1.0769
26175 46.53 19.97 0.00 -0.5548 -0.2144 -0.2144
26200 46.53 19.97 0.00 -0.5548 -0.2144 -0.2144
26225 46.53 19.85 0.00 -0.0828 0.1934 0.1934
26250 46.54 19.78 0.00 0.4814 0.8287 0.8287
26275 46.58 19.78 0.00 1.0521 1.4110 1.4110
26300 46.58 19.78 0.00 1.0521 1.4110 1.4110
26325 46.63 19.83 0.00 1.8654 1.9190 1.9190
26350 46.72 19.88 0.00 1.9202 1.1690 1.1690
26375 46.74 19.88 0.00 0.1225 -1.0904 -1.0904
26400 46.74 19.88 0.00 0.1225 -1.0904 -1.0904
26425 46.72 19.90 0.00 -1.3544 -1.5295 -1.5295
26450 46.67 19.90 0.00 -1.7502 -1.6604 -1.6604
26475 46.67 19.90 0.00 -1.7502 -1.6604 -1.6604
26500 46.61 19.90 0.00 -1.1258 -1.2307 -1.2307
26525 46.58 19.88 0.00 -0.9701 -0.4616 -0.4616
26550 46.53 19.85 0.00 -1.2122 0.2682 0.2682
26575 46.53 19.85 0.00 -1.2122 0.2682 0.2682
26600 46.49 19.90 0.00 -0.4543 0.3214 0.3214
26625 46.51 19.95 0.00 0.7018 -0.2052 -0.2052
26650 46.51 19.95 0.00 0.7018 -0.2052 -0.2052
26675 46.49 19.95 0.00 -0.8180 -1.7372 -1.7372
26700 46.46 19.90 0.00 -1.0576 0.5282 0.5282
26725 46.46 19.90 0.00 -1.0576 0.5282 0.5282
26750 46.40 19.90 0.00 -1.4524 0.2413 0.2413
26775 46.37 19.94 0.00 -0.6129 -0.9910 -0.9910
26800 46.37 19.94 0.00 -0.6129 -0.9910 -0.9910
26825 46.33 20.01 0.00 -1.2267 -2.8862 -2.8862
26850 46.28 20.06 0.00 -1.4581 -1.0670 -1.0670
26875 46.18 20.03 0.00 -3.0275 -0.4290 -0.4290
26900 46.18 20.03 0.00 -3.0275 -0.4290 -0.4290
26925 46.02 19.98 0.00 -4.7844 -3.1688 -3.1688
26950 45.86 19.81 0.00 -3.2477 -1.1478 -1.1478
26975 45.86 19.81 0.00 -3.2477 -1.1478 -1.1478
27000 45.72 19.67 0.00 -3.7842 0.8846 0.8846
27025 45.56 19.46 0.00 -4.5199 0.9063 0.9063
27050 45.56 19.46 0.00 -4.5199 0.9063 0.9063
27075 45.42 19.29 0.00 -2.2770 -0.4663 -0.4663
27100 45.42 19.12 0.00 1.0074 0.3739 0.3739
27125 45.42 19.12 0.00 1.0074 0.3739 0.3739
27150 45.46 19.03 0.00 0.4399 -0.2019 -0.2019
27175 45.44 18.96 0.00 -0.8776 -1.5789 -1.5789
27200 45.41 18.91 0.00 -0.4017 0.5347 0.5347
27225 45.42 18.89 0.00 0.4372 1.8365 1.8365
27250 45.42 18.89 0.00 0.4372 1.8365 1.8365
27275 45.44 18.72 0.00 0.3300 1.5259 1.5259
27300 45.44 18.72 0.00 0.3300 1.5259 1.5259
27325 45.46 18.61 0.00 0.4407 1.6490 1.6490
27350 45.44 18.46 0.00 -0.7870 2.5897 2.5897
27375 45.37 18.39 0.00 -2.1634 0.3073 0.3073
27400 45.37 18.39 0.00 -2.1634 0.3073 0.3073
27425 45.28 18.29 0.00 -2.4276 -1.3196 -1.3196
27450 45.21 18.32 0.00 -1.0346 -1.1241 -1.1241
27475 45.21 18.32 0.00 -1.0346 -1.1241 -1.1241
27500 45.21 18.39 0.00 0.4445 1.6211 1.6211
27525 45.21 18.55 0.00 -0.3779 1.2915 1.2915
27550 45.21 18.55 0.00 -0.3779 1.2915 1.2915
27575 45.18 18.67 0.00 -1.0386 0.6437 0.6437
27600 45.14 18.81 0.00 -0.7374 0.8848 0.8848
27625 45.11 18.93 0.00 -1.4066 -0.0311 -0.0311
27650 45.11 18.93 0.00 -1.4066 -0.0311 -0.0311
27675 45.02 18.97 0.00 -2.7380 -1.9516 -1.9516
27700 44.88 18.94 0.00 -3.7654 -2.1206 -2.1206
27725 44.76 18.85 0.00 -2.8249 0.5046 0.5046
27750 44.76 18.85 0.00 -2.8249 0.5046 0.5046
27775 44.62 18.77 0.00 -4.1192 -0.7983 -0.7983
27800 44.48 18.77 0.00 -2.8077 0.8489 0.8489
27825 44.48 18.77 0.00 -2.8077 0.8489 0.8489
27850 44.39 18.83 0.00 -1.8070 2.1336 2.1336
27875 44.36 18.95 0.00 -0.7567 1.8678 1.8678
27900 44.36 18.95 0.00 -0.7567 1.8678 1.8678
27925 44.34 19.04 0.00 -0.5269 0.1110 0.1110
27950 44.32 19.07 0.00 -0.3504 -1.4448 -1.4448
27975 44.32 19.07 0.00 -0.3504 -1.4448 -1.4448
28000 44.30 19.07 0.00 -0.3470 -0.8115 -0.8115
28025 44.29 19.02 0.00 -0.6120 -0.0839 -0.0839
28050 44.29 19.02 0.00 -0.6120 -0.0839 -0.0839
28075 44.27 18.95 0.00 -0.8831 -0.8291 -0.8291
28100 44.22 18.90 0.00 -1.2780 -1.4656 -1.4656
28125 44.22 18.90 0.00 -1.2780 -1.4656 -1.4656
28150 44.20 18.85 0.00 -0.0911 -0.1880 -0.1880
28175 44.20 18.78 0.00 0.5973 0.5060 0.5060
28200 44.25 18.62 0.00 1.9633 1.9231 1.9231
28225 44.25 18.62 0.00 1.9633 1.9231 1.9231
28250 44.34 18.64 0.00 2.0976 1.0932 1.0932
28275 44.39 18.62 0.00 0.3854 -0.3054 -0.3054
28300 44.39 18.62 0.00 0.3854 -0.3054 -0.3054
28325 44.36 18.71 0.00 -1.3904 -2.0160 -2.0160
28350 44.30 18.78 0.00 -1.1571 0.2048 0.2048
28375 44.27 18.78 0.00 -1.3156 0.7767 0.7767
28400 44.27 18.78 0.00 -1.3156 0.7767 0.7767
28425 44.22 18.78 0.00 -1.2756 -1.1811 -1.1811
28450 44.20 18.66 0.00 0.2334 1.1376 1.1376
28475 44.20 18.66 0.00 0.2334 1.1376 1.1376
28500 44.18 18.50 0.00 -0.9241 -0.4134 -0.4134
28525 44.15 18.33 0.00 -0.4392 -0.4149 -0.4149
28550 44.15 18.33 0.00 -0.4392 -0.4149 -0.4149
28575 44.18 18.12 0.00 1.3511 1.5630 1.5630
28600 44.22 18.09 0.00 0.2326 1.1791 1.1791
28625 44.16 18.05 0.00 -2.2488 -1.5767 -1.5767
28650 44.16 18.05 0.00 -2.2488 -1.5767 -1.5767
28675 44.04 17.95 0.00 -3.1090 -3.5114 -3.5114
28700 43.92 17.85 0.00 -2.7016 -0.6601 -0.6601
28725 43.92 17.85 0.00 -2.7016 -0.6601 -0.6601
28750 43.88 17.73 0.00 0.3963 2.2107 2.2107
28775 43.94 17.42 0.00 2.3062 2.3252 2.3252
28800 44.08 17.14 0.00 3.4427 3.5199 3.5199
28825 44.08 17.14 0.00 3.4427 3.5199 3.5199
28850 44.16 17.07 0.00 1.5782 1.4666 1.4666
28875 44.20 17.02 0.00 0.2382 -1.1091 -1.1091
28900 44.20 17.02 0.00 0.2382 -1.1091 -1.1091
28925 44.15 16.95 0.00 -2.5401 -2.6831 -2.6831
28950 44.04 16.82 0.00 -2.2323 1.8272 1.8272
28975 44.04 16.82 0.00 -2.2323 1.8272 1.8272
29000 43.94 16.77 0.00 -2.7786 -0.8072 -0.8072
29025 43.83 16.82 0.00 -2.8100 -2.5486 -2.5486
29050 43.83 16.82 0.00 -2.8100 -2.5486 -2.5486
29075 43.71 16.83 0.00 -2.8574 -3.1052 -3.1052
29100 43.60 16.90 0.00 -2.0530 -2.7349 -2.7349
29125 43.60 16.90 0.00 -2.0530 -2.7349 -2.7349
29150 43.55 17.00 0.00 -1.5062 -2.0931 -2.0931
29175 43.46 17.11 0.00 -2.0206 -2.3459 -2.3459
29200 43.41 17.18 0.00 -1.4654 -0.8291 -0.8291
29225 43.41 17.18 0.00 -1.4654 -0.8291 -0.8291
29250 43.31 17.18 0.00 -2.8192 -2.1941 -2.1941
29275 43.31 17.18 0.00 -2.8192 -2.1941 -2.1941
29300 43.20 17.29 0.00 -2.2024 -2.1214 -2.1214
29325 43.15 17.41 0.00 -1.3674 -0.8643 -0.8643
29350 43.11 17.60 0.00 -0.7141 -0.4795 -0.4795
29375 43.11 17.60 0.00 -0.7141 -0.4795 -0.4795
29400 43.10 17.70 0.00 -0.5247 -0.4752 -0.4752
29425 43.02 17.79 0.00 -2.0934 -2.8041 -2.8041
29450 42.95 17.90 0.00 -1.2613 -2.0907 -2.0907
29475 42.95 17.90 0.00 -1.2613 -2.0907 -2.0907
29500 42.94 18.00 0.00 -0.0833 0.1400 0.1400
29525 42.92 18.04 0.00 -0.8467 0.0469 0.0469
29550 42.90 18.04 0.00 -0.5804 -0.0336 -0.0336
29575 42.90 18.04 0.00 -0.5804 -0.0336 -0.0336
29600 42.90 18.07 0.00 0.1766 0.0899 0.0899
29625 42.90 18.07 0.00 0.1766 0.0899 0.0899
29650 42.90 18.09 0.00 -0.3329 -1.5364 -1.5364
29675 42.83 18.04 0.00 -2.3357 -2.1747 -2.1747
29700 42.73 17.94 0.00 -3.5491 0.1356 0.1356
29725 42.73 17.94 0.00 -3.5491 0.1356 0.1356
29750 42.52 17.81 0.00 -5.7118 -1.4411 -1.4411
29775 42.24 17.68 0.00 -8.0436 -3.4143 -3.4143
29800 42.24 17.68 0.00 -8.0436 -3.4143 -3.4143
29825 41.74 17.47 0.00 -14.9883 -4.3748 -4.3748
29850 41.15 17.29 0.00 -14.3141 -3.4993 -3.4993
29875 40.51 17.04 0.00 -19.1168 -7.4929 -7.4929
29900 40.51 17.04 0.00 -19.1168 -7.4929 -7.4929
29925 39.51 16.64 0.00 -27.4254 -8.5763 -8.5763
29950 38.54 16.27 0.00 -20.8808 -5.2303 -5.2303
29975 38.54 16.27 0.00 -20.8808 -5.2303 -5.2303
30000 37.88 15.93 0.00 -13.2960 -6.9368 -6.9368
30025 37.42 15.63 0.00 -11.3377 -3.5607 -3.5607
30050 37.42 15.63 0.00 -11.3377 -3.5607 -3.5607
30075 37.05 15.40 0.00 -7.0606 0.5393 0.5393
30100 36.85 15.17 0.00 -4.0384 -1.9660 -1.9660
30125 36.76 14.96 0.00 -1.1217 -0.5872 -0.5872
30150 36.76 14.96 0.00 -1.1217 -0.5872 -0.5872
30175 36.75 14.84 0.00 -0.3749 0.0446 0.0446
30200 36.73 14.69 0.00 -0.7165 -0.6695 -0.6695
30225 36.73 14.69 0.00 -0.7165 -0.6695 -0.6695
30250 36.73 14.49 0.00 0.5310 0.5381 0.5381
30275 36.78 14.30 0.00 1.3882 2.1917 2.1917
30300 36.78 14.30 0.00 1.3882 2.1917 2.1917
30325 36.83 14.21 0.00 1.7445 0.8686 0.8686
30350 36.87 14.19 0.00 1.1267 -0.8680 -0.8680
30375 36.87 14.19 0.00 1.1267 -0.8680 -0.8680
30400 36.89 14.06 0.00 -0.7174 -1.0054 -1.0054
30425 36.78 13.91 0.00 -3.0383 -1.1201 -1.1201
30450 36.69 13.70 0.00 -1.1322 0.1507 0.1507
30475 36.69 13.70 0.00 -1.1322 0.1507 0.1507
30500 36.69 13.58 0.00 -0.4245 0.7985 0.7985
30525 36.62 13.47 0.00 -1.8681 1.0047 1.0047
30550 36.53 13.47 0.00 -2.3220 -0.2935 -0.2935
30575 36.53 13.47 0.00 -2.3220 -0.2935 -0.2935
30600 36.48 13.56 0.00 -1.0276 -0.5870 -0.5870
30625 36.48 13.56 0.00 -1.0276 -0.5870 -0.5870
30650 36.44 13.73 0.00 -0.7236 -2.5855 -2.5855
30675 36.39 14.05 0.00 -1.8347 -4.2231 -4.2231
30700 36.39 14.05 0.00 -1.8347 -4.2231 -4.2231
30725 36.34 14.34 0.00 -1.5265 -1.0916 -1.0916
30750 36.27 14.48 0.00 -1.4411 -1.6034 -1.6034
30775 36.23 14.48 0.00 -0.7236 -1.3727 -1.3727
30800 36.23 14.48 0.00 -0.7236 -1.3727 -1.3727
30825 36.20 14.40 0.00 -1.3704 -1.3267 -1.3267
30850 36.16 14.42 0.00 -0.0550 0.4374 0.4374
30875 36.16 14.42 0.00 -0.0550 0.4374 0.4374
30900 36.20 14.52 0.00 1.1173 0.2183 0.2183
30925 36.23 14.77 0.00 0.6208 -1.7965 -1.7965
30950 36.23 14.77 0.00 0.6208 -1.7965 -1.7965
30975 36.20 15.06 0.00 -1.4908 -1.7181 -1.7181
31000 36.12 15.33 0.00 -1.7659 -1.6097 -1.6097
31025 36.07 15.49 0.00 -1.7600 -1.8068 -1.8068
31050 36.00 15.61 0.00 -2.3211 -3.5656 -3.5656
31075 36.00 15.61 0.00 -2.3211 -3.5656 -3.5656
31100 35.91 15.65 0.00 -2.4174 -3.6378 -3.6378
31125 35.82 15.67 0.00 -1.7021 -1.9950 -1.9950
31150 35.82 15.67 0.00 -1.7021 -1.9950 -1.9950
31175 35.77 15.61 0.00 -0.8189 -0.7498 -0.7498
31200 35.77 15.61 0.00 -0.8189 -0.7498 -0.7498
31225 35.75 15.63 0.00 -0.8895 -0.2243 -0.2243
31250 35.66 15.80 0.00 -2.3206 -1.1068 -1.1068
31275 35.57 15.94 0.00 -2.3413 -1.5688 -1.5688
31300 35.57 15.94 0.00 -2.3413 -1.5688 -1.5688
31325 35.50 16.10 0.00 -1.2635 -0.9820 -0.9820
31350 35.47 16.12 0.00 -0.6535 -1.6932 -1.6932
31375 35.47 16.12 0.00 -0.6535 -1.6932 -1.6932
31400 35.45 16.00 0.00 -1.5237 -2.0677 -2.0677
31425 35.36 15.84 0.00 -1.8221 1.0785 1.0785
31450 35.29 15.67 0.00 -1.6972 -0.4231 -0.4231
31475 35.29 15.67 0.00 -1.6972 -0.4231 -0.4231
31500 35.27 15.49 0.00 0.4859 0.2562 0.2562
31525 35.32 15.38 0.00 1.3548 0.0614 0.0614
31550 35.32 15.38 0.00 1.3548 0.0614 0.0614
31575 35.39 15.34 0.00 2.2385 1.7559 1.7559
31600 35.48 15.32 0.00 1.9076 1.4936 1.4936
31625 35.48 15.32 0.00 1.9076 1.4936 1.4936
31650 35.54 15.52 0.00 1.8093 -0.2428 -0.2428
31675 35.64 15.92 0.00 2.7865 0.2985 0.2985
31700 35.77 16.34 0.00 2.9520 -0.2218 -0.2218
31725 35.77 16.34 0.00 2.9520 -0.2218 -0.2218
31750 35.93 16.91 0.00 4.7733 0.6469 0.6469
31775 36.14 17.55 0.00 5.7259 2.8585 2.8585
31800 36.14 17.55 0.00 5.7259 2.8585 2.8585
31825 36.36 18.36 0.00 4.8504 1.2982 1.2982
31850 36.53 19.36 0.00 4.0398 0.6638 0.6638
31875 36.53 19.36 0.00 4.0398 0.6638 0.6638
31900 36.66 20.22 0.00 2.1748 -3.2658 -3.2658
31925 36.73 20.88 0.00 3.3118 -1.0644 -1.0644
31950 36.85 21.58 0.00 2.7149 1.1913 1.1913
31975 36.85 21.58 0.00 2.7149 1.1913 1.1913
32000 36.92 22.25 0.00 1.1155 -0.6846 -0.6846
32025 36.94 22.87 0.00 0.0041 -2.4725 -2.4725
32050 36.94 22.87 0.00 0.0041 -2.4725 -2.4725
32075 36.92 23.37 0.00 -0.8826 -2.7804 -2.7804
32100 36.85 23.85 0.00 -1.8518 -1.3517 -1.3517
32125 36.76 24.23 0.00 -2.9283 -2.6759 -2.6759
32150 36.76 24.23 0.00 -2.9283 -2.6759 -2.6759
32175 36.64 24.51 0.00 -2.3920 -2.2443 -2.2443
32200 36.55 24.64 0.00 -2.8725 -1.8027 -1.8027
32225 36.55 24.64 0.00 -2.8725 -1.8027 -1.8027
32250 36.44 24.72 0.00 -2.2973 -0.6131 -0.6131
32275 36.39 24.76 0.00 -0.7130 -0.4974 -0.4974
32300 36.39 24.76 0.00 -0.7130 -0.4974 -0.4974
32325 36.36 24.78 0.00 -0.8838 -0.6917 -0.6917
32350 36.32 24.85 0.00 -1.2736 -0.6797 -0.6797
32375 36.25 24.91 0.00 -1.8580 -1.3192 -1.3192
32400 36.25 24.91 0.00 -1.8580 -1.3192 -1.3192
32425 36.16 25.02 0.00 -2.5719 -2.7842 -2.7842
32450 36.16 25.02 0.00 -2.5719 -2.7842 -2.7842
32475 36.02 25.14 0.00 -3.9753 -2.4871 -2.4871
32500 35.84 25.26 0.00 -4.5699 -2.7400 -2.7400
32525 35.68 25.39 0.00 -3.8339 -1.9647 -1.9647
32550 35.68 25.39 0.00 -3.8339 -1.9647 -1.9647
32575 35.54 25.51 0.00 -3.4912 -2.0851 -2.0851
32600 35.38 25.70 0.00 -4.9314 -3.3410 -3.3410
32625 35.38 25.70 0.00 -4.9314 -3.3410 -3.3410
32650 35.16 25.91 0.00 -5.4364 -3.8754 -3.8754
32675 35.00 26.05 0.00 -5.3531 -3.2155 -3.2155
32700 34.84 26.28 0.00 -2.7333 -0.2667 -0.2667
32725 34.84 26.28 0.00 -2.7333 -0.2667 -0.2667
32750 34.73 26.59 0.00 -2.8681 -1.3914 -1.3914
32775 34.52 27.06 0.00 -7.6917 -1.3888 -1.3888
32800 34.52 27.06 0.00 -7.6917 -1.3888 -1.3888
32825 34.14 27.51 0.00 -9.5021 -1.1086 -1.1086
32850 33.82 27.89 0.00 -6.8336 -2.0191 -2.0191
32875 33.82 27.89 0.00 -6.8336 -2.0191 -2.0191
32900 33.62 28.20 0.00 -4.1370 -1.9320 -1.9320
32925 33.46 28.38 0.00 -4.2149 -1.7312 -1.7312
32950 33.30 28.48 0.00 -3.5821 -2.3955 -2.3955
32975 33.30 28.48 0.00 -3.5821 -2.3955 -2.3955
33000 33.18 28.58 0.00 -3.4145 -1.4143 -1.4143
33025 33.03 28.66 0.00 -3.8077 -0.4646 -0.4646
33050 33.03 28.66 0.00 -3.8077 -0.4646 -0.4646
33075 32.87 28.71 0.00 -4.7253 -1.3416 -1.3416
33100 32.66 28.76 0.00 -6.0902 -0.6634 -0.6634
33125 32.39 28.78 0.00 -6.8326 -2.1923 -2.1923
33150 32.39 28.78 0.00 -6.8326 -2.1923 -2.1923
33175 32.12 28.80 0.00 -5.9218 -2.3562 -2.3562
33200 31.88 28.76 0.00 -5.5402 -2.0701 -2.0701
33225 31.88 28.76 0.00 -5.5402 -2.0701 -2.0701
33250 31.66 28.65 0.00 -6.4677 -1.7441 -1.7441
33275 31.36 28.58 0.00 -8.0236 -2.3511 -2.3511
33300 31.36 28.58 0.00 -8.0236 -2.3511 -2.3511
33325 31.05 28.57 0.00 -7.9162 -3.7824 -3.7824
33350 30.72 28.57 0.00 -8.3530 -3.1557 -3.1557
33375 30.72 28.57 0.00 -8.3530 -3.1557 -3.1557
33400 30.40 28.54 0.00 -7.7777 -3.0221 -3.0221
33425 30.16 28.51 0.00 -4.6422 -1.4785 -1.4785
33450 30.00 28.54 0.00 -5.9755 -1.8135 -1.8135
33475 30.00 28.54 0.00 -5.9755 -1.8135 -1.8135
33500 29.75 28.58 0.00 -6.5660 -0.3997 -0.3997
33525 29.75 28.58 0.00 -6.5660 -0.3997 -0.3997
33550 29.51 28.61 0.00 -5.0001 0.2234 0.2234
33575 29.36 28.61 0.00 -3.1940 0.1593 0.1593
33600 29.25 28.71 0.00 -2.5120 -0.2735 -0.2735
33625 29.25 28.71 0.00 -2.5120 -0.2735 -0.2735
33650 29.15 28.79 0.00 -2.5647 -1.3200 -1.3200
33675 29.09 28.83 0.00 -0.9578 0.5730 0.5730
33700 29.09 28.83 0.00 -0.9578 0.5730 0.5730
33725 29.04 28.84 0.00 -1.3155 -0.5822 -0.5822
33750 28.96 28.82 0.00 -2.2664 -1.3639 -1.3639
33775 28.85 28.89 0.00 -2.8239 -0.1441 -0.1441
33800 28.85 28.89 0.00 -2.8239 -0.1441 -0.1441
33825 28.73 29.08 0.00 -4.1122 0.1833 0.1833
33850 28.53 29.36 0.00 -5.5465 -0.0926 -0.0926
33875 28.53 29.36 0.00 -5.5465 -0.0926 -0.0926
33900 28.25 29.66 0.00 -7.9579 -1.3099 -1.3099
33925 27.89 29.93 0.00 -9.1212 -2.5329 -2.5329
33950 27.54 30.16 0.00 -9.0023 -1.7173 -1.7173
33975 27.54 30.16 0.00 -9.0023 -1.7173 -1.7173
34000 27.15 30.32 0.00 -10.1831 -1.4253 -1.4253
34025 26.75 30.43 0.00 -9.9963 -2.9258 -2.9258
34050 26.75 30.43 0.00 -9.9963 -2.9258 -2.9258
34075 26.34 30.45 0.00 -10.0968 -4.0079 -4.0079
34100 25.92 30.49 0.00 -10.8847 -5.1569 -5.1569
34125 25.92 30.49 0.00 -10.8847 -5.1569 -5.1569
34150 25.60 30.50 0.00 -9.4337 -4.5077 -4.5077
34175 25.22 30.52 0.00 -7.8835 -2.4921 -2.4921
34200 25.22 30.52 0.00 -7.8835 -2.4921 -2.4921
34225 24.88 30.62 0.00 -8.8765 -3.8275 -3.8275
34250 24.60 30.65 0.00 -8.7390 -2.3921 -2.3921
34275 24.29 30.70 0.00 -7.4836 -1.2888 -1.2888
34300 24.29 30.70 0.00 -7.4836 -1.2888 -1.2888
34325 23.99 30.73 0.00 -8.0878 -1.3367 -1.3367
34350 23.67 30.76 0.00 -7.3913 -1.6170 -1.6170
34375 23.67 30.76 0.00 -7.3913 -1.6170 -1.6170
34400 23.37 30.75 0.00 -7.5550 -2.2109 -2.2109
34425 23.04 30.69 0.00 -9.3985 -1.7335 -1.7335
34450 22.62 30.62 0.00 -10.6247 -3.1996 -3.1996
34475 22.62 30.62 0.00 -10.6247 -3.1996 -3.1996
34500 22.15 30.56 0.00 -13.0025 -2.5773 -2.5773
34525 21.65 30.50 0.00 -12.7088 -0.8670 -0.8670
34550 21.65 30.50 0.00 -12.7088 -0.8670 -0.8670
34575 21.00 30.48 0.00 -17.9643 -1.8481 -1.8481
34600 20.28 30.45 0.00 -16.7262 -1.8023 -1.8023
34625 20.28 30.45 0.00 -16.7262 -1.8023 -1.8023
34650 19.69 30.40 0.00 -14.4321 -3.9428 -3.9428
34675 19.14 30.37 0.00 -12.7482 -1.6206 -1.6206
34700 19.14 30.37 0.00 -12.7482 -1.6206 -1.6206
34725 18.72 30.31 0.00 -9.1438 -0.1905 -0.1905
34750 18.51 30.28 0.00 -3.2109 0.8497 0.8497
34775 18.47 30.30 0.00 -0.4484 0.9714 0.9714
34800 18.47 30.30 0.00 -0.4484 0.9714 0.9714
34825 18.45 30.39 0.00 -0.0215 2.0281 2.0281
34850 18.47 30.50 0.00 0.8476 -0.0614 -0.0614
34875 18.47 30.50 0.00 0.8476 -0.0614 -0.0614
34900 18.49 30.63 0.00 0.7331 0.3357 0.3357
34925 18.55 30.93 0.00 1.2367 4.5000 4.5000
34950 18.57 31.26 0.00 1.0019 5.2501 5.2501
34975 18.57 31.26 0.00 1.0019 5.2501 5.2501
35000 18.55 31.76 0.00 -2.0521 3.2670 3.2670
35025 18.41 32.20 0.00 -3.4931 1.1130 1.1130
35050 18.41 32.20 0.00 -3.4931 1.1130 1.1130
35075 18.28 32.66 0.00 -3.6410 -0.6841 -0.6841
35100 18.09 33.03 0.00 -5.1891 -1.5065 -1.5065
35125 18.09 33.03 0.00 -5.1891 -1.5065 -1.5065
35150 17.87 33.33 0.00 -5.5392 -2.5058 -2.5058
35175 17.66 33.54 0.00 -5.3145 -0.4556 -0.4556
35200 17.66 33.54 0.00 -5.3145 -0.4556 -0.4556
35225 17.37 33.67 0.00 -7.5211 -1.1703 -1.1703
35250 17.08 33.83 0.00 -7.7469 -1.3358 -1.3358
35275 16.73 33.98 0.00 -9.4165 -2.6383 -2.6383
35300 16.73 33.98 0.00 -9.4165 -2.6383 -2.6383
35325 16.35 34.12 0.00 -9.5048 -3.6734 -3.6734
35350 15.98 34.29 0.00 -9.3618 -2.5382 -2.5382
35375 15.98 34.29 0.00 -9.3618 -2.5382 -2.5382
35400 15.59 34.47 0.00 -9.6682 -2.4066 -2.4066
35425 15.27 34.58 0.00 -5.6859 -2.2048 -2.2048
35450 15.16 34.65 0.00 -2.2326 -2.0402 -2.0402
35475 15.16 34.65 0.00 -2.2326 -2.0402 -2.0402
35500 15.04 34.72 0.00 -2.9909 -0.8563 -0.8563
35525 14.94 34.79 0.00 -1.7825 1.0772 1.0772
35550 14.94 34.79 0.00 -1.7825 1.0772 1.0772
35575 14.94 34.95 0.00 0.4421 -0.0744 -0.0744
35600 14.92 35.20 0.00 -0.8758 0.2071 0.2071
35625 14.92 35.20 0.00 -0.8758 0.2071 0.2071
35650 14.88 35.43 0.00 -1.1483 -0.5197 -0.5197
35675 14.84 35.68 0.00 -0.1812 -0.1720 -0.1720
35700 14.86 36.03 0.00 0.2008 1.0094 1.0094
35725 14.86 36.03 0.00 0.2008 1.0094 1.0094
35750 14.88 36.44 0.00 0.5907 1.7916 1.7916
35775 14.90 36.74 0.00 1.0041 1.3242 1.3242
35800 14.90 36.74 0.00 1.0041 1.3242 1.3242
35825 14.96 37.13 0.00 1.9335 0.2842 0.2842
35850 15.02 37.50 0.00 0.7017 0.5508 0.5508
35875 15.02 37.50 0.00 0.7017 0.5508 0.5508
35900 14.98 37.79 0.00 -2.1285 0.8075 0.8075
35925 14.88 37.97 0.00 -1.9508 -0.1238 -0.1238
35950 14.88 37.97 0.00 -1.9508 -0.1238 -0.1238
35975 14.80 38.15 0.00 -2.9015 -2.0430 -2.0430
36000 14.65 38.28 0.00 -3.8429 -1.7791 -1.7791
36025 14.65 38.28 0.00 -3.8429 -1.7791 -1.7791
36050 14.51 38.36 0.00 -3.4518 -1.3053 -1.3053
36075 14.39 38.56 0.00 -2.2032 -0.3231 -0.3231
36100 14.27 38.76 0.00 -3.5697 -0.0939 -0.0939
36125 14.10 38.92 0.00 -5.7661 -0.2304 -0.2304
36150 14.10 38.92 0.00 -5.7661 -0.2304 -0.2304
36175 13.80 39.08 0.00 -7.4449 0.1913 0.1913
36200 13.80 39.08 0.00 -7.4449 0.1913 0.1913
36225 13.56 39.15 0.00 -5.4005 -0.2533 -0.2533
36250 13.35 39.23 0.00 -5.7603 -1.1933 -1.1933
36275 13.13 39.33 0.00 -4.7355 -1.6271 -1.6271
36300 13.13 39.33 0.00 -4.7355 -1.6271 -1.6271
36325 12.99 39.38 0.00 -2.7591 -2.1975 -2.1975
36350 12.89 39.45 0.00 -2.6320 -2.2366 -2.2366
36375 12.89 39.45 0.00 -2.6320 -2.2366 -2.2366
36400 12.77 39.50 0.00 -2.7970 -1.7329 -1.7329
36425 12.69 39.65 0.00 -1.5803 -0.6704 -0.6704
36450 12.67 39.88 0.00 -0.1346 0.4812 0.4812
36475 12.67 39.88 0.00 -0.1346 0.4812 0.4812
36500 12.69 40.14 0.00 1.0250 0.5117 0.5117
36525 12.71 40.37 0.00 0.6302 0.7838 0.7838
36550 12.71 40.37 0.00 0.6302 0.7838 0.7838
36575 12.75 40.69 0.00 0.9890 1.8812 1.8812
36600 12.81 41.05 0.00 1.9667 2.1674 2.1674
36625 12.81 41.05 0.00 1.9667 2.1674 2.1674
36650 12.85 41.43 0.00 1.2982 0.3424 0.3424
36675 12.97 41.80 0.00 2.9740 0.7734 0.7734
36700 13.09 42.18 0.00 3.4362 -0.3959 -0.3959
36725 13.09 42.18 0.00 3.4362 -0.3959 -0.3959
36750 13.27 42.62 0.00 5.4400 1.2439 1.2439
36775 13.52 43.10 0.00 6.9428 1.9111 1.9111
36800 13.52 43.10 0.00 6.9428 1.9111 1.9111
36825 13.84 43.61 0.00 7.8938 2.8498 2.8498
36850 14.12 43.97 0.00 6.2530 1.7930 1.7930
36875 14.12 43.97 0.00 6.2530 1.7930 1.7930
36900 14.33 44.26 0.00 4.7059 0.2806 0.2806
36925 14.53 44.46 0.00 5.5660 -0.3688 -0.3688
36950 14.73 44.52 0.00 3.9762 -0.9305 -0.9305
36975 14.73 44.52 0.00 3.9762 -0.9305 -0.9305
37000 14.84 44.49 0.00 2.8190 -0.6861 -0.6861
37025 15.00 44.55 0.00 4.0049 1.3687 1.3687
37050 15.00 44.55 0.00 4.0049 1.3687 1.3687
37075 15.14 44.63 0.00 3.3437 0.4606 0.4606
37100 15.20 44.61 0.00 0.6054 -0.9781 -0.9781
37125 15.20 44.61 0.00 0.6054 -0.9781 -0.9781
37150 15.18 44.59 0.00 -0.5636 -1.0444 -1.0444
37175 15.20 44.63 0.00 0.6915 1.1095 1.1095
37200 15.22 44.69 0.00 0.4001 0.8829 0.8829
37225 15.22 44.69 0.00 0.4001 0.8829 0.8829
37250 15.24 44.88 0.00 0.6197 0.7832 0.7832
37275 15.29 45.13 0.00 1.7661 -0.1174 -0.1174
37300 15.29 45.13 0.00 1.7661 -0.1174 -0.1174
37325 15.33 45.31 0.00 0.8550 -0.8412 -0.8412
37350 15.35 45.44 0.00 0.7225 -0.0069 -0.0069
37375 15.39 45.66 0.00 0.9299 0.2405 0.2405
37400 15.39 45.66 0.00 0.9299 0.2405 0.2405
37425 15.49 45.90 0.00 3.0737 2.6864 2.6864
37450 15.65 46.19 0.00 4.7823 2.4701 2.4701
37475 15.65 46.19 0.00 4.7823 2.4701 2.4701
37500 15.86 46.56 0.00 5.5886 1.9608 1.9608
37525 16.11 46.92 0.00 6.7638 2.0564 2.0564
37550 16.11 46.92 0.00 6.7638 2.0564 2.0564
37575 16.39 47.35 0.00 6.8292 2.3763 2.3763
37600 16.62 47.63 0.00 4.6272 1.3104 1.3104
37625 16.62 47.63 0.00 4.6272 1.3104 1.3104
37650 16.81 47.92 0.00 5.1495 0.5401 0.5401
37675 17.01 48.04 0.00 4.8285 0.3019 0.3019
37700 17.16 48.13 0.00 4.0914 -0.0320 -0.0320
37725 17.16 48.13 0.00 4.0914 -0.0320 -0.0320
37750 17.35 48.31 0.00 4.6999 1.0481 1.0481
37775 17.53 48.48 0.00 3.9008 1.8516 1.8516
37800 17.53 48.48 0.00 3.9008 1.8516 1.8516
37825 17.66 48.61 0.00 3.2174 1.1897 1.1897
37850 17.78 48.68 0.00 3.4770 0.1455 0.1455
37875 17.93 48.67 0.00 3.6856 -0.9125 -0.9125
37900 17.93 48.67 0.00 3.6856 -0.9125 -0.9125
37925 18.09 48.65 0.00 3.7400 1.6447 1.6447
37950 18.22 48.76 0.00 3.4691 1.4889 1.4889
37975 18.22 48.76 0.00 3.4691 1.4889 1.4889
38000 18.39 48.91 0.00 5.1282 1.4258 1.4258
38025 18.62 49.09 0.00 5.6255 2.2571 2.2571
38050 18.62 49.09 0.00 5.6255 2.2571 2.2571
38075 18.85 49.24 0.00 6.2312 1.1670 1.1670
38100 19.18 49.41 0.00 9.9734 1.3032 1.3032
38125 19.18 49.41 0.00 9.9734 1.3032 1.3032
38150 19.52 49.57 0.00 11.3467 2.1440 2.1440
38175 19.98 49.77 0.00 11.6581 2.6964 2.6964
38200 19.98 49.77 0.00 11.6581 2.6964 2.6964
38225 20.40 49.91 0.00 8.9094 2.4277 2.4277
38250 20.70 50.04 0.00 7.4559 2.5747 2.5747
38275 21.02 50.18 0.00 8.3322 4.7563 4.7563
38300 21.02 50.18 0.00 8.3322 4.7563 4.7563
38325 21.34 50.32 0.00 8.3367 3.7358 3.7358
38350 21.72 50.56 0.00 9.6558 4.1403 4.1403
38375 22.10 50.78 0.00 8.7224 3.1549 3.1549
38400 22.10 50.78 0.00 8.7224 3.1549 3.1549
38425 22.44 50.94 0.00 9.7395 2.4848 2.4848
38450 22.87 51.06 0.00 10.9408 2.4878 2.4878
38475 22.87 51.06 0.00 10.9408 2.4878 2.4878
38500 23.30 51.15 0.00 10.9366 2.0174 2.0174
38525 23.73 51.28 0.00 10.0443 2.1534 2.1534
38550 24.08 51.43 0.00 8.1297 2.6600 2.6600
38575 24.08 51.43 0.00 8.1297 2.6600 2.6600
38600 24.36 51.57 0.00 6.1758 1.6573 1.6573
38625 24.58 51.71 0.00 5.9207 2.1273 2.1273
38650 24.58 51.71 0.00 5.9207 2.1273 2.1273
38675 24.83 51.94 0.00 5.3508 2.6349 2.6349
38700 24.83 51.94 0.00 5.3508 2.6349 2.6349
38725 24.99 52.18 0.00 3.9799 2.9539 2.9539
38750 25.14 52.44 0.00 3.8650 2.5506 2.5506
38775 25.33 52.75 0.00 4.6382 1.3387 1.3387
38800 25.33 52.75 0.00 4.6382 1.3387 1.3387
38825 25.49 53.07 0.00 4.3236 0.4611 0.4611
38850 25.62 53.44 0.00 3.3163 -0.1597 -0.1597
38875 25.75 53.92 0.00 2.3731 1.1187 1.1187
38900 25.75 53.92 0.00 2.3731 1.1187 1.1187
38925 25.83 54.23 0.00 3.3272 0.3338 0.3338
38950 25.97 54.55 0.00 3.7823 0.8257 0.8257
38975 25.97 54.55 0.00 3.7823 0.8257 0.8257
39000 26.14 54.79 0.00 4.6317 0.1189 0.1189
39025 26.36 55.06 0.00 5.4646 2.1435 2.1435
39050 26.36 55.06 0.00 5.4646 2.1435 2.1435
39075 26.58 55.28 0.00 5.7608 2.1504 2.1504
39100 26.80 55.50 0.00 5.5027 1.2404 1.2404
39125 27.01 55.66 0.00 4.5834 0.5511 0.5511
39150 27.01 55.66 0.00 4.5834 0.5511 0.5511
39175 27.19 55.78 0.00 4.6655 0.9903 0.9903
39200 27.39 55.81 0.00 4.9126 1.0127 1.0127
39225 27.39 55.81 0.00 4.9126 1.0127 1.0127
39250 27.59 55.76 0.00 5.8833 0.0148 0.0148
39275 27.89 55.67 0.00 8.4887 0.5590 0.5590
39300 27.89 55.67 0.00 8.4887 0.5590 0.5590
39325 28.32 55.59 0.00 12.2649 -0.5840 -0.5840
39350 28.85 55.50 0.00 13.4487 -1.0587 -1.0587
39375 28.85 55.50 0.00 13.4487 -1.0587 -1.0587
39400 29.36 55.42 0.00 11.9539 -1.1249 -1.1249
39425 29.76 55.36 0.00 8.4723 -1.5256 -1.5256
39450 29.98 55.29 0.00 4.4303 -1.2288 -1.2288
39475 29.98 55.29 0.00 4.4303 -1.2288 -1.2288
39500 30.11 55.26 0.00 1.8060 -0.3778 -0.3778
39525 30.15 55.23 0.00 0.7440 -0.0498 -0.0498
39550 30.15 55.23 0.00 0.7440 -0.0498 -0.0498
39575 30.20 55.27 0.00 2.3260 0.4436 0.4436
39600 30.31 55.27 0.00 2.3415 1.8328 1.8328
39625 30.33 55.16 0.00 -0.7143 0.3773 0.3773
39650 30.33 55.16 0.00 -0.7143 0.3773 0.3773
39675 30.31 55.05 0.00 -0.3343 0.1697 0.1697
39700 30.31 55.05 0.00 -0.3343 0.1697 0.1697
39725 30.34 54.97 0.00 1.3313 2.0666 2.0666
39750 30.44 54.98 0.00 3.3501 2.0723 2.0723
39775 30.65 54.99 0.00 6.5653 0.9110 0.9110
39800 30.98 55.07 0.00 8.3816 1.8974 1.8974
39825 30.98 55.07 0.00 8.3816 1.8974 1.8974
39850 31.32 55.14 0.00 9.6707 2.4380 2.4380
39875 31.81 55.16 0.00 13.0069 1.2273 1.2273
39900 31.81 55.16 0.00 13.0069 1.2273 1.2273
39925 32.39 55.19 0.00 15.1355 2.0659 2.0659
39950 32.94 55.21 0.00 13.3214 3.9374 3.9374
39975 32.94 55.21 0.00 13.3214 3.9374 3.9374
40000 33.43 55.19 0.00 11.7726 4.0547 4.0547
40025 33.89 55.19 0.00 10.5025 3.6987 3.6987
40050 33.89 55.19 0.00 10.5025 3.6987 3.6987
40075 34.22 55.18 0.00 6.6415 0.9404 0.9404
40100 34.45 55.15 0.00 6.5242 0.8732 0.8732
40125 34.73 55.14 0.00 6.3198 2.0568 2.0568
40150 34.73 55.14 0.00 6.3198 2.0568 2.0568
40175 34.91 55.15 0.00 3.9475 1.7840 1.7840
40200 35.07 55.10 0.00 4.2115 0.5501 0.5501
40225 35.07 55.10 0.00 4.2115 0.5501 0.5501
40250 35.27 55.01 0.00 5.3899 -0.0609 -0.0609
40275 35.50 54.95 0.00 5.9293 -0.1840 -0.1840
40300 35.50 54.95 0.00 5.9293 -0.1840 -0.1840
40325 35.75 54.88 0.00 6.6132 -0.6698 -0.6698
40350 36.11 54.78 0.00 9.8017 -1.1382 -1.1382
40375 36.11 54.78 0.00 9.8017 -1.1382 -1.1382
40400 36.52 54.66 0.00 10.3015 -0.4347 -0.4347
40425 36.91 54.53 0.00 9.5805 0.7966 0.7966
40450 36.91 54.53 0.00 9.5805 0.7966 0.7966
40475 37.17 54.42 0.00 8.8582 1.8473 1.8473
40500 37.56 54.36 0.00 10.6242 2.2232 2.2232
40525 38.04 54.30 0.00 12.5778 2.3536 2.3536
40550 38.04 54.30 0.00 12.5778 2.3536 2.3536
40575 38.54 54.24 0.00 11.9139 1.0773 1.0773
40600 39.00 54.23 0.00 10.7687 -0.4294 -0.4294
40625 39.40 54.17 0.00 10.4784 0.6858 0.6858
40650 39.40 54.17 0.00 10.4784 0.6858 0.6858
40675 39.81 54.10 0.00 9.2222 1.5217 1.5217
40700 40.11 54.00 0.00 7.1787 0.4137 0.4137
40725 40.11 54.00 0.00 7.1787 0.4137 0.4137
40750 40.39 53.90 0.00 7.1589 0.4764 0.4764
40775 40.69 53.85 0.00 7.3721 0.7596 0.7596
40800 40.69 53.85 0.00 7.3721 0.7596 0.7596
40825 40.99 53.78 0.00 7.7000 0.0341 0.0341
40850 41.29 53.80 0.00 7.0748 0.1213 0.1213
40875 41.29 53.80 0.00 7.0748 0.1213 0.1213
40900 41.51 53.86 0.00 4.5967 0.7994 0.7994
40925 41.66 53.90 0.00 3.5723 1.5437 1.5437
40950 41.81 53.96 0.00 3.4587 0.5709 0.5709
40975 41.81 53.96 0.00 3.4587 0.5709 0.5709
41000 41.95 54.00 0.00 4.4801 0.1779 0.1779
41025 42.16 54.03 0.00 5.4376 -1.6287 -1.6287
41050 42.16 54.03 0.00 5.4376 -1.6287 -1.6287
41075 42.43 53.99 0.00 7.3877 -0.6530 -0.6530
41100 42.74 53.91 0.00 8.2090 -0.8899 -0.8899
41125 42.74 53.91 0.00 8.2090 -0.8899 -0.8899
41150 43.10 53.84 0.00 8.8514 -0.7203 -0.7203
41175 43.45 53.75 0.00 8.4630 0.9597 0.9597
41200 43.78 53.65 0.00 8.2197 2.0568 2.0568
41225 43.78 53.65 0.00 8.2197 2.0568 2.0568
41250 44.02 53.56 0.00 8.1323 1.7169 1.7169
41275 44.34 53.41 0.00 7.9989 1.3967 1.3967
41300 44.67 53.34 0.00 8.7003 1.1654 1.1654
41325 44.67 53.34 0.00 8.7003 1.1654 1.1654
41350 45.02 53.24 0.00 8.3093 0.7885 0.7885
41375 45.35 53.04 0.00 8.5464 1.2402 1.2402
41400 45.35 53.04 0.00 8.5464 1.2402 1.2402
41425 45.69 52.91 0.00 8.1713 0.9648 0.9648
41450 46.00 52.76 0.00 7.3260 0.5726 0.5726
41475 46.00 52.76 0.00 7.3260 0.5726 0.5726
41500 46.26 52.58 0.00 6.4052 -0.1955 -0.1955
41525 46.51 52.36 0.00 5.8012 0.9937 0.9937
41550 46.51 52.36 0.00 5.8012 0.9937 0.9937
41575 46.72 52.16 0.00 4.1421 1.4305 1.4305
41600 46.86 51.97 0.00 3.7219 1.7545 1.7545
41625 46.98 51.77 0.00 2.2130 2.0535 2.0535
41650 46.98 51.77 0.00 2.2130 2.0535 2.0535
41675 47.05 51.62 0.00 1.6445 1.8948 1.8948
41700 47.15 51.47 0.00 2.9489 0.3369 0.3369
41725 47.15 51.47 0.00 2.9489 0.3369 0.3369
41750 47.26 51.30 0.00 2.5660 -0.3824 -0.3824
41775 47.36 51.14 0.00 2.5192 1.1024 1.1024
41800 47.47 51.01 0.00 2.7433 0.2394 0.2394
41825 47.47 51.01 0.00 2.7433 0.2394 0.2394
41850 47.59 50.89 0.00 3.5578 1.4495 1.4495
41875 47.73 50.73 0.00 3.2709 1.3506 1.3506
41900 47.73 50.73 0.00 3.2709 1.3506 1.3506
41925 47.84 50.58 0.00 3.5644 0.6295 0.6295
41950 47.98 50.45 0.00 3.6393 0.9323 0.9323
