%#        Time[ms]        X[pixel],        Y[pixel],        Z[pixel],  dX/dt[pixel/s],  dY/dt[pixel/s],  dZ/dt[pixel/s] 
0 50.00 50.00 0.00 -4.1575 -0.5427 -0.5427
25 49.79 50.02 0.00 -5.2306 1.0721 1.0721
50 49.65 50.10 0.00 -2.1607 -0.6726 -0.6726
75 49.65 50.10 0.00 -2.1607 -0.6726 -0.6726
100 49.56 50.29 0.00 -2.1663 -2.7572 -2.7572
125 49.51 50.58 0.00 -1.2549 -1.4138 -1.4138
150 49.51 50.58 0.00 -1.2549 -1.4138 -1.4138
175 49.44 50.89 0.00 -1.4572 -0.0489 -0.0489
200 49.39 51.12 0.00 -1.0218 -2.2116 -2.2116
225 49.39 51.12 0.00 -1.0218 -2.2116 -2.2116
250 49.41 51.50 0.00 1.3050 -0.4911 -0.4911
275 49.51 51.92 0.00 3.0411 1.8373 1.8373
300 49.62 52.38 0.00 2.3065 -2.5480 -2.5480
325 49.62 52.38 0.00 2.3065 -2.5480 -2.5480
350 49.65 52.89 0.00 -0.1126 -4.9131 -4.9131
375 49.63 53.12 0.00 -0.3901 -2.6989 -2.6989
400 49.63 53.12 0.00 -0.3901 -2.6989 -2.6989
425 49.63 53.10 0.00 -0.7618 2.3052 2.3052
450 49.56 53.23 0.00 -2.0419 1.0837 1.0837
475 49.56 53.23 0.00 -2.0419 1.0837 1.0837
500 49.48 53.27 0.00 -3.1904 -1.2024 -1.2024
525 49.30 53.50 0.00 -5.7579 -1.9937 -1.9937
550 48.87 53.74 0.00 -15.2160 -4.8931 -4.8931
575 48.87 53.74 0.00 -15.2160 -4.8931 -4.8931
600 48.08 53.81 0.00 -20.6035 -4.7139 -4.7139
625 47.29 53.56 0.00 -19.2763 -2.0379 -2.0379
650 46.56 52.68 0.00 -17.1224 -0.1632 -0.1632
675 46.56 52.68 0.00 -17.1224 -0.1632 -0.1632
700 46.00 51.74 0.00 -12.3104 -1.3368 -1.3368
725 46.00 51.74 0.00 -12.3104 -1.3368 -1.3368
750 45.58 50.89 0.00 -10.0033 -0.2233 -0.2233
775 45.16 50.10 0.00 -10.1436 -3.1679 -3.1679
800 45.16 50.10 0.00 -10.1436 -3.1679 -3.1679
825 44.79 49.70 0.00 -8.6780 -6.4406 -6.4406
850 44.55 49.64 0.00 -4.4519 -5.2843 -5.2843
875 44.43 49.47 0.00 -1.9332 -2.9891 -2.9891
900 44.43 49.47 0.00 -1.9332 -2.9891 -2.9891
925 44.36 49.15 0.00 -2.2168 -1.7859 -1.7859
950 44.23 48.74 0.00 -4.0575 -0.6242 -0.6242
975 43.95 48.33 0.00 -9.3408 0.2019 0.2019
1000 43.95 48.33 0.00 -9.3408 0.2019 0.2019
1025 43.41 47.98 0.00 -15.8281 -4.2308 -4.2308
1050 42.71 47.59 0.00 -18.2123 -6.1350 -6.1350
1075 42.71 47.59 0.00 -18.2123 -6.1350 -6.1350
1100 41.95 47.30 0.00 -19.2481 -2.9643 -2.9643
1125 41.09 47.00 0.00 -22.5669 -2.4958 -2.4958
1150 40.14 46.57 0.00 -24.4817 -2.7095 -2.7095
1175 40.14 46.57 0.00 -24.4817 -2.7095 -2.7095
1200 39.22 46.08 0.00 -21.3624 -1.7326 -1.7326
1225 38.43 45.71 0.00 -19.6226 -0.7514 -0.7514
1250 38.43 45.71 0.00 -19.6226 -0.7514 -0.7514
1275 37.86 45.49 0.00 -18.1436 -2.8538 -2.8538
1300 37.24 45.34 0.00 -13.6542 -3.2333 -3.2333
1325 37.24 45.34 0.00 -13.6542 -3.2333 -3.2333
1350 36.82 45.30 0.00 -10.1903 -2.1555 -2.1555
1375 36.39 45.32 0.00 -10.4098 -0.5120 -0.5120
1400 36.39 45.32 0.00 -10.4098 -0.5120 -0.5120
1425 35.98 45.20 0.00 -10.1656 -2.9610 -2.9610
1450 35.64 45.14 0.00 -7.3562 -3.3459 -3.3459
1475 35.64 45.14 0.00 -7.3562 -3.3459 -3.3459
1500 35.48 45.13 0.00 -1.9781 0.0350 0.0350
1525 35.45 45.23 0.00 -0.1098 2.5224 2.5224
1550 35.45 45.23 0.00 -0.1098 2.5224 2.5224
1575 35.41 45.33 0.00 -1.9126 2.5091 2.5091
1600 35.27 45.46 0.00 -4.4355 -2.8586 -2.8586
1625 35.13 45.59 0.00 -2.6855 1.7699 1.7699
1650 35.13 45.59 0.00 -2.6855 1.7699 1.7699
1675 35.00 45.71 0.00 -4.3908 1.2894 1.2894
1700 34.77 45.57 0.00 -5.8382 2.8520 2.8520
1725 34.57 45.40 0.00 -4.0015 9.4823 9.4823
1750 34.57 45.40 0.00 -4.0015 9.4823 9.4823
1775 34.48 45.34 0.00 -2.0458 11.5909 11.5909
1800 34.38 45.09 0.00 -2.8852 4.9518 4.9518
1825 34.38 45.09 0.00 -2.8852 4.9518 4.9518
1850 34.22 44.68 0.00 -5.0990 6.6081 6.6081
1875 33.82 44.41 0.00 -12.5213 1.6413 1.6413
1900 33.82 44.41 0.00 -12.5213 1.6413 1.6413
1925 33.25 44.24 0.00 -14.4524 -1.1392 -1.1392
1950 32.76 44.15 0.00 -10.1543 -1.7050 -1.7050
1975 32.76 44.15 0.00 -10.1543 -1.7050 -1.7050
2000 32.48 44.09 0.00 -6.1315 1.7340 1.7340
2025 32.26 44.09 0.00 -4.6013 3.5654 3.5654
2050 32.17 44.03 0.00 -2.7110 4.2471 4.2471
2075 32.17 44.03 0.00 -2.7110 4.2471 4.2471
2100 32.04 43.88 0.00 -4.2358 3.9116 3.9116
2125 31.84 43.66 0.00 -4.5976 4.7143 4.7143
2150 31.84 43.66 0.00 -4.5976 4.7143 4.7143
2175 31.63 43.30 0.00 -6.5416 1.4679 1.4679
2200 31.34 42.71 0.00 -6.7422 -0.6615 -0.6615
2225 31.20 42.41 0.00 -1.8790 1.3416 1.3416
2250 31.20 42.41 0.00 -1.8790 1.3416 1.3416
2275 31.10 42.34 0.00 -3.3275 -0.6503 -0.6503
2300 30.91 42.18 0.00 -5.1867 -1.7223 -1.7223
2325 30.91 42.18 0.00 -5.1867 -1.7223 -1.7223
2350 30.74 41.92 0.00 -3.6654 -2.7130 -2.7130
2375 30.60 41.58 0.00 -4.3005 -2.2565 -2.2565
2400 30.60 41.58 0.00 -4.3005 -2.2565 -2.2565
2425 30.36 41.02 0.00 -6.6478 -3.4871 -3.4871
2450 30.11 40.42 0.00 -5.6480 -1.9988 -1.9988
2475 29.91 39.99 0.00 -4.7239 -2.7538 -2.7538
2500 29.91 39.99 0.00 -4.7239 -2.7538 -2.7538
2525 29.76 39.81 0.00 -4.9513 -3.0629 -3.0629
2550 29.60 39.71 0.00 -5.4068 -3.6480 -3.6480
2575 29.60 39.71 0.00 -5.4068 -3.6480 -3.6480
2600 29.36 39.59 0.00 -4.9908 -0.9250 -0.9250
2625 29.15 39.40 0.00 -5.2428 -1.5674 -1.5674
2650 29.15 39.40 0.00 -5.2428 -1.5674 -1.5674
2675 28.98 39.18 0.00 -5.6698 -2.7679 -2.7679
2700 28.74 38.82 0.00 -4.4435 -1.0520 -1.0520
2725 28.74 38.82 0.00 -4.4435 -1.0520 -1.0520
2750 28.54 38.59 0.00 -8.1526 -3.1101 -3.1101
2775 28.05 38.10 0.00 -11.8442 -6.5027 -6.5027
2800 27.81 37.93 0.00 -3.6105 -1.7374 -1.7374
2825 27.81 37.93 0.00 -3.6105 -1.7374 -1.7374
2850 27.54 37.82 0.00 -8.7761 -0.5640 -0.5640
2875 27.30 37.86 0.00 -2.7459 -2.7890 -2.7890
2900 27.30 37.86 0.00 -2.7459 -2.7890 -2.7890
2925 27.35 37.82 0.00 2.0625 0.8936 0.8936
2950 27.35 37.76 0.00 -0.9859 -0.4778 -0.4778
2975 27.28 37.69 0.00 -1.2736 -0.3807 -0.3807
3000 27.28 37.69 0.00 -1.2736 -0.3807 -0.3807
3025 27.32 37.54 0.00 1.0890 2.0839 2.0839
3050 27.32 37.39 0.00 0.1121 0.7895 0.7895
3075 27.32 37.39 0.00 0.1121 0.7895 0.7895
3100 27.37 37.29 0.00 2.5818 0.8355 0.8355
3125 27.57 37.29 0.00 5.9180 1.8216 1.8216
3150 27.81 37.42 0.00 6.4319 4.0189 4.0189
3175 27.81 37.42 0.00 6.4319 4.0189 4.0189
3200 28.07 37.57 0.00 6.1228 2.4645 2.4645
3225 28.29 37.65 0.00 4.7390 3.2053 3.2053
3250 28.29 37.65 0.00 4.7390 3.2053 3.2053
3275 28.42 37.67 0.00 1.7950 1.5450 1.5450
3300 28.45 37.54 0.00 0.2984 -1.7494 -1.7494
3325 28.45 37.54 0.00 0.2984 -1.7494 -1.7494
3350 28.43 37.43 0.00 -0.3843 -1.9285 -1.9285
3375 28.43 37.30 0.00 -0.3743 1.6675 1.6675
3400 28.43 37.30 0.00 -0.3743 1.6675 1.6675
3425 28.45 37.14 0.00 2.4059 2.0841 2.0841
3450 28.62 37.11 0.00 3.5926 1.7626 1.7626
3475 28.69 37.05 0.00 0.9769 -0.3085 -0.3085
3500 28.69 37.05 0.00 0.9769 -0.3085 -0.3085
3525 28.65 36.90 0.00 -1.8774 -2.6011 -2.6011
3550 28.60 36.76 0.00 -1.9178 -2.4355 -2.4355
3575 28.60 36.76 0.00 -1.9178 -2.4355 -2.4355
3600 28.53 36.52 0.00 -1.2660 -1.2640 -1.2640
3625 28.47 36.24 0.00 -1.7262 -1.0511 -1.0511
3650 28.45 36.06 0.00 0.3454 -0.5147 -0.5147
3675 28.45 36.06 0.00 0.3454 -0.5147 -0.5147
3700 28.54 35.90 0.00 3.4872 1.5192 1.5192
3725 28.71 35.79 0.00 4.1785 0.9616 0.9616
3750 28.71 35.79 0.00 4.1785 0.9616 0.9616
3775 28.91 35.72 0.00 5.9285 0.1608 0.1608
3800 29.18 35.70 0.00 7.1562 0.2504 0.2504
3825 29.18 35.70 0.00 7.1562 0.2504 0.2504
3850 29.47 35.62 0.00 6.7886 0.0170 0.0170
3875 29.73 35.54 0.00 6.1856 -1.4009 -1.4009
3900 29.98 35.43 0.00 6.1736 -0.7944 -0.7944
3925 29.98 35.43 0.00 6.1736 -0.7944 -0.7944
3950 30.18 35.38 0.00 4.2271 -1.4007 -1.4007
3975 30.34 35.40 0.00 4.7451 0.4656 0.4656
4000 30.34 35.40 0.00 4.7451 0.4656 0.4656
4025 30.54 35.61 0.00 4.5825 1.3115 1.3115
4050 30.72 35.90 0.00 4.1846 2.1248 2.1248
4075 30.72 35.90 0.00 4.1846 2.1248 2.1248
4100 30.85 36.09 0.00 2.8946 1.1203 1.1203
4125 30.96 36.23 0.00 2.5306 0.2871 0.2871
4150 31.09 36.36 0.00 3.4449 -0.1086 -0.1086
4175 31.09 36.36 0.00 3.4449 -0.1086 -0.1086
4200 31.21 36.37 0.00 3.0841 0.0251 0.0251
4225 31.21 36.37 0.00 3.0841 0.0251 0.0251
4250 31.32 36.36 0.00 2.2161 -0.3736 -0.3736
4275 31.43 36.44 0.00 3.1696 1.6585 1.6585
4300 31.56 36.57 0.00 2.7699 1.4763 1.4763
4325 31.56 36.57 0.00 2.7699 1.4763 1.4763
4350 31.65 36.71 0.00 1.8373 2.5683 2.5683
4375 31.70 36.80 0.00 1.7444 2.7670 2.7670
4400 31.70 36.80 0.00 1.7444 2.7670 2.7670
4425 31.77 36.93 0.00 2.4949 1.0022 1.0022
4450 31.92 36.97 0.00 4.2587 1.5674 1.5674
4475 32.10 37.04 0.00 4.4394 0.9776 0.9776
4500 32.10 37.04 0.00 4.4394 0.9776 0.9776
4525 32.30 37.04 0.00 5.1953 0.6468 0.6468
4550 32.51 36.95 0.00 5.9437 0.5027 0.5027
4575 32.51 36.95 0.00 5.9437 0.5027 0.5027
4600 32.83 36.89 0.00 9.2702 1.6873 1.6873
4625 33.25 36.96 0.00 10.5566 1.1053 1.1053
4650 33.70 37.02 0.00 11.5944 1.6988 1.6988
4675 33.70 37.02 0.00 11.5944 1.6988 1.6988
4700 34.18 36.99 0.00 12.5335 1.5683 1.5683
4725 34.68 36.96 0.00 12.0457 0.7121 0.7121
4750 34.68 36.96 0.00 12.0457 0.7121 0.7121
4775 35.13 36.95 0.00 9.7658 0.4444 0.4444
4800 35.45 36.84 0.00 8.0864 1.0914 1.0914
4825 35.45 36.84 0.00 8.0864 1.0914 1.0914
4850 35.77 36.65 0.00 7.4064 2.2198 2.2198
4875 36.02 36.45 0.00 5.7128 1.2913 1.2913
4900 36.02 36.45 0.00 5.7128 1.2913 1.2913
4925 36.21 36.36 0.00 4.0548 1.3543 1.3543
4950 36.32 36.32 0.00 3.2550 1.4771 1.4771
4975 36.44 36.24 0.00 3.2647 2.6144 2.6144
5000 36.44 36.24 0.00 3.2647 2.6144 2.6144
5025 36.60 36.10 0.00 3.0127 3.0884 3.0884
5050 36.67 36.00 0.00 2.2712 1.5936 1.5936
5075 36.67 36.00 0.00 2.2712 1.5936 1.5936
5100 36.76 35.86 0.00 2.2380 1.2215 1.2215
5125 36.89 35.78 0.00 3.2767 0.4586 0.4586
5150 36.89 35.78 0.00 3.2767 0.4586 0.4586
5175 37.01 35.70 0.00 3.2720 -2.0239 -2.0239
5200 37.19 35.71 0.00 5.6219 0.6952 0.6952
5225 37.46 35.90 0.00 6.6900 2.5651 2.5651
5250 37.46 35.90 0.00 6.6900 2.5651 2.5651
5275 37.74 36.11 0.00 7.9605 3.2397 3.2397
5300 38.13 36.28 0.00 10.2918 3.9344 3.9344
5325 38.13 36.28 0.00 10.2918 3.9344 3.9344
5350 38.55 36.41 0.00 11.4535 1.5634 1.5634
5375 39.08 36.52 0.00 13.9528 1.2779 1.2779
5400 39.65 36.57 0.00 14.1987 -0.2962 -0.2962
5425 39.65 36.57 0.00 14.1987 -0.2962 -0.2962
5450 40.27 36.55 0.00 15.4239 2.1964 2.1964
5475 40.86 36.56 0.00 14.6408 0.5626 0.5626
5500 40.86 36.56 0.00 14.6408 0.5626 0.5626
5525 41.43 36.62 0.00 14.1621 2.0304 2.0304
5550 41.99 36.77 0.00 13.2209 2.7108 2.7108
5575 41.99 36.77 0.00 13.2209 2.7108 2.7108
5600 42.48 37.04 0.00 12.1202 2.5330 2.5330
5625 42.97 37.29 0.00 11.7793 3.2665 3.2665
5650 43.39 37.47 0.00 9.5436 1.4030 1.4030
5675 43.39 37.47 0.00 9.5436 1.4030 1.4030
5700 43.71 37.63 0.00 7.7097 0.6703 0.6703
5725 44.01 37.70 0.00 6.8121 0.6821 0.6821
5750 44.01 37.70 0.00 6.8121 0.6821 0.6821
5775 44.29 37.79 0.00 7.4573 1.3195 1.3195
5800 44.62 37.90 0.00 8.3660 1.7912 1.7912
5825 44.62 37.90 0.00 8.3660 1.7912 1.7912
5850 44.92 38.03 0.00 7.3435 -0.5184 -0.5184
5875 45.25 38.15 0.00 9.1219 1.5923 1.5923
5900 45.55 38.24 0.00 10.0096 2.4093 2.4093
5925 45.55 38.24 0.00 10.0096 2.4093 2.4093
5950 45.90 38.51 0.00 7.8674 -0.6801 -0.6801
5975 45.90 38.51 0.00 7.8674 -0.6801 -0.6801
6000 46.21 38.91 0.00 8.3181 -0.1497 -0.1497
6025 46.58 39.40 0.00 9.9831 0.7987 0.7987
6050 46.98 39.80 0.00 9.4765 1.6930 1.6930
6075 46.98 39.80 0.00 9.4765 1.6930 1.6930
6100 47.35 40.15 0.00 9.0557 0.3497 0.3497
6125 47.73 40.48 0.00 10.2310 1.9236 1.9236
6150 47.73 40.48 0.00 10.2310 1.9236 1.9236
6175 48.11 40.77 0.00 8.7280 1.3005 1.3005
6200 48.43 41.10 0.00 7.3774 0.4640 0.4640
6225 48.71 41.51 0.00 7.1773 0.6461 0.6461
6250 48.71 41.51 0.00 7.1773 0.6461 0.6461
6275 48.99 41.92 0.00 6.8515 0.8809 0.8809
6300 49.23 42.25 0.00 5.8430 1.8961 1.8961
6325 49.23 42.25 0.00 5.8430 1.8961 1.8961
6350 49.46 42.51 0.00 5.3761 1.9648 1.9648
6375 49.69 42.78 0.00 5.8471 0.9379 0.9379
6400 49.93 42.98 0.00 6.8197 0.7321 0.7321
6425 49.93 42.98 0.00 6.8197 0.7321 0.7321
6450 50.21 43.10 0.00 6.9545 1.1287 1.1287
6475 50.51 43.12 0.00 7.5348 1.8363 1.8363
6500 50.51 43.12 0.00 7.5348 1.8363 1.8363
6525 50.84 43.06 0.00 8.6463 1.6067 1.6067
6550 51.20 42.96 0.00 9.0680 1.9820 1.9820
6575 51.20 42.96 0.00 9.0680 1.9820 1.9820
6600 51.54 42.81 0.00 8.2917 1.7142 1.7142
6625 51.89 42.45 0.00 8.7310 -0.9104 -0.9104
6650 52.27 42.08 0.00 10.4046 0.0467 0.0467
6675 52.27 42.08 0.00 10.4046 0.0467 0.0467
6700 52.57 41.89 0.00 9.5810 -0.1021 -0.1021
6725 52.90 41.70 0.00 7.3210 -0.9783 -0.9783
6750 52.90 41.70 0.00 7.3210 -0.9783 -0.9783
6775 53.16 41.56 0.00 6.5023 0.9313 0.9313
6800 53.40 41.31 0.00 5.6592 -0.0518 -0.0518
6825 53.40 41.31 0.00 5.6592 -0.0518 -0.0518
6850 53.65 41.12 0.00 6.5360 0.9338 0.9338
6875 53.93 40.93 0.00 7.2569 0.1049 0.1049
6900 54.28 40.74 0.00 9.5230 2.4827 2.4827
6925 54.28 40.74 0.00 9.5230 2.4827 2.4827
6950 54.65 40.61 0.00 9.1556 1.3462 1.3462
6975 55.08 40.60 0.00 12.8816 2.5941 2.5941
7000 55.08 40.60 0.00 12.8816 2.5941 2.5941
7025 55.73 40.69 0.00 18.3616 0.6270 0.6270
7050 55.73 40.69 0.00 18.3616 0.6270 0.6270
7075 56.55 40.88 0.00 21.6283 1.3802 1.3802
7100 57.57 41.09 0.00 27.8868 0.3978 0.3978
7125 58.78 41.40 0.00 32.1007 -4.2132 -4.2132
7150 58.78 41.40 0.00 32.1007 -4.2132 -4.2132
7175 60.12 41.74 0.00 33.4478 -1.2547 -1.2547
7200 61.43 42.15 0.00 32.5965 0.9685 0.9685
7225 61.43 42.15 0.00 32.5965 0.9685 0.9685
7250 62.70 42.92 0.00 31.4131 0.1664 0.1664
7275 63.93 43.67 0.00 29.4844 -0.5968 -0.5968
7300 64.98 44.28 0.00 24.3920 -1.7271 -1.7271
7325 64.98 44.28 0.00 24.3920 -1.7271 -1.7271
7350 65.66 44.63 0.00 22.2384 -2.5834 -2.5834
7375 66.54 45.12 0.00 21.2680 -4.0764 -4.0764
7400 67.27 45.55 0.00 16.8785 -3.6303 -3.6303
7425 67.27 45.55 0.00 16.8785 -3.6303 -3.6303
7450 67.81 46.04 0.00 11.7383 -1.9562 -1.9562
7475 68.26 46.67 0.00 10.5441 -3.2850 -3.2850
7500 68.26 46.67 0.00 10.5441 -3.2850 -3.2850
7525 68.62 47.39 0.00 7.6851 -4.8007 -4.8007
7550 68.84 48.09 0.00 3.5947 -4.4666 -4.4666
7575 68.84 48.09 0.00 3.5947 -4.4666 -4.4666
7600 68.90 48.68 0.00 0.8371 -2.6161 -2.6161
7625 68.95 49.15 0.00 2.1783 -1.5018 -1.5018
7650 68.95 49.15 0.00 2.1783 -1.5018 -1.5018
7675 69.09 49.57 0.00 4.3529 -2.1389 -2.1389
7700 69.35 50.24 0.00 7.4786 -1.7828 -1.7828
7725 69.75 50.96 0.00 11.6189 -1.1300 -1.1300
7750 69.75 50.96 0.00 11.6189 -1.1300 -1.1300
7775 70.29 51.72 0.00 14.3331 -0.4449 -0.4449
7800 70.84 52.56 0.00 14.1456 -0.7654 -0.7654
7825 70.84 52.56 0.00 14.1456 -0.7654 -0.7654
7850 71.42 53.19 0.00 14.7414 -2.7786 -2.7786
7875 72.02 53.71 0.00 15.3757 -2.7286 -2.7286
7900 72.66 54.19 0.00 16.0577 -2.0869 -2.0869
7925 72.66 54.19 0.00 16.0577 -2.0869 -2.0869
7950 73.27 54.71 0.00 15.3252 -1.5616 -1.5616
7975 73.93 55.21 0.00 16.8335 -1.1723 -1.1723
8000 73.93 55.21 0.00 16.8335 -1.1723 -1.1723
8025 74.58 55.65 0.00 15.9604 -0.4758 -0.4758
8050 75.21 55.94 0.00 15.4268 1.0654 1.0654
8075 75.75 56.21 0.00 12.3842 0.6923 0.6923
8100 75.75 56.21 0.00 12.3842 0.6923 0.6923
8125 76.22 56.45 0.00 11.5992 0.6049 0.6049
8150 76.72 56.68 0.00 13.0524 1.6174 1.6174
8175 76.72 56.68 0.00 13.0524 1.6174 1.6174
8200 77.24 56.88 0.00 13.0193 -0.3843 -0.3843
8225 77.75 56.98 0.00 12.5650 -2.1648 -2.1648
8250 77.75 56.98 0.00 12.5650 -2.1648 -2.1648
8275 78.13 57.05 0.00 12.4036 -2.3618 -2.3618
8300 78.64 57.15 0.00 13.4052 0.2650 0.2650
8325 78.64 57.15 0.00 13.4052 0.2650 0.2650
8350 79.26 57.23 0.00 17.5931 0.9191 0.9191
8375 80.06 57.31 0.00 20.8689 1.3802 1.3802
8400 80.06 57.31 0.00 20.8689 1.3802 1.3802
8425 80.90 57.44 0.00 20.3973 1.5681 1.5681
8450 81.74 57.56 0.00 21.7083 -1.2194 -1.2194
8475 82.63 57.67 0.00 22.8390 -1.2082 -1.2082
8500 82.63 57.67 0.00 22.8390 -1.2082 -1.2082
8525 83.61 57.82 0.00 25.6045 -1.2513 -1.2513
8550 84.63 57.94 0.00 24.6340 -3.3648 -3.3648
8575 84.63 57.94 0.00 24.6340 -3.3648 -3.3648
8600 85.65 58.10 0.00 26.7009 -2.1068 -2.1068
8625 86.73 58.29 0.00 26.4287 -0.9412 -0.9412
8650 86.73 58.29 0.00 26.4287 -0.9412 -0.9412
8675 87.75 58.50 0.00 25.0699 -1.2050 -1.2050
8700 88.63 58.69 0.00 19.6258 -2.3391 -2.3391
8725 89.27 58.81 0.00 14.3542 -1.2734 -1.2734
8750 89.27 58.81 0.00 14.3542 -1.2734 -1.2734
8775 89.75 58.87 0.00 10.7823 -0.9404 -0.9404
8800 90.06 58.98 0.00 5.8226 0.8913 0.8913
8825 90.06 58.98 0.00 5.8226 0.8913 0.8913
8850 90.32 59.26 0.00 7.1207 -2.5563 -2.5563
8875 90.57 59.57 0.00 5.5077 -2.2704 -2.2704
8900 90.57 59.57 0.00 5.5077 -2.2704 -2.2704
8925 90.79 59.91 0.00 5.1972 -1.9268 -1.9268
8950 91.03 60.28 0.00 6.7136 -2.7260 -2.7260
8975 91.22 60.54 0.00 5.6726 -2.1730 -2.1730
9000 91.22 60.54 0.00 5.6726 -2.1730 -2.1730
9025 91.38 60.94 0.00 4.9915 1.7137 1.7137
9050 91.71 61.53 0.00 8.8010 -0.5812 -0.5812
9075 91.71 61.53 0.00 8.8010 -0.5812 -0.5812
9100 92.14 62.42 0.00 12.7573 -1.9976 -1.9976
9125 92.69 63.34 0.00 14.5719 -2.2281 -2.2281
9150 93.32 64.22 0.00 15.9389 0.3524 0.3524
9175 93.32 64.22 0.00 15.9389 0.3524 0.3524
9200 94.00 65.25 0.00 18.0875 -2.7808 -2.7808
9225 94.75 66.24 0.00 19.3534 -4.1437 -4.1437
9250 94.75 66.24 0.00 19.3534 -4.1437 -4.1437
9275 95.45 67.35 0.00 15.9182 -5.8023 -5.8023
9300 95.45 67.35 0.00 15.9182 -5.8023 -5.8023
9325 96.08 68.33 0.00 16.4164 -2.7357 -2.7357
9350 96.72 69.06 0.00 14.1283 -2.0204 -2.0204
9375 97.12 69.70 0.00 7.8979 -1.1963 -1.1963
9400 97.12 69.70 0.00 7.8979 -1.1963 -1.1963
9425 97.23 70.09 0.00 -1.3747 -1.1343 -1.1343
9450 96.99 70.29 0.00 -7.7593 0.7321 0.7321
9475 96.99 70.29 0.00 -7.7593 0.7321 0.7321
9500 96.61 70.43 0.00 -10.2738 -1.3737 -1.3737
9525 96.25 70.54 0.00 -7.9898 -0.3164 -0.3164
9550 95.89 70.56 0.00 -10.6264 1.6564 1.6564
9575 95.89 70.56 0.00 -10.6264 1.6564 1.6564
9600 95.51 70.61 0.00 -8.4515 2.7111 2.7111
9625 95.11 70.57 0.00 -11.3813 2.6408 2.6408
9650 94.75 70.47 0.00 -11.6972 4.6256 4.6256
9675 94.75 70.47 0.00 -11.6972 4.6256 4.6256
9700 94.19 70.17 0.00 -11.7345 5.4251 5.4251
9725 93.67 69.83 0.00 -13.1873 5.4785 5.4785
9750 93.67 69.83 0.00 -13.1873 5.4785 5.4785
9775 93.21 69.39 0.00 -10.0007 4.5164 4.5164
9800 92.98 69.09 0.00 -6.7472 3.1766 3.1766
9825 92.84 68.79 0.00 -1.2792 2.2809 2.2809
9850 92.84 68.79 0.00 -1.2792 2.2809 2.2809
9875 92.86 68.59 0.00 1.1179 3.2407 3.2407
9900 92.92 68.51 0.00 1.5615 1.3947 1.3947
9925 92.92 68.51 0.00 1.5615 1.3947 1.3947
9950 92.94 68.45 0.00 -0.0618 0.7239 0.7239
9975 92.94 68.45 0.00 -0.0618 0.7239 0.7239
10000 92.88 68.38 0.00 -2.8704 1.2851 1.2851
10025 92.72 68.31 0.00 -4.1742 0.5331 0.5331
10050 92.61 68.20 0.00 -0.5828 0.6047 0.6047
10075 92.61 68.20 0.00 -0.5828 0.6047 0.6047
10100 92.61 68.10 0.00 -1.3087 -0.6424 -0.6424
10125 92.43 68.04 0.00 -6.1435 -0.9650 -0.9650
10150 92.18 68.01 0.00 -5.7786 -0.2952 -0.2952
10175 92.18 68.01 0.00 -5.7786 -0.2952 -0.2952
10200 91.91 68.16 0.00 -7.5614 -2.3421 -2.3421
10225 91.48 68.26 0.00 -13.4499 -1.2122 -1.2122
10250 91.48 68.26 0.00 -13.4499 -1.2122 -1.2122
10275 90.79 68.39 0.00 -19.4868 0.4131 0.4131
10300 89.88 68.53 0.00 -24.2556 -1.1812 -1.1812
10325 88.75 68.53 0.00 -30.9224 -1.2146 -1.2146
10350 88.75 68.53 0.00 -30.9224 -1.2146 -1.2146
10375 87.41 68.55 0.00 -33.9709 0.1559 0.1559
10400 87.41 68.55 0.00 -33.9709 0.1559 0.1559
10425 86.16 68.53 0.00 -29.8798 0.8598 0.8598
10450 85.00 68.56 0.00 -27.7205 -0.2686 -0.2686
10475 84.04 68.68 0.00 -21.2343 0.6190 0.6190
10500 84.04 68.68 0.00 -21.2343 0.6190 0.6190
10525 83.34 68.80 0.00 -16.3144 -0.7134 -0.7134
10550 82.70 68.90 0.00 -15.2675 0.6405 0.6405
10575 82.70 68.90 0.00 -15.2675 0.6405 0.6405
10600 82.34 69.01 0.00 -10.7695 1.0188 1.0188
10625 82.05 69.06 0.00 -5.4855 -0.9788 -0.9788
10650 82.05 69.06 0.00 -5.4855 -0.9788 -0.9788
10675 81.89 69.03 0.00 -2.5811 -0.4513 -0.4513
10700 81.86 69.03 0.00 -0.6529 0.4791 0.4791
10725 81.86 69.03 0.00 1.0654 0.9349 0.9349
10750 81.86 69.03 0.00 1.0654 0.9349 0.9349
10775 81.97 69.04 0.00 3.1849 -0.0784 -0.0784
10800 82.07 69.00 0.00 1.7335 -0.2858 -0.2858
10825 82.07 69.00 0.00 1.7335 -0.2858 -0.2858
10850 82.07 68.95 0.00 -0.9892 0.2405 0.2405
10875 81.99 68.86 0.00 -1.8476 1.4863 1.4863
10900 81.95 68.82 0.00 -0.2081 0.4149 0.4149
10925 81.95 68.82 0.00 -0.2081 0.4149 0.4149
10950 81.97 68.82 0.00 0.1300 -0.0188 -0.0188
10975 81.89 68.86 0.00 -2.4136 0.4778 0.4778
11000 81.89 68.86 0.00 -2.4136 0.4778 0.4778
11025 81.84 68.84 0.00 -1.0711 -0.4652 -0.4652
11050 81.78 68.81 0.00 -1.5459 0.7146 0.7146
11075 81.70 68.70 0.00 -2.1933 0.3275 0.3275
11100 81.70 68.70 0.00 -2.1933 0.3275 0.3275
11125 81.63 68.52 0.00 -2.1251 1.3355 1.3355
11150 81.63 68.52 0.00 -2.1251 1.3355 1.3355
11175 81.49 68.43 0.00 -3.9573 1.7156 1.7156
11200 81.32 68.34 0.00 -4.4469 1.3516 1.3516
11225 81.11 68.30 0.00 -6.7982 0.6680 0.6680
11250 81.11 68.30 0.00 -6.7982 0.6680 0.6680
11275 80.84 68.31 0.00 -9.0832 0.7924 0.7924
11300 80.25 68.33 0.00 -14.3285 1.7095 1.7095
11325 80.25 68.33 0.00 -14.3285 1.7095 1.7095
11350 79.74 68.35 0.00 -17.6489 2.3186 2.3186
11375 78.98 68.38 0.00 -19.7261 2.2912 2.2912
11400 78.13 68.34 0.00 -21.5508 1.8252 1.8252
11425 78.13 68.34 0.00 -21.5508 1.8252 1.8252
11450 77.34 68.27 0.00 -18.1235 2.3909 2.3909
11475 76.68 68.24 0.00 -16.5023 2.1207 2.1207
11500 76.68 68.24 0.00 -16.5023 2.1207 2.1207
11525 75.95 68.30 0.00 -18.5432 2.0770 2.0770
11550 75.21 68.35 0.00 -17.8584 0.6858 0.6858
11575 75.21 68.35 0.00 -17.8584 0.6858 0.6858
11600 74.56 68.33 0.00 -15.4570 -0.9331 -0.9331
11625 73.95 68.34 0.00 -16.1133 0.0446 0.0446
11650 73.33 68.39 0.00 -14.6635 -0.7198 -0.7198
11675 73.33 68.39 0.00 -14.6635 -0.7198 -0.7198
11700 72.85 68.42 0.00 -9.8108 -1.5158 -1.5158
11725 72.85 68.42 0.00 -9.8108 -1.5158 -1.5158
11750 72.55 68.47 0.00 -5.4765 -0.1694 -0.1694
11775 72.41 68.44 0.00 -2.6191 0.6760 0.6760
11800 72.35 68.40 0.00 -0.7501 1.4573 1.4573
11825 72.35 68.40 0.00 -0.7501 1.4573 1.4573
11850 72.32 68.33 0.00 -1.0321 1.8709 1.8709
11875 72.24 68.22 0.00 -3.2225 1.6779 1.6779
11900 72.24 68.22 0.00 -3.2225 1.6779 1.6779
11925 72.08 68.14 0.00 -3.6474 0.8483 0.8483
11950 71.97 68.07 0.00 -1.9831 0.8307 0.8307
11975 71.89 68.05 0.00 -2.5171 0.4745 0.4745
12000 71.89 68.05 0.00 -2.5171 0.4745 0.4745
12025 71.82 68.04 0.00 -2.1122 1.7900 1.7900
12050 71.75 67.98 0.00 -1.4034 2.2026 2.2026
12075 71.75 67.98 0.00 -1.4034 2.2026 2.2026
12100 71.66 67.88 0.00 -3.0865 1.0432 1.0432
12125 71.51 67.68 0.00 -4.0063 1.3868 1.3868
12150 71.33 67.49 0.00 -5.3828 1.1049 1.1049
12175 71.33 67.49 0.00 -5.3828 1.1049 1.1049
12200 71.02 67.35 0.00 -8.6863 0.0677 0.0677
12225 70.58 67.16 0.00 -12.8041 -0.0774 -0.0774
12250 70.58 67.16 0.00 -12.8041 -0.0774 -0.0774
12275 69.98 66.91 0.00 -16.0487 1.1412 1.1412
12300 69.26 66.66 0.00 -19.3809 1.2948 1.2948
12325 68.48 66.42 0.00 -18.3581 1.6006 1.6006
12350 68.48 66.42 0.00 -18.3581 1.6006 1.6006
12375 67.83 66.26 0.00 -15.3232 2.0061 2.0061
12400 67.29 66.09 0.00 -12.0381 1.7380 1.7380
12425 67.29 66.09 0.00 -12.0381 1.7380 1.7380
12450 66.88 66.00 0.00 -9.4326 0.8407 0.8407
12475 66.55 65.88 0.00 -7.4049 0.1569 0.1569
12500 66.55 65.88 0.00 -7.4049 0.1569 0.1569
12525 66.29 65.65 0.00 -6.1406 -0.5438 -0.5438
12550 66.05 65.44 0.00 -6.2204 0.9038 0.9038
12575 66.05 65.44 0.00 -6.2204 0.9038 0.9038
12600 65.75 65.19 0.00 -8.2623 -0.3305 -0.3305
12625 65.41 64.93 0.00 -8.3733 -0.4562 -0.4562
12650 65.41 64.93 0.00 -8.3733 -0.4562 -0.4562
12675 65.11 64.73 0.00 -7.1099 -0.3225 -0.3225
12700 64.87 64.56 0.00 -4.8826 0.1781 0.1781
12725 64.70 64.44 0.00 -3.9920 -0.4450 -0.4450
12750 64.70 64.44 0.00 -3.9920 -0.4450 -0.4450
12775 64.55 64.35 0.00 -3.8453 -0.2955 -0.2955
12800 64.37 64.21 0.00 -4.7923 -0.9553 -0.9553
12825 64.37 64.21 0.00 -4.7923 -0.9553 -0.9553
12850 64.16 64.03 0.00 -5.6784 -0.9757 -0.9757
12875 63.93 63.84 0.00 -5.5381 -0.8744 -0.8744
12900 63.77 63.69 0.00 -5.7279 -1.1098 -1.1098
12925 63.77 63.69 0.00 -5.7279 -1.1098 -1.1098
12950 63.50 63.52 0.00 -6.7583 -1.0146 -1.0146
12975 63.50 63.52 0.00 -6.7583 -1.0146 -1.0146
13000 63.24 63.34 0.00 -6.9028 -1.5150 -1.5150
13025 62.95 63.15 0.00 -6.9877 -1.4805 -1.4805
13050 62.69 62.99 0.00 -6.6168 -0.1586 -0.1586
13075 62.69 62.99 0.00 -6.6168 -0.1586 -0.1586
13100 62.40 62.91 0.00 -7.4648 -1.3298 -1.3298
13125 62.12 62.90 0.00 -6.9367 -1.2206 -1.2206
13150 61.84 62.94 0.00 -6.8113 -2.6018 -2.6018
13175 61.84 62.94 0.00 -6.8113 -2.6018 -2.6018
13200 61.59 62.96 0.00 -6.2001 -1.9558 -1.9558
13225 61.36 62.99 0.00 -5.0615 -1.2272 -1.2272
13250 61.36 62.99 0.00 -5.0615 -1.2272 -1.2272
13275 61.18 62.88 0.00 -3.7803 0.1592 0.1592
13300 61.06 62.81 0.00 -3.1063 0.7735 0.7735
13325 60.95 62.81 0.00 -2.5056 -0.0361 -0.0361
13350 60.95 62.81 0.00 -2.5056 -0.0361 -0.0361
13375 60.88 62.98 0.00 -1.2351 0.2605 0.2605
13400 60.88 62.98 0.00 -1.2351 0.2605 0.2605
13425 60.86 63.14 0.00 0.1531 -0.1397 -0.1397
13450 60.90 63.25 0.00 1.2931 -0.0356 -0.0356
13475 60.95 63.29 0.00 1.0822 -0.8213 -0.8213
13500 60.95 63.29 0.00 1.0822 -0.8213 -0.8213
13525 60.97 63.27 0.00 -0.0240 -0.7700 -0.7700
13550 60.95 63.25 0.00 -0.1795 -0.1572 -0.1572
13575 60.95 63.25 0.00 -0.1795 -0.1572 -0.1572
13600 60.95 63.23 0.00 -0.1553 0.5233 0.5233
13625 60.93 63.18 0.00 -0.7632 0.3535 0.3535
13650 60.88 63.14 0.00 -1.5532 -0.2693 -0.2693
13675 60.88 63.14 0.00 -1.5532 -0.2693 -0.2693
13700 60.81 63.11 0.00 -2.1468 -0.7417 -0.7417
13725 60.70 62.96 0.00 -2.9109 -0.3595 -0.3595
13750 60.70 62.96 0.00 -2.9109 -0.3595 -0.3595
13775 60.58 62.75 0.00 -3.3127 0.8734 0.8734
13800 60.37 62.50 0.00 -6.7641 0.1671 0.1671
13825 60.37 62.50 0.00 -6.7641 0.1671 0.1671
13850 60.07 62.27 0.00 -7.9745 -0.1794 -0.1794
13875 59.75 62.07 0.00 -8.1066 -1.1770 -1.1770
13900 59.75 62.07 0.00 -8.1066 -1.1770 -1.1770
13925 59.42 61.95 0.00 -8.6216 -1.0573 -1.0573
13950 59.10 61.75 0.00 -7.2771 0.7476 0.7476
13975 58.87 61.58 0.00 -4.8782 0.5793 0.5793
14000 58.87 61.58 0.00 -4.8782 0.5793 0.5793
14025 58.73 61.43 0.00 -3.0312 1.5506 1.5506
14050 58.61 61.29 0.00 -2.9658 0.8425 0.8425
14075 58.61 61.29 0.00 -2.9658 0.8425 0.8425
14100 58.50 61.12 0.00 -2.1252 0.0639 0.0639
14125 58.40 61.05 0.00 -3.4198 -0.3144 -0.3144
14150 58.26 60.95 0.00 -3.5422 -0.6011 -0.6011
14175 58.26 60.95 0.00 -3.5422 -0.6011 -0.6011
14200 58.12 60.86 0.00 -3.2898 -1.0250 -1.0250
14225 57.98 60.77 0.00 -3.8183 -0.7105 -0.7105
14250 57.98 60.77 0.00 -3.8183 -0.7105 -0.7105
14275 57.82 60.62 0.00 -3.9194 -0.6066 -0.6066
14300 57.66 60.41 0.00 -4.2495 0.1546 0.1546
14325 57.48 60.21 0.00 -4.0202 0.0504 0.0504
14350 57.48 60.21 0.00 -4.0202 0.0504 0.0504
14375 57.29 59.93 0.00 -5.4747 -0.6245 -0.6245
14400 57.29 59.93 0.00 -5.4747 -0.6245 -0.6245
14425 57.10 59.66 0.00 -7.2805 -0.8667 -0.8667
14450 56.76 59.19 0.00 -8.8537 -0.4936 -0.4936
14475 56.38 58.79 0.00 -10.2812 -0.4539 -0.4539
14500 56.38 58.79 0.00 -10.2812 -0.4539 -0.4539
14525 55.94 58.39 0.00 -11.1517 -0.5443 -0.5443
14550 55.47 58.02 0.00 -12.4595 -0.9977 -0.9977
14575 55.47 58.02 0.00 -12.4595 -0.9977 -0.9977
14600 54.94 57.68 0.00 -12.8499 -0.8139 -0.8139
14625 54.44 57.33 0.00 -12.4830 -0.7263 -0.7263
14650 54.44 57.33 0.00 -12.4830 -0.7263 -0.7263
14675 54.00 57.02 0.00 -9.7374 -1.0504 -1.0504
14700 53.68 56.71 0.00 -7.0801 -1.6361 -1.6361
14725 53.46 56.34 0.00 -5.2305 0.0077 0.0077
14750 53.46 56.34 0.00 -5.2305 0.0077 0.0077
14775 53.28 56.00 0.00 -3.6054 -0.9123 -0.9123
14800 53.20 55.76 0.00 -1.1728 0.0115 0.0115
14825 53.20 55.76 0.00 -1.1728 0.0115 0.0115
14850 53.18 55.65 0.00 -0.0669 -0.1913 -0.1913
14875 53.20 55.53 0.00 0.8687 0.7201 0.7201
14900 53.25 55.46 0.00 1.6345 0.8333 0.8333
14925 53.25 55.46 0.00 1.6345 0.8333 0.8333
14950 53.30 55.33 0.00 0.9173 0.6322 0.6322
14975 53.32 55.16 0.00 0.1691 1.0954 1.0954
15000 53.32 55.16 0.00 0.1691 1.0954 1.0954
15025 53.32 54.97 0.00 0.0811 1.5898 1.5898
15050 53.33 54.78 0.00 0.4380 1.4043 1.4043
15075 53.33 54.78 0.00 0.4380 1.4043 1.4043
15100 53.35 54.52 0.00 -0.0956 0.1470 0.1470
15125 53.30 54.14 0.00 -2.1009 0.0563 0.0563
15150 53.30 54.14 0.00 -2.1009 0.0563 0.0563
15175 53.16 53.75 0.00 -3.2653 0.9416 0.9416
15200 53.06 53.50 0.00 -2.6966 1.7637 1.7637
15225 52.99 53.33 0.00 -2.4175 1.4905 1.4905
15250 52.99 53.33 0.00 -2.4175 1.4905 1.4905
15275 52.90 53.09 0.00 -2.2102 0.5336 0.5336
15300 52.83 52.86 0.00 -1.2948 0.1828 0.1828
15325 52.83 52.86 0.00 -1.2948 0.1828 0.1828
15350 52.79 52.65 0.00 -0.6861 0.4970 0.4970
15375 52.76 52.31 0.00 -1.0606 0.3556 0.3556
15400 52.74 51.93 0.00 0.1038 1.7414 1.7414
15425 52.74 51.93 0.00 0.1038 1.7414 1.7414
15450 52.76 51.56 0.00 0.8415 2.2775 2.2775
15475 52.81 51.18 0.00 1.8274 1.5463 1.5463
15500 52.81 51.18 0.00 1.8274 1.5463 1.5463
15525 52.93 50.87 0.00 3.1431 0.8852 0.8852
15550 53.04 50.64 0.00 2.4349 0.1903 0.1903
15575 53.04 50.64 0.00 2.4349 0.1903 0.1903
15600 53.13 50.37 0.00 2.2020 0.6825 0.6825
15625 53.21 50.04 0.00 1.9100 -0.5930 -0.5930
15650 53.26 49.56 0.00 0.6905 0.5240 0.5240
15675 53.26 49.56 0.00 0.6905 0.5240 0.5240
15700 53.25 49.05 0.00 -0.9568 0.0846 0.0846
15725 53.21 48.55 0.00 -0.5799 1.1880 1.1880
15750 53.21 48.55 0.00 -0.5799 1.1880 1.1880
15775 53.20 48.08 0.00 -0.4719 0.7554 0.7554
15800 53.18 47.75 0.00 -0.5330 0.1824 0.1824
15825 53.18 47.75 0.00 -0.5330 0.1824 0.1824
15850 53.13 47.45 0.00 -1.4263 -0.5420 -0.5420
15875 53.11 47.14 0.00 -0.1791 1.4326 1.4326
15900 53.11 47.14 0.00 -0.1791 1.4326 1.4326
15925 53.07 46.85 0.00 -1.2465 2.7616 2.7616
15950 53.00 46.59 0.00 -1.8856 0.8560 0.8560
15975 52.95 46.35 0.00 -0.6214 -0.3024 -0.3024
16000 52.95 46.35 0.00 -0.6214 -0.3024 -0.3024
16025 52.93 46.20 0.00 -0.6400 -0.9164 -0.9164
16050 52.90 45.88 0.00 -1.3646 -1.8584 -1.8584
16075 52.90 45.88 0.00 -1.3646 -1.8584 -1.8584
16100 52.85 45.50 0.00 -0.7527 -1.6388 -1.6388
16125 52.86 45.17 0.00 1.0428 1.3873 1.3873
16150 52.86 45.17 0.00 1.0428 1.3873 1.3873
16175 52.90 44.83 0.00 0.4205 1.1709 1.1709
16200 52.92 44.49 0.00 0.7420 1.8083 1.8083
16225 52.95 44.29 0.00 0.6633 1.9773 1.9773
16250 52.95 44.29 0.00 0.6633 1.9773 1.9773
16275 52.95 44.15 0.00 -0.1522 0.1728 0.1728
16300 52.95 43.97 0.00 0.2362 0.0132 0.0132
16325 52.95 43.97 0.00 0.2362 0.0132 0.0132
16350 52.99 43.79 0.00 0.6111 -0.3454 -0.3454
16375 53.00 43.54 0.00 0.5859 -0.3232 -0.3232
16400 53.00 43.54 0.00 0.5859 -0.3232 -0.3232
16425 53.04 43.22 0.00 0.9425 1.6805 1.6805
16450 53.07 42.82 0.00 0.8459 0.9971 0.9971
16475 53.11 42.39 0.00 1.0910 0.8729 0.8729
16500 53.11 42.39 0.00 1.0910 0.8729 0.8729
16525 53.16 41.82 0.00 1.2312 0.0408 0.0408
16550 53.20 41.23 0.00 0.8786 -0.0292 -0.0292
16575 53.20 41.23 0.00 0.8786 -0.0292 -0.0292
16600 53.23 40.66 0.00 0.8042 1.0304 1.0304
16625 53.25 40.33 0.00 0.2312 1.2380 1.2380
16650 53.25 40.33 0.00 0.2312 1.2380 1.2380
16675 53.25 40.12 0.00 -0.3182 0.4265 0.4265
16700 53.25 40.04 0.00 0.3141 -0.1323 -0.1323
16725 53.25 40.04 0.00 0.3141 -0.1323 -0.1323
16750 53.25 40.02 0.00 0.0152 -0.7178 -0.7178
16775 53.25 39.94 0.00 -0.5418 -1.2060 -1.2060
16800 53.21 39.79 0.00 -0.6947 -1.3103 -1.3103
16825 53.21 39.79 0.00 -0.6947 -1.3103 -1.3103
16850 53.23 39.50 0.00 0.4948 1.5092 1.5092
16875 53.25 39.03 0.00 0.7457 0.1193 0.1193
16900 53.30 38.55 0.00 1.3824 0.4490 0.4490
16925 53.30 38.55 0.00 1.3824 0.4490 0.4490
16950 53.35 38.21 0.00 1.0561 0.8803 0.8803
16975 53.37 37.96 0.00 0.2301 1.4046 1.4046
17000 53.37 37.96 0.00 0.2301 1.4046 1.4046
17025 53.37 37.73 0.00 -0.1959 0.3774 0.3774
17050 53.33 37.61 0.00 -1.1506 -1.2156 -1.2156
17075 53.33 37.61 0.00 -1.1506 -1.2156 -1.2156
17100 53.28 37.44 0.00 -1.2901 -0.1524 -0.1524
17125 53.26 37.23 0.00 -0.5977 0.3853 0.3853
17150 53.26 37.23 0.00 -0.5977 0.3853 0.3853
17175 53.23 36.96 0.00 -0.9080 -0.8280 -0.8280
17200 53.20 36.60 0.00 -0.4979 -0.6987 -0.6987
17225 53.20 36.60 0.00 -0.4979 -0.6987 -0.6987
17250 53.18 36.09 0.00 -0.5227 -1.8722 -1.8722
17275 53.18 35.66 0.00 0.4266 -0.0617 -0.0617
17300 53.20 35.45 0.00 -0.2083 0.1268 0.1268
17325 53.20 35.45 0.00 -0.2083 0.1268 0.1268
17350 53.14 35.32 0.00 -1.3175 -0.9468 -0.9468
17375 53.07 35.13 0.00 -2.1360 -1.2231 -1.2231
17400 53.07 35.13 0.00 -2.1360 -1.2231 -1.2231
17425 53.02 34.88 0.00 -1.9302 -0.5597 -0.5597
17450 52.95 34.47 0.00 -1.7152 -0.2811 -0.2811
17475 52.88 33.93 0.00 -1.6834 -0.8930 -0.8930
17500 52.88 33.93 0.00 -1.6834 -0.8930 -0.8930
17525 52.83 33.37 0.00 -0.6423 2.1534 2.1534
17550 52.81 32.78 0.00 -0.6734 0.7013 0.7013
17575 52.81 32.78 0.00 -0.6734 0.7013 0.7013
17600 52.83 32.35 0.00 1.4222 1.3437 1.3437
17625 52.90 32.19 0.00 1.8757 1.5286 1.5286
17650 52.99 32.19 0.00 1.9990 0.7313 0.7313
17675 52.99 32.19 0.00 1.9990 0.7313 0.7313
17700 53.06 32.08 0.00 1.6659 0.8714 0.8714
17725 53.13 31.88 0.00 1.8386 0.2116 0.2116
17750 53.13 31.88 0.00 1.8386 0.2116 0.2116
17775 53.20 31.51 0.00 1.6384 -0.9169 -0.9169
17800 53.20 31.51 0.00 1.6384 -0.9169 -0.9169
17825 53.28 31.02 0.00 3.0566 2.1106 2.1106
17850 53.47 30.53 0.00 5.3091 2.3633 2.3633
17875 53.75 30.04 0.00 8.6682 1.5606 1.5606
17900 53.75 30.04 0.00 8.6682 1.5606 1.5606
17925 54.33 29.58 0.00 18.5357 4.5503 4.5503
17950 55.24 29.22 0.00 24.9741 -0.9738 -0.9738
17975 55.24 29.22 0.00 24.9741 -0.9738 -0.9738
18000 56.27 29.01 0.00 25.9704 -0.9822 -0.9822
18025 57.19 28.80 0.00 20.2077 -0.2062 -0.2062
18050 57.87 28.38 0.00 15.6505 -2.2940 -2.2940
18075 58.49 27.68 0.00 15.2286 -1.5357 -1.5357
18100 58.49 27.68 0.00 15.2286 -1.5357 -1.5357
18125 59.00 26.90 0.00 10.3924 -1.0905 -1.0905
18150 59.00 26.90 0.00 10.3924 -1.0905 -1.0905
18175 59.28 26.24 0.00 5.8760 0.4458 0.4458
18200 59.42 25.61 0.00 1.8006 0.0417 0.0417
18225 59.38 25.01 0.00 -2.3887 0.2873 0.2873
18250 59.38 25.01 0.00 -2.3887 0.2873 0.2873
18275 59.26 24.38 0.00 -3.0090 0.3900 0.3900
18300 59.10 23.85 0.00 -4.8104 -0.7507 -0.7507
18325 59.10 23.85 0.00 -4.8104 -0.7507 -0.7507
18350 58.91 23.27 0.00 -4.7642 0.4602 0.4602
18375 58.77 22.81 0.00 -4.4734 -0.5879 -0.5879
18400 58.77 22.81 0.00 -4.4734 -0.5879 -0.5879
18425 58.63 22.27 0.00 -2.5169 -0.2496 -0.2496
18450 58.56 21.80 0.00 -0.9550 -0.6029 -0.6029
18475 58.56 21.80 0.00 -0.9550 -0.6029 -0.6029
18500 58.54 21.32 0.00 -0.5462 -0.6513 -0.6513
18525 58.54 20.88 0.00 0.3131 0.2447 0.2447
18550 58.59 20.71 0.00 1.6905 2.2177 2.2177
18575 58.59 20.71 0.00 1.6905 2.2177 2.2177
18600 58.61 20.59 0.00 -0.5192 -0.8779 -0.8779
18625 58.57 20.28 0.00 -1.1964 -1.2741 -1.2741
18650 58.49 19.87 0.00 -2.1659 -0.3329 -0.3329
18675 58.49 19.87 0.00 -2.1659 -0.3329 -0.3329
18700 58.45 19.19 0.00 0.2493 1.4684 1.4684
18725 58.54 18.59 0.00 3.0926 2.4883 2.4883
18750 58.54 18.59 0.00 3.0926 2.4883 2.4883
18775 58.66 17.89 0.00 3.0386 1.7442 1.7442
18800 58.78 17.12 0.00 3.1194 2.2076 2.2076
18825 58.94 16.35 0.00 3.9742 2.7727 2.7727
18850 58.94 16.35 0.00 3.9742 2.7727 2.7727
18875 59.10 15.84 0.00 4.0718 2.4313 2.4313
18900 59.21 15.30 0.00 1.6024 0.5019 0.5019
18925 59.21 15.30 0.00 1.6024 0.5019 0.5019
18950 59.26 14.69 0.00 0.7515 3.5923 3.5923
18975 59.26 14.00 0.00 0.2688 1.6137 1.6137
19000 59.26 14.00 0.00 0.2688 1.6137 1.6137
19025 59.29 13.56 0.00 1.3413 3.2406 3.2406
19050 59.36 13.37 0.00 1.5522 2.6775 2.6775
19075 59.36 13.37 0.00 1.5522 2.6775 2.6775
19100 59.40 13.40 0.00 0.6226 1.0977 1.0977
19125 59.40 13.50 0.00 -0.5911 -0.6359 -0.6359
19150 59.33 13.63 0.00 -2.4501 -2.6323 -2.6323
19175 59.33 13.63 0.00 -2.4501 -2.6323 -2.6323
19200 59.17 13.69 0.00 -4.3919 -3.2380 -3.2380
19225 59.03 13.70 0.00 -3.1106 -1.6291 -1.6291
19250 59.03 13.70 0.00 -3.1106 -1.6291 -1.6291
19275 58.94 13.84 0.00 -1.9039 -1.2294 -1.2294
19300 58.85 13.87 0.00 -2.2950 -1.7603 -1.7603
19325 58.71 13.93 0.00 -3.8244 -3.3589 -3.3589
19350 58.71 13.93 0.00 -3.8244 -3.3589 -3.3589
19375 58.57 14.09 0.00 -2.9359 -1.8158 -1.8158
19400 58.57 14.09 0.00 -2.9359 -1.8158 -1.8158
19425 58.54 14.35 0.00 -0.5141 1.8015 1.8015
19450 58.49 14.51 0.00 -1.8936 -1.7515 -1.7515
19475 58.40 14.66 0.00 -2.0457 -1.4882 -1.4882
19500 58.40 14.66 0.00 -2.0457 -1.4882 -1.4882
19525 58.34 14.87 0.00 -1.1499 -0.0945 -0.0945
19550 58.29 15.05 0.00 -1.3480 -1.0159 -1.0159
19575 58.29 15.05 0.00 -1.3480 -1.0159 -1.0159
19600 58.24 15.16 0.00 -1.3722 -0.5374 -0.5374
19625 58.19 15.24 0.00 -1.1270 0.7578 0.7578
19650 58.19 15.24 0.00 -1.1270 0.7578 0.7578
19675 58.12 15.34 0.00 -2.3236 -0.4933 -0.4933
19700 58.05 15.45 0.00 -0.9654 -1.0859 -1.0859
19725 58.06 15.50 0.00 0.6254 0.8969 0.8969
19750 58.06 15.50 0.00 0.6254 0.8969 0.8969
19775 58.08 15.47 0.00 0.4625 1.3816 1.3816
19800 58.10 15.29 0.00 -0.1289 0.5419 0.5419
19825 58.10 15.29 0.00 -0.1289 0.5419 0.5419
19850 58.06 14.96 0.00 -1.4823 0.5341 0.5341
19875 57.96 14.56 0.00 -3.8654 -1.5074 -1.5074
19900 57.82 14.11 0.00 -3.1961 -1.9611 -1.9611
19925 57.82 14.11 0.00 -3.1961 -1.9611 -1.9611
19950 57.75 13.83 0.00 -1.2378 -0.6986 -0.6986
19975 57.68 13.45 0.00 -2.3074 0.3901 0.3901
20000 57.68 13.45 0.00 -2.3074 0.3901 0.3901
20025 57.54 12.94 0.00 -3.5926 -0.8245 -0.8245
20050 57.43 12.32 0.00 -1.7160 0.2033 0.2033
20075 57.43 12.32 0.00 -1.7160 0.2033 0.2033
20100 57.40 11.64 0.00 -0.6705 -0.7087 -0.7087
20125 57.34 11.09 0.00 -0.8537 1.7888 1.7888
20150 57.34 11.09 0.00 -0.8537 1.7888 1.7888
20175 57.31 10.72 0.00 -1.3170 2.2329 2.2329
20200 57.24 10.62 0.00 -1.8701 0.5126 0.5126
20225 57.13 10.44 0.00 -3.3465 -3.8250 -3.8250
20250 57.13 10.44 0.00 -3.3465 -3.8250 -3.8250
20275 57.01 10.20 0.00 -2.2901 -3.5792 -3.5792
20300 56.98 9.81 0.00 -0.2952 -0.7208 -0.7208
20325 56.98 9.81 0.00 -0.2952 -0.7208 -0.7208
20350 56.96 9.49 0.00 -1.2248 -0.3227 -0.3227
20375 56.92 9.30 0.00 0.3474 2.7403 2.7403
20400 56.94 9.14 0.00 -0.3878 1.9159 1.9159
20425 56.94 9.14 0.00 -0.3878 1.9159 1.9159
20450 56.87 9.14 0.00 -2.0953 -1.0160 -1.0160
20475 56.80 9.25 0.00 -1.1955 -0.9830 -0.9830
20500 56.80 9.25 0.00 -1.1955 -0.9830 -0.9830
20525 56.75 9.20 0.00 -1.6037 -1.2378 -1.2378
20550 56.68 9.37 0.00 -2.2606 -0.9275 -0.9275
20575 56.68 9.37 0.00 -2.2606 -0.9275 -0.9275
20600 56.54 9.80 0.00 -4.0453 -3.7458 -3.7458
20625 56.54 9.80 0.00 -4.0453 -3.7458 -3.7458
20650 56.34 10.29 0.00 -5.3606 -4.0557 -4.0557
20675 56.10 11.07 0.00 -6.1335 -4.1113 -4.1113
20700 55.94 11.81 0.00 -4.9101 -2.6072 -2.6072
20725 55.94 11.81 0.00 -4.9101 -2.6072 -2.6072
20750 55.75 12.58 0.00 -4.5973 -5.3380 -5.3380
20775 55.57 13.21 0.00 -4.3032 -6.4416 -6.4416
20800 55.43 13.60 0.00 -3.3088 -6.5107 -6.5107
20825 55.43 13.60 0.00 -3.3088 -6.5107 -6.5107
20850 55.28 13.78 0.00 -4.7740 -6.5689 -6.5689
20875 55.12 14.10 0.00 -2.8999 -2.2221 -2.2221
20900 54.96 14.56 0.00 -4.9136 -3.7534 -3.7534
20925 54.96 14.56 0.00 -4.9136 -3.7534 -3.7534
20950 54.73 15.03 0.00 -6.1250 -2.9345 -2.9345
20975 54.51 15.42 0.00 -5.4472 -4.1592 -4.1592
21000 54.51 15.42 0.00 -5.4472 -4.1592 -4.1592
21025 54.31 15.73 0.00 -4.3721 -4.0569 -4.0569
21050 54.17 15.81 0.00 -2.9254 -1.9733 -1.9733
21075 54.02 15.79 0.00 -4.7424 -0.6526 -0.6526
21100 54.02 15.79 0.00 -4.7424 -0.6526 -0.6526
21125 53.84 15.69 0.00 -4.1293 2.7234 2.7234
21150 53.67 15.59 0.00 -5.0139 0.4788 0.4788
21175 53.67 15.59 0.00 -5.0139 0.4788 0.4788
21200 53.39 15.67 0.00 -8.8024 -1.3751 -1.3751
21225 52.86 15.91 0.00 -14.9116 -3.2868 -3.2868
21250 52.86 15.91 0.00 -14.9116 -3.2868 -3.2868
21275 52.22 16.10 0.00 -16.1751 -3.8566 -3.8566
21300 51.61 16.31 0.00 -14.9362 -3.8453 -3.8453
21325 51.61 16.31 0.00 -14.9362 -3.8453 -3.8453
21350 51.01 16.61 0.00 -14.4505 -2.2904 -2.2904
21375 50.56 16.92 0.00 -9.0922 0.5659 0.5659
21400 50.35 17.12 0.00 -6.3752 0.2072 0.2072
21425 50.35 17.12 0.00 -6.3752 0.2072 0.2072
21450 50.09 17.44 0.00 -7.0469 -1.6916 -1.6916
21475 49.86 17.74 0.00 -4.5380 -0.4900 -0.4900
21500 49.86 17.74 0.00 -4.5380 -0.4900 -0.4900
21525 49.69 18.08 0.00 -3.9677 -3.4310 -3.4310
21550 49.55 18.40 0.00 -3.5475 -2.8096 -2.8096
21575 49.42 18.77 0.00 -3.4396 -0.9980 -0.9980
21600 49.42 18.77 0.00 -3.4396 -0.9980 -0.9980
21625 49.25 19.16 0.00 -3.9070 -0.7637 -0.7637
21650 49.13 19.46 0.00 -2.9736 -1.9337 -1.9337
21675 49.13 19.46 0.00 -2.9736 -1.9337 -1.9337
21700 48.99 19.72 0.00 -3.2962 -2.0751 -2.0751
21725 48.88 19.94 0.00 -2.1399 -2.4999 -2.4999
21750 48.88 19.94 0.00 -2.1399 -2.4999 -2.4999
21775 48.80 20.09 0.00 -2.9865 -3.0214 -3.0214
21800 48.80 20.09 0.00 -2.9865 -3.0214 -3.0214
21825 48.71 20.11 0.00 -0.7950 0.8893 0.8893
21850 48.69 20.11 0.00 -0.3359 -0.5776 -0.5776
21875 48.67 20.16 0.00 -0.5301 0.5067 0.5067
21900 48.67 20.16 0.00 -0.5301 0.5067 0.5067
21925 48.62 20.18 0.00 -2.0925 -1.1553 -1.1553
21950 48.52 20.35 0.00 -2.6482 -0.8957 -0.8957
21975 48.38 20.57 0.00 -4.7794 -2.9194 -2.9194
22000 48.38 20.57 0.00 -4.7794 -2.9194 -2.9194
22025 48.15 20.73 0.00 -6.0968 -4.4697 -4.4697
22050 47.89 20.90 0.00 -6.7150 -4.8266 -4.8266
22075 47.89 20.90 0.00 -6.7150 -4.8266 -4.8266
22100 47.56 21.09 0.00 -9.7423 -4.5405 -4.5405
22125 47.14 21.25 0.00 -10.4666 -4.2211 -4.2211
22150 46.75 21.51 0.00 -9.4758 -4.9441 -4.9441
22175 46.75 21.51 0.00 -9.4758 -4.9441 -4.9441
22200 46.35 21.81 0.00 -10.3828 -5.6690 -5.6690
22225 45.95 22.16 0.00 -9.3654 -4.9654 -4.9654
22250 45.70 22.44 0.00 -7.5849 -4.1778 -4.1778
22275 45.70 22.44 0.00 -7.5849 -4.1778 -4.1778
22300 45.42 23.07 0.00 -6.9910 -3.3299 -3.3299
22325 45.42 23.07 0.00 -6.9910 -3.3299 -3.3299
22350 45.16 23.63 0.00 -6.2339 -2.7800 -2.7800
22375 44.90 24.28 0.00 -6.9918 -4.8080 -4.8080
22400 44.65 25.04 0.00 -5.8529 -2.6501 -2.6501
22425 44.65 25.04 0.00 -5.8529 -2.6501 -2.6501
22450 44.39 25.66 0.00 -7.0103 -4.3392 -4.3392
22475 44.09 26.29 0.00 -7.3584 -3.7474 -3.7474
22500 44.09 26.29 0.00 -7.3584 -3.7474 -3.7474
22525 43.85 26.95 0.00 -5.6058 -1.3627 -1.3627
22550 43.64 27.60 0.00 -5.0986 -1.5393 -1.5393
22575 43.64 27.60 0.00 -5.0986 -1.5393 -1.5393
22600 43.41 28.30 0.00 -6.0528 -3.0323 -3.0323
22625 43.17 29.10 0.00 -6.2633 -2.7035 -2.7035
22650 42.87 29.81 0.00 -7.3358 -3.7839 -3.7839
22675 42.87 29.81 0.00 -7.3358 -3.7839 -3.7839
22700 42.55 30.46 0.00 -8.6071 -2.7520 -2.7520
22725 42.18 30.96 0.00 -9.7184 -2.8727 -2.8727
22750 42.18 30.96 0.00 -9.7184 -2.8727 -2.8727
22775 41.76 31.43 0.00 -11.6202 -3.4804 -3.4804
22800 41.20 31.80 0.00 -15.1778 -4.5413 -4.5413
22825 40.55 32.12 0.00 -17.3485 -4.7838 -4.7838
22850 40.55 32.12 0.00 -17.3485 -4.7838 -4.7838
22875 39.86 32.57 0.00 -17.1997 -3.7876 -3.7876
22900 39.86 32.57 0.00 -17.1997 -3.7876 -3.7876
22925 39.12 32.90 0.00 -19.1656 -5.8507 -5.8507
22950 38.36 33.25 0.00 -18.5766 -4.8654 -4.8654
22975 37.62 33.47 0.00 -18.5580 -3.7059 -3.7059
23000 37.62 33.47 0.00 -18.5580 -3.7059 -3.7059
23025 36.87 33.84 0.00 -18.8556 -1.2465 -1.2465
23050 36.28 34.15 0.00 -19.7250 -2.3143 -2.3143
23075 36.28 34.15 0.00 -19.7250 -2.3143 -2.3143
23100 35.57 34.62 0.00 -15.9368 0.1485 0.1485
23125 35.05 35.12 0.00 -11.5666 0.4538 0.4538
23150 34.64 35.57 0.00 -9.8176 -0.6526 -0.6526
23175 34.64 35.57 0.00 -9.8176 -0.6526 -0.6526
23200 34.27 35.88 0.00 -9.2463 -2.2000 -2.2000
23225 33.80 36.15 0.00 -14.0115 -4.3842 -4.3842
23250 33.80 36.15 0.00 -14.0115 -4.3842 -4.3842
23275 33.09 36.23 0.00 -20.1886 -5.0413 -5.0413
23300 32.28 36.40 0.00 -19.7037 -3.8082 -3.8082
23325 32.28 36.40 0.00 -19.7037 -3.8082 -3.8082
23350 31.52 36.72 0.00 -18.9720 -1.4495 -1.4495
23375 30.74 37.04 0.00 -19.1610 0.0675 0.0675
23400 30.02 37.53 0.00 -17.0027 2.9572 2.9572
23425 30.02 37.53 0.00 -17.0027 2.9572 2.9572
23450 29.36 37.98 0.00 -16.6564 4.0334 4.0334
23475 28.67 38.35 0.00 -18.1077 0.3721 0.3721
23500 27.96 38.66 0.00 -16.2700 1.6457 1.6457
23525 27.96 38.66 0.00 -16.2700 1.6457 1.6457
23550 27.45 38.72 0.00 -12.1125 -3.0545 -3.0545
23575 27.04 38.75 0.00 -8.4991 -5.3465 -5.3465
23600 27.04 38.75 0.00 -8.4991 -5.3465 -5.3465
23625 26.84 39.07 0.00 -3.3487 -0.3413 -0.3413
23650 26.75 39.50 0.00 -1.7615 0.9165 0.9165
23675 26.75 39.50 0.00 -1.7615 0.9165 0.9165
23700 26.75 39.98 0.00 1.2228 4.4262 4.4262
23725 26.80 40.39 0.00 2.0292 4.6758 4.6758
23750 26.80 40.39 0.00 2.0292 4.6758 4.6758
23775 26.91 40.96 0.00 3.3100 3.5024 3.5024
23800 27.12 41.54 0.00 6.0574 4.0466 4.0466
23825 27.12 41.54 0.00 6.0574 4.0466 4.0466
23850 27.37 42.12 0.00 6.2688 0.7692 0.7692
23875 27.67 42.81 0.00 8.4440 0.7917 0.7917
23900 27.98 43.29 0.00 6.5341 0.4228 0.4228
23925 27.98 43.29 0.00 6.5341 0.4228 0.4228
23950 28.18 43.65 0.00 4.1272 -0.7320 -0.7320
23975 28.34 44.36 0.00 4.0355 0.5736 0.5736
24000 28.34 44.36 0.00 4.0355 0.5736 0.5736
24025 28.45 44.89 0.00 1.6868 0.1810 0.1810
24050 28.43 45.54 0.00 -2.3573 -1.1449 -1.1449
24075 28.32 46.40 0.00 -1.9730 0.8119 0.8119
24100 28.32 46.40 0.00 -1.9730 0.8119 0.8119
24125 28.23 47.09 0.00 -2.9667 -0.0757 -0.0757
24150 28.11 47.86 0.00 -3.2715 -1.1459 -1.1459
24175 28.11 47.86 0.00 -3.2715 -1.1459 -1.1459
24200 27.96 48.47 0.00 -3.9373 -2.3205 -2.3205
24225 27.78 48.99 0.00 -5.3629 -2.4680 -2.4680
24250 27.78 48.99 0.00 -5.3629 -2.4680 -2.4680
24275 27.54 49.80 0.00 -5.2767 -2.0571 -2.0571
24300 27.37 50.87 0.00 -4.7491 -1.6683 -1.6683
24325 27.06 52.10 0.00 -8.9162 -1.4514 -1.4514
24350 27.06 52.10 0.00 -8.9162 -1.4514 -1.4514
24375 26.71 53.13 0.00 -7.8531 -1.0076 -1.0076
24400 26.38 54.07 0.00 -8.9978 -0.7375 -0.7375
24425 26.38 54.07 0.00 -8.9978 -0.7375 -0.7375
24450 25.99 54.97 0.00 -9.0316 0.4147 0.4147
24475 25.55 55.64 0.00 -13.9538 -3.0736 -3.0736
24500 25.55 55.64 0.00 -13.9538 -3.0736 -3.0736
24525 24.79 56.36 0.00 -21.2540 -2.3309 -2.3309
24550 23.91 57.01 0.00 -21.2562 -1.6067 -1.6067
24575 23.91 57.01 0.00 -21.2562 -1.6067 -1.6067
24600 23.34 57.55 0.00 -18.6252 -2.4432 -2.4432
24625 22.57 58.17 0.00 -20.7103 -0.1380 -0.1380
24650 21.65 58.61 0.00 -23.0761 2.5492 2.5492
24675 21.65 58.61 0.00 -23.0761 2.5492 2.5492
24700 20.80 59.19 0.00 -19.7942 2.2827 2.2827
24725 20.09 59.77 0.00 -15.4006 2.6654 2.6654
24750 20.09 59.77 0.00 -15.4006 2.6654 2.6654
24775 19.66 60.20 0.00 -8.7413 2.5401 2.5401
24800 19.37 60.78 0.00 -6.1700 3.0620 3.0620
24825 19.37 60.78 0.00 -6.1700 3.0620 3.0620
24850 19.16 61.37 0.00 -5.2099 2.3882 2.3882
24875 18.93 62.06 0.00 -6.6205 3.4886 3.4886
24900 18.72 62.71 0.00 -3.2384 4.3095 4.3095
24925 18.72 62.71 0.00 -3.2384 4.3095 4.3095
24950 18.70 63.49 0.00 0.4275 3.8117 3.8117
24975 18.74 64.53 0.00 0.8212 6.0998 6.0998
25000 18.74 64.53 0.00 0.8212 6.0998 6.0998
25025 18.78 65.84 0.00 0.5225 5.7975 5.7975
25050 18.76 67.12 0.00 -0.3621 1.3809 1.3809
25075 18.80 68.55 0.00 1.0074 4.3703 4.3703
25100 18.80 68.55 0.00 1.0074 4.3703 4.3703
25125 18.80 69.87 0.00 -0.2042 3.4426 3.4426
25150 18.80 71.11 0.00 0.7887 0.5510 0.5510
25175 18.80 71.11 0.00 0.7887 0.5510 0.5510
25200 18.85 72.32 0.00 1.0753 0.3872 0.3872
25225 18.83 73.16 0.00 -2.1737 -1.8129 -1.8129
25250 18.70 73.95 0.00 -3.6920 -0.8335 -0.8335
25275 18.70 73.95 0.00 -3.6920 -0.8335 -0.8335
25300 18.53 74.39 0.00 -3.9365 -2.3728 -2.3728
25325 18.53 74.39 0.00 -3.9365 -2.3728 -2.3728
25350 18.43 74.74 0.00 -1.3740 -0.4711 -0.4711
25375 18.41 75.05 0.00 0.2349 0.4977 0.4977
25400 18.49 75.46 0.00 2.2943 1.4662 1.4662
25425 18.49 75.46 0.00 2.2943 1.4662 1.4662
25450 18.59 75.70 0.00 2.4219 0.5360 0.5360
25475 18.70 75.81 0.00 3.6648 0.2215 0.2215
25500 18.89 75.87 0.00 4.9758 0.3482 0.3482
25525 18.89 75.87 0.00 4.9758 0.3482 0.3482
25550 19.08 75.80 0.00 5.0206 -0.3207 -0.3207
25575 19.31 75.73 0.00 6.1393 -0.6846 -0.6846
25600 19.31 75.73 0.00 6.1393 -0.6846 -0.6846
25625 19.56 75.59 0.00 5.7236 0.5923 0.5923
25650 19.69 75.46 0.00 1.1666 0.1363 0.1363
25675 19.69 75.35 0.00 0.2435 -1.6900 -1.6900
25700 19.69 75.35 0.00 0.2435 -1.6900 -1.6900
25725 19.69 75.21 0.00 -0.6300 -2.0196 -2.0196
25750 19.58 75.07 0.00 -4.3110 -2.1521 -2.1521
25775 19.58 75.07 0.00 -4.3110 -2.1521 -2.1521
25800 19.45 75.00 0.00 -2.5178 0.8296 0.8296
25825 19.33 74.96 0.00 -3.2018 0.5391 0.5391
25850 19.33 74.96 0.00 -3.2018 0.5391 0.5391
25875 19.20 74.98 0.00 -2.9084 0.0072 0.0072
25900 19.08 75.01 0.00 -3.7748 -0.6742 -0.6742
25925 19.08 75.01 0.00 -3.7748 -0.6742 -0.6742
25950 18.89 74.97 0.00 -4.8233 -1.5965 -1.5965
25975 18.72 74.91 0.00 -4.3641 -0.8446 -0.8446
26000 18.72 74.91 0.00 -4.3641 -0.8446 -0.8446
26025 18.53 74.81 0.00 -4.8667 -0.8925 -0.8925
26050 18.30 74.73 0.00 -5.7715 -0.2060 -0.2060
26075 18.14 74.66 0.00 -3.1492 -0.4270 -0.4270
26100 18.14 74.66 0.00 -3.1492 -0.4270 -0.4270
26125 18.01 74.62 0.00 -3.3306 0.2943 0.2943
26150 17.93 74.62 0.00 -2.2534 0.2075 0.2075
26175 17.93 74.62 0.00 -2.2534 0.2075 0.2075
26200 17.91 74.65 0.00 0.3827 0.0934 0.0934
26225 17.95 74.65 0.00 1.7985 -0.2699 -0.2699
26250 18.07 74.64 0.00 3.2110 -0.4644 -0.4644
26275 18.07 74.64 0.00 3.2110 -0.4644 -0.4644
26300 18.18 74.71 0.00 1.7748 -0.3043 -0.3043
26325 18.20 74.71 0.00 0.4618 0.5885 0.5885
26350 18.20 74.71 0.00 0.4618 0.5885 0.5885
26375 18.24 74.79 0.00 1.5310 0.7072 0.7072
26400 18.32 74.86 0.00 1.4790 0.6489 0.6489
26425 18.34 74.92 0.00 0.0234 -0.6593 -0.6593
26450 18.34 74.92 0.00 0.0234 -0.6593 -0.6593
26475 18.35 74.96 0.00 1.5203 -0.3791 -0.3791
26500 18.35 74.96 0.00 1.5203 -0.3791 -0.3791
26525 18.47 75.07 0.00 3.4959 3.3338 3.3338
26550 18.59 75.13 0.00 2.5937 1.6824 1.6824
26575 18.70 75.18 0.00 2.8754 1.5544 1.5544
26600 18.70 75.18 0.00 2.8754 1.5544 1.5544
26625 18.80 75.26 0.00 1.8117 0.9097 0.9097
26650 18.83 75.30 0.00 1.1047 -0.7530 -0.7530
26675 18.83 75.30 0.00 1.1047 -0.7530 -0.7530
26700 18.93 75.34 0.00 3.0902 -0.4433 -0.4433
26725 19.06 75.28 0.00 3.7081 0.1965 0.1965
26750 19.22 75.18 0.00 3.2828 0.1338 0.1338
26775 19.22 75.18 0.00 3.2828 0.1338 0.1338
26800 19.35 75.14 0.00 3.8140 0.8689 0.8689
26825 19.52 75.18 0.00 4.4058 0.7773 0.7773
26850 19.52 75.18 0.00 4.4058 0.7773 0.7773
26875 19.73 75.19 0.00 5.1916 0.5472 0.5472
26900 19.88 75.17 0.00 4.9262 0.8753 0.8753
26925 20.04 75.14 0.00 3.0604 -0.6263 -0.6263
26950 20.04 75.14 0.00 3.0604 -0.6263 -0.6263
26975 20.13 75.09 0.00 2.2841 -1.0143 -1.0143
27000 20.23 75.05 0.00 2.9549 -1.0691 -1.0691
27025 20.23 75.05 0.00 2.9549 -1.0691 -1.0691
27050 20.40 75.02 0.00 5.0663 0.9264 0.9264
27075 20.63 75.08 0.00 5.8393 -0.7757 -0.7757
27100 20.63 75.08 0.00 5.8393 -0.7757 -0.7757
27125 20.87 75.16 0.00 6.4973 -0.4461 -0.4461
27150 21.14 75.14 0.00 6.0670 -0.7933 -0.7933
27175 21.14 75.14 0.00 6.0670 -0.7933 -0.7933
27200 21.38 75.04 0.00 6.9230 -3.9080 -3.9080
27225 21.70 74.83 0.00 8.1441 -0.8502 -0.8502
27250 21.70 74.83 0.00 8.1441 -0.8502 -0.8502
27275 21.99 74.49 0.00 6.9877 -1.2177 -1.2177
27300 22.32 74.20 0.00 8.6677 0.9526 0.9526
27325 22.62 73.97 0.00 6.6479 -2.0222 -2.0222
27350 22.62 73.97 0.00 6.6479 -2.0222 -2.0222
27375 22.89 73.76 0.00 7.0542 -4.6161 -4.6161
27400 22.89 73.76 0.00 7.0542 -4.6161 -4.6161
27425 23.19 73.76 0.00 6.8837 -6.1227 -6.1227
27450 23.50 73.64 0.00 9.0161 -1.7362 -1.7362
27475 23.86 73.63 0.00 8.0223 -0.3598 -0.3598
27500 23.86 73.63 0.00 8.0223 -0.3598 -0.3598
27525 24.10 73.82 0.00 5.2170 -1.9028 -1.9028
27550 24.32 73.95 0.00 6.0989 -3.0259 -3.0259
27575 24.32 73.95 0.00 6.0989 -3.0259 -3.0259
27600 24.58 74.08 0.00 6.7515 -1.4768 -1.4768
27625 24.88 74.14 0.00 7.8022 1.6942 1.6942
27650 24.88 74.14 0.00 7.8022 1.6942 1.6942
27675 25.20 74.17 0.00 7.7013 3.6187 3.6187
27700 25.49 74.25 0.00 6.8291 0.2630 0.2630
27725 25.70 74.25 0.00 6.8312 -0.4724 -0.4724
27750 25.70 74.25 0.00 6.8312 -0.4724 -0.4724
27775 25.96 74.24 0.00 6.7450 -1.1013 -1.1013
27800 26.23 74.35 0.00 6.7202 -1.5441 -1.5441
27825 26.53 74.54 0.00 8.3245 0.0519 0.0519
27850 26.53 74.54 0.00 8.3245 0.0519 0.0519
27875 26.82 74.74 0.00 5.4915 -0.1837 -0.1837
27900 26.93 74.90 0.00 2.3808 -1.4611 -1.4611
27925 26.93 74.90 0.00 2.3808 -1.4611 -1.4611
27950 27.02 75.05 0.00 2.7022 1.4757 1.4757
27975 27.12 75.23 0.00 2.0085 1.2028 1.2028
28000 27.12 75.23 0.00 2.0085 1.2028 1.2028
28025 27.17 75.27 0.00 0.1616 0.6834 0.6834
28050 27.12 75.39 0.00 -1.7409 -1.6405 -1.6405
28075 27.12 75.39 0.00 -1.7409 -1.6405 -1.6405
28100 27.08 75.48 0.00 -0.1584 -0.3038 -0.3038
28125 27.12 75.72 0.00 1.4878 -0.0605 -0.0605
28150 27.23 75.92 0.00 4.5072 0.7431 0.7431
28175 27.23 75.92 0.00 4.5072 0.7431 0.7431
28200 27.45 75.97 0.00 5.2265 -1.8983 -1.8983
28225 27.61 76.05 0.00 3.8412 -3.1632 -3.1632
28250 27.61 76.05 0.00 3.8412 -3.1632 -3.1632
28275 27.74 76.05 0.00 2.3330 -0.6444 -0.6444
28300 27.81 76.12 0.00 1.8875 -0.3908 -0.3908
28325 27.81 76.12 0.00 1.8875 -0.3908 -0.3908
28350 27.89 76.25 0.00 1.7672 -0.8168 -0.8168
28375 28.00 76.27 0.00 3.7096 -2.0663 -2.0663
28400 28.21 76.29 0.00 6.2267 -1.2015 -1.2015
28425 28.21 76.29 0.00 6.2267 -1.2015 -1.2015
28450 28.53 76.24 0.00 9.0714 -0.9246 -0.9246
28475 28.85 76.12 0.00 12.0401 -1.3137 -1.3137
28500 28.85 76.12 0.00 12.0401 -1.3137 -1.3137
28525 29.42 76.04 0.00 15.5414 -0.4691 -0.4691
28550 30.09 75.85 0.00 17.2921 1.1260 1.1260
28575 30.09 75.85 0.00 17.2921 1.1260 1.1260
28600 30.78 75.50 0.00 17.0739 0.9888 0.9888
28625 31.43 75.28 0.00 15.7585 0.4679 0.4679
28650 31.43 75.28 0.00 15.7585 0.4679 0.4679
28675 32.04 75.11 0.00 14.8634 1.1326 1.1326
28700 32.62 75.11 0.00 14.4139 -1.2935 -1.2935
28725 33.28 75.12 0.00 18.7801 -0.6801 -0.6801
28750 33.28 75.12 0.00 18.7801 -0.6801 -0.6801
28775 34.13 75.10 0.00 20.9968 1.8825 1.8825
28800 34.86 74.98 0.00 17.1289 0.0051 0.0051
28825 34.86 74.98 0.00 17.1289 0.0051 0.0051
28850 35.48 74.77 0.00 14.4189 -0.5398 -0.5398
28875 36.02 74.50 0.00 12.4323 -1.5730 -1.5730
28900 36.46 74.18 0.00 10.3971 -0.7792 -0.7792
28925 36.46 74.18 0.00 10.3971 -0.7792 -0.7792
28950 36.82 73.90 0.00 7.6385 0.1425 0.1425
28975 37.05 73.69 0.00 5.1780 1.1479 1.1479
29000 37.05 73.69 0.00 5.1780 1.1479 1.1479
29025 37.23 73.55 0.00 3.7720 1.8354 1.8354
29050 37.38 73.43 0.00 3.9273 1.7461 1.7461
29075 37.38 73.43 0.00 3.9273 1.7461 1.7461
29100 37.51 73.22 0.00 2.6473 0.5432 0.5432
29125 37.60 73.02 0.00 2.1769 -0.2251 -0.2251
29150 37.60 73.02 0.00 2.1769 -0.2251 -0.2251
29175 37.70 72.81 0.00 3.2594 0.6131 0.6131
29200 37.86 72.58 0.00 3.5506 0.1289 0.1289
29225 37.86 72.58 0.00 3.5506 0.1289 0.1289
29250 37.99 72.37 0.00 3.2896 -1.3343 -1.3343
29275 38.09 72.28 0.00 3.1405 -1.8343 -1.8343
29300 38.24 72.14 0.00 4.3575 -0.4000 -0.4000
29325 38.24 72.14 0.00 4.3575 -0.4000 -0.4000
29350 38.46 72.06 0.00 6.2490 0.1464 0.1464
29375 38.73 72.04 0.00 6.9109 -0.2299 -0.2299
29400 38.73 72.04 0.00 6.9109 -0.2299 -0.2299
29425 39.03 71.97 0.00 8.2811 1.1323 1.1323
29450 39.38 71.91 0.00 8.6194 0.6369 0.6369
29475 39.72 71.82 0.00 8.4615 0.2717 0.2717
29500 39.72 71.82 0.00 8.4615 0.2717 0.2717
29525 40.02 71.70 0.00 6.9067 -1.1319 -1.1319
29550 40.28 71.54 0.00 6.3282 -0.1306 -0.1306
29575 40.28 71.54 0.00 6.3282 -0.1306 -0.1306
29600 40.51 71.26 0.00 5.4365 0.7320 0.7320
29625 40.72 70.96 0.00 5.4539 0.5038 0.5038
29650 40.72 70.96 0.00 5.4539 0.5038 0.5038
29675 40.99 70.65 0.00 7.5200 0.8458 0.8458
29700 41.32 70.40 0.00 8.1778 0.5348 0.5348
29725 41.32 70.40 0.00 8.1778 0.5348 0.5348
29750 41.62 70.21 0.00 7.1124 0.8609 0.8609
29775 41.88 69.93 0.00 6.1150 -0.4325 -0.4325
29800 42.13 69.68 0.00 6.5894 0.1506 0.1506
29825 42.13 69.68 0.00 6.5894 0.1506 0.1506
29850 42.32 69.52 0.00 6.4742 0.4247 0.4247
29875 42.60 69.22 0.00 7.0102 0.1199 0.1199
29900 42.60 69.22 0.00 7.0102 0.1199 0.1199
29925 42.90 68.92 0.00 7.7166 -0.1192 -0.1192
29950 43.20 68.59 0.00 7.2713 -1.1557 -1.1557
29975 43.20 68.59 0.00 7.2713 -1.1557 -1.1557
30000 43.50 68.21 0.00 7.4942 -2.7316 -2.7316
30025 43.81 67.84 0.00 8.6008 -1.7020 -1.7020
30050 43.81 67.84 0.00 8.6008 -1.7020 -1.7020
30075 44.15 67.60 0.00 7.6418 -0.5412 -0.5412
30100 44.43 67.33 0.00 6.8664 -0.9687 -0.9687
30125 44.71 67.14 0.00 7.2636 0.0733 0.0733
30150 44.71 67.14 0.00 7.2636 0.0733 0.0733
30175 45.00 66.96 0.00 6.8509 -0.3626 -0.3626
30200 45.25 66.75 0.00 5.6459 0.1558 0.1558
30225 45.25 66.75 0.00 5.6459 0.1558 0.1558
30250 45.48 66.55 0.00 5.9576 -0.3218 -0.3218
30275 45.77 66.39 0.00 9.2248 1.0486 1.0486
30300 46.23 66.23 0.00 12.3432 1.7385 1.7385
30325 46.23 66.23 0.00 12.3432 1.7385 1.7385
30350 46.80 66.09 0.00 16.1171 1.8329 1.8329
30375 47.57 65.99 0.00 22.0245 2.0617 2.0617
30400 47.57 65.99 0.00 22.0245 2.0617 2.0617
30425 48.62 65.87 0.00 29.1489 0.5192 0.5192
30450 49.81 65.76 0.00 28.9272 1.6611 1.6611
30475 49.81 65.76 0.00 28.9272 1.6611 1.6611
30500 50.86 65.65 0.00 23.3245 2.3389 2.3389
30525 51.57 65.63 0.00 15.6998 1.5900 1.5900
30550 51.57 65.63 0.00 15.6998 1.5900 1.5900
30575 52.16 65.56 0.00 15.0106 1.9011 1.9011
30600 52.78 65.43 0.00 14.4324 1.7018 1.7018
30625 53.25 65.34 0.00 10.0391 1.0308 1.0308
30650 53.25 65.34 0.00 10.0391 1.0308 1.0308
30675 53.51 65.23 0.00 4.5602 0.9830 0.9830
30700 53.58 65.14 0.00 0.9087 2.0125 2.0125
30725 53.58 65.14 0.00 0.9087 2.0125 2.0125
30750 53.63 64.98 0.00 1.7651 0.7834 0.7834
30775 53.75 64.83 0.00 3.0766 1.3191 1.3191
30800 53.75 64.83 0.00 3.0766 1.3191 1.3191
30825 53.82 64.78 0.00 1.7689 0.5705 0.5705
30850 53.82 64.72 0.00 -0.8409 0.8249 0.8249
30875 53.82 64.72 0.00 -0.8409 0.8249 0.8249
30900 53.74 64.62 0.00 -2.4275 0.5399 0.5399
30925 53.68 64.38 0.00 -0.7980 0.2232 0.2232
30950 53.68 64.07 0.00 0.1164 -0.3611 -0.3611
30975 53.68 64.07 0.00 0.1164 -0.3611 -0.3611
31000 53.68 63.64 0.00 0.2344 1.0520 1.0520
31025 53.70 63.21 0.00 0.6094 0.8812 0.8812
31050 53.70 63.21 0.00 0.6094 0.8812 0.8812
31075 53.75 62.73 0.00 2.0771 1.4977 1.4977
31100 53.86 62.35 0.00 2.9143 1.7770 1.7770
31125 53.86 62.35 0.00 2.9143 1.7770 1.7770
31150 53.98 62.06 0.00 2.6214 0.3463 0.3463
31175 54.09 61.80 0.00 2.5143 0.4400 0.4400
31200 54.17 61.58 0.00 2.0587 0.3361 0.3361
31225 54.17 61.58 0.00 2.0587 0.3361 0.3361
31250 54.26 61.40 0.00 2.2554 -0.4246 -0.4246
31275 54.38 61.27 0.00 3.3379 0.6901 0.6901
31300 54.38 61.27 0.00 3.3379 0.6901 0.6901
31325 54.52 61.18 0.00 3.5212 -0.0118 -0.0118
31350 54.66 61.09 0.00 3.9277 -0.5319 -0.5319
31375 54.82 60.99 0.00 4.1126 -1.0521 -1.0521
31400 54.82 60.99 0.00 4.1126 -1.0521 -1.0521
31425 54.98 60.94 0.00 2.9760 -1.9775 -1.9775
31450 55.07 60.92 0.00 2.2889 -0.2245 -0.2245
31475 55.07 60.92 0.00 2.2889 -0.2245 -0.2245
31500 55.19 60.92 0.00 3.7130 1.4453 1.4453
31525 55.36 60.86 0.00 4.5444 0.2756 0.2756
31550 55.36 60.86 0.00 4.5444 0.2756 0.2756
31575 55.56 60.78 0.00 5.1939 -0.1107 -0.1107
31600 55.75 60.64 0.00 7.1772 0.9271 0.9271
31625 55.75 60.64 0.00 7.1772 0.9271 0.9271
31650 56.10 60.39 0.00 9.6877 0.8529 0.8529
31675 56.52 60.13 0.00 10.4385 0.9387 0.9387
31700 56.94 59.76 0.00 10.8723 1.9851 1.9851
31725 56.94 59.76 0.00 10.8723 1.9851 1.9851
31750 57.38 59.31 0.00 10.7504 1.3190 1.3190
31775 57.76 58.82 0.00 8.7707 1.0979 1.0979
31800 57.76 58.82 0.00 8.7707 1.0979 1.0979
31825 58.05 58.41 0.00 5.7561 0.9566 0.9566
31850 58.24 58.05 0.00 5.3160 1.8054 1.8054
31875 58.24 58.05 0.00 5.3160 1.8054 1.8054
31900 58.47 57.60 0.00 5.2690 2.0598 2.0598
31925 58.59 57.28 0.00 1.9138 1.3788 1.3788
31950 58.63 56.96 0.00 0.1881 1.4082 1.4082
31975 58.63 56.96 0.00 0.1881 1.4082 1.4082
32000 58.64 56.63 0.00 0.8825 1.4739 1.4739
32025 58.66 56.39 0.00 -0.2351 1.2095 1.2095
32050 58.66 56.39 0.00 -0.2351 1.2095 1.2095
32075 58.61 56.20 0.00 -2.0345 -0.0424 -0.0424
32100 58.54 55.94 0.00 -0.8692 0.6435 0.6435
32125 58.54 55.94 0.00 -0.8692 0.6435 0.6435
32150 58.52 55.62 0.00 -0.2677 -1.1404 -1.1404
32175 58.52 55.24 0.00 0.1621 0.6550 0.6550
32200 58.52 55.24 0.00 0.1621 0.6550 0.6550
32225 58.56 54.94 0.00 0.7182 2.1851 2.1851
32250 58.59 54.62 0.00 0.9294 1.0806 1.0806
32275 58.59 54.32 0.00 0.0207 0.3341 0.3341
32300 58.59 54.32 0.00 0.0207 0.3341 0.3341
32325 58.59 53.96 0.00 -0.3038 0.0919 0.0919
32350 58.59 53.48 0.00 0.2013 1.0020 1.0020
32375 58.59 53.48 0.00 0.2013 1.0020 1.0020
32400 58.59 53.18 0.00 0.3274 0.8526 0.8526
32425 58.61 52.76 0.00 0.9124 1.1095 1.1095
32450 58.61 52.76 0.00 0.9124 1.1095 1.1095
32475 58.66 52.32 0.00 0.7943 2.1803 2.1803
32500 58.66 52.00 0.00 -0.1929 1.3873 1.3873
32525 58.63 51.81 0.00 -1.4133 0.0372 0.0372
32550 58.63 51.81 0.00 -1.4133 0.0372 0.0372
32575 58.56 51.65 0.00 -1.5303 0.9490 0.9490
32600 58.47 51.66 0.00 -2.6812 0.1513 0.1513
32625 58.47 51.66 0.00 -2.6812 0.1513 0.1513
32650 58.31 51.74 0.00 -4.8667 -0.8092 -0.8092
32675 58.12 51.84 0.00 -5.0605 -0.9672 -0.9672
32700 57.87 52.00 0.00 -6.9905 -1.8212 -1.8212
32725 57.87 52.00 0.00 -6.9905 -1.8212 -1.8212
32750 57.57 52.18 0.00 -8.2476 -0.5662 -0.5662
32775 57.19 52.38 0.00 -10.2834 -1.3222 -1.3222
32800 57.19 52.38 0.00 -10.2834 -1.3222 -1.3222
32825 56.76 52.71 0.00 -10.7208 -0.3649 -0.3649
32850 56.36 53.00 0.00 -9.3623 -0.7923 -0.7923
32875 56.36 53.00 0.00 -9.3623 -0.7923 -0.7923
32900 56.01 53.24 0.00 -8.0066 -1.7287 -1.7287
32925 55.73 53.37 0.00 -6.5810 0.0099 0.0099
32950 55.49 53.53 0.00 -5.6952 0.6538 0.6538
32975 55.49 53.53 0.00 -5.6952 0.6538 0.6538
33000 55.31 53.70 0.00 -3.7231 0.1602 0.1602
33025 55.21 53.84 0.00 -2.4140 -0.1072 -0.1072
33050 55.21 53.84 0.00 -2.4140 -0.1072 -0.1072
33075 55.10 53.86 0.00 -2.5021 -0.4538 -0.4538
33100 55.01 53.80 0.00 -1.6589 0.3011 0.3011
33125 55.01 53.80 0.00 -1.6589 0.3011 0.3011
33150 54.98 53.76 0.00 -1.5553 -0.3315 -0.3315
33175 54.93 53.59 0.00 -0.4012 1.7683 1.7683
33200 54.93 53.59 0.00 -0.4012 1.7683 1.7683
33225 54.94 53.42 0.00 0.6699 1.6375 1.6375
33250 55.00 53.25 0.00 1.3887 1.0633 1.0633
33275 55.00 53.25 0.00 1.3887 1.0633 1.0633
33300 55.03 53.06 0.00 0.6994 1.8200 1.8200
33325 55.05 52.83 0.00 0.0443 1.4590 1.4590
33350 55.07 52.66 0.00 0.6168 2.0983 2.0983
33375 55.07 52.66 0.00 0.6168 2.0983 2.0983
33400 55.05 52.53 0.00 -1.1989 1.0871 1.0871
33425 54.96 52.32 0.00 -2.7357 0.4348 0.4348
33450 54.96 52.32 0.00 -2.7357 0.4348 0.4348
33475 54.86 52.06 0.00 -2.4408 0.7360 0.7360
33500 54.75 51.81 0.00 -2.3204 1.5757 1.5757
33525 54.68 51.58 0.00 -2.0033 0.4373 0.4373
33550 54.68 51.58 0.00 -2.0033 0.4373 0.4373
33575 54.61 51.41 0.00 -1.3655 -0.3332 -0.3332
33600 54.56 51.31 0.00 -1.2932 -0.4055 -0.4055
33625 54.56 51.31 0.00 -1.2932 -0.4055 -0.4055
33650 54.49 51.20 0.00 -1.9549 -0.2749 -0.2749
33675 54.40 51.20 0.00 -2.3994 -0.5676 -0.5676
33700 54.31 51.30 0.00 -1.7173 0.0340 0.0340
33725 54.31 51.30 0.00 -1.7173 0.0340 0.0340
33750 54.23 51.32 0.00 -2.9573 -0.5526 -0.5526
33775 54.03 51.28 0.00 -5.6660 -0.7187 -0.7187
33800 54.03 51.28 0.00 -5.6660 -0.7187 -0.7187
33825 53.77 51.25 0.00 -6.5104 -1.0967 -1.0967
33850 53.54 51.21 0.00 -5.7341 -2.3078 -2.3078
33875 53.54 51.21 0.00 -5.7341 -2.3078 -2.3078
33900 53.32 51.21 0.00 -5.2893 -1.0654 -1.0654
33925 53.16 51.20 0.00 -5.1647 -1.2681 -1.2681
33950 53.16 51.20 0.00 -5.1647 -1.2681 -1.2681
33975 52.93 51.20 0.00 -5.6749 -2.2106 -2.2106
34000 52.72 51.24 0.00 -5.6000 -1.1938 -1.1938
34025 52.44 51.30 0.00 -7.8409 -1.1147 -1.1147
34050 52.44 51.30 0.00 -7.8409 -1.1147 -1.1147
34075 52.06 51.28 0.00 -10.5735 -1.0349 -1.0349
