%#        Time[ms]        X[pixel],        Y[pixel],        Z[pixel],  dX/dt[pixel/s],  dY/dt[pixel/s],  dZ/dt[pixel/s] 
0 50.00 50.00 0.00 -0.9701 0.5853 0.5853
25 50.00 50.00 0.00 -0.9701 0.5853 0.5853
50 49.93 49.92 0.00 -1.5277 -0.2511 -0.2511
75 49.91 49.91 0.00 -0.0419 1.0528 1.0528
100 49.91 49.91 0.00 -0.0419 1.0528 1.0528
125 49.88 49.94 0.00 -1.5122 0.1268 0.1268
150 49.83 50.15 0.00 -0.5627 -0.8804 -0.8804
175 49.86 50.25 0.00 1.1969 -0.8482 -0.8482
200 49.86 50.25 0.00 1.1969 -0.8482 -0.8482
225 49.90 50.40 0.00 0.3875 -2.0273 -2.0273
250 49.88 50.60 0.00 -0.5531 -3.2811 -3.2811
275 49.88 50.60 0.00 -0.5531 -3.2811 -3.2811
300 49.86 50.68 0.00 -0.6285 -1.0795 -1.0795
325 49.81 50.77 0.00 -1.7425 -0.6049 -0.6049
350 49.74 50.87 0.00 -1.1624 -0.5850 -0.5850
375 49.74 50.87 0.00 -1.1624 -0.5850 -0.5850
400 49.70 50.87 0.00 -0.6404 -0.6609 -0.6609
425 49.67 50.92 0.00 -1.4431 0.5878 0.5878
450 49.67 50.92 0.00 -1.4431 0.5878 0.5878
475 49.58 50.94 0.00 -2.6880 -1.3561 -1.3561
500 49.51 50.87 0.00 -0.5863 -1.7066 -1.7066
525 49.60 51.07 0.00 3.5434 -0.3900 -0.3900
550 49.60 51.07 0.00 3.5434 -0.3900 -0.3900
575 49.83 51.76 0.00 7.5655 2.2833 2.2833
600 50.16 52.79 0.00 7.9435 3.4097 3.4097
625 50.16 52.79 0.00 7.9435 3.4097 3.4097
650 50.45 54.25 0.00 7.4833 2.1724 2.1724
675 50.82 56.11 0.00 11.0969 2.3088 2.3088
700 50.82 56.11 0.00 11.0969 2.3088 2.3088
725 51.36 57.57 0.00 13.7402 0.7424 0.7424
750 51.87 58.81 0.00 11.3109 -0.0336 -0.0336
775 51.87 58.81 0.00 11.3109 -0.0336 -0.0336
800 52.20 60.25 0.00 6.5839 0.6189 0.6189
825 52.39 61.74 0.00 4.3288 -0.7043 -0.7043
850 52.51 63.12 0.00 1.8476 -3.2402 -3.2402
875 52.51 63.12 0.00 1.8476 -3.2402 -3.2402
900 52.53 64.05 0.00 0.5115 -2.4801 -2.4801
925 52.57 64.89 0.00 0.7613 -0.2149 -0.2149
950 52.57 64.89 0.00 0.7613 -0.2149 -0.2149
975 52.62 65.44 0.00 3.0571 0.1577 0.1577
1000 52.85 66.22 0.00 6.1919 -0.6107 -0.6107
1025 52.85 66.22 0.00 6.1919 -0.6107 -0.6107
1050 53.11 67.12 0.00 7.1264 0.5945 0.5945
1075 53.39 67.98 0.00 6.2623 0.9442 0.9442
1100 53.39 67.98 0.00 6.2623 0.9442 0.9442
1125 53.61 68.99 0.00 6.1579 -1.2670 -1.2670
1150 53.84 70.06 0.00 5.3094 -3.1061 -3.1061
1175 54.05 70.76 0.00 4.6759 -2.0227 -2.0227
1200 54.05 70.76 0.00 4.6759 -2.0227 -2.0227
1225 54.21 71.17 0.00 3.9023 -1.9684 -1.9684
1250 54.40 71.55 0.00 5.2538 -3.2300 -3.2300
1275 54.40 71.55 0.00 5.2538 -3.2300 -3.2300
1300 54.63 71.87 0.00 6.1321 -2.5961 -2.5961
1325 54.84 72.23 0.00 4.2500 -1.4173 -1.4173
1350 54.98 72.58 0.00 3.3096 -1.8424 -1.8424
1375 54.98 72.58 0.00 3.3096 -1.8424 -1.8424
1400 55.10 72.81 0.00 3.0871 -2.4249 -2.4249
1425 55.21 72.92 0.00 2.1165 -1.1295 -1.1295
1450 55.21 72.92 0.00 2.1165 -1.1295 -1.1295
1475 55.26 72.95 0.00 0.6173 -0.4666 -0.4666
1500 55.26 72.72 0.00 0.2721 -0.8286 -0.8286
1525 55.26 72.72 0.00 0.2721 -0.8286 -0.8286
1550 55.36 72.39 0.00 3.9376 -0.9254 -0.9254
1575 55.56 72.04 0.00 4.9762 -0.3026 -0.3026
1600 55.56 72.04 0.00 4.9762 -0.3026 -0.3026
1625 55.80 71.70 0.00 6.6975 -0.8661 -0.8661
1650 56.13 71.44 0.00 9.3690 0.3888 0.3888
1675 56.13 71.44 0.00 9.3690 0.3888 0.3888
1700 56.61 71.19 0.00 12.6593 -0.5575 -0.5575
1725 57.12 70.93 0.00 13.1045 -0.7618 -0.7618
1750 57.55 70.82 0.00 15.6273 0.9794 0.9794
1775 57.55 70.82 0.00 15.6273 0.9794 0.9794
1800 58.22 70.71 0.00 17.1503 -1.6758 -1.6758
1825 58.87 70.67 0.00 15.2198 -1.1943 -1.1943
1850 58.87 70.67 0.00 15.2198 -1.1943 -1.1943
1875 59.38 70.58 0.00 11.2566 0.3289 0.3289
1900 59.77 70.50 0.00 9.0008 1.5592 1.5592
1925 60.09 70.55 0.00 7.2689 1.1796 1.1796
1950 60.09 70.55 0.00 7.2689 1.1796 1.1796
1975 60.40 70.69 0.00 8.1604 0.4894 0.4894
2000 60.70 70.80 0.00 6.8885 1.1587 1.1587
2025 60.70 70.80 0.00 6.8885 1.1587 1.1587
2050 60.90 70.86 0.00 3.5832 1.6303 1.6303
2075 61.00 70.88 0.00 2.1138 -0.3846 -0.3846
2100 61.00 70.88 0.00 2.1138 -0.3846 -0.3846
2125 61.11 70.81 0.00 3.5721 3.0444 3.0444
2150 61.23 70.70 0.00 3.0849 1.6917 1.6917
2175 61.23 70.70 0.00 3.0849 1.6917 1.6917
2200 61.34 70.54 0.00 2.0720 1.9174 1.9174
2225 61.45 70.38 0.00 3.1523 1.6302 1.6302
2250 61.62 70.20 0.00 5.1458 2.1411 2.1411
2275 61.62 70.20 0.00 5.1458 2.1411 2.1411
2300 61.80 70.10 0.00 3.4577 2.1113 2.1113
2325 61.91 69.94 0.00 2.5259 1.1610 1.1610
2350 61.91 69.94 0.00 2.5259 1.1610 1.1610
2375 62.00 69.81 0.00 1.8786 1.8868 1.8868
2400 62.05 69.70 0.00 1.0357 0.5146 0.5146
2425 62.03 69.58 0.00 -1.9839 0.2596 0.2596
2450 62.03 69.58 0.00 -1.9839 0.2596 0.2596
2475 61.89 69.39 0.00 -4.2526 -0.4591 -0.4591
2500 61.89 69.39 0.00 -4.2526 -0.4591 -0.4591
2525 61.76 69.16 0.00 -0.7112 1.0256 1.0256
2550 61.76 69.16 0.00 -0.7112 1.0256 1.0256
2575 61.69 69.21 0.00 -1.9107 -1.0049 -1.0049
2600 61.69 69.21 0.00 -1.9107 -1.0049 -1.0049
2625 61.62 69.25 0.00 -1.7896 -1.4352 -1.4352
2650 61.55 69.32 0.00 -1.9338 -1.2241 -1.2241
2675 61.46 69.36 0.00 -2.2236 -1.1133 -1.1133
2700 61.46 69.36 0.00 -2.2236 -1.1133 -1.1133
2725 61.39 69.29 0.00 -1.6446 -0.3910 -0.3910
2750 61.34 69.22 0.00 -1.2438 -0.6447 -0.6447
2775 61.34 69.22 0.00 -1.2438 -0.6447 -0.6447
2800 61.27 69.15 0.00 -1.6169 -0.4439 -0.4439
2825 61.23 69.09 0.00 -0.4942 -0.7855 -0.7855
2850 61.23 69.09 0.00 -0.4942 -0.7855 -0.7855
2875 61.23 69.06 0.00 0.5447 -0.5119 -0.5119
2900 61.23 69.09 0.00 -0.8844 -1.1160 -1.1160
2925 61.18 69.11 0.00 -1.0801 -0.8067 -0.8067
2950 61.18 69.11 0.00 -1.0801 -0.8067 -0.8067
2975 61.18 69.13 0.00 -0.0509 -0.8363 -0.8363
3000 61.18 69.13 0.00 -0.0509 -0.8363 -0.8363
3025 61.13 69.13 0.00 -1.3197 0.1511 0.1511
3050 61.13 69.13 0.00 -1.3197 0.1511 0.1511
3075 61.08 69.11 0.00 -1.0744 0.5947 0.5947
3100 61.08 69.11 0.00 -1.0744 0.5947 0.5947
3125 61.02 69.04 0.00 -2.1456 1.6882 1.6882
3150 60.83 69.01 0.00 -6.3021 0.5129 0.5129
3175 60.53 69.03 0.00 -7.5498 -1.2662 -1.2662
3200 60.53 69.03 0.00 -7.5498 -1.2662 -1.2662
3225 60.23 69.14 0.00 -7.3947 -2.1892 -2.1892
3250 59.91 69.35 0.00 -8.8779 -3.2275 -3.2275
3275 59.91 69.35 0.00 -8.8779 -3.2275 -3.2275
3300 59.49 69.52 0.00 -11.8243 -4.0781 -4.0781
3325 59.08 69.61 0.00 -13.9166 -4.3908 -4.3908
3350 59.08 69.61 0.00 -13.9166 -4.3908 -4.3908
3375 58.52 69.81 0.00 -14.8567 -4.0163 -4.0163
3400 57.85 69.93 0.00 -17.6401 -4.1503 -4.1503
3425 57.85 69.93 0.00 -17.6401 -4.1503 -4.1503
3450 57.12 70.04 0.00 -19.1429 -3.0789 -3.0789
3475 56.36 70.21 0.00 -17.7151 -3.3303 -3.3303
3500 55.73 70.42 0.00 -14.2339 -3.0781 -3.0781
3525 55.73 70.42 0.00 -14.2339 -3.0781 -3.0781
3550 55.24 70.63 0.00 -11.8630 -3.1538 -3.1538
3575 54.75 70.92 0.00 -12.4842 -2.5634 -2.5634
3600 54.75 70.92 0.00 -12.4842 -2.5634 -2.5634
3625 54.24 71.27 0.00 -12.3414 -3.4045 -3.4045
3650 53.79 71.59 0.00 -11.4368 -3.9522 -3.9522
3675 53.28 71.87 0.00 -12.8680 -3.8125 -3.8125
3700 53.28 71.87 0.00 -12.8680 -3.8125 -3.8125
3725 52.78 72.10 0.00 -12.6681 -3.1829 -3.1829
3750 52.29 72.34 0.00 -11.4574 -3.7605 -3.7605
3775 52.29 72.34 0.00 -11.4574 -3.7605 -3.7605
3800 51.87 72.57 0.00 -10.2466 -2.6905 -2.6905
3825 51.47 72.71 0.00 -9.9278 -3.3599 -3.3599
3850 51.47 72.71 0.00 -9.9278 -3.3599 -3.3599
3875 51.03 72.80 0.00 -11.5176 -2.3924 -2.3924
3900 50.49 73.03 0.00 -15.4448 -2.1279 -2.1279
3925 50.49 73.03 0.00 -15.4448 -2.1279 -2.1279
3950 49.81 73.22 0.00 -16.8868 -1.3347 -1.3347
3975 49.13 73.34 0.00 -17.6517 -1.5522 -1.5522
4000 48.38 73.54 0.00 -18.9631 -1.4634 -1.4634
4025 48.38 73.54 0.00 -18.9631 -1.4634 -1.4634
4050 47.64 73.71 0.00 -18.6365 -2.2009 -2.2009
4075 47.03 73.87 0.00 -21.0199 -3.1995 -3.1995
4100 46.12 74.22 0.00 -23.7136 -1.8778 -1.8778
4125 46.12 74.22 0.00 -23.7136 -1.8778 -1.8778
4150 45.14 74.76 0.00 -23.9693 -0.3994 -0.3994
4175 44.23 75.61 0.00 -22.2329 0.3817 0.3817
4200 44.23 75.61 0.00 -22.2329 0.3817 0.3817
4225 43.39 76.31 0.00 -20.5619 -0.5796 -0.5796
4250 42.62 76.96 0.00 -18.2081 -0.4320 -0.4320
4275 42.62 76.96 0.00 -18.2081 -0.4320 -0.4320
4300 41.95 77.50 0.00 -15.5238 -2.2153 -2.2153
4325 41.41 77.83 0.00 -12.7748 -2.8437 -2.8437
4350 41.41 77.83 0.00 -12.7748 -2.8437 -2.8437
4375 40.93 78.25 0.00 -11.2586 -2.8191 -2.8191
4400 40.55 78.66 0.00 -8.2878 -3.2389 -3.2389
4425 40.55 78.66 0.00 -8.2878 -3.2389 -3.2389
4450 40.25 78.97 0.00 -7.9037 -3.5137 -3.5137
4475 39.86 79.39 0.00 -10.4553 -2.3071 -2.3071
4500 39.86 79.39 0.00 -10.4553 -2.3071 -2.3071
4525 39.40 79.67 0.00 -12.5570 -3.2888 -3.2888
4550 38.84 79.90 0.00 -15.5227 -0.6527 -0.6527
4575 38.09 80.15 0.00 -20.7399 1.5085 1.5085
4600 38.09 80.15 0.00 -20.7399 1.5085 1.5085
4625 37.10 80.29 0.00 -26.8277 4.1880 4.1880
4650 35.84 80.46 0.00 -34.5763 5.0909 5.0909
4675 35.84 80.46 0.00 -34.5763 5.0909 5.0909
4700 34.38 80.55 0.00 -36.4839 5.8964 5.8964
4725 33.00 80.57 0.00 -33.0820 3.6045 3.6045
4750 31.83 80.68 0.00 -27.0074 3.5434 3.5434
4775 31.83 80.68 0.00 -27.0074 3.5434 3.5434
4800 30.82 80.90 0.00 -24.4038 3.9121 3.9121
4825 29.87 81.21 0.00 -23.5169 3.0767 3.0767
4850 29.87 81.21 0.00 -23.5169 3.0767 3.0767
4875 29.22 81.57 0.00 -20.3318 3.6467 3.6467
4900 28.49 82.04 0.00 -17.8011 3.8430 3.8430
4925 27.85 82.56 0.00 -14.7728 2.2502 2.2502
4950 27.85 82.56 0.00 -14.7728 2.2502 2.2502
4975 27.37 83.21 0.00 -10.5981 0.5738 0.5738
5000 27.01 83.93 0.00 -8.3121 -0.1976 -0.1976
5025 27.01 83.93 0.00 -8.3121 -0.1976 -0.1976
5050 26.66 84.71 0.00 -9.6458 -0.3277 -0.3277
5075 26.27 85.47 0.00 -8.8245 0.5669 0.5669
5100 26.27 85.47 0.00 -8.8245 0.5669 0.5669
5125 25.92 86.25 0.00 -10.1964 1.5727 1.5727
5150 25.36 87.02 0.00 -15.4118 1.8745 1.8745
5175 24.66 87.60 0.00 -18.5685 -4.1231 -4.1231
5200 24.66 87.60 0.00 -18.5685 -4.1231 -4.1231
5225 23.88 88.11 0.00 -20.0268 -2.5818 -2.5818
5250 23.11 88.64 0.00 -18.3440 0.2868 0.2868
5275 23.11 88.64 0.00 -18.3440 0.2868 0.2868
5300 22.46 89.09 0.00 -15.2884 1.1496 1.1496
5325 21.82 89.48 0.00 -16.7839 2.5481 2.5481
5350 21.82 89.48 0.00 -16.7839 2.5481 2.5481
5375 21.19 89.83 0.00 -14.4388 2.3271 2.3271
5400 20.78 90.13 0.00 -8.5429 -0.6956 -0.6956
5425 20.78 90.13 0.00 -8.5429 -0.6956 -0.6956
5450 20.44 90.22 0.00 -8.0201 0.7686 0.7686
5475 20.30 90.22 0.00 -0.9910 1.0876 1.0876
5500 20.38 90.22 0.00 3.3548 -1.8483 -1.8483
5525 20.38 90.22 0.00 3.3548 -1.8483 -1.8483
5550 20.57 90.19 0.00 5.1198 -1.0914 -1.0914
5575 20.57 90.19 0.00 5.1198 -1.0914 -1.0914
5600 20.78 90.15 0.00 5.8811 1.4833 1.4833
5625 21.08 90.12 0.00 8.5960 0.1050 0.1050
5650 21.36 90.08 0.00 9.4606 -1.1948 -1.1948
5675 21.36 90.08 0.00 9.4606 -1.1948 -1.1948
5700 21.70 90.01 0.00 7.2153 1.2587 1.2587
5725 21.95 89.86 0.00 5.4042 2.9930 2.9930
5750 22.08 89.67 0.00 2.4332 3.4433 3.4433
5775 22.08 89.67 0.00 2.4332 3.4433 3.4433
5800 22.15 89.43 0.00 1.6414 2.0571 2.0571
5825 22.15 89.43 0.00 1.6414 2.0571 2.0571
5850 22.29 89.01 0.00 -0.4409 1.4601 1.4601
5875 22.29 89.01 0.00 -0.4409 1.4601 1.4601
5900 22.23 88.73 0.00 -1.3921 0.8518 0.8518
5925 22.23 88.73 0.00 -1.3921 0.8518 0.8518
5950 22.17 88.39 0.00 -1.5386 1.8022 1.8022
5975 22.14 87.82 0.00 -0.8251 -0.7627 -0.7627
6000 22.10 87.27 0.00 -1.0204 -0.1629 -0.1629
6025 22.10 87.27 0.00 -1.0204 -0.1629 -0.1629
6050 22.02 86.73 0.00 -2.1334 1.2285 1.2285
6075 21.95 86.16 0.00 -2.0165 0.9945 0.9945
6100 21.95 86.16 0.00 -2.0165 0.9945 0.9945
6125 21.85 85.62 0.00 -2.5632 -0.8303 -0.8303
6150 21.80 84.97 0.00 -0.3284 -0.1346 -0.1346
6175 21.80 84.97 0.00 -0.3284 -0.1346 -0.1346
6200 21.83 84.20 0.00 1.4720 0.3086 0.3086
6225 21.97 83.45 0.00 3.9995 -0.6640 -0.6640
6250 22.19 82.69 0.00 6.3174 -0.3606 -0.3606
6275 22.19 82.69 0.00 6.3174 -0.3606 -0.3606
6300 22.47 81.98 0.00 7.9091 0.2736 0.2736
6325 22.76 81.40 0.00 6.5026 1.0948 1.0948
6350 22.76 81.40 0.00 6.5026 1.0948 1.0948
6375 23.04 80.87 0.00 7.7203 -0.4590 -0.4590
6400 23.41 80.38 0.00 9.7779 -1.2234 -1.2234
6425 23.73 79.98 0.00 11.3787 -1.8852 -1.8852
6450 23.73 79.98 0.00 11.3787 -1.8852 -1.8852
6475 24.27 79.35 0.00 14.5628 -0.9617 -0.9617
6500 24.86 78.68 0.00 14.8213 -1.2957 -1.2957
6525 24.86 78.68 0.00 14.8213 -1.2957 -1.2957
6550 25.49 77.89 0.00 16.5133 -2.1608 -2.1608
6575 26.18 76.99 0.00 16.1640 -1.7287 -1.7287
6600 26.18 76.99 0.00 16.1640 -1.7287 -1.7287
6625 26.77 75.99 0.00 14.1536 0.0269 0.0269
6650 27.35 74.88 0.00 15.5904 0.1258 0.1258
6675 27.35 74.88 0.00 15.5904 0.1258 0.1258
6700 28.00 73.69 0.00 15.5644 0.1403 0.1403
6725 28.56 72.19 0.00 13.4491 -0.1910 -0.1910
6750 29.13 70.57 0.00 14.8276 -3.8769 -3.8769
6775 29.13 70.57 0.00 14.8276 -3.8769 -3.8769
6800 29.75 69.05 0.00 15.4377 -2.1410 -2.1410
6825 30.29 67.57 0.00 12.6629 -0.7154 -0.7154
6850 30.29 67.57 0.00 12.6629 -0.7154 -0.7154
6875 30.76 66.11 0.00 10.8791 -0.3318 -0.3318
6900 31.14 64.81 0.00 9.0186 -1.4762 -1.4762
6925 31.43 63.70 0.00 5.9999 0.2279 0.2279
6950 31.43 63.70 0.00 5.9999 0.2279 0.2279
6975 31.63 62.74 0.00 5.0425 -1.5526 -1.5526
7000 31.86 61.86 0.00 5.4906 -1.0036 -1.0036
7025 31.86 61.86 0.00 5.4906 -1.0036 -1.0036
7050 32.04 61.21 0.00 4.1405 -0.0587 -0.0587
7075 32.19 60.83 0.00 3.9207 -0.2796 -0.2796
7100 32.19 60.83 0.00 3.9207 -0.2796 -0.2796
7125 32.35 60.63 0.00 3.3255 -0.8790 -0.8790
7150 32.42 60.43 0.00 1.7606 -1.3120 -1.3120
7175 32.42 60.43 0.00 1.7606 -1.3120 -1.3120
7200 32.51 60.36 0.00 2.5774 -0.1441 -0.1441
7225 32.60 60.37 0.00 3.0443 -0.5432 -0.5432
7250 32.73 60.19 0.00 3.7418 -0.8316 -0.8316
7275 32.73 60.19 0.00 3.7418 -0.8316 -0.8316
7300 32.91 59.92 0.00 4.2205 -1.4403 -1.4403
7325 33.10 59.52 0.00 5.6994 0.2829 0.2829
7350 33.10 59.52 0.00 5.6994 0.2829 0.2829
7375 33.39 59.07 0.00 7.5799 1.6068 1.6068
7400 33.71 58.57 0.00 8.5928 -0.0709 -0.0709
7425 34.07 58.07 0.00 8.8870 -0.6789 -0.6789
7450 34.07 58.07 0.00 8.8870 -0.6789 -0.6789
7475 34.39 57.43 0.00 6.9928 -0.9582 -0.9582
7500 34.64 56.68 0.00 6.2491 -0.4059 -0.4059
7525 34.64 56.68 0.00 6.2491 -0.4059 -0.4059
7550 34.86 55.77 0.00 4.9815 0.0813 0.0813
7575 35.09 54.81 0.00 6.4889 2.6956 2.6956
7600 35.09 54.81 0.00 6.4889 2.6956 2.6956
7625 35.36 53.92 0.00 5.9857 3.3524 3.3524
7650 35.55 53.09 0.00 4.3079 3.1799 3.1799
7675 35.55 53.09 0.00 4.3079 3.1799 3.1799
7700 35.68 52.47 0.00 1.9968 2.2988 2.2988
7725 35.75 51.99 0.00 1.6798 2.6885 2.6885
7750 35.77 51.55 0.00 -0.2924 1.5610 1.5610
7775 35.77 51.55 0.00 -0.2924 1.5610 1.5610
7800 35.73 51.25 0.00 -0.9374 -0.4748 -0.4748
7825 35.68 51.04 0.00 -1.4580 -0.3950 -0.3950
7850 35.68 51.04 0.00 -1.4580 -0.3950 -0.3950
7875 35.64 50.87 0.00 -0.6349 0.1332 0.1332
7900 35.66 50.68 0.00 0.9456 0.0818 0.0818
7925 35.66 50.68 0.00 0.9456 0.0818 0.0818
7950 35.70 50.45 0.00 1.3557 0.7727 0.7727
7975 35.73 50.09 0.00 0.2034 0.8234 0.8234
8000 35.71 49.64 0.00 -0.6126 -0.0334 -0.0334
8025 35.71 49.64 0.00 -0.6126 -0.0334 -0.0334
8050 35.75 49.04 0.00 1.8208 2.0233 2.0233
8075 35.82 48.49 0.00 0.8028 1.7938 1.7938
8100 35.82 48.49 0.00 0.8028 1.7938 1.7938
8125 35.84 47.86 0.00 0.7979 0.8918 0.8918
8150 35.89 47.21 0.00 1.6517 1.4050 1.4050
8175 35.89 47.21 0.00 1.6517 1.4050 1.4050
8200 35.98 46.59 0.00 2.3564 1.3504 1.3504
8225 36.07 45.94 0.00 2.3847 0.8616 0.8616
8250 36.20 45.26 0.00 3.6022 1.0641 1.0641
8275 36.20 45.26 0.00 3.6022 1.0641 1.0641
8300 36.37 44.60 0.00 4.9023 1.0912 1.0912
8325 36.55 44.16 0.00 3.8482 0.6802 0.6802
8350 36.55 44.16 0.00 3.8482 0.6802 0.6802
8375 36.67 43.93 0.00 2.2691 0.0741 0.0741
8400 36.73 43.75 0.00 1.0905 1.0166 1.0166
8425 36.76 43.48 0.00 1.0192 1.2216 1.2216
8450 36.76 43.48 0.00 1.0192 1.2216 1.2216
8475 36.82 43.07 0.00 1.5656 0.7937 0.7937
8500 36.87 42.56 0.00 0.6150 1.0534 1.0534
8525 36.87 42.56 0.00 0.6150 1.0534 1.0534
8550 36.89 42.18 0.00 0.2603 1.5065 1.5065
8575 36.92 41.94 0.00 1.7974 0.4182 0.4182
8600 36.92 41.94 0.00 1.7974 0.4182 0.4182
8625 37.05 41.71 0.00 3.4438 1.0810 1.0810
8650 37.15 41.47 0.00 2.2507 1.5520 1.5520
8675 37.15 41.47 0.00 2.2507 1.5520 1.5520
8700 37.19 41.28 0.00 0.1554 0.9079 0.9079
8725 37.21 41.12 0.00 0.7440 2.0846 2.0846
8750 37.24 40.86 0.00 1.1716 2.4784 2.4784
8775 37.24 40.86 0.00 1.1716 2.4784 2.4784
8800 37.26 40.54 0.00 -0.0816 2.5570 2.5570
8825 37.24 40.00 0.00 -0.8432 1.8744 1.8744
8850 37.24 40.00 0.00 -0.8432 1.8744 1.8744
8875 37.21 39.41 0.00 -0.6776 1.8153 1.8153
8900 37.15 38.82 0.00 -2.0842 2.3456 2.3456
8925 37.15 38.82 0.00 -2.0842 2.3456 2.3456
8950 37.03 38.16 0.00 -3.2381 1.0255 1.0255
8975 36.91 37.36 0.00 -3.0433 0.8901 0.8901
9000 36.76 36.50 0.00 -4.0825 -0.4447 -0.4447
9025 36.76 36.50 0.00 -4.0825 -0.4447 -0.4447
9050 36.60 35.67 0.00 -3.8671 -0.3025 -0.3025
9075 36.48 35.04 0.00 -2.4778 0.0023 0.0023
9100 36.48 35.04 0.00 -2.4778 0.0023 0.0023
9125 36.34 34.46 0.00 -3.7845 0.3410 0.3410
9150 36.18 33.95 0.00 -4.2523 -1.6825 -1.6825
9175 35.98 33.45 0.00 -5.1139 -2.9256 -2.9256
9200 35.98 33.45 0.00 -5.1139 -2.9256 -2.9256
9225 35.73 33.14 0.00 -7.0018 -2.6660 -2.6660
9250 35.45 32.83 0.00 -6.9164 -3.3208 -3.3208
9275 35.45 32.83 0.00 -6.9164 -3.3208 -3.3208
9300 35.20 32.60 0.00 -5.7213 -2.4790 -2.4790
9325 35.04 32.48 0.00 -3.3716 -1.9798 -1.9798
9350 35.04 32.48 0.00 -3.3716 -1.9798 -1.9798
9375 34.86 32.42 0.00 -5.1686 -3.1146 -3.1146
9400 34.55 32.34 0.00 -9.2474 -3.0206 -3.0206
9425 34.55 32.34 0.00 -9.2474 -3.0206 -3.0206
9450 34.22 32.12 0.00 -7.7195 0.7236 0.7236
9475 33.93 31.91 0.00 -6.8608 -0.6368 -0.6368
9500 33.93 31.91 0.00 -6.8608 -0.6368 -0.6368
9525 33.70 31.77 0.00 -5.6179 -0.4873 -0.4873
9550 33.53 31.62 0.00 -4.7419 -1.1120 -1.1120
9575 33.36 31.42 0.00 -4.3036 -1.0322 -1.0322
9600 33.19 31.15 0.00 -4.0020 -0.0707 -0.0707
9625 33.19 31.15 0.00 -4.0020 -0.0707 -0.0707
9650 33.05 30.79 0.00 -3.7497 -0.4735 -0.4735
9675 32.87 30.34 0.00 -4.8357 0.3771 0.3771
9700 32.87 30.34 0.00 -4.8357 0.3771 0.3771
9725 32.66 29.78 0.00 -5.2500 1.0621 1.0621
9750 32.42 29.22 0.00 -6.4770 0.6043 0.6043
9775 32.42 29.22 0.00 -6.4770 0.6043 0.6043
9800 32.15 28.51 0.00 -6.5835 -0.1725 -0.1725
9825 31.95 27.72 0.00 -3.8837 1.0860 1.0860
9850 31.83 26.73 0.00 -3.3946 0.1189 0.1189
9875 31.83 26.73 0.00 -3.3946 0.1189 0.1189
9900 31.65 25.87 0.00 -4.6613 -0.9410 -0.9410
9925 31.41 24.99 0.00 -6.9349 -1.4681 -1.4681
9950 31.41 24.99 0.00 -6.9349 -1.4681 -1.4681
9975 31.10 24.16 0.00 -8.5232 -0.5443 -0.5443
10000 30.72 23.35 0.00 -9.6497 -1.1676 -1.1676
10025 30.72 23.35 0.00 -9.6497 -1.1676 -1.1676
10050 30.40 22.71 0.00 -6.3772 -1.1431 -1.1431
10075 30.20 22.25 0.00 -4.5875 -1.3107 -1.3107
10100 30.20 22.25 0.00 -4.5875 -1.3107 -1.3107
10125 30.04 21.75 0.00 -3.4203 0.3344 0.3344
10150 29.95 21.50 0.00 -1.6621 -0.0974 -0.0974
10175 29.95 21.50 0.00 -1.6621 -0.0974 -0.0974
10200 29.95 21.46 0.00 0.8313 1.6955 1.6955
10225 30.00 21.56 0.00 0.4917 1.6634 1.6634
10250 30.00 21.56 0.00 0.4917 1.6634 1.6634
10275 29.95 21.53 0.00 -1.7956 -0.1045 -0.1045
10300 29.89 21.52 0.00 -1.6979 0.0411 0.0411
10325 29.82 21.51 0.00 -2.3626 -0.8137 -0.8137
10350 29.82 21.51 0.00 -2.3626 -0.8137 -0.8137
10375 29.75 21.39 0.00 -1.6994 0.7526 0.7526
10400 29.64 21.28 0.00 -2.6522 -1.4259 -1.4259
10425 29.56 21.30 0.00 -1.3573 -0.4129 -0.4129
10450 29.56 21.30 0.00 -1.3573 -0.4129 -0.4129
10475 29.51 21.31 0.00 -1.7970 -0.0883 -0.0883
10500 29.40 21.30 0.00 -2.9547 0.3672 0.3672
10525 29.40 21.30 0.00 -2.9547 0.3672 0.3672
10550 29.22 21.21 0.00 -6.6713 -3.1583 -3.1583
10575 28.69 21.06 0.00 -17.2918 -7.9904 -7.9904
10600 28.69 21.06 0.00 -17.2918 -7.9904 -7.9904
10625 27.79 20.74 0.00 -24.5744 -9.3234 -9.3234
10650 26.78 20.52 0.00 -24.7310 -6.9062 -6.9062
10675 25.81 20.39 0.00 -24.7379 -6.3652 -6.3652
10700 25.81 20.39 0.00 -24.7379 -6.3652 -6.3652
10725 24.88 20.22 0.00 -22.0997 -6.4364 -6.4364
10750 24.08 20.01 0.00 -19.1090 -6.5291 -6.5291
10775 24.08 20.01 0.00 -19.1090 -6.5291 -6.5291
10800 23.28 19.66 0.00 -21.2511 -6.7895 -6.7895
10825 22.44 19.24 0.00 -18.8914 -4.7720 -4.7720
10850 22.44 19.24 0.00 -18.8914 -4.7720 -4.7720
10875 21.87 18.92 0.00 -12.8488 -2.0190 -2.0190
10900 21.38 18.53 0.00 -11.9157 -3.3131 -3.3131
10925 20.99 18.17 0.00 -8.4103 -3.5383 -3.5383
10950 20.99 18.17 0.00 -8.4103 -3.5383 -3.5383
10975 20.70 17.74 0.00 -6.9450 -5.7610 -5.7610
11000 20.51 17.34 0.00 -5.9468 -6.0761 -6.0761
11025 20.51 17.34 0.00 -5.9468 -6.0761 -6.0761
11050 20.38 16.68 0.00 -2.9842 -2.0433 -2.0433
11075 20.23 15.94 0.00 -4.2992 -3.7759 -3.7759
11100 20.23 15.94 0.00 -4.2992 -3.7759 -3.7759
11125 20.09 15.25 0.00 -1.9391 -1.6690 -1.6690
11150 20.04 14.61 0.00 -2.0352 -1.9325 -1.9325
11175 20.04 14.61 0.00 -2.0352 -1.9325 -1.9325
11200 19.94 14.05 0.00 -1.7955 -1.1837 -1.1837
11225 19.98 13.62 0.00 2.3781 0.5997 0.5997
11250 20.07 13.44 0.00 1.5789 -1.4125 -1.4125
11275 20.07 13.44 0.00 1.5789 -1.4125 -1.4125
11300 20.04 13.25 0.00 -2.7121 -2.2761 -2.2761
11325 19.87 12.97 0.00 -4.7129 -3.5172 -3.5172
11350 19.87 12.97 0.00 -4.7129 -3.5172 -3.5172
11375 19.66 12.68 0.00 -5.5551 -1.5876 -1.5876
11400 19.41 12.33 0.00 -6.5309 -4.0076 -4.0076
11425 19.41 12.33 0.00 -6.5309 -4.0076 -4.0076
11450 19.06 11.96 0.00 -10.2005 -8.3683 -8.3683
11475 18.60 11.53 0.00 -11.5949 -6.8609 -6.8609
11500 18.14 11.32 0.00 -11.4038 -6.2046 -6.2046
11525 18.14 11.32 0.00 -11.4038 -6.2046 -6.2046
11550 17.72 11.36 0.00 -11.4253 -5.9571 -5.9571
11575 17.12 11.37 0.00 -16.5225 -10.5538 -10.5538
11600 17.12 11.37 0.00 -16.5225 -10.5538 -10.5538
11625 16.52 11.43 0.00 -13.6428 -4.6051 -4.6051
11650 15.84 11.45 0.00 -20.0073 -7.7805 -7.7805
11675 15.84 11.45 0.00 -20.0073 -7.7805 -7.7805
11700 14.84 11.43 0.00 -26.7799 -15.0341 -15.0341
11725 13.96 11.29 0.00 -19.1959 -7.7329 -7.7329
11750 13.96 11.29 0.00 -19.1959 -7.7329 -7.7329
11775 13.25 11.24 0.00 -19.3863 -7.4711 -7.4711
11800 12.27 11.39 0.00 -25.0050 -1.9069 -1.9069
11825 11.47 11.63 0.00 -16.2163 3.0922 3.0922
11850 11.47 11.63 0.00 -16.2163 3.0922 3.0922
11875 11.15 11.84 0.00 -8.9099 2.3685 2.3685
11900 10.97 12.29 0.00 -2.1787 6.2029 6.2029
11925 10.97 13.09 0.00 1.1031 9.7480 9.7480
11950 10.97 13.09 0.00 1.1031 9.7480 9.7480
11975 11.13 14.38 0.00 6.4993 14.8346 14.8346
12000 11.45 15.78 0.00 7.7324 12.2720 12.2720
12025 11.45 15.78 0.00 7.7324 12.2720 12.2720
12050 11.63 16.82 0.00 3.4747 7.9558 7.9558
12075 11.81 17.58 0.00 5.9159 6.7868 6.7868
12100 11.81 17.58 0.00 5.9159 6.7868 6.7868
12125 12.13 17.99 0.00 8.1145 3.2171 3.2171
12150 12.39 18.28 0.00 5.5460 1.3560 1.3560
12175 12.63 18.67 0.00 6.5374 6.1253 6.1253
12200 12.63 18.67 0.00 6.5374 6.1253 6.1253
12225 12.93 19.20 0.00 8.5299 8.2283 8.2283
12250 13.27 19.70 0.00 7.1358 5.8578 5.8578
12275 13.27 19.70 0.00 7.1358 5.8578 5.8578
12300 13.46 20.03 0.00 3.5457 2.2879 2.2879
12325 13.56 20.16 0.00 2.4258 0.4335 0.4335
12350 13.56 20.16 0.00 2.4258 0.4335 0.4335
12375 13.66 20.21 0.00 1.8203 -0.2766 -0.2766
12400 13.72 20.05 0.00 1.7159 -0.8640 -0.8640
12425 13.80 20.02 0.00 1.9768 -0.7841 -0.7841
12450 13.80 20.02 0.00 1.9768 -0.7841 -0.7841
12475 13.86 20.15 0.00 0.8331 -0.3673 -0.3673
12500 13.90 20.28 0.00 1.7203 -1.6176 -1.6176
12525 13.90 20.28 0.00 1.7203 -1.6176 -1.6176
12550 14.04 20.37 0.00 4.5549 1.4631 1.4631
12575 14.19 20.55 0.00 2.7981 1.9194 1.9194
12600 14.19 20.55 0.00 2.7981 1.9194 1.9194
12625 14.29 20.81 0.00 3.4526 0.1398 0.1398
12650 14.43 20.97 0.00 5.4110 0.3553 0.3553
12675 14.43 20.97 0.00 5.4110 0.3553 0.3553
12700 14.76 21.23 0.00 9.9094 2.7618 2.7618
12725 15.24 21.48 0.00 11.8225 3.7219 3.7219
12750 15.70 21.75 0.00 12.0455 2.2581 2.2581
12775 15.70 21.75 0.00 12.0455 2.2581 2.2581
12800 16.29 22.02 0.00 16.4908 2.2510 2.2510
12825 16.99 22.20 0.00 17.2189 2.1067 2.1067
12850 16.99 22.20 0.00 17.2189 2.1067 2.1067
12875 17.66 22.36 0.00 16.5178 3.9564 3.9564
12900 18.28 22.60 0.00 14.9447 3.3194 3.3194
12925 18.83 22.76 0.00 13.2343 3.8833 3.8833
12950 18.83 22.76 0.00 13.2343 3.8833 3.8833
12975 19.33 22.89 0.00 12.8528 3.0129 3.0129
13000 19.90 23.12 0.00 14.2726 5.1929 5.1929
13025 19.90 23.12 0.00 14.2726 5.1929 5.1929
13050 20.44 23.27 0.00 12.4867 3.9446 3.9446
13075 20.97 23.49 0.00 14.9479 6.2386 6.2386
13100 20.97 23.49 0.00 14.9479 6.2386 6.2386
13125 21.61 23.83 0.00 16.5334 6.5140 6.5140
13150 22.34 24.51 0.00 19.1282 7.1927 7.1927
13175 22.91 25.12 0.00 18.2308 8.8724 8.8724
13200 22.91 25.12 0.00 18.2308 8.8724 8.8724
13225 23.77 26.32 0.00 16.9594 6.6804 6.6804
13250 24.40 27.33 0.00 15.9161 5.8875 5.8875
13275 24.40 27.33 0.00 15.9161 5.8875 5.8875
13300 25.10 28.86 0.00 19.1022 8.9932 8.9932
13325 25.97 30.82 0.00 23.3199 9.5755 9.5755
13350 25.97 30.82 0.00 23.3199 9.5755 9.5755
13375 26.97 32.64 0.00 24.6324 10.4277 10.4277
13400 27.68 33.71 0.00 23.7256 5.0112 5.0112
13425 28.63 35.28 0.00 22.9143 5.3347 5.3347
13450 28.63 35.28 0.00 22.9143 5.3347 5.3347
13475 29.51 36.36 0.00 21.7346 6.0411 6.0411
13500 30.29 37.33 0.00 17.7917 1.9763 1.9763
13525 30.29 37.33 0.00 17.7917 1.9763 1.9763
13550 30.96 38.15 0.00 16.7983 2.6255 2.6255
13575 31.63 38.85 0.00 16.0826 2.7241 2.7241
13600 32.28 39.71 0.00 16.8697 2.2249 2.2249
13625 32.28 39.71 0.00 16.8697 2.2249 2.2249
13650 33.03 40.69 0.00 20.4195 6.1280 6.1280
13675 33.03 40.69 0.00 20.4195 6.1280 6.1280
13700 33.89 41.46 0.00 21.6023 5.0388 5.0388
13725 34.75 42.07 0.00 20.8878 5.5912 5.5912
13750 35.54 42.53 0.00 19.2507 2.0958 2.0958
13775 35.54 42.53 0.00 19.2507 2.0958 2.0958
13800 36.37 42.83 0.00 21.9757 2.8079 2.8079
13825 37.23 43.24 0.00 20.8136 2.7908 2.7908
13850 37.23 43.24 0.00 20.8136 2.7908 2.7908
13875 38.11 43.77 0.00 24.4331 2.8202 2.8202
13900 39.24 44.48 0.00 30.7038 3.8719 3.8719
13925 39.24 44.48 0.00 30.7038 3.8719 3.8719
13950 40.67 45.39 0.00 37.8642 6.6990 6.6990
13975 42.29 46.38 0.00 43.0346 7.4630 7.4630
14000 42.29 46.38 0.00 43.0346 7.4630 7.4630
14025 43.69 47.20 0.00 48.4061 5.1077 5.1077
14050 45.72 48.63 0.00 50.5385 4.9221 4.9221
14075 47.61 49.63 0.00 44.9948 6.1290 6.1290
14100 47.61 49.63 0.00 44.9948 6.1290 6.1290
14125 49.21 51.02 0.00 37.6229 1.5471 1.5471
14150 50.63 52.79 0.00 33.3567 -0.1932 -0.1932
14175 51.78 54.47 0.00 25.6200 -1.5439 -1.5439
14200 51.78 54.47 0.00 25.6200 -1.5439 -1.5439
14225 52.60 55.87 0.00 18.3450 -4.7925 -4.7925
14250 53.28 56.87 0.00 16.1986 -1.5998 -1.5998
14275 53.28 56.87 0.00 16.1986 -1.5998 -1.5998
14300 53.79 57.63 0.00 10.7938 -1.4779 -1.4779
14325 54.12 58.38 0.00 7.0521 -1.7174 -1.7174
14350 54.12 58.38 0.00 7.0521 -1.7174 -1.7174
14375 54.33 58.97 0.00 3.4650 -1.0017 -1.0017
14400 54.37 59.59 0.00 -0.0738 -1.5564 -1.5564
14425 54.37 59.59 0.00 -0.0738 -1.5564 -1.5564
14450 54.37 60.09 0.00 0.6680 -1.3604 -1.3604
14475 54.45 60.49 0.00 3.6823 -1.0201 -1.0201
14500 54.70 60.72 0.00 7.3667 0.9966 0.9966
14525 54.70 60.72 0.00 7.3667 0.9966 0.9966
14550 55.07 61.01 0.00 10.4626 -1.1845 -1.1845
14575 55.57 61.43 0.00 13.5897 0.4661 0.4661
14600 55.57 61.43 0.00 13.5897 0.4661 0.4661
14625 56.15 61.82 0.00 15.4265 1.8124 1.8124
14650 56.89 62.41 0.00 20.6665 2.2679 2.2679
14675 57.84 63.33 0.00 25.1908 -0.2312 -0.2312
14700 57.84 63.33 0.00 25.1908 -0.2312 -0.2312
14725 58.87 64.41 0.00 26.7012 -0.2711 -0.2711
14750 59.93 65.82 0.00 25.6817 -0.1755 -0.1755
14775 60.93 67.32 0.00 25.0964 -0.1288 -0.1288
14800 60.93 67.32 0.00 25.0964 -0.1288 -0.1288
14825 61.68 68.17 0.00 25.3013 -0.0404 -0.0404
14850 62.92 69.71 0.00 23.5109 -3.4945 -3.4945
14875 62.92 69.71 0.00 23.5109 -3.4945 -3.4945
14900 63.77 70.73 0.00 19.5514 -1.7002 -1.7002
14925 64.27 71.22 0.00 15.4546 -1.5396 -1.5396
14950 64.27 71.22 0.00 15.4546 -1.5396 -1.5396
14975 64.78 72.00 0.00 11.7028 -2.4555 -2.4555
15000 65.18 72.70 0.00 9.0764 -1.7146 -1.7146
15025 65.18 72.70 0.00 9.0764 -1.7146 -1.7146
15050 65.53 73.28 0.00 9.5269 -2.7149 -2.7149
15075 66.00 73.86 0.00 12.9985 -1.8402 -1.8402
15100 66.00 73.86 0.00 12.9985 -1.8402 -1.8402
15125 66.64 74.41 0.00 18.3765 -3.3687 -3.3687
15150 67.45 75.17 0.00 21.3902 -4.1654 -4.1654
15175 68.41 75.93 0.00 25.2402 -2.9287 -2.9287
15200 68.41 75.93 0.00 25.2402 -2.9287 -2.9287
15225 69.55 76.65 0.00 29.7033 -4.6843 -4.6843
15250 70.76 77.31 0.00 30.7648 -4.9911 -4.9911
15275 70.76 77.31 0.00 30.7648 -4.9911 -4.9911
15300 71.99 78.02 0.00 31.6538 -4.7982 -4.7982
15325 73.36 78.95 0.00 35.7241 -4.8237 -4.8237
15350 74.88 79.72 0.00 39.6562 -5.3304 -5.3304
15375 74.88 79.72 0.00 39.6562 -5.3304 -5.3304
15400 76.51 80.41 0.00 42.0779 -5.5537 -5.5537
15425 78.43 81.08 0.00 50.0772 -9.3741 -9.3741
15450 78.43 81.08 0.00 50.0772 -9.3741 -9.3741
15475 80.33 81.88 0.00 44.7247 -11.5070 -11.5070
15500 81.89 82.77 0.00 36.0272 -10.6163 -10.6163
15525 81.89 82.77 0.00 36.0272 -10.6163 -10.6163
15550 83.23 84.06 0.00 32.4250 -11.2852 -11.2852
15575 84.35 85.14 0.00 23.9238 -10.7744 -10.7744
15600 84.35 85.14 0.00 23.9238 -10.7744 -10.7744
15625 85.04 85.93 0.00 13.5736 -5.3199 -5.3199
15650 85.29 86.38 0.00 2.3364 -0.9267 -0.9267
15675 85.22 86.64 0.00 -4.6641 2.5207 2.5207
15700 85.22 86.64 0.00 -4.6641 2.5207 2.5207
15725 85.04 86.82 0.00 -6.4922 2.4368 2.4368
15750 84.65 86.91 0.00 -11.9021 1.3685 1.3685
15775 84.65 86.91 0.00 -11.9021 1.3685 1.3685
15800 84.14 86.82 0.00 -12.1316 2.7142 2.7142
15825 83.75 86.75 0.00 -8.8859 -0.0248 -0.0248
15850 83.32 86.67 0.00 -11.1239 2.0226 2.0226
15875 83.32 86.67 0.00 -11.1239 2.0226 2.0226
15900 82.96 86.53 0.00 -8.2356 1.5209 1.5209
15925 82.96 86.53 0.00 -8.2356 1.5209 1.5209
15950 82.61 86.45 0.00 -9.1069 2.4879 2.4879
15975 82.36 86.33 0.00 -3.8741 -0.0026 -0.0026
16000 82.26 86.20 0.00 -1.2333 -0.4533 -0.4533
16025 82.22 86.11 0.00 -1.8096 -0.3659 -0.3659
16050 82.22 86.11 0.00 -1.8096 -0.3659 -0.3659
16075 82.16 86.11 0.00 -0.6126 1.1412 1.1412
16100 82.13 86.07 0.00 -1.4809 1.3659 1.3659
16125 82.13 86.07 0.00 -1.4809 1.3659 1.3659
16150 82.01 86.08 0.00 -2.8709 1.8613 1.8613
16175 81.91 86.06 0.00 -2.4381 1.2647 1.2647
16200 81.91 86.06 0.00 -2.4381 1.2647 1.2647
16225 81.80 85.99 0.00 -3.0570 1.0909 1.0909
16250 81.65 85.87 0.00 -3.8811 1.4758 1.4758
16275 81.65 85.87 0.00 -3.8811 1.4758 1.4758
16300 81.51 85.61 0.00 -2.7200 2.3167 2.3167
16325 81.40 85.39 0.00 -4.1720 3.4200 3.4200
16350 81.40 85.39 0.00 -4.1720 3.4200 3.4200
16375 81.15 85.17 0.00 -6.8941 3.4737 3.4737
16400 80.88 84.83 0.00 -6.7674 2.6449 2.6449
16425 80.65 84.55 0.00 -7.8388 3.2572 3.2572
16450 80.65 84.55 0.00 -7.8388 3.2572 3.2572
16475 80.40 84.07 0.00 -5.1325 3.3872 3.3872
16500 80.23 83.46 0.00 -4.3942 2.0576 2.0576
16525 80.06 82.81 0.00 -4.3164 5.9159 5.9159
16550 80.06 82.81 0.00 -4.3164 5.9159 5.9159
16575 79.96 82.15 0.00 -0.3357 5.8401 5.8401
16600 80.04 81.51 0.00 2.6225 3.6904 3.6904
16625 80.04 81.51 0.00 2.6225 3.6904 3.6904
16650 80.13 81.04 0.00 2.6056 3.9341 3.9341
16675 80.27 80.60 0.00 3.5744 2.1450 2.1450
16700 80.27 80.60 0.00 3.5744 2.1450 2.1450
16725 80.44 80.27 0.00 5.3910 1.5657 1.5657
16750 80.73 80.05 0.00 7.8906 -0.0129 -0.0129
16775 80.73 80.05 0.00 7.8906 -0.0129 -0.0129
16800 81.09 79.93 0.00 10.7539 -0.0015 -0.0015
16825 81.59 79.76 0.00 12.4764 -0.3527 -0.3527
16850 81.59 79.76 0.00 12.4764 -0.3527 -0.3527
16875 82.03 79.71 0.00 10.0491 0.9743 0.9743
16900 82.43 79.73 0.00 10.4647 0.4419 0.4419
16925 82.90 79.66 0.00 11.1688 -0.1374 -0.1374
16950 82.90 79.66 0.00 11.1688 -0.1374 -0.1374
16975 83.27 79.59 0.00 8.2431 1.1179 1.1179
17000 83.50 79.44 0.00 4.1510 0.1001 0.1001
17025 83.50 79.44 0.00 4.1510 0.1001 0.1001
17050 83.65 79.33 0.00 4.2010 0.5927 0.5927
17075 83.77 79.20 0.00 1.3797 1.8701 1.8701
17100 83.79 78.93 0.00 0.6769 4.6662 4.6662
17125 83.79 78.93 0.00 0.6769 4.6662 4.6662
17150 83.83 78.45 0.00 0.2696 3.7340 3.7340
17175 83.75 77.88 0.00 -2.7733 4.6004 4.6004
17200 83.75 77.88 0.00 -2.7733 4.6004 4.6004
17225 83.65 77.18 0.00 -1.8056 6.7154 6.7154
17250 83.60 76.46 0.00 -2.1121 3.9615 3.9615
17275 83.60 76.46 0.00 -2.1121 3.9615 3.9615
17300 83.44 75.56 0.00 -4.1098 6.7581 6.7581
17325 83.32 74.82 0.00 -4.0864 6.6012 6.6012
17350 83.11 73.79 0.00 -6.0618 6.5556 6.5556
17375 83.11 73.79 0.00 -6.0618 6.5556 6.5556
17400 82.84 72.58 0.00 -7.6886 7.7213 7.7213
17425 82.49 71.19 0.00 -8.3059 8.3523 8.3523
17450 82.49 71.19 0.00 -8.3059 8.3523 8.3523
17475 82.16 69.79 0.00 -8.5546 9.6552 9.6552
17500 81.80 68.47 0.00 -8.2855 7.5768 7.5768
17525 81.80 68.47 0.00 -8.2855 7.5768 7.5768
17550 81.55 67.28 0.00 -6.3380 5.5508 5.5508
17575 81.20 66.23 0.00 -9.8299 5.8859 5.8859
17600 81.20 66.23 0.00 -9.8299 5.8859 5.8859
17625 80.78 65.17 0.00 -10.6777 6.0795 6.0795
17650 80.38 64.09 0.00 -9.5396 4.2642 4.2642
17675 80.06 63.27 0.00 -7.4355 4.3674 4.3674
17700 80.06 63.27 0.00 -7.4355 4.3674 4.3674
17725 79.79 62.70 0.00 -6.6579 2.7959 2.7959
17750 79.58 62.42 0.00 -3.9841 0.4882 0.4882
17775 79.58 62.42 0.00 -3.9841 0.4882 0.4882
17800 79.47 62.44 0.00 -2.5299 0.0386 0.0386
17825 79.39 62.54 0.00 -1.4189 -1.0851 -1.0851
17850 79.39 62.54 0.00 -1.4189 -1.0851 -1.0851
17875 79.37 62.44 0.00 1.0941 -2.5826 -2.5826
17900 79.45 62.27 0.00 0.6517 -1.1040 -1.1040
17925 79.45 62.27 0.00 0.6517 -1.1040 -1.1040
17950 79.28 62.15 0.00 -6.2122 -0.0545 -0.0545
17975 79.07 61.77 0.00 -4.6420 2.0409 2.0409
18000 78.90 61.44 0.00 -4.6565 2.6762 2.6762
18025 78.90 61.44 0.00 -4.6565 2.6762 2.6762
18050 78.71 60.89 0.00 -5.1764 4.3880 4.3880
18075 78.45 60.88 0.00 -7.6467 0.0249 0.0249
18100 78.45 60.88 0.00 -7.6467 0.0249 0.0249
18125 78.18 60.54 0.00 -8.7333 2.2581 2.2581
18150 77.81 59.60 0.00 -10.4676 0.8494 0.8494
18175 77.30 59.48 0.00 -13.5864 -6.0855 -6.0855
18200 77.30 59.48 0.00 -13.5864 -6.0855 -6.0855
18225 76.74 59.36 0.00 -14.6037 -7.2636 -7.2636
18250 76.09 59.37 0.00 -16.4970 -6.9271 -6.9271
18275 76.09 59.37 0.00 -16.4970 -6.9271 -6.9271
18300 75.43 58.86 0.00 -16.8913 1.8979 1.8979
18325 74.73 57.75 0.00 -17.7970 8.0782 8.0782
18350 74.73 57.75 0.00 -17.7970 8.0782 8.0782
18375 74.06 56.36 0.00 -15.9497 9.5955 9.5955
18400 73.51 55.01 0.00 -11.8105 3.5133 3.5133
18425 73.51 55.01 0.00 -11.8105 3.5133 3.5133
18450 73.14 54.11 0.00 -8.3669 1.4268 1.4268
18475 72.85 53.33 0.00 -5.2155 3.1187 3.1187
18500 72.76 52.52 0.00 -1.3463 -0.9423 -0.9423
18525 72.70 51.74 0.00 -1.8599 -0.5187 -0.5187
18550 72.70 51.74 0.00 -1.8599 -0.5187 -0.5187
18575 72.61 50.84 0.00 -1.6859 4.7938 4.7938
18600 72.61 50.84 0.00 -1.6859 4.7938 4.7938
18625 72.61 49.80 0.00 1.3233 3.4199 3.4199
18650 72.72 48.85 0.00 2.4688 3.6230 3.6230
18675 72.70 48.05 0.00 -2.4288 2.1927 2.1927
18700 72.70 48.05 0.00 -2.4288 2.1927 2.1927
18725 72.52 47.29 0.00 -5.7078 2.4775 2.4775
18750 72.30 46.81 0.00 -5.0022 5.2772 5.2772
18775 72.30 46.81 0.00 -5.0022 5.2772 5.2772
18800 72.13 46.29 0.00 -4.2622 5.9057 5.9057
18825 71.99 45.64 0.00 -2.6139 4.8891 4.8891
18850 71.93 45.46 0.00 -1.9635 1.2623 1.2623
18875 71.93 45.46 0.00 -1.9635 1.2623 1.2623
18900 71.79 45.14 0.00 -4.6370 0.2006 0.2006
18925 71.55 44.48 0.00 -6.5545 0.4054 0.4054
18950 71.55 44.48 0.00 -6.5545 0.4054 0.4054
18975 71.24 44.07 0.00 -7.8162 1.5717 1.5717
19000 70.98 43.73 0.00 -4.6491 2.5424 2.5424
19025 70.85 43.62 0.00 -2.8863 1.1070 1.1070
19050 70.85 43.62 0.00 -2.8863 1.1070 1.1070
19075 70.71 43.31 0.00 -3.4358 0.6596 0.6596
19100 70.64 43.17 0.00 -0.8951 1.6611 1.6611
19125 70.64 43.17 0.00 -0.8951 1.6611 1.6611
19150 70.64 42.73 0.00 0.1494 0.6839 0.6839
19175 70.56 42.36 0.00 -3.8937 0.9313 0.9313
19200 70.56 42.36 0.00 -3.8937 0.9313 0.9313
19225 70.33 41.85 0.00 -5.8653 4.6128 4.6128
19250 70.15 41.10 0.00 -3.3234 6.1686 6.1686
19275 70.15 41.10 0.00 -3.3234 6.1686 6.1686
19300 70.05 40.46 0.00 -2.3932 5.2794 5.2794
19325 69.98 39.75 0.00 -1.6620 2.9087 2.9087
19350 69.93 38.94 0.00 -0.7493 1.9963 1.9963
19375 69.93 38.94 0.00 -0.7493 1.9963 1.9963
19400 69.82 38.34 0.00 -4.6359 4.1885 4.1885
19425 69.66 37.92 0.00 -2.6976 1.1852 1.1852
19450 69.66 37.92 0.00 -2.6976 1.1852 1.1852
19475 69.56 37.78 0.00 -1.9245 0.2403 0.2403
19500 69.46 37.81 0.00 -3.3710 -0.6059 -0.6059
19525 69.33 37.82 0.00 -4.6560 -1.8755 -1.8755
19550 69.33 37.82 0.00 -4.6560 -1.8755 -1.8755
19575 69.15 37.81 0.00 -4.3612 -1.1087 -1.1087
19600 68.99 37.84 0.00 -3.5268 -0.3528 -0.3528
19625 68.99 37.84 0.00 -3.5268 -0.3528 -0.3528
19650 68.82 37.75 0.00 -4.6291 -0.7035 -0.7035
19675 68.64 37.72 0.00 -4.1870 1.3928 1.3928
19700 68.64 37.72 0.00 -4.1870 1.3928 1.3928
19725 68.48 37.82 0.00 -4.6010 1.8572 1.8572
19750 68.30 37.91 0.00 -4.0630 -0.1552 -0.1552
19775 68.30 37.91 0.00 -4.0630 -0.1552 -0.1552
19800 68.16 38.09 0.00 -2.7169 -2.4208 -2.4208
19825 68.06 38.30 0.00 -1.6624 -2.2713 -2.2713
19850 68.01 38.30 0.00 -1.7883 -1.7495 -1.7495
19875 68.01 38.30 0.00 -1.7883 -1.7495 -1.7495
19900 67.94 38.25 0.00 -1.6725 0.4278 0.4278
19925 67.88 38.13 0.00 -0.8202 0.8240 0.8240
19950 67.88 38.13 0.00 -0.8202 0.8240 0.8240
19975 67.87 38.11 0.00 -0.6181 -0.9394 -0.9394
20000 67.79 38.26 0.00 -2.3912 -1.8297 -1.8297
20025 67.69 38.43 0.00 -3.2559 -2.5003 -2.5003
20050 67.69 38.43 0.00 -3.2559 -2.5003 -2.5003
20075 67.49 38.83 0.00 -5.9615 -4.4947 -4.4947
20100 67.24 39.46 0.00 -6.4654 -5.8495 -5.8495
20125 67.24 39.46 0.00 -6.4654 -5.8495 -5.8495
20150 66.97 40.16 0.00 -6.9144 -6.7455 -6.7455
20175 66.66 40.77 0.00 -8.9164 -6.5736 -6.5736
20200 66.66 40.77 0.00 -8.9164 -6.5736 -6.5736
20225 66.18 41.46 0.00 -13.6386 -8.4786 -8.4786
20250 65.46 42.68 0.00 -20.1747 -11.0218 -11.0218
20275 65.46 42.68 0.00 -20.1747 -11.0218 -11.0218
20300 64.68 44.18 0.00 -19.6643 -9.8707 -9.8707
20325 64.05 45.29 0.00 -21.7180 -13.6498 -13.6498
20350 63.08 46.96 0.00 -25.3692 -13.2379 -13.2379
20375 63.08 46.96 0.00 -25.3692 -13.2379 -13.2379
20400 62.05 48.23 0.00 -26.4562 -13.5540 -13.5540
20425 62.05 48.23 0.00 -26.4562 -13.5540 -13.5540
20450 60.88 49.45 0.00 -30.2924 -15.1843 -15.1843
20475 59.61 50.42 0.00 -33.6150 -13.6051 -13.6051
20500 58.03 51.29 0.00 -42.3724 -12.6295 -12.6295
20525 58.03 51.29 0.00 -42.3724 -12.6295 -12.6295
20550 56.27 52.09 0.00 -45.1586 -10.4103 -10.4103
20575 54.31 52.77 0.00 -50.7257 -12.0051 -12.0051
20600 52.30 53.80 0.00 -49.5787 -10.6151 -10.6151
20625 52.30 53.80 0.00 -49.5787 -10.6151 -10.6151
20650 50.30 54.97 0.00 -52.2310 -10.9356 -10.9356
20675 47.99 56.29 0.00 -58.8816 -7.6471 -7.6471
20700 45.84 57.61 0.00 -49.0598 -4.2361 -4.2361
20725 45.84 57.61 0.00 -49.0598 -4.2361 -4.2361
20750 44.04 58.59 0.00 -43.3385 -7.4650 -7.4650
20775 44.04 58.59 0.00 -43.3385 -7.4650 -7.4650
20800 42.41 59.46 0.00 -39.6272 -4.3680 -4.3680
20825 41.00 60.09 0.00 -31.7370 -0.7353 -0.7353
20850 41.00 60.09 0.00 -31.7370 -0.7353 -0.7353
20875 39.91 60.51 0.00 -24.8879 -4.5129 -4.5129
20900 39.10 61.18 0.00 -17.1324 -0.6118 -0.6118
20925 38.61 61.80 0.00 -9.9677 1.1051 1.1051
20950 38.61 61.80 0.00 -9.9677 1.1051 1.1051
20975 38.29 62.46 0.00 -6.5497 -0.4530 -0.4530
21000 38.06 63.32 0.00 -6.0602 -0.0489 -0.0489
21025 37.83 64.06 0.00 -5.6742 -1.2184 -1.2184
21050 37.83 64.06 0.00 -5.6742 -1.2184 -1.2184
21075 37.53 64.75 0.00 -7.9921 -2.7953 -2.7953
21100 37.53 64.75 0.00 -7.9921 -2.7953 -2.7953
21125 37.23 65.71 0.00 -7.6159 -1.8130 -1.8130
21150 36.85 66.78 0.00 -10.4822 -1.5700 -1.5700
21175 36.53 67.70 0.00 -10.5539 -0.5568 -0.5568
21200 36.53 67.70 0.00 -10.5539 -0.5568 -0.5568
21225 36.12 69.10 0.00 -10.3034 -0.5111 -0.5111
21250 35.71 70.14 0.00 -9.7145 -1.0178 -1.0178
21275 35.34 71.11 0.00 -9.2342 -1.8043 -1.8043
21300 35.34 71.11 0.00 -9.2342 -1.8043 -1.8043
21325 34.98 71.84 0.00 -8.7762 -2.6917 -2.6917
21350 34.63 72.35 0.00 -9.2822 -4.5350 -4.5350
21375 34.63 72.35 0.00 -9.2822 -4.5350 -4.5350
21400 34.25 73.10 0.00 -8.5085 -3.8153 -3.8153
21425 34.00 73.46 0.00 -5.4794 -4.6202 -4.6202
21450 34.00 73.46 0.00 -5.4794 -4.6202 -4.6202
21475 33.79 73.67 0.00 -5.1107 -3.2626 -3.2626
21500 33.64 74.09 0.00 -2.1798 -1.5752 -1.5752
21525 33.64 74.09 0.00 -2.1798 -1.5752 -1.5752
21550 33.57 74.59 0.00 -2.4890 -0.4476 -0.4476
21575 33.45 75.14 0.00 -4.4716 -0.5179 -0.5179
21600 33.16 75.65 0.00 -8.6222 1.0863 1.0863
21625 33.16 75.65 0.00 -8.6222 1.0863 1.0863
21650 32.73 75.91 0.00 -11.8956 -1.2605 -1.2605
21675 32.15 76.16 0.00 -16.3775 -1.3656 -1.3656
21700 32.15 76.16 0.00 -16.3775 -1.3656 -1.3656
21725 31.36 76.37 0.00 -20.8519 0.5591 0.5591
21750 30.56 76.60 0.00 -20.2747 2.6112 2.6112
21775 30.56 76.60 0.00 -20.2747 2.6112 2.6112
21800 29.67 76.84 0.00 -23.1446 1.6257 1.6257
21825 28.82 76.89 0.00 -19.7367 2.1763 2.1763
21850 28.09 77.05 0.00 -18.0999 2.0874 2.0874
21875 28.09 77.05 0.00 -18.0999 2.0874 2.0874
21900 27.24 77.46 0.00 -24.7118 3.2105 3.2105
21925 26.29 77.69 0.00 -34.9197 9.7113 9.7113
21950 26.29 77.69 0.00 -34.9197 9.7113 9.7113
21975 24.92 77.91 0.00 -31.6413 9.6066 9.6066
22000 24.92 77.91 0.00 -31.6413 9.6066 9.6066
22025 23.97 78.05 0.00 -17.9694 4.6643 4.6643
22050 23.60 78.25 0.00 -4.3895 2.7106 2.7106
22075 23.63 78.74 0.00 3.0835 2.4207 2.4207
22100 23.78 79.28 0.00 4.1842 1.3259 1.3259
22125 23.78 79.28 0.00 4.1842 1.3259 1.3259
22150 23.86 80.00 0.00 -1.2621 1.5168 1.5168
22175 23.56 80.85 0.00 -10.4394 2.6464 2.6464
22200 23.56 80.85 0.00 -10.4394 2.6464 2.6464
22225 23.00 81.70 0.00 -16.5762 2.4006 2.4006
22250 22.21 82.40 0.00 -20.0427 5.2614 5.2614
22275 21.48 82.97 0.00 -17.6565 3.3824 3.3824
22300 21.48 82.97 0.00 -17.6565 3.3824 3.3824
22325 20.85 83.49 0.00 -14.3030 2.6278 2.6278
22350 20.25 83.88 0.00 -16.7758 4.5032 4.5032
22375 20.25 83.88 0.00 -16.7758 4.5032 4.5032
22400 19.54 84.33 0.00 -16.2053 3.8665 3.8665
22425 19.54 84.33 0.00 -16.2053 3.8665 3.8665
22450 18.95 84.76 0.00 -15.2775 2.3854 2.3854
22475 18.24 85.08 0.00 -18.6313 5.8157 5.8157
22500 17.66 85.19 0.00 -11.3245 4.6796 4.6796
22525 17.66 85.19 0.00 -11.3245 4.6796 4.6796
22550 17.43 85.27 0.00 -3.6714 2.1802 2.1802
22575 17.28 85.33 0.00 -3.5286 0.9264 0.9264
22600 17.28 85.33 0.00 -3.5286 0.9264 0.9264
22625 17.31 85.27 0.00 4.0481 -1.8574 -1.8574
22650 17.45 85.19 0.00 2.0082 -0.8024 -0.8024
22675 17.51 85.32 0.00 1.7584 0.3207 0.3207
22700 17.51 85.32 0.00 1.7584 0.3207 0.3207
22725 17.72 85.33 0.00 6.6997 -1.0323 -1.0323
22750 17.89 85.35 0.00 5.5711 -1.8474 -1.8474
22775 17.89 85.35 0.00 5.5711 -1.8474 -1.8474
22800 18.05 85.31 0.00 2.9368 -0.6338 -0.6338
22825 18.14 85.25 0.00 1.9738 -0.5396 -0.5396
22850 18.14 85.25 0.00 1.9738 -0.5396 -0.5396
22875 18.16 85.12 0.00 -0.8752 0.9402 0.9402
22900 18.11 85.01 0.00 -1.4689 1.2876 1.2876
22925 18.09 84.98 0.00 -0.0185 1.8765 1.8765
22950 18.09 84.98 0.00 -0.0185 1.8765 1.8765
22975 18.07 84.98 0.00 -0.7541 1.3486 1.3486
23000 18.07 84.98 0.00 -0.7541 1.3486 1.3486
23025 17.97 84.89 0.00 -2.8273 2.1519 2.1519
23050 17.82 84.82 0.00 -4.4004 2.2334 2.2334
23075 17.59 84.78 0.00 -6.7405 0.9490 0.9490
23100 17.59 84.78 0.00 -6.7405 0.9490 0.9490
23125 17.30 84.68 0.00 -8.1886 0.2720 0.2720
23150 16.97 84.52 0.00 -7.6982 -1.3071 -1.3071
23175 16.64 84.29 0.00 -9.3801 -0.0501 -0.0501
23200 16.64 84.29 0.00 -9.3801 -0.0501 -0.0501
23225 16.17 84.07 0.00 -12.6799 1.1043 1.1043
23250 15.74 83.93 0.00 -9.0064 1.0806 1.0806
23275 15.74 83.93 0.00 -9.0064 1.0806 1.0806
23300 15.53 83.81 0.00 -3.4692 1.0072 1.0072
23325 15.47 83.60 0.00 -0.2985 0.2056 0.2056
23350 15.47 83.60 0.00 -0.2985 0.2056 0.2056
23375 15.53 83.40 0.00 1.6212 0.1705 0.1705
23400 15.61 83.23 0.00 2.8742 -1.0234 -1.0234
23425 15.80 82.91 0.00 5.5749 0.2210 0.2210
23450 15.80 82.91 0.00 5.5749 0.2210 0.2210
23475 16.04 82.63 0.00 6.1283 0.3283 0.3283
23500 16.04 82.63 0.00 6.1283 0.3283 0.3283
23525 16.25 82.45 0.00 5.1230 1.3145 1.3145
23550 16.44 82.33 0.00 5.0098 0.3502 0.3502
23575 16.70 82.31 0.00 6.8219 0.2420 0.2420
23600 16.70 82.31 0.00 6.8219 0.2420 0.2420
23625 16.97 82.31 0.00 6.5036 -0.1569 -0.1569
23650 17.22 82.34 0.00 6.3020 -0.6402 -0.6402
23675 17.22 82.34 0.00 6.3020 -0.6402 -0.6402
23700 17.47 82.32 0.00 5.9076 -0.7041 -0.7041
23725 17.66 82.25 0.00 4.7990 -0.6569 -0.6569
23750 17.87 82.15 0.00 5.4211 -0.9436 -0.9436
23775 17.87 82.15 0.00 5.4211 -0.9436 -0.9436
23800 18.14 82.04 0.00 8.0012 -2.8763 -2.8763
23825 18.55 81.89 0.00 11.6524 0.1357 0.1357
23850 18.55 81.89 0.00 11.6524 0.1357 0.1357
23875 19.03 81.81 0.00 11.9233 1.6126 1.6126
23900 19.56 81.75 0.00 14.6436 0.6388 0.6388
23925 20.25 81.60 0.00 18.7329 -1.0534 -1.0534
23950 20.25 81.60 0.00 18.7329 -1.0534 -1.0534
23975 20.97 81.34 0.00 17.0552 -1.5067 -1.5067
24000 21.61 81.06 0.00 16.1611 -0.8603 -0.8603
24025 21.61 81.06 0.00 16.1611 -0.8603 -0.8603
24050 22.40 80.62 0.00 22.0693 -2.5801 -2.5801
24075 23.35 80.14 0.00 23.7426 -0.8761 -0.8761
24100 23.35 80.14 0.00 23.7426 -0.8761 -0.8761
24125 24.29 79.64 0.00 23.9518 -0.3399 -0.3399
24150 25.38 79.09 0.00 29.2106 -1.2179 -1.2179
24175 25.38 79.09 0.00 29.2106 -1.2179 -1.2179
24200 26.60 78.52 0.00 30.5774 -0.5063 -0.5063
24225 27.76 77.89 0.00 27.1238 0.1829 0.1829
24250 27.76 77.89 0.00 27.1238 0.1829 0.1829
24275 28.78 77.25 0.00 25.2337 -0.3039 -0.3039
24300 29.58 76.75 0.00 28.1357 -1.8529 -1.8529
24325 30.82 76.12 0.00 31.5822 -2.8339 -2.8339
24350 32.10 75.48 0.00 32.7809 -2.0796 -2.0796
24375 32.10 75.48 0.00 32.7809 -2.0796 -2.0796
24400 33.46 74.94 0.00 35.0504 -0.8735 -0.8735
24425 34.95 74.45 0.00 38.8863 -2.5791 -2.5791
24450 34.95 74.45 0.00 38.8863 -2.5791 -2.5791
24475 36.59 73.99 0.00 41.4439 -2.7979 -2.7979
24500 38.29 73.54 0.00 43.1762 -2.9717 -2.9717
24525 38.29 73.54 0.00 43.1762 -2.9717 -2.9717
24550 40.05 73.00 0.00 45.1788 -3.4799 -3.4799
24575 41.94 72.61 0.00 48.0817 -1.4483 -1.4483
24600 41.94 72.61 0.00 48.0817 -1.4483 -1.4483
24625 43.83 72.34 0.00 46.3852 1.8214 1.8214
24650 45.58 72.04 0.00 41.8522 -0.0014 -0.0014
24675 45.58 72.04 0.00 41.8522 -0.0014 -0.0014
24700 47.14 71.75 0.00 37.3621 -2.7448 -2.7448
24725 48.53 71.52 0.00 33.8986 -3.2636 -3.2636
24750 48.53 71.52 0.00 33.8986 -3.2636 -3.2636
24775 49.91 71.17 0.00 34.6478 -2.2779 -2.2779
24800 51.26 70.75 0.00 32.1917 -0.7498 -0.7498
24825 52.41 70.33 0.00 27.4223 -0.2939 -0.2939
24850 52.41 70.33 0.00 27.4223 -0.2939 -0.2939
24875 53.44 69.88 0.00 24.3201 1.1923 1.1923
24900 54.26 69.46 0.00 17.5708 -0.3361 -0.3361
24925 54.77 69.14 0.00 10.3368 0.3594 0.3594
24950 54.77 69.14 0.00 10.3368 0.3594 0.3594
24975 55.01 68.91 0.00 3.8191 0.4861 0.4861
25000 55.07 68.72 0.00 -0.0506 1.0053 1.0053
25025 55.07 68.72 0.00 -0.0506 1.0053 1.0053
25050 55.00 68.56 0.00 -2.0779 0.7199 0.7199
25075 54.96 68.38 0.00 -0.8269 1.9878 1.9878
25100 54.96 68.38 0.00 -0.8269 1.9878 1.9878
25125 55.00 68.03 0.00 1.3621 0.4824 0.4824
25150 55.00 68.03 0.00 1.3621 0.4824 0.4824
25175 55.05 67.64 0.00 1.2707 0.3514 0.3514
25200 55.10 67.11 0.00 1.5856 0.9767 0.9767
25225 55.19 66.58 0.00 2.8702 1.0427 1.0427
25250 55.19 66.58 0.00 2.8702 1.0427 1.0427
25275 55.36 66.03 0.00 5.8574 0.6638 0.6638
25300 55.70 65.47 0.00 9.9069 -0.3488 -0.3488
25325 56.17 64.90 0.00 12.5569 -0.3131 -0.3131
25350 56.17 64.90 0.00 12.5569 -0.3131 -0.3131
25375 56.78 64.31 0.00 17.8380 -1.2354 -1.2354
25400 57.64 63.64 0.00 22.4589 -3.3802 -3.3802
25425 57.64 63.64 0.00 22.4589 -3.3802 -3.3802
25450 58.52 63.07 0.00 21.3797 -1.9938 -1.9938
25475 59.28 62.54 0.00 17.2317 -0.5848 -0.5848
25500 59.28 62.54 0.00 17.2317 -0.5848 -0.5848
25525 59.89 62.04 0.00 14.7581 0.2536 0.2536
25550 60.46 61.66 0.00 13.1899 0.7333 0.7333
25575 60.92 61.34 0.00 10.4880 1.2235 1.2235
25600 60.92 61.34 0.00 10.4880 1.2235 1.2235
25625 61.25 61.14 0.00 7.5451 1.7546 1.7546
25650 61.48 61.02 0.00 4.4060 0.9973 0.9973
25675 61.48 61.02 0.00 4.4060 0.9973 0.9973
25700 61.61 60.95 0.00 1.6286 0.8284 0.8284
25725 61.68 60.89 0.00 2.3165 -0.0884 -0.0884
25750 61.68 60.89 0.00 2.3165 -0.0884 -0.0884
25775 61.75 60.86 0.00 1.5182 -0.7881 -0.7881
25800 61.84 60.84 0.00 2.3428 -0.8074 -0.8074
25825 61.84 60.84 0.00 2.3428 -0.8074 -0.8074
25850 61.96 60.85 0.00 4.1875 -0.4795 -0.4795
25875 62.15 60.83 0.00 7.2904 0.1664 0.1664
25900 62.49 60.73 0.00 9.2671 -0.2068 -0.2068
25925 62.49 60.73 0.00 9.2671 -0.2068 -0.2068
25950 62.99 60.47 0.00 15.2536 1.4284 1.4284
25975 63.72 60.27 0.00 20.4265 3.9459 3.9459
26000 64.62 60.12 0.00 23.4745 4.0505 4.0505
26025 64.62 60.12 0.00 23.4745 4.0505 4.0505
26050 65.61 60.02 0.00 25.8425 4.5152 4.5152
26075 65.61 60.02 0.00 25.8425 4.5152 4.5152
26100 66.68 59.84 0.00 28.0794 3.4131 3.4131
26125 67.94 59.54 0.00 33.4523 2.6727 2.6727
26150 67.94 59.54 0.00 33.4523 2.6727 2.6727
26175 69.29 59.26 0.00 32.7142 1.0488 1.0488
26200 70.49 59.03 0.00 29.0614 2.0058 2.0058
26225 71.58 58.78 0.00 25.5929 3.0713 3.0713
26250 71.58 58.78 0.00 25.5929 3.0713 3.0713
26275 72.41 58.69 0.00 16.9527 2.0160 2.0160
26300 72.96 58.62 0.00 11.7846 3.8502 3.8502
26325 73.38 58.47 0.00 9.9947 1.9240 1.9240
26350 73.38 58.47 0.00 9.9947 1.9240 1.9240
26375 73.66 58.40 0.00 4.2502 0.9303 0.9303
26400 73.69 58.30 0.00 -0.3119 2.5351 2.5351
26425 73.69 58.30 0.00 -0.3119 2.5351 2.5351
26450 73.60 58.16 0.00 -3.4728 2.7294 2.7294
26475 73.44 58.05 0.00 -4.0464 3.0573 3.0573
26500 73.25 58.04 0.00 -4.9116 3.5996 3.5996
26525 73.25 58.04 0.00 -4.9116 3.5996 3.5996
26550 73.11 57.94 0.00 -2.7905 2.8225 2.8225
26575 73.01 57.91 0.00 -3.5901 0.5513 0.5513
26600 73.01 57.91 0.00 -3.5901 0.5513 0.5513
26625 72.81 57.90 0.00 -6.1331 1.4446 1.4446
26650 72.59 57.78 0.00 -5.0508 2.6371 2.6371
26675 72.41 57.64 0.00 -3.9148 3.1322 3.1322
26700 72.41 57.64 0.00 -3.9148 3.1322 3.1322
26725 72.26 57.55 0.00 -4.3018 2.3073 2.3073
26750 72.06 57.46 0.00 -4.7199 2.5868 2.5868
26775 72.06 57.46 0.00 -4.7199 2.5868 2.5868
26800 71.93 57.51 0.00 -2.5039 1.5027 1.5027
26825 71.89 57.49 0.00 -0.1156 2.9237 2.9237
26850 71.89 57.49 0.00 -0.1156 2.9237 2.9237
26875 71.89 57.38 0.00 -0.0205 3.7606 3.7606
26900 71.82 57.21 0.00 -2.8652 1.9049 1.9049
26925 71.82 57.21 0.00 -2.8652 1.9049 1.9049
26950 71.71 57.00 0.00 -2.8264 3.9274 3.9274
26975 71.57 56.89 0.00 -4.0262 2.2022 2.2022
27000 71.38 56.90 0.00 -5.6933 4.0548 4.0548
27025 71.38 56.90 0.00 -5.6933 4.0548 4.0548
27050 71.13 56.91 0.00 -6.8186 4.1961 4.1961
27075 70.85 56.81 0.00 -6.2620 2.1799 2.1799
27100 70.85 56.81 0.00 -6.2620 2.1799 2.1799
27125 70.58 56.75 0.00 -7.7974 -1.4863 -1.4863
27150 70.25 56.80 0.00 -7.6444 0.4904 0.4904
27175 70.25 56.80 0.00 -7.6444 0.4904 0.4904
27200 69.98 56.75 0.00 -7.0198 2.3447 2.3447
27225 69.66 56.71 0.00 -8.9311 1.4885 1.4885
27250 69.66 56.71 0.00 -8.9311 1.4885 1.4885
27275 69.28 56.52 0.00 -9.3211 0.9648 0.9648
27300 68.93 56.26 0.00 -8.5764 0.1147 0.1147
27325 68.93 56.26 0.00 -8.5764 0.1147 0.1147
27350 68.61 55.80 0.00 -7.5751 1.5215 1.5215
27375 68.35 55.26 0.00 -5.8681 3.7675 3.7675
27400 68.17 54.91 0.00 -6.3429 1.5797 1.5797
27425 68.17 54.91 0.00 -6.3429 1.5797 1.5797
27450 67.90 54.41 0.00 -6.4240 1.9601 1.9601
27475 67.63 53.75 0.00 -7.2999 2.9021 2.9021
27500 67.63 53.75 0.00 -7.2999 2.9021 2.9021
27525 67.33 53.07 0.00 -6.5457 0.4200 0.4200
27550 67.17 52.32 0.00 -2.6152 -0.6006 -0.6006
27575 67.17 52.32 0.00 -2.6152 -0.6006 -0.6006
27600 67.15 51.60 0.00 0.4517 -0.1715 -0.1715
27625 67.22 51.09 0.00 2.4537 1.6591 1.6591
27650 67.31 50.49 0.00 2.2880 -1.2862 -1.2862
27675 67.31 50.49 0.00 2.2880 -1.2862 -1.2862
27700 67.34 50.17 0.00 -0.0784 -1.9180 -1.9180
27725 67.27 49.89 0.00 -2.4806 1.1923 1.1923
27750 67.24 49.37 0.00 -0.0234 -0.2974 -0.2974
27775 67.24 49.37 0.00 -0.0234 -0.2974 -0.2974
27800 67.27 48.95 0.00 1.5947 -0.1710 -0.1710
27825 67.31 48.54 0.00 -0.0548 2.9941 2.9941
27850 67.31 48.54 0.00 -0.0548 2.9941 2.9941
27875 67.27 48.10 0.00 -0.9393 2.2783 2.2783
27900 67.27 48.10 0.00 -0.9393 2.2783 2.2783
27925 67.27 47.75 0.00 0.1350 1.3371 1.3371
27950 67.20 47.29 0.00 -3.7228 0.2059 0.2059
27975 66.99 46.78 0.00 -5.9443 1.3831 1.3831
28000 66.99 46.78 0.00 -5.9443 1.3831 1.3831
28025 66.75 46.29 0.00 -5.0325 2.5305 2.5305
28050 66.61 45.75 0.00 -3.0581 3.1383 3.1383
28075 66.45 45.03 0.00 -4.1825 3.8965 3.8965
28100 66.45 45.03 0.00 -4.1825 3.8965 3.8965
28125 66.27 44.26 0.00 -5.2520 3.9215 3.9215
28150 66.05 43.36 0.00 -4.9835 2.1285 2.1285
28175 66.05 43.36 0.00 -4.9835 2.1285 2.1285
28200 65.89 42.36 0.00 -3.2746 1.9449 1.9449
28225 65.82 41.62 0.00 -1.8658 4.6630 4.6630
28250 65.75 40.60 0.00 -1.9056 4.5323 4.5323
28275 65.75 40.60 0.00 -1.9056 4.5323 4.5323
28300 65.66 39.70 0.00 -2.0254 2.0434 2.0434
28325 65.59 38.95 0.00 -1.5814 3.7745 3.7745
28350 65.59 38.95 0.00 -1.5814 3.7745 3.7745
28375 65.52 38.40 0.00 -2.5913 2.6558 2.6558
28400 65.37 38.03 0.00 -4.0484 0.2580 0.2580
28425 65.37 38.03 0.00 -4.0484 0.2580 0.2580
28450 65.21 37.89 0.00 -3.6164 0.1585 0.1585
28475 65.05 37.90 0.00 -4.1311 0.2275 0.2275
28500 65.05 37.90 0.00 -4.1311 0.2275 0.2275
28525 64.91 37.81 0.00 -3.4569 -0.5287 -0.5287
28550 64.77 37.73 0.00 -3.4056 -0.0069 -0.0069
28575 64.77 37.73 0.00 -3.4056 -0.0069 -0.0069
28600 64.61 37.62 0.00 -4.9837 0.3496 0.3496
28625 64.39 37.43 0.00 -5.9060 0.7510 0.7510
28650 64.13 37.24 0.00 -7.0165 0.6017 0.6017
28675 64.13 37.24 0.00 -7.0165 0.6017 0.6017
28700 63.80 36.97 0.00 -8.7071 0.8038 0.8038
28725 63.40 36.70 0.00 -11.3878 0.9244 0.9244
28750 63.40 36.70 0.00 -11.3878 0.9244 0.9244
28775 62.86 36.32 0.00 -14.8008 1.1895 1.1895
28800 62.21 35.90 0.00 -17.6154 0.7573 0.7573
28825 62.21 35.90 0.00 -17.6154 0.7573 0.7573
28850 61.48 35.41 0.00 -17.8737 1.9553 1.9553
28875 60.72 34.91 0.00 -19.5576 0.4568 0.4568
28900 59.95 34.32 0.00 -19.6767 0.3816 0.3816
28925 59.95 34.32 0.00 -19.6767 0.3816 0.3816
28950 59.17 33.74 0.00 -18.9183 1.2728 1.2728
28975 58.63 33.34 0.00 -17.5585 1.0669 1.0669
29000 58.63 33.34 0.00 -17.5585 1.0669 1.0669
29025 57.98 32.82 0.00 -14.9550 0.3525 0.3525
29050 57.52 32.33 0.00 -9.4268 1.5670 1.5670
29075 57.20 31.94 0.00 -7.4302 0.1322 0.1322
29100 57.20 31.94 0.00 -7.4302 0.1322 0.1322
29125 56.92 31.75 0.00 -6.4980 -0.4095 -0.4095
29150 56.68 31.38 0.00 -6.6744 -2.3168 -2.3168
29175 56.68 31.38 0.00 -6.6744 -2.3168 -2.3168
29200 56.40 31.17 0.00 -6.1973 -3.1214 -3.1214
29225 56.22 31.24 0.00 -3.2319 -2.6630 -2.6630
29250 56.15 31.76 0.00 -1.3923 -2.0380 -2.0380
29275 56.15 31.76 0.00 -1.3923 -2.0380 -2.0380
29300 56.08 32.20 0.00 -1.2340 -1.3463 -1.3463
29325 56.01 32.46 0.00 -2.2745 -2.2740 -2.2740
29350 56.01 32.46 0.00 -2.2745 -2.2740 -2.2740
29375 55.92 32.59 0.00 -2.5326 -0.9357 -0.9357
29400 55.77 32.36 0.00 -5.2886 -1.5197 -1.5197
29425 55.77 32.36 0.00 -5.2886 -1.5197 -1.5197
29450 55.59 32.13 0.00 -3.3610 1.6199 1.6199
29475 55.47 31.88 0.00 -3.6954 0.4397 0.4397
29500 55.29 31.80 0.00 -4.6136 1.0309 1.0309
29525 55.29 31.80 0.00 -4.6136 1.0309 1.0309
29550 55.05 31.95 0.00 -7.0434 0.3975 0.3975
29575 54.79 32.13 0.00 -6.7120 -2.0191 -2.0191
29600 54.79 32.13 0.00 -6.7120 -2.0191 -2.0191
29625 54.58 32.64 0.00 -4.7527 -2.7205 -2.7205
29650 54.38 32.79 0.00 -4.8524 -2.8388 -2.8388
29675 54.38 32.79 0.00 -4.8524 -2.8388 -2.8388
29700 54.19 32.78 0.00 -4.6574 -2.0863 -2.0863
29725 53.96 32.63 0.00 -5.7788 -1.0452 -1.0452
29750 53.75 32.47 0.00 -8.4340 -2.2746 -2.2746
29775 53.75 32.47 0.00 -8.4340 -2.2746 -2.2746
29800 53.33 32.03 0.00 -11.6351 -4.6416 -4.6416
29825 52.88 31.70 0.00 -11.0187 0.0784 0.0784
29850 52.88 31.70 0.00 -11.0187 0.0784 0.0784
29875 52.41 31.25 0.00 -12.0732 -1.6886 -1.6886
29900 51.96 31.00 0.00 -11.0031 -2.0911 -2.0911
29925 51.96 31.00 0.00 -11.0031 -2.0911 -2.0911
29950 51.55 30.81 0.00 -9.4040 -1.3910 -1.3910
29975 51.24 30.62 0.00 -7.1318 -2.4864 -2.4864
30000 50.93 30.52 0.00 -8.5974 -2.8981 -2.8981
30025 50.93 30.52 0.00 -8.5974 -2.8981 -2.8981
30050 50.52 30.18 0.00 -10.2674 -3.0228 -3.0228
30075 50.17 29.94 0.00 -7.9140 -3.5174 -3.5174
30100 50.17 29.94 0.00 -7.9140 -3.5174 -3.5174
30125 49.93 30.00 0.00 -5.5161 -4.0127 -4.0127
30150 49.74 30.28 0.00 -4.4077 -3.8944 -3.8944
30175 49.63 30.56 0.00 -1.5363 -1.4050 -1.4050
30200 49.63 30.56 0.00 -1.5363 -1.4050 -1.4050
30225 49.60 30.91 0.00 -1.0977 -0.6543 -0.6543
30250 49.60 30.91 0.00 -1.0977 -0.6543 -0.6543
30275 49.49 31.12 0.00 -3.3305 -2.6575 -2.6575
30300 49.37 31.18 0.00 -2.2121 -1.0244 -1.0244
30325 49.32 31.20 0.00 -1.4904 -0.9992 -0.9992
30350 49.32 31.20 0.00 -1.4904 -0.9992 -0.9992
30375 49.28 31.18 0.00 0.3473 0.8002 0.8002
30400 49.32 31.20 0.00 0.4165 0.8529 0.8529
30425 49.27 31.35 0.00 -2.0350 -0.7572 -0.7572
30450 49.27 31.35 0.00 -2.0350 -0.7572 -0.7572
30475 49.16 31.50 0.00 -2.8278 -1.1067 -1.1067
30500 49.09 31.74 0.00 -0.9923 -0.8759 -0.8759
30525 49.09 31.74 0.00 -0.9923 -0.8759 -0.8759
30550 49.07 32.03 0.00 -0.3973 -1.1283 -1.1283
30575 49.06 32.37 0.00 -0.8377 -1.4913 -1.4913
30600 49.06 32.37 0.00 -0.8377 -1.4913 -1.4913
30625 49.01 32.52 0.00 -1.1381 -1.1555 -1.1555
30650 49.01 32.52 0.00 -1.1381 -1.1555 -1.1555
30675 48.95 32.62 0.00 -1.3512 -1.0081 -1.0081
30700 48.88 32.64 0.00 -3.0912 0.6264 0.6264
30725 48.67 32.71 0.00 -5.3567 -2.3090 -2.3090
30750 48.67 32.71 0.00 -5.3567 -2.3090 -2.3090
30775 48.43 32.90 0.00 -6.8792 -2.9961 -2.9961
30800 48.13 33.23 0.00 -7.8635 -1.5816 -1.5816
30825 47.78 33.75 0.00 -9.6435 -2.5904 -2.5904
30850 47.78 33.75 0.00 -9.6435 -2.5904 -2.5904
30875 47.42 34.52 0.00 -9.0372 -1.6381 -1.6381
30900 47.03 35.30 0.00 -9.5180 -2.1015 -2.1015
30925 47.03 35.30 0.00 -9.5180 -2.1015 -2.1015
30950 46.67 35.88 0.00 -8.7238 -2.6492 -2.6492
30975 46.37 36.41 0.00 -6.6146 -3.2295 -3.2295
31000 46.14 36.75 0.00 -5.1284 -3.9456 -3.9456
31025 46.14 36.75 0.00 -5.1284 -3.9456 -3.9456
31050 45.97 37.08 0.00 -4.3082 -5.0059 -5.0059
31075 45.81 37.69 0.00 -3.5865 -5.2005 -5.2005
31100 45.81 37.69 0.00 -3.5865 -5.2005 -5.2005
31125 45.67 38.46 0.00 -3.3311 -2.8966 -2.8966
31150 45.53 39.34 0.00 -3.1974 -0.7485 -0.7485
31175 45.53 39.34 0.00 -3.1974 -0.7485 -0.7485
31200 45.42 40.34 0.00 -2.5602 -0.1715 -0.1715
31225 45.34 41.20 0.00 -1.7684 0.4220 0.4220
31250 45.34 41.20 0.00 -1.7684 0.4220 0.4220
31275 45.32 41.72 0.00 -0.3591 -1.0921 -1.0921
31300 45.37 42.43 0.00 2.3686 -0.7149 -0.7149
31325 45.48 42.94 0.00 3.1332 0.0897 0.0897
31350 45.48 42.94 0.00 3.1332 0.0897 0.0897
31375 45.65 43.32 0.00 5.3323 1.3765 1.3765
31400 45.93 43.85 0.00 7.2486 1.7702 1.7702
31425 45.93 43.85 0.00 7.2486 1.7702 1.7702
31450 46.23 44.56 0.00 7.9202 1.6414 1.6414
31475 46.56 45.36 0.00 8.1324 0.4234 0.4234
31500 46.87 46.04 0.00 7.9495 0.5088 0.5088
31525 46.87 46.04 0.00 7.9495 0.5088 0.5088
31550 47.21 46.58 0.00 8.2631 1.0848 1.0848
31575 47.54 47.04 0.00 8.4544 1.0762 1.0762
31600 47.89 47.43 0.00 8.8309 1.5757 1.5757
31625 47.89 47.43 0.00 8.8309 1.5757 1.5757
31650 48.22 47.81 0.00 7.9736 0.7566 0.7566
31675 48.52 48.23 0.00 7.0944 -0.1360 -0.1360
31700 48.52 48.23 0.00 7.0944 -0.1360 -0.1360
31725 48.83 48.73 0.00 7.7494 0.0622 0.0622
31750 49.11 49.20 0.00 7.0112 -1.7362 -1.7362
31775 49.11 49.20 0.00 7.0112 -1.7362 -1.7362
31800 49.35 49.60 0.00 5.7823 -2.4098 -2.4098
31825 49.55 49.87 0.00 3.9606 -2.2982 -2.2982
31850 49.55 49.87 0.00 3.9606 -2.2982 -2.2982
31875 49.69 50.23 0.00 3.4031 -1.9985 -1.9985
31900 49.81 50.58 0.00 2.2747 -1.6013 -1.6013
31925 49.81 50.58 0.00 2.2747 -1.6013 -1.6013
