%#        Time[ms]        X[pixel],        Y[pixel],        Z[pixel],  dX/dt[pixel/s],  dY/dt[pixel/s],  dZ/dt[pixel/s] 
0 50.00 50.00 0.00 0.8807 1.1316 1.1316
25 50.00 50.00 0.00 0.8807 1.1316 1.1316
50 50.03 50.02 0.00 0.8022 0.2677 0.2677
75 50.03 50.04 0.00 -0.1012 0.4530 0.4530
100 50.03 50.04 0.00 -0.1012 0.4530 0.4530
125 50.05 50.00 0.00 0.3747 0.7298 0.7298
150 50.07 49.98 0.00 0.3658 0.0605 0.0605
175 50.05 49.96 0.00 -0.5679 0.0752 0.0752
200 50.05 49.96 0.00 -0.5679 0.0752 0.0752
225 50.02 49.93 0.00 -1.0510 -0.2465 -0.2465
250 50.02 49.93 0.00 -1.0510 -0.2465 -0.2465
275 49.98 49.91 0.00 -1.0975 -0.8319 -0.8319
300 49.93 49.87 0.00 -0.9816 -0.6005 -0.6005
325 49.93 49.87 0.00 -0.9816 -0.6005 -0.6005
350 49.93 49.87 0.00 -0.0248 -0.0519 -0.0519
375 49.84 49.87 0.00 -5.7936 0.7266 0.7266
400 49.84 49.87 0.00 -5.7936 0.7266 0.7266
425 49.23 49.77 0.00 -21.6229 2.4027 2.4027
450 48.06 49.67 0.00 -31.9884 3.9366 3.9366
475 48.06 49.67 0.00 -31.9884 3.9366 3.9366
500 46.80 49.62 0.00 -29.3165 0.2820 0.2820
525 46.80 49.62 0.00 -29.3165 0.2820 0.2820
550 45.88 49.45 0.00 -18.9648 -3.9204 -3.9204
575 45.28 49.26 0.00 -12.6541 -6.6529 -6.6529
600 44.83 49.08 0.00 -11.8193 -7.0460 -7.0460
625 44.83 49.08 0.00 -11.8193 -7.0460 -7.0460
650 44.37 48.95 0.00 -10.7508 -4.8387 -4.8387
675 43.95 48.80 0.00 -10.0352 -2.7338 -2.7338
700 43.95 48.80 0.00 -10.0352 -2.7338 -2.7338
725 43.62 48.60 0.00 -7.6702 -2.3454 -2.3454
750 43.62 48.60 0.00 -7.6702 -2.3454 -2.3454
775 43.38 48.38 0.00 -5.3824 -2.7538 -2.7538
800 43.22 48.18 0.00 -5.3739 -2.3260 -2.3260
825 43.22 48.18 0.00 -5.3739 -2.3260 -2.3260
850 42.99 47.98 0.00 -5.9601 -0.6971 -0.6971
875 42.73 47.80 0.00 -6.6261 -0.9067 -0.9067
900 42.46 47.65 0.00 -7.0161 1.0543 1.0543
925 42.46 47.65 0.00 -7.0161 1.0543 1.0543
950 42.15 47.55 0.00 -8.6417 0.7297 0.7297
975 42.15 47.55 0.00 -8.6417 0.7297 0.7297
1000 41.74 47.44 0.00 -10.8685 0.7682 0.7682
1025 41.29 47.30 0.00 -11.2426 1.2612 1.2612
1050 41.29 47.30 0.00 -11.2426 1.2612 1.2612
1075 40.83 47.13 0.00 -11.0768 0.8264 0.8264
1100 40.39 46.96 0.00 -10.9332 -0.4952 -0.4952
1125 40.39 46.96 0.00 -10.9332 -0.4952 -0.4952
1150 39.98 46.77 0.00 -10.0593 -1.8511 -1.8511
1175 39.61 46.62 0.00 -8.2522 -2.5804 -2.5804
1200 39.33 46.49 0.00 -6.9766 -2.6461 -2.6461
1225 39.33 46.49 0.00 -6.9766 -2.6461 -2.6461
1250 39.07 46.35 0.00 -5.9636 -1.9099 -1.9099
1275 39.07 46.35 0.00 -5.9636 -1.9099 -1.9099
1300 38.84 46.22 0.00 -5.7808 -1.1683 -1.1683
1325 38.59 46.09 0.00 -6.5054 -0.2686 -0.2686
1350 38.59 46.09 0.00 -6.5054 -0.2686 -0.2686
1375 38.31 45.92 0.00 -7.5207 0.7788 0.7788
1400 38.00 45.76 0.00 -7.4348 1.2361 1.2361
1425 38.00 45.76 0.00 -7.4348 1.2361 1.2361
1450 37.70 45.61 0.00 -7.9623 0.9815 0.9815
1475 37.33 45.44 0.00 -9.8491 0.4218 0.4218
1500 37.33 45.44 0.00 -9.8491 0.4218 0.4218
1525 36.89 45.28 0.00 -11.8340 0.1444 0.1444
1550 36.41 45.10 0.00 -11.3533 0.4189 0.4189
1575 36.41 45.10 0.00 -11.3533 0.4189 0.4189
1600 35.98 44.90 0.00 -10.5018 -0.1893 -0.1893
1625 35.57 44.74 0.00 -9.8695 0.5288 0.5288
1650 35.57 44.74 0.00 -9.8695 0.5288 0.5288
1675 35.29 44.61 0.00 -9.6340 -0.1899 -0.1899
1700 34.91 44.43 0.00 -9.0886 -0.8412 -0.8412
1725 34.91 44.43 0.00 -9.0886 -0.8412 -0.8412
1750 34.57 44.25 0.00 -8.1914 -1.1562 -1.1562
1775 34.27 44.13 0.00 -7.5304 -0.9459 -0.9459
1800 34.27 44.13 0.00 -7.5304 -0.9459 -0.9459
1825 33.98 44.03 0.00 -6.8885 -1.4529 -1.4529
1850 33.75 43.89 0.00 -4.8465 -0.6272 -0.6272
1875 33.75 43.89 0.00 -4.8465 -0.6272 -0.6272
1900 33.59 43.77 0.00 -4.1242 -0.1046 -0.1046
1925 33.43 43.69 0.00 -3.8315 -0.4374 -0.4374
1950 33.43 43.69 0.00 -3.8315 -0.4374 -0.4374
1975 33.27 43.63 0.00 -3.7558 -0.8436 -0.8436
2000 33.27 43.63 0.00 -3.7558 -0.8436 -0.8436
2025 33.12 43.52 0.00 -4.2469 -0.2583 -0.2583
2050 32.91 43.42 0.00 -6.0376 -0.4155 -0.4155
2075 32.91 43.42 0.00 -6.0376 -0.4155 -0.4155
2100 32.64 43.28 0.00 -6.9597 -0.4989 -0.4989
2125 32.37 43.13 0.00 -6.9009 -0.7788 -0.7788
2150 32.10 42.99 0.00 -6.5258 -1.4705 -1.4705
2175 32.10 42.99 0.00 -6.5258 -1.4705 -1.4705
2200 31.83 42.85 0.00 -6.9025 -1.2952 -1.2952
2225 31.83 42.85 0.00 -6.9025 -1.2952 -1.2952
2250 31.54 42.65 0.00 -7.3871 -0.8284 -0.8284
2275 31.25 42.42 0.00 -6.8262 -0.2386 -0.2386
2300 31.25 42.42 0.00 -6.8262 -0.2386 -0.2386
2325 31.00 42.22 0.00 -5.7965 -0.5050 -0.5050
2350 30.78 41.98 0.00 -5.3143 -0.5157 -0.5157
2375 30.78 41.98 0.00 -5.3143 -0.5157 -0.5157
2400 30.56 41.81 0.00 -5.4454 -1.1474 -1.1474
2425 30.34 41.66 0.00 -5.7584 -2.1655 -2.1655
2450 30.34 41.66 0.00 -5.7584 -2.1655 -2.1655
2475 30.18 41.54 0.00 -5.3519 -2.9436 -2.9436
2500 30.00 41.38 0.00 -4.4260 -2.3470 -2.3470
2525 30.00 41.38 0.00 -4.4260 -2.3470 -2.3470
2550 29.82 41.19 0.00 -4.2550 -1.5086 -1.5086
2575 29.64 40.97 0.00 -4.5977 -0.9101 -0.9101
2600 29.64 40.97 0.00 -4.5977 -0.9101 -0.9101
2625 29.47 40.79 0.00 -4.0879 -0.4118 -0.4118
2650 29.47 40.79 0.00 -4.0879 -0.4118 -0.4118
2675 29.33 40.63 0.00 -3.5467 -1.0257 -1.0257
2700 29.20 40.44 0.00 -3.0410 -0.8371 -0.8371
2725 29.20 40.44 0.00 -3.0410 -0.8371 -0.8371
2750 29.07 40.22 0.00 -3.2269 -0.5341 -0.5341
2775 28.91 40.06 0.00 -4.0195 -0.4150 -0.4150
2800 28.74 39.86 0.00 -4.1278 -1.6903 -1.6903
2825 28.74 39.86 0.00 -4.1278 -1.6903 -1.6903
2850 28.63 39.65 0.00 -1.7431 -0.2745 -0.2745
2875 28.58 39.44 0.00 -0.9118 -0.9809 -0.9809
2900 28.58 39.44 0.00 -0.9118 -0.9809 -0.9809
2925 28.54 39.28 0.00 -1.5936 -0.2828 -0.2828
2950 28.47 39.11 0.00 -1.5280 0.1997 0.1997
2975 28.47 39.11 0.00 -1.5280 0.1997 0.1997
3000 28.42 38.91 0.00 -1.3583 -0.1766 -0.1766
3025 28.42 38.91 0.00 -1.3583 -0.1766 -0.1766
3050 28.34 38.70 0.00 -1.9302 -0.3518 -0.3518
3075 28.27 38.48 0.00 -2.0094 -0.3618 -0.3618
3100 28.20 38.25 0.00 -1.7023 -1.0871 -1.0871
3125 28.20 38.25 0.00 -1.7023 -1.0871 -1.0871
3150 28.12 37.98 0.00 -1.6101 -1.2843 -1.2843
3175 28.12 37.98 0.00 -1.6101 -1.2843 -1.2843
3200 28.05 37.68 0.00 -1.9306 -0.9737 -0.9737
3225 27.98 37.37 0.00 -1.6400 -0.2655 -0.2655
3250 27.98 37.37 0.00 -1.6400 -0.2655 -0.2655
3275 27.96 37.08 0.00 0.1717 0.4948 0.4948
3300 28.00 36.93 0.00 1.5259 0.9586 0.9586
3325 28.00 36.93 0.00 1.5259 0.9586 0.9586
3350 28.07 36.74 0.00 2.2707 0.9307 0.9307
3375 28.16 36.61 0.00 1.9957 0.9516 0.9516
3400 28.16 36.61 0.00 1.9957 0.9516 0.9516
3425 28.23 36.50 0.00 1.6037 0.9140 0.9140
3450 28.29 36.37 0.00 1.5942 1.1636 1.1636
3475 28.29 36.37 0.00 1.5942 1.1636 1.1636
3500 28.38 36.20 0.00 2.2192 1.1530 1.1530
3525 28.47 36.07 0.00 2.4073 1.4003 1.4003
3550 28.47 36.07 0.00 2.4073 1.4003 1.4003
3575 28.60 35.98 0.00 3.6401 2.3914 2.3914
3600 28.74 35.91 0.00 3.6717 1.4353 1.4353
3625 28.74 35.91 0.00 3.6717 1.4353 1.4353
3650 28.87 35.84 0.00 2.7923 1.3829 1.3829
3675 28.96 35.73 0.00 2.0438 1.2776 1.2776
3700 28.96 35.73 0.00 2.0438 1.2776 1.2776
3725 29.04 35.70 0.00 1.8902 1.6947 1.6947
3750 29.04 35.70 0.00 1.8902 1.6947 1.6947
3775 29.09 35.58 0.00 1.2757 0.4621 0.4621
3800 29.18 35.41 0.00 3.0367 2.8148 2.8148
3825 29.33 35.31 0.00 3.7363 2.2995 2.2995
3850 29.33 35.31 0.00 3.7363 2.2995 2.2995
3875 29.47 35.26 0.00 3.4593 1.6044 1.6044
3900 29.60 35.17 0.00 3.3921 1.6647 1.6647
3925 29.60 35.17 0.00 3.3921 1.6647 1.6647
3950 29.75 35.12 0.00 3.5935 1.7998 1.7998
3975 29.89 35.03 0.00 3.2260 1.5413 1.5413
4000 29.89 35.03 0.00 3.2260 1.5413 1.5413
4025 29.98 34.92 0.00 2.1211 1.0888 1.0888
4050 29.98 34.92 0.00 2.1211 1.0888 1.0888
4075 30.07 34.83 0.00 2.0837 1.1210 1.1210
4100 30.16 34.73 0.00 2.7709 1.1081 1.1081
4125 30.29 34.70 0.00 3.5412 1.5393 1.5393
4150 30.29 34.70 0.00 3.5412 1.5393 1.5393
4175 30.42 34.67 0.00 4.2035 1.8405 1.8405
4200 30.42 34.67 0.00 4.2035 1.8405 1.8405
4225 30.60 34.60 0.00 4.4644 1.8284 1.8284
4250 30.76 34.55 0.00 4.0810 2.3422 2.3422
4275 30.76 34.55 0.00 4.0810 2.3422 2.3422
4300 30.92 34.47 0.00 4.3707 2.6533 2.6533
4325 31.12 34.42 0.00 4.9488 2.4856 2.4856
4350 31.12 34.42 0.00 4.9488 2.4856 2.4856
4375 31.34 34.37 0.00 5.6750 1.8934 1.8934
4400 31.57 34.37 0.00 5.8705 1.4063 1.4063
4425 31.57 34.37 0.00 5.8705 1.4063 1.4063
4450 31.81 34.36 0.00 6.1444 1.6799 1.6799
4475 32.08 34.34 0.00 6.9088 2.3981 2.3981
4500 32.08 34.34 0.00 6.9088 2.3981 2.3981
4525 32.37 34.33 0.00 7.8471 2.9150 2.9150
4550 32.69 34.37 0.00 8.3868 3.3365 3.3365
4575 32.69 34.37 0.00 8.3868 3.3365 3.3365
4600 33.03 34.43 0.00 8.4035 2.7547 2.7547
4625 33.36 34.48 0.00 7.9546 2.8212 2.8212
4650 33.36 34.48 0.00 7.9546 2.8212 2.8212
4675 33.66 34.56 0.00 7.7684 2.7734 2.7734
4700 33.96 34.73 0.00 7.5889 2.8321 2.8321
4725 33.96 34.73 0.00 7.5889 2.8321 2.8321
4750 34.25 34.82 0.00 6.4938 1.9031 1.9031
4775 34.54 34.91 0.00 7.7801 3.6688 3.6688
4800 34.54 34.91 0.00 7.7801 3.6688 3.6688
4825 34.84 35.10 0.00 7.7638 2.8984 2.8984
4850 35.14 35.32 0.00 7.5553 2.6641 2.6641
4875 35.14 35.32 0.00 7.5553 2.6641 2.6641
4900 35.47 35.57 0.00 7.8657 2.5683 2.5683
4925 35.80 35.77 0.00 8.5767 2.3629 2.3629
4950 35.80 35.77 0.00 8.5767 2.3629 2.3629
4975 36.07 35.94 0.00 9.0557 1.7812 1.7812
5000 36.43 36.14 0.00 9.2083 1.5965 1.5965
5025 36.43 36.14 0.00 9.2083 1.5965 1.5965
5050 36.76 36.35 0.00 7.5460 1.6576 1.6576
5075 37.03 36.57 0.00 6.1229 1.6105 1.6105
5100 37.03 36.57 0.00 6.1229 1.6105 1.6105
5125 37.26 36.77 0.00 6.1219 2.3629 2.3629
5150 37.53 36.93 0.00 7.0002 2.6501 2.6501
5175 37.53 36.93 0.00 7.0002 2.6501 2.6501
5200 37.83 37.09 0.00 7.3472 2.4884 2.4884
5225 38.11 37.26 0.00 6.8502 2.9602 2.9602
5250 38.11 37.26 0.00 6.8502 2.9602 2.9602
5275 38.38 37.40 0.00 6.5740 3.4476 3.4476
5300 38.38 37.40 0.00 6.5740 3.4476 3.4476
5325 38.64 37.52 0.00 6.3745 3.0317 3.0317
5350 38.89 37.66 0.00 6.1261 2.5798 2.5798
5375 38.89 37.66 0.00 6.1261 2.5798 2.5798
5400 39.14 37.76 0.00 6.2074 2.6179 2.6179
5425 39.37 37.83 0.00 5.8007 2.6455 2.6455
5450 39.37 37.83 0.00 5.8007 2.6455 2.6455
5475 39.61 37.93 0.00 6.2928 2.6541 2.6541
5500 39.88 38.01 0.00 7.4679 3.0582 3.0582
5525 39.88 38.01 0.00 7.4679 3.0582 3.0582
5550 40.21 38.15 0.00 8.7361 2.5508 2.5508
5575 40.62 38.30 0.00 11.2360 1.8003 1.8003
5600 40.62 38.30 0.00 11.2360 1.8003 1.8003
5625 41.15 38.44 0.00 14.4591 2.2616 2.2616
5650 41.81 38.65 0.00 17.6105 2.5063 2.5063
5675 41.81 38.65 0.00 17.6105 2.5063 2.5063
5700 42.60 38.89 0.00 20.7676 2.5856 2.5856
5725 43.43 39.03 0.00 20.3392 2.3314 2.3314
5750 43.43 39.03 0.00 20.3392 2.3314 2.3314
5775 44.23 39.16 0.00 19.5848 4.1953 4.1953
5800 44.23 39.16 0.00 19.5848 4.1953 4.1953
5825 44.79 39.32 0.00 18.2470 3.6315 3.6315
5850 45.49 39.51 0.00 16.9384 3.2778 3.2778
5875 46.11 39.67 0.00 14.7931 4.1396 4.1396
5900 46.11 39.67 0.00 14.7931 4.1396 4.1396
5925 46.67 39.81 0.00 13.3180 4.1243 4.1243
5950 46.67 39.81 0.00 13.3180 4.1243 4.1243
5975 47.17 39.94 0.00 12.1438 3.4362 3.4362
6000 47.63 40.04 0.00 10.8956 2.7562 2.7562
6025 48.04 40.11 0.00 10.4035 2.5710 2.5710
6050 48.04 40.11 0.00 10.4035 2.5710 2.5710
6075 48.48 40.19 0.00 10.6722 2.4833 2.4833
6100 48.90 40.29 0.00 10.9143 2.3869 2.3869
6125 48.90 40.29 0.00 10.9143 2.3869 2.3869
6150 49.35 40.38 0.00 11.0048 2.5053 2.5053
6175 49.79 40.45 0.00 11.0932 2.6048 2.6048
6200 49.79 40.45 0.00 11.0932 2.6048 2.6048
6225 50.23 40.55 0.00 10.7366 3.6550 3.6550
6250 50.23 40.55 0.00 10.7366 3.6550 3.6550
6275 50.65 40.64 0.00 10.4572 4.1257 4.1257
6300 51.08 40.75 0.00 10.8811 3.7962 3.7962
6325 51.08 40.75 0.00 10.8811 3.7962 3.7962
6350 51.52 40.88 0.00 11.0358 2.9771 2.9771
6375 51.97 41.01 0.00 11.2759 3.3878 3.3878
6400 52.41 41.13 0.00 11.2899 3.9483 3.9483
6425 52.41 41.13 0.00 11.2899 3.9483 3.9483
6450 52.86 41.26 0.00 11.3415 3.5550 3.5550
6475 52.86 41.26 0.00 11.3415 3.5550 3.5550
6500 53.33 41.44 0.00 11.7576 3.5198 3.5198
6525 53.81 41.60 0.00 11.3763 2.7234 2.7234
6550 53.81 41.60 0.00 11.3763 2.7234 2.7234
6575 54.23 41.75 0.00 10.4125 2.5554 2.5554
6600 54.63 41.91 0.00 9.3301 2.3932 2.3932
6625 54.63 41.91 0.00 9.3301 2.3932 2.3932
6650 54.89 42.04 0.00 8.5703 2.3006 2.3006
6675 55.22 42.24 0.00 8.0408 1.9513 1.9513
6700 55.22 42.24 0.00 8.0408 1.9513 1.9513
6725 55.52 42.36 0.00 7.2162 2.0689 2.0689
6750 55.52 42.36 0.00 7.2162 2.0689 2.0689
6775 55.80 42.49 0.00 7.1388 3.4178 3.4178
6800 56.08 42.67 0.00 6.7167 2.1595 2.1595
6825 56.34 42.87 0.00 6.9861 2.3148 2.3148
6850 56.34 42.87 0.00 6.9861 2.3148 2.3148
6875 56.64 43.01 0.00 7.6080 2.5357 2.5357
6900 56.64 43.01 0.00 7.6080 2.5357 2.5357
6925 56.96 43.17 0.00 7.9295 2.3430 2.3430
6950 57.26 43.33 0.00 7.7402 1.6728 1.6728
6975 57.26 43.33 0.00 7.7402 1.6728 1.6728
7000 57.55 43.47 0.00 7.1791 1.0953 1.0953
7025 57.84 43.63 0.00 6.5509 1.1028 1.1028
7050 57.84 43.63 0.00 6.5509 1.1028 1.1028
7075 58.08 43.81 0.00 6.1456 1.0836 1.0836
7100 58.34 44.03 0.00 6.8422 1.1780 1.1780
7125 58.34 44.03 0.00 6.8422 1.1780 1.1780
7150 58.64 44.30 0.00 8.0488 0.6599 0.6599
7175 59.00 44.57 0.00 9.2647 -0.0053 -0.0053
7200 59.00 44.57 0.00 9.2647 -0.0053 -0.0053
7225 59.42 44.96 0.00 10.8633 -0.7503 -0.7503
7250 59.88 45.37 0.00 12.0543 -1.4621 -1.4621
7275 60.37 45.84 0.00 12.5228 -2.2748 -2.2748
7300 60.37 45.84 0.00 12.5228 -2.2748 -2.2748
7325 60.88 46.30 0.00 12.5751 -2.5803 -2.5803
7350 60.88 46.30 0.00 12.5751 -2.5803 -2.5803
7375 61.38 46.73 0.00 12.6882 -2.5041 -2.5041
7400 61.92 47.19 0.00 14.4844 -1.7974 -1.7974
7425 61.92 47.19 0.00 14.4844 -1.7974 -1.7974
7450 62.56 47.63 0.00 16.8035 -2.5804 -2.5804
7475 63.09 47.96 0.00 18.6190 -2.7043 -2.7043
7500 63.09 47.96 0.00 18.6190 -2.7043 -2.7043
7525 63.91 48.43 0.00 21.1194 -2.8407 -2.8407
7550 64.75 48.81 0.00 20.4334 -3.3852 -3.3852
7575 64.75 48.81 0.00 20.4334 -3.3852 -3.3852
7600 65.53 49.16 0.00 19.2787 -1.9001 -1.9001
7625 66.27 49.50 0.00 17.2882 -0.7899 -0.7899
7650 66.27 49.50 0.00 17.2882 -0.7899 -0.7899
7675 66.91 49.81 0.00 15.2658 0.1311 0.1311
7700 67.47 50.08 0.00 13.5440 0.2558 0.2558
7725 67.47 50.08 0.00 13.5440 0.2558 0.2558
7750 68.01 50.34 0.00 13.2818 0.9065 0.9065
7775 68.53 50.67 0.00 13.2659 -0.0091 -0.0091
7800 68.53 50.67 0.00 13.2659 -0.0091 -0.0091
7825 69.08 51.04 0.00 13.7410 -0.8469 -0.8469
7850 69.64 51.33 0.00 13.8641 -0.4371 -0.4371
7875 69.64 51.33 0.00 13.8641 -0.4371 -0.4371
7900 70.16 51.61 0.00 12.6828 -0.6551 -0.6551
7925 70.64 51.92 0.00 11.5128 -1.2203 -1.2203
7950 70.64 51.92 0.00 11.5128 -1.2203 -1.2203
7975 71.09 52.20 0.00 10.9905 -1.2002 -1.2002
8000 71.09 52.20 0.00 10.9905 -1.2002 -1.2002
8025 71.49 52.46 0.00 9.9248 -1.3579 -1.3579
8050 71.88 52.80 0.00 9.7222 -1.6010 -1.6010
8075 71.88 52.80 0.00 9.7222 -1.6010 -1.6010
8100 72.30 53.11 0.00 10.6731 -1.8444 -1.8444
8125 72.77 53.39 0.00 12.9922 -2.4469 -2.4469
8150 72.77 53.39 0.00 12.9922 -2.4469 -2.4469
8175 73.36 53.72 0.00 15.5261 -2.8356 -2.8356
8200 73.86 54.01 0.00 17.4853 -3.1786 -3.1786
8225 73.86 54.01 0.00 17.4853 -3.1786 -3.1786
8250 74.60 54.41 0.00 19.3681 -3.4471 -3.4471
8275 75.42 54.79 0.00 20.6102 -4.2432 -4.2432
8300 75.42 54.79 0.00 20.6102 -4.2432 -4.2432
8325 76.27 55.21 0.00 21.6969 -5.1421 -5.1421
8350 77.17 55.64 0.00 22.7304 -5.3856 -5.3856
8375 77.17 55.64 0.00 22.7304 -5.3856 -5.3856
8400 78.05 56.05 0.00 21.8155 -3.9898 -3.9898
8425 78.92 56.43 0.00 22.0399 -3.5269 -3.5269
8450 78.92 56.43 0.00 22.0399 -3.5269 -3.5269
8475 79.77 56.85 0.00 20.8655 -4.3161 -4.3161
8500 80.55 57.31 0.00 18.5953 -3.6070 -3.6070
8525 80.55 57.31 0.00 18.5953 -3.6070 -3.6070
8550 81.26 57.72 0.00 17.1427 -3.0375 -3.0375
8575 81.93 58.12 0.00 16.4799 -2.6342 -2.6342
8600 81.93 58.12 0.00 16.4799 -2.6342 -2.6342
8625 82.57 58.55 0.00 15.3802 -3.0533 -3.0533
8650 83.21 58.98 0.00 16.2746 -2.8632 -2.8632
8675 83.21 58.98 0.00 16.2746 -2.8632 -2.8632
8700 83.87 59.34 0.00 17.3109 -3.3333 -3.3333
8725 84.59 59.69 0.00 17.8222 -3.0979 -3.0979
8750 84.59 59.69 0.00 17.8222 -3.0979 -3.0979
8775 85.29 60.11 0.00 17.5675 -4.2255 -4.2255
8800 86.02 60.54 0.00 18.7165 -5.3881 -5.3881
8825 86.02 60.54 0.00 18.7165 -5.3881 -5.3881
8850 86.77 61.01 0.00 18.9521 -5.5263 -5.5263
8875 87.51 61.52 0.00 18.0478 -5.9508 -5.9508
8900 87.51 61.52 0.00 18.0478 -5.9508 -5.9508
8925 88.21 62.04 0.00 17.3881 -5.9331 -5.9331
8950 88.91 62.51 0.00 16.9851 -5.8700 -5.8700
8975 88.91 62.51 0.00 16.9851 -5.8700 -5.8700
9000 89.57 62.96 0.00 16.6934 -4.8804 -4.8804
9025 89.57 62.96 0.00 16.6934 -4.8804 -4.8804
9050 90.26 63.40 0.00 17.6623 -4.7286 -4.7286
9075 90.99 63.89 0.00 18.7736 -5.2224 -5.2224
9100 91.56 64.28 0.00 18.8931 -5.7897 -5.7897
9125 91.56 64.28 0.00 18.8931 -5.7897 -5.7897
9150 92.30 64.86 0.00 18.4030 -5.7854 -5.7854
9175 92.30 64.86 0.00 18.4030 -5.7854 -5.7854
9200 93.03 65.47 0.00 17.6350 -5.9387 -5.9387
9225 93.69 66.00 0.00 15.7462 -4.6404 -4.6404
9250 93.69 66.00 0.00 15.7462 -4.6404 -4.6404
9275 94.27 66.50 0.00 14.6240 -4.6149 -4.6149
9300 94.84 67.05 0.00 13.7085 -5.3668 -5.3668
9325 95.32 67.49 0.00 11.0439 -3.5899 -3.5899
9350 95.32 67.49 0.00 11.0439 -3.5899 -3.5899
9375 95.66 67.92 0.00 6.0052 -1.2903 -1.2903
9400 95.76 68.28 0.00 0.6210 0.4858 0.4858
9425 95.76 68.28 0.00 0.6210 0.4858 0.4858
9450 95.76 68.57 0.00 0.3730 0.5316 0.5316
9475 95.76 68.57 0.00 0.3730 0.5316 0.5316
9500 95.78 68.84 0.00 -0.1792 -1.4454 -1.4454
9525 95.74 68.98 0.00 -1.9269 -0.1154 -0.1154
9550 95.74 68.98 0.00 -1.9269 -0.1154 -0.1154
9575 95.59 69.03 0.00 -4.3658 0.6250 0.6250
9600 95.40 69.07 0.00 -4.7460 1.0344 1.0344
9625 95.40 69.07 0.00 -4.7460 1.0344 1.0344
9650 95.26 69.03 0.00 -2.7881 0.4683 0.4683
9675 95.15 68.85 0.00 -2.6939 0.9197 0.9197
9700 95.15 68.85 0.00 -2.6939 0.9197 0.9197
9725 95.03 68.72 0.00 -3.9638 1.8341 1.8341
9750 94.82 68.62 0.00 -5.5564 1.4515 1.4515
9775 94.82 68.62 0.00 -5.5564 1.4515 1.4515
9800 94.61 68.48 0.00 -5.4004 1.0648 1.0648
9825 94.40 68.37 0.00 -4.6421 1.1115 1.1115
9850 94.40 68.37 0.00 -4.6421 1.1115 1.1115
9875 94.21 68.21 0.00 -4.9597 0.5102 0.5102
9900 94.00 68.08 0.00 -5.0185 0.3463 0.3463
9925 94.00 68.08 0.00 -5.0185 0.3463 0.3463
9950 93.86 67.98 0.00 -5.1638 0.7001 0.7001
9975 93.65 67.92 0.00 -5.2974 0.5511 0.5511
10000 93.65 67.92 0.00 -5.2974 0.5511 0.5511
10025 93.42 67.88 0.00 -5.7939 0.2818 0.2818
10050 93.17 67.88 0.00 -6.9086 0.0729 0.0729
10075 93.17 67.88 0.00 -6.9086 0.0729 0.0729
10100 92.88 67.96 0.00 -6.8430 -0.4332 -0.4332
10125 92.59 68.11 0.00 -7.7249 -1.4377 -1.4377
10150 92.59 68.11 0.00 -7.7249 -1.4377 -1.4377
10175 92.26 68.29 0.00 -8.5409 -1.2205 -1.2205
10200 91.89 68.50 0.00 -9.7756 -1.8177 -1.8177
10225 91.89 68.50 0.00 -9.7756 -1.8177 -1.8177
10250 91.44 68.74 0.00 -12.5823 -2.0472 -2.0472
10275 91.44 68.74 0.00 -12.5823 -2.0472 -2.0472
10300 90.89 69.02 0.00 -13.7531 -1.9376 -1.9376
10325 90.30 69.24 0.00 -16.0669 -2.4804 -2.4804
10350 89.61 69.44 0.00 -17.3068 -1.3090 -1.3090
10375 89.61 69.44 0.00 -17.3068 -1.3090 -1.3090
10400 89.01 69.60 0.00 -13.1970 -2.0868 -2.0868
10425 89.01 69.60 0.00 -13.1970 -2.0868 -2.0868
10450 88.51 69.70 0.00 -12.9085 -3.4844 -3.4844
10475 87.91 69.83 0.00 -16.6005 -1.9715 -1.9715
10500 87.91 69.83 0.00 -16.6005 -1.9715 -1.9715
10525 87.15 69.89 0.00 -20.0047 -1.8005 -1.8005
10550 86.32 69.92 0.00 -21.2728 -0.3278 -0.3278
10575 86.32 69.92 0.00 -21.2728 -0.3278 -0.3278
10600 85.41 69.95 0.00 -22.9251 0.6595 0.6595
10625 84.55 69.95 0.00 -20.3480 0.0723 0.0723
10650 84.55 69.95 0.00 -20.3480 0.0723 0.0723
10675 83.87 69.93 0.00 -15.5786 -1.0437 -1.0437
10700 83.27 69.81 0.00 -14.9681 -1.5167 -1.5167
10725 83.27 69.81 0.00 -14.9681 -1.5167 -1.5167
10750 82.80 69.77 0.00 -15.6054 -0.8239 -0.8239
10775 82.22 69.74 0.00 -13.6158 -1.1966 -1.1966
10800 82.22 69.74 0.00 -13.6158 -1.1966 -1.1966
10825 81.72 69.68 0.00 -11.1537 -1.2315 -1.2315
10850 81.34 69.62 0.00 -9.3245 -0.2149 -0.2149
10875 81.34 69.62 0.00 -9.3245 -0.2149 -0.2149
10900 80.99 69.53 0.00 -8.0179 -0.3322 -0.3322
10925 80.73 69.42 0.00 -5.8852 -1.4370 -1.4370
10950 80.73 69.42 0.00 -5.8852 -1.4370 -1.4370
10975 80.52 69.29 0.00 -4.7922 -0.9459 -0.9459
11000 80.34 69.16 0.00 -4.0288 -0.2588 -0.2588
11025 80.34 69.16 0.00 -4.0288 -0.2588 -0.2588
11050 80.19 69.05 0.00 -4.0917 -0.2837 -0.2837
11075 80.02 68.93 0.00 -4.0081 0.5780 0.5780
11100 80.02 68.93 0.00 -4.0081 0.5780 0.5780
11125 79.89 68.84 0.00 -3.0644 1.0444 1.0444
11150 79.79 68.73 0.00 -1.9238 0.9905 0.9905
11175 79.79 68.73 0.00 -1.9238 0.9905 0.9905
11200 79.72 68.66 0.00 -1.7063 0.8539 0.8539
11225 79.66 68.57 0.00 -1.6190 0.2322 0.2322
11250 79.66 68.57 0.00 -1.6190 0.2322 0.2322
11275 79.56 68.48 0.00 -2.4674 -0.2777 -0.2777
11300 79.45 68.40 0.00 -3.0000 -0.0634 -0.0634
11325 79.45 68.40 0.00 -3.0000 -0.0634 -0.0634
11350 79.34 68.33 0.00 -3.0209 0.4190 0.4190
11375 79.20 68.29 0.00 -4.0056 -0.2268 -0.2268
11400 79.20 68.29 0.00 -4.0056 -0.2268 -0.2268
11425 79.00 68.31 0.00 -5.9398 -0.8632 -0.8632
11450 78.77 68.38 0.00 -5.2821 -0.6348 -0.6348
11475 78.77 68.38 0.00 -5.2821 -0.6348 -0.6348
11500 78.60 68.41 0.00 -3.2771 -2.8516 -2.8516
11525 78.60 68.41 0.00 -3.2771 -2.8516 -2.8516
11550 78.49 68.40 0.00 -2.5957 -2.6072 -2.6072
11575 78.35 68.39 0.00 -4.0634 -2.1006 -2.1006
11600 78.20 68.43 0.00 -5.3636 -2.3046 -2.3046
11625 78.20 68.43 0.00 -5.3636 -2.3046 -2.3046
11650 77.96 68.46 0.00 -6.6292 -2.4067 -2.4067
11675 77.96 68.46 0.00 -6.6292 -2.4067 -2.4067
11700 77.66 68.48 0.00 -7.3878 -1.6450 -1.6450
11725 77.38 68.53 0.00 -7.1647 -1.9901 -1.9901
11750 77.38 68.53 0.00 -7.1647 -1.9901 -1.9901
11775 77.09 68.60 0.00 -6.7948 -3.7094 -3.7094
11800 76.79 68.66 0.00 -7.9005 -3.7321 -3.7321
11825 76.79 68.66 0.00 -7.9005 -3.7321 -3.7321
11850 76.44 68.69 0.00 -9.3966 -3.2228 -3.2228
11875 76.05 68.69 0.00 -10.1869 -3.6356 -3.6356
11900 75.62 68.68 0.00 -11.2138 -3.5232 -3.5232
11925 75.62 68.68 0.00 -11.2138 -3.5232 -3.5232
11950 75.16 68.68 0.00 -11.4410 -3.6860 -3.6860
11975 75.16 68.68 0.00 -11.4410 -3.6860 -3.6860
12000 74.71 68.66 0.00 -10.9027 -4.6337 -4.6337
12025 74.27 68.64 0.00 -11.6144 -4.6283 -4.6283
12050 73.75 68.64 0.00 -13.0255 -3.1558 -3.1558
12075 73.75 68.64 0.00 -13.0255 -3.1558 -3.1558
12100 73.25 68.63 0.00 -12.5784 -3.5327 -3.5327
12125 73.25 68.63 0.00 -12.5784 -3.5327 -3.5327
12150 72.74 68.60 0.00 -12.6485 -3.9145 -3.9145
12175 72.22 68.59 0.00 -13.3387 -3.3605 -3.3605
12200 71.66 68.59 0.00 -14.6881 -3.0750 -3.0750
12225 71.66 68.59 0.00 -14.6881 -3.0750 -3.0750
12250 71.04 68.62 0.00 -16.5919 -2.9432 -2.9432
12275 71.04 68.62 0.00 -16.5919 -2.9432 -2.9432
12300 70.33 68.65 0.00 -18.3095 -2.2098 -2.2098
12325 70.33 68.65 0.00 -18.3095 -2.2098 -2.2098
12350 69.58 68.67 0.00 -18.0894 -1.9419 -1.9419
12375 69.06 68.67 0.00 -16.8115 -2.3326 -2.3326
12400 68.44 68.66 0.00 -14.8319 -3.4393 -3.4393
12425 68.44 68.66 0.00 -14.8319 -3.4393 -3.4393
12450 67.88 68.66 0.00 -13.4836 -3.5524 -3.5524
12475 67.36 68.60 0.00 -12.4558 -3.7137 -3.7137
12500 67.36 68.60 0.00 -12.4558 -3.7137 -3.7137
12525 66.90 68.55 0.00 -11.3053 -3.6999 -3.6999
12550 66.47 68.46 0.00 -10.3543 -3.2781 -3.2781
12575 66.47 68.46 0.00 -10.3543 -3.2781 -3.2781
12600 66.09 68.40 0.00 -9.2994 -3.0676 -3.0676
12625 65.73 68.30 0.00 -8.5042 -2.8548 -2.8548
12650 65.73 68.30 0.00 -8.5042 -2.8548 -2.8548
12675 65.43 68.15 0.00 -6.8001 -1.9010 -1.9010
12700 65.18 68.05 0.00 -5.8574 -2.1577 -2.1577
12725 65.18 68.05 0.00 -5.8574 -2.1577 -2.1577
12750 64.96 67.96 0.00 -5.7403 -1.9085 -1.9085
12775 64.96 67.96 0.00 -5.7403 -1.9085 -1.9085
12800 64.73 67.83 0.00 -5.8250 -1.2664 -1.2664
12825 64.50 67.66 0.00 -5.6606 -0.4242 -0.4242
12850 64.27 67.50 0.00 -5.8927 -0.2716 -0.2716
12875 64.27 67.50 0.00 -5.8927 -0.2716 -0.2716
12900 64.02 67.32 0.00 -6.6522 -0.2585 -0.2585
12925 64.02 67.32 0.00 -6.6522 -0.2585 -0.2585
12950 63.73 67.13 0.00 -7.1665 0.2930 0.2930
12975 63.45 66.93 0.00 -6.7965 0.1942 0.1942
13000 63.45 66.93 0.00 -6.7965 0.1942 0.1942
13025 63.20 66.79 0.00 -5.5952 -0.7220 -0.7220
13050 62.99 66.62 0.00 -5.6250 -0.9380 -0.9380
13075 62.99 66.62 0.00 -5.6250 -0.9380 -0.9380
13100 62.74 66.40 0.00 -6.6801 0.0814 0.0814
13125 62.46 66.23 0.00 -7.4771 0.4918 0.4918
13150 62.46 66.23 0.00 -7.4771 0.4918 0.4918
13175 62.15 66.03 0.00 -7.1424 0.5184 0.5184
13200 61.87 65.89 0.00 -6.6926 0.3952 0.3952
13225 61.87 65.89 0.00 -6.6926 0.3952 0.3952
13250 61.68 65.75 0.00 -6.7715 -0.0689 -0.0689
13275 61.41 65.56 0.00 -6.3178 -0.3338 -0.3338
13300 61.41 65.56 0.00 -6.3178 -0.3338 -0.3338
13325 61.18 65.38 0.00 -5.5720 -0.0145 -0.0145
13350 60.97 65.19 0.00 -5.3470 0.1954 0.1954
13375 60.97 65.19 0.00 -5.3470 0.1954 0.1954
13400 60.76 65.00 0.00 -5.5556 0.4429 0.4429
13425 60.53 64.84 0.00 -5.1712 0.7836 0.7836
13450 60.53 64.84 0.00 -5.1712 0.7836 0.7836
13475 60.32 64.67 0.00 -5.3079 0.1645 0.1645
13500 60.10 64.46 0.00 -5.6773 -0.0934 -0.0934
13525 60.10 64.46 0.00 -5.6773 -0.0934 -0.0934
13550 59.88 64.28 0.00 -5.3225 -0.0684 -0.0684
13575 59.68 64.18 0.00 -4.8195 0.0661 0.0661
13600 59.68 64.18 0.00 -4.8195 0.0661 0.0661
13625 59.49 64.00 0.00 -5.0774 -0.1052 -0.1052
13650 59.28 63.77 0.00 -5.3446 1.3706 1.3706
13675 59.28 63.77 0.00 -5.3446 1.3706 1.3706
13700 59.01 63.58 0.00 -7.1927 1.7090 1.7090
13725 58.71 63.46 0.00 -7.7568 2.5085 2.5085
13750 58.71 63.46 0.00 -7.7568 2.5085 2.5085
13775 58.43 63.39 0.00 -5.8918 2.4456 2.4456
13800 58.26 63.27 0.00 -3.9448 1.1815 1.1815
13825 58.26 63.27 0.00 -3.9448 1.1815 1.1815
13850 58.12 63.11 0.00 -3.4056 0.6119 0.6119
13875 58.12 63.11 0.00 -3.4056 0.6119 0.6119
13900 57.98 62.99 0.00 -4.0442 0.3237 0.3237
13925 57.80 62.85 0.00 -4.4817 0.6471 0.6471
13950 57.61 62.69 0.00 -4.8717 0.7000 0.7000
13975 57.61 62.69 0.00 -4.8717 0.7000 0.7000
14000 57.41 62.52 0.00 -4.9355 0.8630 0.8630
14025 57.41 62.52 0.00 -4.9355 0.8630 0.8630
14050 57.22 62.34 0.00 -4.4289 1.2617 1.2617
14075 57.06 62.13 0.00 -3.8824 1.6537 1.6537
14100 56.96 61.97 0.00 -3.6529 1.5123 1.5123
14125 56.96 61.97 0.00 -3.6529 1.5123 1.5123
14150 56.80 61.69 0.00 -4.1964 1.3084 1.3084
14175 56.80 61.69 0.00 -4.1964 1.3084 1.3084
14200 56.59 61.43 0.00 -5.8034 1.1085 1.1085
14225 56.34 61.17 0.00 -6.0893 1.8414 1.8414
14250 56.34 61.17 0.00 -6.0893 1.8414 1.8414
14275 56.12 60.94 0.00 -5.2377 1.7301 1.7301
14300 55.94 60.71 0.00 -4.1037 0.7361 0.7361
14325 55.94 60.71 0.00 -4.1037 0.7361 0.7361
14350 55.78 60.49 0.00 -3.3059 0.6840 0.6840
14375 55.66 60.28 0.00 -3.2527 0.4937 0.4937
14400 55.52 60.03 0.00 -3.7142 0.4499 0.4499
14425 55.52 60.03 0.00 -3.7142 0.4499 0.4499
14450 55.38 59.80 0.00 -3.7250 1.3434 1.3434
14475 55.38 59.80 0.00 -3.7250 1.3434 1.3434
14500 55.22 59.58 0.00 -3.6026 1.7283 1.7283
14525 55.08 59.35 0.00 -3.7286 1.1870 1.1870
14550 55.08 59.35 0.00 -3.7286 1.1870 1.1870
14575 54.93 59.09 0.00 -3.5698 1.1894 1.1894
14600 54.82 58.84 0.00 -2.2926 1.9818 1.9818
14625 54.82 58.84 0.00 -2.2926 1.9818 1.9818
14650 54.73 58.61 0.00 -2.0688 0.5697 0.5697
14675 54.66 58.40 0.00 -2.0078 0.2526 0.2526
14700 54.66 58.40 0.00 -2.0078 0.2526 0.2526
14725 54.58 58.21 0.00 -1.8027 0.6654 0.6654
14750 54.51 58.02 0.00 -1.6943 0.1267 0.1267
14775 54.51 58.02 0.00 -1.6943 0.1267 0.1267
14800 54.44 57.81 0.00 -2.1950 0.3676 0.3676
14825 54.33 57.56 0.00 -2.9277 0.6873 0.6873
14850 54.33 57.56 0.00 -2.9277 0.6873 0.6873
14875 54.23 57.37 0.00 -3.1904 0.6373 0.6373
14900 54.10 57.14 0.00 -2.8172 0.1671 0.1671
14925 54.10 57.14 0.00 -2.8172 0.1671 0.1671
14950 54.02 56.89 0.00 -2.4194 -0.4556 -0.4556
14975 53.91 56.65 0.00 -2.1964 -0.4959 -0.4959
15000 53.91 56.65 0.00 -2.1964 -0.4959 -0.4959
15025 53.84 56.42 0.00 -1.9332 -0.1559 -0.1559
15050 53.77 56.22 0.00 -1.3969 0.4687 0.4687
15075 53.77 56.22 0.00 -1.3969 0.4687 0.4687
15100 53.72 56.03 0.00 -1.2893 0.5443 0.5443
15125 53.72 56.03 0.00 -1.2893 0.5443 0.5443
15150 53.67 55.84 0.00 -1.5421 0.2605 0.2605
15175 53.60 55.62 0.00 -1.9655 0.1796 0.1796
15200 53.60 55.62 0.00 -1.9655 0.1796 0.1796
15225 53.53 55.39 0.00 -1.4059 0.8565 0.8565
15250 53.47 55.16 0.00 -1.4631 0.3644 0.3644
15275 53.47 55.16 0.00 -1.4631 0.3644 0.3644
15300 53.42 54.95 0.00 -1.3329 0.9322 0.9322
15325 53.35 54.72 0.00 -1.7148 0.3713 0.3713
15350 53.35 54.72 0.00 -1.7148 0.3713 0.3713
15375 53.28 54.46 0.00 -2.0635 0.4935 0.4935
15400 53.18 54.19 0.00 -2.9484 0.5645 0.5645
15425 53.18 54.19 0.00 -2.9484 0.5645 0.5645
15450 53.06 53.91 0.00 -3.0317 0.8959 0.8959
15475 52.93 53.61 0.00 -3.0493 0.8039 0.8039
15500 52.93 53.61 0.00 -3.0493 0.8039 0.8039
15525 52.79 53.26 0.00 -3.9203 1.0420 1.0420
15550 52.62 52.87 0.00 -4.0071 1.9646 1.9646
15575 52.62 52.87 0.00 -4.0071 1.9646 1.9646
15600 52.48 52.53 0.00 -3.4280 1.3277 1.3277
15625 52.34 52.14 0.00 -3.3200 1.3974 1.3974
15650 52.34 52.14 0.00 -3.3200 1.3974 1.3974
15675 52.20 51.62 0.00 -3.9533 1.9798 1.9798
15700 52.20 51.62 0.00 -3.9533 1.9798 1.9798
15725 52.02 51.02 0.00 -4.5345 2.1295 2.1295
15750 51.85 50.44 0.00 -3.8583 2.2363 2.2363
15775 51.75 50.00 0.00 -3.4022 1.9743 1.9743
15800 51.75 50.00 0.00 -3.4022 1.9743 1.9743
15825 51.62 49.41 0.00 -2.6033 1.5553 1.5553
15850 51.55 48.87 0.00 -1.4788 1.3513 1.3513
15875 51.55 48.87 0.00 -1.4788 1.3513 1.3513
15900 51.55 48.45 0.00 0.6714 1.0653 1.0653
15925 51.61 48.08 0.00 2.0193 1.4112 1.4112
15950 51.61 48.08 0.00 2.0193 1.4112 1.4112
15975 51.71 47.64 0.00 2.5398 2.5368 2.5368
16000 51.80 47.21 0.00 2.0966 2.8870 2.8870
16025 51.80 47.21 0.00 2.0966 2.8870 2.8870
16050 51.89 46.78 0.00 1.8926 3.1835 3.1835
16075 51.96 46.39 0.00 2.1188 2.8353 2.8353
16100 51.96 46.39 0.00 2.1188 2.8353 2.8353
16125 52.08 46.03 0.00 3.2404 3.0520 3.0520
16150 52.23 45.74 0.00 4.3025 3.6427 3.6427
16175 52.23 45.74 0.00 4.3025 3.6427 3.6427
16200 52.41 45.38 0.00 4.5749 3.7830 3.7830
16225 52.41 45.38 0.00 4.5749 3.7830 3.7830
16250 52.58 45.01 0.00 3.7632 3.5023 3.5023
16275 52.69 44.64 0.00 2.3242 2.7432 2.7432
16300 52.74 44.30 0.00 0.5907 2.0199 2.0199
16325 52.74 44.30 0.00 0.5907 2.0199 2.0199
16350 52.76 43.89 0.00 0.3394 2.6629 2.6629
16375 52.76 43.89 0.00 0.3394 2.6629 2.6629
16400 52.78 43.51 0.00 0.3809 2.6485 2.6485
16425 52.78 43.20 0.00 -0.0636 2.2926 2.2926
16450 52.78 43.20 0.00 -0.0636 2.2926 2.2926
16475 52.74 42.87 0.00 -1.0441 1.1317 1.1317
16500 52.72 42.52 0.00 -0.6730 2.1628 2.1628
16525 52.72 42.52 0.00 -0.6730 2.1628 2.1628
16550 52.69 42.19 0.00 -1.0778 1.4559 1.4559
16575 52.65 41.98 0.00 -1.2102 1.5502 1.5502
16600 52.65 41.98 0.00 -1.2102 1.5502 1.5502
16625 52.60 41.72 0.00 -1.2599 1.5563 1.5563
16650 52.55 41.39 0.00 -0.9717 1.3103 1.3103
16675 52.51 41.06 0.00 -1.1062 0.8813 0.8813
16700 52.51 41.06 0.00 -1.1062 0.8813 0.8813
16725 52.48 40.74 0.00 -0.8257 0.9122 0.9122
16750 52.48 40.74 0.00 -0.8257 0.9122 0.9122
16775 52.44 40.41 0.00 -0.6685 0.3749 0.3749
16800 52.43 40.07 0.00 -0.7108 0.4675 0.4675
16825 52.43 40.07 0.00 -0.7108 0.4675 0.4675
16850 52.39 39.72 0.00 -0.3470 1.3135 1.3135
16875 52.41 39.37 0.00 0.6030 2.2043 2.2043
16900 52.41 39.37 0.00 0.6030 2.2043 2.2043
16925 52.44 38.95 0.00 1.1860 1.9732 1.9732
16950 52.50 38.56 0.00 0.9483 1.8644 1.8644
16975 52.50 38.56 0.00 0.9483 1.8644 1.8644
17000 52.53 38.16 0.00 1.0590 2.0531 2.0531
17025 52.58 37.79 0.00 1.3799 2.7628 2.7628
17050 52.58 37.79 0.00 1.3799 2.7628 2.7628
17075 52.64 37.35 0.00 1.0673 2.5485 2.5485
17100 52.65 36.88 0.00 0.4307 2.0315 2.0315
17125 52.65 36.88 0.00 0.4307 2.0315 2.0315
17150 52.67 36.46 0.00 0.3432 2.4207 2.4207
17175 52.69 36.04 0.00 0.8200 2.9046 2.9046
17200 52.69 36.04 0.00 0.8200 2.9046 2.9046
17225 52.72 35.62 0.00 0.9842 2.7045 2.7045
17250 52.72 35.62 0.00 0.9842 2.7045 2.7045
17275 52.76 35.22 0.00 0.7663 2.6387 2.6387
17300 52.78 34.76 0.00 0.3411 2.8528 2.8528
17325 52.79 34.32 0.00 0.5161 3.3510 3.3510
17350 52.79 34.32 0.00 0.5161 3.3510 3.3510
17375 52.83 33.82 0.00 1.1598 3.1546 3.1546
17400 52.83 33.82 0.00 1.1598 3.1546 3.1546
17425 52.90 33.47 0.00 2.1865 3.8206 3.8206
17450 52.97 33.05 0.00 1.8891 2.5587 2.5587
17475 52.97 33.05 0.00 1.8891 2.5587 2.5587
17500 53.06 32.66 0.00 1.7040 2.5455 2.5455
17525 53.13 32.27 0.00 2.4165 3.5282 3.5282
17550 53.13 32.27 0.00 2.4165 3.5282 3.5282
17575 53.25 31.84 0.00 2.9026 3.2606 3.2606
17600 53.37 31.43 0.00 3.0683 3.2041 3.2041
17625 53.37 31.43 0.00 3.0683 3.2041 3.2041
17650 53.49 31.00 0.00 3.0643 3.6262 3.6262
17675 53.60 30.58 0.00 2.7610 3.2374 3.2374
17700 53.60 30.58 0.00 2.7610 3.2374 3.2374
17725 53.72 30.15 0.00 3.0316 3.9377 3.9377
17750 53.84 29.69 0.00 3.3631 3.8795 3.8795
17775 53.84 29.69 0.00 3.3631 3.8795 3.8795
17800 54.00 29.20 0.00 4.0978 4.5146 4.5146
17825 54.17 28.72 0.00 4.7521 4.4614 4.4614
17850 54.17 28.72 0.00 4.7521 4.4614 4.4614
17875 54.38 28.30 0.00 5.1980 4.3385 4.3385
17900 54.58 27.89 0.00 4.3585 3.8668 3.8668
17925 54.58 27.89 0.00 4.3585 3.8668 3.8668
17950 54.73 27.47 0.00 3.8256 4.0076 4.0076
17975 54.73 27.47 0.00 3.8256 4.0076 4.0076
18000 54.87 27.07 0.00 3.9190 4.4784 4.4784
18025 55.03 26.66 0.00 4.0039 3.9370 3.9370
18050 55.21 26.23 0.00 4.3709 4.2703 4.2703
18075 55.21 26.23 0.00 4.3709 4.2703 4.2703
18100 55.38 25.84 0.00 4.3024 3.7934 3.7934
18125 55.54 25.43 0.00 4.1145 3.1938 3.1938
18150 55.54 25.43 0.00 4.1145 3.1938 3.1938
18175 55.71 25.04 0.00 4.2284 3.4043 3.4043
18200 55.71 25.04 0.00 4.2284 3.4043 3.4043
18225 55.85 24.69 0.00 3.5333 3.6489 3.6489
18250 55.96 24.42 0.00 3.2913 3.5967 3.5967
18275 56.08 24.03 0.00 2.6250 3.1681 3.1681
18300 56.08 24.03 0.00 2.6250 3.1681 3.1681
18325 56.20 23.57 0.00 3.5782 4.7275 4.7275
18350 56.20 23.57 0.00 3.5782 4.7275 4.7275
18375 56.36 23.18 0.00 3.9916 4.5364 4.5364
18400 56.52 22.74 0.00 4.1361 4.2270 4.2270
18425 56.68 22.34 0.00 3.5678 3.5829 3.5829
18450 56.68 22.34 0.00 3.5678 3.5829 3.5829
18475 56.82 21.92 0.00 3.4671 3.9925 3.9925
18500 56.82 21.92 0.00 3.4671 3.9925 3.9925
18525 56.94 21.45 0.00 3.2330 4.5018 4.5018
18550 57.10 20.90 0.00 4.2669 5.7042 5.7042
18575 57.29 20.31 0.00 4.8885 5.0467 5.0467
18600 57.29 20.31 0.00 4.8885 5.0467 5.0467
18625 57.50 19.68 0.00 5.4543 5.1887 5.1887
18650 57.50 19.68 0.00 5.4543 5.1887 5.1887
18675 57.73 19.04 0.00 5.7013 5.8828 5.8828
18700 57.94 18.37 0.00 5.4348 6.4719 6.4719
18725 57.94 18.37 0.00 5.4348 6.4719 6.4719
18750 58.19 17.65 0.00 6.4490 7.6390 7.6390
18775 58.47 16.96 0.00 7.4005 7.5426 7.5426
18800 58.47 16.96 0.00 7.4005 7.5426 7.5426
18825 58.77 16.28 0.00 7.6162 7.1474 7.1474
18850 59.05 15.59 0.00 6.4740 5.9714 5.9714
18875 59.05 15.59 0.00 6.4740 5.9714 5.9714
18900 59.28 14.98 0.00 5.4485 6.1245 6.1245
18925 59.47 14.47 0.00 4.7208 6.4991 6.4991
18950 59.47 14.47 0.00 4.7208 6.4991 6.4991
18975 59.65 14.01 0.00 3.4182 4.9661 4.9661
19000 59.75 13.72 0.00 2.9158 4.3497 4.3497
19025 59.75 13.72 0.00 2.9158 4.3497 4.3497
19050 59.88 13.51 0.00 2.5489 2.3763 2.3763
19075 59.93 13.40 0.00 2.1090 1.1854 1.1854
19100 59.93 13.40 0.00 2.1090 1.1854 1.1854
19125 60.00 13.26 0.00 0.8125 0.7155 0.7155
19150 60.00 13.17 0.00 0.0873 0.7832 0.7832
19175 60.00 13.17 0.00 0.0873 0.7832 0.7832
19200 60.02 13.12 0.00 0.1553 1.0478 1.0478
19225 60.00 13.01 0.00 -0.0296 1.2118 1.2118
19250 60.00 13.01 0.00 -0.0296 1.2118 1.2118
19275 60.03 12.90 0.00 0.5842 1.8329 1.8329
19300 60.03 12.79 0.00 0.2376 0.8882 0.8882
19325 60.03 12.79 0.00 0.2376 0.8882 0.8882
19350 60.05 12.67 0.00 0.2493 0.9392 0.9392
19375 60.05 12.54 0.00 0.3314 2.1590 2.1590
19400 60.05 12.54 0.00 0.3314 2.1590 2.1590
19425 60.09 12.33 0.00 0.7500 2.3318 2.3318
19450 60.10 12.08 0.00 0.3491 1.3693 1.3693
19475 60.10 12.08 0.00 0.3491 1.3693 1.3693
19500 60.10 11.84 0.00 -0.3294 0.9652 0.9652
19525 60.09 11.54 0.00 -0.2087 1.2748 1.2748
19550 60.09 11.54 0.00 -0.2087 1.2748 1.2748
19575 60.09 11.27 0.00 -0.0610 1.0425 1.0425
19600 60.07 11.00 0.00 -0.4293 1.2011 1.2011
19625 60.07 11.00 0.00 -0.4293 1.2011 1.2011
19650 60.05 10.75 0.00 -0.7642 1.1654 1.1654
19675 60.02 10.61 0.00 -1.0637 0.7539 0.7539
19700 60.02 10.61 0.00 -1.0637 0.7539 0.7539
19725 59.95 10.55 0.00 -1.9441 -0.1812 -0.1812
19750 59.95 10.55 0.00 -1.9441 -0.1812 -0.1812
19775 59.86 10.48 0.00 -2.7797 -1.1674 -1.1674
19800 59.72 10.54 0.00 -3.9103 -2.5594 -2.5594
19825 59.54 10.55 0.00 -3.9379 -2.1710 -2.1710
19850 59.54 10.55 0.00 -3.9379 -2.1710 -2.1710
19875 59.42 10.53 0.00 -3.3862 -2.1133 -2.1133
19900 59.42 10.53 0.00 -3.3862 -2.1133 -2.1133
19925 59.31 10.58 0.00 -3.5229 -2.8877 -2.8877
19950 59.15 10.68 0.00 -3.7610 -3.4675 -3.4675
19975 59.15 10.68 0.00 -3.7610 -3.4675 -3.4675
20000 59.01 10.80 0.00 -3.4400 -3.0030 -3.0030
20025 58.85 10.92 0.00 -4.4756 -4.1209 -4.1209
20050 58.85 10.92 0.00 -4.4756 -4.1209 -4.1209
20075 58.68 10.91 0.00 -4.1655 -3.4926 -3.4926
20100 58.52 10.87 0.00 -3.7866 -2.9343 -2.9343
20125 58.52 10.87 0.00 -3.7866 -2.9343 -2.9343
20150 58.38 10.88 0.00 -2.8339 -1.9903 -1.9903
20175 58.27 10.84 0.00 -2.7712 -2.4886 -2.4886
20200 58.27 10.84 0.00 -2.7712 -2.4886 -2.4886
20225 58.20 10.77 0.00 -1.3164 -0.5032 -0.5032
20250 58.13 10.80 0.00 -2.1139 -1.5060 -1.5060
20275 58.13 10.80 0.00 -2.1139 -1.5060 -1.5060
20300 58.03 10.85 0.00 -2.3347 -1.5559 -1.5559
20325 57.94 10.92 0.00 -2.2878 -2.0090 -2.0090
20350 57.94 10.92 0.00 -2.2878 -2.0090 -2.0090
20375 57.85 10.97 0.00 -2.1630 -2.0668 -2.0668
20400 57.78 11.04 0.00 -1.9201 -2.3006 -2.3006
20425 57.78 11.04 0.00 -1.9201 -2.3006 -2.3006
20450 57.69 11.16 0.00 -2.1235 -2.3112 -2.3112
20475 57.69 11.16 0.00 -2.1235 -2.3112 -2.3112
20500 57.61 11.25 0.00 -2.3465 -2.0899 -2.0899
20525 57.50 11.32 0.00 -2.2873 -2.4377 -2.4377
20550 57.41 11.44 0.00 -2.3014 -2.5156 -2.5156
20575 57.41 11.44 0.00 -2.3014 -2.5156 -2.5156
20600 57.33 11.47 0.00 -2.4320 -1.8562 -1.8562
20625 57.24 11.49 0.00 -2.1308 -1.9411 -1.9411
20650 57.24 11.49 0.00 -2.1308 -1.9411 -1.9411
20675 57.13 11.57 0.00 -2.4620 -2.6635 -2.6635
20700 57.03 11.64 0.00 -2.9480 -2.9250 -2.9250
20725 57.03 11.64 0.00 -2.9480 -2.9250 -2.9250
20750 56.92 11.71 0.00 -3.7150 -3.7474 -3.7474
20775 56.73 11.81 0.00 -5.3025 -4.4986 -4.4986
20800 56.73 11.81 0.00 -5.3025 -4.4986 -4.4986
20825 56.48 11.91 0.00 -6.5708 -4.7334 -4.7334
20850 56.20 12.03 0.00 -7.6438 -5.9078 -5.9078
20875 56.20 12.03 0.00 -7.6438 -5.9078 -5.9078
20900 55.87 12.22 0.00 -8.6667 -6.6672 -6.6672
20925 55.49 12.48 0.00 -9.9535 -6.9613 -6.9613
20950 55.49 12.48 0.00 -9.9535 -6.9613 -6.9613
20975 55.08 12.74 0.00 -10.4523 -7.6506 -7.6506
21000 55.08 12.74 0.00 -10.4523 -7.6506 -7.6506
21025 54.65 13.00 0.00 -10.9250 -8.4190 -8.4190
21050 54.21 13.25 0.00 -11.1362 -9.0071 -9.0071
21075 54.21 13.25 0.00 -11.1362 -9.0071 -9.0071
21100 53.75 13.55 0.00 -10.8295 -9.0680 -9.0680
21125 53.33 13.80 0.00 -10.1635 -8.7206 -8.7206
21150 52.97 14.08 0.00 -8.6307 -7.4678 -7.4678
21175 52.97 14.08 0.00 -8.6307 -7.4678 -7.4678
21200 52.65 14.41 0.00 -7.5603 -7.1471 -7.1471
21225 52.65 14.41 0.00 -7.5603 -7.1471 -7.1471
21250 52.36 14.77 0.00 -7.0130 -7.0613 -7.0613
21275 52.09 15.10 0.00 -6.7066 -6.6009 -6.6009
21300 52.09 15.10 0.00 -6.7066 -6.6009 -6.6009
21325 51.83 15.46 0.00 -6.5072 -6.3652 -6.3652
21350 51.62 15.74 0.00 -6.9156 -7.2685 -7.2685
21375 51.62 15.74 0.00 -6.9156 -7.2685 -7.2685
21400 51.34 16.16 0.00 -7.3291 -7.5825 -7.5825
21425 51.03 16.64 0.00 -7.8286 -8.1353 -8.1353
21450 51.03 16.64 0.00 -7.8286 -8.1353 -8.1353
21475 50.70 17.16 0.00 -8.3806 -8.2407 -8.2407
21500 50.37 17.64 0.00 -8.1621 -7.9561 -7.9561
21525 50.37 17.64 0.00 -8.1621 -7.9561 -7.9561
21550 50.05 18.15 0.00 -7.7870 -7.3473 -7.3473
21575 49.74 18.62 0.00 -7.6720 -6.9226 -6.9226
21600 49.74 18.62 0.00 -7.6720 -6.9226 -6.9226
21625 49.44 19.01 0.00 -7.2575 -6.6831 -6.6831
21650 49.16 19.39 0.00 -7.3133 -7.2865 -7.2865
21675 48.85 19.77 0.00 -8.2687 -7.9935 -7.9935
21700 48.85 19.77 0.00 -8.2687 -7.9935 -7.9935
21725 48.48 20.15 0.00 -9.6034 -8.8353 -8.8353
21750 48.08 20.50 0.00 -9.7450 -8.1967 -8.1967
21775 48.08 20.50 0.00 -9.7450 -8.1967 -8.1967
21800 47.73 20.79 0.00 -8.2946 -6.6095 -6.6095
21825 47.73 20.79 0.00 -8.2946 -6.6095 -6.6095
21850 47.42 21.04 0.00 -7.8241 -7.0240 -7.0240
21875 47.14 21.29 0.00 -6.4372 -5.7007 -5.7007
21900 47.14 21.29 0.00 -6.4372 -5.7007 -5.7007
21925 46.87 21.54 0.00 -6.2488 -5.8145 -5.8145
21950 46.61 21.79 0.00 -6.5513 -5.7327 -5.7327
21975 46.61 21.79 0.00 -6.5513 -5.7327 -5.7327
22000 46.35 22.03 0.00 -6.8055 -5.2982 -5.2982
22025 46.09 22.26 0.00 -6.4361 -4.9838 -4.9838
22050 46.09 22.26 0.00 -6.4361 -4.9838 -4.9838
22075 45.83 22.46 0.00 -6.2994 -5.0876 -5.0876
22100 45.60 22.58 0.00 -5.3904 -3.5826 -3.5826
22125 45.60 22.58 0.00 -5.3904 -3.5826 -3.5826
22150 45.39 22.72 0.00 -5.0757 -3.8751 -3.8751
22175 45.16 22.97 0.00 -6.1613 -4.7994 -4.7994
22200 45.16 22.97 0.00 -6.1613 -4.7994 -4.7994
22225 44.88 23.25 0.00 -7.5902 -4.8022 -4.8022
22250 44.55 23.51 0.00 -8.2167 -4.5751 -4.5751
22275 44.55 23.51 0.00 -8.2167 -4.5751 -4.5751
22300 44.22 23.77 0.00 -8.2391 -4.8331 -4.8331
22325 43.97 23.99 0.00 -8.1977 -4.9107 -4.9107
22350 43.97 23.99 0.00 -8.1977 -4.9107 -4.9107
22375 43.66 24.31 0.00 -8.0960 -5.3861 -5.3861
22400 43.32 24.65 0.00 -8.4006 -6.0916 -6.0916
22425 43.32 24.65 0.00 -8.4006 -6.0916 -6.0916
22450 42.99 24.99 0.00 -8.2285 -6.4563 -6.4563
22475 42.66 25.35 0.00 -8.3031 -6.2537 -6.2537
22500 42.66 25.35 0.00 -8.3031 -6.2537 -6.2537
22525 42.34 25.74 0.00 -7.9610 -5.7610 -5.7610
22550 42.34 25.74 0.00 -7.9610 -5.7610 -5.7610
22575 42.02 26.20 0.00 -8.0271 -6.0553 -6.0553
22600 41.69 26.67 0.00 -8.6470 -6.8667 -6.8667
22625 41.32 27.23 0.00 -9.6248 -7.6564 -7.6564
22650 41.32 27.23 0.00 -9.6248 -7.6564 -7.6564
22675 40.92 27.78 0.00 -10.0092 -8.3414 -8.3414
22700 40.53 28.26 0.00 -9.7858 -8.3501 -8.3501
22725 40.53 28.26 0.00 -9.7858 -8.3501 -8.3501
22750 40.16 28.75 0.00 -8.9437 -7.1151 -7.1151
22775 39.81 29.29 0.00 -8.2405 -7.1837 -7.1837
22800 39.81 29.29 0.00 -8.2405 -7.1837 -7.1837
22825 39.47 29.88 0.00 -8.2664 -8.2865 -8.2865
22850 39.14 30.52 0.00 -9.0571 -8.9148 -8.9148
22875 39.14 30.52 0.00 -9.0571 -8.9148 -8.9148
22900 38.73 31.09 0.00 -10.3651 -9.9840 -9.9840
22925 38.73 31.09 0.00 -10.3651 -9.9840 -9.9840
22950 38.31 31.65 0.00 -10.8439 -10.8999 -10.8999
22975 37.86 32.16 0.00 -11.7751 -12.1526 -12.1526
23000 37.40 32.67 0.00 -11.3311 -11.5579 -11.5579
23025 37.40 32.67 0.00 -11.3311 -11.5579 -11.5579
23050 36.92 33.17 0.00 -11.7900 -11.6050 -11.6050
23075 36.52 33.62 0.00 -9.8572 -9.6478 -9.6478
23100 36.52 33.62 0.00 -9.8572 -9.6478 -9.6478
23125 36.12 34.13 0.00 -9.7946 -11.0638 -11.0638
23150 36.12 34.13 0.00 -9.7946 -11.0638 -11.0638
23175 35.70 34.69 0.00 -10.9042 -11.5318 -11.5318
23200 35.25 35.25 0.00 -11.6735 -10.8658 -10.8658
23225 34.89 35.68 0.00 -12.0121 -11.2918 -11.2918
23250 34.89 35.68 0.00 -12.0121 -11.2918 -11.2918
23275 34.34 36.32 0.00 -15.1041 -11.8103 -11.8103
23300 34.34 36.32 0.00 -15.1041 -11.8103 -11.8103
23325 33.68 37.00 0.00 -17.2675 -10.5121 -10.5121
23350 33.00 37.81 0.00 -16.7192 -11.3361 -11.3361
23375 33.00 37.81 0.00 -16.7192 -11.3361 -11.3361
23400 32.37 38.60 0.00 -14.8229 -10.1087 -10.1087
23425 31.83 39.18 0.00 -12.8305 -8.3810 -8.3810
23450 31.83 39.18 0.00 -12.8305 -8.3810 -8.3810
23475 31.36 39.75 0.00 -10.6714 -7.8925 -7.8925
23500 30.98 40.34 0.00 -8.9643 -6.2580 -6.2580
23525 30.98 40.34 0.00 -8.9643 -6.2580 -6.2580
23550 30.65 40.85 0.00 -7.4425 -6.0501 -6.0501
23575 30.38 41.38 0.00 -6.7295 -6.4213 -6.4213
23600 30.38 41.38 0.00 -6.7295 -6.4213 -6.4213
23625 30.09 42.03 0.00 -7.5226 -6.0764 -6.0764
23650 29.78 42.60 0.00 -7.8669 -5.5393 -5.5393
23675 29.78 42.60 0.00 -7.8669 -5.5393 -5.5393
23700 29.51 43.16 0.00 -5.5862 -3.9400 -3.9400
23725 29.33 43.66 0.00 -4.0890 -3.5576 -3.5576
23750 29.33 43.66 0.00 -4.0890 -3.5576 -3.5576
23775 29.20 44.18 0.00 -2.3624 -2.4793 -2.4793
23800 29.13 44.73 0.00 -1.9449 -2.4804 -2.4804
23825 29.13 44.73 0.00 -1.9449 -2.4804 -2.4804
23850 29.04 45.27 0.00 -2.2746 -2.1460 -2.1460
23875 29.04 45.27 0.00 -2.2746 -2.1460 -2.1460
23900 28.94 45.73 0.00 -2.3808 -1.5839 -1.5839
23925 28.87 46.24 0.00 -1.8482 -1.6429 -1.6429
23950 28.78 46.74 0.00 -2.5803 -2.5759 -2.5759
23975 28.78 46.74 0.00 -2.5803 -2.5759 -2.5759
24000 28.67 47.05 0.00 -3.5066 -3.1901 -3.1901
24025 28.54 47.49 0.00 -3.2267 -2.3097 -2.3097
24050 28.54 47.49 0.00 -3.2267 -2.3097 -2.3097
24075 28.40 47.98 0.00 -3.6616 -2.6002 -2.6002
24100 28.25 48.45 0.00 -4.0795 -3.4020 -3.4020
24125 28.25 48.45 0.00 -4.0795 -3.4020 -3.4020
24150 28.09 48.92 0.00 -4.4454 -3.0493 -3.0493
24175 27.89 49.43 0.00 -5.3099 -3.4285 -3.4285
24200 27.89 49.43 0.00 -5.3099 -3.4285 -3.4285
24225 27.65 49.92 0.00 -6.0620 -4.2547 -4.2547
24250 27.39 50.40 0.00 -6.4112 -4.9495 -4.9495
24275 27.39 50.40 0.00 -6.4112 -4.9495 -4.9495
24300 27.12 50.92 0.00 -7.1291 -5.2599 -5.2599
24325 26.84 51.45 0.00 -7.0395 -5.7298 -5.7298
24350 26.84 51.45 0.00 -7.0395 -5.7298 -5.7298
24375 26.56 52.04 0.00 -6.5826 -5.4422 -5.4422
24400 26.56 52.04 0.00 -6.5826 -5.4422 -5.4422
24425 26.31 52.58 0.00 -6.4791 -4.5191 -4.5191
24450 26.05 53.06 0.00 -6.2936 -4.0352 -4.0352
24475 26.05 53.06 0.00 -6.2936 -4.0352 -4.0352
24500 25.79 53.62 0.00 -6.8139 -4.5751 -4.5751
24525 25.49 54.31 0.00 -8.0926 -5.1871 -5.1871
24550 25.49 54.31 0.00 -8.0926 -5.1871 -5.1871
24575 25.14 54.99 0.00 -9.2109 -5.9907 -5.9907
24600 24.77 55.74 0.00 -8.9140 -5.7840 -5.7840
24625 24.77 55.74 0.00 -8.9140 -5.7840 -5.7840
24650 24.44 56.52 0.00 -8.2475 -5.4168 -5.4168
24675 24.10 57.29 0.00 -7.9305 -6.3506 -6.3506
24700 24.10 57.29 0.00 -7.9305 -6.3506 -6.3506
24725 23.80 58.24 0.00 -7.9379 -5.9941 -5.9941
24750 23.45 59.16 0.00 -8.9187 -6.1469 -6.1469
24775 23.45 59.16 0.00 -8.9187 -6.1469 -6.1469
24800 23.09 60.01 0.00 -9.2540 -6.1097 -6.1097
24825 22.72 60.80 0.00 -9.4013 -5.4267 -5.4267
24850 22.72 60.80 0.00 -9.4013 -5.4267 -5.4267
24875 22.44 61.31 0.00 -9.1641 -5.2666 -5.2666
24900 22.06 61.99 0.00 -9.7189 -5.2668 -5.2668
24925 22.06 61.99 0.00 -9.7189 -5.2668 -5.2668
24950 21.61 62.84 0.00 -12.7529 -3.7503 -3.7503
24975 21.61 62.84 0.00 -12.7529 -3.7503 -3.7503
25000 21.02 63.80 0.00 -15.3923 -2.6949 -2.6949
25025 20.40 64.74 0.00 -15.4527 -3.2849 -3.2849
25050 20.40 64.74 0.00 -15.4527 -3.2849 -3.2849
25075 19.83 65.69 0.00 -13.4471 -2.9775 -2.9775
25100 19.31 66.46 0.00 -12.7879 -2.3406 -2.3406
25125 19.31 66.46 0.00 -12.7879 -2.3406 -2.3406
25150 18.78 67.13 0.00 -14.2077 -1.9531 -1.9531
25175 18.09 67.98 0.00 -19.3242 -0.9482 -0.9482
25200 18.09 67.98 0.00 -19.3242 -0.9482 -0.9482
25225 17.22 69.01 0.00 -22.7269 0.5380 0.5380
25250 16.35 70.13 0.00 -20.7664 -0.0723 -0.0723
25275 16.35 70.13 0.00 -20.7664 -0.0723 -0.0723
25300 15.61 71.04 0.00 -16.8611 -0.8338 -0.8338
25325 15.04 71.72 0.00 -12.1787 -1.0985 -1.0985
25350 15.04 71.72 0.00 -12.1787 -1.0985 -1.0985
25375 14.69 72.24 0.00 -6.8575 -1.9075 -1.9075
25400 14.51 72.60 0.00 -2.8194 -2.3181 -2.3181
25425 14.51 72.60 0.00 -2.8194 -2.3181 -2.3181
25450 14.47 72.81 0.00 0.1238 -0.7855 -0.7855
25475 14.57 72.86 0.00 3.1604 0.3743 0.3743
25500 14.57 72.86 0.00 3.1604 0.3743 0.3743
25525 14.71 72.73 0.00 3.8001 0.6445 0.6445
25550 14.86 72.59 0.00 3.5157 0.0755 0.0755
25575 14.86 72.59 0.00 3.5157 0.0755 0.0755
25600 14.98 72.48 0.00 3.2933 0.4944 0.4944
25625 15.12 72.35 0.00 3.5407 1.3018 1.3018
25650 15.12 72.35 0.00 3.5407 1.3018 1.3018
25675 15.27 72.25 0.00 3.7469 0.7504 0.7504
25700 15.37 72.25 0.00 3.1739 0.5496 0.5496
25725 15.37 72.25 0.00 3.1739 0.5496 0.5496
25750 15.45 72.25 0.00 1.0403 1.3914 1.3914
25775 15.47 72.28 0.00 0.3944 1.3306 1.3306
25800 15.47 72.28 0.00 0.3944 1.3306 1.3306
25825 15.49 72.38 0.00 0.4033 -0.4947 -0.4947
25850 15.49 72.38 0.00 0.4033 -0.4947 -0.4947
25875 15.51 72.52 0.00 0.6183 1.0541 1.0541
25900 15.53 72.77 0.00 0.3284 0.0286 0.0286
25925 15.55 73.06 0.00 0.7004 -0.0139 -0.0139
25950 15.55 73.06 0.00 0.7004 -0.0139 -0.0139
25975 15.59 73.30 0.00 1.2040 -0.2867 -0.2867
26000 15.59 73.30 0.00 1.2040 -0.2867 -0.2867
26025 15.66 73.52 0.00 2.3844 -0.0351 -0.0351
26050 15.78 73.72 0.00 3.0731 0.3510 0.3510
26075 15.78 73.72 0.00 3.0731 0.3510 0.3510
26100 15.90 73.83 0.00 3.0407 0.5015 0.5015
26125 16.02 73.89 0.00 2.5520 0.9154 0.9154
26150 16.02 73.89 0.00 2.5520 0.9154 0.9154
26175 16.11 73.96 0.00 2.7933 1.0435 1.0435
26200 16.25 74.01 0.00 3.1291 0.6838 0.6838
26225 16.25 74.01 0.00 3.1291 0.6838 0.6838
26250 16.35 73.99 0.00 2.5613 1.1538 1.1538
26275 16.35 73.99 0.00 2.5613 1.1538 1.1538
26300 16.46 73.99 0.00 3.3035 1.3251 1.3251
26325 16.62 74.04 0.00 3.8257 0.9313 0.9313
26350 16.72 74.04 0.00 1.7605 0.9147 0.9147
26375 16.72 74.04 0.00 1.7605 0.9147 0.9147
26400 16.75 74.05 0.00 0.6867 1.1558 1.1558
26425 16.75 74.05 0.00 0.6867 1.1558 1.1558
26450 16.79 74.11 0.00 0.8457 0.6125 0.6125
26475 16.83 74.16 0.00 1.0469 -0.3454 -0.3454
26500 16.83 74.16 0.00 1.0469 -0.3454 -0.3454
26525 16.89 74.29 0.00 1.5075 0.4272 0.4272
26550 16.93 74.40 0.00 1.6038 -0.0936 -0.0936
26575 17.02 74.56 0.00 2.3125 -0.1242 -0.1242
26600 17.02 74.56 0.00 2.3125 -0.1242 -0.1242
26625 17.10 74.78 0.00 2.1332 -0.0251 -0.0251
26650 17.22 75.06 0.00 2.9312 0.0124 0.0124
26675 17.22 75.06 0.00 2.9312 0.0124 0.0124
26700 17.37 75.31 0.00 4.0984 -0.0785 -0.0785
26725 17.37 75.31 0.00 4.0984 -0.0785 -0.0785
26750 17.55 75.57 0.00 4.4600 0.1180 0.1180
26775 17.72 75.71 0.00 4.2001 2.0612 2.0612
26800 17.72 75.71 0.00 4.2001 2.0612 2.0612
26825 17.87 75.76 0.00 3.8057 1.2660 1.2660
26850 18.05 75.79 0.00 4.5649 0.8015 0.8015
26875 18.20 75.81 0.00 3.7298 2.0930 2.0930
26900 18.20 75.81 0.00 3.7298 2.0930 2.0930
26925 18.34 75.79 0.00 3.2492 2.1998 2.1998
26950 18.34 75.79 0.00 3.2492 2.1998 2.1998
26975 18.47 75.82 0.00 2.9859 0.6747 0.6747
27000 18.57 75.87 0.00 1.7124 0.3664 0.3664
27025 18.57 75.87 0.00 1.7124 0.3664 0.3664
27050 18.60 75.93 0.00 0.6933 0.1341 0.1341
27075 18.62 75.98 0.00 0.3829 -0.5584 -0.5584
27100 18.62 75.98 0.00 0.3829 -0.5584 -0.5584
27125 18.64 76.07 0.00 0.7626 -0.2855 -0.2855
27150 18.70 76.14 0.00 1.5537 0.1020 0.1020
27175 18.70 76.14 0.00 1.5537 0.1020 0.1020
27200 18.80 76.27 0.00 2.8656 0.8932 0.8932
27225 18.93 76.49 0.00 4.1007 0.9549 0.9549
27250 18.93 76.49 0.00 4.1007 0.9549 0.9549
27275 19.12 76.70 0.00 5.1904 1.3157 1.3157
27300 19.37 76.92 0.00 6.4615 1.2988 1.2988
27325 19.37 76.92 0.00 6.4615 1.2988 1.2988
27350 19.58 77.10 0.00 6.9310 0.9728 0.9728
27375 19.87 77.23 0.00 7.5715 1.1402 1.1402
27400 19.87 77.23 0.00 7.5715 1.1402 1.1402
27425 20.19 77.32 0.00 8.7198 1.3073 1.3073
27450 20.19 77.32 0.00 8.7198 1.3073 1.3073
27475 20.59 77.36 0.00 10.4605 1.2999 1.2999
27500 21.06 77.38 0.00 12.4273 1.4374 1.4374
27525 21.55 77.40 0.00 12.5463 1.3300 1.3300
27550 21.55 77.40 0.00 12.5463 1.3300 1.3300
27575 22.02 77.39 0.00 10.7282 2.4107 2.4107
27600 22.42 77.38 0.00 9.6347 2.9876 2.9876
27625 22.42 77.38 0.00 9.6347 2.9876 2.9876
27650 22.81 77.35 0.00 10.0678 4.6645 4.6645
27675 23.21 77.30 0.00 10.0541 3.7041 3.7041
27700 23.21 77.30 0.00 10.0541 3.7041 3.7041
27725 23.65 77.33 0.00 11.2250 2.8018 2.8018
27750 24.12 77.31 0.00 11.7881 2.4355 2.4355
27775 24.12 77.31 0.00 11.7881 2.4355 2.4355
27800 24.55 77.32 0.00 10.4005 3.1472 3.1472
27825 24.92 77.40 0.00 8.4083 3.3982 3.3982
27850 24.92 77.40 0.00 8.4083 3.3982 3.3982
27875 25.23 77.46 0.00 7.7657 2.4030 2.4030
27900 25.55 77.53 0.00 7.8626 1.5388 1.5388
27925 25.55 77.53 0.00 7.8626 1.5388 1.5388
27950 25.84 77.61 0.00 6.8454 1.5571 1.5571
27975 25.84 77.61 0.00 6.8454 1.5571 1.5571
28000 26.10 77.68 0.00 5.9879 1.7001 1.7001
28025 26.32 77.76 0.00 5.3057 1.7984 1.7984
28050 26.32 77.76 0.00 5.3057 1.7984 1.7984
28075 26.49 77.81 0.00 3.8622 2.1083 2.1083
28100 26.64 77.88 0.00 3.8433 2.1632 2.1632
28125 26.77 77.95 0.00 4.2363 1.6967 1.6967
28150 26.77 77.95 0.00 4.2363 1.6967 1.6967
28175 26.91 77.98 0.00 3.0708 1.0338 1.0338
28200 27.02 78.02 0.00 2.4574 1.3347 1.3347
28225 27.02 78.02 0.00 2.4574 1.3347 1.3347
28250 27.13 78.05 0.00 2.9455 1.3174 1.3174
28275 27.13 78.05 0.00 2.9455 1.3174 1.3174
28300 27.26 78.03 0.00 3.6550 0.8799 0.8799
28325 27.41 77.93 0.00 3.4223 1.1832 1.1832
28350 27.41 77.93 0.00 3.4223 1.1832 1.1832
28375 27.56 77.82 0.00 3.9043 1.5843 1.5843
28400 27.72 77.67 0.00 4.4896 1.7907 1.7907
28425 27.72 77.67 0.00 4.4896 1.7907 1.7907
28450 27.92 77.47 0.00 5.2767 2.1906 2.1906
28475 28.16 77.19 0.00 6.4591 3.2950 3.2950
28500 28.16 77.19 0.00 6.4591 3.2950 3.2950
28525 28.43 76.99 0.00 6.5836 2.1892 2.1892
28550 28.69 76.80 0.00 6.9021 2.2035 2.2035
28575 28.69 76.80 0.00 6.9021 2.2035 2.2035
28600 28.98 76.61 0.00 7.8075 2.1892 2.1892
28625 29.33 76.43 0.00 8.5063 2.0386 2.0386
28650 29.33 76.43 0.00 8.5063 2.0386 2.0386
28675 29.67 76.29 0.00 8.9177 2.5014 2.5014
28700 30.02 76.18 0.00 8.8802 2.7368 2.7368
28725 30.02 76.18 0.00 8.8802 2.7368 2.7368
28750 30.38 76.12 0.00 8.8898 2.4445 2.4445
28775 30.38 76.12 0.00 8.8898 2.4445 2.4445
28800 30.72 76.11 0.00 8.1626 2.9674 2.9674
28825 31.05 76.10 0.00 8.8424 3.5004 3.5004
28850 31.43 76.12 0.00 9.7899 3.1207 3.1207
28875 31.43 76.12 0.00 9.7899 3.1207 3.1207
28900 31.86 76.11 0.00 10.8284 2.5611 2.5611
28925 31.86 76.11 0.00 10.8284 2.5611 2.5611
28950 32.31 76.10 0.00 11.9683 2.3194 2.3194
28975 32.82 76.06 0.00 12.8901 2.8189 2.8189
29000 33.23 76.00 0.00 13.8260 3.6194 3.6194
29025 33.23 76.00 0.00 13.8260 3.6194 3.6194
29050 33.82 75.88 0.00 15.1496 3.6810 3.6810
29075 34.45 75.76 0.00 16.2407 4.7698 4.7698
29100 34.45 75.76 0.00 16.2407 4.7698 4.7698
29125 35.09 75.56 0.00 15.6894 4.7447 4.7447
29150 35.09 75.56 0.00 15.6894 4.7447 4.7447
29175 35.68 75.34 0.00 14.4020 4.9336 4.9336
29200 36.23 75.12 0.00 12.9704 5.5485 5.5485
29225 36.73 74.88 0.00 12.5760 5.6759 5.6759
29250 36.73 74.88 0.00 12.5760 5.6759 5.6759
29275 37.23 74.62 0.00 11.9603 5.8701 5.8701
29300 37.23 74.62 0.00 11.9603 5.8701 5.8701
29325 37.69 74.30 0.00 11.5688 7.3277 7.3277
29350 38.15 74.03 0.00 11.4692 7.5281 7.5281
29375 38.59 73.80 0.00 10.5275 7.0765 7.0765
29400 38.59 73.80 0.00 10.5275 7.0765 7.0765
29425 38.98 73.51 0.00 9.8959 7.1776 7.1776
29450 38.98 73.51 0.00 9.8959 7.1776 7.1776
29475 39.38 73.23 0.00 10.2419 6.9264 6.9264
29500 39.81 72.98 0.00 10.7224 6.5898 6.5898
29525 39.81 72.98 0.00 10.7224 6.5898 6.5898
29550 40.23 72.73 0.00 10.2611 6.4189 6.4189
29575 40.62 72.51 0.00 9.4370 5.4581 5.4581
29600 40.62 72.51 0.00 9.4370 5.4581 5.4581
29625 40.99 72.35 0.00 9.3507 5.0992 5.0992
29650 41.39 72.17 0.00 10.5411 5.3721 5.3721
29675 41.39 72.17 0.00 10.5411 5.3721 5.3721
29700 41.85 71.98 0.00 11.7934 5.4052 5.4052
29725 42.34 71.80 0.00 12.1038 5.4134 5.4134
29750 42.34 71.80 0.00 12.1038 5.4134 5.4134
29775 42.81 71.62 0.00 11.5218 5.4905 5.4905
29800 43.27 71.45 0.00 11.6672 6.0606 6.0606
29825 43.27 71.45 0.00 11.6672 6.0606 6.0606
29850 43.64 71.30 0.00 12.3715 6.0738 6.0738
29875 44.15 71.11 0.00 12.9441 4.9644 4.9644
29900 44.15 71.11 0.00 12.9441 4.9644 4.9644
29925 44.67 70.88 0.00 13.3006 3.9805 3.9805
29950 45.21 70.63 0.00 13.9404 4.4971 4.4971
29975 45.21 70.63 0.00 13.9404 4.4971 4.4971
30000 45.77 70.37 0.00 13.8542 4.4202 4.4202
30025 46.30 70.04 0.00 12.5969 4.3034 4.3034
30050 46.30 70.04 0.00 12.5969 4.3034 4.3034
30075 46.77 69.67 0.00 10.9153 4.5741 4.5741
30100 47.19 69.28 0.00 10.3779 5.2576 5.2576
30125 47.19 69.28 0.00 10.3779 5.2576 5.2576
30150 47.59 68.88 0.00 10.3425 5.5450 5.5450
30175 48.03 68.44 0.00 10.8305 6.4232 6.4232
30200 48.03 68.44 0.00 10.8305 6.4232 6.4232
30225 48.46 68.02 0.00 10.9173 6.4539 6.4539
30250 48.88 67.68 0.00 10.1718 5.9782 5.9782
30275 48.88 67.68 0.00 10.1718 5.9782 5.9782
30300 49.28 67.36 0.00 9.6564 6.2741 6.2741
30325 49.63 67.03 0.00 8.3801 6.2797 6.2797
30350 49.63 67.03 0.00 8.3801 6.2797 6.2797
30375 49.95 66.70 0.00 7.0527 6.0925 6.0925
30400 50.19 66.40 0.00 5.5727 5.2810 5.2810
30425 50.19 66.40 0.00 5.5727 5.2810 5.2810
30450 50.35 66.21 0.00 4.8899 4.8067 4.8067
30475 50.51 65.98 0.00 3.6812 4.1187 4.1187
30500 50.51 65.98 0.00 3.6812 4.1187 4.1187
30525 50.66 65.70 0.00 2.8759 4.3983 4.3983
30550 50.80 65.49 0.00 3.5485 4.2386 4.2386
30575 50.80 65.49 0.00 3.5485 4.2386 4.2386
30600 50.96 65.32 0.00 3.9205 3.3368 3.3368
30625 51.10 65.13 0.00 3.3958 3.4262 3.4262
30650 51.10 65.13 0.00 3.3958 3.4262 3.4262
30675 51.19 64.97 0.00 2.9413 3.7922 3.7922
30700 51.19 64.97 0.00 2.9413 3.7922 3.7922
30725 51.31 64.74 0.00 3.3431 4.2589 4.2589
30750 51.48 64.52 0.00 4.5378 3.9601 3.9601
30775 51.48 64.52 0.00 4.5378 3.9601 3.9601
30800 51.66 64.31 0.00 4.5641 3.4247 3.4247
30825 51.85 64.13 0.00 4.9684 4.2373 4.2373
30850 51.85 64.13 0.00 4.9684 4.2373 4.2373
30875 52.06 64.01 0.00 5.4271 3.8507 3.8507
30900 52.30 63.83 0.00 6.1884 4.5950 4.5950
30925 52.30 63.83 0.00 6.1884 4.5950 4.5950
30950 52.55 63.62 0.00 6.6437 5.4034 5.4034
30975 52.83 63.43 0.00 7.2473 6.4572 6.4572
31000 52.83 63.43 0.00 7.2473 6.4572 6.4572
31025 53.13 63.20 0.00 7.1455 6.1257 6.1257
31050 53.13 63.20 0.00 7.1455 6.1257 6.1257
31075 53.44 62.96 0.00 8.6501 7.9033 7.9033
31100 53.79 62.75 0.00 8.5595 7.0421 7.0421
31125 53.79 62.75 0.00 8.5595 7.0421 7.0421
31150 54.12 62.57 0.00 8.2486 7.0338 7.0338
31175 54.45 62.40 0.00 7.7499 7.1021 7.1021
31200 54.73 62.21 0.00 7.0157 6.5033 6.5033
31225 54.73 62.21 0.00 7.0157 6.5033 6.5033
31250 55.01 61.98 0.00 6.7707 6.6280 6.6280
31275 55.01 61.98 0.00 6.7707 6.6280 6.6280
31300 55.28 61.75 0.00 6.4549 6.5641 6.5641
31325 55.52 61.52 0.00 5.9881 5.7383 5.7383
31350 55.52 61.52 0.00 5.9881 5.7383 5.7383
31375 55.75 61.28 0.00 5.2235 5.2062 5.2062
31400 55.89 61.08 0.00 4.5035 5.0016 5.0016
31425 56.10 60.77 0.00 4.0436 4.9812 4.9812
31450 56.10 60.77 0.00 4.0436 4.9812 4.9812
31475 56.22 60.57 0.00 3.8185 4.4280 4.4280
31500 56.36 60.34 0.00 3.5526 4.3118 4.3118
31525 56.36 60.34 0.00 3.5526 4.3118 4.3118
31550 56.50 60.10 0.00 3.2320 4.2613 4.2613
31575 56.62 59.82 0.00 3.2297 4.2589 4.2589
31600 56.62 59.82 0.00 3.2297 4.2589 4.2589
31625 56.76 59.54 0.00 3.7663 4.7603 4.7603
31650 56.76 59.54 0.00 3.7663 4.7603 4.7603
31675 56.92 59.20 0.00 3.7617 4.3466 4.3466
31700 57.06 58.90 0.00 3.7396 4.4791 4.4791
31725 57.06 58.90 0.00 3.7396 4.4791 4.4791
31750 57.20 58.62 0.00 3.2877 4.1462 4.1462
31775 57.31 58.30 0.00 2.5283 3.9814 3.9814
31800 57.31 58.30 0.00 2.5283 3.9814 3.9814
31825 57.41 57.98 0.00 2.1984 3.7520 3.7520
31850 57.50 57.61 0.00 2.4660 3.9723 3.9723
31875 57.50 57.61 0.00 2.4660 3.9723 3.9723
31900 57.61 57.24 0.00 3.0815 4.6074 4.6074
31925 57.75 56.85 0.00 3.5792 4.9148 4.9148
31950 57.75 56.85 0.00 3.5792 4.9148 4.9148
31975 57.92 56.48 0.00 4.4812 5.4258 5.4258
32000 58.08 56.16 0.00 3.8399 4.5180 4.5180
32025 58.08 56.16 0.00 3.8399 4.5180 4.5180
32050 58.20 55.86 0.00 2.0540 3.9343 3.9343
32075 58.26 55.59 0.00 1.0009 3.7777 3.7777
32100 58.26 55.59 0.00 1.0009 3.7777 3.7777
32125 58.29 55.31 0.00 1.2781 3.4613 3.4613
32150 58.34 55.10 0.00 1.5262 3.4169 3.4169
32175 58.34 55.10 0.00 1.5262 3.4169 3.4169
32200 58.40 54.78 0.00 1.2203 2.9244 2.9244
32225 58.40 54.78 0.00 1.2203 2.9244 2.9244
32250 58.45 54.51 0.00 1.1582 2.0764 2.0764
32275 58.49 54.32 0.00 0.7167 1.4771 1.4771
32300 58.49 54.32 0.00 0.7167 1.4771 1.4771
32325 58.52 54.16 0.00 0.7981 1.4707 1.4707
32350 58.56 54.01 0.00 1.1927 2.0231 2.0231
32375 58.56 54.01 0.00 1.1927 2.0231 2.0231
32400 58.59 53.89 0.00 0.8148 1.2389 1.2389
32425 58.61 53.80 0.00 0.1190 1.1041 1.1041
32450 58.61 53.80 0.00 0.1190 1.1041 1.1041
32475 58.59 53.68 0.00 -0.9327 0.1867 0.1867
32500 58.54 53.59 0.00 -1.7315 -0.4081 -0.4081
32525 58.54 53.59 0.00 -1.7315 -0.4081 -0.4081
32550 58.45 53.50 0.00 -1.8970 -0.3108 -0.3108
32575 58.38 53.39 0.00 -1.9467 -0.9906 -0.9906
32600 58.38 53.39 0.00 -1.9467 -0.9906 -0.9906
32625 58.31 53.34 0.00 -1.8516 -0.6020 -0.6020
32650 58.22 53.29 0.00 -2.0618 -1.0663 -1.0663
32675 58.22 53.29 0.00 -2.0618 -1.0663 -1.0663
32700 58.13 53.20 0.00 -2.3892 -1.2824 -1.2824
32725 58.01 53.08 0.00 -3.6162 -1.4574 -1.4574
32750 58.01 53.08 0.00 -3.6162 -1.4574 -1.4574
32775 57.85 53.01 0.00 -3.9761 -1.5140 -1.5140
32800 57.71 52.96 0.00 -3.7369 -1.5720 -1.5720
32825 57.71 52.96 0.00 -3.7369 -1.5720 -1.5720
32850 57.55 52.81 0.00 -3.9348 -1.5496 -1.5496
32875 57.40 52.71 0.00 -4.0924 -1.7294 -1.7294
32900 57.40 52.71 0.00 -4.0924 -1.7294 -1.7294
32925 57.22 52.66 0.00 -4.4599 -2.4985 -2.4985
32950 57.06 52.59 0.00 -3.7370 -1.6551 -1.6551
32975 57.06 52.59 0.00 -3.7370 -1.6551 -1.6551
33000 56.92 52.52 0.00 -3.1558 -1.6783 -1.6783
33025 56.92 52.52 0.00 -3.1558 -1.6783 -1.6783
33050 56.80 52.41 0.00 -3.1554 -1.5934 -1.5934
33075 56.69 52.34 0.00 -3.4169 -1.5528 -1.5528
33100 56.55 52.22 0.00 -3.7190 -1.4302 -1.4302
33125 56.55 52.22 0.00 -3.7190 -1.4302 -1.4302
33150 56.40 52.04 0.00 -3.9301 -1.6288 -1.6288
33175 56.24 51.88 0.00 -4.1515 -1.4936 -1.4936
33200 56.24 51.88 0.00 -4.1515 -1.4936 -1.4936
33225 56.08 51.69 0.00 -3.7768 -1.0039 -1.0039
33250 56.08 51.69 0.00 -3.7768 -1.0039 -1.0039
33275 55.94 51.49 0.00 -2.9956 -0.6987 -0.6987
33300 55.84 51.30 0.00 -2.6435 -0.5534 -0.5534
33325 55.73 51.12 0.00 -2.8353 -0.4058 -0.4058
33350 55.73 51.12 0.00 -2.8353 -0.4058 -0.4058
33375 55.61 50.91 0.00 -3.0989 -0.5660 -0.5660
33400 55.61 50.91 0.00 -3.0989 -0.5660 -0.5660
33425 55.49 50.69 0.00 -2.8741 0.0346 0.0346
33450 55.38 50.46 0.00 -2.9433 0.1935 0.1935
33475 55.38 50.46 0.00 -2.9433 0.1935 0.1935
33500 55.26 50.25 0.00 -3.1554 -0.6810 -0.6810
33525 55.14 50.09 0.00 -2.7929 -0.1833 -0.1833
33550 55.14 50.09 0.00 -2.7929 -0.1833 -0.1833
33575 55.03 49.93 0.00 -2.7380 -0.3124 -0.3124
33600 54.91 49.77 0.00 -2.9312 -0.5387 -0.5387
33625 54.91 49.77 0.00 -2.9312 -0.5387 -0.5387
33650 54.79 49.62 0.00 -3.0234 -0.8250 -0.8250
33675 54.66 49.50 0.00 -3.3574 -0.8877 -0.8877
33700 54.66 49.50 0.00 -3.3574 -0.8877 -0.8877
33725 54.52 49.41 0.00 -3.7951 -1.1282 -1.1282
33750 54.37 49.30 0.00 -3.9131 -0.7476 -0.7476
33775 54.37 49.30 0.00 -3.9131 -0.7476 -0.7476
33800 54.17 49.23 0.00 -5.4929 -1.3428 -1.3428
33825 53.91 49.25 0.00 -7.0965 -2.0722 -2.0722
33850 53.91 49.25 0.00 -7.0965 -2.0722 -2.0722
33875 53.61 49.24 0.00 -7.6975 -1.8823 -1.8823
33900 53.61 49.24 0.00 -7.6975 -1.8823 -1.8823
33925 53.30 49.20 0.00 -7.9378 -2.4545 -2.4545
33950 52.95 49.20 0.00 -9.0476 -3.4492 -3.4492
33975 52.95 49.20 0.00 -9.0476 -3.4492 -3.4492
34000 52.53 49.17 0.00 -11.4183 -4.3608 -4.3608
34025 52.15 49.14 0.00 -13.3370 -4.9791 -4.9791
34050 51.55 49.08 0.00 -15.9464 -5.6754 -5.6754
34075 51.55 49.08 0.00 -15.9464 -5.6754 -5.6754
