%#        Time[ms]        X[pixel],        Y[pixel],        Z[pixel],  dX/dt[pixel/s],  dY/dt[pixel/s],  dZ/dt[pixel/s] 
0 50.00 50.00 0.00 -0.0099 -0.0067 -0.0067
25 49.98 49.96 0.00 -0.0538 0.2126 0.2126
50 49.98 49.96 0.00 -0.0538 0.2126 0.2126
75 50.03 49.95 0.00 1.7588 1.1116 1.1116
100 50.09 49.98 0.00 1.9654 -0.0188 -0.0188
125 50.09 49.98 0.00 1.9654 -0.0188 -0.0188
150 50.16 50.09 0.00 1.1947 0.7029 0.7029
175 50.21 50.15 0.00 1.5460 1.1197 1.1197
200 50.21 50.15 0.00 1.5460 1.1197 1.1197
225 50.31 50.20 0.00 3.0050 0.7913 0.7913
250 50.45 50.29 0.00 3.6791 0.4209 0.4209
275 50.45 50.29 0.00 3.6791 0.4209 0.4209
300 50.59 50.45 0.00 3.7964 -0.3421 -0.3421
325 50.75 50.67 0.00 4.2320 -2.0769 -2.0769
350 50.75 50.67 0.00 4.2320 -2.0769 -2.0769
375 50.94 50.85 0.00 4.6840 -2.3789 -2.3789
400 51.13 51.08 0.00 5.0768 -2.6113 -2.6113
425 51.13 51.08 0.00 5.0768 -2.6113 -2.6113
450 51.38 51.43 0.00 6.9402 -3.1199 -3.1199
475 51.69 51.97 0.00 8.4558 -5.2258 -5.2258
500 51.69 51.97 0.00 8.4558 -5.2258 -5.2258
525 52.04 52.79 0.00 8.9758 -7.3610 -7.3610
550 52.04 52.79 0.00 8.9758 -7.3610 -7.3610
575 52.39 53.94 0.00 8.7341 -9.1433 -9.1433
600 52.74 55.35 0.00 8.3227 -9.7245 -9.7245
625 53.07 56.72 0.00 8.3645 -8.3727 -8.3727
650 53.07 56.72 0.00 8.3645 -8.3727 -8.3727
675 53.37 58.08 0.00 7.0328 -8.4357 -8.4357
700 53.37 58.08 0.00 7.0328 -8.4357 -8.4357
725 53.63 59.28 0.00 6.2175 -6.1483 -6.1483
750 53.82 60.15 0.00 3.8857 -5.3011 -5.3011
775 53.82 60.15 0.00 3.8857 -5.3011 -5.3011
800 53.93 60.90 0.00 1.5423 -4.6275 -4.6275
825 53.95 61.45 0.00 0.3426 -3.0763 -3.0763
850 53.95 61.45 0.00 0.3426 -3.0763 -3.0763
875 53.96 61.94 0.00 0.4699 -2.1401 -2.1401
900 54.00 62.28 0.00 0.6942 -2.8205 -2.8205
925 54.03 62.47 0.00 1.6454 -1.9529 -1.9529
950 54.03 62.47 0.00 1.6454 -1.9529 -1.9529
975 54.10 62.64 0.00 1.8705 -1.2838 -1.2838
1000 54.10 62.64 0.00 1.8705 -1.2838 -1.2838
1025 54.16 62.70 0.00 1.4002 -1.2380 -1.2380
1050 54.21 62.73 0.00 1.2162 -0.6686 -0.6686
1075 54.21 62.73 0.00 1.2162 -0.6686 -0.6686
1100 54.26 62.70 0.00 1.3336 -0.1761 -0.1761
1125 54.33 62.70 0.00 1.5496 -0.7949 -0.7949
1150 54.33 62.70 0.00 1.5496 -0.7949 -0.7949
1175 54.42 62.80 0.00 2.6719 -1.2266 -1.2266
1200 54.54 62.98 0.00 3.5258 -2.0767 -2.0767
1225 54.54 62.98 0.00 3.5258 -2.0767 -2.0767
1250 54.68 63.13 0.00 3.5915 -2.4173 -2.4173
1275 54.82 63.36 0.00 3.6044 -2.0103 -2.0103
1300 54.82 63.36 0.00 3.6044 -2.0103 -2.0103
1325 54.98 63.55 0.00 3.8013 -1.1014 -1.1014
1350 54.98 63.55 0.00 3.8013 -1.1014 -1.1014
1375 55.14 63.71 0.00 4.1528 -0.5569 -0.5569
1400 55.31 63.90 0.00 4.3289 -0.5551 -0.5551
1425 55.49 64.11 0.00 4.7814 -1.0965 -1.0965
1450 55.49 64.11 0.00 4.7814 -1.0965 -1.0965
1475 55.68 64.34 0.00 5.0013 -1.3839 -1.3839
1500 55.68 64.34 0.00 5.0013 -1.3839 -1.3839
1525 55.87 64.53 0.00 4.4505 -0.6782 -0.6782
1550 56.05 64.67 0.00 4.0277 -0.5152 -0.5152
1575 56.05 64.67 0.00 4.0277 -0.5152 -0.5152
1600 56.19 64.81 0.00 3.5023 -0.1612 -0.1612
1625 56.31 64.92 0.00 3.3044 0.3408 0.3408
1650 56.45 65.06 0.00 3.5578 -0.0482 -0.0482
1675 56.45 65.06 0.00 3.5578 -0.0482 -0.0482
1700 56.61 65.18 0.00 3.6475 -0.0893 -0.0893
1725 56.61 65.18 0.00 3.6475 -0.0893 -0.0893
1750 56.71 65.23 0.00 3.6868 -0.2740 -0.2740
1775 56.87 65.37 0.00 4.7730 -0.6400 -0.6400
1800 56.87 65.37 0.00 4.7730 -0.6400 -0.6400
1825 57.10 65.51 0.00 5.6442 -1.0427 -1.0427
1850 57.33 65.65 0.00 6.2658 0.1735 0.1735
1875 57.59 65.88 0.00 6.1840 -0.0192 -0.0192
1900 57.59 65.88 0.00 6.1840 -0.0192 -0.0192
1925 57.85 66.16 0.00 7.1022 -0.7019 -0.7019
1950 58.17 66.44 0.00 8.7534 -1.1012 -1.1012
1975 58.17 66.44 0.00 8.7534 -1.1012 -1.1012
2000 58.56 66.73 0.00 9.9616 -1.2475 -1.2475
2025 58.56 66.73 0.00 9.9616 -1.2475 -1.2475
2050 58.94 66.96 0.00 9.7019 -1.4591 -1.4591
2075 59.31 67.22 0.00 8.5018 -1.1433 -1.1433
2100 59.31 67.22 0.00 8.5018 -1.1433 -1.1433
2125 59.61 67.59 0.00 6.8998 -0.7162 -0.7162
2150 59.84 67.84 0.00 4.9730 -0.3297 -0.3297
2175 60.00 68.03 0.00 3.2606 0.2876 0.2876
2200 60.00 68.03 0.00 3.2606 0.2876 0.2876
2225 60.12 68.24 0.00 3.0488 0.6357 0.6357
2250 60.12 68.24 0.00 3.0488 0.6357 0.6357
2275 60.25 68.36 0.00 3.0148 0.7584 0.7584
2300 60.35 68.48 0.00 2.3380 0.2708 0.2708
2325 60.35 68.48 0.00 2.3380 0.2708 0.2708
2350 60.40 68.64 0.00 1.2351 0.0089 0.0089
2375 60.46 68.78 0.00 1.0894 0.4216 0.4216
2400 60.46 68.78 0.00 1.0894 0.4216 0.4216
2425 60.49 68.85 0.00 0.9147 0.5618 0.5618
2450 60.53 68.92 0.00 0.6166 0.0135 0.0135
2475 60.53 68.92 0.00 0.6166 0.0135 0.0135
2500 60.53 69.01 0.00 -0.0743 -0.3911 -0.3911
2525 60.53 69.12 0.00 -0.2933 -0.2220 -0.2220
2550 60.53 69.12 0.00 -0.2933 -0.2220 -0.2220
2575 60.51 69.19 0.00 -0.0148 -0.6697 -0.6697
2600 60.53 69.20 0.00 0.5467 -0.2848 -0.2848
2625 60.53 69.20 0.00 0.5467 -0.2848 -0.2848
2650 60.56 69.26 0.00 0.9659 -0.0163 -0.0163
2675 60.62 69.31 0.00 1.3589 0.6561 0.6561
2700 60.62 69.31 0.00 1.3589 0.6561 0.6561
2725 60.65 69.31 0.00 1.0150 0.2684 0.2684
2750 60.65 69.31 0.00 1.0150 0.2684 0.2684
2775 60.70 69.27 0.00 1.5973 1.3309 1.3309
2800 60.76 69.27 0.00 0.7707 -0.0094 -0.0094
2825 60.76 69.27 0.00 0.7707 -0.0094 -0.0094
2850 60.78 69.29 0.00 0.1637 0.2527 0.2527
2875 60.78 69.26 0.00 0.2239 0.4117 0.4117
2900 60.78 69.22 0.00 -0.1734 -0.1893 -0.1893
2925 60.78 69.22 0.00 -0.1734 -0.1893 -0.1893
2950 60.76 69.19 0.00 -0.7235 -0.3129 -0.3129
2975 60.72 69.13 0.00 -1.0098 -0.2196 -0.2196
3000 60.72 69.13 0.00 -1.0098 -0.2196 -0.2196
3025 60.67 69.08 0.00 -1.3954 -0.5083 -0.5083
3050 60.67 69.08 0.00 -1.3954 -0.5083 -0.5083
3075 60.62 69.03 0.00 -1.5587 -0.6529 -0.6529
3100 60.55 69.01 0.00 -1.5987 -0.4345 -0.4345
3125 60.55 69.01 0.00 -1.5987 -0.4345 -0.4345
3150 60.48 68.98 0.00 -2.1347 -0.6410 -0.6410
3175 60.37 69.01 0.00 -3.1311 -1.0968 -1.0968
3200 60.21 69.12 0.00 -3.9626 -1.7595 -1.7595
3225 60.21 69.12 0.00 -3.9626 -1.7595 -1.7595
3250 60.05 69.22 0.00 -4.1895 -1.9874 -1.9874
3275 60.05 69.22 0.00 -4.1895 -1.9874 -1.9874
3300 59.86 69.33 0.00 -5.5888 -2.6446 -2.6446
3325 59.66 69.45 0.00 -6.9503 -3.1580 -3.1580
3350 59.66 69.45 0.00 -6.9503 -3.1580 -3.1580
3375 59.31 69.64 0.00 -9.7632 -4.4271 -4.4271
3400 58.84 69.85 0.00 -13.4237 -5.1337 -5.1337
3425 58.84 69.85 0.00 -13.4237 -5.1337 -5.1337
3450 58.24 70.19 0.00 -15.9028 -5.5560 -5.5560
3475 57.52 70.48 0.00 -18.8503 -6.0506 -6.0506
3500 57.52 70.48 0.00 -18.8503 -6.0506 -6.0506
3525 56.71 70.82 0.00 -21.2660 -6.4174 -6.4174
3550 55.85 71.20 0.00 -21.4001 -6.5803 -6.5803
3575 55.85 71.20 0.00 -21.4001 -6.5803 -6.5803
3600 55.00 71.50 0.00 -21.9967 -7.2985 -7.2985
3625 54.09 71.76 0.00 -22.1298 -6.8818 -6.8818
3650 54.09 71.76 0.00 -22.1298 -6.8818 -6.8818
3675 53.23 72.04 0.00 -21.2983 -5.5893 -5.5893
3700 52.37 72.25 0.00 -21.6393 -5.3990 -5.3990
3725 52.37 72.25 0.00 -21.6393 -5.3990 -5.3990
3750 51.52 72.47 0.00 -20.4378 -4.8862 -4.8862
3775 50.73 72.70 0.00 -19.4705 -5.4585 -5.4585
3800 50.73 72.70 0.00 -19.4705 -5.4585 -5.4585
3825 49.98 72.93 0.00 -18.3823 -4.9721 -4.9721
3850 49.28 73.19 0.00 -16.9096 -5.4563 -5.4563
3875 49.28 73.19 0.00 -16.9096 -5.4563 -5.4563
3900 48.64 73.49 0.00 -15.4920 -6.3445 -6.3445
3925 48.06 73.85 0.00 -13.3917 -6.7603 -6.7603
3950 48.06 73.85 0.00 -13.3917 -6.7603 -6.7603
3975 47.56 74.22 0.00 -12.3210 -6.7252 -6.7252
4000 47.03 74.62 0.00 -13.7492 -6.2711 -6.2711
4025 47.03 74.62 0.00 -13.7492 -6.2711 -6.2711
4050 46.47 75.03 0.00 -14.4896 -4.5285 -4.5285
4075 46.47 75.03 0.00 -14.4896 -4.5285 -4.5285
4100 45.86 75.43 0.00 -15.1815 -3.6381 -3.6381
4125 45.27 75.87 0.00 -14.7966 -3.7158 -3.7158
4150 45.27 75.87 0.00 -14.7966 -3.7158 -3.7158
4175 44.67 76.28 0.00 -15.2807 -4.1708 -4.1708
4200 44.22 76.58 0.00 -15.4378 -4.4122 -4.4122
4225 43.60 77.00 0.00 -14.9402 -4.7839 -4.7839
4250 43.60 77.00 0.00 -14.9402 -4.7839 -4.7839
4275 43.01 77.44 0.00 -14.8445 -4.4957 -4.4957
4300 43.01 77.44 0.00 -14.8445 -4.4957 -4.4957
4325 42.38 77.80 0.00 -16.7708 -4.7667 -4.7667
4350 41.60 78.19 0.00 -21.2581 -2.8503 -2.8503
4375 41.60 78.19 0.00 -21.2581 -2.8503 -2.8503
4400 40.65 78.61 0.00 -24.3726 -1.8401 -1.8401
4425 39.70 78.97 0.00 -23.1351 -2.5712 -2.5712
4450 38.77 79.31 0.00 -23.8698 -2.7026 -2.7026
4475 38.77 79.31 0.00 -23.8698 -2.7026 -2.7026
4500 37.79 79.68 0.00 -24.2225 -1.6692 -1.6692
4525 37.79 79.68 0.00 -24.2225 -1.6692 -1.6692
4550 36.83 80.01 0.00 -24.5112 -2.7502 -2.7502
4575 35.77 80.33 0.00 -27.6251 -1.3612 -1.3612
4600 35.77 80.33 0.00 -27.6251 -1.3612 -1.3612
4625 34.63 80.72 0.00 -29.0333 -0.1212 -0.1212
4650 33.50 81.15 0.00 -27.3993 -1.4235 -1.4235
4675 33.50 81.15 0.00 -27.3993 -1.4235 -1.4235
4700 32.46 81.53 0.00 -25.1092 -2.8383 -2.8383
4725 31.50 81.93 0.00 -23.0989 -3.2707 -3.2707
4750 31.50 81.93 0.00 -23.0989 -3.2707 -3.2707
4775 30.60 82.38 0.00 -22.7338 -4.6487 -4.6487
4800 29.65 82.93 0.00 -23.5079 -3.7839 -3.7839
4825 29.65 82.93 0.00 -23.5079 -3.7839 -3.7839
4850 28.74 83.53 0.00 -22.7656 -3.4096 -3.4096
4875 27.85 84.09 0.00 -22.4312 -2.8286 -2.8286
4900 27.85 84.09 0.00 -22.4312 -2.8286 -2.8286
4925 27.19 84.51 0.00 -21.4264 -2.3853 -2.3853
4950 26.40 85.19 0.00 -19.0375 -1.9171 -1.9171
4975 26.40 85.19 0.00 -19.0375 -1.9171 -1.9171
5000 25.68 85.81 0.00 -17.5347 -1.9844 -1.9844
5025 24.97 86.39 0.00 -17.6915 -1.9713 -1.9713
5050 24.97 86.39 0.00 -17.6915 -1.9713 -1.9713
5075 24.25 87.10 0.00 -18.4881 -1.5343 -1.5343
5100 24.25 87.10 0.00 -18.4881 -1.5343 -1.5343
5125 23.47 87.82 0.00 -20.3363 0.0066 0.0066
5150 22.62 88.51 0.00 -21.2383 0.5423 0.5423
5175 21.78 89.28 0.00 -21.3722 1.2963 1.2963
5200 21.78 89.28 0.00 -21.3722 1.2963 1.2963
5225 20.97 89.93 0.00 -18.9215 1.0848 1.0848
5250 20.36 90.40 0.00 -12.9086 -0.8839 -0.8839
5275 20.36 90.40 0.00 -12.9086 -0.8839 -0.8839
5300 20.00 90.81 0.00 -7.2676 -1.3482 -1.3482
5325 19.79 91.07 0.00 -3.9986 -2.6122 -2.6122
5350 19.79 91.07 0.00 -3.9986 -2.6122 -2.6122
5375 19.66 91.21 0.00 -2.5041 -1.4212 -1.4212
5400 19.60 91.27 0.00 -0.7714 -0.1360 -0.1360
5425 19.60 91.27 0.00 -0.7714 -0.1360 -0.1360
5450 19.64 91.25 0.00 1.8014 -0.2871 -0.2871
5475 19.73 91.13 0.00 3.1512 -1.8571 -1.8571
5500 19.73 91.13 0.00 3.1512 -1.8571 -1.8571
5525 19.87 90.97 0.00 2.7552 0.6871 0.6871
5550 19.87 90.97 0.00 2.7552 0.6871 0.6871
5575 19.94 90.78 0.00 1.3962 1.4641 1.4641
5600 20.02 90.53 0.00 2.2330 1.4941 1.4941
5625 20.02 90.53 0.00 2.2330 1.4941 1.4941
5650 20.11 90.22 0.00 2.5440 1.6924 1.6924
5675 20.19 89.80 0.00 1.7144 1.5360 1.5360
5700 20.26 89.38 0.00 2.3947 1.0890 1.0890
5725 20.26 89.38 0.00 2.3947 1.0890 1.0890
5750 20.36 88.87 0.00 1.8315 1.0217 1.0217
5775 20.40 88.36 0.00 0.8897 0.7094 0.7094
5800 20.40 88.36 0.00 0.8897 0.7094 0.7094
5825 20.44 87.89 0.00 0.8480 -0.4534 -0.4534
5850 20.44 87.89 0.00 0.8480 -0.4534 -0.4534
5875 20.49 87.42 0.00 1.8776 -1.0266 -1.0266
5900 20.55 87.04 0.00 1.3053 -0.4610 -0.4610
5925 20.55 87.04 0.00 1.3053 -0.4610 -0.4610
5950 20.59 86.59 0.00 0.7636 0.0431 0.0431
5975 20.63 86.14 0.00 1.7486 -0.4163 -0.4163
6000 20.63 86.14 0.00 1.7486 -0.4163 -0.4163
6025 20.76 85.69 0.00 4.0074 -0.1393 -0.1393
6050 20.95 85.27 0.00 4.8811 0.5916 0.5916
6075 20.95 85.27 0.00 4.8811 0.5916 0.5916
6100 21.16 84.82 0.00 5.4837 1.5646 1.5646
6125 21.42 84.42 0.00 7.3399 0.8931 0.8931
6150 21.42 84.42 0.00 7.3399 0.8931 0.8931
6175 21.76 84.02 0.00 9.2280 1.3287 1.3287
6200 22.15 83.60 0.00 10.2725 1.9987 1.9987
6225 22.15 83.60 0.00 10.2725 1.9987 1.9987
6250 22.57 83.12 0.00 10.4136 1.7235 1.7235
6275 23.00 82.65 0.00 11.0480 2.1347 2.1347
6300 23.00 82.65 0.00 11.0480 2.1347 2.1347
6325 23.45 82.14 0.00 10.4433 2.1174 2.1174
6350 23.84 81.65 0.00 9.9126 3.2959 3.2959
6375 24.23 81.11 0.00 9.5417 3.3005 3.3005
6400 24.23 81.11 0.00 9.5417 3.3005 3.3005
6425 24.60 80.54 0.00 9.3923 4.4576 4.4576
6450 24.60 80.54 0.00 9.3923 4.4576 4.4576
6475 24.99 79.96 0.00 9.5819 4.9816 4.9816
6500 25.40 79.35 0.00 10.2429 4.4860 4.4860
6525 25.40 79.35 0.00 10.2429 4.4860 4.4860
6550 25.81 78.62 0.00 10.1543 4.2726 4.2726
6575 26.18 77.89 0.00 8.8737 4.8159 4.8159
6600 26.18 77.89 0.00 8.8737 4.8159 4.8159
6625 26.53 76.93 0.00 8.8767 6.0798 6.0798
6650 26.93 75.83 0.00 10.8140 6.2263 6.2263
6675 26.93 75.83 0.00 10.8140 6.2263 6.2263
6700 27.28 74.80 0.00 11.8731 5.4131 5.4131
6725 27.79 73.25 0.00 13.5734 5.1006 5.1006
6750 27.79 73.25 0.00 13.5734 5.1006 5.1006
6775 28.36 71.68 0.00 14.3966 5.6781 5.6781
6800 28.96 70.03 0.00 15.3797 6.0140 6.0140
6825 28.96 70.03 0.00 15.3797 6.0140 6.0140
6850 29.60 68.62 0.00 15.8872 5.9758 5.9758
6875 30.18 67.15 0.00 13.7276 7.6074 7.6074
6900 30.18 67.15 0.00 13.7276 7.6074 7.6074
6925 30.72 65.80 0.00 13.7725 7.8737 7.8737
6950 30.72 65.80 0.00 13.7725 7.8737 7.8737
6975 31.27 64.66 0.00 13.7529 6.4907 6.4907
7000 31.83 63.57 0.00 13.6169 5.3310 5.3310
7025 32.33 62.66 0.00 12.4036 5.8721 5.8721
7050 32.33 62.66 0.00 12.4036 5.8721 5.8721
7075 32.80 61.80 0.00 10.9942 5.6034 5.6034
7100 32.80 61.80 0.00 10.9942 5.6034 5.6034
7125 33.23 61.07 0.00 10.4876 5.7586 5.7586
7150 33.62 60.54 0.00 9.1073 5.4870 5.4870
7175 33.62 60.54 0.00 9.1073 5.4870 5.4870
7200 33.95 60.07 0.00 7.7241 4.6879 4.6879
7225 34.27 59.50 0.00 8.1458 4.5312 4.5312
7250 34.27 59.50 0.00 8.1458 4.5312 4.5312
7275 34.59 58.92 0.00 8.2994 4.5261 4.5261
7300 34.91 58.39 0.00 7.7523 4.0064 4.0064
7325 34.91 58.39 0.00 7.7523 4.0064 4.0064
7350 35.20 57.85 0.00 7.0785 3.6370 3.6370
7375 35.50 57.25 0.00 7.7286 4.7664 4.7664
7400 35.50 57.25 0.00 7.7286 4.7664 4.7664
7425 35.82 56.72 0.00 7.8134 4.6072 4.6072
7450 36.09 56.13 0.00 5.9429 3.5833 3.5833
7475 36.09 56.13 0.00 5.9429 3.5833 3.5833
7500 36.23 55.65 0.00 4.4612 4.3996 4.3996
7525 36.39 54.93 0.00 3.9937 4.9152 4.9152
7550 36.39 54.93 0.00 3.9937 4.9152 4.9152
7575 36.55 54.11 0.00 4.1089 4.3113 4.3113
7600 36.71 53.26 0.00 3.6850 3.7608 3.7608
7625 36.71 53.26 0.00 3.6850 3.7608 3.7608
7650 36.85 52.45 0.00 2.9006 3.3765 3.3765
7675 36.85 52.45 0.00 2.9006 3.3765 3.3765
7700 36.92 51.56 0.00 1.4031 3.2265 3.2265
7725 36.92 50.76 0.00 -0.5363 2.3895 2.3895
7750 36.87 49.98 0.00 -2.0850 2.3677 2.3677
7775 36.87 49.98 0.00 -2.0850 2.3677 2.3677
7800 36.76 49.20 0.00 -3.4284 1.8773 1.8773
7825 36.60 48.50 0.00 -4.2316 1.0614 1.0614
7850 36.60 48.50 0.00 -4.2316 1.0614 1.0614
7875 36.43 47.80 0.00 -4.8799 0.3189 0.3189
7900 36.20 47.22 0.00 -6.2487 -0.3714 -0.3714
7925 36.20 47.22 0.00 -6.2487 -0.3714 -0.3714
7950 35.93 46.73 0.00 -6.4993 -0.7106 -0.7106
7975 35.70 46.26 0.00 -5.3178 -0.7952 -0.7952
8000 35.70 46.26 0.00 -5.3178 -0.7952 -0.7952
8025 35.52 45.80 0.00 -4.1084 -0.9536 -0.9536
8050 35.38 45.37 0.00 -3.1642 -0.7150 -0.7150
8075 35.38 45.37 0.00 -3.1642 -0.7150 -0.7150
8100 35.27 45.03 0.00 -2.3027 -0.2805 -0.2805
8125 35.20 44.69 0.00 -1.2251 -0.3647 -0.3647
8150 35.20 44.69 0.00 -1.2251 -0.3647 -0.3647
8175 35.20 44.28 0.00 0.3178 0.2657 0.2657
8200 35.20 44.28 0.00 0.3178 0.2657 0.2657
8225 35.23 43.92 0.00 1.1763 1.0300 1.0300
8250 35.29 43.53 0.00 1.2573 1.6101 1.6101
8275 35.32 43.08 0.00 0.8228 1.3710 1.3710
8300 35.32 43.08 0.00 0.8228 1.3710 1.3710
8325 35.41 42.65 0.00 3.1195 3.2161 3.2161
8350 35.41 42.65 0.00 3.1195 3.2161 3.2161
8375 35.52 42.33 0.00 3.9124 2.6997 2.6997
8400 35.68 41.99 0.00 3.6385 2.4818 2.4818
8425 35.68 41.99 0.00 3.6385 2.4818 2.4818
8450 35.80 41.54 0.00 3.2943 3.0309 3.0309
8475 35.93 41.09 0.00 2.6321 2.5689 2.5689
8500 35.93 41.09 0.00 2.6321 2.5689 2.5689
8525 36.02 40.52 0.00 1.9761 3.1010 3.1010
8550 36.09 39.97 0.00 1.3930 3.4715 3.4715
8575 36.09 39.97 0.00 1.3930 3.4715 3.4715
8600 36.14 39.51 0.00 1.0773 2.5181 2.5181
8625 36.18 39.03 0.00 0.6915 1.5304 1.5304
8650 36.18 39.03 0.00 0.6915 1.5304 1.5304
8675 36.18 38.59 0.00 0.1611 1.0581 1.0581
8700 36.18 38.09 0.00 -0.4877 0.9161 0.9161
8725 36.18 38.09 0.00 -0.4877 0.9161 0.9161
8750 36.12 37.54 0.00 -1.7752 1.0295 1.0295
8775 36.02 37.15 0.00 -2.7295 0.8542 0.8542
8800 36.02 37.15 0.00 -2.7295 0.8542 0.8542
8825 35.93 36.72 0.00 -2.1150 0.2998 0.2998
8850 35.86 36.32 0.00 -2.0982 0.0247 0.0247
8875 35.86 36.32 0.00 -2.0982 0.0247 0.0247
8900 35.75 35.92 0.00 -2.5928 -0.5777 -0.5777
8925 35.63 35.49 0.00 -3.4894 -1.5616 -1.5616
8950 35.63 35.49 0.00 -3.4894 -1.5616 -1.5616
8975 35.48 35.16 0.00 -3.5095 -0.6937 -0.6937
9000 35.36 34.82 0.00 -3.2319 -1.7189 -1.7189
9025 35.36 34.82 0.00 -3.2319 -1.7189 -1.7189
9050 35.22 34.52 0.00 -3.7879 -2.4875 -2.4875
9075 35.07 34.19 0.00 -3.5790 -2.8075 -2.8075
9100 35.07 34.19 0.00 -3.5790 -2.8075 -2.8075
9125 34.95 33.91 0.00 -2.8226 -2.5675 -2.5675
9150 34.82 33.59 0.00 -3.2279 -2.5580 -2.5580
9175 34.82 33.59 0.00 -3.2279 -2.5580 -2.5580
9200 34.72 33.24 0.00 -4.1352 -2.2969 -2.2969
9225 34.54 32.83 0.00 -4.3703 -0.8239 -0.8239
9250 34.54 32.83 0.00 -4.3703 -0.8239 -0.8239
9275 34.36 32.46 0.00 -4.5309 -1.5635 -1.5635
9300 34.18 32.11 0.00 -4.1212 -1.9885 -1.9885
9325 34.18 32.11 0.00 -4.1212 -1.9885 -1.9885
9350 34.04 31.80 0.00 -3.3815 -1.6694 -1.6694
9375 33.91 31.47 0.00 -3.0184 -2.0220 -2.0220
9400 33.91 31.47 0.00 -3.0184 -2.0220 -2.0220
9425 33.79 31.12 0.00 -3.1178 -1.9795 -1.9795
9450 33.79 31.12 0.00 -3.1178 -1.9795 -1.9795
9475 33.66 30.76 0.00 -3.7555 -2.0106 -2.0106
9500 33.46 30.26 0.00 -4.8669 -2.4109 -2.4109
9525 33.25 29.80 0.00 -5.8808 -2.9160 -2.9160
9550 33.25 29.80 0.00 -5.8808 -2.9160 -2.9160
9575 33.01 29.35 0.00 -5.6410 -2.5020 -2.5020
9600 32.83 28.93 0.00 -4.3144 -2.1408 -2.1408
9625 32.83 28.93 0.00 -4.3144 -2.1408 -2.1408
9650 32.67 28.49 0.00 -3.4333 -1.8990 -1.8990
9675 32.67 28.49 0.00 -3.4333 -1.8990 -1.8990
9700 32.57 28.11 0.00 -2.2246 -0.7365 -0.7365
9725 32.48 27.69 0.00 -2.6595 -1.9055 -1.9055
9750 32.48 27.69 0.00 -2.6595 -1.9055 -1.9055
9775 32.35 27.18 0.00 -3.4849 -1.4548 -1.4548
9800 32.17 26.75 0.00 -4.5078 -1.0895 -1.0895
9825 31.99 26.27 0.00 -4.5479 -1.7098 -1.7098
9850 31.99 26.27 0.00 -4.5479 -1.7098 -1.7098
9875 31.83 25.82 0.00 -4.0186 -1.6614 -1.6614
9900 31.83 25.82 0.00 -4.0186 -1.6614 -1.6614
9925 31.66 25.55 0.00 -4.5861 -2.0201 -2.0201
9950 31.50 25.26 0.00 -5.5852 -3.0341 -3.0341
9975 31.50 25.26 0.00 -5.5852 -3.0341 -3.0341
10000 31.27 24.78 0.00 -5.7335 -3.6040 -3.6040
10025 31.01 24.35 0.00 -6.5178 -3.9252 -3.9252
10050 31.01 24.35 0.00 -6.5178 -3.9252 -3.9252
10075 30.76 23.95 0.00 -6.1967 -3.4779 -3.4779
10100 30.51 23.54 0.00 -6.8100 -4.8322 -4.8322
10125 30.51 23.54 0.00 -6.8100 -4.8322 -4.8322
10150 30.25 23.20 0.00 -6.1492 -3.3931 -3.3931
10175 30.00 22.81 0.00 -6.7300 -3.3836 -3.3836
10200 30.00 22.81 0.00 -6.7300 -3.3836 -3.3836
10225 29.71 22.44 0.00 -7.7739 -3.7264 -3.7264
10250 29.36 21.99 0.00 -8.7496 -4.2134 -4.2134
10275 29.36 21.99 0.00 -8.7496 -4.2134 -4.2134
10300 29.00 21.54 0.00 -9.3601 -5.0826 -5.0826
10325 28.62 21.11 0.00 -9.4675 -5.5372 -5.5372
10350 28.62 21.11 0.00 -9.4675 -5.5372 -5.5372
10375 28.23 20.74 0.00 -9.5304 -5.2475 -5.2475
10400 27.85 20.38 0.00 -9.6979 -5.4267 -5.4267
10425 27.85 20.38 0.00 -9.6979 -5.4267 -5.4267
10450 27.45 20.07 0.00 -10.6070 -6.4050 -6.4050
10475 27.01 19.67 0.00 -11.7076 -7.1190 -7.1190
10500 27.01 19.67 0.00 -11.7076 -7.1190 -7.1190
10525 26.53 19.15 0.00 -11.8933 -6.7787 -6.7787
10550 26.05 18.71 0.00 -11.6093 -6.2842 -6.2842
10575 26.05 18.71 0.00 -11.6093 -6.2842 -6.2842
10600 25.62 18.42 0.00 -10.6022 -6.5252 -6.5252
10625 25.23 18.10 0.00 -8.7164 -6.2325 -6.2325
10650 25.23 18.10 0.00 -8.7164 -6.2325 -6.2325
10675 24.92 17.88 0.00 -8.1219 -6.8934 -6.8934
10700 24.92 17.88 0.00 -8.1219 -6.8934 -6.8934
10725 24.57 17.59 0.00 -9.1018 -6.4761 -6.4761
10750 24.18 17.29 0.00 -10.3577 -5.7890 -5.7890
10775 23.73 16.98 0.00 -10.8949 -6.4239 -6.4239
10800 23.73 16.98 0.00 -10.8949 -6.4239 -6.4239
10825 23.35 16.68 0.00 -8.7858 -5.3140 -5.3140
10850 23.11 16.51 0.00 -7.8276 -5.2182 -5.2182
10875 23.11 16.51 0.00 -7.8276 -5.2182 -5.2182
10900 22.79 16.38 0.00 -7.7388 -5.8179 -5.8179
10925 22.79 16.38 0.00 -7.7388 -5.8179 -5.8179
10950 22.47 16.11 0.00 -8.5534 -6.1277 -6.1277
10975 22.06 15.80 0.00 -11.1673 -6.3513 -6.3513
11000 22.06 15.80 0.00 -11.1673 -6.3513 -6.3513
11025 21.57 15.47 0.00 -12.3685 -5.6607 -5.6607
11050 21.08 15.17 0.00 -11.9629 -6.7846 -6.7846
11075 21.08 15.17 0.00 -11.9629 -6.7846 -6.7846
11100 20.66 14.85 0.00 -9.7704 -5.7009 -5.7009
11125 20.28 14.61 0.00 -9.4205 -6.4613 -6.4613
11150 20.28 14.61 0.00 -9.4205 -6.4613 -6.4613
11175 19.92 14.53 0.00 -9.2375 -6.5839 -6.5839
11200 19.50 14.33 0.00 -11.3280 -7.9629 -7.9629
11225 19.50 14.33 0.00 -11.3280 -7.9629 -7.9629
11250 18.97 13.96 0.00 -14.2747 -8.7889 -8.7889
11275 18.35 13.65 0.00 -15.6961 -9.6780 -9.6780
11300 18.35 13.65 0.00 -15.6961 -9.6780 -9.6780
11325 17.72 13.43 0.00 -15.9419 -9.6600 -9.6600
11350 17.10 13.28 0.00 -15.2331 -10.3819 -10.3819
11375 17.10 13.28 0.00 -15.2331 -10.3819 -10.3819
11400 16.52 13.23 0.00 -14.6088 -10.5821 -10.5821
11425 15.96 13.14 0.00 -13.7954 -10.0139 -10.0139
11450 15.96 13.14 0.00 -13.7954 -10.0139 -10.0139
11475 15.35 12.96 0.00 -15.7844 -10.1507 -10.1507
11500 14.69 12.77 0.00 -16.6957 -11.2172 -11.2172
11525 14.69 12.77 0.00 -16.6957 -11.2172 -11.2172
11550 14.02 12.70 0.00 -16.8462 -12.5111 -12.5111
11575 13.35 12.62 0.00 -16.5770 -12.9071 -12.9071
11600 13.35 12.62 0.00 -16.5770 -12.9071 -12.9071
11625 12.73 12.60 0.00 -14.3951 -11.2001 -11.2001
11650 12.33 12.58 0.00 -12.5768 -10.3595 -10.3595
11675 12.33 12.58 0.00 -12.5768 -10.3595 -10.3595
11700 11.91 12.50 0.00 -9.8232 -9.7309 -9.7309
11725 11.59 12.43 0.00 -7.0742 -7.9461 -7.9461
11750 11.59 12.43 0.00 -7.0742 -7.9461 -7.9461
11775 11.37 12.44 0.00 -4.7973 -5.7532 -5.7532
11800 11.19 12.48 0.00 -4.0045 -5.0526 -5.0526
11825 11.19 12.48 0.00 -4.0045 -5.0526 -5.0526
11850 11.09 12.51 0.00 -1.4919 -3.3731 -3.3731
11875 11.11 12.56 0.00 1.5493 -0.9482 -0.9482
11900 11.11 12.56 0.00 1.5493 -0.9482 -0.9482
11925 11.23 12.73 0.00 3.3977 1.5800 1.5800
11950 11.33 12.84 0.00 2.6521 0.6759 0.6759
11975 11.33 12.84 0.00 2.6521 0.6759 0.6759
12000 11.51 12.97 0.00 5.3942 4.8634 4.8634
12025 11.51 12.97 0.00 5.3942 4.8634 4.8634
12050 11.75 13.18 0.00 6.7807 5.4300 5.4300
12075 12.03 13.55 0.00 6.2939 5.8371 5.8371
12100 12.03 13.55 0.00 6.2939 5.8371 5.8371
12125 12.27 13.97 0.00 5.9665 5.9341 5.9341
12150 12.51 14.47 0.00 6.2165 5.8635 5.8635
12175 12.51 14.47 0.00 6.2165 5.8635 5.8635
12200 12.75 15.10 0.00 5.5688 4.9140 4.9140
12225 12.93 15.67 0.00 3.9741 3.9493 3.9493
12250 12.93 15.67 0.00 3.9741 3.9493 3.9493
12275 13.07 16.19 0.00 3.7385 2.9185 2.9185
12300 13.23 16.72 0.00 4.2617 2.4867 2.4867
12325 13.23 16.72 0.00 4.2617 2.4867 2.4867
12350 13.41 17.29 0.00 3.5209 2.0248 2.0248
12375 13.52 17.77 0.00 2.9734 1.7304 1.7304
12400 13.52 17.77 0.00 2.9734 1.7304 1.7304
12425 13.64 18.20 0.00 3.0085 2.2879 2.2879
12450 13.78 18.64 0.00 3.6208 3.2132 3.2132
12475 13.78 18.64 0.00 3.6208 3.2132 3.2132
12500 13.88 18.95 0.00 3.7152 2.9394 2.9394
12525 14.04 19.39 0.00 3.6116 2.6216 2.6216
12550 14.04 19.39 0.00 3.6116 2.6216 2.6216
12575 14.16 19.74 0.00 2.8943 1.6531 1.6531
12600 14.29 20.06 0.00 3.6029 2.4259 2.4259
12625 14.29 20.06 0.00 3.6029 2.4259 2.4259
12650 14.49 20.41 0.00 6.0676 4.0890 4.0890
12675 14.76 20.76 0.00 7.5540 4.3784 4.3784
12700 14.76 20.76 0.00 7.5540 4.3784 4.3784
12725 15.14 21.18 0.00 10.3835 6.5624 6.5624
12750 15.61 21.74 0.00 12.9843 8.1010 8.1010
12775 15.61 21.74 0.00 12.9843 8.1010 8.1010
12800 16.17 22.40 0.00 15.2516 8.6179 8.6179
12825 16.17 22.40 0.00 15.2516 8.6179 8.6179
12850 16.87 23.14 0.00 18.4881 9.6928 9.6928
12875 17.70 24.04 0.00 22.0941 12.3311 12.3311
12900 18.60 24.96 0.00 22.9313 13.2125 13.2125
12925 18.60 24.96 0.00 22.9313 13.2125 13.2125
12950 19.58 25.91 0.00 25.8862 14.2846 14.2846
12975 20.63 26.86 0.00 25.1808 14.0691 14.0691
13000 20.63 26.86 0.00 25.1808 14.0691 14.0691
13025 21.59 27.80 0.00 23.7022 13.8749 13.8749
13050 22.53 28.78 0.00 24.2054 12.9361 12.9361
13075 22.53 28.78 0.00 24.2054 12.9361 12.9361
13100 23.56 29.80 0.00 26.6781 12.2957 12.2957
13125 24.64 30.80 0.00 26.2600 9.1677 9.1677
13150 24.64 30.80 0.00 26.2600 9.1677 9.1677
13175 25.60 31.77 0.00 22.3373 8.6173 8.6173
13200 26.42 32.75 0.00 20.0536 8.4735 8.4735
13225 26.42 32.75 0.00 20.0536 8.4735 8.4735
13250 27.23 33.80 0.00 19.9899 8.3007 8.3007
13275 27.23 33.80 0.00 19.9899 8.3007 8.3007
13300 27.83 34.53 0.00 19.4806 7.6824 7.6824
13325 28.62 35.41 0.00 20.1495 7.1041 7.1041
13350 29.45 36.33 0.00 20.9645 7.5028 7.5028
13375 29.45 36.33 0.00 20.9645 7.5028 7.5028
13400 30.29 37.25 0.00 20.5212 8.1561 8.1561
13425 30.29 37.25 0.00 20.5212 8.1561 8.1561
13450 31.10 38.18 0.00 20.3622 7.1637 7.1637
13475 31.90 39.06 0.00 19.2303 6.4718 6.4718
13500 31.90 39.06 0.00 19.2303 6.4718 6.4718
13525 32.60 39.81 0.00 16.7325 6.8088 6.8088
13550 33.23 40.53 0.00 15.3643 6.7285 6.7285
13575 33.23 40.53 0.00 15.3643 6.7285 6.7285
13600 33.86 41.27 0.00 15.6488 7.1848 7.1848
13625 34.52 41.93 0.00 17.1597 6.0153 6.0153
13650 34.52 41.93 0.00 17.1597 6.0153 6.0153
13675 35.23 42.56 0.00 18.5499 5.5547 5.5547
13700 35.96 43.27 0.00 17.1118 5.5163 5.5163
13725 35.96 43.27 0.00 17.1118 5.5163 5.5163
13750 36.60 43.93 0.00 15.2628 5.5903 5.5903
13775 37.21 44.59 0.00 15.3880 5.5061 5.5061
13800 37.21 44.59 0.00 15.3880 5.5061 5.5061
13825 37.83 45.32 0.00 15.5316 5.2178 5.2178
13850 38.43 46.02 0.00 15.2721 4.7703 4.7703
13875 39.05 46.67 0.00 15.2490 3.6689 3.6689
13900 39.05 46.67 0.00 15.2490 3.6689 3.6689
13925 39.68 47.33 0.00 15.9960 5.9619 5.9619
13950 39.68 47.33 0.00 15.9960 5.9619 5.9619
13975 40.34 48.06 0.00 16.5634 5.7285 5.7285
14000 41.00 48.90 0.00 17.0702 5.0616 5.0616
14025 41.00 48.90 0.00 17.0702 5.0616 5.0616
14050 41.73 49.66 0.00 18.6192 3.8796 3.8796
14075 42.52 50.36 0.00 20.5537 3.9333 3.9333
14100 42.52 50.36 0.00 20.5537 3.9333 3.9333
14125 43.32 51.10 0.00 19.3498 3.7345 3.7345
14150 43.87 51.70 0.00 17.5927 3.4379 3.4379
14175 43.87 51.70 0.00 17.5927 3.4379 3.4379
14200 44.55 52.50 0.00 17.3170 2.0833 2.0833
14225 45.32 53.37 0.00 20.4452 0.6410 0.6410
14250 45.32 53.37 0.00 20.4452 0.6410 0.6410
14275 46.21 54.33 0.00 23.4208 -0.1989 -0.1989
14300 47.21 55.24 0.00 25.5324 -0.3761 -0.3761
14325 47.21 55.24 0.00 25.5324 -0.3761 -0.3761
14350 48.24 56.14 0.00 25.7444 -0.3646 -0.3646
14375 49.25 56.97 0.00 25.2258 -0.2431 -0.2431
14400 49.25 56.97 0.00 25.2258 -0.2431 -0.2431
14425 50.28 57.91 0.00 25.5509 -0.6007 -0.6007
14450 51.31 58.94 0.00 26.2466 -1.1386 -1.1386
14475 51.31 58.94 0.00 26.2466 -1.1386 -1.1386
14500 52.39 60.12 0.00 27.2354 -1.7664 -1.7664
14525 52.39 60.12 0.00 27.2354 -1.7664 -1.7664
14550 53.47 61.26 0.00 27.3860 -2.2945 -2.2945
14575 54.56 62.27 0.00 26.7307 -2.9484 -2.9484
14600 55.63 63.32 0.00 27.0654 -1.6903 -1.6903
14625 55.63 63.32 0.00 27.0654 -1.6903 -1.6903
14650 56.69 64.36 0.00 25.7161 -1.8137 -1.8137
14675 56.69 64.36 0.00 25.7161 -1.8137 -1.8137
14700 57.68 65.32 0.00 23.6343 -1.4776 -1.4776
14725 58.54 66.23 0.00 20.3616 -0.5945 -0.5945
14750 58.54 66.23 0.00 20.3616 -0.5945 -0.5945
14775 59.28 67.01 0.00 17.5422 -0.2367 -0.2367
14800 59.96 67.82 0.00 17.1378 -0.3499 -0.3499
14825 59.96 67.82 0.00 17.1378 -0.3499 -0.3499
14850 60.70 68.64 0.00 19.7463 -1.6349 -1.6349
14875 61.55 69.41 0.00 21.5684 -2.0211 -2.0211
14900 61.55 69.41 0.00 21.5684 -2.0211 -2.0211
14925 62.38 70.19 0.00 20.6046 -3.6835 -3.6835
14950 63.22 70.98 0.00 20.8054 -3.8427 -3.8427
14975 63.22 70.98 0.00 20.8054 -3.8427 -3.8427
15000 63.86 71.56 0.00 21.9336 -2.5987 -2.5987
15025 64.77 72.36 0.00 22.8766 -2.7944 -2.7944
15050 64.77 72.36 0.00 22.8766 -2.7944 -2.7944
15075 65.70 73.18 0.00 23.5701 -3.7609 -3.7609
15100 66.66 73.96 0.00 24.8450 -4.7300 -4.7300
15125 66.66 73.96 0.00 24.8450 -4.7300 -4.7300
15150 67.67 74.77 0.00 25.6085 -5.0884 -5.0884
15175 68.71 75.45 0.00 26.0630 -4.1574 -4.1574
15200 68.71 75.45 0.00 26.0630 -4.1574 -4.1574
15225 69.78 76.12 0.00 28.3501 -4.0253 -4.0253
15250 71.02 76.80 0.00 32.6291 -4.7393 -4.7393
15275 71.02 76.80 0.00 32.6291 -4.7393 -4.7393
15300 72.43 77.54 0.00 35.6392 -7.1256 -7.1256
15325 73.80 78.31 0.00 33.9861 -7.6726 -7.6726
15350 73.80 78.31 0.00 33.9861 -7.6726 -7.6726
15375 75.06 79.06 0.00 28.9134 -5.9676 -5.9676
15400 76.05 79.71 0.00 21.8415 -2.8013 -2.8013
15425 76.05 79.71 0.00 21.8415 -2.8013 -2.8013
15450 76.76 80.35 0.00 15.3768 -0.1007 -0.1007
15475 77.28 80.90 0.00 11.0988 0.5471 0.5471
15500 77.28 80.90 0.00 11.0988 0.5471 0.5471
15525 77.64 81.35 0.00 8.2458 0.3526 0.3526
15550 78.00 81.91 0.00 9.5375 -1.5351 -1.5351
15575 78.00 81.91 0.00 9.5375 -1.5351 -1.5351
15600 78.41 82.47 0.00 10.7183 -2.9537 -2.9537
15625 78.81 82.87 0.00 8.9533 -3.1884 -3.1884
15650 78.81 82.87 0.00 8.9533 -3.1884 -3.1884
15675 79.03 83.27 0.00 3.8820 -1.5509 -1.5509
15700 79.03 83.27 0.00 3.8820 -1.5509 -1.5509
15725 79.17 83.68 0.00 3.7406 -0.7588 -0.7588
15750 79.39 84.13 0.00 7.1497 -4.1326 -4.1326
15775 79.39 84.13 0.00 7.1497 -4.1326 -4.1326
15800 79.79 84.63 0.00 10.8283 -4.1957 -4.1957
15825 80.12 85.07 0.00 11.0720 -4.5514 -4.5514
15850 80.61 85.69 0.00 13.0279 -5.9987 -5.9987
15875 80.61 85.69 0.00 13.0279 -5.9987 -5.9987
15900 81.13 86.22 0.00 12.1262 -4.8423 -4.8423
15925 81.13 86.22 0.00 12.1262 -4.8423 -4.8423
15950 81.55 86.61 0.00 9.8971 -1.4141 -1.4141
15975 81.95 87.01 0.00 10.9094 -1.8540 -1.8540
16000 81.95 87.01 0.00 10.9094 -1.8540 -1.8540
16025 82.47 87.34 0.00 14.0452 -2.8017 -2.8017
16050 83.11 87.64 0.00 16.6228 -3.4791 -3.4791
16075 83.11 87.64 0.00 16.6228 -3.4791 -3.4791
16100 83.71 87.90 0.00 13.2993 -2.5004 -2.5004
16125 84.10 88.05 0.00 7.7084 0.2649 0.2649
16150 84.30 88.18 0.00 3.1263 2.8685 2.8685
16175 84.30 88.18 0.00 3.1263 2.8685 2.8685
16200 84.41 88.26 0.00 3.3618 3.9765 3.9765
16225 84.41 88.26 0.00 3.3618 3.9765 3.9765
16250 84.57 88.25 0.00 4.0223 3.2921 3.2921
16275 84.71 88.20 0.00 2.5907 3.4473 3.4473
16300 84.71 88.20 0.00 2.5907 3.4473 3.4473
16325 84.78 88.07 0.00 1.4243 3.0963 3.0963
16350 84.80 87.88 0.00 -0.6661 3.9108 3.9108
16375 84.80 87.88 0.00 -0.6661 3.9108 3.9108
16400 84.71 87.67 0.00 -3.1508 5.1398 5.1398
16425 84.57 87.39 0.00 -3.0665 4.4671 4.4671
16450 84.45 87.10 0.00 -3.4442 3.6503 3.6503
16475 84.45 87.10 0.00 -3.4442 3.6503 3.6503
16500 84.26 86.75 0.00 -4.9234 4.1910 4.1910
16525 84.26 86.75 0.00 -4.9234 4.1910 4.1910
16550 84.08 86.36 0.00 -3.8720 3.9312 3.9312
16575 83.98 85.96 0.00 -1.9884 3.4516 3.4516
16600 83.98 85.96 0.00 -1.9884 3.4516 3.4516
16625 83.95 85.66 0.00 -1.3719 3.5394 3.5394
16650 83.91 85.30 0.00 -0.1203 3.1758 3.1758
16675 83.91 85.30 0.00 -0.1203 3.1758 3.1758
16700 83.96 84.93 0.00 2.1690 3.3270 3.3270
16725 84.08 84.59 0.00 3.1539 3.9971 3.9971
16750 84.08 84.59 0.00 3.1539 3.9971 3.9971
16775 84.18 84.35 0.00 2.1332 3.4137 3.4137
16800 84.28 84.07 0.00 2.8466 4.3894 4.3894
16825 84.28 84.07 0.00 2.8466 4.3894 4.3894
16850 84.41 83.74 0.00 3.5259 5.3396 5.3396
16875 84.57 83.35 0.00 4.2404 5.5361 5.5361
16900 84.57 83.35 0.00 4.2404 5.5361 5.5361
16925 84.71 82.91 0.00 2.8328 6.5494 6.5494
16950 84.80 82.39 0.00 2.4082 8.0300 8.0300
16975 84.80 82.39 0.00 2.4082 8.0300 8.0300
17000 84.88 81.85 0.00 0.3097 7.6161 7.6161
17025 84.88 81.85 0.00 0.3097 7.6161 7.6161
17050 84.76 81.08 0.00 -4.8860 10.4904 10.4904
17075 84.49 80.17 0.00 -7.8146 11.3186 11.3186
17100 84.18 79.31 0.00 -7.3250 10.8266 10.8266
17125 84.18 79.31 0.00 -7.3250 10.8266 10.8266
17150 83.89 78.44 0.00 -6.9958 9.9083 9.9083
17175 83.89 78.44 0.00 -6.9958 9.9083 9.9083
17200 83.65 77.62 0.00 -5.4289 9.6114 9.6114
17225 83.46 76.86 0.00 -4.6890 7.5020 7.5020
17250 83.46 76.86 0.00 -4.6890 7.5020 7.5020
17275 83.25 76.12 0.00 -5.4220 7.8282 7.8282
17300 83.09 75.32 0.00 -2.1864 7.4317 7.4317
17325 83.09 75.32 0.00 -2.1864 7.4317 7.4317
17350 83.07 74.51 0.00 0.3632 5.3220 5.3220
17375 83.11 73.79 0.00 0.7805 5.4882 5.4882
17400 83.11 73.79 0.00 0.7805 5.4882 5.4882
17425 83.13 73.07 0.00 0.1617 5.9265 5.9265
17450 83.13 72.45 0.00 0.4313 7.1066 7.1066
17475 83.15 71.66 0.00 0.5283 7.2054 7.2054
17500 83.15 71.66 0.00 0.5283 7.2054 7.2054
17525 83.21 70.89 0.00 2.6606 8.1397 8.1397
17550 83.21 70.89 0.00 2.6606 8.1397 8.1397
17575 83.34 70.09 0.00 3.5857 8.1200 8.1200
17600 83.50 69.32 0.00 3.5770 9.1210 9.1210
17625 83.56 68.49 0.00 0.1091 9.3447 9.3447
17650 83.56 68.49 0.00 0.1091 9.3447 9.3447
17675 83.48 67.61 0.00 -3.4875 9.6727 9.6727
17700 83.48 67.61 0.00 -3.4875 9.6727 9.6727
17725 83.30 66.65 0.00 -4.4995 10.3047 10.3047
17750 83.13 65.68 0.00 -4.4357 9.9254 9.9254
17775 83.13 65.68 0.00 -4.4357 9.9254 9.9254
17800 82.92 64.73 0.00 -6.1805 8.5393 8.5393
17825 82.61 63.79 0.00 -8.7041 7.5671 7.5671
17850 82.61 63.79 0.00 -8.7041 7.5671 7.5671
17875 82.14 62.73 0.00 -12.7268 9.7553 9.7553
17900 81.57 61.75 0.00 -16.0147 9.1008 9.1008
17925 81.57 61.75 0.00 -16.0147 9.1008 9.1008
17950 80.90 60.83 0.00 -16.4504 8.2002 8.2002
17975 80.90 60.83 0.00 -16.4504 8.2002 8.2002
18000 80.23 59.81 0.00 -16.8097 7.2547 7.2547
18025 79.55 58.88 0.00 -16.7860 4.0247 4.0247
18050 78.96 58.07 0.00 -13.0990 1.0626 1.0626
18075 78.96 58.07 0.00 -13.0990 1.0626 1.0626
18100 78.49 57.31 0.00 -11.9403 -0.6356 -0.6356
18125 77.96 56.63 0.00 -13.3881 -0.9449 -0.9449
18150 77.96 56.63 0.00 -13.3881 -0.9449 -0.9449
18175 77.49 56.00 0.00 -10.3622 0.3946 0.3946
18200 77.19 55.33 0.00 -6.2376 -0.3412 -0.3412
18225 77.19 55.33 0.00 -6.2376 -0.3412 -0.3412
18250 77.02 54.86 0.00 -5.4975 -0.9449 -0.9449
18275 77.02 54.86 0.00 -5.4975 -0.9449 -0.9449
18300 76.81 54.25 0.00 -4.9075 0.7025 0.7025
18325 76.61 53.65 0.00 -5.6409 0.4589 0.4589
18350 76.61 53.65 0.00 -5.6409 0.4589 0.4589
18375 76.40 53.20 0.00 -4.7158 0.9010 0.9010
18400 76.25 52.80 0.00 -3.1856 0.2559 0.2559
18425 76.14 52.37 0.00 -2.2241 0.5284 0.5284
18450 76.14 52.37 0.00 -2.2241 0.5284 0.5284
18475 76.05 51.88 0.00 -3.0312 1.1815 1.1815
18500 76.05 51.88 0.00 -3.0312 1.1815 1.1815
18525 75.92 51.32 0.00 -2.9481 2.8816 2.8816
18550 75.82 50.81 0.00 -2.1397 3.0735 3.0735
18575 75.82 50.81 0.00 -2.1397 3.0735 3.0735
18600 75.71 50.20 0.00 -3.3592 2.6915 2.6915
18625 75.53 49.53 0.00 -5.4056 3.7102 3.7102
18650 75.27 48.76 0.00 -6.4953 4.7950 4.7950
18675 75.27 48.76 0.00 -6.4953 4.7950 4.7950
18700 75.04 47.96 0.00 -5.5664 4.6310 4.6310
18725 75.04 47.96 0.00 -5.5664 4.6310 4.6310
18750 74.86 47.20 0.00 -3.7251 3.4375 3.4375
18775 74.73 46.38 0.00 -3.2218 2.5718 2.5718
18800 74.73 46.38 0.00 -3.2218 2.5718 2.5718
18825 74.58 45.55 0.00 -3.4389 2.4973 2.4973
18850 74.45 44.82 0.00 -3.1998 2.7517 2.7517
18875 74.45 44.82 0.00 -3.1998 2.7517 2.7517
18900 74.32 44.08 0.00 -3.3502 3.1646 3.1646
18925 74.17 43.37 0.00 -4.3033 3.2170 3.2170
18950 74.17 43.37 0.00 -4.3033 3.2170 3.2170
18975 73.99 42.71 0.00 -4.4319 2.6106 2.6106
19000 73.82 41.99 0.00 -3.5161 2.9147 2.9147
19025 73.82 41.99 0.00 -3.5161 2.9147 2.9147
19050 73.69 41.38 0.00 -3.9497 1.9750 1.9750
19075 73.49 40.89 0.00 -5.1461 1.3016 1.3016
19100 73.49 40.89 0.00 -5.1461 1.3016 1.3016
19125 73.27 40.30 0.00 -5.7657 1.7229 1.7229
19150 73.09 39.94 0.00 -6.3955 1.1803 1.1803
19175 73.09 39.94 0.00 -6.3955 1.1803 1.1803
19200 72.83 39.57 0.00 -6.6854 0.6961 0.6961
19225 72.54 39.30 0.00 -7.4875 -0.2008 -0.2008
19250 72.54 39.30 0.00 -7.4875 -0.2008 -0.2008
19275 72.22 39.01 0.00 -8.3353 -0.8548 -0.8548
19300 71.88 38.76 0.00 -8.3222 -0.9999 -0.9999
19325 71.88 38.76 0.00 -8.3222 -0.9999 -0.9999
19350 71.57 38.58 0.00 -7.8843 -1.0850 -1.0850
19375 71.26 38.41 0.00 -7.7305 -0.6721 -0.6721
19400 71.26 38.41 0.00 -7.7305 -0.6721 -0.6721
19425 70.93 38.27 0.00 -8.4639 -1.1834 -1.1834
19450 70.62 38.16 0.00 -7.2348 -0.1324 -0.1324
19475 70.62 38.16 0.00 -7.2348 -0.1324 -0.1324
19500 70.35 38.04 0.00 -6.5660 -1.2869 -1.2869
19525 70.09 38.05 0.00 -5.8989 -2.5072 -2.5072
19550 70.09 38.05 0.00 -5.8989 -2.5072 -2.5072
19575 69.87 38.08 0.00 -5.4860 -2.5084 -2.5084
19600 69.66 38.06 0.00 -5.1194 -2.4184 -2.4184
19625 69.66 38.06 0.00 -5.1194 -2.4184 -2.4184
19650 69.44 38.07 0.00 -5.7606 -3.1311 -3.1311
19675 69.20 38.05 0.00 -5.9986 -2.1757 -2.1757
19700 69.20 38.05 0.00 -5.9986 -2.1757 -2.1757
19725 68.97 38.06 0.00 -6.2644 -2.5839 -2.5839
19750 68.71 38.11 0.00 -5.9328 -2.7093 -2.7093
19775 68.71 38.11 0.00 -5.9328 -2.7093 -2.7093
19800 68.50 38.11 0.00 -5.2218 -2.1241 -2.1241
19825 68.28 38.16 0.00 -5.7129 -2.5712 -2.5712
19850 68.28 38.16 0.00 -5.7129 -2.5712 -2.5712
19875 68.05 38.29 0.00 -6.2485 -2.7777 -2.7777
19900 67.76 38.48 0.00 -7.4321 -3.2412 -3.2412
19925 67.76 38.48 0.00 -7.4321 -3.2412 -3.2412
19950 67.52 38.70 0.00 -8.5080 -4.1498 -4.1498
19975 67.15 39.09 0.00 -9.3084 -5.3398 -5.3398
20000 67.15 39.09 0.00 -9.3084 -5.3398 -5.3398
20025 66.77 39.55 0.00 -9.4234 -5.8734 -5.8734
20050 66.39 40.07 0.00 -9.5347 -6.9827 -6.9827
20075 66.39 40.07 0.00 -9.5347 -6.9827 -6.9827
20100 66.02 40.70 0.00 -9.2595 -7.3819 -7.3819
20125 65.68 41.31 0.00 -8.1650 -6.6945 -6.6945
20150 65.68 41.31 0.00 -8.1650 -6.6945 -6.6945
20175 65.34 41.95 0.00 -8.7462 -8.2250 -8.2250
20200 64.96 42.59 0.00 -9.9063 -8.8424 -8.8424
20225 64.96 42.59 0.00 -9.9063 -8.8424 -8.8424
20250 64.52 43.35 0.00 -12.7442 -11.1073 -11.1073
20275 63.89 44.27 0.00 -17.0267 -12.1095 -12.1095
20300 63.89 44.27 0.00 -17.0267 -12.1095 -12.1095
20325 63.15 45.21 0.00 -19.2936 -11.3674 -11.3674
20350 63.15 45.21 0.00 -19.2936 -11.3674 -11.3674
20375 62.37 46.19 0.00 -19.5865 -12.4486 -12.4486
20400 61.57 47.28 0.00 -20.4406 -15.0758 -15.0758
20425 61.57 47.28 0.00 -20.4406 -15.0758 -15.0758
20450 60.69 48.42 0.00 -23.2333 -17.0754 -17.0754
20475 59.70 49.60 0.00 -25.9199 -17.5791 -17.5791
20500 58.57 50.82 0.00 -29.5618 -16.9624 -16.9624
20525 58.57 50.82 0.00 -29.5618 -16.9624 -16.9624
20550 57.29 52.05 0.00 -33.2744 -17.1337 -17.1337
20575 57.29 52.05 0.00 -33.2744 -17.1337 -17.1337
20600 55.91 53.40 0.00 -35.4590 -18.9245 -18.9245
20625 54.42 54.88 0.00 -38.1244 -20.2642 -20.2642
20650 54.42 54.88 0.00 -38.1244 -20.2642 -20.2642
20675 52.85 56.40 0.00 -39.4783 -20.1046 -20.1046
20700 51.66 57.59 0.00 -39.9949 -20.3573 -20.3573
20725 51.66 57.59 0.00 -39.9949 -20.3573 -20.3573
20750 50.03 59.04 0.00 -40.6826 -21.0174 -21.0174
20775 48.39 60.33 0.00 -41.0181 -19.5672 -19.5672
20800 48.39 60.33 0.00 -41.0181 -19.5672 -19.5672
20825 46.72 61.61 0.00 -42.5433 -19.0717 -19.0717
20850 44.97 62.96 0.00 -44.6096 -18.8340 -18.8340
20875 44.97 62.96 0.00 -44.6096 -18.8340 -18.8340
20900 43.17 64.30 0.00 -44.9277 -16.1176 -16.1176
20925 41.41 65.54 0.00 -42.8493 -15.7833 -15.7833
20950 41.41 65.54 0.00 -42.8493 -15.7833 -15.7833
20975 39.77 66.80 0.00 -39.3926 -16.0652 -16.0652
21000 38.29 67.80 0.00 -36.0751 -14.9613 -14.9613
21025 38.29 67.80 0.00 -36.0751 -14.9613 -14.9613
21050 36.87 68.59 0.00 -34.7591 -14.0328 -14.0328
21075 35.55 69.34 0.00 -32.0188 -10.9293 -10.9293
21100 35.55 69.34 0.00 -32.0188 -10.9293 -10.9293
21125 34.30 69.96 0.00 -30.0714 -8.8499 -8.8499
21150 33.21 70.49 0.00 -25.6406 -6.9582 -6.9582
21175 33.21 70.49 0.00 -25.6406 -6.9582 -6.9582
21200 32.26 70.95 0.00 -22.8079 -6.3949 -6.3949
21225 31.38 71.40 0.00 -21.7643 -5.9104 -5.9104
21250 31.38 71.40 0.00 -21.7643 -5.9104 -5.9104
21275 30.53 71.83 0.00 -20.7048 -5.0035 -5.0035
21300 29.71 72.24 0.00 -20.3392 -3.7536 -3.7536
21325 29.71 72.24 0.00 -20.3392 -3.7536 -3.7536
21350 28.91 72.71 0.00 -19.8779 -0.5968 -0.5968
21375 28.91 72.71 0.00 -19.8779 -0.5968 -0.5968
21400 28.20 73.20 0.00 -16.5915 -0.2077 -0.2077
21425 27.61 73.63 0.00 -14.0476 -0.6404 -0.6404
21450 27.06 74.05 0.00 -13.2322 0.0507 0.0507
21475 27.06 74.05 0.00 -13.2322 0.0507 0.0507
21500 26.53 74.57 0.00 -14.0208 0.6056 0.6056
21525 25.96 75.17 0.00 -13.9079 0.4744 0.4744
21550 25.96 75.17 0.00 -13.9079 0.4744 0.4744
21575 25.40 75.79 0.00 -14.0004 0.4384 0.4384
21600 24.99 76.34 0.00 -13.8913 0.3704 0.3704
21625 24.99 76.34 0.00 -13.8913 0.3704 0.3704
21650 24.44 77.14 0.00 -14.1838 0.3519 0.3519
21675 24.44 77.14 0.00 -14.1838 0.3519 0.3519
21700 23.86 77.92 0.00 -13.7320 0.0041 0.0041
21725 23.37 78.67 0.00 -11.5269 -0.2395 -0.2395
21750 22.94 79.30 0.00 -10.6535 0.1819 0.1819
21775 22.94 79.30 0.00 -10.6535 0.1819 0.1819
21800 22.53 79.88 0.00 -9.7947 1.2380 1.2380
21825 22.10 80.46 0.00 -12.1654 2.5312 2.5312
21850 22.10 80.46 0.00 -12.1654 2.5312 2.5312
21875 21.57 80.97 0.00 -13.4503 3.3499 3.3499
21900 21.57 80.97 0.00 -13.4503 3.3499 3.3499
21925 21.10 81.51 0.00 -10.8397 2.0634 2.0634
21950 20.72 81.97 0.00 -8.3443 1.0218 1.0218
21975 20.72 81.97 0.00 -8.3443 1.0218 1.0218
22000 20.44 82.44 0.00 -6.3816 0.1035 0.1035
22025 20.19 82.83 0.00 -5.8819 -1.0146 -1.0146
22050 20.00 83.19 0.00 -4.2243 -0.3792 -0.3792
22075 20.00 83.19 0.00 -4.2243 -0.3792 -0.3792
22100 19.87 83.46 0.00 -2.7763 -0.6954 -0.6954
22125 19.87 83.46 0.00 -2.7763 -0.6954 -0.6954
22150 19.77 83.57 0.00 -2.0182 -0.2738 -0.2738
22175 19.71 83.67 0.00 -1.4487 0.1758 0.1758
22200 19.71 83.67 0.00 -1.4487 0.1758 0.1758
22225 19.67 83.84 0.00 -0.0718 -0.2722 -0.2722
22250 19.67 83.93 0.00 -0.7444 -1.0043 -1.0043
22275 19.67 83.93 0.00 -0.7444 -1.0043 -1.0043
22300 19.62 83.99 0.00 -1.0522 0.7610 0.7610
22325 19.56 84.06 0.00 -2.1042 -0.5157 -0.5157
22350 19.56 84.06 0.00 -2.1042 -0.5157 -0.5157
22375 19.41 84.18 0.00 -4.5741 0.5046 0.5046
22400 19.18 84.34 0.00 -6.8185 1.5174 1.5174
22425 19.18 84.34 0.00 -6.8185 1.5174 1.5174
22450 18.95 84.50 0.00 -7.8789 1.8900 1.8900
22475 18.59 84.77 0.00 -10.0297 4.3052 4.3052
22500 18.59 84.77 0.00 -10.0297 4.3052 4.3052
22525 18.07 85.19 0.00 -15.3999 9.6735 9.6735
22550 17.35 85.73 0.00 -18.7035 13.0633 13.0633
22575 17.35 85.73 0.00 -18.7035 13.0633 13.0633
22600 16.60 86.24 0.00 -18.2411 11.7597 11.7597
22625 16.00 86.59 0.00 -13.0721 7.1571 7.1571
22650 16.00 86.59 0.00 -13.0721 7.1571 7.1571
22675 15.55 86.89 0.00 -9.9540 3.7163 3.7163
22700 15.14 87.12 0.00 -10.7492 3.8818 3.8818
22725 15.14 87.12 0.00 -10.7492 3.8818 3.8818
22750 14.75 87.30 0.00 -8.4599 2.2068 2.2068
22775 14.51 87.42 0.00 -4.6258 -0.1311 -0.1311
22800 14.51 87.42 0.00 -4.6258 -0.1311 -0.1311
22825 14.37 87.47 0.00 -2.9955 -0.8887 -0.8887
22850 14.27 87.46 0.00 -2.4312 0.0046 0.0046
22875 14.27 87.46 0.00 -2.4312 0.0046 0.0046
22900 14.18 87.40 0.00 -2.2964 0.4295 0.4295
22925 14.18 87.40 0.00 -2.2964 0.4295 0.4295
22950 14.14 87.31 0.00 0.1991 -0.5377 -0.5377
22975 14.21 87.21 0.00 2.4431 -0.5429 -0.5429
23000 14.21 87.21 0.00 2.4431 -0.5429 -0.5429
23025 14.29 87.07 0.00 1.9858 -0.5344 -0.5344
23050 14.37 86.86 0.00 2.0693 -0.7137 -0.7137
23075 14.47 86.63 0.00 2.6737 -0.9037 -0.9037
23100 14.47 86.63 0.00 2.6737 -0.9037 -0.9037
23125 14.57 86.32 0.00 2.0782 0.0916 0.0916
23150 14.57 86.32 0.00 2.0782 0.0916 0.0916
23175 14.65 85.96 0.00 2.2105 -0.1226 -0.1226
23200 14.78 85.51 0.00 4.1187 1.0221 1.0221
23225 14.78 85.51 0.00 4.1187 1.0221 1.0221
23250 14.98 85.07 0.00 5.6918 0.5738 0.5738
23275 15.16 84.78 0.00 6.0008 0.3144 0.3144
23300 15.16 84.78 0.00 6.0008 0.3144 0.3144
23325 15.39 84.41 0.00 5.3800 0.5941 0.5941
23350 15.57 83.99 0.00 3.2671 1.2114 1.2114
23375 15.65 83.59 0.00 1.6237 1.0592 1.0592
23400 15.65 83.59 0.00 1.6237 1.0592 1.0592
23425 15.72 83.27 0.00 2.2650 0.7609 0.7609
23450 15.72 83.27 0.00 2.2650 0.7609 0.7609
23475 15.90 82.98 0.00 5.4874 0.0602 0.0602
23500 16.13 82.71 0.00 6.1554 -0.1651 -0.1651
23525 16.13 82.71 0.00 6.1554 -0.1651 -0.1651
23550 16.35 82.46 0.00 5.0024 0.6331 0.6331
23575 16.58 82.26 0.00 6.2640 1.1588 1.1588
23600 16.58 82.26 0.00 6.2640 1.1588 1.1588
23625 16.87 82.06 0.00 7.7484 1.2756 1.2756
23650 17.22 81.79 0.00 9.4226 1.8955 1.8955
23675 17.22 81.79 0.00 9.4226 1.8955 1.8955
23700 17.68 81.57 0.00 12.9216 1.0493 1.0493
23725 18.24 81.33 0.00 14.8246 0.4614 0.4614
23750 18.24 81.33 0.00 14.8246 0.4614 0.4614
23775 18.93 81.01 0.00 19.3990 -0.0642 -0.0642
23800 19.88 80.59 0.00 26.3526 -2.1600 -2.1600
23825 19.88 80.59 0.00 26.3526 -2.1600 -2.1600
23850 21.06 80.15 0.00 30.2689 -2.9893 -2.9893
23875 22.23 79.70 0.00 28.2483 -0.3271 -0.3271
23900 22.23 79.70 0.00 28.2483 -0.3271 -0.3271
23925 23.34 79.27 0.00 27.5653 1.0306 1.0306
23950 24.42 78.89 0.00 26.2949 2.1596 2.1596
23975 24.42 78.89 0.00 26.2949 2.1596 2.1596
24000 25.44 78.57 0.00 24.8460 2.8773 2.8773
24025 26.38 78.32 0.00 22.7781 2.5813 2.5813
24050 26.38 78.32 0.00 22.7781 2.5813 2.5813
24075 27.21 78.18 0.00 19.1447 3.8681 3.8681
24100 27.72 78.08 0.00 16.3407 3.8814 3.8814
24125 27.72 78.08 0.00 16.3407 3.8814 3.8814
24150 28.34 77.96 0.00 15.6007 5.1538 5.1538
24175 29.00 77.91 0.00 17.2632 4.4479 4.4479
24200 29.00 77.91 0.00 17.2632 4.4479 4.4479
24225 29.71 77.88 0.00 17.1237 3.5902 3.5902
24250 29.71 77.88 0.00 17.1237 3.5902 3.5902
24275 30.33 77.86 0.00 14.9737 4.9628 4.9628
24300 30.94 77.76 0.00 15.5742 5.3286 5.3286
24325 31.63 77.66 0.00 18.7336 3.4939 3.4939
24350 31.63 77.66 0.00 18.7336 3.4939 3.4939
24375 32.51 77.52 0.00 24.5697 1.3705 1.3705
24400 32.51 77.52 0.00 24.5697 1.3705 1.3705
24425 33.64 77.28 0.00 30.5500 -0.6114 -0.6114
24450 34.98 76.96 0.00 34.6320 -1.6423 -1.6423
24475 34.98 76.96 0.00 34.6320 -1.6423 -1.6423
24500 36.37 76.57 0.00 34.4682 -0.8329 -0.8329
24525 37.72 76.09 0.00 33.6203 1.7663 1.7663
24550 39.08 75.57 0.00 34.8404 4.0774 4.0774
24575 39.08 75.57 0.00 34.8404 4.0774 4.0774
24600 40.56 74.96 0.00 38.0699 4.1336 4.1336
24625 42.16 74.32 0.00 41.1729 3.7798 3.7798
24650 42.16 74.32 0.00 41.1729 3.7798 3.7798
24675 43.87 73.72 0.00 42.9579 4.3450 4.3450
24700 43.87 73.72 0.00 42.9579 4.3450 4.3450
24725 45.56 73.09 0.00 41.9170 5.8919 5.8919
24750 47.12 72.47 0.00 36.7347 7.0943 7.0943
24775 47.12 72.47 0.00 36.7347 7.0943 7.0943
24800 48.45 71.88 0.00 30.3930 8.9066 8.9066
24825 49.27 71.53 0.00 26.3520 9.7826 9.7826
24850 50.24 71.14 0.00 23.3361 9.8392 9.8392
24875 50.24 71.14 0.00 23.3361 9.8392 9.8392
24900 51.15 70.73 0.00 22.6761 9.7552 9.7552
24925 51.15 70.73 0.00 22.6761 9.7552 9.7552
24950 52.08 70.29 0.00 23.2229 8.7775 8.7775
24975 53.02 69.87 0.00 23.7884 7.4964 7.4964
25000 53.02 69.87 0.00 23.7884 7.4964 7.4964
25025 53.91 69.52 0.00 20.8367 7.2559 7.2559
25050 54.59 69.14 0.00 15.0111 7.0033 7.0033
25075 54.59 69.14 0.00 15.0111 7.0033 7.0033
25100 55.10 68.77 0.00 11.4489 8.7394 8.7394
25125 55.50 68.45 0.00 9.8896 8.1768 8.1768
25150 55.50 68.45 0.00 9.8896 8.1768 8.1768
25175 55.94 68.17 0.00 11.4598 7.5093 7.5093
25200 55.94 68.17 0.00 11.4598 7.5093 7.5093
25225 56.47 67.81 0.00 14.1851 6.1109 6.1109
25250 57.08 67.35 0.00 16.5089 3.8674 3.8674
25275 57.08 67.35 0.00 16.5089 3.8674 3.8674
25300 57.76 66.89 0.00 17.1178 3.6512 3.6512
25325 58.41 66.45 0.00 15.7644 5.0172 5.0172
25350 59.00 66.05 0.00 13.3959 6.5998 6.5998
25375 59.00 66.05 0.00 13.3959 6.5998 6.5998
25400 59.52 65.63 0.00 12.9646 7.4314 7.4314
25425 59.52 65.63 0.00 12.9646 7.4314 7.4314
25450 60.07 65.18 0.00 15.0599 7.0845 7.0845
25475 60.78 64.64 0.00 19.2859 5.6852 5.6852
25500 60.78 64.64 0.00 19.2859 5.6852 5.6852
25525 61.62 64.03 0.00 22.1575 5.5173 5.5173
25550 62.51 63.42 0.00 21.8744 5.3642 5.3642
25575 62.51 63.42 0.00 21.8744 5.3642 5.3642
25600 63.33 62.89 0.00 19.6617 5.4840 5.4840
25625 64.04 62.39 0.00 16.8171 7.3729 7.3729
25650 64.04 62.39 0.00 16.8171 7.3729 7.3729
25675 64.66 62.01 0.00 14.9493 7.8571 7.8571
25700 65.21 61.66 0.00 13.2552 7.4464 7.4464
25725 65.21 61.66 0.00 13.2552 7.4464 7.4464
25750 65.61 61.39 0.00 13.5393 7.0559 7.0559
25775 66.21 61.12 0.00 15.6810 5.4944 5.4944
25800 66.21 61.12 0.00 15.6810 5.4944 5.4944
25825 66.84 60.87 0.00 15.5598 2.9579 2.9579
25850 67.42 60.67 0.00 13.8167 2.9630 2.9630
25875 67.42 60.67 0.00 13.8167 2.9630 2.9630
25900 67.90 60.50 0.00 11.1983 4.5577 4.5577
25925 68.35 60.40 0.00 11.6420 5.2658 5.2658
25950 68.35 60.40 0.00 11.6420 5.2658 5.2658
25975 68.84 60.29 0.00 12.0517 4.1818 4.1818
26000 69.33 60.14 0.00 12.8396 4.6995 4.6995
26025 69.33 60.14 0.00 12.8396 4.6995 4.6995
26050 69.84 60.04 0.00 12.0880 3.4131 3.4131
26075 70.27 59.98 0.00 9.5014 2.2098 2.2098
26100 70.27 59.98 0.00 9.5014 2.2098 2.2098
26125 70.56 59.86 0.00 6.1365 4.8677 4.8677
26150 70.73 59.72 0.00 2.6107 6.3311 6.3311
26175 70.73 59.72 0.00 2.6107 6.3311 6.3311
26200 70.80 59.61 0.00 1.6297 6.4344 6.4344
26225 70.89 59.42 0.00 3.0405 4.8545 4.8545
26250 70.89 59.42 0.00 3.0405 4.8545 4.8545
26275 71.06 59.22 0.00 4.4755 3.3075 3.3075
26300 71.22 58.98 0.00 3.4766 3.6947 3.6947
26325 71.22 58.98 0.00 3.4766 3.6947 3.6947
26350 71.31 58.71 0.00 1.9861 4.2464 4.2464
26375 71.31 58.42 0.00 -1.6868 3.9942 3.9942
26400 71.31 58.42 0.00 -1.6868 3.9942 3.9942
26425 71.16 58.06 0.00 -4.5546 4.2637 4.2637
26450 71.16 58.06 0.00 -4.5546 4.2637 4.2637
26475 71.02 57.76 0.00 -2.1725 4.3718 4.3718
26500 71.07 57.51 0.00 2.8783 3.5020 3.5020
26525 71.20 57.16 0.00 3.4551 2.9337 2.9337
26550 71.20 57.16 0.00 3.4551 2.9337 2.9337
26575 71.29 56.85 0.00 2.2397 4.0238 4.0238
26600 71.29 56.85 0.00 2.2397 4.0238 4.0238
26625 71.37 56.48 0.00 1.8476 4.6162 4.6162
26650 71.47 56.12 0.00 2.9828 4.9146 4.9146
26675 71.47 56.12 0.00 2.9828 4.9146 4.9146
26700 71.60 55.84 0.00 3.9075 4.8117 4.8117
26725 71.80 55.58 0.00 4.9198 4.4658 4.4658
26750 71.80 55.58 0.00 4.9198 4.4658 4.4658
26775 72.00 55.21 0.00 5.1731 4.3026 4.3026
26800 72.22 54.86 0.00 5.7853 4.3338 4.3338
26825 72.22 54.86 0.00 5.7853 4.3338 4.3338
26850 72.48 54.54 0.00 6.7736 4.3754 4.3754
26875 72.77 54.18 0.00 7.9401 4.6096 4.6096
26900 72.77 54.18 0.00 7.9401 4.6096 4.6096
26925 73.12 53.76 0.00 9.5573 5.6341 5.6341
26950 73.55 53.33 0.00 11.2493 5.7323 5.7323
26975 73.55 53.33 0.00 11.2493 5.7323 5.7323
27000 74.03 53.01 0.00 11.5323 4.4784 4.4784
27025 74.41 52.72 0.00 8.7120 4.0750 4.0750
27050 74.41 52.72 0.00 8.7120 4.0750 4.0750
27075 74.69 52.42 0.00 5.2717 5.2178 5.2178
27100 74.82 52.10 0.00 2.5896 5.0397 5.0397
27125 74.82 52.10 0.00 2.5896 5.0397 5.0397
27150 74.91 51.72 0.00 2.3247 5.2527 5.2527
27175 75.03 51.36 0.00 2.7790 4.2990 4.2990
27200 75.03 51.36 0.00 2.7790 4.2990 4.2990
27225 75.10 51.06 0.00 1.7211 2.8178 2.8178
27250 75.16 50.75 0.00 1.0886 2.6801 2.6801
27275 75.16 50.75 0.00 1.0886 2.6801 2.6801
27300 75.17 50.45 0.00 -0.0150 2.2427 2.2427
27325 75.16 50.15 0.00 -0.9945 2.6079 2.6079
27350 75.16 50.15 0.00 -0.9945 2.6079 2.6079
27375 75.10 49.87 0.00 -1.4249 1.8216 1.8216
27400 75.04 49.67 0.00 -2.4205 0.6307 0.6307
27425 75.04 49.67 0.00 -2.4205 0.6307 0.6307
27450 74.90 49.41 0.00 -4.7327 -0.0230 -0.0230
27475 74.65 49.22 0.00 -6.7227 0.3139 0.3139
27500 74.65 49.22 0.00 -6.7227 0.3139 0.3139
27525 74.34 48.97 0.00 -8.0566 0.8439 0.8439
27550 74.01 48.75 0.00 -8.2439 0.3100 0.3100
27575 74.01 48.75 0.00 -8.2439 0.3100 0.3100
27600 73.68 48.52 0.00 -8.5676 -0.6868 -0.6868
27625 73.68 48.52 0.00 -8.5676 -0.6868 -0.6868
27650 73.33 48.37 0.00 -8.6628 -1.5007 -1.5007
27675 72.99 48.27 0.00 -8.1386 -1.6729 -1.6729
27700 72.99 48.27 0.00 -8.1386 -1.6729 -1.6729
27725 72.68 48.08 0.00 -8.0001 -1.5604 -1.5604
27750 72.33 47.85 0.00 -8.9067 -0.6637 -0.6637
27775 72.33 47.85 0.00 -8.9067 -0.6637 -0.6637
27800 71.95 47.59 0.00 -9.9394 -0.2109 -0.2109
27825 71.57 47.31 0.00 -9.7608 0.2299 0.2299
27850 71.57 47.31 0.00 -9.7608 0.2299 0.2299
27875 71.20 46.91 0.00 -8.3286 1.2722 1.2722
27900 70.89 46.50 0.00 -7.7884 0.9242 0.9242
27925 70.89 46.50 0.00 -7.7884 0.9242 0.9242
27950 70.56 46.01 0.00 -8.4102 1.0480 1.0480
27975 70.22 45.48 0.00 -8.5940 2.0395 2.0395
28000 70.22 45.48 0.00 -8.5940 2.0395 2.0395
28025 69.85 44.85 0.00 -9.3286 2.3656 2.3656
28050 69.49 44.27 0.00 -8.7751 2.3552 2.3552
28075 69.49 44.27 0.00 -8.7751 2.3552 2.3552
28100 69.13 43.62 0.00 -9.7661 1.8720 1.8720
28125 68.71 42.88 0.00 -10.6438 1.5142 1.5142
28150 68.71 42.88 0.00 -10.6438 1.5142 1.5142
28175 68.26 42.18 0.00 -11.8441 0.5338 0.5338
28200 67.70 41.50 0.00 -15.0712 0.4087 0.4087
28225 67.70 41.50 0.00 -15.0712 0.4087 0.4087
28250 67.22 41.05 0.00 -16.2671 1.2576 1.2576
28275 66.59 40.50 0.00 -15.7867 1.3822 1.3822
28300 66.59 40.50 0.00 -15.7867 1.3822 1.3822
28325 65.96 39.92 0.00 -15.5624 -0.1349 -0.1349
28350 65.32 39.47 0.00 -16.2744 -2.3203 -2.3203
28375 65.32 39.47 0.00 -16.2744 -2.3203 -2.3203
28400 64.68 38.98 0.00 -15.9139 -2.6769 -2.6769
28425 64.07 38.48 0.00 -14.7158 -2.6959 -2.6959
28450 64.07 38.48 0.00 -14.7158 -2.6959 -2.6959
28475 63.47 38.02 0.00 -14.6974 -3.2948 -3.2948
28500 62.88 37.53 0.00 -15.3985 -3.8501 -3.8501
28525 62.88 37.53 0.00 -15.3985 -3.8501 -3.8501
28550 62.23 37.05 0.00 -16.2850 -3.4724 -3.4724
28575 61.61 36.64 0.00 -15.7007 -0.6422 -0.6422
28600 61.61 36.64 0.00 -15.7007 -0.6422 -0.6422
28625 60.92 36.28 0.00 -17.8243 -0.5974 -0.5974
28650 60.18 35.82 0.00 -18.7881 0.4704 0.4704
28675 60.18 35.82 0.00 -18.7881 0.4704 0.4704
28700 59.47 35.33 0.00 -16.7913 1.2072 1.2072
28725 58.91 34.86 0.00 -12.2875 1.2742 1.2742
28750 58.91 34.86 0.00 -12.2875 1.2742 1.2742
28775 58.52 34.42 0.00 -7.9458 0.6882 0.6882
28800 58.31 33.91 0.00 -4.0499 1.4160 1.4160
28825 58.31 33.91 0.00 -4.0499 1.4160 1.4160
28850 58.20 33.50 0.00 -2.0412 0.0079 0.0079
28875 58.12 33.20 0.00 -1.7927 -0.2776 -0.2776
28900 58.12 33.20 0.00 -1.7927 -0.2776 -0.2776
28925 58.06 32.89 0.00 -1.4308 0.5968 0.5968
28950 58.06 32.89 0.00 -1.4308 0.5968 0.5968
28975 58.01 32.63 0.00 -1.2125 0.5110 0.5110
29000 57.94 32.29 0.00 -2.2098 1.4595 1.4595
29025 57.82 31.94 0.00 -3.2647 1.7283 1.7283
29050 57.82 31.94 0.00 -3.2647 1.7283 1.7283
29075 57.71 31.76 0.00 -3.3850 1.2244 1.2244
29100 57.71 31.76 0.00 -3.3850 1.2244 1.2244
29125 57.61 31.50 0.00 -2.5643 0.4403 0.4403
29150 57.50 31.27 0.00 -2.6106 -0.3464 -0.3464
29175 57.50 31.27 0.00 -2.6106 -0.3464 -0.3464
29200 57.38 31.13 0.00 -3.2743 -0.1948 -0.1948
29225 57.26 30.95 0.00 -3.0257 0.7609 0.7609
29250 57.26 30.95 0.00 -3.0257 0.7609 0.7609
29275 57.12 30.75 0.00 -3.4529 0.3981 0.3981
29300 56.96 30.56 0.00 -4.4513 0.1159 0.1159
29325 56.76 30.42 0.00 -5.0436 -0.7899 -0.7899
29350 56.76 30.42 0.00 -5.0436 -0.7899 -0.7899
29375 56.55 30.24 0.00 -4.9146 -0.6531 -0.6531
29400 56.55 30.24 0.00 -4.9146 -0.6531 -0.6531
29425 56.36 30.05 0.00 -4.9367 -0.6537 -0.6537
29450 56.17 29.87 0.00 -5.2561 -0.6814 -0.6814
29475 56.17 29.87 0.00 -5.2561 -0.6814 -0.6814
29500 55.98 29.63 0.00 -3.8154 0.6563 0.6563
29525 55.94 29.31 0.00 1.1999 2.6145 2.6145
29550 55.94 29.31 0.00 1.1999 2.6145 2.6145
29575 56.01 28.92 0.00 1.3854 1.2040 1.2040
29600 55.92 28.57 0.00 -4.6979 -0.9928 -0.9928
29625 55.92 28.57 0.00 -4.6979 -0.9928 -0.9928
29650 55.61 28.40 0.00 -9.3434 -2.1539 -2.1539
29675 55.26 28.30 0.00 -8.2077 -1.7579 -1.7579
29700 55.26 28.30 0.00 -8.2077 -1.7579 -1.7579
29725 54.94 28.23 0.00 -7.3838 -2.5972 -2.5972
29750 54.68 28.21 0.00 -6.4850 -1.8732 -1.8732
29775 54.68 28.21 0.00 -6.4850 -1.8732 -1.8732
29800 54.42 28.28 0.00 -6.7227 -2.4764 -2.4764
29825 54.14 28.36 0.00 -6.7842 -2.9933 -2.9933
29850 54.14 28.36 0.00 -6.7842 -2.9933 -2.9933
29875 53.95 28.49 0.00 -6.7712 -2.5278 -2.5278
29900 53.95 28.49 0.00 -6.7712 -2.5278 -2.5278
29925 53.63 28.64 0.00 -8.3481 -2.3331 -2.3331
29950 53.26 28.79 0.00 -9.7214 -2.4918 -2.4918
29975 52.88 28.93 0.00 -9.4481 -3.1060 -3.1060
30000 52.88 28.93 0.00 -9.4481 -3.1060 -3.1060
30025 52.50 29.08 0.00 -9.3498 -3.5219 -3.5219
30050 52.13 29.27 0.00 -9.4828 -3.8460 -3.8460
30075 52.13 29.27 0.00 -9.4828 -3.8460 -3.8460
30100 51.73 29.49 0.00 -10.2879 -4.0503 -4.0503
30125 51.73 29.49 0.00 -10.2879 -4.0503 -4.0503
30150 51.29 29.74 0.00 -11.2851 -2.9976 -2.9976
30175 50.82 29.92 0.00 -12.1443 -2.5134 -2.5134
30200 50.82 29.92 0.00 -12.1443 -2.5134 -2.5134
30225 50.31 30.11 0.00 -13.1271 -2.5052 -2.5052
30250 49.77 30.31 0.00 -13.1157 -3.2394 -3.2394
30275 49.77 30.31 0.00 -13.1157 -3.2394 -3.2394
30300 49.27 30.53 0.00 -12.2728 -4.2902 -4.2902
30325 48.80 30.75 0.00 -11.5640 -4.5308 -4.5308
30350 48.80 30.75 0.00 -11.5640 -4.5308 -4.5308
30375 48.34 30.91 0.00 -11.2764 -3.9379 -3.9379
30400 47.89 31.10 0.00 -11.5316 -3.5876 -3.5876
30425 47.89 31.10 0.00 -11.5316 -3.5876 -3.5876
30450 47.43 31.32 0.00 -11.1897 -3.4046 -3.4046
30475 47.01 31.54 0.00 -9.7831 -3.6369 -3.6369
30500 47.01 31.54 0.00 -9.7831 -3.6369 -3.6369
30525 46.67 31.85 0.00 -8.3991 -4.4313 -4.4313
30550 46.35 32.17 0.00 -7.1633 -4.0225 -4.0225
30575 46.35 32.17 0.00 -7.1633 -4.0225 -4.0225
30600 46.11 32.52 0.00 -5.8379 -3.5228 -3.5228
30625 46.11 32.52 0.00 -5.8379 -3.5228 -3.5228
30650 45.90 33.04 0.00 -4.7298 -3.3610 -3.3610
30675 45.72 33.77 0.00 -4.4162 -3.7714 -3.7714
30700 45.72 33.77 0.00 -4.4162 -3.7714 -3.7714
30725 45.53 34.61 0.00 -4.9927 -4.1187 -4.1187
30750 45.41 35.23 0.00 -3.5381 -3.2799 -3.2799
30775 45.30 36.11 0.00 -2.4504 -3.8636 -3.8636
30800 45.30 36.11 0.00 -2.4504 -3.8636 -3.8636
30825 45.23 36.90 0.00 -1.0944 -3.1565 -3.1565
30850 45.23 36.90 0.00 -1.0944 -3.1565 -3.1565
30875 45.21 37.68 0.00 -0.1599 -3.0382 -3.0382
30900 45.23 38.33 0.00 0.5304 -2.8232 -2.8232
30925 45.27 38.91 0.00 0.8221 -2.4490 -2.4490
30950 45.27 38.91 0.00 0.8221 -2.4490 -2.4490
30975 45.30 39.48 0.00 0.8501 -1.8127 -1.8127
31000 45.34 39.98 0.00 0.9846 -2.2069 -2.2069
31025 45.34 39.98 0.00 0.9846 -2.2069 -2.2069
31050 45.37 40.43 0.00 1.1731 -2.2449 -2.2449
31075 45.37 40.43 0.00 1.1731 -2.2449 -2.2449
31100 45.41 40.74 0.00 0.7995 -2.0568 -2.0568
31125 45.44 40.96 0.00 0.4633 -0.9377 -0.9377
31150 45.44 40.96 0.00 0.4633 -0.9377 -0.9377
31175 45.48 41.17 0.00 1.0352 -0.4071 -0.4071
31200 45.53 41.40 0.00 1.8279 -0.6736 -0.6736
31225 45.53 41.40 0.00 1.8279 -0.6736 -0.6736
31250 45.62 41.65 0.00 1.9690 -0.5622 -0.5622
31275 45.67 41.89 0.00 1.4603 -0.7521 -0.7521
31300 45.67 41.89 0.00 1.4603 -0.7521 -0.7521
31325 45.72 42.12 0.00 0.9447 -0.2314 -0.2314
31350 45.74 42.31 0.00 0.5873 0.0591 0.0591
31375 45.74 42.31 0.00 0.5873 0.0591 0.0591
31400 45.77 42.46 0.00 1.1430 -0.8522 -0.8522
31425 45.84 42.70 0.00 2.3555 -0.4732 -0.4732
31450 45.84 42.70 0.00 2.3555 -0.4732 -0.4732
31475 45.95 42.98 0.00 2.8494 -0.3093 -0.3093
31500 46.07 43.27 0.00 3.1048 -0.3251 -0.3251
31525 46.07 43.27 0.00 3.1048 -0.3251 -0.3251
31550 46.23 43.57 0.00 3.9551 0.2812 0.2812
31575 46.23 43.57 0.00 3.9551 0.2812 0.2812
31600 46.39 43.87 0.00 4.5190 0.7723 0.7723
31625 46.61 44.26 0.00 5.8979 0.7258 0.7258
31650 46.61 44.26 0.00 5.8979 0.7258 0.7258
31675 46.89 44.73 0.00 8.1869 -0.1399 -0.1399
31700 47.33 45.41 0.00 12.0697 0.9076 0.9076
31725 47.33 45.41 0.00 12.0697 0.9076 0.9076
31750 47.85 46.23 0.00 13.9144 -1.0721 -1.0721
31775 48.45 47.15 0.00 14.7535 -1.1007 -1.1007
31800 48.45 47.15 0.00 14.7535 -1.1007 -1.1007
31825 48.99 48.00 0.00 12.4802 0.4393 0.4393
31850 49.42 48.69 0.00 10.2627 0.5789 0.5789
31875 49.42 48.69 0.00 10.2627 0.5789 0.5789
31900 49.83 49.40 0.00 10.1676 0.3152 0.3152
31925 50.24 50.16 0.00 10.0970 -0.5059 -0.5059
