%#        Time[ms]        X[pixel],        Y[pixel],        Z[pixel],  dX/dt[pixel/s],  dY/dt[pixel/s],  dZ/dt[pixel/s] 
0 50.00 50.00 0.00 -0.7920 0.2250 0.2250
25 49.98 50.00 0.00 -0.6994 -0.0931 -0.0931
50 49.95 50.02 0.00 -0.6151 -0.7305 -0.7305
75 49.95 50.02 0.00 -0.6151 -0.7305 -0.7305
100 49.91 50.02 0.00 -0.9933 -0.5053 -0.5053
125 49.88 50.02 0.00 -1.1406 -0.5034 -0.5034
150 49.88 50.02 0.00 -1.1406 -0.5034 -0.5034
175 49.83 50.02 0.00 -0.8200 -0.7056 -0.7056
200 49.81 50.00 0.00 -0.6100 -0.5613 -0.5613
225 49.81 50.00 0.00 -0.6100 -0.5613 -0.5613
250 49.79 49.96 0.00 -0.4004 -0.2712 -0.2712
275 49.76 49.96 0.00 -0.7618 -0.1903 -0.1903
300 49.76 49.96 0.00 -0.7618 -0.1903 -0.1903
325 49.72 49.96 0.00 -1.2011 -0.0704 -0.0704
350 49.65 49.95 0.00 -2.3133 0.1709 0.1709
375 49.65 49.95 0.00 -2.3133 0.1709 0.1709
400 49.51 49.93 0.00 -4.1295 0.1926 0.1926
425 49.39 49.96 0.00 -3.7123 -0.7577 -0.7577
450 49.39 49.96 0.00 -3.7123 -0.7577 -0.7577
475 49.28 50.07 0.00 -2.0634 -2.8611 -2.8611
500 49.23 50.27 0.00 -1.1787 -2.4384 -2.4384
525 49.23 50.27 0.00 -1.1787 -2.4384 -2.4384
550 49.20 50.50 0.00 -0.0332 -1.6268 -1.6268
575 49.20 50.50 0.00 -0.0332 -1.6268 -1.6268
600 49.23 50.82 0.00 0.8404 -2.6142 -2.6142
625 49.30 51.39 0.00 2.4694 -1.8877 -1.8877
650 49.30 51.39 0.00 2.4694 -1.8877 -1.8877
675 49.44 52.17 0.00 4.5523 -3.3231 -3.3231
700 49.70 53.18 0.00 8.0790 -5.6760 -5.6760
725 49.70 53.18 0.00 8.0790 -5.6760 -5.6760
750 50.09 54.39 0.00 10.6127 -7.0439 -7.0439
775 50.54 55.50 0.00 11.2844 -7.0464 -7.0464
800 50.54 55.50 0.00 11.2844 -7.0464 -7.0464
825 51.03 56.66 0.00 12.9388 -7.0238 -7.0238
850 51.61 57.85 0.00 15.4082 -7.2274 -7.2274
875 52.25 58.91 0.00 16.9100 -6.3307 -6.3307
900 52.25 58.91 0.00 16.9100 -6.3307 -6.3307
925 52.92 59.94 0.00 15.8165 -6.1954 -6.1954
950 52.92 59.94 0.00 15.8165 -6.1954 -6.1954
975 53.51 60.88 0.00 14.2544 -4.5416 -4.5416
1000 54.05 61.79 0.00 13.2487 -3.2208 -3.2208
1025 54.05 61.79 0.00 13.2487 -3.2208 -3.2208
1050 54.56 62.56 0.00 12.2107 -3.3122 -3.3122
1075 55.03 63.33 0.00 11.8265 -3.6021 -3.6021
1100 55.03 63.33 0.00 11.8265 -3.6021 -3.6021
1125 55.50 63.92 0.00 11.7547 -3.6739 -3.6739
1150 55.96 64.40 0.00 10.5773 -3.5597 -3.5597
1175 55.96 64.40 0.00 10.5773 -3.5597 -3.5597
1200 56.33 64.80 0.00 8.8532 -2.6683 -2.6683
1225 56.57 65.01 0.00 7.3305 -1.8774 -1.8774
1250 56.57 65.01 0.00 7.3305 -1.8774 -1.8774
1275 56.83 65.32 0.00 6.4889 -1.0515 -1.0515
1300 57.10 65.62 0.00 6.2124 -0.3241 -0.3241
1325 57.10 65.62 0.00 6.2124 -0.3241 -0.3241
1350 57.34 65.95 0.00 6.2888 -0.4243 -0.4243
1375 57.61 66.23 0.00 6.9624 -0.9410 -0.9410
1400 57.61 66.23 0.00 6.9624 -0.9410 -0.9410
1425 57.89 66.53 0.00 6.8690 -1.3841 -1.3841
1450 58.13 66.76 0.00 5.5863 -1.2326 -1.2326
1475 58.13 66.76 0.00 5.5863 -1.2326 -1.2326
1500 58.33 66.93 0.00 4.3215 -0.5676 -0.5676
1525 58.49 67.14 0.00 3.8929 0.0345 0.0345
1550 58.49 67.14 0.00 3.8929 0.0345 0.0345
1575 58.63 67.35 0.00 3.9284 -0.1411 -0.1411
1600 58.82 67.58 0.00 5.4653 -0.5326 -0.5326
1625 58.82 67.58 0.00 5.4653 -0.5326 -0.5326
1650 59.08 67.86 0.00 7.0296 -0.5168 -0.5168
1675 59.36 68.07 0.00 7.1154 -1.0566 -1.0566
1700 59.36 68.07 0.00 7.1154 -1.0566 -1.0566
1725 59.63 68.23 0.00 6.6899 -0.3237 -0.3237
1750 59.63 68.23 0.00 6.6899 -0.3237 -0.3237
1775 59.91 68.41 0.00 6.7182 -0.0146 -0.0146
1800 60.19 68.60 0.00 7.3933 0.2657 0.2657
1825 60.48 68.78 0.00 7.3267 -0.4853 -0.4853
1850 60.48 68.78 0.00 7.3267 -0.4853 -0.4853
1875 60.79 68.94 0.00 7.9276 0.7248 0.7248
1900 60.79 68.94 0.00 7.9276 0.7248 0.7248
1925 61.09 69.13 0.00 7.1126 0.3336 0.3336
1950 61.38 69.36 0.00 6.8577 0.0659 0.0659
1975 61.38 69.36 0.00 6.8577 0.0659 0.0659
2000 61.66 69.51 0.00 7.3580 0.7655 0.7655
2025 61.96 69.61 0.00 7.6278 1.0853 1.0853
2050 62.19 69.72 0.00 7.8768 0.9037 0.9037
2075 62.19 69.72 0.00 7.8768 0.9037 0.9037
2100 62.54 69.92 0.00 9.0595 0.2480 0.2480
2125 62.54 69.92 0.00 9.0595 0.2480 0.2480
2150 62.92 70.04 0.00 9.6965 -0.1590 -0.1590
2175 63.29 70.17 0.00 9.2593 -0.0240 -0.0240
2200 63.29 70.17 0.00 9.2593 -0.0240 -0.0240
2225 63.64 70.29 0.00 8.5988 0.5469 0.5469
2250 63.98 70.40 0.00 7.9705 0.8410 0.8410
2275 63.98 70.40 0.00 7.9705 0.8410 0.8410
2300 64.29 70.47 0.00 7.1475 1.2646 1.2646
2325 64.52 70.53 0.00 4.7857 1.8177 1.8177
2350 64.52 70.53 0.00 4.7857 1.8177 1.8177
2375 64.64 70.56 0.00 2.4786 2.3256 2.3256
2400 64.71 70.62 0.00 0.8229 1.9649 1.9649
2425 64.71 70.62 0.00 0.8229 1.9649 1.9649
2450 64.71 70.60 0.00 -0.2634 1.4281 1.4281
2475 64.68 70.56 0.00 -1.3395 0.5881 0.5881
2500 64.68 70.56 0.00 -1.3395 0.5881 0.5881
2525 64.59 70.53 0.00 -2.6728 0.1743 0.1743
2550 64.46 70.46 0.00 -3.6391 0.3411 0.3411
2575 64.46 70.46 0.00 -3.6391 0.3411 0.3411
2600 64.30 70.39 0.00 -3.9462 -0.1787 -0.1787
2625 64.16 70.35 0.00 -3.2519 0.2835 0.2835
2650 64.16 70.35 0.00 -3.2519 0.2835 0.2835
2675 64.04 70.30 0.00 -3.0264 -0.5727 -0.5727
2700 63.93 70.24 0.00 -2.7601 -0.6180 -0.6180
2725 63.93 70.24 0.00 -2.7601 -0.6180 -0.6180
2750 63.82 70.15 0.00 -2.6575 -0.4666 -0.4666
2775 63.72 70.10 0.00 -2.3125 -0.5152 -0.5152
2800 63.72 70.10 0.00 -2.3125 -0.5152 -0.5152
2825 63.64 70.06 0.00 -1.8658 0.0543 0.0543
2850 63.57 69.97 0.00 -1.4357 0.0370 0.0370
2875 63.57 69.97 0.00 -1.4357 0.0370 0.0370
2900 63.56 69.96 0.00 -0.8930 0.8820 0.8820
2925 63.52 69.94 0.00 -0.7838 0.3543 0.3543
2950 63.52 69.94 0.00 -0.7838 0.3543 0.3543
2975 63.48 69.92 0.00 -0.9731 0.2788 0.2788
3000 63.43 69.89 0.00 -1.4234 0.5153 0.5153
3025 63.43 69.89 0.00 -1.4234 0.5153 0.5153
3050 63.36 69.83 0.00 -1.9504 0.3689 0.3689
3075 63.27 69.78 0.00 -2.8506 -0.1598 -0.1598
3100 63.27 69.78 0.00 -2.8506 -0.1598 -0.1598
3125 63.11 69.74 0.00 -4.4431 -0.3973 -0.3973
3150 62.90 69.72 0.00 -5.6943 -0.7657 -0.7657
3175 62.90 69.72 0.00 -5.6943 -0.7657 -0.7657
3200 62.65 69.69 0.00 -6.7657 -0.7856 -0.7856
3225 62.65 69.69 0.00 -6.7657 -0.7856 -0.7856
3250 62.35 69.69 0.00 -8.1308 -0.9931 -0.9931
3275 61.98 69.75 0.00 -9.9856 -1.1270 -1.1270
3300 61.52 69.86 0.00 -12.6261 -1.4412 -1.4412
3325 61.52 69.86 0.00 -12.6261 -1.4412 -1.4412
3350 60.93 70.05 0.00 -15.5533 -1.8359 -1.8359
3375 60.93 70.05 0.00 -15.5533 -1.8359 -1.8359
3400 60.25 70.29 0.00 -18.5249 -1.0742 -1.0742
3425 59.44 70.55 0.00 -21.7351 -1.6929 -1.6929
3450 59.44 70.55 0.00 -21.7351 -1.6929 -1.6929
3475 58.49 70.84 0.00 -24.9544 -1.9377 -1.9377
3500 57.34 71.16 0.00 -30.5918 -1.7691 -1.7691
3525 57.34 71.16 0.00 -30.5918 -1.7691 -1.7691
3550 56.03 71.45 0.00 -33.6847 -1.8202 -1.8202
3575 54.70 71.80 0.00 -32.5925 -1.9843 -1.9843
3600 54.70 71.80 0.00 -32.5925 -1.9843 -1.9843
3625 53.47 72.20 0.00 -29.7969 -3.3826 -3.3826
3650 52.29 72.61 0.00 -29.6535 -4.1018 -4.1018
3675 52.29 72.61 0.00 -29.6535 -4.1018 -4.1018
3700 51.06 73.10 0.00 -31.1791 -4.3043 -4.3043
3725 50.12 73.42 0.00 -31.2290 -4.3405 -4.3405
3750 50.12 73.42 0.00 -31.2290 -4.3405 -4.3405
3775 48.92 73.77 0.00 -29.4503 -4.6532 -4.6532
3800 47.73 74.13 0.00 -30.0400 -3.4511 -3.4511
3825 47.73 74.13 0.00 -30.0400 -3.4511 -3.4511
3850 46.53 74.48 0.00 -29.7482 -3.4302 -3.4302
3875 46.53 74.48 0.00 -29.7482 -3.4302 -3.4302
3900 45.39 74.85 0.00 -27.3681 -4.0109 -4.0109
3925 44.39 75.23 0.00 -23.2614 -4.3984 -4.3984
3950 44.39 75.23 0.00 -23.2614 -4.3984 -4.3984
3975 43.52 75.69 0.00 -21.1351 -6.2980 -6.2980
4000 42.69 76.18 0.00 -20.4143 -5.7322 -5.7322
4025 41.88 76.63 0.00 -20.1445 -3.9805 -3.9805
4050 41.88 76.63 0.00 -20.1445 -3.9805 -3.9805
4075 41.08 77.08 0.00 -19.9692 -3.1608 -3.1608
4100 41.08 77.08 0.00 -19.9692 -3.1608 -3.1608
4125 40.32 77.55 0.00 -18.5060 -3.6812 -3.6812
4150 39.63 77.99 0.00 -16.7123 -3.3449 -3.3449
4175 39.63 77.99 0.00 -16.7123 -3.3449 -3.3449
4200 39.00 78.40 0.00 -15.0619 -3.4669 -3.4669
4225 38.43 78.81 0.00 -13.8982 -3.8245 -3.8245
4250 38.43 78.81 0.00 -13.8982 -3.8245 -3.8245
4275 37.86 79.21 0.00 -14.3401 -2.7026 -2.7026
4300 37.30 79.59 0.00 -13.5978 -1.7530 -1.7530
4325 37.30 79.59 0.00 -13.5978 -1.7530 -1.7530
4350 36.80 79.91 0.00 -11.2540 -2.6605 -2.6605
4375 36.41 80.24 0.00 -9.4908 -2.7025 -2.7025
4400 36.41 80.24 0.00 -9.4908 -2.7025 -2.7025
4425 36.03 80.55 0.00 -9.2774 -2.6698 -2.6698
4450 35.59 80.83 0.00 -12.5353 -1.0442 -1.0442
4475 35.59 80.83 0.00 -12.5353 -1.0442 -1.0442
4500 35.02 81.12 0.00 -14.9609 1.3157 1.3157
4525 34.43 81.37 0.00 -14.4697 1.3549 1.3549
4550 34.43 81.37 0.00 -14.4697 1.3549 1.3549
4575 34.00 81.54 0.00 -13.6486 0.2365 0.2365
4600 33.46 81.79 0.00 -13.4560 -0.5018 -0.5018
4625 33.46 81.79 0.00 -13.4560 -0.5018 -0.5018
4650 32.94 82.08 0.00 -13.2837 -0.0856 -0.0856
4675 32.37 82.35 0.00 -14.5751 -0.4835 -0.4835
4700 32.37 82.35 0.00 -14.5751 -0.4835 -0.4835
4725 31.77 82.60 0.00 -15.0176 -0.7021 -0.7021
4750 31.18 82.88 0.00 -15.1468 -0.6644 -0.6644
4775 31.18 82.88 0.00 -15.1468 -0.6644 -0.6644
4800 30.58 83.15 0.00 -14.4602 -0.4403 -0.4403
4825 30.58 83.15 0.00 -14.4602 -0.4403 -0.4403
4850 30.04 83.39 0.00 -12.9512 -1.6728 -1.6728
4875 29.55 83.68 0.00 -11.9375 -1.0699 -1.0699
4900 29.07 84.01 0.00 -12.3068 -1.1550 -1.1550
4925 29.07 84.01 0.00 -12.3068 -1.1550 -1.1550
4950 28.56 84.42 0.00 -12.9232 -1.2598 -1.2598
4975 28.05 84.81 0.00 -13.1864 -1.6752 -1.6752
5000 28.05 84.81 0.00 -13.1864 -1.6752 -1.6752
5025 27.52 85.18 0.00 -13.1485 -1.2637 -1.2637
5050 26.99 85.58 0.00 -13.5892 -1.4036 -1.4036
5075 26.99 85.58 0.00 -13.5892 -1.4036 -1.4036
5100 26.42 86.01 0.00 -14.3072 -0.7560 -0.7560
5125 26.42 86.01 0.00 -14.3072 -0.7560 -0.7560
5150 25.79 86.47 0.00 -17.3504 0.3258 0.3258
5175 25.03 86.94 0.00 -19.3597 0.7920 0.7920
5200 25.03 86.94 0.00 -19.3597 0.7920 0.7920
5225 24.31 87.47 0.00 -17.7125 -0.1598 -0.1598
5250 23.80 87.83 0.00 -15.3135 -1.0242 -1.0242
5275 23.80 87.83 0.00 -15.3135 -1.0242 -1.0242
5300 23.26 88.22 0.00 -13.1441 -1.5553 -1.5553
5325 22.76 88.58 0.00 -12.3232 -0.4757 -0.4757
5350 22.76 88.58 0.00 -12.3232 -0.4757 -0.4757
5375 22.29 88.93 0.00 -11.3045 -0.4768 -0.4768
5400 21.89 89.22 0.00 -9.0269 -0.6951 -0.6951
5425 21.89 89.22 0.00 -9.0269 -0.6951 -0.6951
5450 21.57 89.43 0.00 -7.6350 -0.9491 -0.9491
5475 21.57 89.43 0.00 -7.6350 -0.9491 -0.9491
5500 21.31 89.60 0.00 -5.3986 -2.1544 -2.1544
5525 21.12 89.74 0.00 -4.4679 -1.5748 -1.5748
5550 20.95 89.79 0.00 -4.6332 -1.0366 -1.0366
5575 20.80 89.86 0.00 -3.2033 -1.0616 -1.0616
5600 20.80 89.86 0.00 -3.2033 -1.0616 -1.0616
5625 20.66 89.89 0.00 -3.1953 -0.3358 -0.3358
5650 20.66 89.89 0.00 -3.1953 -0.3358 -0.3358
5675 20.53 89.88 0.00 -3.2094 -0.1001 -0.1001
5700 20.42 89.81 0.00 -3.0703 -0.2647 -0.2647
5725 20.42 89.81 0.00 -3.0703 -0.2647 -0.2647
5750 20.28 89.72 0.00 -3.0038 -0.6662 -0.6662
5775 20.15 89.60 0.00 -3.7939 -0.2400 -0.2400
5800 20.15 89.60 0.00 -3.7939 -0.2400 -0.2400
5825 20.00 89.43 0.00 -3.6121 -0.8721 -0.8721
5850 20.00 89.43 0.00 -3.6121 -0.8721 -0.8721
5875 19.90 89.19 0.00 -1.5848 -0.6217 -0.6217
5900 19.87 88.89 0.00 -0.3543 -1.1702 -1.1702
5925 19.87 88.54 0.00 -0.3377 -1.5634 -1.5634
5950 19.87 88.54 0.00 -0.3377 -1.5634 -1.5634
5975 19.85 88.10 0.00 -0.1493 -1.8075 -1.8075
6000 19.85 87.57 0.00 0.6051 -0.7738 -0.7738
6025 19.85 87.57 0.00 0.6051 -0.7738 -0.7738
6050 19.90 87.02 0.00 1.8482 -0.6252 -0.6252
6075 20.04 86.44 0.00 3.7734 -1.2048 -1.2048
6100 20.04 86.44 0.00 3.7734 -1.2048 -1.2048
6125 20.23 85.86 0.00 5.0097 -1.5968 -1.5968
6150 20.23 85.86 0.00 5.0097 -1.5968 -1.5968
6175 20.44 85.26 0.00 6.0214 -0.8226 -0.8226
6200 20.64 84.86 0.00 7.3081 -0.2002 -0.2002
6225 20.64 84.86 0.00 7.3081 -0.2002 -0.2002
6250 20.99 84.33 0.00 8.9846 -0.3505 -0.3505
6275 21.40 83.82 0.00 11.3153 -0.6027 -0.6027
6300 21.40 83.82 0.00 11.3153 -0.6027 -0.6027
6325 21.91 83.35 0.00 13.4801 -0.6094 -0.6094
6350 22.49 82.88 0.00 15.1877 0.1039 0.1039
6375 22.49 82.88 0.00 15.1877 0.1039 0.1039
6400 23.17 82.46 0.00 18.6884 -0.6034 -0.6034
6425 23.17 82.46 0.00 18.6884 -0.6034 -0.6034
6450 24.01 81.98 0.00 21.5121 -0.9177 -0.9177
6475 24.79 81.39 0.00 18.0908 1.1030 1.1030
6500 25.42 80.82 0.00 14.0382 3.4118 3.4118
6525 25.42 80.82 0.00 14.0382 3.4118 3.4118
6550 25.97 80.19 0.00 14.5185 3.4093 3.4093
6575 26.60 79.44 0.00 15.9482 2.6142 2.6142
6600 26.60 79.44 0.00 15.9482 2.6142 2.6142
6625 27.21 78.44 0.00 14.6605 4.4672 4.4672
6650 27.72 77.25 0.00 11.0489 5.2713 5.2713
6675 27.72 77.25 0.00 11.0489 5.2713 5.2713
6700 28.14 76.02 0.00 10.6066 6.0647 6.0647
6725 28.58 74.55 0.00 11.4898 4.5054 4.5054
6750 28.58 74.55 0.00 11.4898 4.5054 4.5054
6775 29.04 73.15 0.00 11.3097 3.5217 3.5217
6800 29.45 71.83 0.00 8.8816 3.0249 3.0249
6825 29.45 71.83 0.00 8.8816 3.0249 3.0249
6850 29.75 70.47 0.00 7.3126 4.2647 4.2647
6875 29.75 70.47 0.00 7.3126 4.2647 4.2647
6900 30.04 69.27 0.00 7.3434 4.0825 4.0825
6925 30.33 68.10 0.00 7.1293 3.2625 3.2625
6950 30.62 66.89 0.00 7.4396 4.1595 4.1595
6975 30.62 66.89 0.00 7.4396 4.1595 4.1595
7000 30.94 65.78 0.00 8.5059 3.9442 3.9442
7025 30.94 65.78 0.00 8.5059 3.9442 3.9442
7050 31.34 64.66 0.00 10.3625 3.5100 3.5100
7075 31.66 63.83 0.00 11.1235 3.1448 3.1448
7100 31.66 63.83 0.00 11.1235 3.1448 3.1448
7125 32.08 62.75 0.00 9.9750 3.5630 3.5630
7150 32.46 61.76 0.00 8.8423 4.0815 4.0815
7175 32.46 61.76 0.00 8.8423 4.0815 4.0815
7200 32.82 60.80 0.00 9.1730 4.9761 4.9761
7225 33.21 59.78 0.00 10.5317 4.8641 4.8641
7250 33.21 59.78 0.00 10.5317 4.8641 4.8641
7275 33.68 58.87 0.00 12.0658 4.4695 4.4695
7300 34.13 58.01 0.00 11.1229 4.0707 4.0707
7325 34.13 58.01 0.00 11.1229 4.0707 4.0707
7350 34.55 57.20 0.00 9.9386 4.7698 4.7698
7375 34.93 56.53 0.00 9.0271 4.7859 4.7859
7400 34.93 56.53 0.00 9.0271 4.7859 4.7859
7425 35.27 55.96 0.00 8.4494 4.2380 4.2380
7450 35.59 55.38 0.00 7.6684 3.9884 3.9884
7475 35.59 55.38 0.00 7.6684 3.9884 3.9884
7500 35.87 54.90 0.00 7.0282 3.6762 3.6762
7525 36.12 54.51 0.00 5.8922 3.2280 3.2280
7550 36.12 54.51 0.00 5.8922 3.2280 3.2280
7575 36.36 54.21 0.00 5.5281 2.9967 2.9967
7600 36.55 53.90 0.00 4.3200 2.2399 2.2399
7625 36.55 53.90 0.00 4.3200 2.2399 2.2399
7650 36.71 53.54 0.00 4.1622 2.6603 2.6603
7675 36.71 53.54 0.00 4.1622 2.6603 2.6603
7700 36.87 53.15 0.00 3.5148 2.3768 2.3768
7725 37.01 52.69 0.00 3.7091 2.7764 2.7764
7750 37.14 52.23 0.00 2.9753 1.8416 1.8416
7775 37.14 52.23 0.00 2.9753 1.8416 1.8416
7800 37.24 51.73 0.00 2.4006 3.3081 3.3081
7825 37.24 51.73 0.00 2.4006 3.3081 3.3081
7850 37.31 51.22 0.00 1.4687 2.8932 2.8932
7875 37.37 50.88 0.00 1.4529 2.6809 2.6809
7900 37.37 50.88 0.00 1.4529 2.6809 2.6809
7925 37.40 50.35 0.00 0.7019 2.2769 2.2769
7950 37.42 49.72 0.00 0.0535 2.7252 2.7252
7975 37.42 49.72 0.00 0.0535 2.7252 2.7252
8000 37.40 49.07 0.00 -0.7578 3.1850 3.1850
8025 37.33 48.34 0.00 -2.0677 3.1016 3.1016
8050 37.33 48.34 0.00 -2.0677 3.1016 3.1016
8075 37.23 47.60 0.00 -2.8448 2.6873 2.6873
8100 37.14 46.96 0.00 -2.2724 1.7660 1.7660
8125 37.14 46.96 0.00 -2.2724 1.7660 1.7660
8150 37.05 46.30 0.00 -1.8152 0.6289 0.6289
8175 36.96 45.66 0.00 -2.4461 0.8082 0.8082
8200 36.96 45.66 0.00 -2.4461 0.8082 0.8082
8225 36.87 45.00 0.00 -2.0945 1.1431 1.1431
8250 36.82 44.41 0.00 -0.8681 1.2219 1.2219
8275 36.82 44.41 0.00 -0.8681 1.2219 1.2219
8300 36.80 43.84 0.00 -0.2912 0.5344 0.5344
8325 36.80 43.32 0.00 0.3102 0.5307 0.5307
8350 36.80 43.32 0.00 0.3102 0.5307 0.5307
8375 36.80 42.83 0.00 -0.6819 0.5631 0.5631
8400 36.75 42.27 0.00 -1.6673 1.0504 1.0504
8425 36.75 42.27 0.00 -1.6673 1.0504 1.0504
8450 36.67 41.69 0.00 -1.1084 1.8771 1.8771
8475 36.66 41.11 0.00 -0.3716 1.1693 1.1693
8500 36.66 41.11 0.00 -0.3716 1.1693 1.1693
8525 36.66 40.59 0.00 -0.3345 1.5587 1.5587
8550 36.62 40.01 0.00 -1.1663 1.3608 1.3608
8575 36.62 40.01 0.00 -1.1663 1.3608 1.3608
8600 36.57 39.46 0.00 -1.4701 1.1695 1.1695
8625 36.57 39.46 0.00 -1.4701 1.1695 1.1695
8650 36.48 38.80 0.00 -2.6678 0.3569 0.3569
8675 36.36 38.21 0.00 -2.8317 -0.0530 -0.0530
8700 36.28 37.74 0.00 -2.8063 -1.0415 -1.0415
8725 36.28 37.74 0.00 -2.8063 -1.0415 -1.0415
8750 36.16 37.03 0.00 -2.6123 -1.4722 -1.4722
8775 36.09 36.36 0.00 -1.8656 -0.7079 -0.7079
8800 36.09 36.36 0.00 -1.8656 -0.7079 -0.7079
8825 36.00 35.73 0.00 -1.8304 -0.5867 -0.5867
8850 36.00 35.73 0.00 -1.8304 -0.5867 -0.5867
8875 35.91 35.09 0.00 -2.5989 -0.9093 -0.9093
8900 35.79 34.41 0.00 -3.5870 -0.6392 -0.6392
8925 35.79 34.41 0.00 -3.5870 -0.6392 -0.6392
8950 35.64 33.73 0.00 -3.6105 -0.7899 -0.7899
8975 35.48 33.08 0.00 -3.9853 -1.9087 -1.9087
9000 35.48 33.08 0.00 -3.9853 -1.9087 -1.9087
9025 35.34 32.47 0.00 -3.2453 -2.0217 -2.0217
9050 35.23 31.92 0.00 -2.1898 -1.9083 -1.9083
9075 35.23 31.92 0.00 -2.1898 -1.9083 -1.9083
9100 35.14 31.36 0.00 -2.8069 -2.2303 -2.2303
9125 35.02 30.93 0.00 -2.9855 -1.8824 -1.8824
9150 35.02 30.93 0.00 -2.9855 -1.8824 -1.8824
9175 34.91 30.41 0.00 -2.8227 -2.0249 -2.0249
9200 34.79 29.91 0.00 -2.9814 -1.8443 -1.8443
9225 34.79 29.91 0.00 -2.9814 -1.8443 -1.8443
9250 34.68 29.58 0.00 -2.8716 -1.4188 -1.4188
9275 34.57 29.26 0.00 -2.1509 -2.5432 -2.5432
9300 34.57 29.26 0.00 -2.1509 -2.5432 -2.5432
9325 34.48 28.95 0.00 -2.4835 -2.6035 -2.6035
9350 34.39 28.73 0.00 -2.3519 -1.1067 -1.1067
9375 34.39 28.73 0.00 -2.3519 -1.1067 -1.1067
9400 34.30 28.42 0.00 -1.6909 -1.7307 -1.7307
9425 34.23 28.14 0.00 -1.7127 -2.1018 -2.1018
9450 34.23 28.14 0.00 -1.7127 -2.1018 -2.1018
9475 34.16 27.85 0.00 -2.1865 -1.5994 -1.5994
9500 34.05 27.61 0.00 -3.2487 -2.9435 -2.9435
9525 34.05 27.61 0.00 -3.2487 -2.9435 -2.9435
9550 33.95 27.40 0.00 -3.0038 -2.6914 -2.6914
9575 33.86 27.07 0.00 -2.2104 -2.2345 -2.2345
9600 33.86 27.07 0.00 -2.2104 -2.2345 -2.2345
9625 33.75 26.84 0.00 -2.7821 -2.4146 -2.4146
9650 33.64 26.59 0.00 -2.6053 -2.4621 -2.4621
9675 33.64 26.59 0.00 -2.6053 -2.4621 -2.4621
9700 33.53 26.24 0.00 -2.9570 -3.5372 -3.5372
9725 33.43 25.85 0.00 -3.0859 -2.8341 -2.8341
9750 33.43 25.85 0.00 -3.0859 -2.8341 -2.8341
9775 33.25 25.39 0.00 -5.0610 -3.8381 -3.8381
9800 33.01 25.00 0.00 -6.2290 -3.7458 -3.7458
9825 33.01 25.00 0.00 -6.2290 -3.7458 -3.7458
9850 32.76 24.61 0.00 -6.0808 -3.9022 -3.9022
9875 32.76 24.61 0.00 -6.0808 -3.9022 -3.9022
9900 32.53 24.25 0.00 -5.6269 -3.9847 -3.9847
9925 32.31 23.96 0.00 -5.7000 -4.1381 -4.1381
9950 32.31 23.96 0.00 -5.7000 -4.1381 -4.1381
9975 32.08 23.66 0.00 -5.8100 -3.8638 -3.8638
10000 31.84 23.35 0.00 -5.8459 -4.2422 -4.2422
10025 31.84 23.35 0.00 -5.8459 -4.2422 -4.2422
10050 31.61 23.08 0.00 -5.9600 -4.1947 -4.1947
10075 31.36 22.83 0.00 -6.0544 -4.1000 -4.1000
10100 31.36 22.83 0.00 -6.0544 -4.1000 -4.1000
10125 31.14 22.59 0.00 -5.1135 -3.4512 -3.4512
10150 30.96 22.32 0.00 -3.9371 -2.8393 -2.8393
10175 30.96 22.32 0.00 -3.9371 -2.8393 -2.8393
10200 30.82 22.10 0.00 -3.8052 -2.6653 -2.6653
10225 30.65 21.79 0.00 -4.4008 -3.2350 -3.2350
10250 30.65 21.79 0.00 -4.4008 -3.2350 -3.2350
10275 30.45 21.50 0.00 -5.0720 -3.1339 -3.1339
10300 30.25 21.19 0.00 -5.0394 -2.7316 -2.7316
10325 30.25 21.19 0.00 -5.0394 -2.7316 -2.7316
10350 30.04 20.79 0.00 -5.6354 -3.1436 -3.1436
10375 29.78 20.37 0.00 -6.4368 -3.4156 -3.4156
10400 29.78 20.37 0.00 -6.4368 -3.4156 -3.4156
10425 29.60 20.05 0.00 -6.0902 -2.5688 -2.5688
10450 29.35 19.62 0.00 -6.8366 -3.5975 -3.5975
10475 29.35 19.62 0.00 -6.8366 -3.5975 -3.5975
10500 29.05 19.25 0.00 -7.4798 -4.0153 -4.0153
10525 29.05 19.25 0.00 -7.4798 -4.0153 -4.0153
10550 28.73 18.83 0.00 -9.2891 -5.6098 -5.6098
10575 28.32 18.43 0.00 -10.7593 -6.0936 -6.0936
10600 27.85 18.14 0.00 -12.4588 -6.4453 -6.4453
10625 27.85 18.14 0.00 -12.4588 -6.4453 -6.4453
10650 27.32 17.83 0.00 -13.6849 -7.1947 -7.1947
10675 26.78 17.60 0.00 -13.6796 -7.2672 -7.2672
10700 26.78 17.60 0.00 -13.6796 -7.2672 -7.2672
10725 26.16 17.40 0.00 -16.5042 -7.5781 -7.5781
10750 25.47 17.26 0.00 -17.0852 -7.5902 -7.5902
10775 25.47 17.26 0.00 -17.0852 -7.5902 -7.5902
10800 24.83 17.10 0.00 -15.0813 -7.7234 -7.7234
10825 24.31 16.91 0.00 -11.9020 -8.4421 -8.4421
10850 24.31 16.91 0.00 -11.9020 -8.4421 -8.4421
10875 23.88 16.79 0.00 -10.6049 -9.4416 -9.4416
10900 23.47 16.70 0.00 -10.0448 -9.2382 -9.2382
10925 23.47 16.70 0.00 -10.0448 -9.2382 -9.2382
10950 23.06 16.56 0.00 -10.3756 -8.4027 -8.4027
10975 22.64 16.38 0.00 -10.1682 -7.0958 -7.0958
11000 22.64 16.38 0.00 -10.1682 -7.0958 -7.0958
11025 22.21 16.17 0.00 -11.9306 -6.6907 -6.6907
11050 21.68 15.83 0.00 -13.3228 -4.9481 -4.9481
11075 21.68 15.83 0.00 -13.3228 -4.9481 -4.9481
11100 21.17 15.52 0.00 -11.8085 -4.3805 -4.3805
11125 20.74 15.22 0.00 -10.9017 -4.5165 -4.5165
11150 20.74 15.22 0.00 -10.9017 -4.5165 -4.5165
11175 20.28 14.91 0.00 -11.5063 -4.8326 -4.8326
11200 19.92 14.65 0.00 -12.9168 -4.9518 -4.9518
11225 19.92 14.65 0.00 -12.9168 -4.9518 -4.9518
11250 19.33 14.30 0.00 -15.9150 -6.1237 -6.1237
11275 18.59 13.87 0.00 -19.8950 -6.5797 -6.5797
11300 18.59 13.87 0.00 -19.8950 -6.5797 -6.5797
11325 17.80 13.48 0.00 -19.5716 -6.5459 -6.5459
11350 17.04 13.11 0.00 -17.8540 -7.5992 -7.5992
11375 17.04 13.11 0.00 -17.8540 -7.5992 -7.5992
11400 16.44 12.84 0.00 -13.7171 -6.1808 -6.1808
11425 16.44 12.84 0.00 -13.7171 -6.1808 -6.1808
11450 15.90 12.63 0.00 -13.8863 -6.7661 -6.7661
11475 15.33 12.45 0.00 -13.9724 -6.7411 -6.7411
11500 15.33 12.45 0.00 -13.9724 -6.7411 -6.7411
11525 14.78 12.38 0.00 -13.3332 -6.7525 -6.7525
11550 14.29 12.23 0.00 -11.5212 -5.7691 -5.7691
11575 13.94 12.08 0.00 -7.5336 -5.6451 -5.6451
11600 13.94 12.08 0.00 -7.5336 -5.6451 -5.6451
11625 13.66 11.96 0.00 -5.5409 -5.1434 -5.1434
11650 13.48 11.86 0.00 -4.4575 -4.1973 -4.1973
11675 13.48 11.86 0.00 -4.4575 -4.1973 -4.1973
11700 13.33 11.90 0.00 -3.7029 -2.7875 -2.7875
11725 13.19 12.00 0.00 -2.6977 -0.2809 -0.2809
11750 13.19 12.00 0.00 -2.6977 -0.2809 -0.2809
11775 13.13 12.19 0.00 -0.5526 1.2972 1.2972
11800 13.13 12.38 0.00 0.0710 0.2685 0.2685
11825 13.13 12.38 0.00 0.0710 0.2685 0.2685
11850 13.15 12.57 0.00 0.2196 -0.4423 -0.4423
11875 13.15 12.57 0.00 0.2196 -0.4423 -0.4423
11900 13.07 12.81 0.00 -3.1643 -1.4555 -1.4555
11925 12.87 13.08 0.00 -6.6422 -1.4250 -1.4250
11950 12.87 13.08 0.00 -6.6422 -1.4250 -1.4250
11975 12.53 13.39 0.00 -9.2169 -2.3861 -2.3861
12000 12.15 13.74 0.00 -9.3469 -2.5850 -2.5850
12025 11.89 13.99 0.00 -8.4100 -3.2630 -3.2630
12050 11.89 13.99 0.00 -8.4100 -3.2630 -3.2630
12075 11.59 14.38 0.00 -6.5471 -3.0026 -3.0026
12100 11.37 14.85 0.00 -4.8539 -2.6983 -2.6983
12125 11.37 14.85 0.00 -4.8539 -2.6983 -2.6983
12150 11.23 15.32 0.00 -2.5983 -1.3304 -1.3304
12175 11.23 15.32 0.00 -2.5983 -1.3304 -1.3304
12200 11.13 15.85 0.00 -2.5225 -1.4889 -1.4889
12225 11.07 16.41 0.00 -1.5373 -0.6722 -0.6722
12250 11.07 16.41 0.00 -1.5373 -0.6722 -0.6722
12275 11.03 16.95 0.00 -0.4863 -0.7386 -0.7386
12300 11.03 17.46 0.00 0.1638 -0.5844 -0.5844
12325 11.03 17.46 0.00 0.1638 -0.5844 -0.5844
12350 11.05 17.92 0.00 1.5902 -0.1150 -0.1150
12375 11.17 18.38 0.00 3.4089 0.3511 0.3511
12400 11.17 18.38 0.00 3.4089 0.3511 0.3511
12425 11.35 18.83 0.00 5.3940 2.0308 2.0308
12450 11.59 19.27 0.00 5.8193 1.8136 1.8136
12475 11.59 19.27 0.00 5.8193 1.8136 1.8136
12500 11.83 19.62 0.00 6.3750 2.0798 2.0798
12525 12.11 19.93 0.00 7.4918 2.8389 2.8389
12550 12.11 19.93 0.00 7.4918 2.8389 2.8389
12575 12.45 20.28 0.00 9.1757 4.8003 4.8003
12600 12.85 20.65 0.00 9.9672 4.2119 4.2119
12625 12.85 20.65 0.00 9.9672 4.2119 4.2119
12650 13.29 20.95 0.00 12.1962 4.6016 4.6016
12675 13.29 20.95 0.00 12.1962 4.6016 4.6016
12700 13.80 21.35 0.00 12.2161 5.1463 5.1463
12725 14.31 21.88 0.00 13.4966 7.5989 7.5989
12750 14.90 22.54 0.00 15.3729 8.1070 8.1070
12775 14.90 22.54 0.00 15.3729 8.1070 8.1070
12800 15.57 23.23 0.00 17.1623 9.0078 9.0078
12825 15.57 23.23 0.00 17.1623 9.0078 9.0078
12850 16.29 23.90 0.00 18.6722 10.8950 10.8950
12875 16.87 24.42 0.00 20.2086 11.0565 11.0565
12900 17.72 25.11 0.00 20.9775 10.4839 10.4839
12925 17.72 25.11 0.00 20.9775 10.4839 10.4839
12950 18.53 25.73 0.00 19.5676 9.2909 9.2909
12975 19.33 26.34 0.00 20.9171 9.4050 9.4050
13000 19.33 26.34 0.00 20.9171 9.4050 9.4050
13025 20.17 26.99 0.00 20.7333 9.1223 9.1223
13050 21.00 27.61 0.00 20.9980 10.1233 10.1233
13075 21.00 27.61 0.00 20.9980 10.1233 10.1233
13100 21.87 28.25 0.00 22.2167 9.8199 9.8199
13125 21.87 28.25 0.00 22.2167 9.8199 9.8199
13150 22.81 28.95 0.00 24.4896 10.0124 10.0124
13175 23.82 29.63 0.00 25.6049 9.5291 9.5291
13200 23.82 29.63 0.00 25.6049 9.5291 9.5291
13225 24.88 30.37 0.00 26.5242 8.8782 8.8782
13250 25.88 31.07 0.00 24.1033 9.5019 9.5019
13275 26.84 31.74 0.00 23.9529 9.7753 9.7753
13300 26.84 31.74 0.00 23.9529 9.7753 9.7753
13325 27.81 32.42 0.00 24.1352 9.5734 9.5734
13350 28.74 33.08 0.00 23.3340 9.4324 9.4324
13375 28.74 33.08 0.00 23.3340 9.4324 9.4324
13400 29.73 33.82 0.00 25.5040 9.2084 9.2084
13425 29.73 33.82 0.00 25.5040 9.2084 9.2084
13450 30.85 34.71 0.00 28.6233 10.5754 10.5754
13475 32.03 35.52 0.00 30.1184 9.5895 9.5895
13500 32.03 35.52 0.00 30.1184 9.5895 9.5895
13525 33.25 36.35 0.00 30.1740 8.5851 8.5851
13550 34.36 37.17 0.00 26.6858 7.7945 7.7945
13575 34.36 37.17 0.00 26.6858 7.7945 7.7945
13600 35.39 38.06 0.00 25.5459 7.6354 7.6354
13625 36.39 38.99 0.00 24.3190 7.7485 7.7485
13650 36.39 38.99 0.00 24.3190 7.7485 7.7485
13675 37.35 39.81 0.00 24.2238 8.0910 8.0910
13700 38.11 40.51 0.00 25.6687 7.9374 7.9374
13725 38.11 40.51 0.00 25.6687 7.9374 7.9374
13750 39.14 41.52 0.00 25.8548 7.5942 7.5942
13775 40.19 42.76 0.00 26.6644 6.8387 6.8387
13800 40.19 42.76 0.00 26.6644 6.8387 6.8387
13825 41.29 44.11 0.00 27.3176 5.0790 5.0790
13850 42.36 45.30 0.00 26.0390 4.7602 4.7602
13875 43.38 46.49 0.00 25.2387 4.0729 4.0729
13900 43.38 46.49 0.00 25.2387 4.0729 4.0729
13925 44.37 47.78 0.00 25.1421 3.7294 3.7294
13950 44.37 47.78 0.00 25.1421 3.7294 3.7294
13975 45.35 48.91 0.00 23.3616 4.4880 4.4880
14000 46.25 49.95 0.00 21.8059 3.5615 3.5615
14025 46.25 49.95 0.00 21.8059 3.5615 3.5615
14050 47.07 51.03 0.00 19.8108 3.7718 3.7718
14075 47.84 52.06 0.00 18.6962 3.7683 3.7683
14100 47.84 52.06 0.00 18.6962 3.7683 3.7683
14125 48.59 53.13 0.00 19.0059 3.9849 3.9849
14150 49.35 54.09 0.00 18.8961 3.1625 3.1625
14175 49.35 54.09 0.00 18.8961 3.1625 3.1625
14200 50.10 54.97 0.00 18.4799 2.6720 2.6720
14225 50.82 55.83 0.00 17.4580 3.4803 3.4803
14250 50.82 55.83 0.00 17.4580 3.4803 3.4803
14275 51.50 56.75 0.00 17.2755 3.7532 3.7532
14300 52.20 57.64 0.00 17.1481 2.5681 2.5681
14325 52.20 57.64 0.00 17.1481 2.5681 2.5681
14350 52.86 58.48 0.00 16.1622 2.2996 2.2996
14375 53.49 59.31 0.00 15.2684 2.9789 2.9789
14400 53.49 59.31 0.00 15.2684 2.9789 2.9789
14425 54.10 60.09 0.00 15.4554 3.4216 3.4216
14450 54.73 60.88 0.00 15.7717 4.0131 4.0131
14475 54.73 60.88 0.00 15.7717 4.0131 4.0131
14500 55.36 61.77 0.00 15.6028 4.1823 4.1823
14525 55.36 61.77 0.00 15.6028 4.1823 4.1823
14550 55.80 62.49 0.00 14.7844 3.7619 3.7619
14575 56.38 63.33 0.00 14.1689 3.6685 3.6685
14600 56.94 64.11 0.00 14.0599 3.3704 3.3704
14625 56.94 64.11 0.00 14.0599 3.3704 3.3704
14650 57.54 65.02 0.00 15.5623 2.2649 2.2649
14675 57.54 65.02 0.00 15.5623 2.2649 2.2649
14700 58.20 66.02 0.00 16.7778 1.7375 1.7375
14725 58.89 67.00 0.00 17.3006 0.6405 0.6405
14750 58.89 67.00 0.00 17.3006 0.6405 0.6405
14775 59.59 68.06 0.00 17.6698 0.2065 0.2065
14800 60.26 69.10 0.00 16.1971 -1.1137 -1.1137
14825 60.26 69.10 0.00 16.1971 -1.1137 -1.1137
14850 60.90 70.05 0.00 15.3098 -0.3411 -0.3411
14875 61.46 70.90 0.00 13.9340 0.9938 0.9938
14900 61.46 70.90 0.00 13.9340 0.9938 0.9938
14925 62.03 71.69 0.00 13.9900 0.9127 0.9127
14950 62.03 71.69 0.00 13.9900 0.9127 0.9127
14975 62.62 72.56 0.00 15.2476 -0.5113 -0.5113
15000 63.27 73.45 0.00 17.0657 -0.8050 -0.8050
15025 63.98 74.30 0.00 18.6729 -1.6553 -1.6553
15050 63.98 74.30 0.00 18.6729 -1.6553 -1.6553
15075 64.77 75.18 0.00 19.9436 -2.1040 -2.1040
15100 65.57 76.03 0.00 20.5318 -1.9804 -1.9804
15125 65.57 76.03 0.00 20.5318 -1.9804 -1.9804
15150 66.45 76.90 0.00 23.4570 -3.3158 -3.3158
15175 66.45 76.90 0.00 23.4570 -3.3158 -3.3158
15200 67.52 77.73 0.00 28.6888 -3.0056 -3.0056
15225 68.77 78.43 0.00 32.2895 -3.1737 -3.1737
15250 69.73 79.03 0.00 32.2023 -3.2244 -3.2244
15275 69.73 79.03 0.00 32.2023 -3.2244 -3.2244
15300 70.95 79.90 0.00 28.8451 -3.5357 -3.5357
15325 72.02 80.73 0.00 26.1477 -2.0870 -2.0870
15350 72.02 80.73 0.00 26.1477 -2.0870 -2.0870
15375 73.05 81.46 0.00 25.8609 -1.5731 -1.5731
15400 74.12 82.16 0.00 26.8138 -2.1382 -2.1382
15425 74.12 82.16 0.00 26.8138 -2.1382 -2.1382
15450 75.14 82.89 0.00 24.3515 -1.7143 -1.7143
15475 76.05 83.59 0.00 21.8238 -1.8178 -1.8178
15500 76.05 83.59 0.00 21.8238 -1.8178 -1.8178
15525 76.81 84.26 0.00 16.9483 -2.0521 -2.0521
15550 77.34 84.81 0.00 10.5713 0.7294 0.7294
15575 77.34 84.81 0.00 10.5713 0.7294 0.7294
15600 77.60 85.14 0.00 4.5881 3.0506 3.0506
15625 77.75 85.49 0.00 3.2012 2.2616 2.2616
15650 77.75 85.49 0.00 3.2012 2.2616 2.2616
15675 77.90 85.78 0.00 3.8488 0.5706 0.5706
15700 77.90 85.78 0.00 3.8488 0.5706 0.5706
15725 78.03 85.90 0.00 3.4739 0.5343 0.5343
15750 78.18 86.06 0.00 3.5613 0.3626 0.3626
15775 78.18 86.06 0.00 3.5613 0.3626 0.3626
15800 78.33 86.23 0.00 4.4866 -1.2911 -1.2911
15825 78.54 86.36 0.00 5.1310 -1.6115 -1.6115
15850 78.73 86.48 0.00 4.8153 -0.2793 -0.2793
15875 78.73 86.48 0.00 4.8153 -0.2793 -0.2793
15900 78.92 86.61 0.00 4.7129 1.1004 1.1004
15925 79.15 86.71 0.00 6.3727 1.2235 1.2235
15950 79.15 86.71 0.00 6.3727 1.2235 1.2235
15975 79.53 86.77 0.00 11.5984 -1.1295 -1.1295
16000 79.53 86.77 0.00 11.5984 -1.1295 -1.1295
16025 80.08 86.84 0.00 14.1807 -2.3669 -2.3669
16050 80.59 86.91 0.00 11.7771 0.1608 0.1608
16075 80.59 86.91 0.00 11.7771 0.1608 0.1608
16100 80.90 86.95 0.00 9.3542 2.0787 2.0787
16125 81.26 87.03 0.00 10.0506 2.6972 2.6972
16150 81.26 87.03 0.00 10.0506 2.6972 2.6972
16175 81.72 87.06 0.00 12.2204 1.7442 1.7442
16200 82.20 87.09 0.00 11.1133 2.1077 2.1077
16225 82.20 87.09 0.00 11.1133 2.1077 2.1077
16250 82.55 87.05 0.00 7.0440 3.6171 3.6171
16275 82.55 87.05 0.00 7.0440 3.6171 3.6171
16300 82.74 87.01 0.00 4.2610 4.4433 4.4433
16325 82.90 86.92 0.00 3.4872 3.2450 3.2450
16350 83.01 86.80 0.00 2.6293 3.3489 3.3489
16375 83.01 86.80 0.00 2.6293 3.3489 3.3489
16400 83.11 86.59 0.00 2.8291 4.6146 4.6146
16425 83.25 86.39 0.00 3.7769 4.0611 4.0611
16450 83.25 86.39 0.00 3.7769 4.0611 4.0611
16475 83.40 86.15 0.00 3.3864 4.5159 4.5159
16500 83.50 85.83 0.00 2.1244 4.7358 4.7358
16525 83.50 85.83 0.00 2.1244 4.7358 4.7358
16550 83.56 85.40 0.00 0.5453 6.5163 6.5163
16575 83.56 84.84 0.00 -0.6861 7.6581 7.6581
16600 83.56 84.84 0.00 -0.6861 7.6581 7.6581
16625 83.54 84.29 0.00 -0.1332 7.6146 7.6146
16650 83.54 83.70 0.00 0.2072 6.9224 6.9224
16675 83.54 83.70 0.00 0.2072 6.9224 6.9224
16700 83.56 83.02 0.00 1.2187 8.3559 8.3559
16725 83.65 82.38 0.00 2.6081 8.0450 8.0450
16750 83.65 82.38 0.00 2.6081 8.0450 8.0450
16775 83.73 81.84 0.00 1.7729 6.9669 6.9669
16800 83.79 81.24 0.00 1.5605 7.7400 7.7400
16825 83.79 81.24 0.00 1.5605 7.7400 7.7400
16850 83.89 80.68 0.00 2.7305 6.4193 6.4193
16875 84.02 80.22 0.00 3.9304 5.8907 5.8907
16900 84.02 80.22 0.00 3.9304 5.8907 5.8907
16925 84.18 79.81 0.00 4.2475 5.4578 5.4578
16950 84.18 79.81 0.00 4.2475 5.4578 5.4578
16975 84.35 79.40 0.00 4.3370 4.6261 4.6261
17000 84.47 79.11 0.00 3.3398 4.3231 4.3231
17025 84.47 79.11 0.00 3.3398 4.3231 4.3231
17050 84.57 78.72 0.00 1.5614 4.4497 4.4497
17075 84.59 78.27 0.00 0.1329 5.2092 5.2092
17100 84.59 78.27 0.00 0.1329 5.2092 5.2092
17125 84.59 77.84 0.00 0.0678 5.6093 5.6093
17150 84.59 77.41 0.00 -0.3060 5.9605 5.9605
17175 84.59 77.41 0.00 -0.3060 5.9605 5.9605
17200 84.53 76.96 0.00 -1.6571 5.5049 5.5049
17225 84.53 76.96 0.00 -1.6571 5.5049 5.5049
17250 84.43 76.49 0.00 -3.6158 6.0932 6.0932
17275 84.24 75.94 0.00 -5.5649 6.9288 6.9288
17300 83.96 75.35 0.00 -7.5077 7.0794 7.0794
17325 83.96 75.35 0.00 -7.5077 7.0794 7.0794
17350 83.61 74.68 0.00 -9.2112 7.7625 7.7625
17375 83.21 73.92 0.00 -10.6216 7.7719 7.7719
17400 83.21 73.92 0.00 -10.6216 7.7719 7.7719
17425 82.76 73.14 0.00 -11.3446 8.1272 8.1272
17450 82.32 72.30 0.00 -11.1640 7.6505 7.6505
17475 82.32 72.30 0.00 -11.1640 7.6505 7.6505
17500 81.89 71.39 0.00 -9.6602 6.5660 6.5660
17525 81.57 70.43 0.00 -7.8770 6.6879 6.6879
17550 81.57 70.43 0.00 -7.8770 6.6879 6.6879
17575 81.28 69.43 0.00 -5.6385 6.9818 6.9818
17600 81.13 68.54 0.00 -3.0625 5.7106 5.7106
17625 81.13 68.54 0.00 -3.0625 5.7106 5.7106
17650 81.05 67.64 0.00 -1.1441 5.2917 5.2917
17675 81.05 67.64 0.00 -1.1441 5.2917 5.2917
17700 81.03 66.76 0.00 -0.3884 6.1638 6.1638
17725 81.01 65.92 0.00 -0.3886 5.9976 5.9976
17750 81.03 65.15 0.00 1.4796 6.7642 6.7642
17775 81.03 65.15 0.00 1.4796 6.7642 6.7642
17800 81.15 64.44 0.00 3.5471 6.4821 6.4821
17825 81.30 63.71 0.00 3.1265 6.8150 6.8150
17850 81.30 63.71 0.00 3.1265 6.8150 6.8150
17875 81.36 63.09 0.00 1.5188 7.3563 7.3563
17900 81.38 62.32 0.00 0.2442 7.7893 7.7893
17925 81.38 62.32 0.00 0.2442 7.7893 7.7893
17950 81.40 61.47 0.00 0.2349 7.9805 7.9805
17975 81.40 61.47 0.00 0.2349 7.9805 7.9805
18000 81.38 60.63 0.00 -1.0119 7.4636 7.4636
18025 81.28 59.73 0.00 -2.9516 7.1751 7.1751
18050 81.11 58.88 0.00 -4.8139 5.8823 5.8823
18075 81.11 58.88 0.00 -4.8139 5.8823 5.8823
18100 80.88 58.20 0.00 -6.8406 4.1360 4.1360
18125 80.88 58.20 0.00 -6.8406 4.1360 4.1360
18150 80.57 57.60 0.00 -7.9427 4.3873 4.3873
18175 80.21 56.97 0.00 -10.0827 4.6483 4.6483
18200 80.21 56.97 0.00 -10.0827 4.6483 4.6483
18225 79.75 56.35 0.00 -12.1242 4.9675 4.9675
18250 79.24 55.67 0.00 -13.1654 5.1862 5.1862
18275 79.24 55.67 0.00 -13.1654 5.1862 5.1862
18300 78.67 54.99 0.00 -14.5807 4.0895 4.0895
18325 78.09 54.33 0.00 -14.5066 3.9042 3.9042
18350 78.09 54.33 0.00 -14.5066 3.9042 3.9042
18375 77.51 53.68 0.00 -14.3669 2.3029 2.3029
18400 76.96 52.95 0.00 -13.2064 3.0044 3.0044
18425 76.96 52.95 0.00 -13.2064 3.0044 3.0044
18450 76.46 52.19 0.00 -12.3209 2.7409 2.7409
18475 76.46 52.19 0.00 -12.3209 2.7409 2.7409
18500 76.03 51.53 0.00 -10.3470 3.8057 3.8057
18525 75.66 50.77 0.00 -8.1331 3.4475 3.4475
18550 75.66 50.77 0.00 -8.1331 3.4475 3.4475
18575 75.43 50.02 0.00 -4.2754 4.4751 4.4751
18600 75.34 49.46 0.00 -2.6167 3.8198 3.8198
18625 75.25 48.70 0.00 -1.7017 3.2514 3.2514
18650 75.25 48.70 0.00 -1.7017 3.2514 3.2514
18675 75.21 47.91 0.00 -1.0902 4.5612 4.5612
18700 75.17 47.10 0.00 -0.9196 5.2282 5.2282
18725 75.17 47.10 0.00 -0.9196 5.2282 5.2282
18750 75.12 46.21 0.00 -1.2977 5.4154 5.4154
18775 75.12 46.21 0.00 -1.2977 5.4154 5.4154
18800 75.06 45.29 0.00 -1.7342 5.9661 5.9661
18825 74.99 44.25 0.00 -1.7444 7.1616 7.1616
18850 74.90 43.20 0.00 -2.5682 6.0691 6.0691
18875 74.90 43.20 0.00 -2.5682 6.0691 6.0691
18900 74.77 42.34 0.00 -3.4110 4.8221 4.8221
18925 74.77 42.34 0.00 -3.4110 4.8221 4.8221
18950 74.64 41.50 0.00 -3.3573 4.5787 4.5787
18975 74.49 40.73 0.00 -3.7346 3.5633 3.5633
19000 74.49 40.73 0.00 -3.7346 3.5633 3.5633
19025 74.32 40.05 0.00 -4.8958 2.6550 2.6550
19050 74.10 39.44 0.00 -5.9344 1.7769 1.7769
19075 73.84 38.90 0.00 -6.2901 1.0040 1.0040
19100 73.84 38.90 0.00 -6.2901 1.0040 1.0040
19125 73.58 38.49 0.00 -6.1026 0.2072 0.2072
19150 73.58 38.49 0.00 -6.1026 0.2072 0.2072
19175 73.34 38.14 0.00 -6.0133 -1.2346 -1.2346
19200 73.11 37.93 0.00 -6.4160 -1.5348 -1.5348
19225 73.11 37.93 0.00 -6.4160 -1.5348 -1.5348
19250 72.83 37.83 0.00 -6.6369 -1.8649 -1.8649
19275 72.57 37.75 0.00 -6.7330 -2.3594 -2.3594
19300 72.57 37.75 0.00 -6.7330 -2.3594 -2.3594
19325 72.28 37.63 0.00 -7.5118 -2.1131 -2.1131
19350 71.97 37.55 0.00 -8.1741 -1.9837 -1.9837
19375 71.97 37.55 0.00 -8.1741 -1.9837 -1.9837
19400 71.62 37.48 0.00 -9.1375 -3.0733 -3.0733
19425 71.27 37.44 0.00 -8.1481 -1.8602 -1.8602
19450 71.27 37.44 0.00 -8.1481 -1.8602 -1.8602
19475 70.93 37.32 0.00 -9.1562 -2.1473 -2.1473
19500 70.53 37.31 0.00 -10.9096 -3.2650 -3.2650
19525 70.53 37.31 0.00 -10.9096 -3.2650 -3.2650
19550 70.18 37.35 0.00 -11.8065 -3.2102 -3.2102
19575 69.69 37.28 0.00 -12.4515 -3.1177 -3.1177
19600 69.69 37.28 0.00 -12.4515 -3.1177 -3.1177
19625 69.17 37.25 0.00 -13.0617 -4.3850 -4.3850
19650 68.66 37.20 0.00 -12.5293 -4.5888 -4.5888
19675 68.66 37.20 0.00 -12.5293 -4.5888 -4.5888
19700 68.17 37.18 0.00 -11.7781 -5.3176 -5.3176
19725 68.17 37.18 0.00 -11.7781 -5.3176 -5.3176
19750 67.74 37.22 0.00 -10.6813 -5.7960 -5.7960
19775 67.33 37.28 0.00 -9.9229 -6.5676 -6.5676
19800 66.93 37.40 0.00 -9.6395 -6.6572 -6.6572
19825 66.93 37.40 0.00 -9.6395 -6.6572 -6.6572
19850 66.55 37.55 0.00 -9.0958 -6.2212 -6.2212
19875 66.55 37.55 0.00 -9.0958 -6.2212 -6.2212
19900 66.23 37.75 0.00 -7.6638 -5.7285 -5.7285
19925 65.96 37.95 0.00 -6.2777 -5.4262 -5.4262
19950 65.96 37.95 0.00 -6.2777 -5.4262 -5.4262
19975 65.73 38.15 0.00 -5.2522 -5.4871 -5.4871
20000 65.53 38.42 0.00 -4.5989 -5.3197 -5.3197
20025 65.53 38.42 0.00 -4.5989 -5.3197 -5.3197
20050 65.36 38.77 0.00 -4.4600 -5.4227 -5.4227
20075 65.19 39.25 0.00 -3.9605 -5.7997 -5.7997
20100 65.05 39.82 0.00 -3.3102 -5.9117 -5.9117
20125 65.05 39.82 0.00 -3.3102 -5.9117 -5.9117
20150 64.91 40.41 0.00 -3.5449 -6.8155 -6.8155
20175 64.75 40.99 0.00 -4.1308 -6.9588 -6.9588
20200 64.75 40.99 0.00 -4.1308 -6.9588 -6.9588
20225 64.55 41.69 0.00 -5.7960 -8.5477 -8.5477
20250 64.55 41.69 0.00 -5.7960 -8.5477 -8.5477
20275 64.23 42.65 0.00 -9.2168 -11.9817 -11.9817
20300 63.77 43.75 0.00 -12.9910 -13.8573 -13.8573
20325 63.34 44.53 0.00 -14.9159 -12.7000 -12.7000
20350 63.34 44.53 0.00 -14.9159 -12.7000 -12.7000
20375 62.65 45.69 0.00 -19.1438 -15.3000 -15.3000
20400 62.65 45.69 0.00 -19.1438 -15.3000 -15.3000
20425 61.75 46.89 0.00 -23.8967 -17.8856 -17.8856
20450 61.75 46.89 0.00 -23.8967 -17.8856 -17.8856
20475 60.69 48.13 0.00 -27.9436 -18.6956 -18.6956
20500 59.49 49.39 0.00 -30.9612 -19.1234 -19.1234
20525 58.17 50.52 0.00 -34.4824 -19.9976 -19.9976
20550 58.17 50.52 0.00 -34.4824 -19.9976 -19.9976
20575 56.71 51.77 0.00 -37.7704 -20.4056 -20.4056
20600 55.14 53.19 0.00 -39.9975 -21.8145 -21.8145
20625 55.14 53.19 0.00 -39.9975 -21.8145 -21.8145
20650 53.54 54.68 0.00 -39.4875 -21.8602 -21.8602
20675 51.96 56.24 0.00 -39.5917 -21.1134 -21.1134
20700 51.96 56.24 0.00 -39.5917 -21.1134 -21.1134
20725 50.38 57.75 0.00 -39.0143 -21.4177 -21.4177
20750 48.85 59.36 0.00 -37.9948 -20.7784 -20.7784
20775 48.85 59.36 0.00 -37.9948 -20.7784 -20.7784
20800 47.36 60.87 0.00 -36.8044 -19.5919 -19.5919
20825 45.93 62.19 0.00 -35.0053 -19.2209 -19.2209
20850 45.93 62.19 0.00 -35.0053 -19.2209 -19.2209
20875 44.55 63.52 0.00 -34.2126 -18.1559 -18.1559
20900 43.22 64.76 0.00 -32.9589 -17.2558 -17.2558
20925 43.22 64.76 0.00 -32.9589 -17.2558 -17.2558
20950 41.95 66.02 0.00 -30.7002 -16.3129 -16.3129
20975 40.78 67.07 0.00 -29.1044 -15.4719 -15.4719
21000 40.78 67.07 0.00 -29.1044 -15.4719 -15.4719
21025 39.61 68.04 0.00 -28.6669 -12.9876 -12.9876
21050 38.45 68.94 0.00 -29.8639 -11.7230 -11.7230
21075 38.45 68.94 0.00 -29.8639 -11.7230 -11.7230
21100 37.54 69.58 0.00 -30.0271 -10.5230 -10.5230
21125 36.11 70.68 0.00 -27.5241 -8.3497 -8.3497
21150 36.11 70.68 0.00 -27.5241 -8.3497 -8.3497
21175 35.32 71.25 0.00 -26.2385 -7.8365 -7.8365
21200 35.32 71.25 0.00 -26.2385 -7.8365 -7.8365
21225 34.29 71.99 0.00 -25.7358 -6.7452 -6.7452
21250 33.30 72.69 0.00 -23.8160 -5.5999 -5.5999
21275 33.30 72.69 0.00 -23.8160 -5.5999 -5.5999
21300 32.35 73.38 0.00 -24.2193 -5.1495 -5.1495
21325 31.36 74.17 0.00 -25.3363 -3.4058 -3.4058
21350 30.34 74.86 0.00 -24.7402 -3.4219 -3.4219
21375 30.34 74.86 0.00 -24.7402 -3.4219 -3.4219
21400 29.40 75.55 0.00 -23.0754 -3.4641 -3.4641
21425 29.40 75.55 0.00 -23.0754 -3.4641 -3.4641
21450 28.51 76.32 0.00 -21.0768 -3.8281 -3.8281
21475 27.72 77.10 0.00 -18.8100 -4.4515 -4.4515
21500 27.72 77.10 0.00 -18.8100 -4.4515 -4.4515
21525 26.99 77.86 0.00 -18.0632 -4.3177 -4.3177
21550 26.29 78.67 0.00 -17.3951 -3.6542 -3.6542
21575 26.29 78.67 0.00 -17.3951 -3.6542 -3.6542
21600 25.62 79.42 0.00 -15.9160 -3.1015 -3.1015
21625 25.03 80.08 0.00 -14.1831 -2.7306 -2.7306
21650 25.03 80.08 0.00 -14.1831 -2.7306 -2.7306
21675 24.49 80.72 0.00 -12.9227 -2.7375 -2.7375
21700 24.01 81.31 0.00 -11.5687 -2.6813 -2.6813
21725 24.01 81.31 0.00 -11.5687 -2.6813 -2.6813
21750 23.58 81.92 0.00 -10.5359 -2.6406 -2.6406
21775 23.15 82.53 0.00 -11.0219 -1.8698 -1.8698
21800 23.15 82.53 0.00 -11.0219 -1.8698 -1.8698
21825 22.70 83.11 0.00 -11.0261 -1.2520 -1.2520
21850 22.31 83.69 0.00 -8.7539 -1.2980 -1.2980
21875 22.31 83.69 0.00 -8.7539 -1.2980 -1.2980
21900 22.08 84.05 0.00 -7.5229 -2.1047 -2.1047
21925 21.82 84.48 0.00 -6.1086 -1.1665 -1.1665
21950 21.82 84.48 0.00 -6.1086 -1.1665 -1.1665
21975 21.59 84.88 0.00 -4.8398 -1.4745 -1.4745
22000 21.59 84.88 0.00 -4.8398 -1.4745 -1.4745
22025 21.42 85.15 0.00 -4.4399 -1.7144 -1.7144
22050 21.25 85.33 0.00 -4.4936 -0.8795 -0.8795
22075 21.06 85.46 0.00 -4.2356 -0.4011 -0.4011
22100 21.06 85.46 0.00 -4.2356 -0.4011 -0.4011
22125 20.91 85.58 0.00 -3.6634 0.2157 0.2157
22150 20.78 85.60 0.00 -3.5425 -0.7686 -0.7686
22175 20.78 85.60 0.00 -3.5425 -0.7686 -0.7686
22200 20.63 85.59 0.00 -4.3295 0.9262 0.9262
22225 20.44 85.60 0.00 -4.7680 1.0143 1.0143
22250 20.44 85.60 0.00 -4.7680 1.0143 1.0143
22275 20.25 85.61 0.00 -4.0898 0.3229 0.3229
22300 20.07 85.51 0.00 -4.6440 0.8622 0.8622
22325 20.07 85.51 0.00 -4.6440 0.8622 0.8622
22350 19.87 85.39 0.00 -5.8099 1.3754 1.3754
22375 19.62 85.29 0.00 -6.2659 1.1728 1.1728
22400 19.62 85.29 0.00 -6.2659 1.1728 1.1728
22425 19.37 85.23 0.00 -6.3477 0.8097 0.8097
22450 19.37 85.23 0.00 -6.3477 0.8097 0.8097
22475 19.10 85.20 0.00 -7.4643 0.6659 0.6659
22500 18.76 85.20 0.00 -9.0980 1.1301 1.1301
22525 18.76 85.20 0.00 -9.0980 1.1301 1.1301
22550 18.39 85.26 0.00 -9.2043 0.7402 0.7402
22575 18.05 85.36 0.00 -7.8341 0.4512 0.4512
22600 17.82 85.41 0.00 -4.4799 -0.7147 -0.7147
22625 17.82 85.41 0.00 -4.4799 -0.7147 -0.7147
22650 17.68 85.46 0.00 -3.3325 -0.8387 -0.8387
22675 17.68 85.46 0.00 -3.3325 -0.8387 -0.8387
22700 17.55 85.50 0.00 -4.1795 0.4034 0.4034
22725 17.35 85.57 0.00 -4.7146 0.2099 0.2099
22750 17.35 85.57 0.00 -4.7146 0.2099 0.2099
22775 17.14 85.62 0.00 -5.4619 0.8574 0.8574
22800 16.93 85.63 0.00 -4.8431 0.2689 0.2689
22825 16.93 85.63 0.00 -4.8431 0.2689 0.2689
22850 16.81 85.66 0.00 -3.4659 -0.7941 -0.7941
22875 16.72 85.68 0.00 -1.9449 -1.0405 -1.0405
22900 16.72 85.68 0.00 -1.9449 -1.0405 -1.0405
22925 16.62 85.67 0.00 -3.1722 0.3869 0.3869
22950 16.42 85.65 0.00 -5.5654 1.6499 1.6499
22975 16.42 85.65 0.00 -5.5654 1.6499 1.6499
23000 16.19 85.60 0.00 -6.2550 2.3071 2.3071
23025 16.19 85.60 0.00 -6.2550 2.3071 2.3071
23050 15.96 85.52 0.00 -5.3107 1.8781 1.8781
23075 15.78 85.42 0.00 -3.8409 0.6131 0.6131
23100 15.65 85.27 0.00 -3.0546 -1.1503 -1.1503
23125 15.65 85.27 0.00 -3.0546 -1.1503 -1.1503
23150 15.57 85.05 0.00 -1.6124 -0.1325 -0.1325
23175 15.49 84.82 0.00 -1.8926 -0.4091 -0.4091
23200 15.49 84.82 0.00 -1.8926 -0.4091 -0.4091
23225 15.43 84.60 0.00 -1.1110 0.2296 0.2296
23250 15.43 84.60 0.00 -1.1110 0.2296 0.2296
23275 15.47 84.21 0.00 1.8974 -0.8922 -0.8922
23300 15.61 83.75 0.00 4.1038 -1.6991 -1.6991
23325 15.61 83.75 0.00 4.1038 -1.6991 -1.6991
23350 15.78 83.27 0.00 4.5071 -0.9862 -0.9862
23375 15.96 82.76 0.00 4.3710 -0.2376 -0.2376
23400 16.15 82.30 0.00 5.1737 -0.2880 -0.2880
23425 16.15 82.30 0.00 5.1737 -0.2880 -0.2880
23450 16.37 81.89 0.00 5.5458 0.0544 0.0544
23475 16.37 81.89 0.00 5.5458 0.0544 0.0544
23500 16.60 81.52 0.00 5.7716 0.4247 0.4247
23525 16.85 81.21 0.00 6.8977 0.7606 0.7606
23550 16.85 81.21 0.00 6.8977 0.7606 0.7606
23575 17.12 80.97 0.00 6.7845 2.0728 2.0728
23600 17.39 80.81 0.00 6.7690 2.5529 2.5529
23625 17.60 80.74 0.00 6.5029 2.2150 2.2150
23650 17.60 80.74 0.00 6.5029 2.2150 2.2150
23675 17.87 80.66 0.00 7.2080 1.3067 1.3067
23700 17.87 80.66 0.00 7.2080 1.3067 1.3067
23725 18.16 80.62 0.00 8.3019 0.8749 0.8749
23750 18.47 80.59 0.00 6.9631 1.0866 1.0866
23775 18.47 80.59 0.00 6.9631 1.0866 1.0866
23800 18.70 80.53 0.00 5.2497 1.8462 1.8462
23825 18.99 80.46 0.00 9.2463 1.6223 1.6223
23850 18.99 80.46 0.00 9.2463 1.6223 1.6223
23875 19.47 80.33 0.00 13.2608 -0.4182 -0.4182
23900 20.06 80.12 0.00 15.8086 -1.3856 -1.3856
23925 20.06 80.12 0.00 15.8086 -1.3856 -1.3856
23950 20.74 79.87 0.00 17.4015 -0.9302 -0.9302
23975 21.55 79.54 0.00 23.0291 -1.1043 -1.1043
24000 21.55 79.54 0.00 23.0291 -1.1043 -1.1043
24025 22.66 79.08 0.00 29.9039 -2.9439 -2.9439
24050 23.90 78.48 0.00 31.1434 -2.3289 -2.3289
24075 23.90 78.48 0.00 31.1434 -2.3289 -2.3289
24100 25.10 77.84 0.00 29.4807 1.3964 1.3964
24125 26.25 77.30 0.00 28.0469 2.2514 2.2514
24150 26.25 77.30 0.00 28.0469 2.2514 2.2514
24175 27.32 76.80 0.00 25.9349 3.7346 3.7346
24200 28.31 76.29 0.00 24.1480 5.0513 5.0513
24225 28.31 76.29 0.00 24.1480 5.0513 5.0513
24250 29.27 75.89 0.00 23.5667 5.7775 5.7775
24275 29.96 75.62 0.00 23.3970 5.2914 5.2914
24300 29.96 75.62 0.00 23.3970 5.2914 5.2914
24325 30.92 75.34 0.00 24.0469 4.6481 4.6481
24350 31.92 75.10 0.00 25.4649 3.4651 3.4651
24375 31.92 75.10 0.00 25.4649 3.4651 3.4651
24400 32.96 74.91 0.00 26.0868 2.2131 2.2131
24425 33.98 74.68 0.00 25.0982 1.7483 1.7483
24450 33.98 74.68 0.00 25.0982 1.7483 1.7483
24475 35.00 74.40 0.00 25.8657 3.0892 3.0892
24500 36.09 74.14 0.00 27.8863 3.2785 3.2785
24525 36.09 74.14 0.00 27.8863 3.2785 3.2785
24550 37.26 73.86 0.00 30.2325 2.6624 2.6624
24575 37.26 73.86 0.00 30.2325 2.6624 2.6624
24600 38.55 73.54 0.00 34.0351 3.1568 3.1568
24625 39.97 73.16 0.00 35.6006 4.4211 4.4211
24650 39.97 73.16 0.00 35.6006 4.4211 4.4211
24675 41.39 72.67 0.00 36.0544 5.7806 5.7806
24700 42.87 72.12 0.00 36.9452 7.0214 7.0214
24725 42.87 72.12 0.00 36.9452 7.0214 7.0214
24750 44.43 71.48 0.00 40.2750 8.8661 8.8661
24775 46.11 70.81 0.00 43.3066 7.9320 7.9320
24800 46.11 70.81 0.00 43.3066 7.9320 7.9320
24825 47.85 70.20 0.00 43.3836 8.0501 8.0501
24850 49.49 69.67 0.00 38.5021 9.1386 9.1386
24875 50.89 69.15 0.00 33.1316 10.9285 10.9285
24900 50.89 69.15 0.00 33.1316 10.9285 10.9285
24925 52.16 68.64 0.00 30.4188 12.8477 12.8477
24950 53.30 68.20 0.00 27.5044 12.9410 12.9410
24975 53.30 68.20 0.00 27.5044 12.9410 12.9410
25000 54.35 67.73 0.00 24.7881 12.9268 12.9268
25025 54.35 67.73 0.00 24.7881 12.9268 12.9268
25050 55.26 67.28 0.00 22.0835 13.0312 13.0312
25075 56.10 66.91 0.00 20.6279 12.4628 12.4628
25100 56.10 66.91 0.00 20.6279 12.4628 12.4628
25125 56.90 66.62 0.00 20.0779 9.6602 9.6602
25150 57.71 66.36 0.00 19.8218 8.5027 8.5027
25175 57.71 66.36 0.00 19.8218 8.5027 8.5027
25200 58.47 66.08 0.00 18.2025 7.9479 7.9479
25225 59.14 65.80 0.00 15.5812 7.3014 7.3014
25250 59.14 65.80 0.00 15.5812 7.3014 7.3014
25275 59.70 65.53 0.00 13.4300 7.1771 7.1771
25300 60.07 65.34 0.00 12.0937 7.1215 7.1215
25325 60.07 65.34 0.00 12.0937 7.1215 7.1215
25350 60.51 65.04 0.00 10.6625 7.0774 7.0774
25375 60.95 64.78 0.00 10.8955 7.0554 7.0554
25400 60.95 64.78 0.00 10.8955 7.0554 7.0554
25425 61.41 64.50 0.00 11.6098 6.5419 6.5419
25450 61.85 64.23 0.00 11.1334 5.5259 5.5259
25475 61.85 64.23 0.00 11.1334 5.5259 5.5259
25500 62.30 64.02 0.00 10.9115 6.5729 6.5729
25525 62.72 63.72 0.00 10.5687 7.1876 7.1876
25550 62.72 63.72 0.00 10.5687 7.1876 7.1876
25575 63.13 63.42 0.00 9.4255 7.2656 7.2656
25600 63.47 63.14 0.00 7.8964 6.5363 6.5363
25625 63.47 63.14 0.00 7.8964 6.5363 6.5363
25650 63.75 62.84 0.00 6.9136 7.4400 7.4400
25675 64.02 62.48 0.00 6.9633 7.8028 7.8028
25700 64.02 62.48 0.00 6.9633 7.8028 7.8028
25725 64.32 62.13 0.00 7.1339 7.1638 7.1638
25750 64.62 61.76 0.00 8.0355 7.2886 7.2886
25775 64.62 61.76 0.00 8.0355 7.2886 7.2886
25800 64.96 61.38 0.00 9.1085 6.4002 6.4002
25825 64.96 61.38 0.00 9.1085 6.4002 6.4002
25850 65.36 60.97 0.00 9.5897 6.0521 6.0521
25875 65.73 60.51 0.00 9.7482 6.7834 6.7834
25900 66.12 60.15 0.00 9.4972 6.3919 6.3919
25925 66.12 60.15 0.00 9.4972 6.3919 6.3919
25950 66.50 59.88 0.00 9.5190 6.7614 6.7614
25975 66.86 59.53 0.00 8.8381 6.1584 6.1584
26000 66.86 59.53 0.00 8.8381 6.1584 6.1584
26025 67.26 59.15 0.00 10.2253 6.8694 6.8694
26050 67.67 58.90 0.00 10.9531 5.4712 5.4712
26075 67.67 58.90 0.00 10.9531 5.4712 5.4712
26100 68.14 58.71 0.00 11.5271 4.1793 4.1793
26125 68.46 58.55 0.00 11.2871 3.9379 3.9379
26150 68.46 58.55 0.00 11.2871 3.9379 3.9379
26175 68.90 58.35 0.00 10.2076 3.7731 3.7731
26200 69.28 58.16 0.00 8.7455 3.9718 3.9718
26225 69.28 58.16 0.00 8.7455 3.9718 3.9718
26250 69.60 58.00 0.00 8.5035 4.1828 4.1828
26275 69.60 58.00 0.00 8.5035 4.1828 4.1828
26300 69.95 57.81 0.00 8.6904 4.3606 4.3606
26325 70.31 57.58 0.00 9.2734 3.9836 3.9836
26350 70.69 57.43 0.00 8.9894 2.3621 2.3621
26375 70.69 57.43 0.00 8.9894 2.3621 2.3621
26400 71.00 57.26 0.00 7.5516 2.1871 2.1871
26425 71.29 57.09 0.00 6.5954 3.3621 3.3621
26450 71.29 57.09 0.00 6.5954 3.3621 3.3621
26475 71.53 56.96 0.00 5.9478 4.0955 4.0955
26500 71.53 56.96 0.00 5.9478 4.0955 4.0955
26525 71.77 56.78 0.00 6.2027 4.5716 4.5716
26550 72.02 56.56 0.00 6.4260 3.2630 3.2630
26575 72.02 56.56 0.00 6.4260 3.2630 3.2630
26600 72.30 56.25 0.00 6.6461 3.5013 3.5013
26625 72.57 55.90 0.00 7.1571 2.7681 2.7681
26650 72.57 55.90 0.00 7.1571 2.7681 2.7681
26675 72.85 55.51 0.00 6.4825 0.7477 0.7477
26700 73.07 55.17 0.00 4.9668 0.1035 0.1035
26725 73.07 55.17 0.00 4.9668 0.1035 0.1035
26750 73.25 54.82 0.00 4.1873 1.4537 1.4537
26775 73.36 54.54 0.00 3.8161 1.6811 1.6811
26800 73.36 54.54 0.00 3.8161 1.6811 1.6811
26825 73.53 54.14 0.00 3.8055 1.8593 1.8593
26850 73.66 53.70 0.00 2.7474 1.7169 1.7169
26875 73.66 53.70 0.00 2.7474 1.7169 1.7169
26900 73.69 53.28 0.00 0.1618 1.1807 1.1807
26925 73.60 52.79 0.00 -3.2582 0.0618 0.0618
26950 73.60 52.79 0.00 -3.2582 0.0618 0.0618
26975 73.51 52.50 0.00 -3.1471 1.1085 1.1085
27000 73.40 52.18 0.00 -2.5531 0.1589 0.1589
27025 73.40 52.18 0.00 -2.5531 0.1589 0.1589
27050 73.33 51.87 0.00 -1.0129 -0.3713 -0.3713
27075 73.31 51.58 0.00 -0.0909 -0.4191 -0.4191
27100 73.31 51.58 0.00 -0.0909 -0.4191 -0.4191
27125 73.33 51.27 0.00 0.2251 0.4230 0.4230
27150 73.34 50.98 0.00 0.4934 0.3364 0.3364
27175 73.34 50.98 0.00 0.4934 0.3364 0.3364
27200 73.36 50.85 0.00 1.1369 -0.6209 -0.6209
27225 73.40 50.79 0.00 0.3868 -1.1946 -1.1946
27250 73.40 50.79 0.00 0.3868 -1.1946 -1.1946
27275 73.38 50.72 0.00 -0.7639 -1.8357 -1.8357
27300 73.38 50.72 0.00 -0.7639 -1.8357 -1.8357
27325 73.34 50.67 0.00 -1.2695 -1.8994 -1.8994
27350 73.31 50.67 0.00 -0.6470 -1.3242 -1.3242
27375 73.29 50.65 0.00 -0.0361 -0.7001 -0.7001
27400 73.29 50.65 0.00 -0.0361 -0.7001 -0.7001
27425 73.31 50.63 0.00 0.4764 -0.1800 -0.1800
27450 73.33 50.67 0.00 0.1257 -0.4468 -0.4468
27475 73.33 50.67 0.00 0.1257 -0.4468 -0.4468
27500 73.29 50.76 0.00 -1.2236 -1.0030 -1.0030
27525 73.22 50.78 0.00 -2.5282 -1.1464 -1.1464
27550 73.22 50.78 0.00 -2.5282 -1.1464 -1.1464
27575 73.09 50.75 0.00 -3.4925 -1.2574 -1.2574
27600 73.09 50.75 0.00 -3.4925 -1.2574 -1.2574
27625 72.96 50.68 0.00 -3.2094 -0.7977 -0.7977
27650 72.85 50.55 0.00 -2.6807 -0.7643 -0.7643
27675 72.76 50.45 0.00 -2.1432 -0.8444 -0.8444
27700 72.76 50.45 0.00 -2.1432 -0.8444 -0.8444
27725 72.65 50.32 0.00 -3.0434 -1.0550 -1.0550
27750 72.65 50.32 0.00 -3.0434 -1.0550 -1.0550
27775 72.48 50.07 0.00 -4.7124 0.5298 0.5298
27800 72.32 49.80 0.00 -5.6855 0.8754 0.8754
27825 72.32 49.80 0.00 -5.6855 0.8754 0.8754
27850 72.08 49.26 0.00 -6.3709 0.3888 0.3888
27875 71.80 48.69 0.00 -7.2523 -0.1616 -0.1616
27900 71.80 48.69 0.00 -7.2523 -0.1616 -0.1616
27925 71.49 48.11 0.00 -7.9170 0.3425 0.3425
27950 71.16 47.53 0.00 -8.2257 0.8764 0.8764
27975 71.16 47.53 0.00 -8.2257 0.8764 0.8764
28000 70.82 47.03 0.00 -9.2737 -0.4658 -0.4658
28025 70.44 46.57 0.00 -9.6809 -0.4730 -0.4730
28050 70.44 46.57 0.00 -9.6809 -0.4730 -0.4730
28075 70.04 46.12 0.00 -10.3142 -1.8153 -1.8153
28100 69.56 45.69 0.00 -12.1574 -4.1152 -4.1152
28125 69.56 45.69 0.00 -12.1574 -4.1152 -4.1152
28150 69.04 45.25 0.00 -14.2460 -3.8994 -3.8994
28175 68.43 44.81 0.00 -15.4573 -2.8378 -2.8378
28200 68.43 44.81 0.00 -15.4573 -2.8378 -2.8378
28225 67.83 44.32 0.00 -14.5807 -2.4466 -2.4466
28250 67.29 43.76 0.00 -13.1466 -2.4112 -2.4112
28275 67.29 43.76 0.00 -13.1466 -2.4112 -2.4112
28300 66.79 43.13 0.00 -12.1071 -1.9953 -1.9953
28325 66.34 42.48 0.00 -10.7157 -1.1709 -1.1709
28350 66.34 42.48 0.00 -10.7157 -1.1709 -1.1709
28375 65.93 41.86 0.00 -9.5438 -0.8173 -0.8173
28400 65.57 41.19 0.00 -8.6583 -0.2844 -0.2844
28425 65.57 41.19 0.00 -8.6583 -0.2844 -0.2844
28450 65.23 40.49 0.00 -8.8151 0.0740 0.0740
28475 64.86 39.73 0.00 -9.3185 0.7485 0.7485
28500 64.86 39.73 0.00 -9.3185 0.7485 0.7485
28525 64.57 39.14 0.00 -9.9471 0.6514 0.6514
28550 64.16 38.40 0.00 -10.5563 -0.1110 -0.1110
28575 64.16 38.40 0.00 -10.5563 -0.1110 -0.1110
28600 63.77 37.74 0.00 -9.0274 -0.2226 -0.2226
28625 63.47 37.16 0.00 -6.8021 -0.5388 -0.5388
28650 63.47 37.16 0.00 -6.8021 -0.5388 -0.5388
28675 63.22 36.62 0.00 -6.1882 -1.5308 -1.5308
28700 62.93 36.04 0.00 -7.1836 -1.4382 -1.4382
28725 62.93 36.04 0.00 -7.1836 -1.4382 -1.4382
28750 62.65 35.59 0.00 -7.3805 -1.0108 -1.0108
28775 62.65 35.59 0.00 -7.3805 -1.0108 -1.0108
28800 62.37 35.18 0.00 -7.0612 -0.5437 -0.5437
28825 62.07 34.73 0.00 -7.7325 -1.5687 -1.5687
28850 62.07 34.73 0.00 -7.7325 -1.5687 -1.5687
28875 61.75 34.37 0.00 -7.8024 -0.9705 -0.9705
28900 61.38 34.14 0.00 -10.3237 -1.8458 -1.8458
28925 61.38 34.14 0.00 -10.3237 -1.8458 -1.8458
28950 60.93 33.96 0.00 -11.1141 -1.5703 -1.5703
28975 60.49 33.84 0.00 -11.1627 -1.6285 -1.6285
29000 60.49 33.84 0.00 -11.1627 -1.6285 -1.6285
29025 60.07 33.64 0.00 -10.5279 -1.4648 -1.4648
29050 59.65 33.40 0.00 -10.5395 -2.2375 -2.2375
29075 59.65 33.40 0.00 -10.5395 -2.2375 -2.2375
29100 59.21 33.13 0.00 -10.8820 -2.1473 -2.1473
29125 58.75 32.81 0.00 -12.6520 -3.0810 -3.0810
29150 58.75 32.81 0.00 -12.6520 -3.0810 -3.0810
29175 58.20 32.42 0.00 -13.6386 -2.9541 -2.9541
29200 57.66 32.03 0.00 -13.5026 -2.6201 -2.6201
29225 57.66 32.03 0.00 -13.5026 -2.6201 -2.6201
29250 57.15 31.53 0.00 -12.2403 -1.9303 -1.9303
29275 56.69 30.92 0.00 -10.9291 -1.2756 -1.2756
29300 56.69 30.92 0.00 -10.9291 -1.2756 -1.2756
29325 56.29 30.24 0.00 -9.3776 -1.2711 -1.2711
29350 55.96 29.54 0.00 -7.6458 -1.3414 -1.3414
29375 55.96 29.54 0.00 -7.6458 -1.3414 -1.3414
29400 55.68 28.85 0.00 -6.8026 -1.6698 -1.6698
29425 55.42 28.30 0.00 -6.4301 -1.7232 -1.7232
29450 55.42 28.30 0.00 -6.4301 -1.7232 -1.7232
29475 55.24 27.97 0.00 -6.1258 -2.0905 -2.0905
29500 55.24 27.97 0.00 -6.1258 -2.0905 -2.0905
29525 55.01 27.55 0.00 -4.9447 -2.2821 -2.2821
29550 54.86 27.24 0.00 -3.8579 -1.7748 -1.7748
29575 54.86 27.24 0.00 -3.8579 -1.7748 -1.7748
29600 54.68 27.10 0.00 -4.5105 -2.5863 -2.5863
29625 54.52 27.00 0.00 -3.5975 -2.2442 -2.2442
29650 54.52 27.00 0.00 -3.5975 -2.2442 -2.2442
29675 54.38 26.92 0.00 -3.3159 -2.4488 -2.4488
29700 54.26 26.95 0.00 -3.0847 -2.3609 -2.3609
29725 54.26 26.95 0.00 -3.0847 -2.3609 -2.3609
29750 54.12 27.13 0.00 -4.0618 -3.3282 -3.3282
29775 53.95 27.31 0.00 -4.3068 -2.6950 -2.6950
29800 53.95 27.31 0.00 -4.3068 -2.6950 -2.6950
29825 53.74 27.59 0.00 -6.0495 -3.6341 -3.6341
29850 53.44 27.94 0.00 -8.3784 -3.9940 -3.9940
29875 53.44 27.94 0.00 -8.3784 -3.9940 -3.9940
29900 53.06 28.30 0.00 -10.3432 -3.6425 -3.6425
29925 52.60 28.58 0.00 -11.6623 -3.2233 -3.2233
29950 52.60 28.58 0.00 -11.6623 -3.2233 -3.2233
29975 52.11 28.76 0.00 -12.6877 -4.2184 -4.2184
30000 51.57 28.99 0.00 -14.1318 -5.2914 -5.2914
30025 51.57 28.99 0.00 -14.1318 -5.2914 -5.2914
30050 50.98 29.19 0.00 -15.2850 -5.5892 -5.5892
30075 50.35 29.33 0.00 -16.1857 -6.3259 -6.3259
30100 50.35 29.33 0.00 -16.1857 -6.3259 -6.3259
30125 49.70 29.48 0.00 -16.0720 -6.2264 -6.2264
30150 49.09 29.54 0.00 -14.7321 -6.2212 -6.2212
30175 49.09 29.54 0.00 -14.7321 -6.2212 -6.2212
30200 48.55 29.64 0.00 -12.1551 -5.9902 -5.9902
30225 48.13 29.71 0.00 -10.0061 -5.7227 -5.7227
30250 48.13 29.71 0.00 -10.0061 -5.7227 -5.7227
30275 47.75 29.81 0.00 -9.0845 -5.7586 -5.7586
30300 47.75 29.81 0.00 -9.0845 -5.7586 -5.7586
30325 47.49 29.96 0.00 -8.9426 -5.7099 -5.7099
30350 47.10 30.20 0.00 -9.7450 -5.6080 -5.6080
30375 46.70 30.45 0.00 -9.9620 -5.0635 -5.0635
30400 46.70 30.45 0.00 -9.9620 -5.0635 -5.0635
30425 46.32 30.72 0.00 -9.8161 -4.4552 -4.4552
30450 45.91 31.04 0.00 -9.9014 -5.2345 -5.2345
30475 45.91 31.04 0.00 -9.9014 -5.2345 -5.2345
30500 45.55 31.49 0.00 -9.1413 -4.7632 -4.7632
30525 45.55 31.49 0.00 -9.1413 -4.7632 -4.7632
30550 45.20 31.95 0.00 -8.5517 -4.6212 -4.6212
30575 44.88 32.43 0.00 -7.0588 -3.7574 -3.7574
30600 44.64 32.93 0.00 -5.9654 -3.6588 -3.6588
30625 44.64 32.93 0.00 -5.9654 -3.6588 -3.6588
30650 44.41 33.50 0.00 -5.2639 -3.8133 -3.8133
30675 44.22 33.98 0.00 -4.3947 -3.4614 -3.4614
30700 44.22 33.98 0.00 -4.3947 -3.4614 -3.4614
30725 44.08 34.34 0.00 -2.5463 -2.0524 -2.0524
30750 44.08 34.34 0.00 -2.5463 -2.0524 -2.0524
30775 44.04 34.69 0.00 -0.8099 -1.8634 -1.8634
30800 44.01 35.09 0.00 -0.7344 -2.2818 -2.2818
30825 44.01 35.09 0.00 -0.7344 -2.2818 -2.2818
30850 43.99 35.49 0.00 -0.0032 -1.6011 -1.6011
30875 44.04 35.83 0.00 2.0304 -0.7445 -0.7445
30900 44.04 35.83 0.00 2.0304 -0.7445 -0.7445
30925 44.16 36.10 0.00 3.8155 -0.3485 -0.3485
30950 44.36 36.33 0.00 5.2064 0.1525 0.1525
30975 44.36 36.33 0.00 5.2064 0.1525 0.1525
31000 44.58 36.60 0.00 6.3545 0.6071 0.6071
31025 44.86 36.81 0.00 7.3116 0.6378 0.6378
31050 44.86 36.81 0.00 7.3116 0.6378 0.6378
31075 45.16 36.98 0.00 7.4364 1.2182 1.2182
31100 45.48 37.27 0.00 8.5838 1.9603 1.9603
31125 45.76 37.46 0.00 9.3832 1.7967 1.7967
31150 45.76 37.46 0.00 9.3832 1.7967 1.7967
31175 46.18 37.75 0.00 10.7372 1.8876 1.8876
31200 46.18 37.75 0.00 10.7372 1.8876 1.8876
31225 46.61 38.04 0.00 11.1866 2.2399 2.2399
31250 47.03 38.32 0.00 10.1724 1.9056 1.9056
31275 47.03 38.32 0.00 10.1724 1.9056 1.9056
31300 47.42 38.66 0.00 8.9635 1.5602 1.5602
31325 47.75 39.00 0.00 7.8051 1.5887 1.5887
31350 47.75 39.00 0.00 7.8051 1.5887 1.5887
31375 48.04 39.36 0.00 7.4495 1.4032 1.4032
31400 48.34 39.77 0.00 7.2928 0.6587 0.6587
31425 48.34 39.77 0.00 7.2928 0.6587 0.6587
31450 48.64 40.14 0.00 7.0565 0.6299 0.6299
31475 48.92 40.57 0.00 6.6983 0.5217 0.5217
31500 48.92 40.57 0.00 6.6983 0.5217 0.5217
31525 49.16 41.09 0.00 6.2157 -0.1382 -0.1382
31550 49.16 41.09 0.00 6.2157 -0.1382 -0.1382
31575 49.41 41.66 0.00 6.2668 -0.3756 -0.3756
31600 49.67 42.36 0.00 6.8105 -1.3988 -1.3988
31625 49.93 43.18 0.00 5.8858 -3.0867 -3.0867
31650 49.93 43.18 0.00 5.8858 -3.0867 -3.0867
31675 50.12 44.04 0.00 4.6038 -4.8477 -4.8477
31700 50.12 44.04 0.00 4.6038 -4.8477 -4.8477
31725 50.33 44.97 0.00 5.3645 -2.6141 -2.6141
31750 50.56 46.10 0.00 5.4887 -3.2923 -3.2923
31775 50.56 46.10 0.00 5.4887 -3.2923 -3.2923
31800 50.79 47.34 0.00 5.8559 -3.0689 -3.0689
31825 51.01 48.49 0.00 5.7712 -2.4162 -2.4162
31850 51.01 48.49 0.00 5.7712 -2.4162 -2.4162
31875 51.24 49.48 0.00 5.9675 -2.6529 -2.6529
31900 51.45 50.37 0.00 3.9931 -1.9680 -1.9680
31925 51.45 50.37 0.00 3.9931 -1.9680 -1.9680
