%#        Time[ms]        X[pixel],        Y[pixel],        Z[pixel],  dX/dt[pixel/s],  dY/dt[pixel/s],  dZ/dt[pixel/s] 
0 50.00 50.00 0.00 -0.4545 -0.7561 -0.7561
25 49.98 50.00 0.00 -0.5636 -0.6612 -0.6612
50 49.95 49.96 0.00 -0.4566 -0.6656 -0.6656
75 49.95 49.93 0.00 -0.3365 0.0262 0.0262
100 49.95 49.93 0.00 -0.3365 0.0262 0.0262
125 49.93 49.86 0.00 -0.0721 -0.1968 -0.1968
150 49.93 49.80 0.00 -0.0641 -0.6115 -0.6115
175 49.93 49.80 0.00 -0.0641 -0.6115 -0.6115
200 49.93 49.80 0.00 0.1052 0.6229 0.6229
225 49.93 49.80 0.00 0.1052 0.6229 0.6229
250 49.93 49.84 0.00 0.0382 0.1095 0.1095
275 49.93 49.82 0.00 -0.2082 -0.1992 -0.1992
300 49.91 49.80 0.00 -0.5208 -0.2088 -0.2088
325 49.91 49.80 0.00 -0.5208 -0.2088 -0.2088
350 49.90 49.77 0.00 -0.6611 0.1937 0.1937
375 49.79 49.70 0.00 -4.2303 -0.2743 -0.2743
400 49.79 49.70 0.00 -4.2303 -0.2743 -0.2743
425 49.49 49.57 0.00 -8.7759 2.7578 2.7578
450 49.49 49.57 0.00 -8.7759 2.7578 2.7578
475 49.14 49.52 0.00 -8.4972 1.6347 1.6347
500 48.81 49.52 0.00 -8.4624 1.3249 1.3249
525 48.81 49.52 0.00 -8.4624 1.3249 1.3249
550 48.41 49.46 0.00 -10.9255 1.6249 1.6249
575 47.96 49.43 0.00 -11.2120 0.9735 0.9735
600 47.96 49.43 0.00 -11.2120 0.9735 0.9735
625 47.54 49.39 0.00 -10.0815 -0.2514 -0.2514
650 47.17 49.35 0.00 -9.2805 -1.1538 -1.1538
675 47.17 49.35 0.00 -9.2805 -1.1538 -1.1538
700 46.77 49.30 0.00 -10.3236 -1.1650 -1.1650
725 46.33 49.26 0.00 -11.3353 -0.6588 -0.6588
750 46.33 49.26 0.00 -11.3353 -0.6588 -0.6588
775 45.88 49.22 0.00 -11.2403 0.0314 0.0314
800 45.44 49.16 0.00 -11.0417 0.2108 0.2108
825 45.44 49.16 0.00 -11.0417 0.2108 0.2108
850 44.95 49.09 0.00 -12.5317 0.5443 0.5443
875 44.44 49.01 0.00 -12.8051 0.7587 0.7587
900 44.44 49.01 0.00 -12.8051 0.7587 0.7587
925 43.94 48.94 0.00 -12.6532 0.9792 0.9792
950 43.94 48.94 0.00 -12.6532 0.9792 0.9792
975 43.45 48.84 0.00 -12.1687 0.8508 0.8508
1000 43.10 48.73 0.00 -11.6686 0.1340 0.1340
1025 42.66 48.60 0.00 -10.3151 0.0450 0.0450
1050 42.66 48.60 0.00 -10.3151 0.0450 0.0450
1075 42.29 48.47 0.00 -8.3226 -0.4749 -0.4749
1100 42.29 48.47 0.00 -8.3226 -0.4749 -0.4749
1125 41.97 48.33 0.00 -8.1760 -1.9057 -1.9057
1150 41.62 48.12 0.00 -8.7269 -1.7106 -1.7106
1175 41.27 47.96 0.00 -9.0278 -1.0423 -1.0423
1200 41.27 47.96 0.00 -9.0278 -1.0423 -1.0423
1225 40.86 47.77 0.00 -11.2304 -0.2801 -0.2801
1250 40.37 47.55 0.00 -12.5289 -0.2218 -0.2218
1275 40.37 47.55 0.00 -12.5289 -0.2218 -0.2218
1300 39.86 47.32 0.00 -12.9098 1.3107 1.3107
1325 39.33 47.12 0.00 -13.9126 0.9172 0.9172
1350 39.33 47.12 0.00 -13.9126 0.9172 0.9172
1375 38.75 46.92 0.00 -14.8517 0.1198 0.1198
1400 38.75 46.92 0.00 -14.8517 0.1198 0.1198
1425 38.15 46.68 0.00 -15.4965 0.2042 0.2042
1450 37.53 46.43 0.00 -15.0728 -0.0686 -0.0686
1475 36.92 46.20 0.00 -14.9558 -0.7480 -0.7480
1500 36.92 46.20 0.00 -14.9558 -0.7480 -0.7480
1525 36.32 45.95 0.00 -15.0331 -1.3718 -1.3718
1550 35.73 45.69 0.00 -14.5247 -1.7304 -1.7304
1575 35.73 45.69 0.00 -14.5247 -1.7304 -1.7304
1600 35.18 45.42 0.00 -13.1889 -2.4175 -2.4175
1625 35.18 45.42 0.00 -13.1889 -2.4175 -2.4175
1650 34.70 45.19 0.00 -11.4409 -2.3061 -2.3061
1675 34.27 44.91 0.00 -10.7948 -2.0570 -2.0570
1700 34.27 44.91 0.00 -10.7948 -2.0570 -2.0570
1725 33.86 44.64 0.00 -9.5916 -1.7474 -1.7474
1750 33.52 44.44 0.00 -8.0025 -2.0042 -2.0042
1775 33.52 44.44 0.00 -8.0025 -2.0042 -2.0042
1800 33.25 44.27 0.00 -5.8837 -1.8543 -1.8543
1825 33.05 44.10 0.00 -3.8236 -1.6681 -1.6681
1850 33.05 44.10 0.00 -3.8236 -1.6681 -1.6681
1875 32.94 43.93 0.00 -2.5842 -1.5143 -1.5143
1900 32.87 43.78 0.00 -1.3002 -0.7322 -0.7322
1925 32.87 43.78 0.00 -1.3002 -0.7322 -0.7322
1950 32.83 43.68 0.00 -1.3339 -0.1996 -0.1996
1975 32.74 43.53 0.00 -2.7251 -0.6539 -0.6539
2000 32.74 43.53 0.00 -2.7251 -0.6539 -0.6539
2025 32.62 43.40 0.00 -2.9884 -0.5061 -0.5061
2050 32.49 43.25 0.00 -2.9961 -0.4121 -0.4121
2075 32.49 43.25 0.00 -2.9961 -0.4121 -0.4121
2100 32.39 43.10 0.00 -3.2078 -0.0387 -0.0387
2125 32.39 43.10 0.00 -3.2078 -0.0387 -0.0387
2150 32.26 42.89 0.00 -2.8053 -0.0623 -0.0623
2175 32.15 42.70 0.00 -2.3443 0.7638 0.7638
2200 32.15 42.70 0.00 -2.3443 0.7638 0.7638
2225 32.04 42.47 0.00 -3.4122 0.7695 0.7695
2250 31.86 42.34 0.00 -4.5170 0.7909 0.7909
2275 31.68 42.16 0.00 -5.0713 0.9884 0.9884
2300 31.68 42.16 0.00 -5.0713 0.9884 0.9884
2325 31.47 41.95 0.00 -5.5355 0.9907 0.9907
2350 31.47 41.95 0.00 -5.5355 0.9907 0.9907
2375 31.21 41.75 0.00 -6.4587 0.7019 0.7019
2400 30.94 41.52 0.00 -7.0714 0.2444 0.2444
2425 30.94 41.52 0.00 -7.0714 0.2444 0.2444
2450 30.67 41.30 0.00 -6.8165 -0.3714 -0.3714
2475 30.42 41.10 0.00 -5.4283 -1.0050 -1.0050
2500 30.42 41.10 0.00 -5.4283 -1.0050 -1.0050
2525 30.22 40.91 0.00 -4.8711 -0.7571 -0.7571
2550 30.04 40.71 0.00 -4.5459 -0.5667 -0.5667
2575 30.04 40.71 0.00 -4.5459 -0.5667 -0.5667
2600 29.85 40.52 0.00 -4.2229 -0.6546 -0.6546
2625 29.73 40.34 0.00 -3.4021 -1.0008 -1.0008
2650 29.73 40.34 0.00 -3.4021 -1.0008 -1.0008
2675 29.60 40.17 0.00 -3.1923 -1.2660 -1.2660
2700 29.47 40.01 0.00 -2.7627 -1.1696 -1.1696
2725 29.47 40.01 0.00 -2.7627 -1.1696 -1.1696
2750 29.38 39.87 0.00 -1.8606 -1.0946 -1.0946
2775 29.35 39.74 0.00 -0.9861 -0.5623 -0.5623
2800 29.35 39.74 0.00 -0.9861 -0.5623 -0.5623
2825 29.33 39.53 0.00 -0.4104 -0.3648 -0.3648
2850 29.31 39.36 0.00 -0.5040 1.0099 1.0099
2875 29.31 39.36 0.00 -0.5040 1.0099 1.0099
2900 29.27 39.19 0.00 -1.4759 -0.0064 -0.0064
2925 29.20 38.98 0.00 -2.0719 0.2452 0.2452
2950 29.20 38.98 0.00 -2.0719 0.2452 0.2452
2975 29.11 38.77 0.00 -2.0098 0.4770 0.4770
3000 29.11 38.77 0.00 -2.0098 0.4770 0.4770
3025 29.04 38.55 0.00 -1.8215 0.1370 0.1370
3050 28.93 38.34 0.00 -3.0485 -0.9797 -0.9797
3075 28.93 38.34 0.00 -3.0485 -0.9797 -0.9797
3100 28.84 38.09 0.00 -1.5786 0.8779 0.8779
3125 28.76 37.86 0.00 -1.7909 -0.0291 -0.0291
3150 28.76 37.86 0.00 -1.7909 -0.0291 -0.0291
3175 28.69 37.66 0.00 -2.0636 -0.3103 -0.3103
3200 28.60 37.48 0.00 -2.2376 0.3706 0.3706
3225 28.60 37.48 0.00 -2.2376 0.3706 0.3706
3250 28.53 37.27 0.00 -1.3878 -0.0073 -0.0073
3275 28.51 37.08 0.00 -0.1729 -0.1957 -0.1957
3300 28.51 37.08 0.00 -0.1729 -0.1957 -0.1957
3325 28.53 36.91 0.00 0.5463 -0.4457 -0.4457
3350 28.54 36.74 0.00 0.4864 -1.0231 -1.0231
3375 28.54 36.74 0.00 0.4864 -1.0231 -1.0231
3400 28.56 36.58 0.00 0.8664 -0.5415 -0.5415
3425 28.62 36.45 0.00 1.5205 0.0997 0.0997
3450 28.62 36.45 0.00 1.5205 0.0997 0.0997
3475 28.71 36.31 0.00 2.5137 0.7037 0.7037
3500 28.84 36.14 0.00 3.4796 1.1640 1.1640
3525 28.84 36.14 0.00 3.4796 1.1640 1.1640
3550 28.98 36.00 0.00 3.8996 0.9898 0.9898
3575 28.98 36.00 0.00 3.8996 0.9898 0.9898
3600 29.09 35.87 0.00 3.7059 1.0033 1.0033
3625 29.24 35.74 0.00 3.2708 1.3282 1.3282
3650 29.36 35.63 0.00 2.7841 1.5011 1.5011
3675 29.36 35.63 0.00 2.7841 1.5011 1.5011
3700 29.45 35.48 0.00 2.6712 0.9119 0.9119
3725 29.58 35.40 0.00 3.2037 1.0046 1.0046
3750 29.58 35.40 0.00 3.2037 1.0046 1.0046
3775 29.73 35.37 0.00 3.8625 1.7768 1.7768
3800 29.87 35.33 0.00 3.2095 0.5327 0.5327
3825 29.87 35.33 0.00 3.2095 0.5327 0.5327
3850 29.98 35.30 0.00 2.6986 0.3293 0.3293
3875 30.09 35.23 0.00 2.4311 0.5100 0.5100
3900 30.09 35.23 0.00 2.4311 0.5100 0.5100
3925 30.18 35.22 0.00 2.3932 1.2776 1.2776
3950 30.27 35.20 0.00 2.4497 0.8541 0.8541
3975 30.27 35.20 0.00 2.4497 0.8541 0.8541
4000 30.42 35.15 0.00 4.0225 2.5012 2.5012
4025 30.42 35.15 0.00 4.0225 2.5012 2.5012
4050 30.58 35.16 0.00 4.2734 1.6052 1.6052
4075 30.78 35.21 0.00 5.9282 1.9075 1.9075
4100 31.09 35.27 0.00 8.3987 1.8457 1.8457
4125 31.09 35.27 0.00 8.3987 1.8457 1.8457
4150 31.43 35.25 0.00 8.4478 1.5615 1.5615
4175 31.72 35.20 0.00 6.7343 2.0251 2.0251
4200 31.72 35.20 0.00 6.7343 2.0251 2.0251
4225 31.95 35.14 0.00 5.4835 2.3195 2.3195
4250 32.17 35.05 0.00 5.3868 1.9628 1.9628
4275 32.17 35.05 0.00 5.3868 1.9628 1.9628
4300 32.42 34.97 0.00 6.3564 1.6985 1.6985
4325 32.42 34.97 0.00 6.3564 1.6985 1.6985
4350 32.71 34.91 0.00 7.9813 1.3381 1.3381
4375 33.07 34.85 0.00 9.1556 0.9216 0.9216
4400 33.07 34.85 0.00 9.1556 0.9216 0.9216
4425 33.34 34.78 0.00 9.6285 1.5205 1.5205
4450 33.73 34.69 0.00 9.8485 1.7356 1.7356
4475 33.73 34.69 0.00 9.8485 1.7356 1.7356
4500 34.13 34.63 0.00 9.8188 2.6066 2.6066
4525 34.52 34.57 0.00 9.4172 2.5660 2.5660
4550 34.52 34.57 0.00 9.4172 2.5660 2.5660
4575 34.88 34.55 0.00 8.9752 2.5287 2.5287
4600 35.25 34.58 0.00 9.3047 2.8507 2.8507
4625 35.25 34.58 0.00 9.3047 2.8507 2.8507
4650 35.61 34.58 0.00 9.2174 2.0968 2.0968
4675 36.00 34.61 0.00 9.7129 3.3981 3.3981
4700 36.00 34.61 0.00 9.7129 3.3981 3.3981
4725 36.36 34.65 0.00 8.2066 2.5089 2.5089
4750 36.36 34.65 0.00 8.2066 2.5089 2.5089
4775 36.64 34.66 0.00 7.0898 1.7523 1.7523
4800 36.92 34.67 0.00 6.7746 1.8819 1.8819
4825 36.92 34.67 0.00 6.7746 1.8819 1.8819
4850 37.21 34.72 0.00 7.2989 2.3294 2.3294
4875 37.49 34.75 0.00 6.7495 1.5917 1.5917
4900 37.77 34.76 0.00 7.4904 2.7876 2.7876
4925 37.77 34.76 0.00 7.4904 2.7876 2.7876
4950 38.08 34.79 0.00 7.9791 3.2666 3.2666
4975 38.39 34.84 0.00 7.8013 2.1854 2.1854
5000 38.39 34.84 0.00 7.8013 2.1854 2.1854
5025 38.69 34.89 0.00 7.2116 2.0236 2.0236
5050 38.69 34.89 0.00 7.2116 2.0236 2.0236
5075 38.94 34.87 0.00 6.2498 2.9556 2.9556
5100 39.19 34.88 0.00 5.7734 3.1164 3.1164
5125 39.19 34.88 0.00 5.7734 3.1164 3.1164
5150 39.44 34.91 0.00 6.7052 3.4313 3.4313
5175 39.74 34.96 0.00 7.9113 3.1041 3.1041
5200 39.74 34.96 0.00 7.9113 3.1041 3.1041
5225 40.09 35.00 0.00 9.6707 3.0013 3.0013
5250 40.41 35.07 0.00 10.8093 2.8551 2.8551
5275 40.41 35.07 0.00 10.8093 2.8551 2.8551
5300 40.85 35.18 0.00 10.8983 3.3061 3.3061
5325 41.27 35.28 0.00 10.2746 3.5470 3.5470
5350 41.27 35.28 0.00 10.2746 3.5470 3.5470
5375 41.67 35.41 0.00 10.3246 4.5136 4.5136
5400 42.08 35.57 0.00 9.9367 4.6512 4.6512
5425 42.46 35.76 0.00 9.5682 4.3650 4.3650
5450 42.46 35.76 0.00 9.5682 4.3650 4.3650
5475 42.83 35.96 0.00 9.1255 2.9084 2.9084
5500 42.83 35.96 0.00 9.1255 2.9084 2.9084
5525 43.22 36.21 0.00 9.5349 2.6160 2.6160
5550 43.60 36.41 0.00 9.8831 3.4154 3.4154
5575 43.60 36.41 0.00 9.8831 3.4154 3.4154
5600 43.99 36.59 0.00 9.3681 3.0190 3.0190
5625 44.34 36.80 0.00 8.2204 3.7165 3.7165
5650 44.34 36.80 0.00 8.2204 3.7165 3.7165
5675 44.62 36.97 0.00 6.4479 2.7273 2.7273
5700 44.86 37.16 0.00 5.8740 2.3138 2.3138
5725 44.86 37.16 0.00 5.8740 2.3138 2.3138
5750 45.11 37.32 0.00 5.9648 2.1565 2.1565
5775 45.35 37.49 0.00 6.7134 2.1753 2.1753
5800 45.35 37.49 0.00 6.7134 2.1753 2.1753
5825 45.63 37.64 0.00 6.7045 1.3258 1.3258
5850 45.93 37.77 0.00 7.7668 2.5609 2.5609
5875 45.93 37.77 0.00 7.7668 2.5609 2.5609
5900 46.26 37.93 0.00 8.4456 3.4705 3.4705
5925 46.58 38.12 0.00 7.8875 3.0129 3.0129
5950 46.58 38.12 0.00 7.8875 3.0129 3.0129
5975 46.89 38.29 0.00 7.2681 3.2871 3.2871
6000 46.89 38.29 0.00 7.2681 3.2871 3.2871
6025 47.17 38.46 0.00 7.1195 3.8475 3.8475
6050 47.45 38.63 0.00 6.8180 3.7109 3.7109
6075 47.45 38.63 0.00 6.8180 3.7109 3.7109
6100 47.64 38.74 0.00 6.4573 3.5670 3.5670
6125 47.91 38.91 0.00 6.4913 3.5268 3.5268
6150 48.17 39.09 0.00 7.0341 3.5512 3.5512
6175 48.17 39.09 0.00 7.0341 3.5512 3.5512
6200 48.46 39.28 0.00 7.0626 3.3102 3.3102
6225 48.46 39.28 0.00 7.0626 3.3102 3.3102
6250 48.74 39.45 0.00 7.2889 3.1550 3.1550
6275 49.04 39.63 0.00 7.2518 4.0124 4.0124
6300 49.04 39.63 0.00 7.2518 4.0124 4.0124
6325 49.34 39.80 0.00 7.7316 4.7165 4.7165
6350 49.67 40.01 0.00 8.6458 4.9121 4.9121
6375 49.67 40.01 0.00 8.6458 4.9121 4.9121
6400 50.03 40.26 0.00 9.5867 4.8287 4.8287
6425 50.45 40.52 0.00 11.0325 4.4020 4.4020
6450 50.45 40.52 0.00 11.0325 4.4020 4.4020
6475 50.93 40.80 0.00 12.3109 4.6910 4.6910
6500 51.43 41.02 0.00 12.6072 4.5524 4.5524
6525 51.43 41.02 0.00 12.6072 4.5524 4.5524
6550 51.94 41.22 0.00 12.8913 4.4321 4.4321
6575 52.48 41.47 0.00 13.8041 5.1437 5.1437
6600 52.48 41.47 0.00 13.8041 5.1437 5.1437
6625 53.04 41.78 0.00 14.3399 5.0733 5.0733
6650 53.61 42.09 0.00 14.1102 4.9069 4.9069
6675 53.61 42.09 0.00 14.1102 4.9069 4.9069
6700 54.19 42.36 0.00 14.3720 4.8195 4.8195
6725 54.79 42.64 0.00 15.3913 4.5200 4.5200
6750 54.79 42.64 0.00 15.3913 4.5200 4.5200
6775 55.43 42.97 0.00 16.3950 3.7386 3.7386
6800 56.08 43.19 0.00 16.7668 3.6517 3.6517
6825 56.08 43.19 0.00 16.7668 3.6517 3.6517
6850 56.78 43.46 0.00 17.3498 4.4528 4.4528
6875 56.78 43.46 0.00 17.3498 4.4528 4.4528
6900 57.29 43.74 0.00 16.7454 3.2551 3.2551
6925 57.94 44.13 0.00 15.9689 2.1428 2.1428
6950 58.56 44.56 0.00 15.6640 1.9009 1.9009
6975 58.56 44.56 0.00 15.6640 1.9009 1.9009
7000 59.19 44.93 0.00 15.4231 2.4472 2.4472
7025 59.19 44.93 0.00 15.4231 2.4472 2.4472
7050 59.79 45.27 0.00 14.7198 2.2033 2.2033
7075 60.40 45.64 0.00 16.1423 1.6069 1.6069
7100 61.06 45.99 0.00 16.7975 0.6030 0.6030
7125 61.06 45.99 0.00 16.7975 0.6030 0.6030
7150 61.76 46.37 0.00 17.9187 -0.4948 -0.4948
7175 61.76 46.37 0.00 17.9187 -0.4948 -0.4948
7200 62.51 46.83 0.00 19.1066 -1.1109 -1.1109
7225 63.27 47.24 0.00 18.6576 -1.8391 -1.8391
7250 63.27 47.24 0.00 18.6576 -1.8391 -1.8391
7275 64.00 47.63 0.00 17.9682 -1.1859 -1.1859
7300 64.68 47.97 0.00 16.3532 -0.7710 -0.7710
7325 64.68 47.97 0.00 16.3532 -0.7710 -0.7710
7350 65.32 48.30 0.00 15.7017 0.2392 0.2392
7375 65.91 48.61 0.00 14.1872 0.4196 0.4196
7400 66.45 48.89 0.00 12.4546 0.1661 0.1661
7425 66.45 48.89 0.00 12.4546 0.1661 0.1661
7450 66.91 49.17 0.00 11.4810 0.8042 0.8042
7475 67.36 49.41 0.00 11.4321 0.5305 0.5305
7500 67.36 49.41 0.00 11.4321 0.5305 0.5305
7525 67.83 49.67 0.00 11.6702 0.6867 0.6867
7550 67.83 49.67 0.00 11.6702 0.6867 0.6867
7575 68.30 49.93 0.00 11.6679 0.3838 0.3838
7600 68.64 50.08 0.00 11.1688 -0.2019 -0.2019
7625 68.64 50.08 0.00 11.1688 -0.2019 -0.2019
7650 69.08 50.29 0.00 10.4763 -0.5001 -0.5001
7675 69.46 50.50 0.00 9.1773 -0.3184 -0.3184
7700 69.46 50.50 0.00 9.1773 -0.3184 -0.3184
7725 69.80 50.69 0.00 8.2782 0.2218 0.2218
7750 70.13 50.84 0.00 7.8625 0.1461 0.1461
7775 70.13 50.84 0.00 7.8625 0.1461 0.1461
7800 70.47 51.01 0.00 9.4437 0.7867 0.7867
7825 70.89 51.24 0.00 11.3957 -1.0776 -1.0776
7850 70.89 51.24 0.00 11.3957 -1.0776 -1.0776
7875 71.40 51.46 0.00 13.3371 -2.4849 -2.4849
7900 71.95 51.66 0.00 13.8974 -1.7367 -1.7367
7925 71.95 51.66 0.00 13.8974 -1.7367 -1.7367
7950 72.50 51.83 0.00 13.3444 -1.3248 -1.3248
7975 72.99 52.03 0.00 12.0182 -1.1589 -1.1589
8000 72.99 52.03 0.00 12.0182 -1.1589 -1.1589
8025 73.45 52.24 0.00 10.8847 -0.2599 -0.2599
8050 73.86 52.43 0.00 9.9781 -0.4644 -0.4644
8075 73.86 52.43 0.00 9.9781 -0.4644 -0.4644
8100 74.27 52.65 0.00 10.0846 -1.6165 -1.6165
8125 74.67 52.92 0.00 10.5842 -1.8990 -1.8990
8150 74.67 52.92 0.00 10.5842 -1.8990 -1.8990
8175 75.14 53.16 0.00 11.8011 -1.8322 -1.8322
8200 75.64 53.40 0.00 12.9767 -1.9771 -1.9771
8225 75.64 53.40 0.00 12.9767 -1.9771 -1.9771
8250 76.18 53.66 0.00 13.9031 -2.0802 -2.0802
8275 76.18 53.66 0.00 13.9031 -2.0802 -2.0802
8300 76.74 53.94 0.00 14.0762 -2.6743 -2.6743
8325 77.30 54.29 0.00 14.4414 -3.6580 -3.6580
8350 77.90 54.64 0.00 15.0105 -4.9377 -4.9377
8375 77.90 54.64 0.00 15.0105 -4.9377 -4.9377
8400 78.52 55.08 0.00 16.0251 -5.5689 -5.5689
8425 78.52 55.08 0.00 16.0251 -5.5689 -5.5689
8450 79.17 55.56 0.00 16.5029 -5.7592 -5.7592
8475 79.68 55.91 0.00 16.7875 -5.9577 -5.9577
8500 79.68 55.91 0.00 16.7875 -5.9577 -5.9577
8525 80.38 56.43 0.00 18.4370 -7.2183 -7.2183
8550 81.13 57.02 0.00 18.5306 -7.7944 -7.7944
8575 81.13 57.02 0.00 18.5306 -7.7944 -7.7944
8600 81.86 57.58 0.00 17.5237 -6.6079 -6.6079
8625 82.45 58.03 0.00 13.7066 -4.0400 -4.0400
8650 82.96 58.46 0.00 11.9359 -2.7144 -2.7144
8675 82.96 58.46 0.00 11.9359 -2.7144 -2.7144
8700 83.46 58.87 0.00 13.2633 -4.0465 -4.0465
8725 84.08 59.31 0.00 17.6035 -4.6239 -4.6239
8750 84.08 59.31 0.00 17.6035 -4.6239 -4.6239
8775 84.86 59.78 0.00 19.8469 -6.2355 -6.2355
8800 84.86 59.78 0.00 19.8469 -6.2355 -6.2355
8825 85.69 60.29 0.00 21.0658 -8.4340 -8.4340
8850 86.54 60.80 0.00 20.8869 -8.7296 -8.7296
8875 86.54 60.80 0.00 20.8869 -8.7296 -8.7296
8900 87.33 61.25 0.00 19.6908 -6.7204 -6.7204
8925 88.05 61.68 0.00 16.2699 -5.0159 -5.0159
8950 88.05 61.68 0.00 16.2699 -5.0159 -5.0159
8975 88.67 62.06 0.00 15.8968 -4.9779 -4.9779
9000 89.37 62.51 0.00 18.6119 -6.7541 -6.7541
9025 89.37 62.51 0.00 18.6119 -6.7541 -6.7541
9050 90.20 62.96 0.00 22.8119 -7.2670 -7.2670
9075 91.22 63.39 0.00 26.5032 -8.4984 -8.4984
9100 91.22 63.39 0.00 26.5032 -8.4984 -8.4984
9125 92.28 63.90 0.00 26.7988 -9.6410 -9.6410
9150 93.32 64.43 0.00 24.8596 -8.6990 -8.6990
9175 93.32 64.43 0.00 24.8596 -8.6990 -8.6990
9200 94.31 65.08 0.00 24.8035 -9.8247 -9.8247
9225 95.24 65.83 0.00 21.5926 -9.8152 -9.8152
9250 95.24 65.83 0.00 21.5926 -9.8152 -9.8152
9275 95.95 66.54 0.00 16.1919 -6.0265 -6.0265
9300 96.46 67.13 0.00 11.4970 -4.3943 -4.3943
9325 96.46 67.13 0.00 11.4970 -4.3943 -4.3943
9350 96.86 67.73 0.00 8.7019 -4.0492 -4.0492
9375 97.06 68.16 0.00 6.1334 -3.3606 -3.3606
9400 97.06 68.16 0.00 6.1334 -3.3606 -3.3606
9425 97.21 68.64 0.00 2.2068 -1.6955 -1.6955
9450 97.18 69.07 0.00 -2.4352 -0.9172 -0.9172
9475 97.18 69.07 0.00 -2.4352 -0.9172 -0.9172
9500 97.01 69.45 0.00 -4.4455 -0.6494 -0.6494
9525 97.01 69.45 0.00 -4.4455 -0.6494 -0.6494
9550 96.84 69.66 0.00 -4.9981 -1.3264 -1.3264
9575 96.59 69.69 0.00 -6.7085 -1.0759 -1.0759
9600 96.59 69.69 0.00 -6.7085 -1.0759 -1.0759
9625 96.23 69.63 0.00 -11.3384 0.0668 0.0668
9650 95.72 69.60 0.00 -11.8705 1.7850 1.7850
9675 95.34 69.47 0.00 -7.6458 -0.6458 -0.6458
9700 95.34 69.47 0.00 -7.6458 -0.6458 -0.6458
9725 95.09 69.31 0.00 -6.6178 -0.0106 -0.0106
9750 94.73 69.23 0.00 -10.6190 1.0222 1.0222
9775 94.73 69.23 0.00 -10.6190 1.0222 1.0222
9800 94.25 69.18 0.00 -12.0851 0.9866 0.9866
9825 94.25 69.18 0.00 -12.0851 0.9866 0.9866
9850 93.77 69.06 0.00 -11.3115 2.0185 2.0185
9875 93.36 68.92 0.00 -10.2404 1.7618 1.7618
9900 92.92 68.84 0.00 -11.2382 0.6832 0.6832
9925 92.92 68.84 0.00 -11.2382 0.6832 0.6832
9950 92.43 68.77 0.00 -12.9732 2.1515 2.1515
9975 92.43 68.77 0.00 -12.9732 2.1515 2.1515
10000 91.93 68.74 0.00 -11.5738 1.4728 1.4728
10025 91.52 68.72 0.00 -9.9426 0.5292 0.5292
10050 91.52 68.72 0.00 -9.9426 0.5292 0.5292
10075 91.14 68.73 0.00 -9.2958 0.6609 0.6609
10100 90.77 68.74 0.00 -8.9544 -0.1914 -0.1914
10125 90.77 68.74 0.00 -8.9544 -0.1914 -0.1914
10150 90.38 68.68 0.00 -10.1045 0.4195 0.4195
10175 90.04 68.64 0.00 -11.8870 0.8676 0.8676
10200 90.04 68.64 0.00 -11.8870 0.8676 0.8676
10225 89.51 68.61 0.00 -13.8260 1.3814 1.3814
10250 88.95 68.60 0.00 -14.0188 0.5120 0.5120
10275 88.95 68.60 0.00 -14.0188 0.5120 0.5120
10300 88.41 68.58 0.00 -13.3231 -0.1834 -0.1834
10325 87.87 68.51 0.00 -13.8550 -1.1710 -1.1710
10350 87.87 68.51 0.00 -13.8550 -1.1710 -1.1710
10375 87.31 68.49 0.00 -14.0953 -0.5929 -0.5929
10400 86.75 68.42 0.00 -13.4225 -0.1302 -0.1302
10425 86.75 68.42 0.00 -13.4225 -0.1302 -0.1302
10450 86.22 68.36 0.00 -13.7748 -0.7258 -0.7258
10475 85.65 68.39 0.00 -14.5415 -0.6294 -0.6294
10500 85.65 68.39 0.00 -14.5415 -0.6294 -0.6294
10525 85.04 68.49 0.00 -15.2271 -1.3778 -1.3778
10550 84.45 68.59 0.00 -13.9170 -1.8623 -1.8623
10575 84.45 68.59 0.00 -13.9170 -1.8623 -1.8623
10600 83.93 68.75 0.00 -12.8812 -3.3608 -3.3608
10625 83.44 68.93 0.00 -11.1728 -3.7743 -3.7743
10650 83.44 68.93 0.00 -11.1728 -3.7743 -3.7743
10675 83.05 69.09 0.00 -8.8069 -3.8914 -3.8914
10700 82.74 69.18 0.00 -6.9350 -3.6990 -3.6990
10725 82.74 69.18 0.00 -6.9350 -3.6990 -3.6990
10750 82.49 69.32 0.00 -6.2374 -3.0834 -3.0834
10775 82.49 69.32 0.00 -6.2374 -3.0834 -3.0834
10800 82.20 69.50 0.00 -7.6556 -2.6352 -2.6352
10825 81.86 69.68 0.00 -9.1311 -1.9313 -1.9313
10850 81.86 69.68 0.00 -9.1311 -1.9313 -1.9313
10875 81.51 69.77 0.00 -8.1311 -0.7113 -0.7113
10900 81.22 69.80 0.00 -6.3941 -1.3700 -1.3700
10925 81.22 69.80 0.00 -6.3941 -1.3700 -1.3700
10950 80.99 69.79 0.00 -5.7409 -1.5443 -1.5443
10975 80.74 69.74 0.00 -6.7703 -0.5160 -0.5160
11000 80.74 69.74 0.00 -6.7703 -0.5160 -0.5160
11025 80.44 69.66 0.00 -8.3527 0.4919 0.4919
11050 80.17 69.60 0.00 -8.9489 1.1924 1.1924
11075 80.17 69.60 0.00 -8.9489 1.1924 1.1924
11100 79.81 69.54 0.00 -8.5343 0.9956 0.9956
11125 79.51 69.48 0.00 -7.3211 0.8693 0.8693
11150 79.51 69.48 0.00 -7.3211 0.8693 0.8693
11175 79.22 69.38 0.00 -6.7631 0.3309 0.3309
11200 78.98 69.31 0.00 -5.8845 0.2846 0.2846
11225 78.98 69.31 0.00 -5.8845 0.2846 0.2846
11250 78.75 69.23 0.00 -5.2754 -0.1768 -0.1768
11275 78.56 69.17 0.00 -4.8478 -0.3158 -0.3158
11300 78.56 69.17 0.00 -4.8478 -0.3158 -0.3158
11325 78.37 69.19 0.00 -4.2180 -0.4618 -0.4618
11350 78.24 69.19 0.00 -3.2546 -1.0048 -1.0048
11375 78.24 69.19 0.00 -3.2546 -1.0048 -1.0048
11400 78.13 69.17 0.00 -2.3339 -0.2889 -0.2889
11425 78.05 69.13 0.00 -2.0152 0.1382 0.1382
11450 78.05 69.13 0.00 -2.0152 0.1382 0.1382
11475 77.94 69.09 0.00 -2.8252 0.2203 0.2203
11500 77.83 69.07 0.00 -3.1836 1.3326 1.3326
11525 77.83 69.07 0.00 -3.1836 1.3326 1.3326
11550 77.68 69.04 0.00 -4.2161 1.2102 1.2102
11575 77.51 68.96 0.00 -4.0698 1.1201 1.1201
11600 77.51 68.96 0.00 -4.0698 1.1201 1.1201
11625 77.36 68.90 0.00 -2.8657 0.5174 0.5174
11650 77.28 68.85 0.00 -1.9765 -0.2498 -0.2498
11675 77.28 68.85 0.00 -1.9765 -0.2498 -0.2498
11700 77.21 68.79 0.00 -1.8651 -0.1502 -0.1502
11725 77.13 68.68 0.00 -1.7187 0.6935 0.6935
11750 77.13 68.68 0.00 -1.7187 0.6935 0.6935
11775 77.06 68.65 0.00 -1.9482 -0.1315 -0.1315
11800 77.06 68.65 0.00 -1.9482 -0.1315 -0.1315
11825 76.94 68.65 0.00 -2.7352 -0.8209 -0.8209
11850 76.83 68.63 0.00 -2.9244 -0.1801 -0.1801
11875 76.74 68.63 0.00 -3.2469 -0.0306 -0.0306
11900 76.74 68.63 0.00 -3.2469 -0.0306 -0.0306
11925 76.59 68.61 0.00 -4.3495 -0.4750 -0.4750
11950 76.38 68.57 0.00 -5.6791 -0.4418 -0.4418
11975 76.38 68.57 0.00 -5.6791 -0.4418 -0.4418
12000 76.10 68.53 0.00 -7.4921 -0.5328 -0.5328
12025 76.10 68.53 0.00 -7.4921 -0.5328 -0.5328
12050 75.75 68.47 0.00 -9.4858 0.0874 0.0874
12075 75.34 68.41 0.00 -10.8066 0.0459 0.0459
12100 74.90 68.34 0.00 -11.8317 -0.4042 -0.4042
12125 74.90 68.34 0.00 -11.8317 -0.4042 -0.4042
12150 74.36 68.28 0.00 -13.9647 -0.2311 -0.2311
12175 73.77 68.22 0.00 -15.6299 0.2429 0.2429
12200 73.77 68.22 0.00 -15.6299 0.2429 0.2429
12225 73.12 68.16 0.00 -15.9507 0.2745 0.2745
12250 72.52 68.12 0.00 -14.8853 -0.3519 -0.3519
12275 72.52 68.12 0.00 -14.8853 -0.3519 -0.3519
12300 71.95 68.06 0.00 -13.4124 -0.6540 -0.6540
12325 71.46 67.98 0.00 -11.7260 -1.0189 -1.0189
12350 71.46 67.98 0.00 -11.7260 -1.0189 -1.0189
12375 71.06 67.91 0.00 -8.8908 -0.8157 -0.8157
12400 70.76 67.85 0.00 -6.3150 -1.5321 -1.5321
12425 70.76 67.85 0.00 -6.3150 -1.5321 -1.5321
12450 70.55 67.82 0.00 -4.8398 -1.7845 -1.7845
12475 70.55 67.82 0.00 -4.8398 -1.7845 -1.7845
12500 70.38 67.80 0.00 -3.8985 -0.8200 -0.8200
12525 70.20 67.78 0.00 -5.1038 -1.0378 -1.0378
12550 69.96 67.74 0.00 -6.6447 -0.4710 -0.4710
12575 69.96 67.74 0.00 -6.6447 -0.4710 -0.4710
12600 69.66 67.63 0.00 -7.9491 -0.9985 -0.9985
12625 69.66 67.63 0.00 -7.9491 -0.9985 -0.9985
12650 69.31 67.50 0.00 -9.1859 -0.6104 -0.6104
12675 68.90 67.38 0.00 -10.9681 -0.7910 -0.7910
12700 68.57 67.29 0.00 -11.1852 0.5595 0.5595
12725 68.57 67.29 0.00 -11.1852 0.5595 0.5595
12750 68.10 67.18 0.00 -11.9018 1.3974 1.3974
12775 68.10 67.18 0.00 -11.9018 1.3974 1.3974
12800 67.58 67.03 0.00 -13.4632 0.7038 0.7038
12825 67.04 66.91 0.00 -13.7031 0.6826 0.6826
12850 67.04 66.91 0.00 -13.7031 0.6826 0.6826
12875 66.48 66.73 0.00 -13.7678 0.7193 0.7193
12900 65.95 66.53 0.00 -13.6943 1.0507 1.0507
12925 65.95 66.53 0.00 -13.6943 1.0507 1.0507
12950 65.39 66.33 0.00 -13.1574 0.4455 0.4455
12975 64.91 66.14 0.00 -11.6305 -0.0282 -0.0282
13000 64.91 66.14 0.00 -11.6305 -0.0282 -0.0282
13025 64.48 65.92 0.00 -10.1185 -0.4577 -0.4577
13050 64.09 65.73 0.00 -9.6117 -1.1529 -1.1529
13075 64.09 65.73 0.00 -9.6117 -1.1529 -1.1529
13100 63.70 65.54 0.00 -9.8954 -0.1973 -0.1973
13125 63.31 65.34 0.00 -9.6206 0.8725 0.8725
13150 63.31 65.34 0.00 -9.6206 0.8725 0.8725
13175 62.93 65.16 0.00 -9.2208 1.3150 1.3150
13200 62.56 64.97 0.00 -9.1613 2.9624 2.9624
13225 62.56 64.97 0.00 -9.1613 2.9624 2.9624
13250 62.21 64.74 0.00 -8.9846 3.0979 3.0979
13275 61.87 64.57 0.00 -7.9703 2.2943 2.2943
13300 61.87 64.57 0.00 -7.9703 2.2943 2.2943
13325 61.59 64.35 0.00 -6.7434 1.0292 1.0292
13350 61.32 64.16 0.00 -5.9153 0.5515 0.5515
13375 61.32 64.16 0.00 -5.9153 0.5515 0.5515
13400 61.11 63.97 0.00 -5.1476 1.0347 1.0347
13425 60.92 63.74 0.00 -5.0471 1.1749 1.1749
13450 60.92 63.74 0.00 -5.0471 1.1749 1.1749
13475 60.74 63.56 0.00 -4.0851 1.4965 1.4965
13500 60.60 63.42 0.00 -3.3889 1.0231 1.0231
13525 60.60 63.42 0.00 -3.3889 1.0231 1.0231
13550 60.49 63.28 0.00 -3.4836 0.8212 0.8212
13575 60.49 63.28 0.00 -3.4836 0.8212 0.8212
13600 60.33 63.06 0.00 -3.8393 0.8972 0.8972
13625 60.18 62.86 0.00 -3.8902 1.0447 1.0447
13650 60.18 62.86 0.00 -3.8902 1.0447 1.0447
13675 60.02 62.67 0.00 -3.9008 1.5395 1.5395
13700 59.88 62.51 0.00 -3.5161 0.8016 0.8016
13725 59.75 62.35 0.00 -2.4646 0.9326 0.9326
13750 59.75 62.35 0.00 -2.4646 0.9326 0.9326
13775 59.68 62.23 0.00 -1.8492 0.4681 0.4681
13800 59.68 62.23 0.00 -1.8492 0.4681 0.4681
13825 59.61 62.14 0.00 -1.4400 0.0005 0.0005
13850 59.54 62.06 0.00 -1.7927 -0.0359 -0.0359
13875 59.54 62.06 0.00 -1.7927 -0.0359 -0.0359
13900 59.45 61.90 0.00 -2.3890 0.6172 0.6172
13925 59.33 61.71 0.00 -3.6286 0.5602 0.5602
13950 59.17 61.55 0.00 -4.4516 0.7517 0.7517
13975 59.17 61.55 0.00 -4.4516 0.7517 0.7517
14000 58.98 61.39 0.00 -4.7602 0.5536 0.5536
14025 58.98 61.39 0.00 -4.7602 0.5536 0.5536
14050 58.80 61.22 0.00 -4.4226 0.3360 0.3360
14075 58.63 61.04 0.00 -3.8841 -0.0308 -0.0308
14100 58.63 61.04 0.00 -3.8841 -0.0308 -0.0308
14125 58.49 60.85 0.00 -3.4965 0.2305 0.2305
14150 58.34 60.64 0.00 -3.3998 0.2812 0.2812
14175 58.34 60.64 0.00 -3.3998 0.2812 0.2812
14200 58.22 60.43 0.00 -2.9172 0.5080 0.5080
14225 58.12 60.25 0.00 -2.1277 -0.4791 -0.4791
14250 58.12 60.25 0.00 -2.1277 -0.4791 -0.4791
14275 58.06 60.13 0.00 -1.1534 -1.2594 -1.2594
14300 58.03 60.04 0.00 -1.0088 -1.4643 -1.4643
14325 58.03 60.04 0.00 -1.0088 -1.4643 -1.4643
14350 57.98 59.87 0.00 -1.9424 -0.8453 -0.8453
14375 57.87 59.71 0.00 -2.6223 0.0051 0.0051
14400 57.87 59.71 0.00 -2.6223 0.0051 0.0051
14425 57.78 59.52 0.00 -2.4728 -0.0804 -0.0804
14450 57.66 59.29 0.00 -2.7527 -0.0089 -0.0089
14475 57.66 59.29 0.00 -2.7527 -0.0089 -0.0089
14500 57.55 59.12 0.00 -2.9735 0.0239 0.0239
14525 57.43 58.92 0.00 -3.2430 -0.5718 -0.5718
14550 57.43 58.92 0.00 -3.2430 -0.5718 -0.5718
14575 57.27 58.66 0.00 -4.0904 0.2876 0.2876
14600 57.08 58.36 0.00 -5.2959 0.5350 0.5350
14625 57.08 58.36 0.00 -5.2959 0.5350 0.5350
14650 56.83 58.08 0.00 -6.6175 0.7840 0.7840
14675 56.54 57.77 0.00 -8.0607 0.5544 0.5544
14700 56.54 57.77 0.00 -8.0607 0.5544 0.5544
14725 56.22 57.42 0.00 -7.5161 1.2533 1.2533
14750 55.92 57.07 0.00 -7.7286 0.5838 0.5838
14775 55.92 57.07 0.00 -7.7286 0.5838 0.5838
14800 55.63 56.79 0.00 -7.4317 -0.2029 -0.2029
14825 55.63 56.79 0.00 -7.4317 -0.2029 -0.2029
14850 55.38 56.61 0.00 -4.9651 -1.7101 -1.7101
14875 55.22 56.40 0.00 -3.0681 -2.4220 -2.4220
14900 55.10 56.16 0.00 -3.5946 -2.1699 -2.1699
14925 55.10 56.16 0.00 -3.5946 -2.1699 -2.1699
14950 54.93 55.93 0.00 -4.2343 -1.7476 -1.7476
14975 54.75 55.70 0.00 -4.4001 -1.8152 -1.8152
15000 54.75 55.70 0.00 -4.4001 -1.8152 -1.8152
15025 54.59 55.47 0.00 -3.9584 -1.7620 -1.7620
15050 54.59 55.47 0.00 -3.9584 -1.7620 -1.7620
15075 54.44 55.24 0.00 -3.5888 -1.5064 -1.5064
15100 54.31 55.00 0.00 -2.9425 -0.5537 -0.5537
15125 54.31 55.00 0.00 -2.9425 -0.5537 -0.5537
15150 54.19 54.72 0.00 -2.9651 -0.3069 -0.3069
15175 54.07 54.38 0.00 -3.4122 -0.3398 -0.3398
15200 54.07 54.38 0.00 -3.4122 -0.3398 -0.3398
15225 53.96 54.15 0.00 -3.5825 -0.5985 -0.5985
15250 53.81 53.80 0.00 -4.1779 -1.0535 -1.0535
15275 53.81 53.80 0.00 -4.1779 -1.0535 -1.0535
15300 53.65 53.43 0.00 -3.5920 -0.0798 -0.0798
15325 53.51 53.04 0.00 -3.2708 -0.0360 -0.0360
15350 53.51 53.04 0.00 -3.2708 -0.0360 -0.0360
15375 53.39 52.64 0.00 -3.3889 -0.3352 -0.3352
15400 53.25 52.30 0.00 -3.3187 0.2846 0.2846
15425 53.25 52.30 0.00 -3.3187 0.2846 0.2846
15450 53.13 51.97 0.00 -2.9892 0.3821 0.3821
15475 52.99 51.63 0.00 -3.2436 0.3620 0.3620
15500 52.99 51.63 0.00 -3.2436 0.3620 0.3620
15525 52.88 51.26 0.00 -2.7119 0.7506 0.7506
15550 52.78 50.94 0.00 -2.2646 0.0994 0.0994
15575 52.78 50.94 0.00 -2.2646 0.0994 0.0994
15600 52.69 50.62 0.00 -1.9202 -0.1006 -0.1006
15625 52.69 50.62 0.00 -1.9202 -0.1006 -0.1006
15650 52.62 50.33 0.00 -1.4786 0.0827 0.0827
15675 52.58 50.00 0.00 -0.9665 0.6033 0.6033
15700 52.53 49.71 0.00 -1.6710 0.2512 0.2512
15725 52.53 49.71 0.00 -1.6710 0.2512 0.2512
15750 52.46 49.46 0.00 -1.6156 0.0718 0.0718
15775 52.41 49.18 0.00 -1.1222 0.3427 0.3427
15800 52.41 49.18 0.00 -1.1222 0.3427 0.3427
15825 52.36 48.84 0.00 -1.4754 0.4259 0.4259
15850 52.30 48.53 0.00 -1.2639 0.7394 0.7394
15875 52.30 48.53 0.00 -1.2639 0.7394 0.7394
15900 52.27 48.18 0.00 -0.4607 0.9552 0.9552
15925 52.27 48.18 0.00 -0.4607 0.9552 0.9552
15950 52.27 47.82 0.00 0.4374 1.0763 1.0763
15975 52.30 47.46 0.00 0.8537 1.1339 1.1339
16000 52.30 47.46 0.00 0.8537 1.1339 1.1339
16025 52.32 47.08 0.00 0.5235 1.2898 1.2898
16050 52.34 46.79 0.00 0.5618 1.6451 1.6451
16075 52.34 46.79 0.00 0.5618 1.6451 1.6451
16100 52.37 46.43 0.00 0.7761 1.7679 1.7679
16125 52.41 46.05 0.00 0.9406 2.0187 2.0187
16150 52.41 46.05 0.00 0.9406 2.0187 2.0187
16175 52.43 45.68 0.00 0.3849 1.5111 1.5111
16200 52.43 45.28 0.00 -0.1312 1.7956 1.7956
16225 52.44 44.86 0.00 0.4099 2.2086 2.2086
16250 52.44 44.86 0.00 0.4099 2.2086 2.2086
16275 52.46 44.43 0.00 0.9551 1.7616 1.7616
16300 52.46 44.43 0.00 0.9551 1.7616 1.7616
16325 52.53 43.90 0.00 1.4094 2.6771 2.6771
16350 52.55 43.45 0.00 0.5190 2.1574 2.1574
16375 52.55 43.45 0.00 0.5190 2.1574 2.1574
16400 52.55 42.99 0.00 -0.4419 2.1466 2.1466
16425 52.50 42.52 0.00 -1.7131 1.6431 1.6431
16450 52.50 42.52 0.00 -1.7131 1.6431 1.6431
16475 52.43 42.09 0.00 -1.7670 0.9946 0.9946
16500 52.37 41.71 0.00 -1.0157 0.5856 0.5856
16525 52.37 41.71 0.00 -1.0157 0.5856 0.5856
16550 52.36 41.32 0.00 -0.3521 0.3817 0.3817
16575 52.36 41.32 0.00 -0.3521 0.3817 0.3817
16600 52.36 41.03 0.00 0.0604 0.7600 0.7600
16625 52.34 40.70 0.00 -0.3653 0.8399 0.8399
16650 52.30 40.42 0.00 -1.4782 0.4446 0.4446
16675 52.30 40.42 0.00 -1.4782 0.4446 0.4446
16700 52.23 40.24 0.00 -1.6638 0.2394 0.2394
16725 52.18 40.07 0.00 -0.8893 -0.0003 -0.0003
16750 52.18 40.07 0.00 -0.8893 -0.0003 -0.0003
16775 52.16 39.87 0.00 -0.2638 0.2807 0.2807
16800 52.16 39.87 0.00 -0.2638 0.2807 0.2807
16825 52.16 39.67 0.00 -0.2652 0.6653 0.6653
16850 52.16 39.46 0.00 0.2761 1.1058 1.1058
16875 52.16 39.46 0.00 0.2761 1.1058 1.1058
16900 52.16 39.26 0.00 0.5308 0.7606 0.7606
16925 52.20 38.94 0.00 0.6161 1.4016 1.4016
16950 52.23 38.59 0.00 1.0346 2.1683 2.1683
16975 52.23 38.59 0.00 1.0346 2.1683 2.1683
17000 52.29 38.27 0.00 1.8618 2.2937 2.2937
17025 52.39 37.88 0.00 2.7482 2.2188 2.2188
17050 52.39 37.88 0.00 2.7482 2.2188 2.2188
17075 52.50 37.45 0.00 2.8254 2.3174 2.3174
17100 52.50 37.45 0.00 2.8254 2.3174 2.3174
17125 52.64 36.91 0.00 3.5090 3.4950 3.4950
17150 52.78 36.34 0.00 3.6392 3.9345 3.9345
17175 52.78 36.34 0.00 3.6392 3.9345 3.9345
17200 52.92 35.64 0.00 3.8550 4.1798 4.1798
17225 53.09 34.96 0.00 4.4823 4.4480 4.4480
17250 53.09 34.96 0.00 4.4823 4.4480 4.4480
17275 53.25 34.41 0.00 3.7409 3.4769 3.4769
17300 53.39 33.84 0.00 3.1328 3.4394 3.4394
17325 53.39 33.84 0.00 3.1328 3.4394 3.4394
17350 53.49 33.26 0.00 2.2119 3.7660 3.7660
17375 53.58 32.63 0.00 1.9957 3.8798 3.8798
17400 53.58 32.63 0.00 1.9957 3.8798 3.8798
17425 53.63 32.07 0.00 1.0634 2.9652 2.9652
17450 53.67 31.53 0.00 1.3635 3.3152 3.3152
17475 53.67 31.53 0.00 1.3635 3.3152 3.3152
17500 53.72 31.10 0.00 1.2259 1.8250 1.8250
17525 53.72 31.10 0.00 1.2259 1.8250 1.8250
17550 53.75 30.76 0.00 0.4399 1.1318 1.1318
17575 53.75 30.46 0.00 0.1300 1.7290 1.7290
17600 53.77 30.07 0.00 0.2662 1.7780 1.7780
17625 53.77 30.07 0.00 0.2662 1.7780 1.7780
17650 53.79 29.78 0.00 0.5364 0.5427 0.5427
17675 53.81 29.49 0.00 0.2414 -0.6448 -0.6448
17700 53.81 29.49 0.00 0.2414 -0.6448 -0.6448
17725 53.81 29.35 0.00 0.4740 0.2105 0.2105
17750 53.84 29.14 0.00 0.9115 1.4047 1.4047
17775 53.84 29.14 0.00 0.9115 1.4047 1.4047
17800 53.89 28.94 0.00 1.6597 1.5100 1.5100
17825 53.89 28.94 0.00 1.6597 1.5100 1.5100
17850 54.00 28.56 0.00 3.1524 2.8772 2.8772
17875 54.16 28.07 0.00 4.0131 2.5014 2.5014
17900 54.31 27.57 0.00 4.5844 2.5821 2.5821
17925 54.31 27.57 0.00 4.5844 2.5821 2.5821
17950 54.52 27.09 0.00 5.5159 3.5541 3.5541
17975 54.52 27.09 0.00 5.5159 3.5541 3.5541
18000 54.75 26.53 0.00 5.9620 4.5712 4.5712
18025 55.01 25.89 0.00 6.7877 4.9912 4.9912
18050 55.01 25.89 0.00 6.7877 4.9912 4.9912
18075 55.29 25.26 0.00 6.7116 4.5382 4.5382
18100 55.56 24.65 0.00 6.8681 4.7419 4.7419
18125 55.56 24.65 0.00 6.8681 4.7419 4.7419
18150 55.82 24.10 0.00 6.2479 4.7037 4.7037
18175 56.05 23.56 0.00 5.3406 4.2035 4.2035
18200 56.22 23.07 0.00 3.9935 4.0273 4.0273
18225 56.22 23.07 0.00 3.9935 4.0273 4.0273
18250 56.38 22.53 0.00 4.4564 5.1945 5.1945
18275 56.38 22.53 0.00 4.4564 5.1945 5.1945
18300 56.57 22.01 0.00 4.9370 5.5351 5.5351
18325 56.80 21.41 0.00 6.1471 6.6366 6.6366
18350 56.80 21.41 0.00 6.1471 6.6366 6.6366
18375 57.06 20.90 0.00 6.4727 6.3064 6.3064
18400 57.27 20.54 0.00 5.0066 4.5998 4.5998
18425 57.27 20.54 0.00 5.0066 4.5998 4.5998
18450 57.47 20.08 0.00 4.6846 5.6530 5.6530
18475 57.62 19.70 0.00 5.6072 6.5149 6.5149
18500 57.62 19.70 0.00 5.6072 6.5149 6.5149
18525 57.87 19.19 0.00 6.3409 6.7234 6.7234
18550 57.87 19.19 0.00 6.3409 6.7234 6.7234
18575 58.13 18.56 0.00 6.5865 6.5207 6.5207
18600 58.38 17.98 0.00 5.9023 5.5128 5.5128
18625 58.59 17.40 0.00 5.0636 5.3779 5.3779
18650 58.59 17.40 0.00 5.0636 5.3779 5.3779
18675 58.77 16.82 0.00 3.6402 4.7371 4.7371
18700 58.87 16.36 0.00 2.4407 3.8137 3.8137
18725 58.87 16.36 0.00 2.4407 3.8137 3.8137
18750 58.98 15.82 0.00 2.6965 4.2007 4.2007
18775 59.08 15.21 0.00 2.8868 4.3116 4.3116
18800 59.08 15.21 0.00 2.8868 4.3116 4.3116
18825 59.21 14.68 0.00 3.4189 4.9164 4.9164
18850 59.21 14.68 0.00 3.4189 4.9164 4.9164
18875 59.36 14.02 0.00 4.0893 5.6439 5.6439
18900 59.52 13.33 0.00 3.5570 4.7716 4.7716
18925 59.52 13.33 0.00 3.5570 4.7716 4.7716
18950 59.63 12.80 0.00 2.6826 4.0764 4.0764
18975 59.72 12.35 0.00 1.4498 2.9647 2.9647
19000 59.72 12.35 0.00 1.4498 2.9647 2.9647
19025 59.75 11.99 0.00 1.1336 2.7906 2.7906
19050 59.81 11.83 0.00 1.1574 1.8818 1.8818
19075 59.81 11.83 0.00 1.1574 1.8818 1.8818
19100 59.86 11.61 0.00 0.9895 0.8786 0.8786
19125 59.88 11.43 0.00 -0.0203 -0.5702 -0.5702
19150 59.88 11.43 0.00 -0.0203 -0.5702 -0.5702
19175 59.84 11.36 0.00 -0.6786 -0.3093 -0.3093
19200 59.82 11.30 0.00 -0.8451 -0.2107 -0.2107
19225 59.82 11.30 0.00 -0.8451 -0.2107 -0.2107
19250 59.77 11.32 0.00 -0.8836 -0.6295 -0.6295
19275 59.77 11.32 0.00 -0.8836 -0.6295 -0.6295
19300 59.79 11.32 0.00 0.6789 0.9010 0.9010
19325 59.81 11.34 0.00 0.6754 0.1496 0.1496
19350 59.81 11.41 0.00 -0.4795 -0.6392 -0.6392
19375 59.81 11.41 0.00 -0.4795 -0.6392 -0.6392
19400 59.77 11.39 0.00 -0.7337 -0.0059 -0.0059
19425 59.75 11.32 0.00 -0.4075 -0.3347 -0.3347
19450 59.75 11.32 0.00 -0.4075 -0.3347 -0.3347
19475 59.73 11.28 0.00 -0.5795 -0.7041 -0.7041
19500 59.72 11.19 0.00 -0.7114 -0.0155 -0.0155
19525 59.72 11.19 0.00 -0.7114 -0.0155 -0.0155
19550 59.70 11.14 0.00 0.0682 0.3877 0.3877
19575 59.72 11.05 0.00 1.0448 0.8846 0.8846
19600 59.72 11.05 0.00 1.0448 0.8846 0.8846
19625 59.75 10.92 0.00 0.5996 -0.1200 -0.1200
19650 59.77 10.80 0.00 -0.0504 0.5327 0.5327
19675 59.77 10.80 0.00 -0.0504 0.5327 0.5327
19700 59.77 10.67 0.00 0.2137 1.6790 1.6790
19725 59.79 10.56 0.00 0.4162 1.0203 1.0203
19750 59.79 10.56 0.00 0.4162 1.0203 1.0203
19775 59.79 10.44 0.00 -0.0617 0.0900 0.0900
19800 59.75 10.40 0.00 -1.7279 -1.1247 -1.1247
19825 59.75 10.40 0.00 -1.7279 -1.1247 -1.1247
19850 59.65 10.32 0.00 -2.8553 -2.0662 -2.0662
19875 59.54 10.18 0.00 -2.4233 -1.6195 -1.6195
19900 59.54 10.18 0.00 -2.4233 -1.6195 -1.6195
19925 59.44 10.05 0.00 -2.2264 -1.0327 -1.0327
19950 59.33 9.99 0.00 -3.5540 -2.4543 -2.4543
19975 59.33 9.99 0.00 -3.5540 -2.4543 -2.4543
20000 59.15 10.00 0.00 -4.4676 -3.3693 -3.3693
20025 59.15 10.00 0.00 -4.4676 -3.3693 -3.3693
20050 58.96 10.12 0.00 -4.9911 -4.1301 -4.1301
20075 58.77 10.31 0.00 -4.8499 -4.0719 -4.0719
20100 58.77 10.31 0.00 -4.8499 -4.0719 -4.0719
20125 58.59 10.39 0.00 -4.1357 -3.2501 -3.2501
20150 58.47 10.44 0.00 -3.8736 -3.1654 -3.1654
20175 58.33 10.56 0.00 -2.8922 -2.8203 -2.8203
20200 58.33 10.56 0.00 -2.8922 -2.8203 -2.8203
20225 58.24 10.65 0.00 -2.0577 -2.2442 -2.2442
20250 58.24 10.65 0.00 -2.0577 -2.2442 -2.2442
20275 58.20 10.65 0.00 -0.4937 -0.3435 -0.3435
20300 58.15 10.72 0.00 -1.5709 -1.7101 -1.7101
20325 58.15 10.72 0.00 -1.5709 -1.7101 -1.7101
20350 58.06 10.84 0.00 -2.7819 -2.2022 -2.2022
20375 57.96 10.93 0.00 -1.8391 -0.6226 -0.6226
20400 57.96 10.93 0.00 -1.8391 -0.6226 -0.6226
20425 57.94 10.96 0.00 -0.2649 -0.2733 -0.2733
20450 57.92 10.94 0.00 -0.8722 -1.8639 -1.8639
20475 57.85 10.96 0.00 -1.6037 -0.9989 -0.9989
20500 57.85 10.96 0.00 -1.6037 -0.9989 -0.9989
20525 57.78 10.99 0.00 -1.6135 -0.3748 -0.3748
20550 57.78 10.99 0.00 -1.6135 -0.3748 -0.3748
20575 57.73 11.01 0.00 -1.9747 -1.7496 -1.7496
20600 57.61 11.02 0.00 -3.3543 -2.7406 -2.7406
20625 57.61 11.02 0.00 -3.3543 -2.7406 -2.7406
20650 57.43 11.02 0.00 -4.7614 -3.4919 -3.4919
20675 57.24 11.05 0.00 -4.7202 -3.6122 -3.6122
20700 57.24 11.05 0.00 -4.7202 -3.6122 -3.6122
20725 57.08 11.04 0.00 -3.6979 -3.1176 -3.1176
20750 56.94 11.09 0.00 -3.7581 -3.7157 -3.7157
20775 56.94 11.09 0.00 -3.7581 -3.7157 -3.7157
20800 56.75 11.18 0.00 -5.2965 -4.8646 -4.8646
20825 56.52 11.28 0.00 -5.8969 -4.2818 -4.2818
20850 56.52 11.28 0.00 -5.8969 -4.2818 -4.2818
20875 56.26 11.38 0.00 -6.4168 -4.7874 -4.7874
20900 55.99 11.54 0.00 -6.9903 -5.6480 -5.6480
20925 55.99 11.54 0.00 -6.9903 -5.6480 -5.6480
20950 55.77 11.71 0.00 -7.9587 -6.4206 -6.4206
20975 55.43 12.07 0.00 -9.0432 -7.4768 -7.4768
21000 55.43 12.07 0.00 -9.0432 -7.4768 -7.4768
21025 55.03 12.46 0.00 -9.9181 -8.9313 -8.9313
21050 54.65 12.80 0.00 -9.4444 -9.0902 -9.0902
21075 54.65 12.80 0.00 -9.4444 -9.0902 -9.0902
21100 54.28 13.18 0.00 -9.6197 -9.4090 -9.4090
21125 53.88 13.61 0.00 -10.3030 -9.0750 -9.0750
21150 53.88 13.61 0.00 -10.3030 -9.0750 -9.0750
21175 53.44 14.03 0.00 -11.4673 -10.3726 -10.3726
21200 52.99 14.50 0.00 -10.5582 -9.7222 -9.7222
21225 52.99 14.50 0.00 -10.5582 -9.7222 -9.7222
21250 52.58 15.00 0.00 -10.1938 -9.7433 -9.7433
21275 52.15 15.61 0.00 -11.3717 -11.2803 -11.2803
21300 52.15 15.61 0.00 -11.3717 -11.2803 -11.2803
21325 51.68 16.22 0.00 -11.3862 -10.7995 -10.7995
21350 51.68 16.22 0.00 -11.3862 -10.7995 -10.7995
21375 51.24 16.78 0.00 -10.9630 -10.8022 -10.8022
21400 50.79 17.32 0.00 -11.2104 -11.4275 -11.4275
21425 50.79 17.32 0.00 -11.2104 -11.4275 -11.4275
21450 50.35 17.76 0.00 -10.6372 -10.4464 -10.4464
21475 49.93 18.21 0.00 -10.4505 -10.5093 -10.5093
21500 49.51 18.69 0.00 -10.5075 -10.3098 -10.3098
21525 49.51 18.69 0.00 -10.5075 -10.3098 -10.3098
21550 49.11 19.13 0.00 -9.5186 -8.9177 -8.9177
21575 49.11 19.13 0.00 -9.5186 -8.9177 -8.9177
21600 48.74 19.55 0.00 -9.0911 -9.0379 -9.0379
21625 48.39 19.90 0.00 -8.4099 -8.1892 -8.1892
21650 48.39 19.90 0.00 -8.4099 -8.1892 -8.1892
21675 48.08 20.24 0.00 -7.9674 -8.0042 -8.0042
21700 47.77 20.54 0.00 -7.5226 -7.3719 -7.3719
21725 47.77 20.54 0.00 -7.5226 -7.3719 -7.3719
21750 47.49 20.81 0.00 -6.8249 -6.7510 -6.7510
21775 47.21 21.08 0.00 -6.8299 -6.8236 -6.8236
21800 47.21 21.08 0.00 -6.8299 -6.8236 -6.8236
21825 46.93 21.34 0.00 -7.0670 -7.0549 -7.0549
21850 46.74 21.48 0.00 -6.3643 -6.0908 -6.0908
21875 46.74 21.48 0.00 -6.3643 -6.0908 -6.0908
21900 46.51 21.69 0.00 -5.3117 -5.3958 -5.3958
21925 46.32 21.85 0.00 -4.6269 -4.6760 -4.6760
21950 46.32 21.85 0.00 -4.6269 -4.6760 -4.6760
21975 46.12 21.97 0.00 -4.2367 -4.0690 -4.0690
22000 45.97 22.17 0.00 -4.1328 -3.5341 -3.5341
22025 45.97 22.17 0.00 -4.1328 -3.5341 -3.5341
22050 45.79 22.38 0.00 -4.2953 -3.9879 -3.9879
22075 45.62 22.60 0.00 -4.3598 -4.5358 -4.5358
22100 45.62 22.60 0.00 -4.3598 -4.5358 -4.5358
22125 45.44 22.86 0.00 -4.3488 -4.9794 -4.9794
22150 45.27 23.29 0.00 -4.6140 -6.2311 -6.2311
22175 45.27 23.29 0.00 -4.6140 -6.2311 -6.2311
22200 45.02 23.95 0.00 -7.3274 -8.6384 -8.6384
22225 44.69 24.73 0.00 -8.8818 -7.3567 -7.3567
22250 44.69 24.73 0.00 -8.8818 -7.3567 -7.3567
22275 44.32 25.53 0.00 -9.1787 -7.5379 -7.5379
22300 43.95 26.44 0.00 -9.2180 -8.0650 -8.0650
22325 43.95 26.44 0.00 -9.2180 -8.0650 -8.0650
22350 43.59 27.29 0.00 -9.0946 -7.2260 -7.2260
22375 43.24 28.10 0.00 -8.3724 -7.2862 -7.2862
22400 43.24 28.10 0.00 -8.3724 -7.2862 -7.2862
22425 42.92 28.86 0.00 -7.5988 -7.2352 -7.2352
22450 42.62 29.58 0.00 -7.5709 -7.7199 -7.7199
22475 42.62 29.58 0.00 -7.5709 -7.7199 -7.7199
22500 42.31 30.29 0.00 -8.2158 -7.8716 -7.8716
22525 42.31 30.29 0.00 -8.2158 -7.8716 -7.8716
22550 41.97 30.89 0.00 -8.3409 -7.5819 -7.5819
22575 41.62 31.46 0.00 -8.5227 -7.8107 -7.8107
22600 41.62 31.46 0.00 -8.5227 -7.8107 -7.8107
22625 41.29 31.95 0.00 -8.6714 -7.4392 -7.4392
22650 41.02 32.27 0.00 -8.7002 -6.8900 -6.8900
22675 41.02 32.27 0.00 -8.7002 -6.8900 -6.8900
22700 40.69 32.65 0.00 -8.1407 -6.2209 -6.2209
22725 40.37 32.93 0.00 -7.4276 -5.6925 -5.6925
22750 40.37 32.93 0.00 -7.4276 -5.6925 -5.6925
22775 40.07 33.21 0.00 -7.8648 -5.4104 -5.4104
22800 39.74 33.47 0.00 -9.0572 -5.5320 -5.5320
22825 39.74 33.47 0.00 -9.0572 -5.5320 -5.5320
22850 39.35 33.70 0.00 -10.0316 -6.2486 -6.2486
22875 38.85 33.95 0.00 -14.7346 -7.1743 -7.1743
22900 38.85 33.95 0.00 -14.7346 -7.1743 -7.1743
22925 38.08 34.21 0.00 -22.2670 -5.5983 -5.5983
22950 37.12 34.49 0.00 -23.8255 -3.4597 -3.4597
22975 37.12 34.49 0.00 -23.8255 -3.4597 -3.4597
23000 36.25 34.68 0.00 -20.0433 -3.2186 -3.2186
23025 35.52 34.88 0.00 -17.4383 -5.1418 -5.1418
23050 35.52 34.88 0.00 -17.4383 -5.1418 -5.1418
23075 34.88 35.14 0.00 -15.0255 -4.4327 -4.4327
23100 34.29 35.48 0.00 -15.3429 -5.0734 -5.0734
23125 34.29 35.48 0.00 -15.3429 -5.0734 -5.0734
23150 33.62 35.81 0.00 -16.7788 -4.0791 -4.0791
23175 32.98 36.12 0.00 -15.3325 -2.4140 -2.4140
23200 32.98 36.12 0.00 -15.3325 -2.4140 -2.4140
23225 32.48 36.48 0.00 -10.9515 -2.3452 -2.3452
23250 32.15 36.89 0.00 -6.5282 -3.2954 -3.2954
23275 32.15 36.89 0.00 -6.5282 -3.2954 -3.2954
23300 31.95 37.20 0.00 -4.1618 -4.6476 -4.6476
23325 31.81 37.53 0.00 -3.5941 -3.2932 -3.2932
23350 31.81 37.53 0.00 -3.5941 -3.2932 -3.2932
23375 31.65 37.98 0.00 -4.1466 -2.6756 -2.6756
23400 31.48 38.52 0.00 -4.1878 -1.7106 -1.7106
23425 31.48 38.52 0.00 -4.1878 -1.7106 -1.7106
23450 31.32 39.15 0.00 -3.5364 -1.3761 -1.3761
23475 31.18 39.79 0.00 -3.7961 -1.8938 -1.8938
23500 31.18 39.79 0.00 -3.7961 -1.8938 -1.8938
23525 31.07 40.25 0.00 -4.0383 -2.4456 -2.4456
23550 30.91 40.97 0.00 -3.6089 -2.8162 -2.8162
23575 30.91 40.97 0.00 -3.6089 -2.8162 -2.8162
23600 30.76 41.58 0.00 -3.6910 -3.6238 -3.6238
23625 30.76 41.58 0.00 -3.6910 -3.6238 -3.6238
23650 30.60 42.10 0.00 -4.4343 -4.5630 -4.5630
23675 30.40 42.69 0.00 -5.1312 -3.5265 -3.5265
23700 30.20 43.22 0.00 -5.1980 -2.7015 -2.7015
23725 30.20 43.22 0.00 -5.1980 -2.7015 -2.7015
23750 30.00 43.73 0.00 -4.2592 -3.5396 -3.5396
23775 29.82 44.35 0.00 -5.2916 -4.3513 -4.3513
23800 29.82 44.35 0.00 -5.2916 -4.3513 -4.3513
23825 29.56 45.06 0.00 -6.5474 -5.1330 -5.1330
23850 29.56 45.06 0.00 -6.5474 -5.1330 -5.1330
23875 29.27 45.91 0.00 -7.7492 -6.5794 -6.5794
23900 28.94 46.82 0.00 -8.4192 -5.2478 -5.2478
23925 28.94 46.82 0.00 -8.4192 -5.2478 -5.2478
23950 28.62 47.63 0.00 -8.3516 -4.7463 -4.7463
23975 28.31 48.48 0.00 -7.0840 -4.9238 -4.9238
24000 28.31 48.48 0.00 -7.0840 -4.9238 -4.9238
24025 28.07 49.35 0.00 -5.2981 -4.4691 -4.4691
24050 27.87 50.22 0.00 -4.6448 -4.7369 -4.7369
24075 27.67 50.96 0.00 -5.4631 -5.4283 -5.4283
24100 27.67 50.96 0.00 -5.4631 -5.4283 -5.4283
24125 27.41 51.70 0.00 -7.1756 -5.6908 -5.6908
24150 27.41 51.70 0.00 -7.1756 -5.6908 -5.6908
24175 27.10 52.42 0.00 -8.2555 -4.1743 -4.1743
24200 26.77 53.01 0.00 -7.9478 -4.0400 -4.0400
24225 26.77 53.01 0.00 -7.9478 -4.0400 -4.0400
24250 26.45 53.53 0.00 -8.0824 -5.2109 -5.2109
24275 26.12 53.95 0.00 -7.7910 -4.2483 -4.2483
24300 25.79 54.44 0.00 -8.6915 -4.8968 -4.8968
24325 25.79 54.44 0.00 -8.6915 -4.8968 -4.8968
24350 25.53 54.79 0.00 -8.9047 -4.7212 -4.7212
24375 25.53 54.79 0.00 -8.9047 -4.7212 -4.7212
24400 25.14 55.16 0.00 -10.0513 -3.7893 -3.7893
24425 24.70 55.55 0.00 -12.8348 -3.8611 -3.8611
24450 24.70 55.55 0.00 -12.8348 -3.8611 -3.8611
24475 24.06 56.01 0.00 -16.9203 -3.6921 -3.6921
24500 23.35 56.52 0.00 -18.0978 -3.9977 -3.9977
24525 22.62 57.17 0.00 -18.6380 -4.4042 -4.4042
24550 22.62 57.17 0.00 -18.6380 -4.4042 -4.4042
24575 21.87 57.88 0.00 -18.5307 -4.0776 -4.0776
24600 21.19 58.67 0.00 -16.1828 -4.3825 -4.3825
24625 21.19 58.67 0.00 -16.1828 -4.3825 -4.3825
24650 20.55 59.52 0.00 -15.8828 -5.2559 -5.2559
24675 20.55 59.52 0.00 -15.8828 -5.2559 -5.2559
24700 19.90 60.37 0.00 -16.2396 -3.1116 -3.1116
24725 19.31 61.24 0.00 -14.3842 -2.2689 -2.2689
24750 19.31 61.24 0.00 -14.3842 -2.2689 -2.2689
24775 18.83 62.04 0.00 -9.9932 -2.3450 -2.3450
24800 18.55 62.77 0.00 -5.8930 -3.6532 -3.6532
24825 18.55 62.77 0.00 -5.8930 -3.6532 -3.6532
24850 18.32 63.47 0.00 -5.5599 -3.5701 -3.5701
24875 18.32 63.47 0.00 -5.5599 -3.5701 -3.5701
24900 18.09 64.16 0.00 -6.6502 -2.3262 -2.3262
24925 17.80 65.00 0.00 -7.0725 -0.7238 -0.7238
24950 17.53 65.79 0.00 -5.8406 0.5003 0.5003
24975 17.53 65.79 0.00 -5.8406 0.5003 0.5003
25000 17.37 66.55 0.00 -2.5877 0.1189 0.1189
25025 17.31 67.26 0.00 -1.5823 -0.7502 -0.7502
25050 17.31 67.26 0.00 -1.5823 -0.7502 -0.7502
25075 17.24 67.89 0.00 -2.2023 0.1082 0.1082
25100 17.16 68.48 0.00 -1.3972 -0.0828 -0.0828
25125 17.16 68.48 0.00 -1.3972 -0.0828 -0.0828
25150 17.10 68.98 0.00 -1.6369 -0.2725 -0.2725
25175 17.02 69.37 0.00 -2.9801 -0.2378 -0.2378
25200 17.02 69.37 0.00 -2.9801 -0.2378 -0.2378
25225 16.91 69.99 0.00 -3.1492 0.4236 0.4236
25250 16.79 70.70 0.00 -2.7920 0.8457 0.8457
25275 16.79 70.70 0.00 -2.7920 0.8457 0.8457
25300 16.68 71.33 0.00 -2.1300 0.3125 0.3125
25325 16.62 71.81 0.00 -1.4459 0.0891 0.0891
25350 16.62 71.81 0.00 -1.4459 0.0891 0.0891
25375 16.58 72.14 0.00 -0.9507 -0.0270 -0.0270
25400 16.56 72.42 0.00 -0.2928 -0.8337 -0.8337
25425 16.56 72.42 0.00 -0.2928 -0.8337 -0.8337
25450 16.54 72.65 0.00 -0.3257 -0.5902 -0.5902
25475 16.54 72.79 0.00 0.2170 -0.5692 -0.5692
25500 16.54 72.79 0.00 0.2170 -0.5692 -0.5692
25525 16.56 72.92 0.00 1.1113 -1.2234 -1.2234
25550 16.64 72.98 0.00 1.7897 -1.6057 -1.6057
25575 16.64 72.98 0.00 1.7897 -1.6057 -1.6057
25600 16.70 72.99 0.00 1.1719 -1.2620 -1.2620
25625 16.72 73.03 0.00 -0.0859 0.1262 0.1262
25650 16.72 73.03 0.00 -0.0859 0.1262 0.1262
25675 16.70 72.99 0.00 -0.3091 0.9917 0.9917
25700 16.70 72.99 0.00 -0.3091 0.9917 0.9917
25725 16.72 72.97 0.00 1.3082 0.4356 0.4356
25750 16.79 72.93 0.00 1.8182 -0.1588 -0.1588
25775 16.83 72.88 0.00 0.5979 0.4749 0.4749
25800 16.83 72.88 0.00 0.5979 0.4749 0.4749
25825 16.83 72.82 0.00 0.0775 1.1489 1.1489
25850 16.83 72.79 0.00 0.3274 0.2890 0.2890
25875 16.83 72.79 0.00 0.3274 0.2890 0.2890
25900 16.91 72.80 0.00 2.1297 0.8720 0.8720
25925 16.97 72.84 0.00 1.6142 0.9620 0.9620
25950 16.97 72.84 0.00 1.6142 0.9620 0.9620
25975 17.01 72.80 0.00 0.7929 0.4398 0.4398
26000 17.01 72.80 0.00 0.7929 0.4398 0.4398
26025 17.04 72.76 0.00 1.0748 0.8213 0.8213
26050 17.08 72.76 0.00 0.9610 0.1760 0.1760
26075 17.12 72.78 0.00 1.1950 0.2767 0.2767
26100 17.12 72.78 0.00 1.1950 0.2767 0.2767
26125 17.16 72.80 0.00 1.3945 -0.4812 -0.4812
26150 17.16 72.80 0.00 1.3945 -0.4812 -0.4812
26175 17.28 72.89 0.00 3.3864 0.9940 0.9940
26200 17.45 73.08 0.00 4.7959 0.5695 0.5695
26225 17.45 73.08 0.00 4.7959 0.5695 0.5695
26250 17.66 73.30 0.00 5.0677 1.0223 1.0223
26275 17.86 73.52 0.00 5.4092 1.0071 1.0071
26300 17.86 73.52 0.00 5.4092 1.0071 1.0071
26325 18.09 73.75 0.00 5.7993 0.4373 0.4373
26350 18.28 73.95 0.00 4.0279 0.9327 0.9327
26375 18.28 73.95 0.00 4.0279 0.9327 0.9327
26400 18.41 74.09 0.00 2.9840 1.5565 1.5565
26425 18.55 74.22 0.00 3.3143 0.7940 0.7940
26450 18.55 74.22 0.00 3.3143 0.7940 0.7940
26475 18.68 74.32 0.00 3.8616 0.0981 0.0981
26500 18.83 74.41 0.00 3.1346 0.1723 0.1723
26525 18.83 74.41 0.00 3.1346 0.1723 0.1723
26550 18.93 74.41 0.00 2.0554 0.4525 0.4525
26575 18.99 74.45 0.00 1.2411 1.0391 1.0391
26600 18.99 74.45 0.00 1.2411 1.0391 1.0391
26625 19.03 74.48 0.00 1.5817 0.3525 0.3525
26650 19.10 74.50 0.00 1.8672 0.5751 0.5751
26675 19.10 74.50 0.00 1.8672 0.5751 0.5751
26700 19.18 74.53 0.00 1.9446 0.3051 0.3051
26725 19.26 74.58 0.00 1.8994 -0.2518 -0.2518
26750 19.26 74.58 0.00 1.8994 -0.2518 -0.2518
26775 19.35 74.71 0.00 2.4099 0.3203 0.3203
26800 19.41 74.82 0.00 1.8083 0.1794 0.1794
26825 19.41 74.82 0.00 1.8083 0.1794 0.1794
26850 19.48 74.95 0.00 1.9660 -0.1477 -0.1477
26875 19.48 74.95 0.00 1.9660 -0.1477 -0.1477
26900 19.56 75.13 0.00 2.0806 -0.5597 -0.5597
26925 19.66 75.37 0.00 2.4029 -0.1187 -0.1187
26950 19.81 75.66 0.00 5.2452 -1.4317 -1.4317
26975 19.81 75.66 0.00 5.2452 -1.4317 -1.4317
27000 20.09 75.94 0.00 7.8942 -2.9269 -2.9269
27025 20.42 76.23 0.00 7.7235 -0.3516 -0.3516
27050 20.42 76.23 0.00 7.7235 -0.3516 -0.3516
27075 20.66 76.48 0.00 5.1511 0.3004 0.3004
27100 20.85 76.67 0.00 4.6081 1.1071 1.1071
27125 20.85 76.67 0.00 4.6081 1.1071 1.1071
27150 21.04 76.78 0.00 4.8039 1.5105 1.5105
27175 21.04 76.78 0.00 4.8039 1.5105 1.5105
27200 21.23 76.86 0.00 4.8189 1.1217 1.1217
27225 21.42 76.97 0.00 4.9030 0.0372 0.0372
27250 21.42 76.97 0.00 4.9030 0.0372 0.0372
27275 21.61 76.98 0.00 4.6977 0.1061 0.1061
27300 21.78 76.99 0.00 3.1725 0.6433 0.6433
27325 21.78 76.99 0.00 3.1725 0.6433 0.6433
27350 21.85 77.05 0.00 1.9791 0.9599 0.9599
27375 21.95 77.08 0.00 2.6836 0.4698 0.4698
27400 21.95 77.08 0.00 2.6836 0.4698 0.4698
27425 22.08 77.11 0.00 2.9779 -0.1385 -0.1385
27450 22.15 77.16 0.00 2.7649 0.2674 0.2674
27475 22.15 77.16 0.00 2.7649 0.2674 0.2674
27500 22.29 77.31 0.00 2.5708 -0.1225 -0.1225
27525 22.40 77.39 0.00 2.2042 0.2919 0.2919
27550 22.40 77.39 0.00 2.2042 0.2919 0.2919
27575 22.44 77.47 0.00 1.5966 0.5037 0.5037
27600 22.51 77.61 0.00 2.1441 0.0181 0.0181
27625 22.51 77.61 0.00 2.1441 0.0181 0.0181
27650 22.62 77.74 0.00 2.9573 0.4628 0.4628
27675 22.74 77.77 0.00 2.3324 0.9082 0.9082
27700 22.74 77.77 0.00 2.3324 0.9082 0.9082
27725 22.81 77.82 0.00 2.2552 1.0805 1.0805
27750 22.91 77.84 0.00 2.3534 0.6385 0.6385
27775 22.91 77.84 0.00 2.3534 0.6385 0.6385
27800 23.02 77.82 0.00 2.8004 0.4845 0.4845
27825 23.13 77.79 0.00 3.2445 0.2241 0.2241
27850 23.13 77.79 0.00 3.2445 0.2241 0.2241
27875 23.28 77.73 0.00 3.9547 0.6512 0.6512
27900 23.49 77.67 0.00 5.7759 1.2433 1.2433
27925 23.49 77.67 0.00 5.7759 1.2433 1.2433
27950 23.75 77.66 0.00 7.2765 0.3298 0.3298
27975 24.06 77.67 0.00 8.6604 1.0337 1.0337
28000 24.06 77.67 0.00 8.6604 1.0337 1.0337
28025 24.45 77.68 0.00 10.3529 1.3084 1.3084
28050 24.88 77.68 0.00 10.7403 1.1830 1.1830
28075 24.88 77.68 0.00 10.7403 1.1830 1.1830
28100 25.29 77.69 0.00 9.7167 1.1676 1.1676
28125 25.70 77.71 0.00 10.0665 0.9005 0.9005
28150 25.70 77.71 0.00 10.0665 0.9005 0.9005
28175 26.08 77.77 0.00 9.7312 0.4931 0.4931
28200 26.49 77.87 0.00 10.2949 0.4568 0.4568
28225 26.49 77.87 0.00 10.2949 0.4568 0.4568
28250 26.89 77.93 0.00 9.7836 0.7919 0.7919
28275 27.24 77.97 0.00 7.9512 1.6039 1.6039
28300 27.24 77.97 0.00 7.9512 1.6039 1.6039
28325 27.50 78.04 0.00 6.1483 2.6015 2.6015
28350 27.78 78.05 0.00 6.8543 2.4596 2.4596
28375 27.78 78.05 0.00 6.8543 2.4596 2.4596
28400 28.05 78.00 0.00 7.3694 2.5213 2.5213
28425 28.29 77.92 0.00 7.7644 2.2326 2.2326
28450 28.29 77.92 0.00 7.7644 2.2326 2.2326
28475 28.60 77.82 0.00 7.8299 1.2357 1.2357
28500 28.91 77.72 0.00 7.7748 2.2315 2.2315
28525 28.91 77.72 0.00 7.7748 2.2315 2.2315
28550 29.24 77.61 0.00 8.3002 1.6479 1.6479
28575 29.58 77.40 0.00 8.4881 1.6284 1.6284
28600 29.58 77.40 0.00 8.4881 1.6284 1.6284
28625 29.91 77.08 0.00 8.1055 2.9875 2.9875
28650 30.25 76.78 0.00 9.1550 3.5572 3.5572
28675 30.25 76.78 0.00 9.1550 3.5572 3.5572
28700 30.63 76.40 0.00 10.1007 2.9686 2.9686
28725 30.63 76.40 0.00 10.1007 2.9686 2.9686
28750 31.05 75.94 0.00 10.8551 3.5206 3.5206
28775 31.52 75.48 0.00 11.9689 4.8156 4.8156
28800 31.52 75.48 0.00 11.9689 4.8156 4.8156
28825 32.01 75.06 0.00 12.4514 4.0833 4.0833
28850 32.51 74.63 0.00 12.3732 4.6203 4.6203
28875 33.00 74.20 0.00 12.1334 4.5283 4.5283
28900 33.00 74.20 0.00 12.1334 4.5283 4.5283
28925 33.50 73.85 0.00 13.3021 3.7643 3.7643
28950 33.50 73.85 0.00 13.3021 3.7643 3.7643
28975 34.09 73.57 0.00 15.0088 2.8543 2.8543
29000 34.66 73.35 0.00 13.8454 3.2177 3.2177
29025 34.66 73.35 0.00 13.8454 3.2177 3.2177
29050 35.16 73.13 0.00 11.7706 4.2075 4.2075
29075 35.63 72.98 0.00 11.4927 4.2480 4.2480
29100 35.63 72.98 0.00 11.4927 4.2480 4.2480
29125 36.09 72.85 0.00 11.2954 4.2373 4.2373
29150 36.53 72.74 0.00 11.4216 4.3432 4.3432
29175 36.53 72.74 0.00 11.4216 4.3432 4.3432
29200 37.03 72.68 0.00 13.0858 4.4284 4.4284
29225 37.46 72.69 0.00 14.5550 4.5944 4.5944
29250 37.46 72.69 0.00 14.5550 4.5944 4.5944
29275 38.06 72.74 0.00 14.8562 4.3101 4.3101
29300 38.61 72.75 0.00 13.1860 5.2557 5.2557
29325 38.61 72.75 0.00 13.1860 5.2557 5.2557
29350 39.10 72.75 0.00 12.0115 6.3650 6.3650
29375 39.58 72.78 0.00 11.6568 6.4292 6.4292
29400 40.02 72.72 0.00 11.1922 5.9378 5.9378
29425 40.02 72.72 0.00 11.1922 5.9378 5.9378
29450 40.48 72.65 0.00 11.0400 5.5259 5.5259
29475 40.48 72.65 0.00 11.0400 5.5259 5.5259
29500 40.90 72.59 0.00 10.6053 5.4254 5.4254
29525 41.30 72.54 0.00 9.5666 5.9641 5.9641
29550 41.30 72.54 0.00 9.5666 5.9641 5.9641
29575 41.64 72.45 0.00 7.2883 6.6746 6.6746
29600 41.90 72.36 0.00 6.6057 8.0213 8.0213
29625 41.90 72.36 0.00 6.6057 8.0213 8.0213
29650 42.18 72.32 0.00 7.6103 6.1411 6.1411
29675 42.52 72.30 0.00 8.3102 5.9642 5.9642
29700 42.52 72.30 0.00 8.3102 5.9642 5.9642
29725 42.83 72.23 0.00 8.1159 6.1409 6.1409
29750 43.15 72.14 0.00 7.2524 5.6677 5.6677
29775 43.15 72.14 0.00 7.2524 5.6677 5.6677
29800 43.43 72.03 0.00 7.2819 5.9391 5.9391
29825 43.43 72.03 0.00 7.2819 5.9391 5.9391
29850 43.73 71.94 0.00 7.7827 5.9853 5.9853
29875 44.04 71.83 0.00 7.5344 5.2150 5.2150
29900 44.04 71.83 0.00 7.5344 5.2150 5.2150
29925 44.34 71.69 0.00 7.1930 5.3706 5.3706
29950 44.62 71.57 0.00 6.9723 5.6732 5.6732
29975 44.62 71.57 0.00 6.9723 5.6732 5.6732
30000 44.90 71.39 0.00 6.9279 5.7125 5.7125
30025 45.11 71.21 0.00 7.0808 6.4912 6.4912
30050 45.11 71.21 0.00 7.0808 6.4912 6.4912
30075 45.41 70.97 0.00 7.8099 6.7061 6.7061
30100 45.72 70.63 0.00 8.0341 7.2821 7.2821
30125 45.72 70.63 0.00 8.0341 7.2821 7.2821
30150 46.05 70.30 0.00 8.5431 7.8055 7.8055
30175 46.40 69.91 0.00 9.2356 7.3312 7.3312
30200 46.40 69.91 0.00 9.2356 7.3312 7.3312
30225 46.80 69.51 0.00 10.6691 7.9186 7.9186
30250 47.24 69.11 0.00 10.7931 7.8333 7.8333
30275 47.24 69.11 0.00 10.7931 7.8333 7.8333
30300 47.66 68.67 0.00 9.9994 8.1579 8.1579
30325 48.06 68.14 0.00 9.9980 8.1978 8.1978
30350 48.06 68.14 0.00 9.9980 8.1978 8.1978
30375 48.48 67.65 0.00 10.6425 8.3267 8.3267
30400 48.92 67.18 0.00 11.5158 8.6178 8.6178
30425 48.92 67.18 0.00 11.5158 8.6178 8.6178
30450 49.39 66.69 0.00 11.9319 8.6219 8.6219
30475 49.90 66.15 0.00 12.7392 9.8253 9.8253
30500 49.90 66.15 0.00 12.7392 9.8253 9.8253
30525 50.38 65.70 0.00 12.3503 9.1785 9.1785
30550 50.91 65.30 0.00 12.9498 9.6906 9.6906
30575 50.91 65.30 0.00 12.9498 9.6906 9.6906
30600 51.43 64.88 0.00 12.9540 9.4207 9.4207
30625 51.92 64.48 0.00 11.8845 9.6701 9.6701
30650 51.92 64.48 0.00 11.8845 9.6701 9.6701
30675 52.36 64.13 0.00 10.8702 9.5169 9.5169
30700 52.79 63.79 0.00 10.4295 9.1625 9.1625
30725 52.79 63.79 0.00 10.4295 9.1625 9.1625
30750 53.20 63.48 0.00 10.4465 8.3321 8.3321
30775 53.63 63.22 0.00 10.9451 7.8028 7.8028
30800 53.63 63.22 0.00 10.9451 7.8028 7.8028
30825 54.07 62.99 0.00 10.7617 7.3545 7.3545
30850 54.07 62.99 0.00 10.7617 7.3545 7.3545
30875 54.40 62.83 0.00 11.6207 7.4720 7.4720
30900 54.93 62.64 0.00 13.4865 6.9485 6.9485
30925 54.93 62.64 0.00 13.4865 6.9485 6.9485
30950 55.45 62.47 0.00 13.0252 5.7186 5.7186
30975 55.92 62.29 0.00 10.4434 5.6145 5.6145
31000 55.92 62.29 0.00 10.4434 5.6145 5.6145
31025 56.27 62.13 0.00 8.2835 5.7253 5.7253
31050 56.57 61.97 0.00 6.5697 5.4362 5.4362
31075 56.57 61.97 0.00 6.5697 5.4362 5.4362
31100 56.80 61.80 0.00 5.1743 5.1079 5.1079
31125 56.99 61.61 0.00 5.2000 4.7582 4.7582
31150 56.99 61.61 0.00 5.2000 4.7582 4.7582
31175 57.20 61.47 0.00 5.0821 3.2297 3.2297
31200 57.38 61.29 0.00 4.0126 3.2227 3.2227
31225 57.38 61.29 0.00 4.0126 3.2227 3.2227
31250 57.52 61.06 0.00 2.8006 3.4770 3.4770
31275 57.62 60.82 0.00 2.3639 2.9464 2.9464
31300 57.62 60.82 0.00 2.3639 2.9464 2.9464
31325 57.66 60.55 0.00 0.1561 2.5766 2.5766
31350 57.62 60.26 0.00 -1.1818 2.5479 2.5479
31375 57.62 60.26 0.00 -1.1818 2.5479 2.5479
31400 57.61 59.90 0.00 -0.0971 2.8652 2.8652
31425 57.61 59.61 0.00 -0.0253 1.0081 1.0081
31450 57.61 59.61 0.00 -0.0253 1.0081 1.0081
31475 57.61 59.34 0.00 0.2489 0.9426 0.9426
31500 57.64 59.05 0.00 1.0322 1.1229 1.1229
31525 57.64 59.05 0.00 1.0322 1.1229 1.1229
31550 57.69 58.73 0.00 1.3554 1.2783 1.2783
31575 57.71 58.38 0.00 0.1454 1.1573 1.1573
31600 57.71 58.38 0.00 0.1454 1.1573 1.1573
31625 57.71 58.06 0.00 0.0644 1.2266 1.2266
31650 57.73 57.76 0.00 0.6180 0.8127 0.8127
31675 57.73 57.76 0.00 0.6180 0.8127 0.8127
31700 57.76 57.45 0.00 0.7717 0.9946 0.9946
31725 57.76 57.45 0.00 0.7717 0.9946 0.9946
31750 57.80 57.18 0.00 0.9526 1.5161 1.5161
31775 57.87 56.94 0.00 2.1486 2.0104 2.0104
31800 57.94 56.74 0.00 2.7808 2.1296 2.1296
31825 57.94 56.74 0.00 2.7808 2.1296 2.1296
31850 58.05 56.53 0.00 2.5348 2.0824 2.0824
31875 58.13 56.32 0.00 1.8698 2.1048 2.1048
31900 58.13 56.32 0.00 1.8698 2.1048 2.1048
31925 58.20 56.11 0.00 1.9282 2.0900 2.0900
31950 58.20 56.11 0.00 1.9282 2.0900 2.0900
31975 58.31 55.93 0.00 2.3705 2.1802 2.1802
32000 58.40 55.72 0.00 1.8965 1.7558 1.7558
32025 58.40 55.72 0.00 1.8965 1.7558 1.7558
32050 58.43 55.52 0.00 1.0355 1.2970 1.2970
32075 58.49 55.38 0.00 1.3606 1.4646 1.4646
32100 58.49 55.38 0.00 1.3606 1.4646 1.4646
32125 58.54 55.24 0.00 1.3482 0.6298 0.6298
32150 58.57 55.06 0.00 0.2249 0.8190 0.8190
32175 58.57 55.06 0.00 0.2249 0.8190 0.8190
32200 58.54 54.83 0.00 -1.4511 0.7820 0.7820
32225 58.47 54.62 0.00 -1.6589 0.6646 0.6646
32250 58.47 54.62 0.00 -1.6589 0.6646 0.6646
32275 58.40 54.41 0.00 -1.9280 -0.3393 -0.3393
32300 58.34 54.18 0.00 -1.3953 1.2845 1.2845
32325 58.34 54.18 0.00 -1.3953 1.2845 1.2845
32350 58.26 53.99 0.00 -2.2677 0.4448 0.4448
32375 58.17 53.83 0.00 -2.0420 -0.4228 -0.4228
32400 58.17 53.83 0.00 -2.0420 -0.4228 -0.4228
32425 58.10 53.69 0.00 -1.4581 -0.2731 -0.2731
32450 58.05 53.51 0.00 -1.2786 -0.3062 -0.3062
32475 58.05 53.51 0.00 -1.2786 -0.3062 -0.3062
32500 57.99 53.37 0.00 -1.3586 -0.4264 -0.4264
32525 57.94 53.21 0.00 -1.8104 -0.5194 -0.5194
32550 57.94 53.21 0.00 -1.8104 -0.5194 -0.5194
32575 57.87 53.09 0.00 -1.5386 -0.8006 -0.8006
32600 57.82 52.96 0.00 -0.9923 -0.9570 -0.9570
32625 57.82 52.96 0.00 -0.9923 -0.9570 -0.9570
32650 57.78 52.89 0.00 -1.1368 -0.4593 -0.4593
32675 57.78 52.89 0.00 -1.1368 -0.4593 -0.4593
32700 57.73 52.79 0.00 -1.3806 -0.3548 -0.3548
32725 57.68 52.68 0.00 -1.3146 -0.3621 -0.3621
32750 57.64 52.56 0.00 -1.0229 0.4005 0.4005
32775 57.64 52.56 0.00 -1.0229 0.4005 0.4005
32800 57.59 52.42 0.00 -1.1484 0.1081 0.1081
32825 57.54 52.31 0.00 -1.8179 -0.0813 -0.0813
32850 57.54 52.31 0.00 -1.8179 -0.0813 -0.0813
32875 57.43 52.17 0.00 -2.6447 -0.7369 -0.7369
32900 57.33 52.01 0.00 -2.7014 -0.4829 -0.4829
32925 57.33 52.01 0.00 -2.7014 -0.4829 -0.4829
32950 57.24 51.85 0.00 -1.9178 -0.0537 -0.0537
32975 57.17 51.66 0.00 -2.0513 -0.6531 -0.6531
33000 57.17 51.66 0.00 -2.0513 -0.6531 -0.6531
33025 57.06 51.51 0.00 -2.9133 -0.3291 -0.3291
33050 56.90 51.32 0.00 -4.6272 -0.8019 -0.8019
33075 56.90 51.32 0.00 -4.6272 -0.8019 -0.8019
33100 56.69 51.14 0.00 -5.5329 -0.7418 -0.7418
33125 56.47 50.99 0.00 -5.4198 -1.0109 -1.0109
33150 56.47 50.99 0.00 -5.4198 -1.0109 -1.0109
33175 56.27 50.85 0.00 -4.9615 -1.1429 -1.1429
33200 56.27 50.85 0.00 -4.9615 -1.1429 -1.1429
33225 56.08 50.74 0.00 -4.8460 -1.6716 -1.6716
33250 55.91 50.58 0.00 -3.5463 -0.6379 -0.6379
33275 55.91 50.58 0.00 -3.5463 -0.6379 -0.6379
33300 55.80 50.48 0.00 -2.5347 -0.6088 -0.6088
33325 55.70 50.42 0.00 -2.1866 -1.1894 -1.1894
33350 55.64 50.35 0.00 -2.0139 -0.8465 -0.8465
33375 55.64 50.35 0.00 -2.0139 -0.8465 -0.8465
33400 55.57 50.19 0.00 -1.6496 -0.4063 -0.4063
33425 55.57 50.19 0.00 -1.6496 -0.4063 -0.4063
33450 55.50 50.07 0.00 -1.6354 -0.6059 -0.6059
33475 55.43 49.93 0.00 -1.9161 -0.7714 -0.7714
33500 55.43 49.93 0.00 -1.9161 -0.7714 -0.7714
33525 55.35 49.77 0.00 -2.2513 -0.7876 -0.7876
33550 55.26 49.61 0.00 -2.1424 -0.6463 -0.6463
33575 55.26 49.61 0.00 -2.1424 -0.6463 -0.6463
33600 55.17 49.43 0.00 -2.4171 -0.6205 -0.6205
33625 55.17 49.43 0.00 -2.4171 -0.6205 -0.6205
33650 55.07 49.21 0.00 -2.9495 -0.3643 -0.3643
33675 54.94 48.98 0.00 -2.8919 0.0338 0.0338
33700 54.94 48.98 0.00 -2.8919 0.0338 0.0338
33725 54.80 48.73 0.00 -3.6070 -0.3905 -0.3905
33750 54.63 48.48 0.00 -5.0197 -1.0386 -1.0386
33775 54.38 48.31 0.00 -6.6478 -1.6065 -1.6065
33800 54.38 48.31 0.00 -6.6478 -1.6065 -1.6065
33825 54.10 48.13 0.00 -7.4651 -1.8623 -1.8623
33850 54.10 48.13 0.00 -7.4651 -1.8623 -1.8623
33875 53.79 47.95 0.00 -8.2501 -2.4991 -2.4991
33900 53.46 47.79 0.00 -8.0143 -2.4204 -2.4204
33925 53.46 47.79 0.00 -8.0143 -2.4204 -2.4204
33950 53.14 47.63 0.00 -7.5878 -3.1016 -3.1016
33975 52.85 47.53 0.00 -7.4775 -4.1165 -4.1165
34000 52.85 47.53 0.00 -7.4775 -4.1165 -4.1165
34025 52.53 47.51 0.00 -8.3845 -4.5314 -4.5314
34050 52.16 47.53 0.00 -9.7430 -4.8199 -4.8199
34075 52.16 47.53 0.00 -9.7430 -4.8199 -4.8199
