%#        Time[ms]        X[pixel],        Y[pixel],        Z[pixel],  dX/dt[pixel/s],  dY/dt[pixel/s],  dZ/dt[pixel/s] 
0 50.00 50.00 0.00 -0.2515 -0.5082 -0.5082
25 50.02 50.02 0.00 0.4594 0.6261 0.6261
50 50.03 50.04 0.00 0.2435 -0.1468 -0.1468
75 50.03 50.04 0.00 0.2435 -0.1468 -0.1468
100 50.03 50.00 0.00 -0.0271 0.1220 0.1220
125 50.02 49.98 0.00 -0.6271 -0.1623 -0.1623
150 50.02 49.98 0.00 -0.6271 -0.1623 -0.1623
175 50.00 50.02 0.00 -0.2190 -0.3605 -0.3605
200 50.00 50.00 0.00 -0.0951 -0.4639 -0.4639
225 50.00 50.00 0.00 -0.0951 -0.4639 -0.4639
250 50.00 49.96 0.00 -0.1700 0.1227 0.1227
275 50.00 49.98 0.00 0.2606 0.9294 0.9294
300 50.00 49.98 0.00 0.2606 0.9294 0.9294
325 50.00 50.04 0.00 0.0496 -0.2561 -0.2561
350 49.98 50.07 0.00 -0.8477 0.0616 0.0616
375 49.98 50.07 0.00 -0.8477 0.0616 0.0616
400 49.95 50.05 0.00 -0.9997 0.0217 0.0217
425 49.91 50.04 0.00 -1.0556 -0.7185 -0.7185
450 49.91 50.04 0.00 -1.0556 -0.7185 -0.7185
475 49.88 50.00 0.00 -0.7789 0.2236 0.2236
500 49.86 49.91 0.00 -0.2037 0.4852 0.4852
525 49.86 49.91 0.00 -0.2037 0.4852 0.4852
550 49.86 49.73 0.00 0.1780 -0.3070 -0.3070
575 49.86 49.73 0.00 0.1780 -0.3070 -0.3070
600 49.88 49.53 0.00 0.8812 0.5580 0.5580
625 49.95 49.24 0.00 2.8081 1.7322 1.7322
650 50.10 48.97 0.00 4.0755 2.1017 2.1017
675 50.10 48.97 0.00 4.0755 2.1017 2.1017
700 50.30 48.68 0.00 5.0406 2.5980 2.5980
725 50.51 48.39 0.00 5.9128 2.3083 2.3083
750 50.51 48.39 0.00 5.9128 2.3083 2.3083
775 50.77 48.19 0.00 6.6950 1.8513 1.8513
800 50.77 48.19 0.00 6.6950 1.8513 1.8513
825 51.05 48.01 0.00 7.1465 1.4220 1.4220
850 51.36 47.85 0.00 8.5453 1.5492 1.5492
875 51.36 47.85 0.00 8.5453 1.5492 1.5492
900 51.75 47.72 0.00 10.1604 1.7299 1.7299
925 52.20 47.61 0.00 11.7748 1.9570 1.9570
950 52.20 47.61 0.00 11.7748 1.9570 1.9570
975 52.65 47.50 0.00 11.7180 1.1502 1.1502
1000 53.04 47.38 0.00 12.6982 2.4274 2.4274
1025 53.04 47.38 0.00 12.6982 2.4274 2.4274
1050 53.58 47.16 0.00 14.3089 2.9271 2.9271
1075 54.21 46.92 0.00 16.5874 2.7140 2.7140
1100 54.21 46.92 0.00 16.5874 2.7140 2.7140
1125 54.91 46.71 0.00 18.2760 2.6922 2.6922
1150 55.64 46.47 0.00 18.0191 2.3124 2.3124
1175 55.64 46.47 0.00 18.0191 2.3124 2.3124
1200 56.36 46.27 0.00 17.5357 3.8635 3.8635
1225 57.06 46.03 0.00 18.1322 4.9905 4.9905
1250 57.06 46.03 0.00 18.1322 4.9905 4.9905
1275 57.82 45.83 0.00 18.9735 5.7420 5.7420
1300 58.54 45.74 0.00 17.0561 4.1797 4.1797
1325 58.54 45.74 0.00 17.0561 4.1797 4.1797
1350 59.14 45.66 0.00 13.9130 4.1415 4.1415
1375 59.63 45.59 0.00 11.2740 4.8364 4.8364
1400 59.63 45.59 0.00 11.2740 4.8364 4.8364
1425 60.02 45.53 0.00 8.1429 4.3469 4.3469
1450 60.30 45.47 0.00 6.3205 4.1359 4.1359
1475 60.30 45.47 0.00 6.3205 4.1359 4.1359
1500 60.51 45.39 0.00 5.3037 3.9066 3.9066
1525 60.74 45.29 0.00 6.0135 3.6624 3.6624
1550 60.74 45.29 0.00 6.0135 3.6624 3.6624
1575 61.00 45.12 0.00 7.0418 2.5975 2.5975
1600 61.32 44.94 0.00 8.3485 3.4464 3.4464
1625 61.32 44.94 0.00 8.3485 3.4464 3.4464
1650 61.69 44.68 0.00 9.6051 3.6457 3.6457
1675 62.12 44.33 0.00 11.8235 4.3398 4.3398
1700 62.12 44.33 0.00 11.8235 4.3398 4.3398
1725 62.63 43.93 0.00 13.6895 4.8386 4.8386
1750 62.63 43.93 0.00 13.6895 4.8386 4.8386
1775 63.22 43.48 0.00 14.7907 5.2378 5.2378
1800 63.66 43.15 0.00 15.2210 4.7255 4.7255
1825 63.66 43.15 0.00 15.2210 4.7255 4.7255
1850 64.27 42.72 0.00 14.8338 4.3210 4.3210
1875 64.84 42.32 0.00 13.5398 4.5618 4.5618
1900 64.84 42.32 0.00 13.5398 4.5618 4.5618
1925 65.32 41.98 0.00 11.4266 4.9103 4.9103
1950 65.71 41.68 0.00 8.9500 5.5303 5.5303
1975 65.71 41.68 0.00 8.9500 5.5303 5.5303
2000 66.02 41.37 0.00 6.7797 5.6647 5.6647
2025 66.29 41.13 0.00 6.9776 5.9037 5.9037
2050 66.29 41.13 0.00 6.9776 5.9037 5.9037
2075 66.55 40.97 0.00 6.2827 3.8822 3.8822
2100 66.77 40.88 0.00 5.0733 2.8756 2.8756
2125 66.77 40.88 0.00 5.0733 2.8756 2.8756
2150 66.93 40.78 0.00 3.7534 2.5758 2.5758
2175 67.06 40.76 0.00 2.8923 2.3871 2.3871
2200 67.18 40.73 0.00 2.7436 2.5185 2.5185
2225 67.18 40.73 0.00 2.7436 2.5185 2.5185
2250 67.29 40.59 0.00 2.9136 2.7619 2.7619
2275 67.29 40.59 0.00 2.9136 2.7619 2.7619
2300 67.42 40.51 0.00 3.1925 2.5283 2.5283
2325 67.54 40.49 0.00 3.1120 2.0729 2.0729
2350 67.54 40.49 0.00 3.1120 2.0729 2.0729
2375 67.67 40.46 0.00 3.0001 2.0023 2.0023
2400 67.78 40.42 0.00 3.1292 2.2809 2.2809
2425 67.78 40.42 0.00 3.1292 2.2809 2.2809
2450 67.90 40.38 0.00 3.0906 1.7838 1.7838
2475 68.05 40.37 0.00 3.2304 2.0814 2.0814
2500 68.05 40.37 0.00 3.2304 2.0814 2.0814
2525 68.16 40.33 0.00 2.7211 2.0884 2.0884
2550 68.25 40.30 0.00 2.3448 1.5721 1.5721
2575 68.25 40.30 0.00 2.3448 1.5721 1.5721
2600 68.34 40.28 0.00 2.3295 1.7394 1.7394
2625 68.44 40.25 0.00 2.8725 2.1701 2.1701
2650 68.44 40.25 0.00 2.8725 2.1701 2.1701
2675 68.53 40.23 0.00 3.2396 2.2431 2.2431
2700 68.70 40.20 0.00 4.3778 1.9419 1.9419
2725 68.70 40.20 0.00 4.3778 1.9419 1.9419
2750 68.93 40.19 0.00 6.7756 2.1894 2.1894
2775 68.93 40.19 0.00 6.7756 2.1894 2.1894
2800 69.28 40.17 0.00 10.4416 1.7972 1.7972
2825 69.76 40.11 0.00 12.8781 0.3829 0.3829
2850 69.76 40.11 0.00 12.8781 0.3829 0.3829
2875 70.29 40.02 0.00 13.1384 0.7776 0.7776
2900 70.80 39.90 0.00 12.5902 1.8903 1.8903
2925 71.27 39.80 0.00 11.5282 2.4446 2.4446
2950 71.27 39.80 0.00 11.5282 2.4446 2.4446
2975 71.73 39.69 0.00 11.1114 2.5439 2.5439
3000 71.73 39.69 0.00 11.1114 2.5439 2.5439
3025 72.19 39.65 0.00 11.8634 3.3217 3.3217
3050 72.66 39.64 0.00 11.5176 2.4969 2.4969
3075 72.66 39.64 0.00 11.5176 2.4969 2.4969
3100 73.12 39.57 0.00 11.2103 2.8607 2.8607
3125 73.53 39.49 0.00 9.8518 2.5641 2.5641
3150 73.53 39.49 0.00 9.8518 2.5641 2.5641
3175 73.90 39.46 0.00 8.2195 2.8670 2.8670
3200 74.17 39.41 0.00 6.1996 2.4813 2.4813
3225 74.17 39.41 0.00 6.1996 2.4813 2.4813
3250 74.40 39.32 0.00 5.5228 4.0200 4.0200
3275 74.60 39.28 0.00 4.2770 3.1560 3.1560
3300 74.60 39.28 0.00 4.2770 3.1560 3.1560
3325 74.73 39.29 0.00 2.7440 1.6162 1.6162
3350 74.80 39.29 0.00 1.1968 1.6094 1.6094
3375 74.80 39.29 0.00 1.1968 1.6094 1.6094
3400 74.82 39.21 0.00 0.0113 1.5982 1.5982
3425 74.78 39.15 0.00 -1.5195 0.5379 0.5379
3450 74.71 39.08 0.00 -3.4653 0.5914 0.5914
3475 74.71 39.08 0.00 -3.4653 0.5914 0.5914
3500 74.53 38.96 0.00 -5.3620 0.8569 0.8569
3525 74.53 38.96 0.00 -5.3620 0.8569 0.8569
3550 74.28 38.82 0.00 -6.3671 0.1127 0.1127
3575 74.01 38.72 0.00 -7.1574 -0.3922 -0.3922
3600 74.01 38.72 0.00 -7.1574 -0.3922 -0.3922
3625 73.71 38.62 0.00 -7.4074 -0.4158 -0.4158
3650 73.42 38.47 0.00 -7.4610 -0.6290 -0.6290
3675 73.11 38.33 0.00 -8.0116 -0.9511 -0.9511
3700 73.11 38.33 0.00 -8.0116 -0.9511 -0.9511
3725 72.79 38.22 0.00 -7.5618 -0.9486 -0.9486
3750 72.79 38.22 0.00 -7.5618 -0.9486 -0.9486
3775 72.50 38.14 0.00 -6.7562 -1.3891 -1.3891
3800 72.24 38.06 0.00 -6.4010 -1.4494 -1.4494
3825 72.24 38.06 0.00 -6.4010 -1.4494 -1.4494
3850 71.99 38.04 0.00 -6.0195 -1.3065 -1.3065
3875 71.77 38.01 0.00 -5.5075 -1.2722 -1.2722
3900 71.77 38.01 0.00 -5.5075 -1.2722 -1.2722
3925 71.55 37.95 0.00 -5.4471 -0.7728 -0.7728
3950 71.33 37.88 0.00 -5.4017 -0.1027 -0.1027
3975 71.33 37.88 0.00 -5.4017 -0.1027 -0.1027
4000 71.13 37.84 0.00 -5.0996 -0.0509 -0.0509
4025 70.91 37.85 0.00 -5.6123 -0.5089 -0.5089
4050 70.91 37.85 0.00 -5.6123 -0.5089 -0.5089
4075 70.67 37.83 0.00 -6.0876 -0.7714 -0.7714
4100 70.67 37.83 0.00 -6.0876 -0.7714 -0.7714
4125 70.42 37.78 0.00 -6.5988 -0.9977 -0.9977
4150 70.13 37.76 0.00 -7.7610 -1.1569 -1.1569
4175 70.13 37.76 0.00 -7.7610 -1.1569 -1.1569
4200 69.80 37.72 0.00 -8.1298 -0.4840 -0.4840
4225 69.46 37.61 0.00 -9.0454 -0.9388 -0.9388
4250 69.11 37.45 0.00 -8.0683 0.4049 0.4049
4275 69.11 37.45 0.00 -8.0683 0.4049 0.4049
4300 68.79 37.34 0.00 -8.5043 -0.7423 -0.7423
4325 68.52 37.27 0.00 -9.1432 -1.4536 -1.4536
4350 68.52 37.27 0.00 -9.1432 -1.4536 -1.4536
4375 68.12 37.14 0.00 -10.2052 -0.9778 -0.9778
4400 68.12 37.14 0.00 -10.2052 -0.9778 -0.9778
4425 67.70 36.93 0.00 -10.6249 -0.8170 -0.8170
4450 67.26 36.70 0.00 -11.6109 -1.6556 -1.6556
4475 66.77 36.43 0.00 -12.1466 -1.9274 -1.9274
4500 66.77 36.43 0.00 -12.1466 -1.9274 -1.9274
4525 66.30 36.17 0.00 -11.5104 -1.9859 -1.9859
4550 66.30 36.17 0.00 -11.5104 -1.9859 -1.9859
4575 65.87 35.92 0.00 -9.9298 -2.0814 -2.0814
4600 65.52 35.68 0.00 -8.9232 -2.1166 -2.1166
4625 65.52 35.68 0.00 -8.9232 -2.1166 -2.1166
4650 65.14 35.43 0.00 -9.5498 -2.0414 -2.0414
4675 64.73 35.15 0.00 -10.5730 -1.4689 -1.4689
4700 64.73 35.15 0.00 -10.5730 -1.4689 -1.4689
4725 64.32 34.88 0.00 -10.2060 -0.7358 -0.7358
4750 63.95 34.63 0.00 -8.4550 -0.7439 -0.7439
4775 63.66 34.42 0.00 -6.3454 -1.5172 -1.5172
4800 63.66 34.42 0.00 -6.3454 -1.5172 -1.5172
4825 63.45 34.26 0.00 -4.6345 -2.2441 -2.2441
4850 63.45 34.26 0.00 -4.6345 -2.2441 -2.2441
4875 63.33 34.14 0.00 -2.2687 -2.3838 -2.3838
4900 63.29 34.11 0.00 -0.1632 -1.1196 -1.1196
4925 63.29 34.11 0.00 -0.1632 -1.1196 -1.1196
4950 63.33 34.09 0.00 1.6777 0.3592 0.3592
4975 63.41 34.12 0.00 2.0692 -0.0276 -0.0276
5000 63.41 34.12 0.00 2.0692 -0.0276 -0.0276
5025 63.48 34.20 0.00 1.8378 0.1229 0.1229
5050 63.54 34.35 0.00 1.1226 -0.9998 -0.9998
5075 63.54 34.35 0.00 1.1226 -0.9998 -0.9998
5100 63.57 34.49 0.00 1.0519 -0.8441 -0.8441
5125 63.63 34.52 0.00 1.5027 0.0673 0.0673
5150 63.63 34.52 0.00 1.5027 0.0673 0.0673
5175 63.70 34.62 0.00 2.1920 0.2302 0.2302
5200 63.80 34.75 0.00 3.0412 0.5380 0.5380
5225 63.80 34.75 0.00 3.0412 0.5380 0.5380
5250 63.93 34.86 0.00 3.4474 0.4222 0.4222
5275 64.11 34.95 0.00 4.5828 1.6916 1.6916
5300 64.11 34.95 0.00 4.5828 1.6916 1.6916
5325 64.29 35.10 0.00 4.2428 0.1537 0.1537
5350 64.45 35.32 0.00 4.3152 -0.2883 -0.2883
5375 64.45 35.32 0.00 4.3152 -0.2883 -0.2883
5400 64.64 35.45 0.00 4.8503 0.1900 0.1900
5425 64.86 35.54 0.00 5.5642 0.2730 0.2730
5450 64.86 35.54 0.00 5.5642 0.2730 0.2730
5475 65.09 35.64 0.00 6.1233 0.1560 0.1560
5500 65.34 35.69 0.00 6.4851 0.4960 0.4960
5525 65.34 35.69 0.00 6.4851 0.4960 0.4960
5550 65.62 35.75 0.00 7.4745 1.1163 1.1163
5575 65.91 35.80 0.00 7.5134 1.1545 1.1545
5600 65.91 35.80 0.00 7.5134 1.1545 1.1545
5625 66.21 35.82 0.00 7.1638 1.7898 1.7898
5650 66.21 35.82 0.00 7.1638 1.7898 1.7898
5675 66.48 35.83 0.00 6.2086 2.5219 2.5219
5700 66.70 35.78 0.00 4.9981 2.3887 2.3887
5725 66.86 35.73 0.00 3.3946 2.1494 2.1494
5750 66.86 35.73 0.00 3.3946 2.1494 2.1494
5775 66.95 35.65 0.00 1.8278 1.9793 1.9793
5800 67.02 35.59 0.00 1.3475 1.3904 1.3904
5825 67.02 35.59 0.00 1.3475 1.3904 1.3904
5850 67.06 35.54 0.00 0.5841 0.4467 0.4467
5875 67.06 35.54 0.00 0.5841 0.4467 0.4467
5900 67.04 35.47 0.00 -0.7021 0.5810 0.5810
5925 67.00 35.37 0.00 -0.8252 0.8168 0.8168
5950 66.99 35.31 0.00 -0.8797 -0.0644 -0.0644
5975 66.99 35.31 0.00 -0.8797 -0.0644 -0.0644
6000 66.91 35.26 0.00 -1.8015 -0.0755 -0.0755
6025 66.82 35.21 0.00 -3.3307 -0.7026 -0.7026
6050 66.82 35.21 0.00 -3.3307 -0.7026 -0.7026
6075 66.66 35.12 0.00 -3.8181 -1.0780 -1.0780
6100 66.50 35.03 0.00 -4.6431 -1.0467 -1.0467
6125 66.50 35.03 0.00 -4.6431 -1.0467 -1.0467
6150 66.32 34.94 0.00 -3.6139 -0.0883 -0.0883
6175 66.23 34.85 0.00 -1.2432 -0.5173 -0.5173
6200 66.23 34.85 0.00 -1.2432 -0.5173 -0.5173
6225 66.21 34.81 0.00 -0.2452 -1.1866 -1.1866
6250 66.21 34.79 0.00 -0.3788 0.7198 0.7198
6275 66.21 34.79 0.00 -0.3788 0.7198 0.7198
6300 66.16 34.79 0.00 -1.9229 -0.4708 -0.4708
6325 66.09 34.81 0.00 -1.6243 -0.0655 -0.0655
6350 66.09 34.81 0.00 -1.6243 -0.0655 -0.0655
6375 66.05 34.76 0.00 -0.3871 0.7273 0.7273
6400 66.05 34.76 0.00 -0.3871 0.7273 0.7273
6425 66.04 34.70 0.00 -0.1384 -0.1710 -0.1710
6450 66.04 34.70 0.00 -0.6114 -0.7556 -0.7556
6475 66.04 34.70 0.00 -0.6114 -0.7556 -0.7556
6500 65.96 34.68 0.00 -1.9473 -0.2779 -0.2779
6525 65.87 34.65 0.00 -2.8226 0.1224 0.1224
6550 65.75 34.64 0.00 -3.1775 -0.4779 -0.4779
6575 65.75 34.64 0.00 -3.1775 -0.4779 -0.4779
6600 65.64 34.60 0.00 -3.3000 -0.0872 -0.0872
6625 65.64 34.60 0.00 -3.3000 -0.0872 -0.0872
6650 65.52 34.51 0.00 -3.4936 -0.0658 -0.0658
6675 65.36 34.42 0.00 -3.7364 0.0758 0.0758
6700 65.36 34.42 0.00 -3.7364 0.0758 0.0758
6725 65.19 34.31 0.00 -4.1843 0.1504 0.1504
6750 65.03 34.24 0.00 -4.4953 0.0860 0.0860
6775 65.03 34.24 0.00 -4.4953 0.0860 0.0860
6800 64.84 34.21 0.00 -5.0313 -0.5282 -0.5282
6825 64.64 34.12 0.00 -4.3169 -0.3223 -0.3223
6850 64.50 34.07 0.00 -3.3445 -0.9344 -0.9344
6875 64.50 34.07 0.00 -3.3445 -0.9344 -0.9344
6900 64.39 34.00 0.00 -2.2058 -0.6935 -0.6935
6925 64.39 34.00 0.00 -2.2058 -0.6935 -0.6935
6950 64.32 33.86 0.00 -1.6853 0.2037 0.2037
6975 64.23 33.77 0.00 -2.7942 -0.7079 -0.7079
7000 64.23 33.77 0.00 -2.7942 -0.7079 -0.7079
7025 64.11 33.79 0.00 -3.3551 -0.4259 -0.4259
7050 63.97 33.80 0.00 -3.2739 -0.8533 -0.8533
7075 63.97 33.80 0.00 -3.2739 -0.8533 -0.8533
7100 63.86 33.77 0.00 -1.9590 -0.6199 -0.6199
7125 63.80 33.73 0.00 -1.3087 -0.6694 -0.6694
7150 63.80 33.73 0.00 -1.3087 -0.6694 -0.6694
7175 63.77 33.71 0.00 -0.7181 -0.4512 -0.4512
7200 63.75 33.67 0.00 -0.1705 -0.2990 -0.2990
7225 63.75 33.67 0.00 -0.1705 -0.2990 -0.2990
7250 63.75 33.60 0.00 0.6510 0.9375 0.9375
7275 63.79 33.59 0.00 0.9727 1.1702 1.1702
7300 63.79 33.59 0.00 0.9727 1.1702 1.1702
7325 63.82 33.61 0.00 0.4641 0.1457 0.1457
7350 63.82 33.61 0.00 -0.1373 -0.2016 -0.2016
7375 63.82 33.61 0.00 -0.1373 -0.2016 -0.2016
7400 63.82 33.57 0.00 0.4079 0.4839 0.4839
7425 63.84 33.51 0.00 0.2704 0.1608 0.1608
7450 63.84 33.51 0.00 0.2704 0.1608 0.1608
7475 63.84 33.45 0.00 -0.4301 0.0804 0.0804
7500 63.80 33.38 0.00 -0.8779 -0.2110 -0.2110
7525 63.80 33.38 0.00 -0.8779 -0.2110 -0.2110
7550 63.75 33.30 0.00 -1.1392 -0.4656 -0.4656
7575 63.75 33.30 0.00 -1.1392 -0.4656 -0.4656
7600 63.72 33.26 0.00 -1.2707 -0.2694 -0.2694
7625 63.68 33.24 0.00 -0.6826 0.2739 0.2739
7650 63.68 33.24 0.00 -0.6826 0.2739 0.2739
7675 63.66 33.21 0.00 -0.4486 -0.2149 -0.2149
7700 63.63 33.13 0.00 -0.9333 -0.4081 -0.4081
7725 63.63 33.13 0.00 -0.9333 -0.4081 -0.4081
7750 63.59 33.05 0.00 -1.2678 -0.2186 -0.2186
7775 63.56 32.97 0.00 -0.5423 0.3559 0.3559
7800 63.54 32.92 0.00 -0.1751 0.1421 0.1421
7825 63.54 32.92 0.00 -0.1751 0.1421 0.1421
7850 63.52 32.88 0.00 -0.7495 -0.2604 -0.2604
7875 63.47 32.86 0.00 -1.4575 -0.7016 -0.7016
7900 63.47 32.86 0.00 -1.4575 -0.7016 -0.7016
7925 63.41 32.84 0.00 -1.3947 -0.4608 -0.4608
7950 63.41 32.84 0.00 -1.3947 -0.4608 -0.4608
7975 63.36 32.85 0.00 -1.1487 0.0280 0.0280
8000 63.33 32.79 0.00 -0.5544 -0.2039 -0.2039
8025 63.33 32.79 0.00 -0.5544 -0.2039 -0.2039
8050 63.33 32.79 0.00 -0.0856 -0.1236 -0.1236
8075 63.31 32.87 0.00 -0.3838 -1.0412 -1.0412
8100 63.31 32.87 0.00 -0.3838 -1.0412 -1.0412
8125 63.29 32.87 0.00 -0.4698 -0.1958 -0.1958
8150 63.29 32.87 0.00 -0.4698 -0.1958 -0.1958
8175 63.27 32.87 0.00 -0.2193 0.2348 0.2348
8200 63.27 32.91 0.00 -0.4172 -0.2072 -0.2072
8225 63.24 32.93 0.00 -0.6120 -0.5763 -0.5763
8250 63.24 32.93 0.00 -0.6120 -0.5763 -0.5763
8275 63.20 32.85 0.00 -0.9461 -0.5731 -0.5731
8300 63.20 32.79 0.00 -0.3070 0.4471 0.4471
8325 63.20 32.79 0.00 -0.3070 0.4471 0.4471
8350 63.17 32.79 0.00 -0.4601 -0.5806 -0.5806
8375 63.17 32.83 0.00 -0.2660 0.1785 0.1785
8400 63.17 32.83 0.00 -0.2660 0.1785 0.1785
8425 63.15 32.82 0.00 -0.2377 0.1409 0.1409
8450 63.13 32.80 0.00 -0.4027 -0.3090 -0.3090
8475 63.13 32.80 0.00 -0.4027 -0.3090 -0.3090
8500 63.09 32.80 0.00 -1.3339 -0.5822 -0.5822
8525 63.09 32.80 0.00 -1.3339 -0.5822 -0.5822
8550 63.04 32.72 0.00 -1.5922 -0.4299 -0.4299
8575 62.97 32.65 0.00 -1.6537 -1.0678 -1.0678
8600 62.92 32.57 0.00 -1.6710 -0.8550 -0.8550
8625 62.92 32.57 0.00 -1.6710 -0.8550 -0.8550
8650 62.85 32.51 0.00 -1.4828 -0.4498 -0.4498
8675 62.85 32.51 0.00 -1.4828 -0.4498 -0.4498
8700 62.81 32.48 0.00 -0.2904 0.2845 0.2845
8725 62.81 32.42 0.00 0.2003 0.4604 0.4604
8750 62.81 32.42 0.00 0.2003 0.4604 0.4604
8775 62.83 32.38 0.00 -0.0215 0.7801 0.7801
8800 62.81 32.34 0.00 -0.6966 0.2060 0.2060
8825 62.81 32.34 0.00 -0.6966 0.2060 0.2060
8850 62.77 32.30 0.00 -0.9834 -0.4514 -0.4514
8875 62.72 32.26 0.00 -1.4330 -1.0647 -1.0647
8900 62.72 32.26 0.00 -1.4330 -1.0647 -1.0647
8925 62.67 32.22 0.00 -1.4841 -0.6052 -0.6052
8950 62.62 32.21 0.00 -0.6706 0.0270 0.0270
8975 62.62 32.21 0.00 -0.6706 0.0270 0.0270
9000 62.62 32.15 0.00 -0.0532 -0.5680 -0.5680
9025 62.62 32.15 0.00 0.3349 0.4778 0.4778
9050 62.62 32.15 0.00 0.3349 0.4778 0.4778
9075 62.62 32.15 0.00 -0.5248 -0.2417 -0.2417
9100 62.60 32.15 0.00 -0.5816 -0.2285 -0.2285
9125 62.60 32.15 0.00 -0.5816 -0.2285 -0.2285
9150 62.56 32.15 0.00 -0.5840 -0.4573 -0.4573
9175 62.54 32.15 0.00 -0.7536 -0.4855 -0.4855
9200 62.54 32.15 0.00 -0.7536 -0.4855 -0.4855
9225 62.53 32.19 0.00 -0.8341 -0.4028 -0.4028
9250 62.49 32.15 0.00 -0.5428 -0.0698 -0.0698
9275 62.49 32.15 0.00 -0.5428 -0.0698 -0.0698
9300 62.49 32.15 0.00 0.2907 0.5978 0.5978
9325 62.49 32.15 0.00 0.2907 0.5978 0.5978
9350 62.49 32.19 0.00 -0.1069 -0.2624 -0.2624
9375 62.47 32.21 0.00 -0.2148 0.0637 0.0637
9400 62.49 32.19 0.00 0.2457 0.2373 0.2373
9425 62.49 32.19 0.00 0.2457 0.2373 0.2373
9450 62.49 32.17 0.00 -0.3455 -0.4080 -0.4080
9475 62.46 32.13 0.00 -1.1221 -0.3328 -0.3328
9500 62.46 32.13 0.00 -1.1221 -0.3328 -0.3328
9525 62.40 32.10 0.00 -1.1466 -0.4776 -0.4776
9550 62.37 32.04 0.00 -0.9468 -0.8021 -0.8021
9575 62.37 32.04 0.00 -0.9468 -0.8021 -0.8021
9600 62.33 32.00 0.00 -0.6751 -0.2554 -0.2554
9625 62.31 31.96 0.00 -0.4970 0.0403 0.0403
9650 62.31 31.96 0.00 -0.4970 0.0403 0.0403
9675 62.30 31.94 0.00 -0.3970 0.1331 0.1331
9700 62.30 31.94 0.00 -0.3970 0.1331 0.1331
9725 62.26 31.91 0.00 -0.5432 -0.0793 -0.0793
9750 62.24 31.89 0.00 -0.6202 0.2267 0.2267
9775 62.21 31.85 0.00 -0.8309 0.0761 0.0761
9800 62.21 31.85 0.00 -0.8309 0.0761 0.0761
9825 62.17 31.81 0.00 -1.3688 -0.5110 -0.5110
9850 62.10 31.77 0.00 -2.0303 -0.8980 -0.8980
9875 62.10 31.77 0.00 -2.0303 -0.8980 -0.8980
9900 62.00 31.72 0.00 -2.4214 -0.5834 -0.5834
9925 61.89 31.62 0.00 -2.9074 0.2094 0.2094
9950 61.89 31.62 0.00 -2.9074 0.2094 0.2094
9975 61.75 31.53 0.00 -4.0520 0.2590 0.2590
10000 61.75 31.53 0.00 -4.0520 0.2590 0.2590
10025 61.57 31.46 0.00 -4.6444 0.8418 0.8418
10050 61.38 31.39 0.00 -4.5789 0.0132 0.0132
10075 61.38 31.39 0.00 -4.5789 0.0132 0.0132
10100 61.25 31.37 0.00 -4.2309 -0.8129 -0.8129
10125 61.09 31.30 0.00 -3.8262 -1.3269 -1.3269
10150 61.09 31.30 0.00 -3.8262 -1.3269 -1.3269
10175 60.93 31.27 0.00 -4.0301 -2.1361 -2.1361
10200 60.78 31.31 0.00 -3.5545 -1.8346 -1.8346
10225 60.78 31.31 0.00 -3.5545 -1.8346 -1.8346
10250 60.65 31.32 0.00 -2.9086 -1.6060 -1.6060
10275 60.58 31.28 0.00 -0.7077 0.0395 0.0395
10300 60.58 31.28 0.00 -0.7077 0.0395 0.0395
10325 60.58 31.30 0.00 -0.2548 -0.5083 -0.5083
10350 60.56 31.34 0.00 -0.3191 -0.9734 -0.9734
10375 60.56 31.34 0.00 -0.3191 -0.9734 -0.9734
10400 60.55 31.34 0.00 -0.1223 0.0371 0.0371
10425 60.56 31.34 0.00 0.6920 0.7069 0.7069
10450 60.56 31.34 0.00 0.6920 0.7069 0.7069
10475 60.60 31.34 0.00 0.5807 0.1624 0.1624
10500 60.60 31.32 0.00 -0.1235 -0.0704 -0.0704
10525 60.60 31.32 0.00 -0.1235 -0.0704 -0.0704
10550 60.60 31.26 0.00 -0.3585 0.2079 0.2079
10575 60.58 31.18 0.00 -0.0139 0.3159 0.3159
10600 60.58 31.14 0.00 0.2201 0.3014 0.3014
10625 60.58 31.14 0.00 0.2201 0.3014 0.3014
10650 60.60 31.10 0.00 0.1197 0.4051 0.4051
10675 60.60 31.10 0.00 0.1197 0.4051 0.4051
10700 60.58 31.00 0.00 -0.5342 0.3895 0.3895
10725 60.56 30.90 0.00 -0.8427 0.2873 0.2873
10750 60.56 30.90 0.00 -0.8427 0.2873 0.2873
10775 60.51 30.82 0.00 -1.0494 -0.0455 -0.0455
10800 60.48 30.73 0.00 -1.2427 -0.7955 -0.7955
10825 60.48 30.73 0.00 -1.2427 -0.7955 -0.7955
10850 60.40 30.63 0.00 -1.8935 -1.2393 -1.2393
10875 60.32 30.57 0.00 -2.1712 -1.0699 -1.0699
10900 60.32 30.57 0.00 -2.1712 -1.0699 -1.0699
10925 60.26 30.49 0.00 -1.6221 -1.1840 -1.1840
10950 60.23 30.44 0.00 -0.5786 -0.5690 -0.5690
10975 60.23 30.44 0.00 -0.5786 -0.5690 -0.5690
11000 60.23 30.36 0.00 0.2395 0.0837 0.0837
11025 60.23 30.32 0.00 -0.0037 0.1876 0.1876
11050 60.23 30.32 0.00 -0.0037 0.1876 0.1876
11075 60.25 30.35 0.00 0.7804 0.6966 0.6966
11100 60.28 30.43 0.00 0.6487 -0.8095 -0.8095
11125 60.28 30.43 0.00 0.6487 -0.8095 -0.8095
11150 60.30 30.43 0.00 0.1284 -0.6849 -0.6849
11175 60.28 30.43 0.00 -0.4238 0.1981 0.1981
11200 60.28 30.43 0.00 -0.4238 0.1981 0.1981
11225 60.28 30.45 0.00 0.3861 0.6628 0.6628
11250 60.28 30.45 0.00 0.3861 0.6628 0.6628
11275 60.32 30.47 0.00 0.8495 -0.3472 -0.3472
11300 60.35 30.41 0.00 1.2982 0.7638 0.7638
11325 60.39 30.45 0.00 0.1371 -0.0493 -0.0493
11350 60.39 30.45 0.00 0.1371 -0.0493 -0.0493
11375 60.37 30.53 0.00 -0.8263 -0.7024 -0.7024
11400 60.37 30.53 0.00 -0.8263 -0.7024 -0.7024
11425 60.33 30.55 0.00 -0.4535 -0.0630 -0.0630
11450 60.33 30.55 0.00 -0.0293 -0.2034 -0.2034
11475 60.33 30.55 0.00 -0.0293 -0.2034 -0.2034
11500 60.32 30.55 0.00 -0.7481 -0.7072 -0.7072
11525 60.28 30.55 0.00 -1.1861 -0.5728 -0.5728
11550 60.28 30.55 0.00 -1.1861 -0.5728 -0.5728
11575 60.23 30.56 0.00 -1.0622 -0.6812 -0.6812
11600 60.19 30.54 0.00 -0.7209 -0.8446 -0.8446
11625 60.19 30.54 0.00 -0.7209 -0.8446 -0.8446
11650 60.16 30.54 0.00 -0.8409 -0.6187 -0.6187
11675 60.12 30.52 0.00 -0.7423 0.0614 0.0614
11700 60.12 30.52 0.00 -0.7423 0.0614 0.0614
11725 60.10 30.48 0.00 -0.0949 0.3486 0.3486
11750 60.12 30.44 0.00 0.3209 0.7981 0.7981
11775 60.12 30.44 0.00 0.3209 0.7981 0.7981
11800 60.14 30.42 0.00 0.3364 0.9901 0.9901
11825 60.14 30.38 0.00 -0.1451 0.1920 0.1920
11850 60.14 30.38 0.00 -0.1451 0.1920 0.1920
11875 60.12 30.38 0.00 -0.9193 -1.0438 -1.0438
11900 60.07 30.42 0.00 -0.6638 -0.7688 -0.7688
11925 60.07 30.42 0.00 -0.6638 -0.7688 -0.7688
11950 60.05 30.38 0.00 -0.7011 0.1433 0.1433
11975 60.05 30.38 0.00 -0.7011 0.1433 0.1433
12000 60.02 30.34 0.00 -1.0840 -0.5269 -0.5269
12025 59.96 30.35 0.00 -1.2427 -0.9024 -0.9024
12050 59.95 30.37 0.00 -0.6298 -0.1050 -0.1050
12075 59.95 30.37 0.00 -0.6298 -0.1050 -0.1050
12100 59.89 30.35 0.00 -1.3454 -0.6760 -0.6760
12125 59.89 30.35 0.00 -1.3454 -0.6760 -0.6760
12150 59.84 30.33 0.00 -1.5525 -0.3652 -0.3652
12175 59.77 30.29 0.00 -1.5611 -0.2829 -0.2829
12200 59.77 30.29 0.00 -1.5611 -0.2829 -0.2829
12225 59.72 30.29 0.00 -1.1105 0.2870 0.2870
12250 59.66 30.24 0.00 -1.7579 -1.1320 -1.1320
12275 59.66 30.24 0.00 -1.7579 -1.1320 -1.1320
12300 59.63 30.18 0.00 -0.3490 1.3313 1.3313
12325 59.59 30.16 0.00 -1.4739 -0.2258 -0.2258
12350 59.59 30.16 0.00 -1.4739 -0.2258 -0.2258
12375 59.51 30.16 0.00 -2.7813 0.1952 0.1952
12400 59.38 30.13 0.00 -3.3638 0.2982 0.2982
12425 59.38 30.13 0.00 -3.3638 0.2982 0.2982
12450 59.22 30.07 0.00 -4.2313 -0.0575 -0.0575
12475 59.07 30.04 0.00 -4.0384 -0.4340 -0.4340
12500 59.07 30.04 0.00 -4.0384 -0.4340 -0.4340
12525 58.94 30.00 0.00 -2.6599 -0.5190 -0.5190
12550 58.85 29.92 0.00 -1.8267 -0.6173 -0.6173
12575 58.85 29.92 0.00 -1.8267 -0.6173 -0.6173
12600 58.80 29.89 0.00 -1.5198 -0.4925 -0.4925
12625 58.73 29.83 0.00 -2.2744 -0.4779 -0.4779
12650 58.73 29.83 0.00 -2.2744 -0.4779 -0.4779
12675 58.63 29.75 0.00 -2.8833 -0.1446 -0.1446
12700 58.50 29.67 0.00 -3.0300 -0.3004 -0.3004
12725 58.50 29.67 0.00 -3.0300 -0.3004 -0.3004
12750 58.41 29.62 0.00 -1.8073 0.0422 0.0422
12775 58.36 29.60 0.00 -0.8127 0.2489 0.2489
12800 58.36 29.60 0.00 -0.8127 0.2489 0.2489
12825 58.34 29.58 0.00 -0.6318 -0.3846 -0.3846
12850 58.31 29.56 0.00 -0.6740 -0.2870 -0.2870
12875 58.31 29.56 0.00 -0.6740 -0.2870 -0.2870
12900 58.29 29.52 0.00 -0.4395 -0.6463 -0.6463
12925 58.29 29.48 0.00 0.2214 0.0792 0.0792
12950 58.29 29.48 0.00 0.2214 0.0792 0.0792
12975 58.31 29.42 0.00 0.7996 0.5864 0.5864
13000 58.34 29.42 0.00 0.8083 -0.2189 -0.2189
13025 58.34 29.42 0.00 0.8083 -0.2189 -0.2189
13050 58.40 29.46 0.00 1.6063 0.9353 0.9353
13075 58.45 29.48 0.00 1.1139 -0.0586 -0.0586
13100 58.45 29.48 0.00 1.1139 -0.0586 -0.0586
13125 58.47 29.44 0.00 0.2559 0.1197 0.1197
13150 58.47 29.44 0.00 0.2559 0.1197 0.1197
13175 58.47 29.37 0.00 -0.1252 0.1930 0.1930
13200 58.47 29.35 0.00 -0.0239 -0.1271 -0.1271
13225 58.47 29.35 0.00 -0.0239 -0.1271 -0.1271
13250 58.47 29.37 0.00 -0.1514 -0.3155 -0.3155
13275 58.47 29.31 0.00 0.5641 0.6270 0.6270
13300 58.47 29.31 0.00 0.5641 0.6270 0.6270
13325 58.50 29.33 0.00 0.5501 0.6730 0.6730
13350 58.49 29.39 0.00 -0.4416 -0.2486 -0.2486
13375 58.49 29.39 0.00 -0.4416 -0.2486 -0.2486
13400 58.45 29.40 0.00 -0.9397 -0.2397 -0.2397
13425 58.43 29.36 0.00 -0.4959 0.0976 0.0976
13450 58.43 29.36 0.00 -0.4959 0.0976 0.0976
13475 58.43 29.32 0.00 -0.3415 -0.5080 -0.5080
13500 58.40 29.30 0.00 -1.3333 -0.9622 -0.9622
13525 58.40 29.30 0.00 -1.3333 -0.9622 -0.9622
13550 58.31 29.28 0.00 -1.8883 -0.6399 -0.6399
13575 58.26 29.24 0.00 -1.2555 -0.7916 -0.7916
13600 58.26 29.24 0.00 -1.2555 -0.7916 -0.7916
13625 58.22 29.22 0.00 -0.8211 -0.9062 -0.9062
13650 58.19 29.16 0.00 -1.1192 -0.3282 -0.3282
13675 58.19 29.16 0.00 -1.1192 -0.3282 -0.3282
13700 58.13 29.12 0.00 -1.2860 -0.3261 -0.3261
13725 58.08 29.07 0.00 -0.8886 -0.0073 -0.0073
13750 58.08 29.07 0.00 -0.8886 -0.0073 -0.0073
13775 58.06 29.03 0.00 -0.6004 -0.4611 -0.4611
13800 58.03 29.03 0.00 -0.8539 -0.4592 -0.4592
13825 58.03 29.03 0.00 -0.8539 -0.4592 -0.4592
13850 57.98 29.01 0.00 -1.2583 -0.7450 -0.7450
13875 57.94 29.01 0.00 -1.0433 -0.8370 -0.8370
13900 57.94 29.01 0.00 -1.0433 -0.8370 -0.8370
13925 57.91 28.97 0.00 -0.7062 -0.9289 -0.9289
13950 57.87 28.89 0.00 -0.6528 -0.1615 -0.1615
13975 57.87 28.89 0.00 -0.6528 -0.1615 -0.1615
14000 57.87 28.85 0.00 -0.2258 0.2630 0.2630
14025 57.84 28.81 0.00 -0.5356 -0.3613 -0.3613
14050 57.84 28.81 0.00 -0.5356 -0.3613 -0.3613
14075 57.84 28.83 0.00 -0.4538 -0.1485 -0.1485
14100 57.80 28.83 0.00 -1.0265 -1.0801 -1.0801
14125 57.80 28.83 0.00 -1.0265 -1.0801 -1.0801
14150 57.75 28.81 0.00 -1.4124 -0.8046 -0.8046
14175 57.68 28.80 0.00 -1.6606 -0.7108 -0.7108
14200 57.68 28.80 0.00 -1.6606 -0.7108 -0.7108
14225 57.64 28.78 0.00 -1.4443 -0.5812 -0.5812
14250 57.64 28.78 0.00 -1.4443 -0.5812 -0.5812
14275 57.59 28.76 0.00 -1.2131 -0.6529 -0.6529
14300 57.54 28.72 0.00 -0.8111 -0.1584 -0.1584
14325 57.52 28.68 0.00 -0.6965 0.3795 0.3795
14350 57.52 28.68 0.00 -0.6965 0.3795 0.3795
14375 57.47 28.70 0.00 -1.5445 -0.3693 -0.3693
14400 57.47 28.70 0.00 -1.5445 -0.3693 -0.3693
14425 57.40 28.72 0.00 -2.0895 -0.6613 -0.6613
14450 57.31 28.66 0.00 -1.9959 -0.8130 -0.8130
14475 57.31 28.66 0.00 -1.9959 -0.8130 -0.8130
14500 57.22 28.63 0.00 -2.6657 -1.6299 -1.6299
14525 57.10 28.59 0.00 -2.9008 -1.4187 -1.4187
14550 57.10 28.59 0.00 -2.9008 -1.4187 -1.4187
14575 56.99 28.57 0.00 -2.4817 -1.0342 -1.0342
14600 56.92 28.51 0.00 -1.3614 -0.8012 -0.8012
14625 56.92 28.51 0.00 -1.3614 -0.8012 -0.8012
14650 56.87 28.50 0.00 -1.2045 -1.3325 -1.3325
14675 56.82 28.52 0.00 -1.6758 -1.3692 -1.3692
14700 56.82 28.52 0.00 -1.6758 -1.3692 -1.3692
14725 56.75 28.54 0.00 -1.4500 -0.2963 -0.2963
14750 56.71 28.52 0.00 -0.4306 0.4733 0.4733
14775 56.71 28.52 0.00 -0.4306 0.4733 0.4733
14800 56.71 28.52 0.00 0.2921 0.6526 0.6526
14825 56.73 28.52 0.00 0.0626 -0.0748 -0.0748
14850 56.73 28.52 0.00 0.0626 -0.0748 -0.0748
14875 56.73 28.50 0.00 -0.1508 -0.4362 -0.4362
14900 56.73 28.46 0.00 0.6240 0.2642 0.2642
14925 56.73 28.46 0.00 0.6240 0.2642 0.2642
14950 56.76 28.38 0.00 1.0395 0.9491 0.9491
14975 56.80 28.32 0.00 0.5611 0.8473 0.8473
15000 56.80 28.32 0.00 0.5611 0.8473 0.8473
15025 56.82 28.25 0.00 0.2302 0.4325 0.4325
15050 56.82 28.25 0.00 0.3256 0.0568 0.0568
15075 56.82 28.25 0.00 0.3256 0.0568 0.0568
15100 56.82 28.21 0.00 -0.7896 -0.9797 -0.9797
15125 56.76 28.15 0.00 -1.0672 -0.0941 -0.0941
15150 56.76 28.15 0.00 -1.0672 -0.0941 -0.0941
15175 56.73 28.09 0.00 -0.7977 -0.1924 -0.1924
15200 56.71 28.07 0.00 -0.3229 -0.3247 -0.3247
15225 56.71 28.07 0.00 -0.3229 -0.3247 -0.3247
15250 56.69 28.03 0.00 -0.6543 -0.6031 -0.6031
15275 56.68 27.95 0.00 0.0040 0.6435 0.6435
15300 56.68 27.95 0.00 0.0040 0.6435 0.6435
15325 56.69 27.95 0.00 0.0098 -0.0572 -0.0572
15350 56.66 27.93 0.00 -0.7806 -0.4120 -0.4120
15375 56.66 27.93 0.00 -0.7806 -0.4120 -0.4120
15400 56.62 27.91 0.00 -0.9187 0.2881 0.2881
15425 56.62 27.91 0.00 -0.9187 0.2881 0.2881
15450 56.61 27.87 0.00 -0.3008 -0.1434 -0.1434
15475 56.61 27.81 0.00 -0.3111 -0.3924 -0.3924
15500 56.61 27.81 0.00 -0.3111 -0.3924 -0.3924
15525 56.57 27.75 0.00 -1.2326 0.0519 0.0519
15550 56.50 27.72 0.00 -1.4612 -0.3931 -0.3931
15575 56.45 27.74 0.00 -1.5071 -1.1936 -1.1936
15600 56.45 27.74 0.00 -1.5071 -1.1936 -1.1936
15625 56.40 27.70 0.00 -1.2758 -0.9846 -0.9846
15650 56.40 27.70 0.00 -1.2758 -0.9846 -0.9846
15675 56.34 27.66 0.00 -1.3127 -0.6286 -0.6286
15700 56.29 27.62 0.00 -1.4910 -0.1174 -0.1174
15725 56.29 27.62 0.00 -1.4910 -0.1174 -0.1174
15750 56.24 27.58 0.00 -1.2030 -0.3225 -0.3225
15775 56.19 27.60 0.00 -1.1155 -0.7880 -0.7880
15800 56.19 27.60 0.00 -1.1155 -0.7880 -0.7880
15825 56.15 27.56 0.00 -1.0240 -0.9865 -0.9865
15850 56.12 27.50 0.00 -0.7889 -0.2665 -0.2665
15875 56.12 27.50 0.00 -0.7889 -0.2665 -0.2665
15900 56.12 27.48 0.00 0.1831 0.1332 0.1332
15925 56.12 27.50 0.00 -0.1997 -1.2373 -1.2373
15950 56.12 27.50 0.00 -0.1997 -1.2373 -1.2373
15975 56.12 27.52 0.00 0.1615 0.0641 0.0641
16000 56.12 27.56 0.00 0.0354 -0.1147 -0.1147
16025 56.12 27.56 0.00 0.0354 -0.1147 -0.1147
16050 56.12 27.58 0.00 -0.4304 -0.1967 -0.1967
16075 56.08 27.56 0.00 -0.7067 -0.4348 -0.4348
16100 56.08 27.56 0.00 -0.7067 -0.4348 -0.4348
16125 56.06 27.56 0.00 -0.6485 -0.2295 -0.2295
16150 56.05 27.56 0.00 -0.5390 -0.2548 -0.2548
16175 56.05 27.56 0.00 -0.5390 -0.2548 -0.2548
16200 56.01 27.52 0.00 -0.0834 0.2008 0.2008
16225 56.03 27.52 0.00 0.2747 0.4298 0.4298
16250 56.03 27.52 0.00 0.2747 0.4298 0.4298
16275 56.03 27.56 0.00 -0.0161 0.1087 0.1087
16300 56.01 27.56 0.00 -0.6274 -0.5602 -0.5602
16325 56.01 27.56 0.00 -0.6274 -0.5602 -0.5602
16350 55.99 27.54 0.00 -0.5050 0.0118 0.0118
16375 55.98 27.48 0.00 -0.5670 -0.2407 -0.2407
16400 55.98 27.48 0.00 -0.5670 -0.2407 -0.2407
16425 55.94 27.44 0.00 -0.5198 -0.3287 -0.3287
16450 55.94 27.44 0.00 -0.5198 -0.3287 -0.3287
16475 55.92 27.38 0.00 -1.1589 -0.5911 -0.5911
16500 55.85 27.34 0.00 -1.7884 -0.7757 -0.7757
16525 55.78 27.31 0.00 -1.7524 -0.6941 -0.6941
16550 55.78 27.31 0.00 -1.7524 -0.6941 -0.6941
16575 55.71 27.25 0.00 -1.4064 -0.6371 -0.6371
16600 55.64 27.19 0.00 -2.1457 -0.5331 -0.5331
16625 55.64 27.19 0.00 -2.1457 -0.5331 -0.5331
16650 55.52 27.17 0.00 -3.4819 -0.2701 -0.2701
16675 55.52 27.17 0.00 -3.4819 -0.2701 -0.2701
16700 55.35 27.11 0.00 -4.6942 0.1150 0.1150
16725 55.19 27.12 0.00 -5.4391 0.0807 0.0807
16750 55.19 27.12 0.00 -5.4391 0.0807 0.0807
16775 54.98 27.10 0.00 -4.7872 -0.7347 -0.7347
16800 54.84 27.04 0.00 -2.9366 -1.5652 -1.5652
16825 54.84 27.04 0.00 -2.9366 -1.5652 -1.5652
16850 54.75 27.00 0.00 -1.7325 -1.5580 -1.5580
16875 54.68 26.94 0.00 -1.6946 -1.8203 -1.8203
16900 54.68 26.94 0.00 -1.6946 -1.8203 -1.8203
16925 54.63 26.96 0.00 -1.1647 -0.9606 -0.9606
16950 54.59 26.98 0.00 -1.1500 -1.3070 -1.3070
16975 54.59 26.98 0.00 -1.1500 -1.3070 -1.3070
17000 54.56 26.99 0.00 -0.3631 -0.4505 -0.4505
17025 54.56 26.94 0.00 -0.1952 -0.5572 -0.5572
17050 54.56 26.94 0.00 -0.1952 -0.5572 -0.5572
17075 54.54 26.92 0.00 -0.4470 -0.1768 -0.1768
17100 54.52 26.84 0.00 -0.3466 -0.1700 -0.1700
17125 54.52 26.84 0.00 -0.3466 -0.1700 -0.1700
17150 54.52 26.72 0.00 0.3173 0.8684 0.8684
17175 54.54 26.70 0.00 0.2482 0.7531 0.7531
17200 54.54 26.70 0.00 0.2482 0.7531 0.7531
17225 54.54 26.72 0.00 -0.4220 0.1736 0.1736
17250 54.49 26.66 0.00 -1.0495 -0.2390 -0.2390
17275 54.49 26.66 0.00 -1.0495 -0.2390 -0.2390
17300 54.45 26.58 0.00 -0.7245 -0.4364 -0.4364
17325 54.42 26.48 0.00 -1.4457 -1.2587 -1.2587
17350 54.42 26.48 0.00 -1.4457 -1.2587 -1.2587
17375 54.33 26.36 0.00 -2.2583 -0.7253 -0.7253
17400 54.33 26.36 0.00 -2.2583 -0.7253 -0.7253
17425 54.24 26.21 0.00 -2.0550 -0.2097 -0.2097
17450 54.17 26.13 0.00 -1.8381 -0.9827 -0.9827
17475 54.17 26.13 0.00 -1.8381 -0.9827 -0.9827
17500 54.10 26.11 0.00 -1.9000 -1.1430 -1.1430
17525 54.03 26.09 0.00 -1.9705 -1.2584 -1.2584
17550 53.96 26.01 0.00 -1.9739 -0.7660 -0.7660
17575 53.96 26.01 0.00 -1.9739 -0.7660 -0.7660
17600 53.89 25.93 0.00 -1.1933 -0.1775 -0.1775
17625 53.86 25.91 0.00 -1.0309 -0.4651 -0.4651
17650 53.86 25.91 0.00 -1.0309 -0.4651 -0.4651
17675 53.81 25.91 0.00 -1.0765 -0.9068 -0.9068
17700 53.79 25.89 0.00 -0.1313 -0.6125 -0.6125
17725 53.79 25.89 0.00 -0.1313 -0.6125 -0.6125
17750 53.79 25.91 0.00 0.2050 -0.0254 -0.0254
17775 53.81 25.93 0.00 0.1168 -0.1068 -0.1068
17800 53.81 25.93 0.00 0.1168 -0.1068 -0.1068
17825 53.81 25.91 0.00 0.5261 -0.2241 -0.2241
17850 53.81 25.91 0.00 0.5261 -0.2241 -0.2241
17875 53.86 25.95 0.00 1.4148 -0.2630 -0.2630
17900 53.91 25.97 0.00 0.8427 -0.0013 -0.0013
17925 53.91 25.97 0.00 0.8427 -0.0013 -0.0013
17950 53.93 25.91 0.00 0.3882 0.9858 0.9858
17975 53.95 25.89 0.00 0.5426 0.5247 0.5247
18000 53.95 25.89 0.00 0.5426 0.5247 0.5247
18025 53.98 25.89 0.00 1.3948 0.8647 0.8647
18050 54.02 25.85 0.00 0.8153 0.1365 0.1365
18075 54.02 25.85 0.00 0.8153 0.1365 0.1365
18100 54.07 25.79 0.00 1.0911 1.4002 1.4002
18125 54.07 25.79 0.00 1.0911 1.4002 1.4002
18150 54.07 25.81 0.00 -0.6717 -0.6737 -0.6737
18175 54.02 25.81 0.00 -1.3319 -0.5204 -0.5204
18200 53.98 25.77 0.00 -0.9046 -0.4587 -0.4587
18225 53.98 25.77 0.00 -0.9046 -0.4587 -0.4587
18250 53.95 25.73 0.00 -0.8025 -0.8962 -0.8962
18275 53.91 25.69 0.00 -1.0159 -0.6177 -0.6177
18300 53.91 25.69 0.00 -1.0159 -0.6177 -0.6177
18325 53.88 25.67 0.00 -0.6238 0.1790 0.1790
18350 53.86 25.60 0.00 -0.3160 -0.0791 -0.0791
18375 53.86 25.60 0.00 -0.3160 -0.0791 -0.0791
18400 53.86 25.56 0.00 -0.4379 -0.7008 -0.7008
18425 53.86 25.56 0.00 -0.4379 -0.7008 -0.7008
18450 53.81 25.52 0.00 -1.2174 -0.6209 -0.6209
18475 53.75 25.50 0.00 -1.4461 0.0809 0.0809
18500 53.72 25.44 0.00 -0.9230 -0.3994 -0.3994
18525 53.72 25.44 0.00 -0.9230 -0.3994 -0.3994
18550 53.68 25.44 0.00 -0.8188 -0.9178 -0.9178
18575 53.68 25.44 0.00 -0.8188 -0.9178 -0.9178
18600 53.63 25.44 0.00 -1.1830 -0.9630 -0.9630
18625 53.60 25.44 0.00 -0.4878 0.0427 0.0427
18650 53.60 25.44 0.00 -0.4878 0.0427 0.0427
18675 53.60 25.44 0.00 0.0975 0.3137 0.3137
18700 53.60 25.40 0.00 -0.4005 -0.5803 -0.5803
18725 53.60 25.40 0.00 -0.4005 -0.5803 -0.5803
18750 53.58 25.44 0.00 -0.0468 0.2792 0.2792
18775 53.56 25.51 0.00 -0.4965 -0.6988 -0.6988
18800 53.56 25.51 0.00 -0.4965 -0.6988 -0.6988
18825 53.54 25.49 0.00 -0.9901 -0.6429 -0.6429
18850 53.49 25.47 0.00 -1.2386 -0.1836 -0.1836
18875 53.49 25.47 0.00 -1.2386 -0.1836 -0.1836
18900 53.44 25.45 0.00 -0.9785 -0.0144 -0.0144
18925 53.40 25.45 0.00 -0.9853 -0.1206 -0.1206
18950 53.40 25.45 0.00 -0.9853 -0.1206 -0.1206
18975 53.37 25.41 0.00 -0.9121 -0.0674 -0.0674
19000 53.35 25.36 0.00 -0.2126 0.3452 0.3452
19025 53.35 25.36 0.00 -0.2126 0.3452 0.3452
19050 53.32 25.41 0.00 -1.2470 -0.7839 -0.7839
19075 53.25 25.45 0.00 -2.0615 -0.7239 -0.7239
19100 53.25 25.45 0.00 -2.0615 -0.7239 -0.7239
19125 53.18 25.43 0.00 -1.4022 -0.8042 -0.8042
19150 53.14 25.41 0.00 -1.2357 -1.2494 -1.2494
19175 53.14 25.41 0.00 -1.2357 -1.2494 -1.2494
19200 53.09 25.39 0.00 -1.2781 -1.0078 -1.0078
19225 53.04 25.35 0.00 -1.1448 -0.3342 -0.3342
19250 53.04 25.35 0.00 -1.1448 -0.3342 -0.3342
19275 53.00 25.27 0.00 -0.8721 -0.2856 -0.2856
19300 53.00 25.27 0.00 -0.8721 -0.2856 -0.2856
19325 52.95 25.20 0.00 -1.3250 0.7123 0.7123
19350 52.88 25.18 0.00 -1.8856 0.3237 0.3237
19375 52.88 25.18 0.00 -1.8856 0.3237 0.3237
19400 52.83 25.19 0.00 -1.0341 -0.3074 -0.3074
19425 52.79 25.19 0.00 -0.7107 -0.1462 -0.1462
19450 52.79 25.19 0.00 -0.7107 -0.1462 -0.1462
19475 52.78 25.17 0.00 -0.8277 0.4489 0.4489
19500 52.74 25.21 0.00 -0.8876 0.2786 0.2786
19525 52.74 25.21 0.00 -0.8876 0.2786 0.2786
19550 52.71 25.21 0.00 -0.4562 -0.0546 -0.0546
19575 52.69 25.17 0.00 -0.5924 0.0275 0.0275
19600 52.69 25.17 0.00 -0.5924 0.0275 0.0275
19625 52.65 25.13 0.00 -1.3738 0.0218 0.0218
19650 52.58 25.13 0.00 -1.7198 -0.0058 -0.0058
19675 52.58 25.13 0.00 -1.7198 -0.0058 -0.0058
19700 52.53 25.13 0.00 -1.3631 -0.0751 -0.0751
19725 52.50 25.11 0.00 -0.7782 1.0560 1.0560
19750 52.50 25.11 0.00 -0.7782 1.0560 1.0560
19775 52.43 25.09 0.00 -2.0637 0.3661 0.3661
19800 52.32 25.03 0.00 -2.5770 -0.3865 -0.3865
19825 52.32 25.03 0.00 -2.5770 -0.3865 -0.3865
19850 52.23 24.96 0.00 -1.8828 -0.6048 -0.6048
19875 52.18 24.92 0.00 -1.0311 -0.3083 -0.3083
19900 52.18 24.92 0.00 -1.0311 -0.3083 -0.3083
19925 52.15 24.86 0.00 -1.1070 -0.2631 -0.2631
19950 52.11 24.84 0.00 -0.4322 0.4872 0.4872
19975 52.11 24.84 0.00 -0.4322 0.4872 0.4872
20000 52.11 24.84 0.00 0.0166 0.3956 0.3956
20025 52.11 24.84 0.00 -0.0166 0.1235 0.1235
20050 52.11 24.84 0.00 -0.0166 0.1235 0.1235
20075 52.09 24.82 0.00 -0.7004 -0.2324 -0.2324
20100 52.09 24.82 0.00 -0.7004 -0.2324 -0.2324
20125 52.08 24.76 0.00 -0.5656 -0.0981 -0.0981
20150 52.06 24.72 0.00 -0.1961 -0.3442 -0.3442
20175 52.06 24.70 0.00 0.0644 -0.4183 -0.4183
20200 52.06 24.70 0.00 0.0644 -0.4183 -0.4183
20225 52.06 24.70 0.00 -0.3031 -0.2824 -0.2824
20250 52.04 24.68 0.00 -0.5257 -0.4767 -0.4767
20275 52.04 24.68 0.00 -0.5257 -0.4767 -0.4767
20300 52.01 24.68 0.00 -0.8699 -0.8406 -0.8406
20325 51.97 24.66 0.00 -0.7391 -0.3922 -0.3922
20350 51.97 24.66 0.00 -0.7391 -0.3922 -0.3922
20375 51.96 24.66 0.00 -0.2925 -0.2195 -0.2195
20400 51.96 24.64 0.00 -0.2048 -0.0903 -0.0903
20425 51.96 24.64 0.00 -0.2048 -0.0903 -0.0903
20450 51.94 24.66 0.00 -0.6153 -0.2900 -0.2900
20475 51.94 24.66 0.00 -0.6153 -0.2900 -0.2900
20500 51.90 24.66 0.00 -0.8438 -0.2503 -0.2503
20525 51.87 24.64 0.00 -0.4752 -0.2260 -0.2260
20550 51.85 24.60 0.00 -1.0147 -0.5382 -0.5382
20575 51.85 24.60 0.00 -1.0147 -0.5382 -0.5382
20600 51.78 24.62 0.00 -1.6843 -0.7159 -0.7159
20625 51.78 24.62 0.00 -1.6843 -0.7159 -0.7159
20650 51.71 24.60 0.00 -1.6655 -1.0764 -1.0764
20675 51.66 24.56 0.00 -1.3163 -0.2911 -0.2911
20700 51.66 24.56 0.00 -1.3163 -0.2911 -0.2911
20725 51.59 24.56 0.00 -1.5871 -0.7301 -0.7301
20750 51.52 24.58 0.00 -1.5535 -0.6336 -0.6336
20775 51.52 24.58 0.00 -1.5535 -0.6336 -0.6336
20800 51.48 24.62 0.00 -0.8985 -0.0881 -0.0881
20825 51.43 24.66 0.00 -1.7851 -1.0015 -1.0015
20850 51.43 24.66 0.00 -1.7851 -1.0015 -1.0015
20875 51.36 24.64 0.00 -2.0195 -0.6130 -0.6130
20900 51.29 24.60 0.00 -1.8181 -0.5981 -0.5981
20925 51.29 24.60 0.00 -1.8181 -0.5981 -0.5981
20950 51.24 24.56 0.00 -1.3801 -0.5488 -0.5488
20975 51.19 24.54 0.00 -1.1250 -0.2844 -0.2844
21000 51.19 24.54 0.00 -1.1250 -0.2844 -0.2844
21025 51.15 24.45 0.00 -0.7914 -0.1502 -0.1502
21050 51.15 24.39 0.00 0.3126 0.4833 0.4833
21075 51.15 24.39 0.00 0.3126 0.4833 0.4833
21100 51.15 24.39 0.00 0.0922 0.3745 0.3745
21125 51.17 24.39 0.00 0.2685 0.6535 0.6535
21150 51.17 24.39 0.00 0.2685 0.6535 0.6535
21175 51.17 24.35 0.00 0.4629 -0.0003 -0.0003
21200 51.17 24.29 0.00 -0.4641 -0.4203 -0.4203
21225 51.17 24.29 0.00 -0.4641 -0.4203 -0.4203
21250 51.13 24.25 0.00 -1.0796 -0.2807 -0.2807
21275 51.10 24.18 0.00 -1.0166 -0.6899 -0.6899
21300 51.10 24.18 0.00 -1.0166 -0.6899 -0.6899
21325 51.06 24.08 0.00 -0.7827 -0.8802 -0.8802
21350 51.01 24.00 0.00 -1.3336 -0.4768 -0.4768
21375 51.01 24.00 0.00 -1.3336 -0.4768 -0.4768
21400 50.96 23.94 0.00 -1.4451 0.1988 0.1988
21425 50.91 23.83 0.00 -1.1110 -0.1375 -0.1375
21450 50.91 23.83 0.00 -1.1110 -0.1375 -0.1375
21475 50.86 23.75 0.00 -1.3389 0.1067 0.1067
21500 50.80 23.71 0.00 -1.8816 -0.4422 -0.4422
21525 50.80 23.71 0.00 -1.8816 -0.4422 -0.4422
21550 50.72 23.64 0.00 -1.8751 -0.7396 -0.7396
21575 50.65 23.60 0.00 -1.9360 -1.5518 -1.5518
21600 50.65 23.60 0.00 -1.9360 -1.5518 -1.5518
21625 50.56 23.54 0.00 -1.8686 -0.6046 -0.6046
21650 50.51 23.48 0.00 -1.4502 -0.1765 -0.1765
21675 50.51 23.48 0.00 -1.4502 -0.1765 -0.1765
21700 50.45 23.44 0.00 -2.0590 -1.2170 -1.2170
21725 50.35 23.44 0.00 -2.5690 -0.6333 -0.6333
21750 50.35 23.44 0.00 -2.5690 -0.6333 -0.6333
21775 50.24 23.46 0.00 -2.5641 -0.2776 -0.2776
21800 50.12 23.48 0.00 -3.1140 -0.2211 -0.2211
21825 50.12 23.48 0.00 -3.1140 -0.2211 -0.2211
21850 50.02 23.44 0.00 -2.4400 -0.0230 -0.0230
21875 50.02 23.44 0.00 -2.4400 -0.0230 -0.0230
21900 49.95 23.46 0.00 -1.3783 -0.4538 -0.4538
21925 49.93 23.44 0.00 -0.1351 0.2722 0.2722
21950 49.93 23.44 0.00 -0.1351 0.2722 0.2722
21975 49.90 23.37 0.00 -1.2067 -1.1716 -1.1716
22000 49.86 23.33 0.00 -0.5932 1.1121 1.1121
22025 49.86 23.33 0.00 -0.5932 1.1121 1.1121
22050 49.83 23.33 0.00 -1.3872 -0.3727 -0.3727
22075 49.76 23.35 0.00 -1.3968 -0.5204 -0.5204
22100 49.76 23.35 0.00 -1.3968 -0.5204 -0.5204
22125 49.72 23.35 0.00 -0.6894 -0.3842 -0.3842
22150 49.70 23.29 0.00 -0.1733 -0.0262 -0.0262
22175 49.70 23.29 0.00 -0.1733 -0.0262 -0.0262
22200 49.70 23.23 0.00 0.1058 0.2862 0.2862
22225 49.70 23.14 0.00 -0.2733 0.0646 0.0646
22250 49.70 23.14 0.00 -0.2733 0.0646 0.0646
22275 49.69 23.04 0.00 -0.8104 -0.2935 -0.2935
22300 49.65 22.98 0.00 -0.9324 -0.3493 -0.3493
22325 49.65 22.98 0.00 -0.9324 -0.3493 -0.3493
22350 49.62 22.95 0.00 -0.9935 -0.0989 -0.0989
22375 49.62 22.95 0.00 -0.9935 -0.0989 -0.0989
22400 49.56 22.91 0.00 -1.3165 -0.0943 -0.0943
22425 49.53 22.85 0.00 -1.2909 0.2001 0.2001
22450 49.49 22.81 0.00 -0.1817 0.6519 0.6519
22475 49.49 22.81 0.00 -0.1817 0.6519 0.6519
22500 49.51 22.81 0.00 0.4330 0.0531 0.0531
22525 49.53 22.79 0.00 0.0738 -0.3304 -0.3304
22550 49.53 22.79 0.00 0.0738 -0.3304 -0.3304
22575 49.49 22.81 0.00 -0.8629 -0.8688 -0.8688
22600 49.46 22.83 0.00 -1.1553 -0.8258 -0.8258
22625 49.46 22.83 0.00 -1.1553 -0.8258 -0.8258
22650 49.42 22.85 0.00 -0.6559 -0.4285 -0.4285
22675 49.41 22.85 0.00 -0.2374 -1.2204 -1.2204
22700 49.41 22.85 0.00 -0.2374 -1.2204 -1.2204
22725 49.42 22.85 0.00 0.5618 0.6221 0.6221
22750 49.44 22.87 0.00 0.3105 0.0640 0.0640
22775 49.44 22.87 0.00 0.3105 0.0640 0.0640
22800 49.46 22.89 0.00 0.3812 -0.2999 -0.2999
22825 49.46 22.98 0.00 -0.0470 -0.8570 -0.8570
22850 49.46 22.98 0.00 -0.0470 -0.8570 -0.8570
22875 49.44 23.08 0.00 -1.0067 -0.5250 -0.5250
22900 49.39 23.08 0.00 -1.0469 -0.2647 -0.2647
22925 49.39 23.08 0.00 -1.0469 -0.2647 -0.2647
22950 49.35 23.02 0.00 -1.0856 -0.5019 -0.5019
22975 49.35 23.02 0.00 -1.0856 -0.5019 -0.5019
23000 49.32 23.00 0.00 -0.4093 0.4725 0.4725
23025 49.30 23.02 0.00 -0.3377 -0.6735 -0.6735
23050 49.30 23.02 0.00 -0.3377 -0.6735 -0.6735
23075 49.28 23.00 0.00 -0.9762 -0.8836 -0.8836
23100 49.25 22.97 0.00 -0.9123 -0.0377 -0.0377
23125 49.25 22.97 0.00 -0.9123 -0.0377 -0.0377
23150 49.21 22.97 0.00 -0.9692 -0.3375 -0.3375
23175 49.16 22.93 0.00 -1.2689 -1.0391 -1.0391
23200 49.16 22.93 0.00 -1.2689 -1.0391 -1.0391
23225 49.09 22.83 0.00 -1.8900 -0.9299 -0.9299
23250 49.01 22.70 0.00 -2.1150 -0.8369 -0.8369
23275 49.01 22.70 0.00 -2.1150 -0.8369 -0.8369
23300 48.94 22.64 0.00 -1.4491 -0.4088 -0.4088
23325 48.90 22.60 0.00 -1.1700 -0.2472 -0.2472
23350 48.90 22.60 0.00 -1.1700 -0.2472 -0.2472
23375 48.87 22.55 0.00 -1.2048 -0.1546 -0.1546
23400 48.81 22.53 0.00 -1.3261 0.5030 0.5030
23425 48.81 22.53 0.00 -1.3261 0.5030 0.5030
23450 48.76 22.49 0.00 -1.1711 0.7520 0.7520
23475 48.71 22.40 0.00 -1.6143 0.7241 0.7241
23500 48.71 22.40 0.00 -1.6143 0.7241 0.7241
23525 48.64 22.30 0.00 -1.7380 -0.0808 -0.0808
23550 48.55 22.26 0.00 -2.1427 -0.9414 -0.9414
23575 48.55 22.26 0.00 -2.1427 -0.9414 -0.9414
23600 48.46 22.23 0.00 -2.4617 -0.4838 -0.4838
23625 48.39 22.19 0.00 -1.5944 0.1464 0.1464
23650 48.32 22.09 0.00 -1.2865 0.3797 0.3797
23675 48.32 22.09 0.00 -1.2865 0.3797 0.3797
23700 48.29 22.06 0.00 -0.9792 0.2203 0.2203
23725 48.29 22.06 0.00 -0.9792 0.2203 0.2203
23750 48.24 22.04 0.00 -1.0966 -0.6900 -0.6900
23775 48.18 21.96 0.00 -1.5779 -1.0229 -1.0229
23800 48.18 21.96 0.00 -1.5779 -1.0229 -1.0229
23825 48.13 21.89 0.00 -1.5731 -0.0004 -0.0004
23850 48.08 21.85 0.00 -1.0245 0.4421 0.4421
23875 48.08 21.85 0.00 -1.0245 0.4421 0.4421
23900 48.03 21.81 0.00 -1.4111 -1.1054 -1.1054
23925 47.99 21.68 0.00 0.0910 0.7383 0.7383
23950 47.99 21.68 0.00 0.0910 0.7383 0.7383
23975 47.99 21.66 0.00 -0.4004 -0.2422 -0.2422
24000 47.96 21.62 0.00 -0.7176 0.5720 0.5720
24025 47.96 21.62 0.00 -0.7176 0.5720 0.5720
24050 47.96 21.51 0.00 -0.0028 1.2635 1.2635
24075 47.96 21.45 0.00 0.2869 0.4430 0.4430
24100 47.96 21.45 0.00 0.2869 0.4430 0.4430
24125 47.96 21.45 0.00 -0.7644 -0.3318 -0.3318
24150 47.96 21.45 0.00 -0.7644 -0.3318 -0.3318
24175 47.92 21.40 0.00 -1.1667 -0.2003 -0.2003
24200 47.89 21.30 0.00 -0.7316 -0.6297 -0.6297
24225 47.85 21.21 0.00 -0.7437 -1.0851 -1.0851
24250 47.85 21.21 0.00 -0.7437 -1.0851 -1.0851
24275 47.82 21.21 0.00 -0.9132 -0.8419 -0.8419
24300 47.80 21.19 0.00 -0.0849 0.0749 0.0749
24325 47.80 21.19 0.00 -0.0849 0.0749 0.0749
24350 47.82 21.17 0.00 0.1247 0.0515 0.0515
24375 47.82 21.17 0.00 0.1247 0.0515 0.0515
24400 47.80 21.17 0.00 -0.8619 -0.2410 -0.2410
24425 47.75 21.13 0.00 -1.0648 -0.3934 -0.3934
24450 47.75 21.13 0.00 -1.0648 -0.3934 -0.3934
24475 47.71 21.06 0.00 -1.1363 -0.8888 -0.8888
24500 47.66 21.00 0.00 -1.4735 -0.5225 -0.5225
24525 47.66 21.00 0.00 -1.4735 -0.5225 -0.5225
24550 47.59 20.95 0.00 -1.5661 -0.6404 -0.6404
24575 47.54 20.93 0.00 -1.4076 -0.7614 -0.7614
24600 47.54 20.93 0.00 -1.4076 -0.7614 -0.7614
24625 47.50 20.91 0.00 -0.8543 -0.0531 -0.0531
24650 47.43 20.89 0.00 -1.6490 -0.5711 -0.5711
24675 47.43 20.89 0.00 -1.6490 -0.5711 -0.5711
24700 47.38 20.82 0.00 -1.4694 -0.2058 -0.2058
24725 47.33 20.76 0.00 -0.8705 -0.2912 -0.2912
24750 47.33 20.76 0.00 -0.8705 -0.2912 -0.2912
24775 47.31 20.74 0.00 -0.7626 -0.3100 -0.3100
24800 47.26 20.67 0.00 -1.3847 -0.8317 -0.8317
24825 47.24 20.63 0.00 -0.0390 1.2581 1.2581
24850 47.24 20.63 0.00 -0.0390 1.2581 1.2581
24875 47.21 20.69 0.00 -1.2906 -0.6784 -0.6784
24900 47.21 20.69 0.00 -1.2906 -0.6784 -0.6784
24925 47.14 20.74 0.00 -1.7193 -0.3772 -0.3772
24950 47.08 20.73 0.00 -0.9962 0.0356 0.0356
24975 47.08 20.73 0.00 -0.9962 0.0356 0.0356
25000 47.05 20.69 0.00 -0.7517 -0.2304 -0.2304
25025 47.03 20.65 0.00 -1.2345 -0.3034 -0.3034
25050 47.03 20.65 0.00 -1.2345 -0.3034 -0.3034
25075 46.96 20.63 0.00 -2.0584 -0.4802 -0.4802
25100 46.87 20.58 0.00 -2.4315 -0.7304 -0.7304
25125 46.87 20.58 0.00 -2.4315 -0.7304 -0.7304
25150 46.79 20.56 0.00 -1.9426 -0.6012 -0.6012
25175 46.72 20.54 0.00 -1.5672 -0.7561 -0.7561
25200 46.72 20.54 0.00 -1.5672 -0.7561 -0.7561
25225 46.67 20.47 0.00 -1.3772 -0.2963 -0.2963
25250 46.61 20.41 0.00 -1.2609 0.2141 0.2141
25275 46.61 20.41 0.00 -1.2609 0.2141 0.2141
25300 46.54 20.34 0.00 -1.5376 -0.2628 -0.2628
25325 46.49 20.28 0.00 -1.7917 -0.4908 -0.4908
25350 46.49 20.28 0.00 -1.7917 -0.4908 -0.4908
25375 46.42 20.27 0.00 -1.6792 -0.6869 -0.6869
25400 46.33 20.25 0.00 -1.8901 -0.7282 -0.7282
25425 46.33 20.25 0.00 -1.8901 -0.7282 -0.7282
25450 46.28 20.21 0.00 -1.3694 -0.3446 -0.3446
25475 46.21 20.19 0.00 -1.4304 -0.8353 -0.8353
25500 46.21 20.19 0.00 -1.4304 -0.8353 -0.8353
25525 46.18 20.14 0.00 -0.7331 0.4780 0.4780
25550 46.14 20.10 0.00 -1.3517 -0.7543 -0.7543
25575 46.14 20.10 0.00 -1.3517 -0.7543 -0.7543
25600 46.07 20.08 0.00 -1.6309 -1.0838 -1.0838
25625 46.00 20.05 0.00 -2.1626 -1.3267 -1.3267
25650 46.00 20.05 0.00 -2.1626 -1.3267 -1.3267
25675 45.91 20.05 0.00 -1.7042 -1.1444 -1.1444
25700 45.91 20.05 0.00 -1.7042 -1.1444 -1.1444
25725 45.86 20.05 0.00 -1.4167 -1.1465 -1.1465
25750 45.79 20.01 0.00 -1.3954 -0.1698 -0.1698
25775 45.76 19.98 0.00 -0.9423 0.3099 0.3099
25800 45.76 19.98 0.00 -0.9423 0.3099 0.3099
25825 45.72 19.96 0.00 -0.8853 -0.4581 -0.4581
25850 45.70 19.96 0.00 -0.6678 -0.5631 -0.5631
25875 45.70 19.96 0.00 -0.6678 -0.5631 -0.5631
25900 45.69 19.94 0.00 -0.1077 -0.1468 -0.1468
25925 45.67 19.90 0.00 -0.6477 -0.4347 -0.4347
25950 45.67 19.90 0.00 -0.6477 -0.4347 -0.4347
25975 45.62 19.83 0.00 -1.2897 -0.6278 -0.6278
26000 45.56 19.79 0.00 -1.4060 -0.8133 -0.8133
26025 45.56 19.79 0.00 -1.4060 -0.8133 -0.8133
26050 45.51 19.72 0.00 -1.0705 -0.9928 -0.9928
26075 45.49 19.61 0.00 -0.4582 -0.6537 -0.6537
26100 45.49 19.61 0.00 -0.4582 -0.6537 -0.6537
26125 45.49 19.55 0.00 0.2001 0.0682 0.0682
26150 45.49 19.48 0.00 0.4259 0.9111 0.9111
26175 45.49 19.48 0.00 0.4259 0.9111 0.9111
26200 45.53 19.42 0.00 0.6189 1.1295 1.1295
26225 45.53 19.42 0.00 0.6189 1.1295 1.1295
26250 45.53 19.35 0.00 -0.3877 0.4108 0.4108
26275 45.49 19.31 0.00 -1.0743 0.2743 0.2743
26300 45.49 19.31 0.00 -1.0743 0.2743 0.2743
26325 45.44 19.24 0.00 -1.2505 -1.1747 -1.1747
26350 45.41 19.22 0.00 -0.6512 -0.6518 -0.6518
26375 45.41 19.20 0.00 0.0589 0.4837 0.4837
26400 45.41 19.20 0.00 0.0589 0.4837 0.4837
26425 45.41 19.18 0.00 0.3503 0.2303 0.2303
26450 45.41 19.18 0.00 0.3503 0.2303 0.2303
26475 45.44 19.18 0.00 0.8134 1.2294 1.2294
26500 45.44 19.24 0.00 -0.3963 -0.7272 -0.7272
26525 45.44 19.24 0.00 -0.3963 -0.7272 -0.7272
26550 45.41 19.24 0.00 -1.3163 -1.2317 -1.2317
26575 45.35 19.20 0.00 -1.2742 -0.9376 -0.9376
26600 45.35 19.20 0.00 -1.2742 -0.9376 -0.9376
26625 45.30 19.13 0.00 -0.7186 -0.2290 -0.2290
26650 45.30 19.09 0.00 -0.2636 -0.1441 -0.1441
26675 45.30 19.09 0.00 -0.2636 -0.1441 -0.1441
26700 45.28 19.00 0.00 -0.4765 -0.4363 -0.4363
26725 45.28 18.92 0.00 0.1413 0.3514 0.3514
26750 45.28 18.92 0.00 0.1413 0.3514 0.3514
26775 45.28 18.87 0.00 -0.4163 -0.4792 -0.4792
26800 45.25 18.89 0.00 -0.8589 0.2587 0.2587
26825 45.25 18.89 0.00 -0.8589 0.2587 0.2587
26850 45.20 18.87 0.00 -1.9040 0.2283 0.2283
26875 45.09 18.83 0.00 -2.7961 -1.0738 -1.0738
26900 45.09 18.83 0.00 -2.7961 -1.0738 -1.0738
26925 44.97 18.82 0.00 -2.9270 -1.9093 -1.9093
26950 44.97 18.82 0.00 -2.9270 -1.9093 -1.9093
26975 44.86 18.80 0.00 -2.3005 -2.0083 -2.0083
27000 44.79 18.80 0.00 -1.3138 -1.9566 -1.9566
27025 44.79 18.80 0.00 -1.3138 -1.9566 -1.9566
27050 44.78 18.80 0.00 -0.3675 -1.6537 -1.6537
27075 44.76 18.84 0.00 -0.6580 -0.7689 -0.7689
27100 44.72 18.84 0.00 -0.7655 -0.1316 -0.1316
27125 44.72 18.84 0.00 -0.7655 -0.1316 -0.1316
27150 44.71 18.79 0.00 -0.1292 -0.1135 -0.1135
27175 44.71 18.79 0.00 -0.1292 -0.1135 -0.1135
27200 44.71 18.79 0.00 -0.2958 -0.4772 -0.4772
27225 44.69 18.77 0.00 -0.4962 -0.2843 -0.2843
27250 44.69 18.77 0.00 -0.4962 -0.2843 -0.2843
27275 44.67 18.73 0.00 -0.2081 -0.0621 -0.0621
27300 44.65 18.64 0.00 -0.8288 0.0499 0.0499
27325 44.65 18.64 0.00 -0.8288 0.0499 0.0499
27350 44.60 18.55 0.00 -1.6993 -0.9958 -0.9958
27375 44.51 18.51 0.00 -1.9514 -1.8890 -1.8890
27400 44.51 18.51 0.00 -1.9514 -1.8890 -1.8890
27425 44.46 18.48 0.00 -0.8424 -0.0380 -0.0380
27450 44.41 18.44 0.00 -1.8257 -0.1878 -0.1878
27475 44.41 18.44 0.00 -1.8257 -0.1878 -0.1878
27500 44.32 18.39 0.00 -3.1412 -0.7772 -0.7772
27525 44.20 18.30 0.00 -3.0571 -0.3386 -0.3386
27550 44.20 18.30 0.00 -3.0571 -0.3386 -0.3386
27575 44.09 18.23 0.00 -1.9206 -0.4266 -0.4266
27600 44.02 18.19 0.00 -2.2054 -1.7082 -1.7082
27625 44.02 18.19 0.00 -2.2054 -1.7082 -1.7082
27650 43.95 18.12 0.00 -1.0493 -0.4838 -0.4838
27675 43.95 18.12 0.00 0.1713 -0.4557 -0.4557
27700 43.95 18.12 0.00 0.1713 -0.4557 -0.4557
27725 43.94 18.21 0.00 -0.4525 -1.3722 -1.3722
27750 43.92 18.27 0.00 -0.2002 -0.0790 -0.0790
27775 43.92 18.27 0.00 -0.2002 -0.0790 -0.0790
27800 43.94 18.27 0.00 0.2333 0.3540 0.3540
27825 43.94 18.25 0.00 0.2386 0.0139 0.0139
27850 43.94 18.25 0.00 0.2386 0.0139 0.0139
27875 43.95 18.27 0.00 0.2454 -0.2737 -0.2737
27900 43.95 18.27 0.00 0.1647 0.0892 0.0892
27925 43.95 18.27 0.00 0.1647 0.0892 0.0892
27950 43.95 18.25 0.00 -0.1161 -0.1865 -0.1865
27975 43.94 18.23 0.00 -0.5763 0.0389 0.0389
28000 43.94 18.23 0.00 -0.5763 0.0389 0.0389
28025 43.92 18.21 0.00 -0.4544 -0.0026 -0.0026
28050 43.92 18.16 0.00 0.2985 0.3940 0.3940
28075 43.92 18.16 0.00 0.2985 0.3940 0.3940
28100 43.94 18.12 0.00 0.3337 -0.1830 -0.1830
28125 43.94 18.10 0.00 -0.4315 -0.2100 -0.2100
28150 43.94 18.10 0.00 -0.4315 -0.2100 -0.2100
28175 43.88 18.07 0.00 -1.3398 -0.8883 -0.8883
28200 43.85 18.07 0.00 -1.5212 -1.1644 -1.1644
28225 43.85 18.07 0.00 -1.5212 -1.1644 -1.1644
28250 43.78 18.03 0.00 -1.3226 -0.5691 -0.5691
28275 43.78 18.03 0.00 -1.3226 -0.5691 -0.5691
28300 43.74 17.96 0.00 -1.1135 -1.1611 -1.1611
28325 43.71 17.92 0.00 -0.8362 -1.0761 -1.0761
28350 43.67 17.96 0.00 -1.0952 -0.7342 -0.7342
28375 43.67 17.96 0.00 -1.0952 -0.7342 -0.7342
28400 43.60 17.98 0.00 -1.4211 -1.5991 -1.5991
28425 43.60 17.98 0.00 -1.4211 -1.5991 -1.5991
28450 43.55 18.00 0.00 -1.5680 -1.4527 -1.4527
28475 43.50 17.98 0.00 -1.5143 -0.8845 -0.8845
28500 43.50 17.98 0.00 -1.5143 -0.8845 -0.8845
28525 43.43 17.97 0.00 -1.2878 -0.5702 -0.5702
28550 43.38 17.93 0.00 -1.7560 -1.5835 -1.5835
28575 43.38 17.93 0.00 -1.7560 -1.5835 -1.5835
28600 43.34 17.86 0.00 -0.5401 0.5856 0.5856
28625 43.29 17.84 0.00 -1.5879 -0.3654 -0.3654
28650 43.29 17.84 0.00 -1.5879 -0.3654 -0.3654
28675 43.22 17.88 0.00 -2.2201 -0.0414 -0.0414
28700 43.13 17.90 0.00 -1.9340 0.1045 0.1045
28725 43.13 17.90 0.00 -1.9340 0.1045 0.1045
28750 43.08 17.85 0.00 -1.0570 -0.0594 -0.0594
28775 43.04 17.81 0.00 -1.1061 -0.6377 -0.6377
28800 43.04 17.81 0.00 -1.1061 -0.6377 -0.6377
28825 42.97 17.76 0.00 -1.6378 -0.7132 -0.7132
28850 42.90 17.69 0.00 -1.8532 -1.2002 -1.2002
28875 42.90 17.69 0.00 -1.8532 -1.2002 -1.2002
28900 42.81 17.62 0.00 -2.1264 -1.2620 -1.2620
28925 42.74 17.62 0.00 -1.4905 -0.6042 -0.6042
28950 42.74 17.62 0.00 -1.4905 -0.6042 -0.6042
28975 42.71 17.62 0.00 -0.5717 -0.2883 -0.2883
29000 42.71 17.58 0.00 -0.0109 0.1258 0.1258
29025 42.71 17.58 0.00 -0.0109 0.1258 0.1258
29050 42.71 17.55 0.00 0.0068 0.5618 0.5618
29075 42.73 17.51 0.00 0.5627 0.7134 0.7134
29100 42.73 17.51 0.00 0.5627 0.7134 0.7134
29125 42.73 17.47 0.00 0.3958 0.3215 0.3215
29150 42.73 17.42 0.00 -0.3137 -0.2831 -0.2831
29175 42.73 17.42 0.00 -0.3137 -0.2831 -0.2831
29200 42.71 17.38 0.00 -0.5997 -0.4834 -0.4834
29225 42.71 17.38 0.00 -0.5997 -0.4834 -0.4834
29250 42.71 17.33 0.00 0.0783 0.0334 0.0334
29275 42.74 17.27 0.00 1.2364 0.7095 0.7095
29300 42.78 17.16 0.00 1.3202 0.8467 0.8467
29325 42.78 17.16 0.00 1.3202 0.8467 0.8467
29350 42.83 17.12 0.00 1.1715 1.3636 1.3636
29375 42.85 17.10 0.00 -0.0900 0.2777 0.2777
29400 42.85 17.10 0.00 -0.0900 0.2777 0.2777
29425 42.83 17.01 0.00 -0.8850 -0.1884 -0.1884
29450 42.83 17.01 0.00 -0.8850 -0.1884 -0.1884
29475 42.80 16.92 0.00 -1.0040 -0.7498 -0.7498
29500 42.76 16.92 0.00 -0.6927 -0.3572 -0.3572
29525 42.76 16.92 0.00 -0.6927 -0.3572 -0.3572
29550 42.73 16.94 0.00 -0.7594 -0.6642 -0.6642
29575 42.73 16.85 0.00 0.2800 0.6544 0.6544
29600 42.73 16.79 0.00 -0.2607 0.3240 0.3240
29625 42.73 16.79 0.00 -0.2607 0.3240 0.3240
29650 42.64 16.74 0.00 -4.0071 -0.0474 -0.0474
29675 42.64 16.74 0.00 -4.0071 -0.0474 -0.0474
29700 42.32 16.62 0.00 -10.7396 0.5620 0.5620
29725 41.76 16.48 0.00 -15.1636 0.2435 0.2435
29750 41.20 16.37 0.00 -13.0887 -1.0703 -1.0703
29775 41.20 16.37 0.00 -13.0887 -1.0703 -1.0703
29800 40.81 16.24 0.00 -7.9715 -2.4697 -2.4697
29825 40.58 16.07 0.00 -4.0064 -2.8714 -2.8714
29850 40.58 16.07 0.00 -4.0064 -2.8714 -2.8714
29875 40.48 15.91 0.00 -2.3172 -2.3984 -2.3984
29900 40.48 15.91 0.00 -2.3172 -2.3984 -2.3984
29925 40.39 15.75 0.00 -2.0834 -1.6661 -1.6661
29950 40.35 15.62 0.00 -1.3502 -0.7587 -0.7587
29975 40.35 15.62 0.00 -1.3502 -0.7587 -0.7587
30000 40.32 15.46 0.00 -0.3416 -0.4087 -0.4087
30025 40.32 15.37 0.00 -0.0773 0.1017 0.1017
30050 40.32 15.37 0.00 -0.0773 0.1017 0.1017
30075 40.32 15.26 0.00 0.3432 0.6733 0.6733
30100 40.32 15.10 0.00 -0.6871 0.6269 0.6269
30125 40.32 15.10 0.00 -0.6871 0.6269 0.6269
30150 40.19 14.87 0.00 -4.3429 0.0092 0.0092
30175 39.93 14.59 0.00 -7.6186 -0.1994 -0.1994
30200 39.93 14.59 0.00 -7.6186 -0.1994 -0.1994
30225 39.61 14.28 0.00 -7.6446 -0.2515 -0.2515
30250 39.31 14.06 0.00 -7.3885 -1.9396 -1.9396
30275 39.31 14.06 0.00 -7.3885 -1.9396 -1.9396
30300 39.01 13.91 0.00 -7.4786 -2.8861 -2.8861
30325 38.68 13.82 0.00 -9.8201 -2.1066 -2.1066
30350 38.68 13.82 0.00 -9.8201 -2.1066 -2.1066
30375 38.22 13.72 0.00 -12.2698 -3.7548 -3.7548
30400 37.74 13.65 0.00 -11.5795 -4.3127 -4.3127
30425 37.74 13.65 0.00 -11.5795 -4.3127 -4.3127
30450 37.33 13.62 0.00 -8.8163 -4.5386 -4.5386
30475 37.07 13.62 0.00 -5.2652 -4.0073 -4.0073
30500 37.07 13.62 0.00 -5.2652 -4.0073 -4.0073
30525 36.89 13.66 0.00 -4.5196 -4.7213 -4.7213
30550 36.89 13.66 0.00 -4.5196 -4.7213 -4.7213
30575 36.76 13.69 0.00 -2.1146 -1.2748 -1.2748
30600 36.67 13.75 0.00 -2.4055 -1.8070 -1.8070
30625 36.57 13.82 0.00 -2.6809 -1.3464 -1.3464
30650 36.57 13.82 0.00 -2.6809 -1.3464 -1.3464
30675 36.52 13.86 0.00 -2.2066 -0.8146 -0.8146
30700 36.52 13.86 0.00 -2.2066 -0.8146 -0.8146
30725 36.39 13.89 0.00 -2.3787 -1.0730 -1.0730
30750 36.32 13.89 0.00 -2.3957 -1.2236 -1.2236
30775 36.21 13.88 0.00 -3.0580 -1.2797 -1.2797
30800 36.21 13.88 0.00 -3.0580 -1.2797 -1.2797
30825 36.02 13.84 0.00 -5.6973 -0.9689 -0.9689
30850 35.75 13.80 0.00 -7.1222 -1.6501 -1.6501
30875 35.75 13.80 0.00 -7.1222 -1.6501 -1.6501
30900 35.48 13.80 0.00 -5.5096 -1.5072 -1.5072
30925 35.48 13.80 0.00 -5.5096 -1.5072 -1.5072
30950 35.34 13.86 0.00 -3.0075 -1.7500 -1.7500
30975 35.25 13.88 0.00 -1.9613 -1.6696 -1.6696
31000 35.25 13.88 0.00 -1.9613 -1.6696 -1.6696
31025 35.16 13.94 0.00 -2.1714 -0.8910 -0.8910
31050 35.07 14.04 0.00 -2.0488 -0.3659 -0.3659
31075 35.00 14.13 0.00 -1.7362 -0.6122 -0.6122
31100 35.00 14.13 0.00 -1.7362 -0.6122 -0.6122
31125 34.95 14.24 0.00 -0.6401 -0.5387 -0.5387
31150 34.95 14.42 0.00 0.4312 -0.7304 -0.7304
31175 34.95 14.42 0.00 0.4312 -0.7304 -0.7304
31200 34.98 14.62 0.00 1.2985 0.0275 0.0275
31225 34.98 14.62 0.00 1.2985 0.0275 0.0275
31250 35.05 14.83 0.00 1.8225 0.8766 0.8766
31275 35.11 15.08 0.00 1.2731 0.3207 0.3207
31300 35.11 15.08 0.00 1.2731 0.3207 0.3207
31325 35.20 15.40 0.00 2.6111 2.2865 2.2865
31350 35.29 15.72 0.00 1.7869 0.9121 0.9121
31375 35.32 16.04 0.00 0.9729 0.4319 0.4319
31400 35.32 16.04 0.00 0.9729 0.4319 0.4319
31425 35.36 16.35 0.00 0.5216 -0.0991 -0.0991
31450 35.36 16.35 0.00 0.5216 -0.0991 -0.0991
31475 35.36 16.71 0.00 0.1549 -0.9032 -0.9032
31500 35.36 17.02 0.00 -0.2318 -0.6818 -0.6818
31525 35.36 17.02 0.00 -0.2318 -0.6818 -0.6818
31550 35.32 17.35 0.00 -0.9581 -2.2567 -2.2567
31575 35.30 17.70 0.00 -0.1220 -0.7321 -0.7321
31600 35.30 17.70 0.00 -0.1220 -0.7321 -0.7321
31625 35.30 18.14 0.00 -0.2605 -0.8938 -0.8938
31650 35.29 18.55 0.00 -0.2668 -1.8129 -1.8129
31675 35.29 18.55 0.00 -0.2668 -1.8129 -1.8129
31700 35.29 18.97 0.00 -0.1013 -1.7976 -1.7976
31725 35.27 19.38 0.00 -0.6721 -1.9624 -1.9624
31750 35.27 19.38 0.00 -0.6721 -1.9624 -1.9624
31775 35.22 19.83 0.00 -1.4065 -2.2886 -2.2886
31800 35.18 20.30 0.00 -0.9462 -2.3099 -2.3099
31825 35.18 20.30 0.00 -0.9462 -2.3099 -2.3099
31850 35.14 20.77 0.00 -0.8580 -2.9477 -2.9477
31875 35.11 21.24 0.00 -0.9275 -2.4659 -2.4659
31900 35.11 21.24 0.00 -0.9275 -2.4659 -2.4659
31925 35.09 21.67 0.00 -0.0610 -1.6037 -1.6037
31950 35.11 22.14 0.00 0.7527 -0.8540 -0.8540
31975 35.11 22.14 0.00 0.7527 -0.8540 -0.8540
32000 35.13 22.59 0.00 0.5960 -0.8219 -0.8219
32025 35.14 22.99 0.00 0.3479 -0.9420 -0.9420
32050 35.14 22.99 0.00 0.3479 -0.9420 -0.9420
32075 35.16 23.37 0.00 -0.1889 -1.4060 -1.4060
32100 35.13 23.71 0.00 -0.8811 -1.7804 -1.7804
32125 35.13 23.71 0.00 -0.8811 -1.7804 -1.7804
32150 35.09 24.00 0.00 -1.2896 -1.9309 -1.9309
32175 35.04 24.27 0.00 -0.9295 -1.8206 -1.8206
32200 35.04 24.27 0.00 -0.9295 -1.8206 -1.8206
32225 35.02 24.52 0.00 -0.5155 -1.5702 -1.5702
32250 35.00 24.77 0.00 -0.3219 -1.6648 -1.6648
32275 35.00 24.77 0.00 -0.3219 -1.6648 -1.6648
32300 35.00 25.02 0.00 0.5670 -0.4034 -0.4034
32325 35.04 25.31 0.00 1.0089 -0.3910 -0.3910
32350 35.04 25.31 0.00 1.0089 -0.3910 -0.3910
32375 35.05 25.58 0.00 0.2598 -0.8699 -0.8699
32400 35.07 25.75 0.00 0.0585 -0.4346 -0.4346
32425 35.07 25.75 0.00 0.0585 -0.4346 -0.4346
32450 35.05 25.85 0.00 -0.2088 -0.3833 -0.3833
32475 35.05 26.02 0.00 -0.3344 -0.5274 -0.5274
32500 35.05 26.02 0.00 -0.3344 -0.5274 -0.5274
32525 35.02 26.18 0.00 -0.8507 -1.6438 -1.6438
32550 35.02 26.18 0.00 -0.8507 -1.6438 -1.6438
32575 35.00 26.24 0.00 -0.2058 -0.4217 -0.4217
32600 34.98 26.38 0.00 -0.8754 -0.9879 -0.9879
32625 34.98 26.38 0.00 -0.8754 -0.9879 -0.9879
32650 34.91 26.56 0.00 -1.9514 -0.9800 -0.9800
32675 34.82 26.68 0.00 -2.3992 -1.2746 -1.2746
32700 34.82 26.68 0.00 -2.3992 -1.2746 -1.2746
32725 34.70 26.78 0.00 -4.2449 -1.5508 -1.5508
32750 34.43 26.91 0.00 -8.0120 -1.1246 -1.1246
32775 34.43 26.91 0.00 -8.0120 -1.1246 -1.1246
32800 34.04 27.13 0.00 -10.4271 -1.3790 -1.3790
32825 33.57 27.36 0.00 -12.5003 -2.4323 -2.4323
32850 33.57 27.36 0.00 -12.5003 -2.4323 -2.4323
32875 33.05 27.58 0.00 -13.2003 -2.7521 -2.7521
32900 32.57 27.81 0.00 -11.3176 -2.5867 -2.5867
32925 32.57 27.81 0.00 -11.3176 -2.5867 -2.5867
32950 32.19 28.03 0.00 -8.1174 -2.5902 -2.5902
32975 31.92 28.22 0.00 -5.8706 -2.1964 -2.1964
33000 31.92 28.22 0.00 -5.8706 -2.1964 -2.1964
33025 31.74 28.43 0.00 -3.8960 -1.5750 -1.5750
33050 31.61 28.62 0.00 -2.4427 -1.6896 -1.6896
33075 31.61 28.62 0.00 -2.4427 -1.6896 -1.6896
33100 31.54 28.82 0.00 -1.7250 -1.4660 -1.4660
33125 31.48 28.96 0.00 -1.5633 -1.5823 -1.5823
33150 31.48 28.96 0.00 -1.5633 -1.5823 -1.5823
33175 31.43 29.06 0.00 -1.8987 -1.0226 -1.0226
33200 31.34 29.17 0.00 -2.2220 -0.9963 -0.9963
33225 31.34 29.17 0.00 -2.2220 -0.9963 -0.9963
33250 31.25 29.27 0.00 -1.8311 -1.5852 -1.5852
33275 31.20 29.37 0.00 -1.3987 -0.0647 -0.0647
33300 31.20 29.37 0.00 -1.3987 -0.0647 -0.0647
33325 31.12 29.50 0.00 -2.4365 -0.9411 -0.9411
33350 30.98 29.62 0.00 -3.8011 -0.8534 -0.8534
33375 30.98 29.62 0.00 -3.8011 -0.8534 -0.8534
33400 30.80 29.68 0.00 -4.9164 -0.7022 -0.7022
33425 30.62 29.79 0.00 -4.5943 -0.2864 -0.2864
33450 30.62 29.79 0.00 -4.5943 -0.2864 -0.2864
33475 30.42 29.88 0.00 -4.9692 -0.9894 -0.9894
33500 30.18 29.97 0.00 -6.2394 -0.6937 -0.6937
33525 30.18 29.97 0.00 -6.2394 -0.6937 -0.6937
33550 29.91 30.05 0.00 -7.4645 0.2919 0.2919
33575 29.56 30.20 0.00 -9.5893 -0.7125 -0.7125
33600 29.56 30.20 0.00 -9.5893 -0.7125 -0.7125
33625 29.16 30.38 0.00 -10.0541 -0.8046 -0.8046
33650 28.76 30.53 0.00 -10.0857 -0.9832 -0.9832
33675 28.76 30.53 0.00 -10.0857 -0.9832 -0.9832
33700 28.36 30.64 0.00 -9.7702 -1.6184 -1.6184
33725 28.00 30.77 0.00 -8.9060 -1.8785 -1.8785
33750 28.00 30.77 0.00 -8.9060 -1.8785 -1.8785
33775 27.65 30.91 0.00 -8.1013 -2.3926 -2.3926
33800 27.65 30.91 0.00 -8.1013 -2.3926 -2.3926
33825 27.35 31.02 0.00 -7.2832 -2.8327 -2.8327
33850 27.08 31.14 0.00 -6.6822 -2.4242 -2.4242
33875 26.82 31.29 0.00 -6.2756 -2.0866 -2.0866
33900 26.82 31.29 0.00 -6.2756 -2.0866 -2.0866
33925 26.58 31.39 0.00 -5.8720 -1.4293 -1.4293
33950 26.34 31.49 0.00 -6.1772 -0.7738 -0.7738
33975 26.34 31.49 0.00 -6.1772 -0.7738 -0.7738
34000 26.07 31.59 0.00 -6.9948 -0.7040 -0.7040
34025 26.07 31.59 0.00 -6.9948 -0.7040 -0.7040
34050 25.77 31.70 0.00 -8.5520 -1.1797 -1.1797
34075 25.47 31.78 0.00 -10.2004 -1.4352 -1.4352
34100 25.47 31.78 0.00 -10.2004 -1.4352 -1.4352
34125 25.03 31.86 0.00 -11.3125 -1.1211 -1.1211
34150 24.57 31.93 0.00 -11.8548 -1.3706 -1.3706
34175 24.57 31.93 0.00 -11.8548 -1.3706 -1.3706
34200 24.10 31.95 0.00 -11.6081 -1.9841 -1.9841
34225 23.63 31.95 0.00 -11.7595 -2.3784 -2.3784
34250 23.63 31.95 0.00 -11.7595 -2.3784 -2.3784
34275 23.11 31.98 0.00 -13.5193 -1.5710 -1.5710
34300 22.57 31.99 0.00 -13.5154 -2.4249 -2.4249
34325 22.57 31.99 0.00 -13.5154 -2.4249 -2.4249
34350 22.06 31.94 0.00 -12.3186 -3.1710 -3.1710
34375 21.65 31.91 0.00 -8.4522 -2.9969 -2.9969
34400 21.65 31.91 0.00 -8.4522 -2.9969 -2.9969
34425 21.42 31.90 0.00 -4.7127 -2.9980 -2.9980
34450 21.23 31.85 0.00 -4.9217 -4.4593 -4.4593
34475 21.23 31.85 0.00 -4.9217 -4.4593 -4.4593
34500 21.04 31.75 0.00 -4.8353 -1.9863 -1.9863
34525 20.83 31.73 0.00 -5.4286 -1.5359 -1.5359
34550 20.83 31.73 0.00 -5.4286 -1.5359 -1.5359
34575 20.63 31.66 0.00 -5.5008 -1.6101 -1.6101
34600 20.40 31.58 0.00 -5.5984 -1.5833 -1.5833
34625 20.40 31.58 0.00 -5.5984 -1.5833 -1.5833
34650 20.19 31.48 0.00 -5.5594 -0.9870 -0.9870
34675 19.96 31.41 0.00 -5.6137 -0.3864 -0.3864
34700 19.96 31.41 0.00 -5.6137 -0.3864 -0.3864
34725 19.71 31.33 0.00 -6.1989 -1.0731 -1.0731
34750 19.47 31.22 0.00 -6.2331 -2.4666 -2.4666
34775 19.47 31.22 0.00 -6.2331 -2.4666 -2.4666
34800 19.18 31.15 0.00 -7.7351 -3.3191 -3.3191
34825 18.85 31.14 0.00 -8.4882 -2.4839 -2.4839
34850 18.85 31.14 0.00 -8.4882 -2.4839 -2.4839
34875 18.51 31.12 0.00 -8.7240 -1.8249 -1.8249
34900 18.26 31.14 0.00 -8.0918 -1.2044 -1.2044
34925 18.26 31.14 0.00 -8.0918 -1.2044 -1.2044
34950 17.99 31.13 0.00 -5.8622 -0.7237 -0.7237
34975 17.80 31.19 0.00 -4.1878 -0.3704 -0.3704
35000 17.80 31.19 0.00 -4.1878 -0.3704 -0.3704
35025 17.66 31.34 0.00 -3.1954 0.0562 0.0562
35050 17.51 31.47 0.00 -3.8219 -0.1792 -0.1792
35075 17.51 31.47 0.00 -3.8219 -0.1792 -0.1792
35100 17.35 31.59 0.00 -4.3405 0.0134 0.0134
35125 17.16 31.72 0.00 -4.4454 -0.4527 -0.4527
35150 17.16 31.72 0.00 -4.4454 -0.4527 -0.4527
35175 17.01 31.89 0.00 -3.2250 -0.2601 -0.2601
35200 16.91 32.08 0.00 -2.1981 -1.2682 -1.2682
35225 16.91 32.08 0.00 -2.1981 -1.2682 -1.2682
35250 16.83 32.28 0.00 -2.5627 -1.5485 -1.5485
35275 16.83 32.28 0.00 -2.5627 -1.5485 -1.5485
35300 16.72 32.43 0.00 -2.8320 -1.0996 -1.0996
35325 16.58 32.56 0.00 -3.1242 -0.5715 -0.5715
35350 16.58 32.56 0.00 -3.1242 -0.5715 -0.5715
35375 16.44 32.69 0.00 -4.0814 -0.4303 -0.4303
35400 16.25 32.79 0.00 -5.4870 -0.9341 -0.9341
35425 16.04 32.89 0.00 -4.6039 0.8686 0.8686
35450 16.04 32.89 0.00 -4.6039 0.8686 0.8686
35475 15.86 33.09 0.00 -4.2619 -1.0049 -1.0049
35500 15.86 33.09 0.00 -4.2619 -1.0049 -1.0049
35525 15.68 33.32 0.00 -4.8945 -1.3680 -1.3680
35550 15.47 33.48 0.00 -5.1395 -1.2248 -1.2248
35575 15.47 33.48 0.00 -5.1395 -1.2248 -1.2248
35600 15.31 33.57 0.00 -5.2019 -1.2943 -1.2943
35625 15.16 33.69 0.00 -5.0334 -0.8863 -0.8863
35650 15.16 33.69 0.00 -5.0334 -0.8863 -0.8863
35675 14.92 33.87 0.00 -4.2260 -0.8088 -0.8088
35700 14.80 33.98 0.00 -3.4523 -1.0046 -1.0046
35725 14.80 33.98 0.00 -3.4523 -1.0046 -1.0046
35750 14.69 34.13 0.00 -2.8155 -1.4401 -1.4401
35775 14.59 34.27 0.00 -2.6878 -0.8475 -0.8475
35800 14.59 34.27 0.00 -2.6878 -0.8475 -0.8475
35825 14.49 34.42 0.00 -2.3695 -0.1812 -0.1812
35850 14.39 34.59 0.00 -2.0427 0.0404 0.0404
35875 14.39 34.59 0.00 -2.0427 0.0404 0.0404
35900 14.31 34.77 0.00 -2.3141 0.2140 0.2140
35925 14.21 34.96 0.00 -2.3636 -0.1952 -0.1952
35950 14.21 34.96 0.00 -2.3636 -0.1952 -0.1952
35975 14.14 35.17 0.00 -1.6578 0.7495 0.7495
36000 14.08 35.39 0.00 -1.0476 0.5731 0.5731
36025 14.08 35.39 0.00 -1.0476 0.5731 0.5731
36050 14.04 35.61 0.00 -1.1641 -0.2491 -0.2491
36075 14.02 35.89 0.00 0.0065 1.1743 1.1743
36100 14.02 35.89 0.00 0.0065 1.1743 1.1743
36125 14.02 36.24 0.00 -0.6929 0.1514 0.1514
36150 13.98 36.56 0.00 -1.1115 -0.0546 -0.0546
36175 13.98 36.56 0.00 -1.1115 -0.0546 -0.0546
36200 13.94 36.85 0.00 -0.5209 0.0629 0.0629
36225 13.94 37.18 0.00 0.0564 0.7559 0.7559
36250 13.94 37.18 0.00 0.0564 0.7559 0.7559
36275 13.92 37.52 0.00 -0.3700 -0.0749 -0.0749
36300 13.92 37.80 0.00 0.7072 1.1145 1.1145
36325 13.92 37.80 0.00 0.7072 1.1145 1.1145
36350 13.96 38.08 0.00 0.5545 1.1717 1.1717
36375 13.96 38.08 0.00 0.5545 1.1717 1.1717
36400 13.94 38.46 0.00 -1.0248 0.9707 0.9707
36425 13.90 38.77 0.00 -0.5490 0.6292 0.6292
36450 13.90 39.05 0.00 -0.1367 0.1119 0.1119
36475 13.90 39.05 0.00 -0.1367 0.1119 0.1119
36500 13.88 39.27 0.00 -0.8320 -0.4073 -0.4073
36525 13.84 39.43 0.00 -1.3288 -0.4639 -0.4639
36550 13.84 39.43 0.00 -1.3288 -0.4639 -0.4639
36575 13.80 39.62 0.00 -0.7720 -0.4769 -0.4769
36600 13.80 39.62 0.00 -0.7720 -0.4769 -0.4769
36625 13.78 39.84 0.00 -0.4624 -0.5319 -0.5319
36650 13.76 40.07 0.00 -0.4717 -0.4978 -0.4978
36675 13.76 40.33 0.00 0.2733 0.0610 0.0610
36700 13.76 40.33 0.00 0.2733 0.0610 0.0610
36725 13.80 40.57 0.00 1.5097 0.6628 0.6628
36750 13.80 40.57 0.00 1.5097 0.6628 0.6628
36775 13.86 40.80 0.00 1.5938 0.9460 0.9460
36800 13.94 41.06 0.00 1.8502 1.5879 1.5879
36825 13.94 41.06 0.00 1.8502 1.5879 1.5879
36850 14.00 41.30 0.00 1.9221 1.0588 1.0588
36875 14.12 41.53 0.00 3.0154 1.2656 1.2656
36900 14.12 41.53 0.00 3.0154 1.2656 1.2656
36925 14.23 41.73 0.00 3.2429 1.3642 1.3642
36950 14.37 41.96 0.00 3.2910 1.0697 1.0697
36975 14.55 42.23 0.00 5.1805 2.4338 2.4338
37000 14.55 42.23 0.00 5.1805 2.4338 2.4338
37025 14.80 42.57 0.00 6.9256 2.5122 2.5122
37050 14.80 42.57 0.00 6.9256 2.5122 2.5122
37075 15.12 42.94 0.00 8.5412 2.4035 2.4035
37100 15.49 43.34 0.00 9.9344 2.3072 2.3072
37125 15.49 43.34 0.00 9.9344 2.3072 2.3072
37150 15.90 43.84 0.00 9.7134 2.0848 2.0848
37175 16.25 44.37 0.00 8.5231 2.8991 2.8991
37200 16.25 44.37 0.00 8.5231 2.8991 2.8991
37225 16.58 44.81 0.00 7.9617 2.2166 2.2166
37250 16.85 45.22 0.00 6.2090 3.7029 3.7029
37275 16.85 45.22 0.00 6.2090 3.7029 3.7029
37300 17.02 45.54 0.00 5.3633 3.6736 3.6736
37325 17.30 46.04 0.00 5.6813 2.4958 2.4958
37350 17.30 46.04 0.00 5.6813 2.4958 2.4958
37375 17.51 46.41 0.00 4.8332 2.1683 2.1683
37400 17.62 46.65 0.00 3.4231 1.7744 1.7744
37425 17.62 46.65 0.00 3.4231 1.7744 1.7744
37450 17.74 46.92 0.00 2.2222 0.7946 0.7946
37475 17.80 47.16 0.00 1.4411 0.7381 0.7381
37500 17.80 47.16 0.00 1.4411 0.7381 0.7381
37525 17.86 47.35 0.00 1.8409 0.6909 0.6909
37550 17.86 47.35 0.00 1.8409 0.6909 0.6909
37575 17.93 47.56 0.00 2.0155 0.4907 0.4907
37600 18.03 47.78 0.00 2.4493 0.7871 0.7871
37625 18.14 47.98 0.00 3.6407 1.4054 1.4054
37650 18.14 47.98 0.00 3.6407 1.4054 1.4054
37675 18.32 48.14 0.00 4.3971 2.1930 2.1930
37700 18.32 48.14 0.00 4.3971 2.1930 2.1930
37725 18.49 48.32 0.00 4.3656 2.3388 2.3388
37750 18.68 48.50 0.00 4.5540 2.3464 2.3464
37775 18.68 48.50 0.00 4.5540 2.3464 2.3464
37800 18.87 48.66 0.00 4.7216 2.1021 2.1021
37825 19.04 48.82 0.00 4.7694 2.9536 2.9536
37850 19.04 48.82 0.00 4.7694 2.9536 2.9536
37875 19.27 48.95 0.00 5.9353 2.8477 2.8477
37900 19.52 49.11 0.00 6.7335 2.6203 2.6203
37925 19.52 49.11 0.00 6.7335 2.6203 2.6203
37950 19.83 49.35 0.00 7.8439 2.8715 2.8715
37975 20.15 49.57 0.00 8.3612 1.9274 1.9274
38000 20.15 49.57 0.00 8.3612 1.9274 1.9274
38025 20.47 49.74 0.00 7.3249 2.0996 2.0996
38050 20.47 49.74 0.00 7.3249 2.0996 2.0996
38075 20.72 49.92 0.00 5.6781 3.0955 3.0955
38100 20.95 50.16 0.00 6.5088 2.9443 2.9443
38125 21.17 50.34 0.00 7.4374 2.0122 2.0122
38150 21.17 50.34 0.00 7.4374 2.0122 2.0122
38175 21.46 50.50 0.00 7.1756 1.9439 1.9439
38200 21.74 50.66 0.00 7.0976 3.0063 3.0063
38225 21.74 50.66 0.00 7.0976 3.0063 3.0063
38250 22.00 50.88 0.00 6.0027 2.7912 2.7912
38275 22.00 50.88 0.00 6.0027 2.7912 2.7912
38300 22.23 51.07 0.00 5.5926 2.7559 2.7559
38325 22.44 51.19 0.00 5.2982 2.5660 2.5660
38350 22.44 51.19 0.00 5.2982 2.5660 2.5660
38375 22.66 51.35 0.00 5.3223 2.5193 2.5193
38400 22.85 51.53 0.00 4.9473 2.2047 2.2047
38425 22.85 51.53 0.00 4.9473 2.2047 2.2047
38450 23.07 51.72 0.00 5.7513 1.4171 1.4171
38475 23.32 51.88 0.00 6.4172 0.6692 0.6692
38500 23.54 52.04 0.00 5.0242 1.2334 1.2334
38525 23.54 52.04 0.00 5.0242 1.2334 1.2334
38550 23.73 52.15 0.00 4.3176 1.9131 1.9131
38575 23.73 52.15 0.00 4.3176 1.9131 1.9131
38600 23.91 52.27 0.00 4.6897 2.4987 2.4987
38625 24.10 52.41 0.00 4.6305 2.3864 2.3864
38650 24.10 52.41 0.00 4.6305 2.3864 2.3864
38675 24.29 52.58 0.00 4.7834 2.2943 2.2943
38700 24.49 52.77 0.00 4.9750 2.0008 2.0008
38725 24.49 52.77 0.00 4.9750 2.0008 2.0008
38750 24.66 52.93 0.00 4.1673 2.2531 2.2531
38775 24.83 53.02 0.00 4.1870 2.1288 2.1288
38800 24.83 53.02 0.00 4.1870 2.1288 2.1288
38825 25.01 53.12 0.00 4.8952 1.3285 1.3285
38850 25.22 53.24 0.00 5.0350 2.1696 2.1696
38875 25.22 53.24 0.00 5.0350 2.1696 2.1696
38900 25.42 53.37 0.00 5.0043 2.2203 2.2203
38925 25.62 53.51 0.00 5.5436 1.7735 1.7735
38950 25.62 53.51 0.00 5.5436 1.7735 1.7735
38975 25.86 53.66 0.00 5.8584 1.7254 1.7254
39000 26.08 53.80 0.00 5.8395 1.6309 1.6309
39025 26.08 53.80 0.00 5.8395 1.6309 1.6309
39050 26.27 53.91 0.00 5.8920 1.0556 1.0556
39075 26.51 54.03 0.00 6.3124 0.9787 0.9787
39100 26.51 54.03 0.00 6.3124 0.9787 0.9787
39125 26.78 54.20 0.00 7.2522 2.2351 2.2351
39150 27.08 54.41 0.00 7.4449 1.9091 1.9091
39175 27.08 54.41 0.00 7.4449 1.9091 1.9091
39200 27.39 54.66 0.00 8.2355 1.8379 1.8379
39225 27.70 54.81 0.00 7.4607 1.9603 1.9603
39250 27.70 54.81 0.00 7.4607 1.9603 1.9603
39275 27.96 54.88 0.00 5.9334 1.9030 1.9030
39300 27.96 54.88 0.00 5.9334 1.9030 1.9030
39325 28.18 54.94 0.00 4.8629 1.6472 1.6472
39350 28.38 55.01 0.00 5.3658 1.0690 1.0690
39375 28.60 55.07 0.00 4.9669 0.3420 0.3420
39400 28.60 55.07 0.00 4.9669 0.3420 0.3420
39425 28.76 55.13 0.00 3.7150 0.7123 0.7123
39450 28.89 55.17 0.00 3.5456 0.9750 0.9750
39475 28.89 55.17 0.00 3.5456 0.9750 0.9750
39500 29.05 55.18 0.00 4.0707 1.5590 1.5590
39525 29.24 55.20 0.00 5.1102 1.6102 1.6102
39550 29.24 55.20 0.00 5.1102 1.6102 1.6102
39575 29.47 55.24 0.00 6.0430 1.2293 1.2293
39600 29.47 55.24 0.00 6.0430 1.2293 1.2293
39625 29.71 55.30 0.00 5.6611 1.7091 1.7091
39650 29.93 55.38 0.00 5.9096 1.3945 1.3945
39675 30.20 55.46 0.00 7.1937 0.8300 0.8300
39700 30.20 55.46 0.00 7.1937 0.8300 0.8300
39725 30.51 55.50 0.00 7.8691 1.5595 1.5595
39750 30.85 55.51 0.00 9.2634 1.9019 1.9019
39775 30.85 55.51 0.00 9.2634 1.9019 1.9019
39800 31.25 55.52 0.00 10.5457 1.6985 1.6985
39825 31.61 55.54 0.00 11.9919 2.0596 2.0596
39850 31.61 55.54 0.00 11.9919 2.0596 2.0596
39875 32.12 55.57 0.00 12.9813 1.4745 1.4745
39900 32.66 55.62 0.00 14.1218 1.6550 1.6550
39925 32.66 55.62 0.00 14.1218 1.6550 1.6550
39950 33.23 55.67 0.00 14.6948 1.6238 1.6238
39975 33.79 55.70 0.00 13.1721 2.4107 2.4107
40000 33.79 55.70 0.00 13.1721 2.4107 2.4107
40025 34.27 55.72 0.00 11.4766 3.1010 3.1010
40050 34.27 55.72 0.00 11.4766 3.1010 3.1010
40075 34.73 55.73 0.00 11.6724 3.7096 3.7096
40100 35.23 55.76 0.00 12.5360 3.8251 3.8251
40125 35.23 55.76 0.00 12.5360 3.8251 3.8251
40150 35.73 55.82 0.00 12.6386 3.0686 3.0686
40175 36.25 55.87 0.00 12.9783 2.7847 2.7847
40200 36.25 55.87 0.00 12.9783 2.7847 2.7847
40225 36.75 55.86 0.00 12.3073 3.6473 3.6473
40250 37.23 55.79 0.00 11.3595 4.2392 4.2392
40275 37.23 55.79 0.00 11.3595 4.2392 4.2392
40300 37.69 55.71 0.00 11.8115 4.6182 4.6182
40325 38.15 55.61 0.00 11.7196 4.7854 4.7854
40350 38.15 55.61 0.00 11.7196 4.7854 4.7854
40375 38.61 55.47 0.00 10.8505 5.3815 5.3815
40400 39.00 55.32 0.00 9.4760 5.5790 5.5790
40425 39.00 55.32 0.00 9.4760 5.5790 5.5790
40450 39.35 55.15 0.00 8.6161 5.6060 5.6060
40475 39.35 55.15 0.00 8.6161 5.6060 5.6060
40500 39.70 54.97 0.00 8.7524 6.0108 6.0108
40525 40.07 54.76 0.00 9.4514 5.9736 5.9736
40550 40.07 54.76 0.00 9.4514 5.9736 5.9736
40575 40.46 54.54 0.00 10.2429 5.9399 5.9399
40600 40.90 54.29 0.00 11.2862 5.4716 5.4716
40625 41.34 54.08 0.00 11.0619 5.3388 5.3388
40650 41.34 54.08 0.00 11.0619 5.3388 5.3388
40675 41.76 53.87 0.00 9.9140 5.1456 5.1456
40700 41.76 53.87 0.00 9.9140 5.1456 5.1456
40725 42.15 53.66 0.00 9.5452 5.5056 5.5056
40750 42.43 53.52 0.00 9.8364 6.0810 6.0810
40775 42.85 53.33 0.00 10.4339 5.8616 5.8616
40800 42.85 53.33 0.00 10.4339 5.8616 5.8616
40825 43.29 53.21 0.00 12.0542 5.1902 5.1902
40850 43.29 53.21 0.00 12.0542 5.1902 5.1902
40875 43.80 53.16 0.00 12.2635 4.9088 4.9088
40900 44.25 53.11 0.00 11.2436 4.9589 4.9589
40925 44.71 53.06 0.00 11.6411 5.8249 5.8249
40950 44.71 53.06 0.00 11.6411 5.8249 5.8249
40975 45.20 53.05 0.00 12.3685 6.7015 6.7015
41000 45.20 53.05 0.00 12.3685 6.7015 6.7015
41025 45.70 53.07 0.00 13.1891 6.4558 6.4558
41050 46.25 53.04 0.00 13.8940 4.6599 4.6599
41075 46.25 53.04 0.00 13.8940 4.6599 4.6599
41100 46.80 53.00 0.00 13.7463 5.0767 5.0767
41125 47.31 53.06 0.00 11.6866 4.6006 4.6006
41150 47.31 53.06 0.00 11.6866 4.6006 4.6006
41175 47.73 53.13 0.00 9.9299 4.5760 4.5760
41200 48.08 53.17 0.00 7.6259 4.9684 4.9684
41225 48.08 53.17 0.00 7.6259 4.9684 4.9684
41250 48.38 53.15 0.00 7.3136 4.4406 4.4406
41275 48.66 53.14 0.00 6.9688 3.5945 3.5945
41300 48.66 53.14 0.00 6.9688 3.5945 3.5945
41325 48.94 53.10 0.00 6.9498 3.3248 3.3248
41350 49.21 53.06 0.00 7.1785 3.1161 3.1161
41375 49.21 53.06 0.00 7.1785 3.1161 3.1161
41400 49.49 53.01 0.00 6.7270 3.3541 3.3541
41425 49.76 52.96 0.00 6.3850 4.0785 4.0785
41450 49.76 52.96 0.00 6.3850 4.0785 4.0785
41475 49.98 52.89 0.00 5.6563 4.1650 4.1650
41500 49.98 52.89 0.00 5.6563 4.1650 4.1650
41525 50.21 52.78 0.00 5.5327 4.2994 4.2994
41550 50.38 52.67 0.00 5.8871 4.5168 4.5168
41575 50.63 52.55 0.00 6.2269 4.3062 4.3062
41600 50.63 52.55 0.00 6.2269 4.3062 4.3062
41625 50.87 52.40 0.00 5.6261 4.4349 4.4349
41650 51.06 52.22 0.00 4.6953 4.1242 4.1242
41675 51.06 52.22 0.00 4.6953 4.1242 4.1242
41700 51.27 52.06 0.00 5.3527 5.0172 5.0172
41725 51.27 52.06 0.00 5.3527 5.0172 5.0172
41750 51.50 51.85 0.00 5.9218 5.5870 5.5870
41775 51.73 51.60 0.00 5.3884 4.7830 4.7830
41800 51.96 51.38 0.00 6.0654 5.1114 5.1114
41825 51.96 51.38 0.00 6.0654 5.1114 5.1114
41850 52.20 51.16 0.00 5.9068 4.6829 4.6829
41875 52.20 51.16 0.00 5.9068 4.6829 4.6829
41900 52.43 50.95 0.00 5.9834 4.0299 4.0299
41925 52.67 50.71 0.00 6.0475 4.0877 4.0877
41950 52.67 50.71 0.00 6.0475 4.0877 4.0877
