%#        Time[ms]        X[pixel],        Y[pixel],        Z[pixel],  dX/dt[pixel/s],  dY/dt[pixel/s],  dZ/dt[pixel/s] 
0 50.00 50.00 0.00 0.9118 0.7186 0.7186
25 50.02 50.12 0.00 0.0656 0.3710 0.3710
50 50.02 50.12 0.00 0.0656 0.3710 0.3710
75 50.00 50.37 0.00 -0.6400 -0.5150 -0.5150
100 49.98 50.64 0.00 0.5908 1.4208 1.4208
125 49.98 50.64 0.00 0.5908 1.4208 1.4208
150 50.03 50.76 0.00 1.0118 0.2998 0.2998
175 50.07 50.82 0.00 1.0016 0.6277 0.6277
200 50.07 50.82 0.00 1.0016 0.6277 0.6277
225 50.10 50.84 0.00 0.7566 1.2390 1.2390
250 50.10 50.87 0.00 -0.2697 0.6197 0.6197
275 50.10 50.87 0.00 -0.2697 0.6197 0.6197
300 50.10 50.92 0.00 -0.1408 1.1119 1.1119
325 50.09 51.05 0.00 -0.7316 -0.0470 -0.0470
350 50.03 51.19 0.00 -1.4645 -1.0185 -1.0185
375 50.03 51.19 0.00 -1.4645 -1.0185 -1.0185
400 49.97 51.32 0.00 -2.3152 -0.4874 -0.4874
425 49.86 51.33 0.00 -2.1094 -0.0029 -0.0029
450 49.86 51.33 0.00 -2.1094 -0.0029 -0.0029
475 49.84 51.24 0.00 0.6980 3.0147 3.0147
500 49.90 51.12 0.00 1.1807 1.5081 1.5081
525 49.90 51.12 0.00 1.1807 1.5081 1.5081
550 49.88 51.05 0.00 -2.3550 1.1141 1.1141
575 49.63 50.92 0.00 -8.3711 -0.8745 -0.8745
600 49.20 50.71 0.00 -12.4364 -2.2954 -2.2954
625 49.20 50.71 0.00 -12.4364 -2.2954 -2.2954
650 48.48 50.48 0.00 -21.9620 -3.3665 -3.3665
675 47.40 50.21 0.00 -29.2081 -2.2639 -2.2639
700 47.40 50.21 0.00 -29.2081 -2.2639 -2.2639
725 46.23 49.97 0.00 -28.8251 -1.5781 -1.5781
750 45.16 49.80 0.00 -24.5845 -2.5909 -2.5909
775 44.41 49.53 0.00 -15.4671 -2.9077 -2.9077
800 44.41 49.53 0.00 -15.4671 -2.9077 -2.9077
825 44.08 49.24 0.00 -9.2139 -4.0521 -4.0521
850 43.81 48.83 0.00 -5.5006 -3.8210 -3.8210
875 43.81 48.83 0.00 -5.5006 -3.8210 -3.8210
900 43.59 48.43 0.00 -6.1683 -3.4662 -3.4662
925 43.29 48.03 0.00 -7.6546 -2.3131 -2.3131
950 43.29 48.03 0.00 -7.6546 -2.3131 -2.3131
975 42.95 47.64 0.00 -9.4526 -1.8922 -1.8922
1000 42.50 47.25 0.00 -12.1126 -2.9895 -2.9895
1025 42.01 46.94 0.00 -12.2741 -1.7937 -1.7937
1050 42.01 46.94 0.00 -12.2741 -1.7937 -1.7937
1075 41.50 46.75 0.00 -12.9896 -2.1328 -2.1328
1100 40.95 46.64 0.00 -13.8836 -2.8171 -2.8171
1125 40.95 46.64 0.00 -13.8836 -2.8171 -2.8171
1150 40.39 46.54 0.00 -14.7906 -2.7464 -2.7464
1175 39.74 46.36 0.00 -16.5921 -2.6694 -2.6694
1200 39.74 46.36 0.00 -16.5921 -2.6694 -2.6694
1225 39.03 46.13 0.00 -18.7869 -1.6519 -1.6519
1250 38.27 45.84 0.00 -18.0427 -0.8554 -0.8554
1275 37.65 45.52 0.00 -14.1125 -1.1077 -1.1077
1300 37.65 45.52 0.00 -14.1125 -1.1077 -1.1077
1325 37.17 45.20 0.00 -10.3464 -0.8255 -0.8255
1350 36.85 44.94 0.00 -6.1569 0.2834 0.2834
1375 36.85 44.94 0.00 -6.1569 0.2834 0.2834
1400 36.71 44.75 0.00 -2.0602 -0.8065 -0.8065
1425 36.67 44.64 0.00 -0.9484 -1.2920 -1.2920
1450 36.67 44.64 0.00 -0.9484 -1.2920 -1.2920
1475 36.60 44.55 0.00 -1.8987 -0.9239 -0.9239
1500 36.53 44.51 0.00 -1.4337 -0.3915 -0.3915
1525 36.53 44.51 0.00 -1.4337 -0.3915 -0.3915
1550 36.48 44.52 0.00 -1.1596 -0.7103 -0.7103
1575 36.46 44.54 0.00 -0.2909 -0.6990 -0.6990
1600 36.46 44.54 0.00 0.5787 -0.8697 -0.8697
1625 36.46 44.54 0.00 0.5787 -0.8697 -0.8697
1650 36.52 44.58 0.00 2.0378 0.8464 0.8464
1675 36.64 44.68 0.00 2.9845 1.4167 1.4167
1700 36.64 44.68 0.00 2.9845 1.4167 1.4167
1725 36.75 44.84 0.00 2.4974 0.4609 0.4609
1750 36.80 45.03 0.00 0.2046 1.5709 1.5709
1775 36.80 45.03 0.00 0.2046 1.5709 1.5709
1800 36.75 45.15 0.00 -1.4812 0.9429 0.9429
1825 36.69 45.24 0.00 -1.6411 -0.1389 -0.1389
1850 36.62 45.30 0.00 -1.4628 -0.1730 -0.1730
1875 36.62 45.30 0.00 -1.4628 -0.1730 -0.1730
1900 36.55 45.29 0.00 -1.6646 -0.2436 -0.2436
1925 36.50 45.24 0.00 -1.2794 -0.0500 -0.0500
1950 36.50 45.24 0.00 -1.2794 -0.0500 -0.0500
1975 36.44 45.24 0.00 -1.2385 0.2072 0.2072
2000 36.39 45.23 0.00 -1.5080 0.1557 0.1557
2025 36.34 45.14 0.00 -1.6156 -0.0195 -0.0195
2050 36.34 45.14 0.00 -1.6156 -0.0195 -0.0195
2075 36.25 44.98 0.00 -2.5996 -0.6928 -0.6928
2100 36.11 44.77 0.00 -4.1110 -1.1842 -1.1842
2125 36.11 44.77 0.00 -4.1110 -1.1842 -1.1842
2150 35.95 44.51 0.00 -4.1532 -1.5489 -1.5489
2175 35.77 44.23 0.00 -4.5771 -2.2790 -2.2790
2200 35.77 44.23 0.00 -4.5771 -2.2790 -2.2790
2225 35.55 44.10 0.00 -6.2996 -3.2715 -3.2715
2250 35.29 44.07 0.00 -6.7104 -3.9450 -3.9450
2275 35.02 44.01 0.00 -6.3214 -4.0746 -4.0746
2300 35.02 44.01 0.00 -6.3214 -4.0746 -4.0746
2325 34.82 43.97 0.00 -4.3142 -1.3644 -1.3644
2350 34.64 43.98 0.00 -4.7994 -2.9107 -2.9107
2375 34.64 43.98 0.00 -4.7994 -2.9107 -2.9107
2400 34.50 44.03 0.00 -5.1392 -2.8963 -2.8963
2425 34.18 44.07 0.00 -10.4965 -2.4340 -2.4340
2450 34.18 44.07 0.00 -10.4965 -2.4340 -2.4340
2475 33.62 44.13 0.00 -15.4656 -3.4258 -3.4258
2500 32.92 44.24 0.00 -18.7455 -5.1986 -5.1986
2525 32.17 44.32 0.00 -18.7411 -3.8744 -3.8744
2550 32.17 44.32 0.00 -18.7411 -3.8744 -3.8744
2575 31.47 44.33 0.00 -16.2641 -4.4944 -4.4944
2600 30.94 44.24 0.00 -11.2671 -3.6898 -3.6898
2625 30.94 44.24 0.00 -11.2671 -3.6898 -3.6898
2650 30.62 44.14 0.00 -6.8009 -2.8469 -2.8469
2675 30.40 44.03 0.00 -4.3506 -1.6769 -1.6769
2700 30.40 44.03 0.00 -4.3506 -1.6769 -1.6769
2725 30.24 43.95 0.00 -4.0849 -1.6607 -1.6607
2750 30.02 43.84 0.00 -6.1963 -1.2043 -1.2043
2775 30.02 43.84 0.00 -6.1963 -1.2043 -1.2043
2800 29.78 43.70 0.00 -5.2763 -1.8026 -1.8026
2825 29.62 43.50 0.00 -3.8943 -2.0464 -2.0464
2850 29.45 43.29 0.00 -3.5452 -1.8212 -1.8212
2875 29.45 43.29 0.00 -3.5452 -1.8212 -1.8212
2900 29.36 43.12 0.00 -1.6603 -1.2697 -1.2697
2925 29.33 42.93 0.00 -0.4846 -1.7817 -1.7817
2950 29.33 42.93 0.00 -0.4846 -1.7817 -1.7817
2975 29.29 42.75 0.00 -1.2434 -2.1972 -2.1972
3000 29.25 42.50 0.00 -0.7194 0.6794 0.6794
3025 29.22 42.20 0.00 -1.5114 -1.5150 -1.5150
3050 29.22 42.20 0.00 -1.5114 -1.5150 -1.5150
3075 29.18 41.83 0.00 -0.5026 -1.5629 -1.5629
3100 29.09 41.26 0.00 -3.2172 -1.3494 -1.3494
3125 29.09 41.26 0.00 -3.2172 -1.3494 -1.3494
3150 29.00 40.77 0.00 -3.1783 -0.8023 -0.8023
3175 28.94 40.07 0.00 -0.3860 -1.6346 -1.6346
3200 29.00 39.34 0.00 2.0293 -0.2276 -0.2276
3225 29.00 39.34 0.00 2.0293 -0.2276 -0.2276
3250 29.11 38.61 0.00 3.3650 0.8444 0.8444
3275 29.29 37.95 0.00 5.3269 1.4948 1.4948
3300 29.29 37.95 0.00 5.3269 1.4948 1.4948
3325 29.47 37.43 0.00 3.2932 1.7708 1.7708
3350 29.53 36.96 0.00 0.3682 1.7983 1.7983
3375 29.53 36.96 0.00 0.3682 1.7983 1.7983
3400 29.55 36.57 0.00 1.0486 0.9452 0.9452
3425 29.60 36.29 0.00 1.0588 0.6383 0.6383
3450 29.60 36.29 0.00 1.0588 0.6383 0.6383
3475 29.69 36.05 0.00 3.6237 -0.1554 -0.1554
3500 29.84 35.90 0.00 3.3236 1.6209 1.6209
3525 29.84 35.90 0.00 3.3236 1.6209 1.6209
3550 29.93 35.87 0.00 1.8558 0.8885 0.8885
3575 30.00 35.95 0.00 1.4832 1.6824 1.6824
3600 30.04 36.12 0.00 0.5652 1.2830 1.2830
3625 30.04 36.12 0.00 0.5652 1.2830 1.2830
3650 30.02 36.29 0.00 -0.5750 0.3943 0.3943
3675 30.04 36.47 0.00 1.3185 1.5624 1.5624
3700 30.04 36.47 0.00 1.3185 1.5624 1.5624
3725 30.13 36.64 0.00 2.1657 1.3861 1.3861
3750 30.22 36.82 0.00 2.3146 0.0729 0.0729
3775 30.31 37.00 0.00 2.2251 0.7847 0.7847
3800 30.31 37.00 0.00 2.2251 0.7847 0.7847
3825 30.38 37.15 0.00 1.5102 -0.8041 -0.8041
3850 30.44 37.29 0.00 1.7639 -1.0948 -1.0948
3875 30.44 37.29 0.00 1.7639 -1.0948 -1.0948
3900 30.53 37.37 0.00 2.4724 0.3926 0.3926
3925 30.60 37.32 0.00 2.7455 1.6528 1.6528
3950 30.71 37.17 0.00 2.4251 1.2020 1.2020
3975 30.71 37.17 0.00 2.4251 1.2020 1.2020
4000 30.78 37.06 0.00 1.7137 1.7592 1.7592
4025 30.83 36.97 0.00 1.4320 1.2270 1.2270
4050 30.83 36.97 0.00 1.4320 1.2270 1.2270
4075 30.92 36.93 0.00 1.8510 0.9690 0.9690
4100 30.96 36.90 0.00 0.7167 0.6731 0.6731
4125 30.96 36.90 0.00 0.7167 0.6731 0.6731
4150 30.96 36.86 0.00 -0.3881 -0.1638 -0.1638
4175 30.94 36.74 0.00 -0.5178 -0.4136 -0.4136
4200 30.92 36.53 0.00 -0.1729 0.4388 0.4388
4225 30.92 36.53 0.00 -0.1729 0.4388 0.4388
4250 30.94 36.30 0.00 0.9648 0.6773 0.6773
4275 31.01 36.08 0.00 2.0545 0.5715 0.5715
4300 31.01 36.08 0.00 2.0545 0.5715 0.5715
4325 31.10 35.81 0.00 2.5589 0.6625 0.6625
4350 31.25 35.59 0.00 4.3216 1.1453 1.1453
4375 31.50 35.41 0.00 7.2604 3.9865 3.9865
4400 31.50 35.41 0.00 7.2604 3.9865 3.9865
4425 31.81 35.28 0.00 7.9489 2.6548 2.6548
4450 32.17 35.26 0.00 10.3641 4.8518 4.8518
4475 32.17 35.26 0.00 10.3641 4.8518 4.8518
4500 32.67 35.34 0.00 13.4218 5.1245 5.1245
4525 33.30 35.48 0.00 17.0614 5.9973 5.9973
4550 33.30 35.48 0.00 17.0614 5.9973 5.9973
4575 34.04 35.76 0.00 19.2558 5.8603 5.8603
4600 34.91 36.18 0.00 22.4161 11.5424 11.5424
4625 34.91 36.18 0.00 22.4161 11.5424 11.5424
4650 35.71 36.78 0.00 18.8978 13.0151 13.0151
4675 36.39 37.43 0.00 15.7888 13.9243 13.9243
4700 36.39 37.43 0.00 15.7888 13.9243 13.9243
4725 36.98 37.98 0.00 13.9121 12.4899 12.4899
4750 37.33 38.39 0.00 10.8683 9.9066 9.9066
4775 37.67 38.90 0.00 7.0629 7.8375 7.8375
4800 37.67 38.90 0.00 7.0629 7.8375 7.8375
4825 37.90 39.38 0.00 4.9340 5.2368 5.2368
4850 38.06 39.81 0.00 3.5107 3.0624 3.0624
4875 38.06 39.81 0.00 3.5107 3.0624 3.0624
4900 38.20 40.17 0.00 3.1659 1.7979 1.7979
4925 38.32 40.47 0.00 3.1287 1.4819 1.4819
4950 38.41 40.66 0.00 1.8747 0.7027 0.7027
4975 38.41 40.66 0.00 1.8747 0.7027 0.7027
5000 38.46 40.69 0.00 0.4200 0.6936 0.6936
5025 38.46 40.69 0.00 0.4200 0.6936 0.6936
5050 38.45 40.68 0.00 -0.9658 -0.1129 -0.1129
5075 38.43 40.64 0.00 1.0831 1.1281 1.1281
5100 38.54 40.60 0.00 2.5040 1.2050 1.2050
5125 38.54 40.60 0.00 2.5040 1.2050 1.2050
5150 38.61 40.62 0.00 0.9839 -1.1392 -1.1392
5175 38.59 40.62 0.00 -0.7924 0.3402 0.3402
5200 38.59 40.62 0.00 -0.7924 0.3402 0.3402
5225 38.54 40.49 0.00 -1.2252 -0.5642 -0.5642
5250 38.52 40.38 0.00 -0.1501 -0.5506 -0.5506
5275 38.52 40.23 0.00 0.2195 -0.0640 -0.0640
5300 38.52 40.23 0.00 0.2195 -0.0640 -0.0640
5325 38.55 40.07 0.00 2.1586 2.7348 2.7348
5350 38.68 39.77 0.00 3.6701 2.7894 2.7894
5375 38.68 39.77 0.00 3.6701 2.7894 2.7894
5400 38.87 39.50 0.00 5.4088 3.9267 3.9267
5425 39.21 39.12 0.00 7.5443 5.6877 5.6877
5450 39.45 38.88 0.00 8.9005 6.5487 6.5487
5475 39.45 38.88 0.00 8.9005 6.5487 6.5487
5500 39.86 38.59 0.00 10.8232 7.5404 7.5404
5525 40.34 38.36 0.00 11.8748 8.0983 8.0983
5550 40.34 38.36 0.00 11.8748 8.0983 8.0983
5575 40.79 38.18 0.00 10.9289 7.4980 7.4980
5600 41.18 38.06 0.00 9.0784 6.5018 6.5018
5625 41.53 38.03 0.00 8.8567 5.8754 5.8754
5650 41.53 38.03 0.00 8.8567 5.8754 5.8754
5675 41.88 38.10 0.00 8.8233 5.4129 5.4129
5700 42.25 38.22 0.00 9.1535 6.2153 6.2153
5725 42.25 38.22 0.00 9.1535 6.2153 6.2153
5750 42.64 38.41 0.00 10.0688 5.8416 5.8416
5775 43.08 38.66 0.00 12.2425 6.2306 6.2306
5800 43.08 38.66 0.00 12.2425 6.2306 6.2306
5825 43.66 38.93 0.00 14.8056 7.6478 7.6478
5850 44.23 39.24 0.00 14.5132 6.5477 6.5477
5875 44.23 39.24 0.00 14.5132 6.5477 6.5477
5900 44.85 39.54 0.00 15.7444 6.6575 6.6575
5925 45.49 39.75 0.00 16.5464 5.9017 5.9017
5950 45.49 39.75 0.00 16.5464 5.9017 5.9017
5975 46.19 39.91 0.00 18.1117 5.9457 5.9457
6000 46.91 39.97 0.00 17.0545 3.3138 3.3138
6025 47.56 39.94 0.00 15.5652 4.7686 4.7686
6050 47.56 39.94 0.00 15.5652 4.7686 4.7686
6075 48.11 39.87 0.00 13.0246 5.1931 5.1931
6100 48.48 39.85 0.00 11.7702 5.0628 5.0628
6125 48.92 39.83 0.00 10.2470 4.5354 4.5354
6150 48.92 39.83 0.00 10.2470 4.5354 4.5354
6175 49.28 39.85 0.00 8.6215 4.2308 4.2308
6200 49.62 39.89 0.00 7.6851 4.3530 4.3530
6225 49.62 39.89 0.00 7.6851 4.3530 4.3530
6250 49.88 39.91 0.00 5.5442 3.2439 3.2439
6275 50.02 39.91 0.00 3.1285 1.1767 1.1767
6300 50.02 39.91 0.00 3.1285 1.1767 1.1767
6325 50.17 39.87 0.00 4.6100 1.7844 1.7844
6350 50.42 39.85 0.00 6.6001 2.7030 2.7030
6375 50.68 39.87 0.00 7.0090 3.1014 3.1014
6400 50.68 39.87 0.00 7.0090 3.1014 3.1014
6425 50.94 39.94 0.00 6.1849 2.7387 2.7387
6450 51.17 40.06 0.00 4.9616 1.6541 1.6541
6475 51.17 40.06 0.00 4.9616 1.6541 1.6541
6500 51.45 40.20 0.00 10.3574 0.9385 0.9385
6525 52.37 40.31 0.00 32.0826 -0.2444 -0.2444
6550 52.37 40.31 0.00 32.0826 -0.2444 -0.2444
6575 54.03 40.48 0.00 44.9853 -1.9174 -1.9174
6600 55.87 40.79 0.00 45.2231 0.5015 0.5015
6625 57.47 41.14 0.00 36.3941 2.6109 2.6109
6650 57.47 41.14 0.00 36.3941 2.6109 2.6109
6675 58.66 41.48 0.00 25.3821 3.2790 3.2790
6700 59.36 41.87 0.00 12.5597 4.5322 4.5322
6725 59.36 41.87 0.00 12.5597 4.5322 4.5322
6750 59.61 42.20 0.00 3.3332 5.8235 5.8235
6775 59.66 42.42 0.00 0.5355 5.8708 5.8708
6800 59.66 42.42 0.00 0.5355 5.8708 5.8708
6825 59.68 42.58 0.00 0.3675 3.9848 3.9848
6850 59.70 42.77 0.00 0.4769 2.8496 2.8496
6875 59.70 42.77 0.00 0.4769 2.8496 2.8496
6900 59.75 42.93 0.00 1.8659 2.0790 2.0790
6925 59.82 43.11 0.00 1.6700 1.9953 1.9953
6950 59.86 43.31 0.00 -0.1665 1.8133 1.8133
6975 59.86 43.31 0.00 -0.1665 1.8133 1.8133
7000 59.82 43.46 0.00 -0.8085 0.9789 0.9789
7025 59.81 43.61 0.00 -0.8474 0.3358 0.3358
7050 59.81 43.61 0.00 -0.8474 0.3358 0.3358
7075 59.79 43.70 0.00 -0.1078 0.4619 0.4619
7100 59.79 43.77 0.00 0.1776 -0.1548 -0.1548
7125 59.79 43.77 0.00 0.1776 -0.1548 -0.1548
7150 59.79 43.88 0.00 0.2285 -0.0914 -0.0914
7175 59.84 43.99 0.00 1.9187 0.5836 0.5836
7200 59.93 44.11 0.00 2.4087 0.2555 0.2555
7225 59.93 44.11 0.00 2.4087 0.2555 0.2555
7250 60.05 44.24 0.00 4.0081 1.8566 1.8566
7275 60.23 44.44 0.00 4.2397 2.2981 2.2981
7300 60.39 44.65 0.00 3.7601 1.5905 1.5905
7325 60.39 44.65 0.00 3.7601 1.5905 1.5905
7350 60.55 44.87 0.00 3.8402 3.1636 3.1636
7375 60.55 44.87 0.00 3.8402 3.1636 3.1636
7400 60.69 45.08 0.00 3.6484 2.7124 2.7124
7425 60.86 45.32 0.00 5.3045 3.4663 3.4663
7450 60.86 45.32 0.00 5.3045 3.4663 3.4663
7475 61.11 45.49 0.00 6.1249 3.2058 3.2058
7500 61.39 45.65 0.00 7.5792 5.5714 5.5714
7525 61.71 45.83 0.00 8.6507 5.6743 5.6743
7550 61.71 45.83 0.00 8.6507 5.6743 5.6743
7575 62.10 46.05 0.00 10.2591 6.3071 6.3071
7600 62.53 46.33 0.00 10.8653 6.7126 6.7126
7625 62.53 46.33 0.00 10.8653 6.7126 6.7126
7650 62.97 46.69 0.00 10.7154 6.4598 6.4598
7675 63.40 47.09 0.00 11.5042 6.4900 6.4900
7700 63.89 47.54 0.00 12.4209 6.5214 6.5214
7725 63.89 47.54 0.00 12.4209 6.5214 6.5214
7750 64.27 47.87 0.00 13.0681 6.8477 6.8477
7775 64.82 48.29 0.00 13.9946 7.3037 7.3037
7800 64.82 48.29 0.00 13.9946 7.3037 7.3037
7825 65.39 48.73 0.00 14.1178 7.6481 7.6481
7850 65.93 49.24 0.00 12.9560 6.9285 6.9285
7875 65.93 49.24 0.00 12.9560 6.9285 6.9285
7900 66.41 49.83 0.00 11.3299 6.1257 6.1257
7925 66.84 50.45 0.00 10.6491 5.9717 5.9717
7950 66.84 50.45 0.00 10.6491 5.9717 5.9717
7975 67.22 51.09 0.00 8.6657 4.9441 4.9441
8000 67.58 51.71 0.00 9.3763 5.7632 5.7632
8025 67.97 52.39 0.00 10.5647 4.7995 4.7995
8050 67.97 52.39 0.00 10.5647 4.7995 4.7995
8075 68.43 53.06 0.00 11.3147 3.8833 3.8833
8100 68.88 53.72 0.00 11.6567 4.7441 4.7441
8125 68.88 53.72 0.00 11.6567 4.7441 4.7441
8150 69.33 54.26 0.00 11.1567 4.5861 4.5861
8175 69.84 54.83 0.00 13.4228 5.3478 5.3478
8200 69.84 54.83 0.00 13.4228 5.3478 5.3478
8225 70.45 55.36 0.00 16.9347 4.8352 4.8352
8250 71.20 55.81 0.00 19.9603 6.3883 6.3883
8275 72.10 56.23 0.00 23.6587 6.1324 6.1324
8300 72.10 56.23 0.00 23.6587 6.1324 6.1324
8325 73.11 56.64 0.00 26.7841 7.2820 7.2820
8350 74.23 57.05 0.00 28.7485 7.3302 7.3302
8375 75.38 57.45 0.00 28.7942 6.1528 6.1528
8400 75.38 57.45 0.00 28.7942 6.1528 6.1528
8425 76.55 57.81 0.00 29.6436 5.6892 5.6892
8450 77.71 58.18 0.00 28.2301 5.7227 5.7227
8475 77.71 58.18 0.00 28.2301 5.7227 5.7227
8500 78.84 58.61 0.00 29.3800 3.2647 3.2647
8525 79.96 59.03 0.00 25.7110 1.7817 1.7817
8550 79.96 59.03 0.00 25.7110 1.7817 1.7817
8575 80.65 59.34 0.00 21.3557 0.1269 0.1269
8600 81.38 59.71 0.00 16.0604 0.6539 0.6539
8625 81.38 59.71 0.00 16.0604 0.6539 0.6539
8650 81.84 60.07 0.00 8.3686 2.2768 2.2768
8675 82.03 60.47 0.00 2.9645 2.2270 2.2270
8700 82.13 60.91 0.00 3.0411 0.1444 0.1444
8725 82.13 60.91 0.00 3.0411 0.1444 0.1444
8750 82.34 61.41 0.00 7.2342 -0.6769 -0.6769
8775 82.70 62.03 0.00 10.1836 -4.0904 -4.0904
8800 82.70 62.03 0.00 10.1836 -4.0904 -4.0904
8825 83.13 62.69 0.00 11.1643 -4.6245 -4.6245
8850 83.60 63.38 0.00 11.1506 -4.5938 -4.5938
8875 84.04 64.16 0.00 12.0498 -4.2060 -4.2060
8900 84.04 64.16 0.00 12.0498 -4.2060 -4.2060
8925 84.61 64.90 0.00 16.0871 -4.5108 -4.5108
8950 85.39 65.60 0.00 21.4212 -1.5947 -1.5947
8975 85.39 65.60 0.00 21.4212 -1.5947 -1.5947
9000 86.40 66.29 0.00 28.0082 1.3638 1.3638
9025 87.85 66.97 0.00 41.0528 -1.1998 -1.1998
9050 87.85 66.97 0.00 41.0528 -1.1998 -1.1998
9075 89.49 67.65 0.00 39.6052 -0.8141 -0.8141
9100 90.85 68.25 0.00 30.2387 1.1153 1.1153
9125 90.85 68.25 0.00 30.2387 1.1153 1.1153
9150 91.93 68.77 0.00 26.3695 3.6598 3.6598
9175 92.96 69.21 0.00 26.1755 5.3334 5.3334
9200 92.96 69.21 0.00 26.1755 5.3334 5.3334
9225 94.06 69.61 0.00 27.1351 4.9459 4.9459
9250 95.03 69.96 0.00 22.3068 4.3111 4.3111
9275 95.80 70.15 0.00 17.3902 4.1769 4.1769
9300 95.80 70.15 0.00 17.3902 4.1769 4.1769
9325 96.19 70.27 0.00 9.1742 5.5710 5.5710
9350 96.29 70.53 0.00 -0.1929 4.2074 4.2074
9375 96.29 70.53 0.00 -0.1929 4.2074 4.2074
9400 96.16 70.83 0.00 -4.7736 2.6742 2.6742
9425 95.87 71.11 0.00 -9.4360 1.2883 1.2883
9450 95.40 71.37 0.00 -11.4641 -1.1569 -1.1569
9475 95.40 71.37 0.00 -11.4641 -1.1569 -1.1569
9500 95.03 71.55 0.00 -9.2042 -0.3244 -0.3244
9525 94.50 71.63 0.00 -15.3363 1.3217 1.3217
9550 94.50 71.63 0.00 -15.3363 1.3217 1.3217
9575 93.86 71.64 0.00 -15.4769 0.5847 0.5847
9600 93.29 71.51 0.00 -13.7107 -0.8789 -0.8789
9625 92.78 71.30 0.00 -12.4017 -2.6172 -2.6172
9650 92.78 71.30 0.00 -12.4017 -2.6172 -2.6172
9675 92.30 71.08 0.00 -11.6485 -1.2227 -1.2227
9700 91.85 70.84 0.00 -10.2777 0.7900 0.7900
9725 91.85 70.84 0.00 -10.2777 0.7900 0.7900
9750 91.54 70.55 0.00 -6.5048 0.8699 0.8699
9775 91.32 70.28 0.00 -4.7380 -0.3947 -0.3947
9800 91.32 70.28 0.00 -4.7380 -0.3947 -0.3947
9825 91.18 70.01 0.00 -3.0533 -0.7931 -0.7931
9850 91.01 69.76 0.00 -4.7437 0.2909 0.2909
9875 91.01 69.76 0.00 -4.7437 0.2909 0.2909
9900 90.81 69.55 0.00 -5.0943 0.3735 0.3735
9925 90.67 69.42 0.00 -2.1536 0.1367 0.1367
9950 90.63 69.36 0.00 -0.9429 -0.9094 -0.9094
9975 90.63 69.36 0.00 -0.9429 -0.9094 -0.9094
10000 90.54 69.32 0.00 -2.2542 -0.2588 -0.2588
10025 90.46 69.30 0.00 -1.9535 0.3962 0.3962
10050 90.46 69.30 0.00 -1.9535 0.3962 0.3962
10075 90.40 69.30 0.00 -1.6236 0.3744 0.3744
10100 90.34 69.33 0.00 -2.5893 1.0945 1.0945
10125 90.34 69.33 0.00 -2.5893 1.0945 1.0945
10150 90.22 69.37 0.00 -2.7333 0.5449 0.5449
10175 90.12 69.41 0.00 -3.0325 0.9924 0.9924
10200 89.96 69.42 0.00 -4.3390 1.3684 1.3684
10225 89.96 69.42 0.00 -4.3390 1.3684 1.3684
10250 89.77 69.42 0.00 -4.3987 2.7105 2.7105
10275 89.53 69.41 0.00 -7.9224 0.8115 0.8115
10300 89.53 69.41 0.00 -7.9224 0.8115 0.8115
10325 89.19 69.35 0.00 -8.6769 -0.1311 -0.1311
10350 88.83 69.25 0.00 -9.4140 -0.8702 -0.8702
10375 88.83 69.25 0.00 -9.4140 -0.8702 -0.8702
10400 88.35 69.13 0.00 -13.0238 -0.1840 -0.1840
10425 87.79 68.99 0.00 -15.0133 -0.3038 -0.3038
10450 87.07 68.79 0.00 -19.8682 -0.4876 -0.4876
10475 87.07 68.79 0.00 -19.8682 -0.4876 -0.4876
10500 86.24 68.58 0.00 -21.3977 0.1511 0.1511
10525 85.31 68.43 0.00 -23.6473 -1.7776 -1.7776
10550 85.31 68.43 0.00 -23.6473 -1.7776 -1.7776
10575 84.39 68.33 0.00 -21.9176 -3.5026 -3.5026
10600 83.65 68.25 0.00 -16.8862 -3.0178 -3.0178
10625 83.11 68.24 0.00 -11.4037 -3.4903 -3.4903
10650 83.11 68.24 0.00 -11.4037 -3.4903 -3.4903
10675 82.76 68.24 0.00 -6.9029 -3.4327 -3.4327
10700 82.55 68.25 0.00 -4.3241 -2.7305 -2.7305
10725 82.55 68.25 0.00 -4.3241 -2.7305 -2.7305
10750 82.41 68.25 0.00 -3.1967 -2.4437 -2.4437
10775 82.32 68.21 0.00 -1.4822 -1.9279 -1.9279
10800 82.32 68.21 0.00 -1.4822 -1.9279 -1.9279
10825 82.30 68.18 0.00 -0.2698 -0.9368 -0.9368
10850 82.32 68.14 0.00 0.6631 -0.3258 -0.3258
10875 82.32 68.14 0.00 0.6631 -0.3258 -0.3258
10900 82.32 68.18 0.00 -0.3213 0.0354 0.0354
10925 82.30 68.16 0.00 -0.6066 0.7039 0.7039
10950 82.28 68.12 0.00 -0.4889 0.9015 0.9015
10975 82.28 68.12 0.00 -0.4889 0.9015 0.9015
11000 82.30 68.08 0.00 1.4671 1.0766 1.0766
11025 82.38 68.09 0.00 2.1822 1.7091 1.7091
11050 82.38 68.09 0.00 2.1822 1.7091 1.7091
11075 82.41 68.10 0.00 -0.4586 -0.6408 -0.6408
11100 82.34 68.07 0.00 -2.6944 0.5449 0.5449
11125 82.20 68.03 0.00 -3.7598 -0.1046 -0.1046
11150 82.20 68.03 0.00 -3.7598 -0.1046 -0.1046
11175 82.09 67.97 0.00 -2.2904 -0.9047 -0.9047
11200 81.99 67.90 0.00 -3.0548 -0.5760 -0.5760
11225 81.99 67.90 0.00 -3.0548 -0.5760 -0.5760
11250 81.82 67.77 0.00 -4.4958 -0.0675 -0.0675
11275 81.61 67.66 0.00 -5.8092 0.6848 0.6848
11300 81.61 67.66 0.00 -5.8092 0.6848 0.6848
11325 81.32 67.58 0.00 -8.4243 -0.2500 -0.2500
11350 80.90 67.54 0.00 -12.4726 -1.0800 -1.0800
11375 80.13 67.48 0.00 -21.5012 0.2754 0.2754
11400 80.13 67.48 0.00 -21.5012 0.2754 0.2754
11425 79.22 67.41 0.00 -23.0701 -4.6280 -4.6280
11450 78.35 67.37 0.00 -21.0225 -6.6654 -6.6654
11475 78.35 67.37 0.00 -21.0225 -6.6654 -6.6654
11500 77.58 67.29 0.00 -17.6003 -7.4526 -7.4526
11525 76.91 67.18 0.00 -16.9770 -6.5117 -6.5117
11550 76.91 67.18 0.00 -16.9770 -6.5117 -6.5117
11575 76.25 67.12 0.00 -15.1643 -6.8352 -6.8352
11600 75.79 67.10 0.00 -9.9324 -7.3154 -7.3154
11625 75.79 67.10 0.00 -9.9324 -7.3154 -7.3154
11650 75.45 67.15 0.00 -7.7252 -5.9093 -5.9093
11675 75.19 67.24 0.00 -5.0057 -4.6908 -4.6908
11700 75.10 67.29 0.00 -2.8432 -4.1318 -4.1318
11725 75.10 67.29 0.00 -2.8432 -4.1318 -4.1318
11750 74.97 67.38 0.00 -3.0414 -3.4719 -3.4719
11775 74.84 67.42 0.00 -3.3301 -2.9602 -2.9602
11800 74.84 67.42 0.00 -3.3301 -2.9602 -2.9602
11825 74.73 67.43 0.00 -2.8348 -2.5278 -2.5278
11850 74.60 67.49 0.00 -3.8524 -3.6576 -3.6576
11875 74.60 67.49 0.00 -3.8524 -3.6576 -3.6576
11900 74.41 67.54 0.00 -4.6234 -4.2956 -4.2956
11925 74.23 67.57 0.00 -4.7355 -3.0895 -3.0895
11950 74.03 67.59 0.00 -4.8677 -2.4940 -2.4940
11975 74.03 67.59 0.00 -4.8677 -2.4940 -2.4940
12000 73.86 67.59 0.00 -3.8982 -1.4360 -1.4360
12025 73.71 67.53 0.00 -3.8175 -1.0604 -1.0604
12050 73.71 67.53 0.00 -3.8175 -1.0604 -1.0604
12075 73.55 67.44 0.00 -4.3387 0.4207 0.4207
12100 73.33 67.37 0.00 -6.2042 -0.1301 -0.1301
12125 73.33 67.37 0.00 -6.2042 -0.1301 -0.1301
12150 73.05 67.30 0.00 -7.7897 -1.3701 -1.3701
12175 72.68 67.24 0.00 -9.4491 -2.6214 -2.6214
12200 72.28 67.17 0.00 -10.9269 -3.5736 -3.5736
12225 72.28 67.17 0.00 -10.9269 -3.5736 -3.5736
12250 71.80 67.09 0.00 -12.1503 -3.3845 -3.3845
12275 71.29 66.98 0.00 -13.7619 -4.5550 -4.5550
12300 70.71 66.87 0.00 -14.0886 -5.4373 -5.4373
12325 70.71 66.87 0.00 -14.0886 -5.4373 -5.4373
12350 70.16 66.74 0.00 -13.7179 -6.2884 -6.2884
12375 70.16 66.74 0.00 -13.7179 -6.2884 -6.2884
12400 69.60 66.63 0.00 -14.1014 -5.8093 -5.8093
12425 69.02 66.54 0.00 -14.8020 -5.2678 -5.2678
12450 69.02 66.54 0.00 -14.8020 -5.2678 -5.2678
12475 68.46 66.47 0.00 -12.8687 -6.0027 -6.0027
12500 68.12 66.43 0.00 -10.7112 -6.6379 -6.6379
12525 67.70 66.36 0.00 -10.6578 -4.6091 -4.6091
12550 67.70 66.36 0.00 -10.6578 -4.6091 -4.6091
12575 67.29 66.25 0.00 -9.9996 -3.6264 -3.6264
12600 66.93 66.16 0.00 -7.5429 -3.7958 -3.7958
12625 66.93 66.16 0.00 -7.5429 -3.7958 -3.7958
12650 66.72 66.11 0.00 -4.5188 -3.9606 -3.9606
12675 66.59 66.05 0.00 -2.4225 -2.9359 -2.9359
12700 66.52 66.00 0.00 -1.3245 -2.3368 -2.3368
12725 66.52 66.00 0.00 -1.3245 -2.3368 -2.3368
12750 66.47 65.93 0.00 -1.1227 -1.4303 -1.4303
12775 66.45 65.84 0.00 -0.7495 -0.1505 -0.1505
12800 66.45 65.84 0.00 -0.7495 -0.1505 -0.1505
12825 66.39 65.68 0.00 -1.2746 -0.5753 -0.5753
12850 66.36 65.52 0.00 -0.6740 1.4538 1.4538
12875 66.32 65.40 0.00 -0.9864 0.6052 0.6052
12900 66.32 65.40 0.00 -0.9864 0.6052 0.6052
12925 66.29 65.35 0.00 -1.1753 0.3798 0.3798
12950 66.29 65.35 0.00 -1.1753 0.3798 0.3798
12975 66.25 65.33 0.00 -0.3884 0.8086 0.8086
13000 66.25 65.33 0.00 -0.0973 0.4694 0.4694
13025 66.25 65.29 0.00 -0.4136 0.2745 0.2745
13050 66.25 65.29 0.00 -0.4136 0.2745 0.2745
13075 66.20 65.26 0.00 -1.8588 -0.3378 -0.3378
13100 66.09 65.17 0.00 -2.8109 -1.0327 -1.0327
13125 66.09 65.17 0.00 -2.8109 -1.0327 -1.0327
13150 65.95 65.05 0.00 -3.9952 -1.2852 -1.2852
13175 65.75 64.94 0.00 -5.4778 -1.5946 -1.5946
13200 65.75 64.94 0.00 -5.4778 -1.5946 -1.5946
13225 65.52 64.80 0.00 -6.0126 -1.3205 -1.3205
13250 65.21 64.67 0.00 -8.5320 -1.1811 -1.1811
13275 64.91 64.57 0.00 -10.9128 -0.5052 -0.5052
13300 64.91 64.57 0.00 -10.9128 -0.5052 -0.5052
13325 64.45 64.43 0.00 -12.2526 -0.3029 -0.3029
13350 64.04 64.25 0.00 -8.1902 -2.7207 -2.7207
13375 64.04 64.25 0.00 -8.1902 -2.7207 -2.7207
13400 63.86 64.09 0.00 -2.6266 -2.8137 -2.8137
13425 63.79 63.97 0.00 -1.8834 -2.0585 -2.0585
13450 63.68 63.84 0.00 -2.8075 -2.3436 -2.3436
13475 63.68 63.84 0.00 -2.8075 -2.3436 -2.3436
13500 63.57 63.76 0.00 -2.2910 -1.6638 -1.6638
13525 63.57 63.76 0.00 -2.2910 -1.6638 -1.6638
13550 63.48 63.70 0.00 -2.7374 -2.2410 -2.2410
13575 63.36 63.70 0.00 -3.1378 -1.2451 -1.2451
13600 63.27 63.65 0.00 -1.7604 -1.0281 -1.0281
13625 63.27 63.65 0.00 -1.7604 -1.0281 -1.0281
13650 63.22 63.55 0.00 -0.7396 0.5702 0.5702
13675 63.18 63.44 0.00 -1.2266 0.7988 0.7988
13700 63.18 63.44 0.00 -1.2266 0.7988 0.7988
13725 63.13 63.39 0.00 -1.6641 0.4247 0.4247
13750 63.04 63.37 0.00 -2.0977 -0.0808 -0.0808
13775 63.04 63.37 0.00 -2.0977 -0.0808 -0.0808
13800 62.97 63.37 0.00 -2.1362 -0.7831 -0.7831
13825 62.86 63.37 0.00 -3.1606 -0.6879 -0.6879
13850 62.70 63.35 0.00 -4.3383 -1.1600 -1.1600
13875 62.70 63.35 0.00 -4.3383 -1.1600 -1.1600
13900 62.47 63.28 0.00 -6.2040 -1.6386 -1.6386
13925 62.17 63.14 0.00 -8.1965 -2.7831 -2.7831
13950 61.82 63.00 0.00 -9.0927 -3.1330 -3.1330
13975 61.82 63.00 0.00 -9.0927 -3.1330 -3.1330
14000 61.45 62.83 0.00 -9.9359 -3.1394 -3.1394
14025 61.15 62.69 0.00 -9.9831 -3.8487 -3.8487
14050 61.15 62.69 0.00 -9.9831 -3.8487 -3.8487
14075 60.76 62.53 0.00 -9.6733 -4.1256 -4.1256
14100 60.33 62.34 0.00 -11.2051 -2.8958 -2.8958
14125 59.91 62.11 0.00 -9.7456 -3.7277 -3.7277
14150 59.91 62.11 0.00 -9.7456 -3.7277 -3.7277
14175 59.58 61.85 0.00 -7.5427 -3.1514 -3.1514
14200 59.28 61.60 0.00 -7.1498 -2.8451 -2.8451
14225 59.28 61.60 0.00 -7.1498 -2.8451 -2.8451
14250 59.00 61.39 0.00 -6.8497 -4.5162 -4.5162
14275 58.75 61.17 0.00 -6.0599 -3.0782 -3.0782
14300 58.75 61.17 0.00 -6.0599 -3.0782 -3.0782
14325 58.50 60.92 0.00 -6.6408 -3.1152 -3.1152
14350 58.22 60.61 0.00 -7.3817 -2.6598 -2.6598
14375 58.22 60.61 0.00 -7.3817 -2.6598 -2.6598
14400 57.92 60.26 0.00 -7.3235 -2.3074 -2.3074
14425 57.64 59.85 0.00 -6.6801 -1.8289 -1.8289
14450 57.38 59.43 0.00 -6.2521 -1.4222 -1.4222
14475 57.38 59.43 0.00 -6.2521 -1.4222 -1.4222
14500 57.12 59.03 0.00 -7.3424 -1.3739 -1.3739
14525 56.82 58.66 0.00 -6.8177 -1.0508 -1.0508
14550 56.82 58.66 0.00 -6.8177 -1.0508 -1.0508
14575 56.59 58.31 0.00 -4.9269 -0.7650 -0.7650
14600 56.45 57.95 0.00 -3.3525 -0.7952 -0.7952
14625 56.45 57.95 0.00 -3.3525 -0.7952 -0.7952
14650 56.29 57.63 0.00 -4.1055 -0.5390 -0.5390
14675 56.29 57.63 0.00 -4.1055 -0.5390 -0.5390
14700 55.94 56.98 0.00 -3.6328 -1.7381 -1.7381
14725 55.94 56.98 0.00 -3.6328 -1.7381 -1.7381
14750 55.82 56.68 0.00 -3.0412 -1.5833 -1.5833
14775 55.68 56.44 0.00 -3.5080 -0.9154 -0.9154
14800 55.68 56.44 0.00 -3.5080 -0.9154 -0.9154
14825 55.56 56.26 0.00 -2.2672 -1.2106 -1.2106
14850 55.52 56.16 0.00 -0.8426 -1.5588 -1.5588
14875 55.52 56.16 0.00 -0.8426 -1.5588 -1.5588
14900 55.52 56.05 0.00 -0.2785 -1.0395 -1.0395
14925 55.49 56.00 0.00 -0.9513 -0.0899 -0.0899
14950 55.45 55.95 0.00 -0.5259 0.1182 0.1182
14975 55.45 55.95 0.00 -0.5259 0.1182 0.1182
15000 55.45 55.98 0.00 -0.1873 -1.4750 -1.4750
15025 55.43 56.05 0.00 -0.7622 -1.0207 -1.0207
15050 55.43 56.05 0.00 -0.7622 -1.0207 -1.0207
15075 55.36 56.14 0.00 -2.2089 -0.6824 -0.6824
15100 55.26 56.21 0.00 -2.7190 -1.1356 -1.1356
15125 55.15 56.26 0.00 -2.5880 -0.6285 -0.6285
15150 55.15 56.26 0.00 -2.5880 -0.6285 -0.6285
15175 55.07 56.25 0.00 -2.1374 -0.7719 -0.7719
15200 55.07 56.25 0.00 -2.1374 -0.7719 -0.7719
15225 55.00 56.19 0.00 -1.3982 0.8713 0.8713
15250 54.93 56.16 0.00 -1.9390 -0.0802 -0.0802
15275 54.87 56.14 0.00 -1.1337 -0.9339 -0.9339
15300 54.87 56.14 0.00 -1.1337 -0.9339 -0.9339
15325 54.82 56.11 0.00 -1.5501 -0.7840 -0.7840
15350 54.75 56.05 0.00 -1.3380 -0.1114 -0.1114
15375 54.75 56.05 0.00 -1.3380 -0.1114 -0.1114
15400 54.73 55.91 0.00 0.3052 -0.2174 -0.2174
15425 54.77 55.70 0.00 0.9481 -0.5799 -0.5799
15450 54.82 55.42 0.00 0.9273 -0.7027 -0.7027
15475 54.82 55.42 0.00 0.9273 -0.7027 -0.7027
15500 54.84 55.05 0.00 0.4232 -0.5096 -0.5096
15525 54.87 54.68 0.00 0.8177 0.1018 0.1018
15550 54.87 54.68 0.00 0.8177 0.1018 0.1018
15575 54.89 54.40 0.00 0.7640 0.5422 0.5422
15600 54.91 54.03 0.00 0.5744 0.4975 0.4975
15625 54.93 53.71 0.00 -0.1611 0.5707 0.5707
15650 54.93 53.71 0.00 -0.1611 0.5707 0.5707
15675 54.87 53.44 0.00 -1.5026 0.8626 0.8626
15700 54.82 53.16 0.00 -0.9445 0.4991 0.4991
15725 54.82 53.16 0.00 -0.9445 0.4991 0.4991
15750 54.80 52.93 0.00 -0.2586 0.8594 0.8594
15775 54.77 52.81 0.00 -1.8278 -0.8721 -0.8721
15800 54.77 52.81 0.00 -1.8278 -0.8721 -0.8721
15825 54.66 52.79 0.00 -2.8271 -0.3508 -0.3508
15850 54.56 52.74 0.00 -2.5680 -1.2999 -1.2999
15875 54.56 52.74 0.00 -2.5680 -1.2999 -1.2999
15900 54.47 52.67 0.00 -2.2960 -1.5986 -1.5986
15925 54.35 52.56 0.00 -3.3175 -0.9817 -0.9817
15950 54.35 52.56 0.00 -3.3175 -0.9817 -0.9817
15975 54.19 52.40 0.00 -4.0631 -1.4030 -1.4030
16000 54.05 52.23 0.00 -3.0504 -1.1139 -1.1139
16025 53.95 52.09 0.00 -2.7974 -1.0824 -1.0824
16050 53.95 52.09 0.00 -2.7974 -1.0824 -1.0824
16075 53.82 51.96 0.00 -2.6166 -0.9973 -0.9973
16100 53.75 51.86 0.00 -1.4148 -0.7266 -0.7266
16125 53.68 51.75 0.00 -1.6895 -1.0290 -1.0290
16150 53.68 51.75 0.00 -1.6895 -1.0290 -1.0290
16175 53.63 51.59 0.00 -1.1606 -1.0022 -1.0022
16200 53.60 51.38 0.00 -1.0915 -1.2587 -1.2587
16225 53.60 51.38 0.00 -1.0915 -1.2587 -1.2587
16250 53.53 51.06 0.00 -1.9780 -0.9935 -0.9935
16275 53.44 50.65 0.00 -2.2753 -0.9897 -0.9897
16300 53.44 50.65 0.00 -2.2753 -0.9897 -0.9897
16325 53.33 50.22 0.00 -2.6817 -1.4603 -1.4603
16350 53.23 49.81 0.00 -2.3351 -1.2969 -1.2969
16375 53.18 49.56 0.00 -1.9940 -1.6130 -1.6130
16400 53.18 49.56 0.00 -1.9940 -1.6130 -1.6130
16425 53.09 49.21 0.00 -2.2545 -1.4483 -1.4483
16450 53.00 48.87 0.00 -1.7651 -0.7846 -0.7846
16475 53.00 48.87 0.00 -1.7651 -0.7846 -0.7846
16500 52.95 48.53 0.00 -1.0857 -0.1292 -0.1292
16525 52.88 48.24 0.00 -2.3391 -0.8778 -0.8778
16550 52.88 48.24 0.00 -2.3391 -0.8778 -0.8778
16575 52.78 47.99 0.00 -3.1793 -1.0362 -1.0362
16600 52.64 47.76 0.00 -3.6300 -0.9136 -0.9136
16625 52.64 47.76 0.00 -3.6300 -0.9136 -0.9136
16650 52.51 47.44 0.00 -2.3940 -0.7724 -0.7724
16675 52.46 47.04 0.00 -0.7099 0.1515 0.1515
16700 52.46 47.04 0.00 -0.7099 0.1515 0.1515
16725 52.44 46.59 0.00 -0.4803 -0.0411 -0.0411
16750 52.43 46.07 0.00 0.0753 2.7648 2.7648
16775 52.44 45.53 0.00 0.9402 2.5578 2.5578
16800 52.44 45.53 0.00 0.9402 2.5578 2.5578
16825 52.55 45.08 0.00 3.5703 3.2910 3.2910
16850 52.74 44.62 0.00 5.3543 4.0074 4.0074
16875 52.74 44.62 0.00 5.3543 4.0074 4.0074
16900 52.95 44.17 0.00 4.4983 3.5258 3.5258
16925 53.06 43.75 0.00 2.3773 2.8752 2.8752
16950 53.16 43.28 0.00 2.6276 2.7741 2.7741
16975 53.16 43.28 0.00 2.6276 2.7741 2.7741
17000 53.25 42.73 0.00 1.7900 2.6981 2.6981
17025 53.33 42.16 0.00 2.3726 2.3971 2.3971
17050 53.33 42.16 0.00 2.3726 2.3971 2.3971
17075 53.44 41.65 0.00 3.0735 1.9421 1.9421
17100 53.56 41.20 0.00 2.1995 1.4984 1.4984
17125 53.58 40.89 0.00 0.5061 1.4847 1.4847
17150 53.58 40.89 0.00 0.5061 1.4847 1.4847
17175 53.60 40.50 0.00 0.3100 2.5779 2.5779
17200 53.60 40.06 0.00 -0.0201 3.5879 3.5879
17225 53.60 40.06 0.00 -0.0201 3.5879 3.5879
17250 53.58 39.65 0.00 -0.9902 1.8590 1.8590
17275 53.49 39.28 0.00 -2.1081 0.2826 0.2826
17300 53.49 39.28 0.00 -2.1081 0.2826 0.2826
17325 53.40 38.93 0.00 -2.1763 -0.4566 -0.4566
17350 53.32 38.56 0.00 -2.1549 -1.1803 -1.1803
17375 53.26 38.19 0.00 -0.6451 -0.0378 -0.0378
17400 53.26 38.19 0.00 -0.6451 -0.0378 -0.0378
17425 53.26 37.76 0.00 0.2427 -0.6282 -0.6282
17450 53.30 37.18 0.00 1.6733 2.2123 2.2123
17475 53.30 37.18 0.00 1.6733 2.2123 2.2123
17500 53.37 36.54 0.00 1.3288 3.1789 3.1789
17525 53.39 35.86 0.00 -0.3047 2.8913 2.8913
17550 53.37 35.24 0.00 -0.5383 3.3110 3.3110
17575 53.37 35.24 0.00 -0.5383 3.3110 3.3110
17600 53.37 34.67 0.00 0.2139 1.7964 1.7964
17625 53.39 34.13 0.00 0.9528 0.4108 0.4108
17650 53.39 34.13 0.00 0.9528 0.4108 0.4108
17675 53.44 33.62 0.00 1.3093 -0.0272 -0.0272
17700 53.49 33.10 0.00 1.1825 -0.2157 -0.2157
17725 53.49 33.10 0.00 1.1825 -0.2157 -0.2157
17750 53.51 32.53 0.00 0.3616 -0.7177 -0.7177
17775 53.51 31.97 0.00 -0.0689 -0.1572 -0.1572
17800 53.51 31.97 0.00 -0.0689 -0.1572 -0.1572
17825 53.53 31.52 0.00 0.3644 0.6305 0.6305
17850 53.54 31.08 0.00 0.6786 0.9660 0.9660
17875 53.58 30.69 0.00 0.6580 0.7946 0.7946
17900 53.58 30.69 0.00 0.6580 0.7946 0.7946
17925 53.63 30.36 0.00 1.9953 2.1063 2.1063
17950 53.70 30.20 0.00 2.0378 1.1762 1.1762
17975 53.70 30.20 0.00 2.0378 1.1762 1.1762
18000 53.79 30.03 0.00 2.7432 0.0288 0.0288
18025 53.89 29.83 0.00 1.9932 0.7289 0.7289
18050 53.96 29.53 0.00 1.9489 1.4371 1.4371
18075 53.96 29.53 0.00 1.9489 1.4371 1.4371
18100 54.07 29.14 0.00 3.3686 2.5501 2.5501
18125 54.07 29.14 0.00 3.3686 2.5501 2.5501
18150 54.17 28.67 0.00 1.7492 3.0490 3.0490
18175 54.21 28.15 0.00 0.8571 4.6025 4.6025
18200 54.24 27.70 0.00 0.8657 4.5788 4.5788
18225 54.24 27.70 0.00 0.8657 4.5788 4.5788
18250 54.33 27.36 0.00 3.0599 4.9243 4.9243
18275 54.47 27.06 0.00 4.2386 5.3873 5.3873
18300 54.66 26.72 0.00 4.8801 5.4307 5.4307
18325 54.66 26.72 0.00 4.8801 5.4307 5.4307
18350 54.87 26.36 0.00 5.1828 5.1797 5.1797
18375 55.05 25.95 0.00 4.0122 4.3720 4.3720
18400 55.05 25.95 0.00 4.0122 4.3720 4.3720
18425 55.19 25.47 0.00 3.0018 3.7205 3.7205
18450 55.29 24.96 0.00 2.5765 3.3368 3.3368
18475 55.42 24.54 0.00 3.4568 3.3281 3.3281
18500 55.42 24.54 0.00 3.4568 3.3281 3.3281
18525 55.57 24.25 0.00 4.0856 3.3356 3.3356
18550 55.57 24.25 0.00 4.0856 3.3356 3.3356
18575 55.75 24.00 0.00 4.7203 2.7227 2.7227
18600 56.01 23.73 0.00 7.4868 3.9636 3.9636
18625 56.33 23.40 0.00 8.0291 5.0701 5.0701
18650 56.33 23.40 0.00 8.0291 5.0701 5.0701
18675 56.55 23.00 0.00 3.8276 3.1920 3.1920
18700 56.64 22.61 0.00 1.3440 3.7186 3.7186
18725 56.66 22.34 0.00 0.4381 2.7885 2.7885
18750 56.66 22.34 0.00 0.4381 2.7885 2.7885
18775 56.68 22.01 0.00 0.7077 2.3635 2.3635
18800 56.75 21.68 0.00 2.6124 2.6291 2.6291
18825 56.75 21.68 0.00 2.6124 2.6291 2.6291
18850 56.90 21.33 0.00 4.7664 2.7188 2.7188
18875 57.13 20.95 0.00 5.5044 4.8106 4.8106
18900 57.13 20.95 0.00 5.5044 4.8106 4.8106
18925 57.27 20.40 0.00 1.8667 4.5968 4.5968
18950 57.27 19.73 0.00 -0.0451 3.1991 3.1991
18975 57.27 19.73 0.00 -0.0451 3.1991 3.1991
19000 57.29 19.25 0.00 0.7962 2.0534 2.0534
19025 57.33 18.99 0.00 0.7966 1.0825 1.0825
19050 57.33 18.99 0.00 0.7966 1.0825 1.0825
19075 57.34 18.97 0.00 0.0246 0.3513 0.3513
19100 57.36 18.99 0.00 0.4694 -0.1890 -0.1890
19125 57.34 18.99 0.00 -0.9767 -2.0686 -2.0686
19150 57.34 18.99 0.00 -0.9767 -2.0686 -2.0686
19175 57.29 19.02 0.00 -0.9952 -1.7542 -1.7542
19200 57.31 18.85 0.00 1.1212 0.3141 0.3141
19225 57.31 18.85 0.00 1.1212 0.3141 0.3141
19250 57.34 18.47 0.00 0.5087 0.9847 0.9847
19275 57.40 18.02 0.00 2.2204 1.4687 1.4687
19300 57.57 17.57 0.00 4.8293 1.8408 1.8408
19325 57.57 17.57 0.00 4.8293 1.8408 1.8408
19350 57.76 17.16 0.00 5.0955 2.6253 2.6253
19375 57.94 16.87 0.00 3.6994 1.9502 1.9502
19400 57.94 16.87 0.00 3.6994 1.9502 1.9502
19425 58.06 16.63 0.00 2.9452 1.2540 1.2540
19450 58.13 16.41 0.00 1.7892 1.3379 1.3379
19475 58.17 16.02 0.00 0.7012 1.8315 1.8315
19500 58.17 16.02 0.00 0.7012 1.8315 1.8315
19525 58.20 15.59 0.00 1.2848 1.7665 1.7665
19550 58.29 15.22 0.00 2.5527 2.1270 2.1270
19575 58.29 15.22 0.00 2.5527 2.1270 2.1270
19600 58.41 14.97 0.00 2.1685 2.0432 2.0432
19625 58.43 14.87 0.00 -0.3639 1.2288 1.2288
19650 58.43 14.87 0.00 -0.3639 1.2288 1.2288
19675 58.38 14.93 0.00 -2.0242 0.3001 0.3001
19700 58.27 15.15 0.00 -2.4414 0.6154 0.6154
19725 58.13 15.33 0.00 -4.1128 -1.9823 -1.9823
19750 58.13 15.33 0.00 -4.1128 -1.9823 -1.9823
19775 57.94 15.54 0.00 -5.2709 -3.6469 -3.6469
19800 57.75 15.76 0.00 -4.1920 -3.4089 -3.4089
19825 57.75 15.76 0.00 -4.1920 -3.4089 -3.4089
19850 57.64 16.00 0.00 -2.3271 -3.6324 -3.6324
19875 57.52 16.24 0.00 -3.7001 -4.2650 -4.2650
19900 57.52 16.24 0.00 -3.7001 -4.2650 -4.2650
19925 57.36 16.48 0.00 -4.1046 -4.3517 -4.3517
19950 57.20 16.75 0.00 -3.1784 -4.8626 -4.8626
19975 57.20 16.75 0.00 -3.1784 -4.8626 -4.8626
20000 57.13 16.98 0.00 -1.2813 -3.3569 -3.3569
20025 57.06 17.16 0.00 -2.1213 -3.1022 -3.1022
20050 56.98 17.23 0.00 -1.9250 -1.8777 -1.8777
20075 56.98 17.23 0.00 -1.9250 -1.8777 -1.8777
20100 56.92 17.29 0.00 -1.0896 -1.6395 -1.6395
20125 56.87 17.40 0.00 -1.5198 -3.0850 -3.0850
20150 56.87 17.40 0.00 -1.5198 -3.0850 -3.0850
20175 56.83 17.53 0.00 -0.9202 -2.1683 -2.1683
20200 56.80 17.61 0.00 -0.3936 -1.5789 -1.5789
20225 56.80 17.61 0.00 -0.3936 -1.5789 -1.5789
20250 56.80 17.68 0.00 -0.1415 -0.3916 -0.3916
20275 56.78 17.66 0.00 -0.3875 1.0901 1.0901
20300 56.76 17.55 0.00 -0.4038 0.5146 0.5146
20325 56.76 17.55 0.00 -0.4038 0.5146 0.5146
20350 56.82 17.42 0.00 1.7385 2.3751 2.3751
20375 56.90 17.27 0.00 2.3795 2.5376 2.5376
20400 56.90 17.27 0.00 2.3795 2.5376 2.5376
20425 56.98 17.12 0.00 1.3559 2.4021 2.4021
20450 56.98 16.93 0.00 -0.6284 1.8245 1.8245
20475 56.98 16.93 0.00 -0.6284 1.8245 1.8245
20500 56.94 16.58 0.00 -0.6287 1.7415 1.7415
20525 56.92 16.09 0.00 -0.5763 2.0237 2.0237
20550 56.92 15.53 0.00 0.2504 2.2174 2.2174
20575 56.92 15.53 0.00 0.2504 2.2174 2.2174
20600 56.92 14.88 0.00 0.0046 1.9571 1.9571
20625 56.89 14.31 0.00 -1.2691 0.5429 0.5429
20650 56.89 14.31 0.00 -1.2691 0.5429 0.5429
20675 56.82 13.94 0.00 -2.2509 -0.2217 -0.2217
20700 56.75 13.71 0.00 -1.7275 -0.5819 -0.5819
20725 56.75 13.71 0.00 -1.7275 -0.5819 -0.5819
20750 56.68 13.49 0.00 -1.4896 -0.0917 -0.0917
20775 56.59 13.36 0.00 -2.8087 -0.8911 -0.8911
20800 56.41 13.32 0.00 -5.7291 -4.1423 -4.1423
20825 56.41 13.32 0.00 -5.7291 -4.1423 -4.1423
20850 56.12 13.40 0.00 -8.4256 -5.2618 -5.2618
20875 55.68 13.54 0.00 -12.0331 -6.8932 -6.8932
20900 55.68 13.54 0.00 -12.0331 -6.8932 -6.8932
20925 55.15 13.73 0.00 -14.4703 -9.3396 -9.3396
20950 54.35 13.97 0.00 -24.2750 -11.2668 -11.2668
20975 54.35 13.97 0.00 -24.2750 -11.2668 -11.2668
21000 53.18 14.19 0.00 -31.3435 -12.5038 -12.5038
21025 51.85 14.34 0.00 -33.9132 -11.9155 -11.9155
21050 51.85 14.34 0.00 -33.9132 -11.9155 -11.9155
21075 50.84 14.45 0.00 -33.8501 -13.2607 -13.2607
21100 49.58 14.63 0.00 -29.9525 -12.2593 -12.2593
21125 48.52 14.88 0.00 -23.1719 -9.1889 -9.1889
21150 48.52 14.88 0.00 -23.1719 -9.1889 -9.1889
21175 47.82 15.16 0.00 -14.4056 -9.4489 -9.4489
21200 47.40 15.46 0.00 -8.5441 -8.2968 -8.2968
21225 47.40 15.46 0.00 -8.5441 -8.2968 -8.2968
21250 47.21 15.69 0.00 -2.8887 -5.8751 -5.8751
21275 47.14 15.91 0.00 -1.0964 -4.3158 -4.3158
21300 47.14 15.91 0.00 -1.0964 -4.3158 -4.3158
21325 47.15 16.16 0.00 1.3076 -2.3945 -2.3945
21350 47.22 16.42 0.00 1.7215 -1.0638 -1.0638
21375 47.28 16.62 0.00 1.5531 -0.3922 -0.3922
21400 47.28 16.62 0.00 1.5531 -0.3922 -0.3922
21425 47.36 16.75 0.00 2.1477 0.4121 0.4121
21450 47.47 16.81 0.00 3.0797 1.9963 1.9963
21475 47.47 16.81 0.00 3.0797 1.9963 1.9963
21500 47.61 16.86 0.00 3.4109 1.4658 1.4658
21525 47.77 16.88 0.00 4.2656 3.1581 3.1581
21550 47.91 16.90 0.00 3.3796 2.3641 2.3641
21575 47.91 16.90 0.00 3.3796 2.3641 2.3641
21600 48.03 16.92 0.00 2.1804 2.1046 2.1046
21625 48.03 16.92 0.00 2.1804 2.1046 2.1046
21650 48.06 16.95 0.00 0.4913 1.9843 1.9843
21675 48.06 16.95 0.00 0.1151 1.1067 1.1067
21700 48.06 16.95 0.00 0.1151 1.1067 1.1067
21725 48.10 16.95 0.00 0.9423 2.3728 2.3728
21750 48.11 17.03 0.00 -0.1077 1.1665 1.1665
21775 48.08 17.14 0.00 -1.5525 -0.5143 -0.5143
21800 48.08 17.14 0.00 -1.5525 -0.5143 -0.5143
21825 47.98 17.41 0.00 -3.0924 -1.6842 -1.6842
21850 47.84 17.77 0.00 -3.4073 -2.3867 -2.3867
21875 47.75 18.20 0.00 -1.7059 -2.4487 -2.4487
21900 47.75 18.20 0.00 -1.7059 -2.4487 -2.4487
21925 47.66 18.72 0.00 -2.7190 -3.7929 -3.7929
21950 47.54 19.23 0.00 -3.4699 -4.0188 -4.0188
21975 47.38 19.62 0.00 -4.2238 -4.5898 -4.5898
22000 47.38 19.62 0.00 -4.2238 -4.5898 -4.5898
22025 47.17 20.10 0.00 -5.8819 -5.2308 -5.2308
22050 46.89 20.64 0.00 -7.1951 -5.6157 -5.6157
22075 46.89 20.64 0.00 -7.1951 -5.6157 -5.6157
22100 46.60 21.18 0.00 -7.8524 -6.4747 -6.4747
22125 46.30 21.81 0.00 -7.3060 -5.9586 -5.9586
22150 46.30 21.81 0.00 -7.3060 -5.9586 -5.9586
22175 46.05 22.45 0.00 -5.0604 -3.9331 -3.9331
22200 45.83 23.04 0.00 -6.3868 -6.3598 -6.3598
22225 45.55 23.68 0.00 -7.4978 -6.2193 -6.2193
22250 45.55 23.68 0.00 -7.4978 -6.2193 -6.2193
22275 45.21 24.33 0.00 -9.1252 -5.9482 -5.9482
22300 44.81 24.88 0.00 -10.1390 -6.5900 -6.5900
22325 44.81 24.88 0.00 -10.1390 -6.5900 -6.5900
22350 44.43 25.32 0.00 -9.1384 -6.3170 -6.3170
22375 44.09 25.71 0.00 -8.0765 -6.1637 -6.1637
22400 44.09 25.71 0.00 -8.0765 -6.1637 -6.1637
22425 43.80 26.09 0.00 -6.7447 -3.4358 -3.4358
22450 43.59 26.42 0.00 -4.9123 -3.4812 -3.4812
22475 43.59 26.42 0.00 -4.9123 -3.4812 -3.4812
22500 43.41 26.86 0.00 -4.6068 -5.0394 -5.0394
22525 43.18 27.41 0.00 -6.1846 -4.9404 -4.9404
22550 42.85 28.00 0.00 -9.0412 -6.1361 -6.1361
22575 42.85 28.00 0.00 -9.0412 -6.1361 -6.1361
22600 42.55 28.44 0.00 -10.5468 -7.5659 -7.5659
22625 42.06 29.10 0.00 -13.2076 -9.7309 -9.7309
22650 42.06 29.10 0.00 -13.2076 -9.7309 -9.7309
22675 41.48 29.85 0.00 -14.9558 -9.6806 -9.6806
22700 40.86 30.53 0.00 -15.3540 -9.9264 -9.9264
22725 40.86 30.53 0.00 -15.3540 -9.9264 -9.9264
22750 40.27 31.27 0.00 -15.5851 -10.8887 -10.8887
22775 39.63 32.18 0.00 -15.6934 -10.2085 -10.2085
22800 39.05 33.11 0.00 -13.3028 -9.7196 -9.7196
22825 39.05 33.11 0.00 -13.3028 -9.7196 -9.7196
22850 38.61 34.05 0.00 -10.2273 -9.5909 -9.5909
22875 38.61 34.05 0.00 -10.2273 -9.5909 -9.5909
22900 38.24 35.07 0.00 -8.5578 -8.1779 -8.1779
22925 37.95 35.94 0.00 -5.5096 -6.1373 -6.1373
22950 37.79 36.75 0.00 -3.7421 -6.6964 -6.6964
22975 37.79 36.75 0.00 -3.7421 -6.6964 -6.6964
23000 37.69 37.59 0.00 -1.7840 -5.0746 -5.0746
23025 37.65 38.43 0.00 -0.1802 -4.3854 -4.3854
23050 37.65 39.22 0.00 -0.2777 -4.6805 -4.6805
23075 37.65 39.22 0.00 -0.2777 -4.6805 -4.6805
23100 37.63 39.93 0.00 -0.5398 -3.0748 -3.0748
23125 37.62 40.52 0.00 0.3422 -0.0085 -0.0085
23150 37.62 40.52 0.00 0.3422 -0.0085 -0.0085
23175 37.67 41.01 0.00 1.6172 -0.0566 -0.0566
23200 37.76 41.51 0.00 2.2592 0.3793 0.3793
23225 37.76 41.51 0.00 2.2592 0.3793 0.3793
23250 37.85 41.97 0.00 2.3274 1.2894 1.2894
23275 37.92 42.43 0.00 1.5488 0.9168 0.9168
23300 37.99 42.82 0.00 1.3454 0.6426 0.6426
23325 37.99 42.82 0.00 1.3454 0.6426 0.6426
23350 37.99 43.19 0.00 -0.3973 -0.1094 -0.1094
23375 37.93 43.48 0.00 -1.7458 -0.6401 -0.6401
23400 37.93 43.48 0.00 -1.7458 -0.6401 -0.6401
23425 37.86 43.66 0.00 -2.5597 -0.9320 -0.9320
23450 37.74 43.90 0.00 -3.2542 -1.6664 -1.6664
23475 37.60 44.10 0.00 -4.0296 -2.1042 -2.1042
23500 37.60 44.10 0.00 -4.0296 -2.1042 -2.1042
23525 37.42 44.27 0.00 -4.7829 -2.5630 -2.5630
23550 37.19 44.43 0.00 -6.0159 -2.8435 -2.8435
23575 37.19 44.43 0.00 -6.0159 -2.8435 -2.8435
23600 36.91 44.65 0.00 -8.5381 -2.7912 -2.7912
23625 36.44 44.94 0.00 -13.1762 -5.0354 -5.0354
23650 36.44 44.94 0.00 -13.1762 -5.0354 -5.0354
23675 35.79 45.27 0.00 -18.7064 -7.2124 -7.2124
23700 34.82 45.70 0.00 -27.2926 -6.8583 -6.8583
23725 33.66 46.20 0.00 -29.8202 -8.3971 -8.3971
23750 33.66 46.20 0.00 -29.8202 -8.3971 -8.3971
23775 32.46 46.68 0.00 -29.6146 -9.6811 -9.6811
23800 31.39 47.03 0.00 -24.2451 -9.4001 -9.4001
23825 31.39 47.03 0.00 -24.2451 -9.4001 -9.4001
23850 30.62 47.35 0.00 -17.2221 -7.2425 -7.2425
23875 30.02 47.71 0.00 -13.4747 -5.4879 -5.4879
23900 30.02 47.71 0.00 -13.4747 -5.4879 -5.4879
23925 29.65 48.01 0.00 -6.0958 -3.8479 -3.8479
23950 29.65 48.01 0.00 -6.0958 -3.8479 -3.8479
23975 29.56 48.36 0.00 -0.5324 -4.0098 -4.0098
24000 29.56 48.76 0.00 0.0698 -4.0308 -4.0308
24025 29.55 49.18 0.00 -0.5830 -2.8393 -2.8393
24050 29.55 49.18 0.00 -0.5830 -2.8393 -2.8393
24075 29.49 49.61 0.00 -1.9919 -3.4795 -3.4795
24100 29.36 50.06 0.00 -3.5008 -3.3416 -3.3416
24125 29.24 50.39 0.00 -4.5485 -3.6294 -3.6294
24150 29.24 50.39 0.00 -4.5485 -3.6294 -3.6294
24175 28.96 51.00 0.00 -5.9977 -3.5627 -3.5627
24200 28.74 51.41 0.00 -8.0875 -3.0311 -3.0311
24225 28.43 51.96 0.00 -7.4088 -3.1311 -3.1311
24250 28.43 51.96 0.00 -7.4088 -3.1311 -3.1311
24275 28.18 52.52 0.00 -6.2776 -3.0623 -3.0623
24300 27.89 53.14 0.00 -7.6197 -2.7605 -2.7605
24325 27.89 53.14 0.00 -7.6197 -2.7605 -2.7605
24350 27.50 53.82 0.00 -10.9782 -4.5631 -4.5631
24375 27.02 54.55 0.00 -12.6925 -5.8047 -5.8047
24400 27.02 54.55 0.00 -12.6925 -5.8047 -5.8047
24425 26.43 55.26 0.00 -16.4078 -7.5876 -7.5876
24450 25.73 56.02 0.00 -17.9305 -8.4774 -8.4774
24475 25.73 56.02 0.00 -17.9305 -8.4774 -8.4774
24500 25.07 56.77 0.00 -14.7233 -9.8312 -9.8312
24525 24.55 57.43 0.00 -12.0820 -10.4767 -10.4767
24550 24.55 57.43 0.00 -12.0820 -10.4767 -10.4767
24575 24.08 58.04 0.00 -10.9267 -8.4335 -8.4335
24600 23.71 58.65 0.00 -8.2282 -7.7222 -7.7222
24625 23.43 59.33 0.00 -6.5399 -7.0945 -7.0945
24650 23.43 59.33 0.00 -6.5399 -7.0945 -7.0945
24675 23.17 60.15 0.00 -6.6897 -5.9902 -5.9902
24700 22.89 60.98 0.00 -6.9028 -5.1396 -5.1396
24725 22.89 60.98 0.00 -6.9028 -5.1396 -5.1396
24750 22.68 61.66 0.00 -3.6756 -5.2628 -5.2628
24775 22.64 62.35 0.00 0.4741 -5.3302 -5.3302
24800 22.74 63.00 0.00 3.0727 -5.0462 -5.0462
24825 22.74 63.00 0.00 3.0727 -5.0462 -5.0462
24850 22.85 63.62 0.00 2.6191 -4.8979 -4.8979
24875 22.92 64.01 0.00 2.2120 -4.5585 -4.5585
24900 22.92 64.01 0.00 2.2120 -4.5585 -4.5585
24925 23.04 64.50 0.00 2.9699 -4.0508 -4.0508
24950 23.04 64.50 0.00 2.9699 -4.0508 -4.0508
24975 23.15 65.01 0.00 2.4649 -4.0152 -4.0152
25000 23.22 65.46 0.00 1.7754 -3.2235 -3.2235
25025 23.30 65.91 0.00 1.5349 -3.5325 -3.5325
25050 23.30 66.40 0.00 -1.2827 -4.6673 -4.6673
25075 23.30 66.40 0.00 -1.2827 -4.6673 -4.6673
25100 23.19 66.87 0.00 -3.4674 -4.7413 -4.7413
25125 23.04 67.29 0.00 -4.0944 -6.6478 -6.6478
25150 23.04 67.29 0.00 -4.0944 -6.6478 -6.6478
25175 22.79 67.71 0.00 -7.5142 -6.6825 -6.6825
25200 22.44 68.09 0.00 -9.0725 -6.1139 -6.1139
25225 22.44 68.09 0.00 -9.0725 -6.1139 -6.1139
25250 22.04 68.44 0.00 -10.4940 -8.1839 -8.1839
25275 21.57 68.83 0.00 -13.0527 -7.6392 -7.6392
25300 21.02 69.34 0.00 -13.3866 -8.5672 -8.5672
25325 21.02 69.34 0.00 -13.3866 -8.5672 -8.5672
25350 20.49 69.99 0.00 -13.4596 -9.3438 -9.3438
25375 19.98 70.62 0.00 -12.3699 -8.6698 -8.6698
25400 19.52 71.25 0.00 -9.9918 -9.9749 -9.9749
25425 19.52 71.25 0.00 -9.9918 -9.9749 -9.9749
25450 19.18 71.84 0.00 -8.1787 -9.4468 -9.4468
25475 18.91 72.34 0.00 -5.6567 -7.9486 -7.9486
25500 18.91 72.34 0.00 -5.6567 -7.9486 -7.9486
25525 18.80 72.82 0.00 -1.2283 -8.3318 -8.3318
25550 18.70 73.31 0.00 -3.2117 -6.5224 -6.5224
25575 18.70 73.31 0.00 -3.2117 -6.5224 -6.5224
25600 18.60 73.75 0.00 -1.7964 -4.5724 -4.5724
25625 18.57 74.25 0.00 -0.0673 -5.3369 -5.3369
25650 18.57 74.25 0.00 -0.0673 -5.3369 -5.3369
25675 18.59 74.67 0.00 0.8317 -4.0457 -4.0457
25700 18.62 75.01 0.00 0.5328 -3.2540 -3.2540
25725 18.62 75.01 0.00 0.5328 -3.2540 -3.2540
25750 18.62 75.25 0.00 0.0558 -2.8757 -2.8757
25775 18.60 75.58 0.00 -0.5135 -2.8693 -2.8693
25800 18.60 75.88 0.00 0.1950 -3.1859 -3.1859
25825 18.60 75.88 0.00 0.1950 -3.1859 -3.1859
25850 18.59 76.14 0.00 -1.1009 -4.0078 -4.0078
25875 18.47 76.36 0.00 -4.3991 -2.2585 -2.2585
25900 18.47 76.36 0.00 -4.3991 -2.2585 -2.2585
25925 18.26 76.54 0.00 -5.4992 -0.9943 -0.9943
25950 18.05 76.64 0.00 -4.9675 -1.3227 -1.3227
25975 17.86 76.64 0.00 -4.9823 0.0436 0.0436
26000 17.86 76.64 0.00 -4.9823 0.0436 0.0436
26025 17.66 76.63 0.00 -4.4335 0.3868 0.3868
26050 17.66 76.63 0.00 -4.4335 0.3868 0.3868
26075 17.51 76.64 0.00 -4.0261 0.1400 0.1400
26100 17.31 76.59 0.00 -4.3517 0.4915 0.4915
26125 17.22 76.54 0.00 -1.0316 -0.8565 -0.8565
26150 17.22 76.54 0.00 -1.0316 -0.8565 -0.8565
26175 17.24 76.50 0.00 0.9443 -1.5034 -1.5034
26200 17.28 76.46 0.00 1.2386 -1.8862 -1.8862
26225 17.28 76.46 0.00 1.2386 -1.8862 -1.8862
26250 17.35 76.48 0.00 2.2454 -1.9501 -1.9501
26275 17.45 76.55 0.00 2.7211 -0.9084 -0.9084
26300 17.59 76.67 0.00 3.7321 -1.2810 -1.2810
26325 17.59 76.67 0.00 3.7321 -1.2810 -1.2810
26350 17.70 76.82 0.00 2.4361 -0.7995 -0.7995
26375 17.70 76.82 0.00 2.4361 -0.7995 -0.7995
26400 17.72 76.98 0.00 -0.2079 1.5511 1.5511
26425 17.76 77.09 0.00 1.8599 2.2087 2.2087
26450 17.84 77.15 0.00 2.5472 1.4901 1.4901
26475 17.89 77.24 0.00 0.6771 2.5985 2.5985
26500 17.89 77.24 0.00 0.6771 2.5985 2.5985
26525 17.93 77.29 0.00 1.6186 2.8100 2.8100
26550 18.05 77.27 0.00 4.0186 0.0734 0.0734
26575 18.05 77.27 0.00 4.0186 0.0734 0.0734
26600 18.20 77.26 0.00 3.2465 0.8501 0.8501
26625 18.30 77.17 0.00 1.9054 1.3417 1.3417
26650 18.30 77.17 0.00 1.9054 1.3417 1.3417
26675 18.35 76.98 0.00 1.6544 1.7736 1.7736
26700 18.45 76.81 0.00 2.4545 1.1528 1.1528
26725 18.45 76.81 0.00 2.4545 1.1528 1.1528
26750 18.53 76.68 0.00 1.5643 1.6302 1.6302
26775 18.55 76.56 0.00 0.2447 2.6860 2.6860
26800 18.60 76.43 0.00 2.2702 1.5218 1.5218
26825 18.60 76.43 0.00 2.2702 1.5218 1.5218
26850 18.76 76.37 0.00 4.0099 -0.1726 -0.1726
26875 18.83 76.33 0.00 0.8670 1.1934 1.1934
26900 18.83 76.33 0.00 0.8670 1.1934 1.1934
26925 18.82 76.26 0.00 -1.3415 0.5847 0.5847
26950 18.74 76.15 0.00 -1.7657 1.5955 1.5955
26975 18.74 76.15 0.00 -1.7657 1.5955 1.5955
27000 18.74 76.06 0.00 0.7556 2.0357 2.0357
27025 18.83 76.00 0.00 3.7361 1.5179 1.5179
27050 19.03 75.92 0.00 5.0932 -0.4688 -0.4688
27075 19.03 75.92 0.00 5.0932 -0.4688 -0.4688
27100 19.26 75.80 0.00 6.0433 -1.1130 -1.1130
27125 19.48 75.64 0.00 5.2039 -0.8087 -0.8087
27150 19.48 75.64 0.00 5.2039 -0.8087 -0.8087
27175 19.69 75.58 0.00 6.0812 1.6938 1.6938
27200 20.04 75.52 0.00 9.3047 1.7080 1.7080
27225 20.04 75.52 0.00 9.3047 1.7080 1.7080
27250 20.47 75.19 0.00 12.6033 -0.0052 -0.0052
27275 20.91 74.99 0.00 15.7091 0.4533 0.4533
27300 21.53 74.87 0.00 14.7969 2.9408 2.9408
27325 21.53 74.87 0.00 14.7969 2.9408 2.9408
27350 22.10 74.76 0.00 13.5174 4.9417 4.9417
27375 22.10 74.76 0.00 13.5174 4.9417 4.9417
27400 22.61 74.62 0.00 12.5401 6.8292 6.8292
27425 23.07 74.53 0.00 11.0277 7.2842 7.2842
27450 23.49 74.48 0.00 10.3345 6.9931 6.9931
27475 23.91 74.29 0.00 10.6669 7.0142 7.0142
27500 23.91 74.29 0.00 10.6669 7.0142 7.0142
27525 24.38 73.97 0.00 12.6266 7.1190 7.1190
27550 24.94 73.72 0.00 14.2446 7.0465 7.0465
27575 24.94 73.72 0.00 14.2446 7.0465 7.0465
27600 25.49 73.57 0.00 12.9042 7.6954 7.6954
27625 25.92 73.39 0.00 9.9889 7.9303 7.9303
27650 25.92 73.39 0.00 9.9889 7.9303 7.9303
27675 26.29 73.20 0.00 8.7367 7.1919 7.1919
27700 26.62 73.04 0.00 7.8891 6.4897 6.4897
27725 26.62 73.04 0.00 7.8891 6.4897 6.4897
27750 26.95 72.94 0.00 8.3290 5.2958 5.2958
27775 27.24 72.84 0.00 6.8421 4.9803 4.9803
27800 27.50 72.71 0.00 5.8584 3.9862 3.9862
27825 27.50 72.71 0.00 5.8584 3.9862 3.9862
27850 27.72 72.56 0.00 5.0042 3.1926 3.1926
27875 27.72 72.56 0.00 5.0042 3.1926 3.1926
27900 27.89 72.51 0.00 3.5517 2.6328 2.6328
27925 27.96 72.52 0.00 1.4533 2.3361 2.3361
27950 27.96 72.52 0.00 1.4533 2.3361 2.3361
27975 28.03 72.52 0.00 1.6036 1.5217 1.5217
28000 28.07 72.54 0.00 0.7295 0.8724 0.8724
28025 28.09 72.54 0.00 0.5709 0.6190 0.6190
28050 28.09 72.54 0.00 0.5709 0.6190 0.6190
28075 28.11 72.52 0.00 0.9174 1.5172 1.5172
28100 28.14 72.47 0.00 1.1208 1.6709 1.6709
28125 28.23 72.39 0.00 2.2572 2.6444 2.6444
28150 28.23 72.39 0.00 2.2572 2.6444 2.6444
28175 28.32 72.36 0.00 2.6993 2.0891 2.0891
28200 28.45 72.35 0.00 3.0635 2.4489 2.4489
28225 28.45 72.35 0.00 3.0635 2.4489 2.4489
28250 28.56 72.39 0.00 2.6153 3.4169 3.4169
28275 28.65 72.44 0.00 2.5539 2.9823 2.9823
28300 28.65 72.44 0.00 2.5539 2.9823 2.9823
28325 28.76 72.51 0.00 3.2661 2.6642 2.6642
28350 28.93 72.53 0.00 3.9601 2.0254 2.0254
28375 29.07 72.60 0.00 3.3149 1.8601 1.8601
28400 29.07 72.60 0.00 3.3149 1.8601 1.8601
28425 29.18 72.70 0.00 2.9640 1.7881 1.7881
28450 29.33 72.84 0.00 3.9632 2.3425 2.3425
28475 29.33 72.84 0.00 3.9632 2.3425 2.3425
28500 29.49 73.04 0.00 4.8888 4.6995 4.6995
28525 29.80 73.23 0.00 10.0135 5.8840 5.8840
28550 29.80 73.23 0.00 10.0135 5.8840 5.8840
28575 30.33 73.47 0.00 14.7705 9.3985 9.3985
28600 30.92 73.78 0.00 14.1871 13.2463 13.2463
28625 31.45 74.15 0.00 12.9272 16.6548 16.6548
28650 31.45 74.15 0.00 12.9272 16.6548 16.6548
28675 31.95 74.52 0.00 12.3346 16.2770 16.2770
28700 32.40 74.78 0.00 11.3067 14.7324 14.7324
28725 32.91 74.91 0.00 13.2351 14.2416 14.2416
28750 32.91 74.91 0.00 13.2351 14.2416 14.2416
28775 33.50 74.94 0.00 15.6910 15.3782 15.3782
28800 34.20 74.89 0.00 18.4924 14.9219 14.9219
28825 34.20 74.89 0.00 18.4924 14.9219 14.9219
28850 35.00 74.82 0.00 20.9358 15.4498 15.4498
28875 35.66 74.78 0.00 21.9408 16.7259 16.7259
28900 35.66 74.78 0.00 21.9408 16.7259 16.7259
28925 36.53 74.68 0.00 21.9815 19.1589 19.1589
28950 37.40 74.54 0.00 21.9760 18.3866 18.3866
28975 37.40 74.54 0.00 21.9760 18.3866 18.3866
29000 38.29 74.44 0.00 21.3804 16.3923 16.3923
29025 39.08 74.26 0.00 19.2695 17.4207 17.4207
29050 39.08 74.26 0.00 19.2695 17.4207 17.4207
29075 39.81 74.02 0.00 16.8148 16.1256 16.1256
29100 40.42 73.76 0.00 14.8967 13.0900 13.0900
29125 41.00 73.53 0.00 13.4851 10.6400 10.6400
29150 41.00 73.53 0.00 13.4851 10.6400 10.6400
29175 41.44 73.28 0.00 9.9954 9.7706 9.7706
29200 41.81 72.99 0.00 8.7843 9.0108 9.0108
29225 41.81 72.99 0.00 8.7843 9.0108 9.0108
29250 42.13 72.73 0.00 7.3888 8.0815 8.0815
29275 42.39 72.55 0.00 5.8702 5.0773 5.0773
29300 42.57 72.39 0.00 3.2779 4.4975 4.4975
29325 42.57 72.39 0.00 3.2779 4.4975 4.4975
29350 42.66 72.21 0.00 1.8409 2.5863 2.5863
29375 42.73 72.00 0.00 0.9859 1.2908 1.2908
29400 42.73 72.00 0.00 0.9859 1.2908 1.2908
29425 42.73 71.70 0.00 -0.3281 0.7540 0.7540
29450 42.71 71.37 0.00 -0.1225 0.0413 0.0413
29475 42.71 71.37 0.00 -0.1225 0.0413 0.0413
29500 42.73 71.02 0.00 0.4883 0.8945 0.8945
29525 42.76 70.72 0.00 1.1773 0.4825 0.4825
29550 42.76 70.72 0.00 1.1773 0.4825 0.4825
29575 42.81 70.45 0.00 1.4307 0.3534 0.3534
29600 42.90 70.19 0.00 2.6089 0.4628 0.4628
29625 42.97 70.03 0.00 2.2682 0.8099 0.8099
29650 42.97 70.03 0.00 2.2682 0.8099 0.8099
29675 43.02 69.82 0.00 1.2638 1.1908 1.1908
29700 43.10 69.63 0.00 2.1684 0.4531 0.4531
29725 43.10 69.63 0.00 2.1684 0.4531 0.4531
29750 43.20 69.38 0.00 2.5717 0.8426 0.8426
29775 43.31 69.10 0.00 2.9272 1.1569 1.1569
29800 43.31 69.10 0.00 2.9272 1.1569 1.1569
29825 43.46 68.87 0.00 4.2721 0.9686 0.9686
29850 43.62 68.63 0.00 4.3855 2.2830 2.2830
29875 43.81 68.38 0.00 4.9987 3.0954 3.0954
29900 44.04 68.13 0.00 5.8364 4.3631 4.3631
29925 44.04 68.13 0.00 5.8364 4.3631 4.3631
29950 44.29 67.85 0.00 6.5912 5.2170 5.2170
29975 44.58 67.64 0.00 7.9477 3.6888 3.6888
30000 44.58 67.64 0.00 7.9477 3.6888 3.6888
30025 44.90 67.45 0.00 7.2109 3.4269 3.4269
30050 45.13 67.26 0.00 4.9384 3.6632 3.6632
30075 45.13 67.26 0.00 4.9384 3.6632 3.6632
30100 45.30 67.10 0.00 4.5900 4.5423 4.5423
30125 45.53 66.91 0.00 6.3542 4.7533 4.7533
30150 45.53 66.91 0.00 6.3542 4.7533 4.7533
30175 45.81 66.66 0.00 6.5252 4.1324 4.1324
30200 45.81 66.66 0.00 6.5252 4.1324 4.1324
30225 46.04 66.36 0.00 5.5216 5.7234 5.7234
30250 46.28 66.12 0.00 6.7582 6.1502 6.1502
30275 46.60 65.98 0.00 8.7991 5.7329 5.7329
30300 46.60 65.98 0.00 8.7991 5.7329 5.7329
30325 46.98 65.91 0.00 9.3308 5.5244 5.5244
30350 47.31 65.82 0.00 8.0796 6.4369 6.4369
30375 47.64 65.77 0.00 8.6470 6.7776 6.7776
30400 47.64 65.77 0.00 8.6470 6.7776 6.7776
30425 47.92 65.77 0.00 9.9743 5.7672 5.7672
30450 48.34 65.70 0.00 10.3284 6.0933 6.0933
30475 48.34 65.70 0.00 10.3284 6.0933 6.0933
30500 48.76 65.58 0.00 10.7379 6.0475 6.0475
30525 49.23 65.54 0.00 12.2950 5.9299 5.9299
30550 49.76 65.49 0.00 13.7576 5.5265 5.5265
30575 49.76 65.49 0.00 13.7576 5.5265 5.5265
30600 50.35 65.44 0.00 15.1425 6.5731 6.5731
30625 50.94 65.33 0.00 14.8974 7.7419 7.7419
30650 50.94 65.33 0.00 14.8974 7.7419 7.7419
30675 51.52 65.16 0.00 14.0011 7.2632 7.2632
30700 52.02 64.98 0.00 11.3945 5.6632 5.6632
30725 52.02 64.98 0.00 11.3945 5.6632 5.6632
30750 52.37 64.81 0.00 6.6840 4.7179 4.7179
30775 52.53 64.63 0.00 2.4527 3.4859 3.4859
30800 52.58 64.42 0.00 1.1665 2.3501 2.3501
30825 52.58 64.42 0.00 1.1665 2.3501 2.3501
30850 52.64 64.18 0.00 0.7697 2.3615 2.3615
30875 52.65 63.88 0.00 0.1678 0.8270 0.8270
30900 52.65 63.88 0.00 0.1678 0.8270 0.8270
30925 52.69 63.52 0.00 1.6243 1.9919 1.9919
30950 52.78 63.15 0.00 2.0567 0.7930 0.7930
30975 52.78 63.15 0.00 2.0567 0.7930 0.7930
31000 52.83 62.78 0.00 1.0954 1.5336 1.5336
31025 52.88 62.42 0.00 1.7305 1.5829 1.5829
31050 52.93 62.03 0.00 1.2401 0.9841 0.9841
31075 52.93 62.03 0.00 1.2401 0.9841 0.9841
31100 53.00 61.63 0.00 1.7942 0.2542 0.2542
31125 53.07 61.18 0.00 2.0829 -0.1243 -0.1243
31150 53.14 60.83 0.00 2.7700 0.0633 0.0633
31175 53.14 60.83 0.00 2.7700 0.0633 0.0633
31200 53.30 60.37 0.00 4.3518 0.3220 0.3220
31225 53.49 59.92 0.00 4.7304 0.8930 0.8930
31250 53.49 59.92 0.00 4.7304 0.8930 0.8930
31275 53.67 59.50 0.00 4.1878 1.9772 1.9772
31300 53.81 59.15 0.00 3.2155 3.0914 3.0914
31325 53.81 59.15 0.00 3.2155 3.0914 3.0914
31350 53.95 58.83 0.00 3.8780 3.3530 3.3530
31375 54.14 58.53 0.00 5.0005 3.6499 3.6499
31400 54.14 58.53 0.00 5.0005 3.6499 3.6499
31425 54.37 58.29 0.00 5.8209 2.8727 2.8727
31450 54.59 58.13 0.00 6.2924 1.5189 1.5189
31475 54.59 58.13 0.00 6.2924 1.5189 1.5189
31500 54.80 58.02 0.00 4.1427 1.7251 1.7251
31525 54.91 57.93 0.00 2.1071 1.6098 1.6098
31550 54.91 57.93 0.00 2.1071 1.6098 1.6098
31575 55.00 57.85 0.00 2.4238 1.7566 1.7566
31600 55.10 57.74 0.00 2.4341 1.4940 1.4940
31625 55.24 57.56 0.00 4.4819 1.7895 1.7895
31650 55.24 57.56 0.00 4.4819 1.7895 1.7895
31675 55.50 57.46 0.00 7.8438 0.9291 0.9291
31700 55.85 57.37 0.00 8.8849 1.4414 1.4414
31725 56.20 57.24 0.00 8.4920 1.9178 1.9178
31750 56.20 57.24 0.00 8.4920 1.9178 1.9178
31775 56.52 57.08 0.00 8.1157 1.7842 1.7842
31800 56.85 56.85 0.00 8.6715 1.3973 1.3973
31825 56.85 56.85 0.00 8.6715 1.3973 1.3973
31850 56.85 56.85 0.00 8.6715 1.3973 1.3973
31875 57.26 56.52 0.00 10.6536 0.7113 0.7113
31900 57.92 55.70 0.00 8.1469 1.3644 1.3644
31925 57.92 55.70 0.00 8.1469 1.3644 1.3644
31950 58.20 55.12 0.00 6.4534 1.2483 1.2483
31975 58.45 54.52 0.00 5.6237 1.6335 1.6335
32000 58.45 54.52 0.00 5.6237 1.6335 1.6335
32025 58.68 53.88 0.00 5.6955 0.9826 0.9826
32050 58.68 53.88 0.00 5.6955 0.9826 0.9826
32075 58.89 53.17 0.00 5.3555 1.3200 1.3200
32100 59.07 52.42 0.00 2.9003 1.5038 1.5038
32125 59.14 51.76 0.00 1.0771 0.9355 0.9355
32150 59.14 51.76 0.00 1.0771 0.9355 0.9355
32175 59.14 51.19 0.00 -0.5552 0.0932 0.0932
32200 59.07 50.75 0.00 -1.8897 0.3959 0.3959
32225 58.98 50.43 0.00 -2.5443 -0.0420 -0.0420
32250 58.98 50.43 0.00 -2.5443 -0.0420 -0.0420
32275 58.89 50.21 0.00 -1.6824 0.0343 0.0343
32300 58.82 50.07 0.00 -1.7309 -0.4344 -0.4344
32325 58.82 50.07 0.00 -1.7309 -0.4344 -0.4344
32350 58.78 49.96 0.00 -0.2531 0.8705 0.8705
32375 58.80 49.89 0.00 0.5873 0.5832 0.5832
32400 58.80 49.89 0.00 0.5873 0.5832 0.5832
32425 58.78 49.91 0.00 -0.9183 0.0061 0.0061
32450 58.73 49.98 0.00 -1.4700 0.2831 0.2831
32475 58.68 50.09 0.00 -1.4165 -0.2173 -0.2173
32500 58.68 50.09 0.00 -1.4165 -0.2173 -0.2173
32525 58.61 50.25 0.00 -1.9007 -0.5150 -0.5150
32550 58.54 50.34 0.00 -1.5432 -0.9350 -0.9350
32575 58.54 50.34 0.00 -1.5432 -0.9350 -0.9350
32600 58.50 50.40 0.00 -0.3298 -0.7384 -0.7384
32625 58.50 50.40 0.00 -0.3298 -0.7384 -0.7384
32650 58.50 50.40 0.00 -0.2055 -0.2482 -0.2482
32675 58.49 50.41 0.00 -0.1470 -0.2728 -0.2728
32700 58.47 50.43 0.00 -0.7645 -0.3570 -0.3570
32725 58.47 50.43 0.00 -0.7645 -0.3570 -0.3570
32750 58.43 50.43 0.00 -0.9360 -0.0115 -0.0115
32775 58.43 50.40 0.00 0.2881 0.6164 0.6164
32800 58.45 50.32 0.00 0.5142 -0.0989 -0.0989
32825 58.45 50.32 0.00 0.5142 -0.0989 -0.0989
32850 58.43 50.32 0.00 -1.2715 -0.1662 -0.1662
32875 58.34 50.36 0.00 -2.3749 -0.9064 -0.9064
32900 58.34 50.36 0.00 -2.3749 -0.9064 -0.9064
32925 58.26 50.42 0.00 -1.7233 -0.8677 -0.8677
32950 58.19 50.45 0.00 -2.0984 -1.5504 -1.5504
32975 58.10 50.47 0.00 -2.5700 -0.7688 -0.7688
33000 58.10 50.47 0.00 -2.5700 -0.7688 -0.7688
33025 58.01 50.47 0.00 -1.6202 -0.7955 -0.7955
33050 57.96 50.44 0.00 -1.3010 0.0934 0.0934
33075 57.96 50.44 0.00 -1.3010 0.0934 0.0934
33100 57.91 50.42 0.00 -1.4180 -0.0142 -0.0142
33125 57.82 50.47 0.00 -2.6352 -0.9120 -0.9120
33150 57.82 50.47 0.00 -2.6352 -0.9120 -0.9120
33175 57.69 50.56 0.00 -3.5796 -1.2458 -1.2458
33200 57.52 50.66 0.00 -4.6974 -1.9466 -1.9466
33225 57.31 50.75 0.00 -5.7521 -2.0130 -2.0130
33250 57.31 50.75 0.00 -5.7521 -2.0130 -2.0130
33275 57.05 50.80 0.00 -7.2087 -2.5541 -2.5541
33300 56.71 50.81 0.00 -8.7875 -3.0548 -3.0548
33325 56.71 50.81 0.00 -8.7875 -3.0548 -3.0548
33350 56.34 50.79 0.00 -8.6337 -3.5496 -3.5496
33375 56.01 50.85 0.00 -8.0575 -3.7957 -3.7957
33400 56.01 50.85 0.00 -8.0575 -3.7957 -3.7957
33425 55.71 50.94 0.00 -6.9696 -4.1330 -4.1330
33450 55.47 50.99 0.00 -6.2391 -4.1574 -4.1574
33475 55.28 51.03 0.00 -6.1271 -4.1132 -4.1132
33500 55.28 51.03 0.00 -6.1271 -4.1132 -4.1132
33525 55.03 51.10 0.00 -6.3880 -2.7615 -2.7615
33550 55.03 51.10 0.00 -6.3880 -2.7615 -2.7615
33575 54.79 51.14 0.00 -5.6449 -1.7886 -1.7886
33600 54.58 51.16 0.00 -5.0504 -3.2896 -3.2896
33625 54.37 51.25 0.00 -5.6349 -3.2738 -3.2738
33650 54.37 51.25 0.00 -5.6349 -3.2738 -3.2738
33675 54.12 51.36 0.00 -6.4708 -3.1155 -3.1155
33700 53.86 51.43 0.00 -6.2114 -3.4985 -3.4985
33725 53.86 51.43 0.00 -6.2114 -3.4985 -3.4985
33750 53.65 51.48 0.00 -4.8171 -3.3449 -3.3449
33775 53.44 51.52 0.00 -5.0620 -2.9490 -2.9490
33800 53.26 51.50 0.00 -4.0598 -1.6004 -1.6004
33825 53.26 51.50 0.00 -4.0598 -1.6004 -1.6004
33850 53.14 51.50 0.00 -2.7801 -1.2435 -1.2435
33875 53.02 51.56 0.00 -2.9782 -1.0196 -1.0196
33900 53.02 51.56 0.00 -2.9782 -1.0196 -1.0196
33925 52.88 51.61 0.00 -4.3357 -0.5263 -0.5263
33950 52.67 51.68 0.00 -5.8187 -0.8610 -0.8610
33975 52.43 51.74 0.00 -6.2474 -1.6301 -1.6301
34000 52.43 51.74 0.00 -6.2474 -1.6301 -1.6301
34025 52.15 51.79 0.00 -7.4504 -2.5429 -2.5429
34050 52.15 51.79 0.00 -7.4504 -2.5429 -2.5429
34075 51.83 51.79 0.00 -7.7625 -3.3630 -3.3630
