%#        Time[ms]        X[pixel],        Y[pixel],        Z[pixel],  dX/dt[pixel/s],  dY/dt[pixel/s],  dZ/dt[pixel/s] 
0 50.00 50.00 0.00 -0.6039 -0.8664 -0.8664
25 49.93 50.04 0.00 -1.6322 -0.4064 -0.4064
50 49.88 50.04 0.00 -0.9496 -0.9693 -0.9693
75 49.88 50.04 0.00 -0.9496 -0.9693 -0.9693
100 49.86 50.04 0.00 -1.0353 -2.7721 -2.7721
125 49.79 50.12 0.00 -1.6101 1.2857 1.2857
150 49.72 50.18 0.00 -1.8632 0.5440 0.5440
175 49.70 50.18 0.00 0.6180 0.2437 0.2437
200 49.70 50.18 0.00 0.6180 0.2437 0.2437
225 49.74 50.21 0.00 1.0572 1.0324 1.0324
250 49.77 50.25 0.00 0.5536 0.9573 0.9573
275 49.77 50.25 0.00 0.5536 0.9573 0.9573
300 49.79 50.27 0.00 0.6679 0.7733 0.7733
325 49.81 50.27 0.00 0.2836 0.1136 0.1136
350 49.81 50.27 0.00 0.2836 0.1136 0.1136
375 49.81 50.30 0.00 -0.7697 -0.5745 -0.5745
400 49.74 50.34 0.00 -1.7644 -0.4249 -0.4249
425 49.67 50.34 0.00 -2.1279 -0.6320 -0.6320
450 49.67 50.34 0.00 -2.1279 -0.6320 -0.6320
475 49.58 50.35 0.00 -1.5487 -1.2336 -1.2336
500 49.56 50.46 0.00 0.0939 -0.1912 -0.1912
525 49.56 50.46 0.00 0.0939 -0.1912 -0.1912
550 49.60 50.74 0.00 1.1490 -0.5816 -0.5816
575 49.67 51.20 0.00 2.1751 0.3667 0.3667
600 49.67 51.20 0.00 2.1751 0.3667 0.3667
625 49.79 51.82 0.00 3.1407 1.7773 1.7773
650 49.90 52.56 0.00 2.6871 1.5671 1.5671
675 49.90 52.56 0.00 2.6871 1.5671 1.5671
700 50.00 53.38 0.00 2.6091 1.2524 1.2524
725 50.09 54.21 0.00 1.6788 0.3282 0.3282
750 50.14 54.93 0.00 1.4205 1.5727 1.5727
775 50.14 54.93 0.00 1.4205 1.5727 1.5727
800 50.21 55.56 0.00 1.7961 2.2550 2.2550
825 50.26 56.19 0.00 0.9640 3.7141 3.7141
850 50.26 56.19 0.00 0.9640 3.7141 3.7141
875 50.28 56.86 0.00 -0.3688 4.8331 4.8331
900 50.26 57.55 0.00 -0.1354 5.7941 5.7941
925 50.30 58.31 0.00 1.8541 6.2448 6.2448
950 50.30 58.31 0.00 1.8541 6.2448 6.2448
975 50.40 59.07 0.00 3.4232 5.9375 5.9375
1000 50.49 59.83 0.00 0.9535 6.2315 6.2315
1025 50.49 59.83 0.00 0.9535 6.2315 6.2315
1050 50.52 60.59 0.00 0.6196 6.8376 6.8376
1075 50.58 61.36 0.00 1.8421 6.2760 6.2760
1100 50.66 61.92 0.00 3.7243 5.8319 5.8319
1125 50.66 61.92 0.00 3.7243 5.8319 5.8319
1150 50.91 62.72 0.00 7.1334 5.1254 5.1254
1175 51.24 63.60 0.00 9.0366 6.0976 6.0976
1200 51.24 63.60 0.00 9.0366 6.0976 6.0976
1225 51.55 64.56 0.00 6.7651 6.2724 6.2724
1250 51.78 65.50 0.00 5.7148 7.1459 7.1459
1275 51.78 65.50 0.00 5.7148 7.1459 7.1459
1300 52.04 66.31 0.00 7.0604 6.1982 6.1982
1325 52.36 66.97 0.00 8.1208 4.7000 4.7000
1350 52.36 66.97 0.00 8.1208 4.7000 4.7000
1375 52.71 67.55 0.00 8.8942 4.3283 4.3283
1400 53.09 67.97 0.00 10.0503 5.5244 5.5244
1425 53.51 68.29 0.00 10.6110 6.9947 6.9947
1450 53.51 68.29 0.00 10.6110 6.9947 6.9947
1475 53.96 68.50 0.00 12.2928 7.8257 7.8257
1500 54.52 68.68 0.00 14.7394 8.2381 8.2381
1525 54.52 68.68 0.00 14.7394 8.2381 8.2381
1550 55.14 68.92 0.00 15.6778 7.9593 7.9593
1575 55.73 69.28 0.00 14.5256 7.6204 7.6204
1600 55.73 69.28 0.00 14.5256 7.6204 7.6204
1625 56.31 69.63 0.00 14.0273 7.7708 7.7708
1650 56.85 69.95 0.00 13.7427 8.5283 8.5283
1675 57.41 70.24 0.00 13.5743 7.5519 7.5519
1700 57.41 70.24 0.00 13.5743 7.5519 7.5519
1725 57.92 70.54 0.00 11.9259 6.9862 6.9862
1750 58.36 70.79 0.00 11.1124 6.4028 6.4028
1775 58.36 70.79 0.00 11.1124 6.4028 6.4028
1800 58.80 70.99 0.00 10.2736 5.0964 5.0964
1825 59.17 71.20 0.00 8.9526 4.3882 4.3882
1850 59.17 71.20 0.00 8.9526 4.3882 4.3882
1875 59.49 71.40 0.00 7.1227 4.2228 4.2228
1900 59.73 71.63 0.00 6.1683 3.2526 3.2526
1925 59.73 71.63 0.00 6.1683 3.2526 3.2526
1950 60.00 71.81 0.00 6.7338 4.0846 4.0846
1975 60.21 71.92 0.00 7.6151 3.0706 3.0706
2000 60.53 72.00 0.00 7.9574 3.5149 3.5149
2025 60.53 72.00 0.00 7.9574 3.5149 3.5149
2050 60.85 71.93 0.00 7.7401 3.3210 3.3210
2075 61.22 71.77 0.00 11.0236 4.1374 4.1374
2100 61.71 71.60 0.00 12.6715 3.2811 3.2811
2125 61.71 71.60 0.00 12.6715 3.2811 3.2811
2150 62.23 71.45 0.00 12.7969 2.8623 2.8623
2175 62.72 71.33 0.00 11.8665 2.7943 2.7943
2200 62.72 71.33 0.00 11.8665 2.7943 2.7943
2225 63.18 71.21 0.00 11.1861 -0.0913 -0.0913
2250 63.59 71.11 0.00 9.1429 -2.6154 -2.6154
2275 63.59 71.11 0.00 9.1429 -2.6154 -2.6154
2300 63.86 70.99 0.00 5.2465 -1.0218 -1.0218
2325 63.97 70.79 0.00 0.7091 0.4856 0.4856
2350 63.97 70.79 0.00 0.7091 0.4856 0.4856
2375 63.93 70.65 0.00 -1.6529 1.5433 1.5433
2400 63.86 70.53 0.00 -1.6775 2.0747 2.0747
2425 63.86 70.53 0.00 -1.6775 2.0747 2.0747
2450 63.80 70.38 0.00 -1.1449 2.1043 2.1043
2475 63.75 70.19 0.00 -1.2712 1.1112 1.1112
2500 63.70 70.06 0.00 -1.7614 1.2273 1.2273
2525 63.70 70.06 0.00 -1.7614 1.2273 1.2273
2550 63.59 69.97 0.00 -3.1335 -0.8254 -0.8254
2575 63.43 69.94 0.00 -4.1746 -0.6011 -0.6011
2600 63.43 69.94 0.00 -4.1746 -0.6011 -0.6011
2625 63.24 69.90 0.00 -5.0349 -1.7291 -1.7291
2650 63.06 69.83 0.00 -4.0025 -2.2847 -2.2847
2675 62.92 69.67 0.00 -3.8759 -3.0905 -3.0905
2700 62.92 69.67 0.00 -3.8759 -3.0905 -3.0905
2725 62.76 69.45 0.00 -3.5400 -0.8622 -0.8622
2750 62.76 69.45 0.00 -3.5400 -0.8622 -0.8622
2775 62.63 69.22 0.00 -3.0116 -0.1892 -0.1892
2800 62.54 69.04 0.00 -1.4532 -0.7037 -0.7037
2825 62.54 69.04 0.00 -1.4532 -0.7037 -0.7037
2850 62.53 68.95 0.00 -0.6981 -0.5513 -0.5513
2875 62.51 68.92 0.00 -0.2347 -0.0521 -0.0521
2900 62.49 68.90 0.00 -0.2857 -0.0126 -0.0126
2925 62.49 68.90 0.00 -0.2857 -0.0126 -0.0126
2950 62.49 68.94 0.00 0.1606 -0.4592 -0.4592
2975 62.51 68.94 0.00 0.3474 -0.0851 -0.0851
3000 62.51 68.94 0.00 0.3474 -0.0851 -0.0851
3025 62.51 68.95 0.00 0.0661 -0.2386 -0.2386
3050 62.51 68.99 0.00 -0.4065 -0.2809 -0.2809
3075 62.47 69.01 0.00 -0.7249 -0.1171 -0.1171
3100 62.47 69.01 0.00 -0.7249 -0.1171 -0.1171
3125 62.44 69.08 0.00 -1.5180 -0.2775 -0.2775
3150 62.37 69.18 0.00 -2.0176 -0.4416 -0.4416
3175 62.26 69.34 0.00 -3.2420 0.1998 0.1998
3200 62.26 69.34 0.00 -3.2420 0.1998 0.1998
3225 62.05 69.55 0.00 -6.9872 -1.9643 -1.9643
3250 61.62 69.74 0.00 -13.2095 -3.4154 -3.4154
3275 61.62 69.74 0.00 -13.2095 -3.4154 -3.4154
3300 60.86 69.88 0.00 -21.9330 -4.0906 -4.0906
3325 59.86 69.99 0.00 -26.5829 -7.2466 -7.2466
3350 59.86 69.99 0.00 -26.5829 -7.2466 -7.2466
3375 58.80 70.12 0.00 -25.3959 -10.2294 -10.2294
3400 57.91 70.17 0.00 -20.5741 -10.0402 -10.0402
3425 57.91 70.17 0.00 -20.5741 -10.0402 -10.0402
3450 57.24 70.20 0.00 -14.7832 -8.9208 -8.9208
3475 56.75 70.25 0.00 -11.0474 -7.4519 -7.4519
3500 56.75 70.25 0.00 -11.0474 -7.4519 -7.4519
3525 56.43 70.28 0.00 -10.3174 -5.7146 -5.7146
3550 56.05 70.35 0.00 -8.5897 -5.2808 -5.2808
3575 55.71 70.39 0.00 -8.4203 -5.2023 -5.2023
3600 55.71 70.39 0.00 -8.4203 -5.2023 -5.2023
3625 55.35 70.44 0.00 -10.7671 -4.9036 -4.9036
3650 54.84 70.45 0.00 -13.4007 -5.5736 -5.5736
3675 54.24 70.45 0.00 -16.0127 -7.2029 -7.2029
3700 54.24 70.45 0.00 -16.0127 -7.2029 -7.2029
3725 53.51 70.47 0.00 -19.8964 -8.6420 -8.6420
3750 52.62 70.50 0.00 -23.8596 -9.5379 -9.5379
3775 52.62 70.50 0.00 -23.8596 -9.5379 -9.5379
3800 51.50 70.55 0.00 -31.0239 -9.9709 -9.9709
3825 50.10 70.58 0.00 -37.0427 -10.6120 -10.6120
3850 50.10 70.58 0.00 -37.0427 -10.6120 -10.6120
3875 48.52 70.73 0.00 -41.5735 -9.9870 -9.9870
3900 46.82 70.90 0.00 -42.0303 -11.6967 -11.6967
3925 46.82 70.90 0.00 -42.0303 -11.6967 -11.6967
3950 45.21 71.10 0.00 -38.6435 -12.4494 -12.4494
3975 43.85 71.34 0.00 -30.8950 -14.0961 -14.0961
4000 43.85 71.34 0.00 -30.8950 -14.0961 -14.0961
4025 42.80 71.63 0.00 -23.2675 -14.2405 -14.2405
4050 42.01 71.94 0.00 -18.3094 -13.9717 -13.9717
4075 41.39 72.21 0.00 -13.3691 -12.3094 -12.3094
4100 41.39 72.21 0.00 -13.3691 -12.3094 -12.3094
4125 40.90 72.55 0.00 -12.1842 -10.9751 -10.9751
4150 40.34 72.98 0.00 -14.7281 -8.1306 -8.1306
4175 40.34 72.98 0.00 -14.7281 -8.1306 -8.1306
4200 39.79 73.47 0.00 -12.1941 -6.3602 -6.3602
4225 39.47 74.08 0.00 -5.8624 -7.5975 -7.5975
4250 39.31 74.77 0.00 -3.1003 -6.8486 -6.8486
4275 39.31 74.77 0.00 -3.1003 -6.8486 -6.8486
4300 39.21 75.49 0.00 -2.9444 -5.0907 -5.0907
4325 39.12 76.01 0.00 -3.3289 -4.4337 -4.4337
4350 39.12 76.01 0.00 -3.3289 -4.4337 -4.4337
4375 38.98 76.68 0.00 -3.5430 -4.7807 -4.7807
4400 38.75 77.40 0.00 -7.8276 -2.9070 -2.9070
4425 38.75 77.40 0.00 -7.8276 -2.9070 -2.9070
4450 38.32 78.13 0.00 -11.4232 -1.4989 -1.4989
4475 37.86 78.86 0.00 -11.2937 -3.3430 -3.3430
4500 37.26 79.62 0.00 -18.8069 -1.3856 -1.3856
4525 37.26 79.62 0.00 -18.8069 -1.3856 -1.3856
4550 36.32 80.35 0.00 -26.2421 2.3924 2.3924
4575 35.13 81.00 0.00 -32.3866 2.4330 2.4330
4600 35.13 81.00 0.00 -32.3866 2.4330 2.4330
4625 33.80 81.55 0.00 -33.1849 1.9438 1.9438
4650 32.49 82.02 0.00 -31.6386 -0.5293 -0.5293
4675 32.49 82.02 0.00 -31.6386 -0.5293 -0.5293
4700 31.34 82.43 0.00 -27.1739 -2.7530 -2.7530
4725 30.36 82.78 0.00 -23.0404 -4.6964 -4.6964
4750 29.55 83.02 0.00 -18.2721 -6.2342 -6.2342
4775 29.55 83.02 0.00 -18.2721 -6.2342 -6.2342
4800 28.84 83.24 0.00 -18.4980 -5.7921 -5.7921
4825 28.11 83.40 0.00 -17.6714 -5.6963 -5.6963
4850 28.11 83.40 0.00 -17.6714 -5.6963 -5.6963
4875 27.52 83.48 0.00 -12.7589 -6.7286 -6.7286
4900 27.02 83.60 0.00 -12.3814 -6.2765 -6.2765
4925 26.45 83.70 0.00 -15.2557 -3.7603 -3.7603
4950 26.45 83.70 0.00 -15.2557 -3.7603 -3.7603
4975 25.86 83.75 0.00 -13.8688 -3.8281 -3.8281
5000 25.86 83.75 0.00 -13.8688 -3.8281 -3.8281
5025 25.42 83.79 0.00 -9.3663 -6.8711 -6.8711
5050 25.05 83.83 0.00 -10.0373 -6.8470 -6.8470
5075 24.55 83.99 0.00 -15.4528 -3.0012 -3.0012
5100 24.55 83.99 0.00 -15.4528 -3.0012 -3.0012
5125 23.78 84.16 0.00 -30.9862 6.8211 6.8211
5150 22.19 84.46 0.00 -43.9222 18.6844 18.6844
5175 22.19 84.46 0.00 -43.9222 18.6844 18.6844
5200 20.28 84.75 0.00 -48.9158 24.1746 24.1746
5225 18.45 85.04 0.00 -44.4770 21.6253 21.6253
5250 18.45 85.04 0.00 -44.4770 21.6253 21.6253
5275 16.79 85.23 0.00 -38.9688 18.7190 18.7190
5300 15.47 85.37 0.00 -29.1605 16.3595 16.3595
5325 14.69 85.54 0.00 -12.4606 8.6037 8.6037
5350 14.69 85.54 0.00 -12.4606 8.6037 8.6037
5375 14.51 85.75 0.00 -0.7474 3.1893 3.1893
5400 14.61 85.94 0.00 4.1333 2.1469 2.1469
5425 14.61 85.94 0.00 4.1333 2.1469 2.1469
5450 14.90 86.15 0.00 9.6150 -0.1186 -0.1186
5475 15.31 86.19 0.00 9.5719 -0.1281 -0.1281
5500 15.68 86.19 0.00 10.4417 0.2668 0.2668
5525 15.68 86.19 0.00 10.4417 0.2668 0.2668
5550 16.17 86.25 0.00 10.8021 1.1325 1.1325
5575 16.48 86.30 0.00 7.0118 4.4322 4.4322
5600 16.48 86.30 0.00 7.0118 4.4322 4.4322
5625 16.83 86.35 0.00 10.8079 2.8866 2.8866
5650 17.39 86.41 0.00 14.6123 -0.3223 -0.3223
5675 17.39 86.41 0.00 14.6123 -0.3223 -0.3223
5700 17.97 86.41 0.00 14.0445 -0.4719 -0.4719
5725 18.45 86.37 0.00 11.6617 1.0693 1.0693
5750 18.45 86.37 0.00 11.6617 1.0693 1.0693
5775 18.87 86.28 0.00 9.6645 1.1692 1.1692
5800 19.12 86.11 0.00 4.6671 3.7301 3.7301
5825 19.27 85.91 0.00 4.6589 3.1533 3.1533
5850 19.27 85.91 0.00 4.6589 3.1533 3.1533
5875 19.48 85.80 0.00 4.7584 3.2363 3.2363
5900 19.62 85.71 0.00 4.2153 3.0718 3.0718
5925 19.83 85.60 0.00 6.5494 1.0808 1.0808
5950 19.83 85.60 0.00 6.5494 1.0808 1.0808
5975 20.09 85.49 0.00 5.8140 0.1852 0.1852
6000 20.23 85.35 0.00 1.8957 1.3249 1.3249
6025 20.23 85.35 0.00 1.8957 1.3249 1.3249
6050 20.30 85.17 0.00 1.8960 0.3164 0.3164
6075 20.30 85.17 0.00 1.8960 0.3164 0.3164
6100 20.38 84.88 0.00 2.0236 -1.3224 -1.3224
6125 20.47 84.53 0.00 2.5922 0.3673 0.3673
6150 20.59 84.20 0.00 3.8535 0.1102 0.1102
6175 20.59 84.20 0.00 3.8535 0.1102 0.1102
6200 20.85 83.86 0.00 8.4146 -0.4880 -0.4880
6225 21.27 83.45 0.00 10.8042 -0.3915 -0.3915
6250 21.72 82.97 0.00 11.7478 0.5545 0.5545
6275 21.72 82.97 0.00 11.7478 0.5545 0.5545
6300 22.21 82.44 0.00 12.6883 1.4021 1.4021
6325 22.21 82.44 0.00 12.6883 1.4021 1.4021
6350 22.70 81.87 0.00 11.2275 1.0217 1.0217
6375 23.04 81.29 0.00 6.0729 2.7253 2.7253
6400 23.21 80.70 0.00 4.0613 3.0703 3.0703
6425 23.21 80.70 0.00 4.0613 3.0703 3.0703
6450 23.45 80.15 0.00 7.5260 0.9488 0.9488
6475 23.77 79.59 0.00 8.2832 0.8754 0.8754
6500 24.18 79.02 0.00 11.3053 0.6370 0.6370
6525 24.18 79.02 0.00 11.3053 0.6370 0.6370
6550 24.64 78.39 0.00 11.6856 1.2836 1.2836
6575 25.07 77.74 0.00 9.6419 2.5241 2.5241
6600 25.07 77.74 0.00 9.6419 2.5241 2.5241
6625 25.42 77.09 0.00 9.5175 3.7333 3.7333
6650 25.92 76.39 0.00 14.8017 2.2868 2.2868
6675 25.92 76.39 0.00 14.8017 2.2868 2.2868
6700 26.42 75.86 0.00 16.9507 1.0610 1.0610
6725 27.08 75.13 0.00 15.6092 1.3016 1.3016
6750 27.70 74.29 0.00 16.6302 2.7463 2.7463
6775 27.70 74.29 0.00 16.6302 2.7463 2.7463
6800 28.43 73.30 0.00 18.9081 2.9964 2.9964
6825 29.22 72.34 0.00 19.7509 3.5373 3.5373
6850 29.22 72.34 0.00 19.7509 3.5373 3.5373
6875 29.95 71.35 0.00 17.0828 5.0145 5.0145
6900 30.58 70.32 0.00 15.1561 7.8126 7.8126
6925 30.58 70.32 0.00 15.1561 7.8126 7.8126
6950 31.20 69.27 0.00 15.8429 7.7830 7.7830
6975 31.88 68.28 0.00 17.8797 6.7504 6.7504
7000 31.88 68.28 0.00 17.8797 6.7504 6.7504
7025 32.57 67.32 0.00 16.2982 5.7880 5.7880
7050 33.16 66.33 0.00 13.0987 5.3785 5.3785
7075 33.59 65.34 0.00 10.0143 5.9005 5.9005
7100 33.59 65.34 0.00 10.0143 5.9005 5.9005
7125 33.95 64.36 0.00 8.5734 5.6839 5.6839
7150 34.25 63.41 0.00 6.6190 5.4063 5.4063
7175 34.25 63.41 0.00 6.6190 5.4063 5.4063
7200 34.50 62.45 0.00 6.5158 4.9688 4.9688
7225 34.79 61.59 0.00 7.1932 3.9484 3.9484
7250 34.79 61.59 0.00 7.1932 3.9484 3.9484
7275 35.09 60.74 0.00 8.3135 3.7372 3.7372
7300 35.43 59.89 0.00 8.5610 2.5840 2.5840
7325 35.75 59.08 0.00 7.5729 2.9828 2.9828
7350 35.75 59.08 0.00 7.5729 2.9828 2.9828
7375 36.00 58.27 0.00 5.0340 2.7998 2.7998
7400 36.14 57.57 0.00 2.7992 1.1731 1.1731
7425 36.14 57.57 0.00 2.7992 1.1731 1.1731
7450 36.27 56.95 0.00 3.6603 0.7348 0.7348
7475 36.41 56.32 0.00 3.2101 -0.4430 -0.4430
7500 36.48 55.89 0.00 2.1035 0.8857 0.8857
7525 36.48 55.89 0.00 2.1035 0.8857 0.8857
7550 36.48 55.89 0.00 2.1035 0.8857 0.8857
7575 36.64 55.05 0.00 2.5715 1.3751 1.3751
7600 36.64 55.05 0.00 2.5715 1.3751 1.3751
7625 36.75 54.75 0.00 2.1418 2.1924 2.1924
7650 36.75 54.75 0.00 2.1418 2.1924 2.1924
7675 36.82 54.48 0.00 1.2861 2.6202 2.6202
7700 36.85 54.29 0.00 0.9513 1.9922 1.9922
7725 36.89 54.18 0.00 0.8758 0.8065 0.8065
7750 36.92 54.06 0.00 0.6518 0.1168 0.1168
7775 36.92 54.06 0.00 0.6518 0.1168 0.1168
7800 36.94 53.97 0.00 0.0609 -0.3182 -0.3182
7825 36.92 53.92 0.00 -0.6107 0.0185 0.0185
7850 36.92 53.92 0.00 -0.6107 0.0185 0.0185
7875 36.89 53.88 0.00 -1.1151 -0.2913 -0.2913
7900 36.85 53.83 0.00 0.0669 0.3974 0.3974
7925 36.85 53.83 0.00 0.0669 0.3974 0.3974
7950 36.91 53.74 0.00 1.6306 0.1962 0.1962
7975 36.96 53.65 0.00 1.4218 1.0213 1.0213
8000 36.96 53.65 0.00 1.4218 1.0213 1.0213
8025 37.01 53.56 0.00 1.3614 0.0406 0.0406
8050 37.08 53.46 0.00 2.0933 0.4712 0.4712
8075 37.14 53.32 0.00 0.9013 -0.1211 -0.1211
8100 37.14 53.32 0.00 0.9013 -0.1211 -0.1211
8125 37.19 53.07 0.00 1.6294 -0.3268 -0.3268
8150 37.31 52.70 0.00 3.6791 -0.3148 -0.3148
8175 37.31 52.70 0.00 3.6791 -0.3148 -0.3148
8200 37.46 52.22 0.00 3.0302 0.4159 0.4159
8225 37.58 51.69 0.00 3.5107 1.2461 1.2461
8250 37.76 51.16 0.00 4.6583 1.5265 1.5265
8275 37.76 51.16 0.00 4.6583 1.5265 1.5265
8300 37.88 50.80 0.00 4.3068 1.2964 1.2964
8325 38.02 50.38 0.00 2.7209 1.8435 1.8435
8350 38.02 50.38 0.00 2.7209 1.8435 1.8435
8375 38.11 49.99 0.00 1.4951 1.7423 1.7423
8400 38.15 49.62 0.00 0.7368 1.1596 1.1596
8425 38.15 49.62 0.00 0.7368 1.1596 1.1596
8450 38.16 49.29 0.00 0.1959 0.2932 0.2932
8475 38.15 48.90 0.00 -0.6725 -0.6114 -0.6114
8500 38.15 48.90 0.00 -0.6725 -0.6114 -0.6114
8525 38.08 48.49 0.00 -2.9131 -1.0721 -1.0721
8550 37.92 48.17 0.00 -4.4495 -1.4015 -1.4015
8575 37.76 47.89 0.00 -3.6390 -1.3874 -1.3874
8600 37.76 47.89 0.00 -3.6390 -1.3874 -1.3874
8625 37.62 47.62 0.00 -3.7464 -1.4071 -1.4071
8650 37.62 47.62 0.00 -3.7464 -1.4071 -1.4071
8675 37.46 47.32 0.00 -3.5970 -2.3228 -2.3228
8700 37.31 46.94 0.00 -3.5931 -1.6613 -1.6613
8725 37.17 46.56 0.00 -3.6199 -2.7883 -2.7883
8750 37.03 46.14 0.00 -3.1932 -2.7064 -2.7064
8775 37.03 46.14 0.00 -3.1932 -2.7064 -2.7064
8800 36.92 45.70 0.00 -2.5105 -3.5011 -3.5011
8825 36.83 45.16 0.00 -2.3411 -4.0564 -4.0564
8850 36.83 45.16 0.00 -2.3411 -4.0564 -4.0564
8875 36.73 44.47 0.00 -2.8607 -2.9429 -2.9429
8900 36.62 43.71 0.00 -2.3659 -2.1831 -2.1831
8925 36.62 43.71 0.00 -2.3659 -2.1831 -2.1831
8950 36.59 42.85 0.00 0.8690 -0.2829 -0.2829
8975 36.69 42.05 0.00 2.7823 -0.2355 -0.2355
9000 36.76 41.50 0.00 2.5165 0.5335 0.5335
9025 36.76 41.50 0.00 2.5165 0.5335 0.5335
9050 36.91 40.77 0.00 4.0352 2.1753 2.1753
9075 37.10 40.10 0.00 5.0827 1.9196 1.9196
9100 37.10 40.10 0.00 5.0827 1.9196 1.9196
9125 37.28 39.44 0.00 3.9581 0.9778 0.9778
9150 37.42 38.72 0.00 2.6424 0.9619 0.9619
9175 37.42 38.72 0.00 2.6424 0.9619 0.9619
9200 37.46 37.87 0.00 0.3347 1.1898 1.1898
9225 37.42 36.92 0.00 -1.4366 0.5009 0.5009
9250 37.31 35.98 0.00 -3.8852 0.2753 0.2753
9275 37.31 35.98 0.00 -3.8852 0.2753 0.2753
9300 37.12 35.10 0.00 -5.3805 -0.2924 -0.2924
9325 36.91 34.33 0.00 -5.0804 -1.5795 -1.5795
9350 36.91 34.33 0.00 -5.0804 -1.5795 -1.5795
9375 36.66 33.61 0.00 -6.8027 -2.3431 -2.3431
9400 36.39 32.93 0.00 -6.5988 -2.9857 -2.9857
9425 36.12 32.35 0.00 -6.9674 -3.5206 -3.5206
9450 36.12 32.35 0.00 -6.9674 -3.5206 -3.5206
9475 35.87 31.84 0.00 -5.3834 -3.1765 -3.1765
9500 35.68 31.35 0.00 -4.3495 -4.5545 -4.5545
9525 35.68 31.35 0.00 -4.3495 -4.5545 -4.5545
9550 35.52 30.90 0.00 -4.2631 -4.4811 -4.4811
9575 35.34 30.45 0.00 -4.5047 -5.1133 -5.1133
9600 35.34 30.45 0.00 -4.5047 -5.1133 -5.1133
9625 35.16 29.96 0.00 -4.0249 -4.3599 -4.3599
9650 35.00 29.47 0.00 -4.1099 -3.9873 -3.9873
9675 35.00 29.47 0.00 -4.1099 -3.9873 -3.9873
9700 34.84 28.97 0.00 -3.4700 -3.0455 -3.0455
9725 34.75 28.52 0.00 -2.0643 -1.6610 -1.6610
9750 34.75 28.52 0.00 -2.0643 -1.6610 -1.6610
9775 34.70 28.03 0.00 -0.5396 -1.4103 -1.4103
9800 34.66 27.50 0.00 -1.3680 -1.3318 -1.3318
9825 34.61 27.08 0.00 -2.5621 -1.8004 -1.8004
9850 34.47 26.44 0.00 -3.3940 -1.6537 -1.6537
9875 34.47 26.44 0.00 -3.3940 -1.6537 -1.6537
9900 34.34 25.68 0.00 -3.4656 -2.1383 -2.1383
9925 34.20 24.89 0.00 -3.7234 -2.5629 -2.5629
9950 34.20 24.89 0.00 -3.7234 -2.5629 -2.5629
9975 34.04 24.10 0.00 -3.9991 -3.6022 -3.6022
10000 34.04 24.10 0.00 -3.9991 -3.6022 -3.6022
10025 33.86 23.39 0.00 -4.5796 -4.0609 -4.0609
10050 33.66 22.75 0.00 -5.8358 -5.3351 -5.3351
10075 33.45 22.16 0.00 -4.5903 -5.2636 -5.2636
10100 33.28 21.68 0.00 -4.1011 -6.5790 -6.5790
10125 33.28 21.68 0.00 -4.1011 -6.5790 -6.5790
10150 33.12 21.37 0.00 -3.5490 -6.8536 -6.8536
10175 32.98 21.11 0.00 -3.8682 -6.9261 -6.9261
10200 32.98 21.11 0.00 -3.8682 -6.9261 -6.9261
10225 32.74 20.95 0.00 -6.5855 -8.6895 -8.6895
10250 32.48 20.85 0.00 -6.9520 -8.2930 -8.2930
10275 32.48 20.85 0.00 -6.9520 -8.2930 -8.2930
10300 32.15 20.74 0.00 -9.4390 -10.2542 -10.2542
10325 31.75 20.61 0.00 -9.9371 -8.6540 -8.6540
10350 31.75 20.61 0.00 -9.9371 -8.6540 -8.6540
10375 31.34 20.48 0.00 -11.0040 -10.1072 -10.1072
10400 30.89 20.45 0.00 -10.4755 -9.5535 -9.5535
10425 30.49 20.48 0.00 -9.9984 -8.7522 -8.7522
10450 30.49 20.48 0.00 -9.9984 -8.7522 -8.7522
10475 30.11 20.65 0.00 -9.4448 -9.1333 -9.1333
10500 29.82 20.82 0.00 -9.2316 -8.8003 -8.8003
10525 29.82 20.82 0.00 -9.2316 -8.8003 -8.8003
10550 29.45 20.99 0.00 -9.5783 -9.2263 -9.2263
10575 29.07 21.11 0.00 -8.8849 -8.8367 -8.8367
10600 29.07 21.11 0.00 -8.8849 -8.8367 -8.8367
10625 28.74 21.18 0.00 -8.2054 -8.1795 -8.1795
10650 28.43 21.20 0.00 -7.6370 -7.0132 -7.0132
10675 28.16 21.14 0.00 -5.7238 -5.2829 -5.2829
10700 28.16 21.14 0.00 -5.7238 -5.2829 -5.2829
10725 27.96 20.93 0.00 -4.7907 -2.7656 -2.7656
10750 27.76 20.36 0.00 -4.8494 -0.4152 -0.4152
10775 27.76 20.36 0.00 -4.8494 -0.4152 -0.4152
10800 27.61 19.70 0.00 -3.2419 -0.4371 -0.4371
10825 27.48 19.37 0.00 -3.2802 -1.6450 -1.6450
10850 27.48 19.37 0.00 -3.2802 -1.6450 -1.6450
10875 27.35 19.28 0.00 -3.2827 -2.3862 -2.3862
10900 27.23 19.16 0.00 -2.6692 -4.7795 -4.7795
10925 27.17 18.97 0.00 -1.0689 -5.5406 -5.5406
10950 27.17 18.97 0.00 -1.0689 -5.5406 -5.5406
10975 27.13 18.67 0.00 -0.6446 -5.6043 -5.6043
11000 27.15 18.18 0.00 0.8260 -3.3784 -3.3784
11025 27.15 17.44 0.00 -0.8896 -2.4072 -2.4072
11050 27.15 17.44 0.00 -0.8896 -2.4072 -2.4072
11075 27.08 16.58 0.00 -0.6714 -4.5828 -4.5828
11100 27.12 15.71 0.00 0.7779 -3.8219 -3.8219
11125 27.12 15.71 0.00 0.7779 -3.8219 -3.8219
11150 27.10 14.82 0.00 -1.3887 -5.4542 -5.4542
11175 26.99 13.99 0.00 -3.6766 -8.5905 -8.5905
11200 26.99 13.99 0.00 -3.6766 -8.5905 -8.5905
11225 26.77 13.11 0.00 -7.0285 -11.7635 -11.7635
11250 26.32 12.21 0.00 -13.0529 -17.0800 -17.0800
11275 25.90 11.56 0.00 -14.5269 -20.3361 -20.3361
11300 25.90 11.56 0.00 -14.5269 -20.3361 -20.3361
11325 25.27 10.86 0.00 -16.3889 -22.7422 -22.7422
11350 24.55 10.33 0.00 -19.7406 -25.7625 -25.7625
11375 24.55 10.33 0.00 -19.7406 -25.7625 -25.7625
11400 23.58 10.16 0.00 -26.5259 -27.7346 -27.7346
11425 23.58 10.16 0.00 -26.5259 -27.7346 -27.7346
11450 22.42 10.24 0.00 -29.7836 -27.5395 -27.5395
11475 21.19 10.41 0.00 -31.7273 -26.4212 -26.4212
11500 19.92 10.84 0.00 -31.7796 -24.5943 -24.5943
11525 19.92 10.84 0.00 -31.7796 -24.5943 -24.5943
11550 18.72 11.33 0.00 -28.7845 -20.6203 -20.6203
11575 17.66 11.78 0.00 -25.4134 -18.4195 -18.4195
11600 17.66 11.78 0.00 -25.4134 -18.4195 -18.4195
11625 16.77 12.21 0.00 -19.6327 -16.0165 -16.0165
11650 16.17 12.59 0.00 -12.4431 -12.6665 -12.6665
11675 15.80 12.99 0.00 -7.2405 -7.5515 -7.5515
11700 15.80 12.99 0.00 -7.2405 -7.5515 -7.5515
11725 15.59 13.42 0.00 -4.1559 -6.6108 -6.6108
11750 15.47 13.83 0.00 -1.9802 -2.9898 -2.9898
11775 15.47 13.83 0.00 -1.9802 -2.9898 -2.9898
11800 15.41 14.24 0.00 -1.4230 -1.3459 -1.3459
11825 15.35 14.59 0.00 -1.1960 -0.5391 -0.5391
11850 15.33 14.83 0.00 -0.0502 0.2896 0.2896
11875 15.33 14.83 0.00 -0.0502 0.2896 0.2896
11900 15.37 14.92 0.00 1.6413 -0.2204 -0.2204
11925 15.47 14.96 0.00 2.4176 0.4300 0.4300
11950 15.47 14.96 0.00 2.4176 0.4300 0.4300
11975 15.57 14.88 0.00 2.9376 0.4506 0.4506
12000 15.72 14.82 0.00 4.4438 0.4608 0.4608
12025 15.72 14.82 0.00 4.4438 0.4608 0.4608
12050 15.92 14.78 0.00 5.0881 0.5471 0.5471
12075 16.11 14.74 0.00 4.5877 1.1851 1.1851
12100 16.11 14.74 0.00 4.5877 1.1851 1.1851
12125 16.29 14.66 0.00 4.4680 3.3125 3.3125
12150 16.40 14.63 0.00 3.5135 2.1913 2.1913
12175 16.40 14.63 0.00 3.5135 2.1913 2.1913
12200 16.54 14.67 0.00 3.4322 1.6658 1.6658
12225 16.70 14.71 0.00 4.6935 2.7387 2.7387
12250 16.89 14.81 0.00 4.6501 2.0540 2.0540
12275 16.89 14.81 0.00 4.6501 2.0540 2.0540
12300 17.08 14.94 0.00 5.0798 2.9868 2.9868
12325 17.31 15.13 0.00 5.7221 1.9809 1.9809
12350 17.31 15.13 0.00 5.7221 1.9809 1.9809
12375 17.59 15.36 0.00 8.0985 4.3166 4.3166
12400 17.93 15.70 0.00 8.6894 5.0999 5.0999
12425 17.93 15.70 0.00 8.6894 5.0999 5.0999
12450 18.30 16.11 0.00 9.6448 6.6545 6.6545
12475 18.70 16.67 0.00 11.4762 8.3780 8.3780
12500 19.22 17.34 0.00 13.7132 10.2209 10.2209
12525 19.22 17.34 0.00 13.7132 10.2209 10.2209
12550 19.81 17.99 0.00 15.0834 11.0007 11.0007
12575 20.42 18.64 0.00 14.9132 11.0981 11.0981
12600 20.42 18.64 0.00 14.9132 11.0981 11.0981
12625 20.97 19.25 0.00 13.3910 10.6560 10.6560
12650 21.50 19.80 0.00 12.5327 10.4047 10.4047
12675 21.50 19.80 0.00 12.5327 10.4047 10.4047
12700 21.99 20.31 0.00 12.2730 10.6767 10.6767
12725 22.44 20.84 0.00 10.3410 9.8760 9.8760
12750 22.77 21.30 0.00 7.3558 6.9559 6.9559
12775 22.77 21.30 0.00 7.3558 6.9559 6.9559
12800 23.02 21.63 0.00 5.4221 5.7249 5.7249
12825 23.19 21.92 0.00 3.7272 4.9929 4.9929
12850 23.19 21.92 0.00 3.7272 4.9929 4.9929
12875 23.26 22.13 0.00 1.2116 2.5608 2.5608
12900 23.30 22.45 0.00 1.0155 0.7436 0.7436
12925 23.30 22.45 0.00 1.0155 0.7436 0.7436
12950 23.35 22.72 0.00 2.1693 -0.2134 -0.2134
12975 23.49 22.92 0.00 3.3240 0.2715 0.2715
13000 23.49 22.92 0.00 3.3240 0.2715 0.2715
13025 23.65 23.02 0.00 4.9296 1.1218 1.1218
13050 23.88 23.00 0.00 5.8407 2.0679 2.0679
13075 24.12 22.96 0.00 6.0750 3.3250 3.3250
13100 24.12 22.96 0.00 6.0750 3.3250 3.3250
13125 24.38 22.98 0.00 6.5321 3.5134 3.5134
13150 24.64 23.15 0.00 7.1271 4.0256 4.0256
13175 24.64 23.15 0.00 7.1271 4.0256 4.0256
13200 24.96 23.41 0.00 7.7664 4.6414 4.6414
13225 25.29 23.78 0.00 8.9506 4.9444 4.9444
13250 25.70 24.29 0.00 11.0454 6.0814 6.0814
13275 25.70 24.29 0.00 11.0454 6.0814 6.0814
13300 26.20 24.96 0.00 13.4244 7.5987 7.5987
13325 26.78 25.83 0.00 15.4382 8.6574 8.6574
13350 26.78 25.83 0.00 15.4382 8.6574 8.6574
13375 27.43 26.92 0.00 16.9814 10.8282 10.8282
13400 27.43 26.92 0.00 16.9814 10.8282 10.8282
13425 28.14 28.16 0.00 17.8137 12.8792 12.8792
13450 28.84 29.65 0.00 17.5381 12.4371 12.4371
13475 29.51 31.17 0.00 16.1820 14.2187 14.2187
13500 29.51 31.17 0.00 16.1820 14.2187 14.2187
13525 30.13 32.66 0.00 14.6538 13.9580 13.9580
13550 30.67 34.12 0.00 13.2841 12.2246 12.2246
13575 30.67 34.12 0.00 13.2841 12.2246 12.2246
13600 31.18 35.59 0.00 11.9134 12.5940 12.5940
13625 31.66 36.95 0.00 12.9031 11.7653 11.7653
13650 31.66 36.95 0.00 12.9031 11.7653 11.7653
13675 32.22 38.23 0.00 15.0274 10.6693 10.6693
13700 32.71 39.22 0.00 16.4772 9.5860 9.5860
13725 33.43 40.48 0.00 18.7256 11.5114 11.5114
13750 33.43 40.48 0.00 18.7256 11.5114 11.5114
13775 34.18 41.74 0.00 19.3262 11.6427 11.6427
13800 35.04 43.03 0.00 21.8547 14.1622 14.1622
13825 35.93 44.22 0.00 22.8492 16.2045 16.2045
13850 35.93 44.22 0.00 22.8492 16.2045 16.2045
13875 36.87 45.38 0.00 24.1029 15.2309 15.2309
13900 37.90 46.55 0.00 27.1080 15.4513 15.4513
13925 37.90 46.55 0.00 27.1080 15.4513 15.4513
13950 39.05 47.61 0.00 29.2241 13.3075 13.3075
13975 40.21 48.66 0.00 28.4322 12.4802 12.4802
14000 40.21 48.66 0.00 28.4322 12.4802 12.4802
14025 41.32 49.67 0.00 27.3038 13.3829 13.3829
14050 42.41 50.57 0.00 27.4213 14.0220 14.0220
14075 42.41 50.57 0.00 27.4213 14.0220 14.0220
14100 43.53 51.43 0.00 28.6549 13.2913 13.2913
14125 44.69 52.32 0.00 28.9549 13.6107 13.6107
14150 45.84 53.29 0.00 28.6096 12.6267 12.6267
14175 45.84 53.29 0.00 28.6096 12.6267 12.6267
14200 46.98 54.36 0.00 28.0912 13.1318 13.1318
14225 48.08 55.44 0.00 27.0884 13.3310 13.3310
14250 48.08 55.44 0.00 27.0884 13.3310 13.3310
14275 49.13 56.44 0.00 25.5431 11.3554 11.3554
14300 50.16 57.34 0.00 25.8953 9.4466 9.4466
14325 51.17 58.18 0.00 24.5839 10.5301 10.5301
14350 51.17 58.18 0.00 24.5839 10.5301 10.5301
14375 52.08 58.90 0.00 21.3349 11.2876 11.2876
14400 52.83 59.55 0.00 17.8547 11.5403 11.5403
14425 52.83 59.55 0.00 17.8547 11.5403 11.5403
14450 53.53 60.21 0.00 17.1886 12.3468 12.3468
14475 54.23 60.87 0.00 17.7020 11.8605 11.8605
14500 54.23 60.87 0.00 17.7020 11.8605 11.8605
14525 54.79 61.34 0.00 18.6805 11.3460 11.3460
14550 55.52 61.99 0.00 18.2927 10.1682 10.1682
14575 56.20 62.69 0.00 16.2416 9.7836 9.7836
14600 56.20 62.69 0.00 16.2416 9.7836 9.7836
14625 56.82 63.36 0.00 14.3193 8.9238 8.9238
14650 57.34 63.95 0.00 12.6169 9.7589 9.7589
14675 57.34 63.95 0.00 12.6169 9.7589 9.7589
14700 57.82 64.53 0.00 12.0445 9.6677 9.6677
14725 58.34 65.13 0.00 13.7015 9.4212 9.4212
14750 58.34 65.13 0.00 13.7015 9.4212 9.4212
14775 58.94 65.78 0.00 16.1363 10.1178 10.1178
14800 59.61 66.52 0.00 17.0095 8.7042 8.7042
14825 60.32 67.31 0.00 17.9468 8.2555 8.2555
14850 60.32 67.31 0.00 17.9468 8.2555 8.2555
14875 61.04 68.06 0.00 17.8420 7.9667 7.9667
14900 61.73 68.77 0.00 16.8054 7.5013 7.5013
14925 61.73 68.77 0.00 16.8054 7.5013 7.5013
14950 62.38 69.47 0.00 16.1841 6.4509 6.4509
14975 63.02 70.14 0.00 15.8826 6.4357 6.4357
15000 63.66 70.84 0.00 15.8403 6.5591 6.5591
15025 63.66 70.84 0.00 15.8403 6.5591 6.5591
15050 64.30 71.58 0.00 16.1430 6.3590 6.3590
15075 64.96 72.38 0.00 16.9522 5.6096 5.6096
15100 64.96 72.38 0.00 16.9522 5.6096 5.6096
15125 65.66 73.19 0.00 17.8056 4.3139 4.3139
15150 65.66 73.19 0.00 17.8056 4.3139 4.3139
15175 66.38 74.10 0.00 17.5598 3.5473 3.5473
15200 67.06 75.12 0.00 16.7315 3.6362 3.6362
15225 67.70 76.28 0.00 15.5185 3.1785 3.1785
15250 68.16 77.23 0.00 15.1456 2.4746 2.4746
15275 68.16 77.23 0.00 15.1456 2.4746 2.4746
15300 68.80 78.54 0.00 16.6781 2.8338 2.8338
15325 69.51 79.95 0.00 19.0886 3.1442 3.1442
15350 69.51 79.95 0.00 19.0886 3.1442 3.1442
15375 70.38 81.50 0.00 23.0003 3.3186 3.3186
15400 71.42 83.02 0.00 27.4877 3.1031 3.1031
15425 71.42 83.02 0.00 27.4877 3.1031 3.1031
15450 72.61 84.61 0.00 30.8123 5.7364 5.7364
15475 73.88 86.42 0.00 32.7892 9.6782 9.6782
15500 75.23 88.49 0.00 34.3849 10.2839 10.2839
15525 75.23 88.49 0.00 34.3849 10.2839 10.2839
15550 76.74 90.31 0.00 39.3850 12.3707 12.3707
15575 78.33 91.74 0.00 40.5499 19.2099 19.2099
15600 78.33 91.74 0.00 40.5499 19.2099 19.2099
15625 79.94 92.88 0.00 39.4414 17.9660 17.9660
15650 79.94 92.88 0.00 39.4414 17.9660 17.9660
15675 81.32 93.64 0.00 30.5918 16.3171 16.3171
15700 82.26 93.97 0.00 18.8768 13.6003 13.6003
15725 82.72 93.97 0.00 6.5452 11.5255 11.5255
15750 82.70 93.73 0.00 -4.8204 9.5094 9.5094
15775 82.70 93.73 0.00 -4.8204 9.5094 9.5094
15800 82.45 93.34 0.00 -6.6399 3.6790 3.6790
15825 82.13 92.87 0.00 -8.7976 4.1382 4.1382
15850 82.13 92.87 0.00 -8.7976 4.1382 4.1382
15875 81.70 92.32 0.00 -11.1841 3.5889 3.5889
15900 81.32 91.63 0.00 -9.3404 1.6927 1.6927
15925 81.32 91.63 0.00 -9.3404 1.6927 1.6927
15950 80.90 90.82 0.00 -11.3975 1.2515 1.2515
15975 80.57 90.27 0.00 -10.1786 0.4962 0.4962
16000 80.57 90.27 0.00 -10.1786 0.4962 0.4962
16025 80.21 89.65 0.00 -8.3617 -2.0885 -2.0885
16050 79.87 89.24 0.00 -8.3472 -4.1107 -4.1107
16075 79.58 88.88 0.00 -6.5396 -5.2192 -5.2192
16100 79.58 88.88 0.00 -6.5396 -5.2192 -5.2192
16125 79.58 88.88 0.00 -6.5396 -5.2192 -5.2192
16150 79.20 88.29 0.00 -4.4587 -6.6812 -6.6812
16175 79.20 88.29 0.00 -4.4587 -6.6812 -6.6812
16200 79.00 87.99 0.00 -6.3271 -4.4849 -4.4849
16225 78.69 87.70 0.00 -7.0863 -2.4915 -2.4915
16250 78.50 87.37 0.00 -3.6492 -2.4236 -2.4236
16275 78.50 87.37 0.00 -3.6492 -2.4236 -2.4236
16300 78.37 87.10 0.00 -3.5225 -0.2433 -0.2433
16325 78.22 86.91 0.00 -3.4480 1.9079 1.9079
16350 78.22 86.91 0.00 -3.4480 1.9079 1.9079
16375 78.17 86.72 0.00 0.3884 1.3769 1.3769
16400 78.26 86.51 0.00 2.7304 2.7162 2.7162
16425 78.35 86.23 0.00 2.0184 4.3922 4.3922
16450 78.35 86.23 0.00 2.0184 4.3922 4.3922
16475 78.37 85.79 0.00 -0.3994 5.3163 5.3163
16500 78.33 85.27 0.00 -0.8081 4.8988 4.8988
16525 78.33 85.27 0.00 -0.8081 4.8988 4.8988
16550 78.35 84.63 0.00 0.8280 4.3458 4.3458
16575 78.39 83.87 0.00 0.9747 4.8635 4.8635
16600 78.39 83.87 0.00 0.9747 4.8635 4.8635
16625 78.43 83.06 0.00 0.6655 6.4239 6.4239
16650 78.45 82.30 0.00 0.8535 6.6603 6.6603
16675 78.47 81.55 0.00 0.1008 5.3330 5.3330
16700 78.47 81.55 0.00 0.1008 5.3330 5.3330
16725 78.41 80.66 0.00 -2.5045 6.3260 6.3260
16750 78.41 80.66 0.00 -2.5045 6.3260 6.3260
16775 78.28 79.76 0.00 -3.6963 5.6448 5.6448
16800 78.13 78.89 0.00 -3.5634 4.0633 4.0633
16825 78.13 78.89 0.00 -3.5634 4.0633 4.0633
16850 77.85 77.17 0.00 -4.3016 3.5008 3.5008
16875 77.85 77.17 0.00 -4.3016 3.5008 3.5008
16900 77.66 76.32 0.00 -5.0834 2.4955 2.4955
16925 77.66 76.32 0.00 -5.0834 2.4955 2.4955
16950 77.47 75.63 0.00 -4.0869 0.3057 0.3057
16975 77.32 75.03 0.00 -3.9425 0.8578 0.8578
17000 77.15 74.46 0.00 -3.6657 2.2697 2.2697
17025 77.15 74.46 0.00 -3.6657 2.2697 2.2697
17050 77.06 74.03 0.00 -1.5931 1.7655 1.7655
17075 77.04 73.72 0.00 0.0528 -0.6852 -0.6852
17100 77.04 73.72 0.00 0.0528 -0.6852 -0.6852
17125 77.08 73.48 0.00 1.1652 -1.0590 -1.0590
17150 77.15 73.37 0.00 2.8486 0.0805 0.0805
17175 77.15 73.37 0.00 2.8486 0.0805 0.0805
17200 77.30 73.49 0.00 4.1218 1.9254 1.9254
17225 77.54 73.68 0.00 7.9983 3.2325 3.2325
17250 77.96 74.10 0.00 11.9983 6.6823 6.6823
17275 77.96 74.10 0.00 11.9983 6.6823 6.6823
17300 78.62 74.78 0.00 19.8636 12.4490 12.4490
17325 79.58 75.54 0.00 26.0951 15.7083 15.7083
17350 79.58 75.54 0.00 26.0951 15.7083 15.7083
17375 80.61 76.30 0.00 24.3212 18.8482 18.8482
17400 81.40 76.84 0.00 16.7426 15.8168 15.8168
17425 81.40 76.84 0.00 16.7426 15.8168 15.8168
17450 81.89 77.12 0.00 9.8771 12.0812 12.0812
17475 82.09 77.17 0.00 2.7258 10.8768 10.8768
17500 82.09 77.17 0.00 2.7258 10.8768 10.8768
17525 82.13 77.19 0.00 -0.3287 7.1520 7.1520
17550 82.03 77.11 0.00 -3.4062 3.7613 3.7613
17575 81.88 76.90 0.00 -4.4387 1.3061 1.3061
17600 81.88 76.90 0.00 -4.4387 1.3061 1.3061
17625 81.70 76.72 0.00 -5.8306 0.9476 0.9476
17650 81.41 76.43 0.00 -7.6381 1.4630 1.4630
17675 81.41 76.43 0.00 -7.6381 1.4630 1.4630
17700 81.18 76.06 0.00 -3.9136 0.4804 0.4804
17725 81.15 75.69 0.00 0.5665 -0.8321 -0.8321
17750 81.18 75.19 0.00 0.1534 0.4052 0.4052
17775 81.18 75.19 0.00 0.1534 0.4052 0.4052
17800 81.17 74.61 0.00 0.0607 1.9172 1.9172
17825 81.20 73.97 0.00 1.0055 0.6953 0.6953
17850 81.20 73.97 0.00 1.0055 0.6953 0.6953
17875 81.20 73.17 0.00 -0.3143 -0.4339 -0.4339
17900 81.18 72.26 0.00 -1.3911 1.2184 1.2184
17925 81.18 72.26 0.00 -1.3911 1.2184 1.2184
17950 81.09 71.19 0.00 -1.7739 0.8071 0.8071
17975 81.13 69.98 0.00 2.1704 -0.0211 -0.0211
18000 81.18 68.69 0.00 0.4949 2.1992 2.1992
18025 81.18 68.69 0.00 0.4949 2.1992 2.1992
18050 81.20 67.35 0.00 0.1613 1.8122 1.8122
18075 81.13 65.90 0.00 -3.6937 2.6739 2.6739
18100 81.13 65.90 0.00 -3.6937 2.6739 2.6739
18125 80.82 64.29 0.00 -9.5690 3.9616 3.9616
18150 80.36 62.66 0.00 -12.5183 2.4127 2.4127
18175 80.36 62.66 0.00 -12.5183 2.4127 2.4127
18200 79.79 61.13 0.00 -15.4450 0.0918 0.0918
18225 79.17 59.73 0.00 -14.8279 -1.8350 -1.8350
18250 78.67 58.55 0.00 -10.7709 -1.5323 -1.5323
18275 78.67 58.55 0.00 -10.7709 -1.5323 -1.5323
18300 78.32 57.58 0.00 -8.0301 -1.4568 -1.4568
18325 78.07 56.76 0.00 -5.4642 -2.2512 -2.2512
18350 78.07 56.76 0.00 -5.4642 -2.2512 -2.2512
18375 77.90 56.22 0.00 -6.5095 -2.8006 -2.8006
18400 77.64 55.59 0.00 -5.9816 -3.7887 -3.7887
18425 77.45 55.06 0.00 -3.6537 -3.6221 -3.6221
18450 77.45 55.06 0.00 -3.6537 -3.6221 -3.6221
18475 77.34 54.68 0.00 -1.6848 -4.1052 -4.1052
18500 77.32 54.37 0.00 -0.2133 -2.3839 -2.3839
18525 77.32 54.37 0.00 -0.2133 -2.3839 -2.3839
18550 77.28 54.14 0.00 -1.5045 -0.1472 -0.1472
18575 77.21 54.09 0.00 -1.8102 -0.5871 -0.5871
18600 77.19 54.05 0.00 0.6457 -0.1328 -0.1328
18625 77.19 54.05 0.00 0.6457 -0.1328 -0.1328
18650 77.21 53.99 0.00 0.1981 0.0382 0.0382
18675 77.21 53.92 0.00 -0.1591 1.0144 1.0144
18700 77.21 53.92 0.00 -0.1591 1.0144 1.0144
18725 77.19 53.74 0.00 -1.0652 1.5553 1.5553
18750 77.13 53.47 0.00 -1.2864 2.5876 2.5876
18775 77.13 53.47 0.00 -1.2864 2.5876 2.5876
18800 77.08 53.20 0.00 -1.5619 1.9934 1.9934
18825 76.98 52.82 0.00 -3.2243 2.7149 2.7149
18850 76.83 52.35 0.00 -3.8582 2.2666 2.2666
18875 76.83 52.35 0.00 -3.8582 2.2666 2.2666
18900 76.66 51.84 0.00 -4.5315 1.4171 1.4171
18925 76.46 51.21 0.00 -5.3880 1.4195 1.4195
18950 76.46 51.21 0.00 -5.3880 1.4195 1.4195
18975 76.23 50.34 0.00 -5.4800 1.0073 1.0073
19000 76.01 49.32 0.00 -5.9741 0.2631 0.2631
19025 76.01 49.32 0.00 -5.9741 0.2631 0.2631
19050 75.77 48.23 0.00 -6.0510 -0.5749 -0.5749
19075 75.58 47.39 0.00 -5.6834 -1.1588 -1.1588
19100 75.58 47.39 0.00 -5.6834 -1.1588 -1.1588
19125 75.38 46.33 0.00 -5.7705 -1.7727 -1.7727
19150 75.10 45.33 0.00 -7.2252 -0.9465 -0.9465
19175 75.10 45.33 0.00 -7.2252 -0.9465 -0.9465
19200 74.86 44.32 0.00 -5.1042 -0.4481 -0.4481
19225 74.67 43.42 0.00 -5.0856 -1.4095 -1.4095
19250 74.40 42.68 0.00 -7.3404 -0.4061 -0.4061
19275 74.40 42.68 0.00 -7.3404 -0.4061 -0.4061
19300 74.16 42.09 0.00 -4.4356 -0.9075 -0.9075
19325 74.06 41.59 0.00 -0.7459 -0.7534 -0.7534
19350 74.06 41.59 0.00 -0.7459 -0.7534 -0.7534
19375 74.04 41.20 0.00 -0.9702 -1.4044 -1.4044
19400 73.95 40.89 0.00 -3.1795 0.1497 0.1497
19425 73.80 40.69 0.00 -3.8179 0.0507 0.0507
19450 73.80 40.69 0.00 -3.8179 0.0507 0.0507
19475 73.66 40.64 0.00 -3.6477 -1.3422 -1.3422
19500 73.49 40.69 0.00 -3.9531 -1.8735 -1.8735
19525 73.49 40.69 0.00 -3.9531 -1.8735 -1.8735
19550 73.34 40.80 0.00 -3.9590 -1.7652 -1.7652
19575 73.20 40.98 0.00 -3.1924 -2.8061 -2.8061
19600 73.20 40.98 0.00 -3.1924 -2.8061 -2.8061
19625 73.11 41.21 0.00 -1.7815 -3.2824 -3.2824
19650 72.99 41.42 0.00 -3.4316 -2.9985 -2.9985
19675 72.99 41.42 0.00 -3.4316 -2.9985 -2.9985
19700 72.81 41.57 0.00 -5.0353 -2.8360 -2.8360
19725 72.63 41.71 0.00 -4.8836 -3.8677 -3.8677
19750 72.41 41.80 0.00 -5.7273 -4.4472 -4.4472
19775 72.41 41.80 0.00 -5.7273 -4.4472 -4.4472
19800 72.19 41.84 0.00 -5.0735 -3.2521 -3.2521
19825 72.19 41.84 0.00 -5.0735 -3.2521 -3.2521
19850 72.02 41.87 0.00 -3.2039 -2.8740 -2.8740
19875 71.88 41.87 0.00 -4.2823 -3.7618 -3.7618
19900 71.75 41.88 0.00 -4.6776 -3.1834 -3.1834
19925 71.57 41.87 0.00 -3.8287 -2.3322 -2.3322
19950 71.57 41.87 0.00 -3.8287 -2.3322 -2.3322
19975 71.46 41.76 0.00 -2.4931 -2.1971 -2.1971
20000 71.46 41.76 0.00 -2.4931 -2.1971 -2.1971
20025 71.37 41.60 0.00 -2.0316 -1.3234 -1.3234
20050 71.27 41.40 0.00 -2.4149 -1.8277 -1.8277
20075 71.20 41.14 0.00 -1.3255 0.1279 0.1279
20100 71.20 41.14 0.00 -1.3255 0.1279 0.1279
20125 71.16 40.94 0.00 -1.0693 0.0504 0.0504
20150 71.13 40.83 0.00 -0.9247 -0.3980 -0.3980
20175 71.09 40.85 0.00 -0.9057 -0.7265 -0.7265
20200 71.09 40.85 0.00 -0.9057 -0.7265 -0.7265
20225 71.02 40.93 0.00 -2.1421 -1.5188 -1.5188
20250 70.87 41.02 0.00 -4.9838 -2.3951 -2.3951
20275 70.87 41.02 0.00 -4.9838 -2.3951 -2.3951
20300 70.58 41.20 0.00 -8.5156 -3.2559 -3.2559
20325 70.20 41.50 0.00 -10.7243 -5.1539 -5.1539
20350 70.20 41.50 0.00 -10.7243 -5.1539 -5.1539
20375 69.67 41.94 0.00 -14.7681 -6.7067 -6.7067
20400 68.95 42.54 0.00 -20.4470 -7.7186 -7.7186
20425 68.95 42.54 0.00 -20.4470 -7.7186 -7.7186
20450 68.01 43.34 0.00 -25.4862 -9.5969 -9.5969
20475 66.95 44.29 0.00 -26.4706 -11.5709 -11.5709
20500 65.87 45.30 0.00 -27.4484 -12.6913 -12.6913
20525 65.87 45.30 0.00 -27.4484 -12.6913 -12.6913
20550 64.71 46.46 0.00 -30.1867 -14.5369 -14.5369
20575 63.48 47.69 0.00 -30.8207 -15.4063 -15.4063
20600 63.48 47.69 0.00 -30.8207 -15.4063 -15.4063
20625 62.14 48.97 0.00 -36.0360 -18.7011 -18.7011
20650 60.62 50.31 0.00 -38.2345 -20.0456 -20.0456
20675 60.62 50.31 0.00 -38.2345 -20.0456 -20.0456
20700 59.05 51.67 0.00 -40.7214 -22.4755 -22.4755
20725 57.78 52.65 0.00 -42.3297 -23.2105 -23.2105
20750 56.13 53.83 0.00 -40.5315 -23.6940 -23.6940
20775 56.13 53.83 0.00 -40.5315 -23.6940 -23.6940
20800 54.54 54.94 0.00 -39.3880 -24.9566 -24.9566
20825 54.54 54.94 0.00 -39.3880 -24.9566 -24.9566
20850 53.00 56.05 0.00 -37.4042 -24.0734 -24.0734
20875 51.57 57.13 0.00 -34.7338 -24.5930 -24.5930
20900 50.19 58.13 0.00 -34.7046 -25.5684 -25.5684
20925 48.81 59.04 0.00 -33.9850 -24.7269 -24.7269
20950 48.81 59.04 0.00 -33.9850 -24.7269 -24.7269
20975 47.47 59.84 0.00 -33.5833 -25.9667 -25.9667
21000 46.14 60.49 0.00 -32.2977 -26.4218 -26.4218
21025 46.14 60.49 0.00 -32.2977 -26.4218 -26.4218
21050 44.88 61.06 0.00 -31.1874 -27.3678 -27.3678
21075 43.66 61.61 0.00 -30.0034 -27.7566 -27.7566
21100 43.66 61.61 0.00 -30.0034 -27.7566 -27.7566
21125 42.48 62.15 0.00 -29.2597 -27.4833 -27.4833
21150 41.34 62.76 0.00 -27.8105 -25.3579 -25.3579
21175 40.30 63.39 0.00 -24.0227 -24.5814 -24.5814
21200 40.30 63.39 0.00 -24.0227 -24.5814 -24.5814
21225 39.40 64.06 0.00 -21.2210 -26.1787 -26.1787
21250 38.61 64.75 0.00 -19.1860 -24.9929 -24.9929
21275 38.61 64.75 0.00 -19.1860 -24.9929 -24.9929
21300 37.88 65.48 0.00 -17.6549 -24.3898 -24.3898
21325 37.23 66.20 0.00 -15.6294 -22.7355 -22.7355
21350 37.23 66.20 0.00 -15.6294 -22.7355 -22.7355
21375 36.67 67.00 0.00 -12.6445 -19.9235 -19.9235
21400 36.34 67.66 0.00 -10.9727 -19.0603 -19.0603
21425 35.96 68.53 0.00 -8.0173 -15.5488 -15.5488
21450 35.96 68.53 0.00 -8.0173 -15.5488 -15.5488
21475 35.75 69.48 0.00 -3.1881 -13.1753 -13.1753
21500 35.73 70.35 0.00 0.6058 -10.8142 -10.8142
21525 35.73 70.35 0.00 0.6058 -10.8142 -10.8142
21550 35.80 71.12 0.00 2.8408 -7.3360 -7.3360
21575 35.91 71.85 0.00 2.2745 -4.9566 -4.9566
21600 35.91 71.85 0.00 2.2745 -4.9566 -4.9566
21625 35.98 72.52 0.00 1.3208 -2.8976 -2.8976
21650 36.00 73.11 0.00 -0.4274 -2.3176 -2.3176
21675 35.91 73.70 0.00 -2.8923 -2.6437 -2.6437
21700 35.91 73.70 0.00 -2.8923 -2.6437 -2.6437
21725 35.77 74.26 0.00 -4.5450 -2.9875 -2.9875
21750 35.52 74.73 0.00 -7.1728 -3.7762 -3.7762
21775 35.52 74.73 0.00 -7.1728 -3.7762 -3.7762
21800 35.14 75.11 0.00 -11.7006 -3.8943 -3.8943
21825 34.54 75.47 0.00 -16.5173 -2.7473 -2.7473
21850 34.54 75.47 0.00 -16.5173 -2.7473 -2.7473
21875 33.84 75.77 0.00 -18.1043 -5.0221 -5.0221
21900 33.03 76.11 0.00 -22.7203 -8.4089 -8.4089
21925 33.03 76.11 0.00 -22.7203 -8.4089 -8.4089
21950 31.95 76.63 0.00 -29.1837 -11.4270 -11.4270
21975 30.72 77.21 0.00 -31.6145 -14.3969 -14.3969
22000 30.72 77.21 0.00 -31.6145 -14.3969 -14.3969
22025 29.42 77.79 0.00 -33.1462 -16.1579 -16.1579
22050 28.01 78.39 0.00 -36.6388 -17.9100 -17.9100
22075 26.51 78.87 0.00 -37.6247 -14.7280 -14.7280
22100 26.51 78.87 0.00 -37.6247 -14.7280 -14.7280
22125 25.16 79.29 0.00 -30.7637 -15.4513 -15.4513
22150 24.12 79.74 0.00 -23.3708 -16.4472 -16.4472
22175 24.12 79.74 0.00 -23.3708 -16.4472 -16.4472
22200 23.30 80.19 0.00 -19.0402 -13.0145 -13.0145
22225 22.66 80.56 0.00 -13.8511 -11.3551 -11.3551
22250 22.32 80.83 0.00 -10.6333 -11.0136 -11.0136
22275 22.32 80.83 0.00 -10.6333 -11.0136 -11.0136
22300 21.99 81.19 0.00 -6.6078 -8.8624 -8.8624
22325 21.83 81.48 0.00 -2.1978 -8.1076 -8.1076
22350 21.83 81.48 0.00 -2.1978 -8.1076 -8.1076
22375 21.80 81.72 0.00 -1.2761 -7.3804 -7.3804
22400 21.68 81.98 0.00 -3.3115 -4.4020 -4.4020
22425 21.61 82.17 0.00 -0.1183 -3.0768 -3.0768
22450 21.61 82.17 0.00 -0.1183 -3.0768 -3.0768
22475 21.78 82.33 0.00 6.1876 -5.4374 -5.4374
22500 22.06 82.56 0.00 7.1283 -4.1228 -4.1228
22525 22.06 82.56 0.00 7.1283 -4.1228 -4.1228
22550 22.31 82.83 0.00 5.0891 -3.2575 -3.2575
22575 22.44 83.05 0.00 2.0370 -0.8727 -0.8727
22600 22.44 83.05 0.00 2.0370 -0.8727 -0.8727
22625 22.42 83.27 0.00 -1.8811 -0.0073 -0.0073
22650 22.25 83.47 0.00 -5.4655 -0.1981 -0.1981
22675 22.25 83.47 0.00 -5.4655 -0.1981 -0.1981
22700 21.93 83.62 0.00 -9.7009 0.9536 0.9536
22725 21.33 83.43 0.00 -19.8554 2.0227 2.0227
22750 20.26 83.17 0.00 -29.6606 2.9329 2.9329
22775 20.26 83.17 0.00 -29.6606 2.9329 2.9329
22800 19.03 83.15 0.00 -31.0989 2.0211 2.0211
22825 17.86 83.16 0.00 -28.6721 0.1127 0.1127
22850 17.86 83.16 0.00 -28.6721 0.1127 0.1127
22875 16.85 83.27 0.00 -22.4136 -1.6681 -1.6681
22900 16.21 83.21 0.00 -12.4630 -3.8040 -3.8040
22925 15.88 83.10 0.00 -6.6045 -2.8151 -2.8151
22950 15.88 83.10 0.00 -6.6045 -2.8151 -2.8151
22975 15.66 82.94 0.00 -4.4545 -1.8493 -1.8493
23000 15.59 82.79 0.00 -0.3818 -2.9598 -2.9598
23025 15.59 82.79 0.00 -0.3818 -2.9598 -2.9598
23050 15.61 82.62 0.00 0.6304 -3.6340 -3.6340
23075 15.63 82.52 0.00 0.6464 -2.2087 -2.2087
23100 15.63 82.52 0.00 0.6464 -2.2087 -2.2087
23125 15.70 82.38 0.00 2.7406 -1.6403 -1.6403
23150 15.84 82.16 0.00 3.7438 -0.4808 -0.4808
23175 15.84 82.16 0.00 3.7438 -0.4808 -0.4808
23200 15.98 81.98 0.00 3.1150 1.4426 1.4426
23225 16.15 81.80 0.00 5.5960 0.6037 0.6037
23250 16.42 81.61 0.00 7.4588 0.6631 0.6631
23275 16.42 81.61 0.00 7.4588 0.6631 0.6631
23300 16.72 81.46 0.00 6.7761 0.8694 0.8694
23325 16.97 81.33 0.00 5.7576 1.9994 1.9994
23350 16.97 81.33 0.00 5.7576 1.9994 1.9994
23375 17.16 81.15 0.00 3.9067 2.5722 2.5722
23400 17.31 80.91 0.00 4.3967 4.1221 4.1221
23425 17.31 80.91 0.00 4.3967 4.1221 4.1221
23450 17.51 80.69 0.00 5.3064 3.2192 3.2192
23475 17.74 80.55 0.00 6.1249 3.1038 3.1038
23500 17.99 80.44 0.00 6.0740 3.6003 3.6003
23525 17.99 80.44 0.00 6.0740 3.6003 3.6003
23550 18.24 80.31 0.00 6.1056 2.6775 2.6775
23575 18.24 80.31 0.00 6.1056 2.6775 2.6775
23600 18.43 80.23 0.00 4.3406 3.0648 3.0648
23625 18.55 80.18 0.00 3.0995 2.3958 2.3958
23650 18.68 80.14 0.00 2.6622 0.4021 0.4021
23675 18.74 80.08 0.00 0.8422 0.7204 0.7204
23700 18.74 80.08 0.00 0.8422 0.7204 0.7204
23725 18.80 80.00 0.00 2.2947 0.0449 0.0449
23750 18.99 79.91 0.00 6.0870 0.3231 0.3231
23775 18.99 79.91 0.00 6.0870 0.3231 0.3231
23800 19.27 79.75 0.00 8.0115 1.0550 1.0550
23825 19.27 79.75 0.00 8.0115 1.0550 1.0550
23850 19.56 79.64 0.00 10.3219 2.3124 2.3124
23875 20.07 79.54 0.00 14.2194 2.7743 2.7743
23900 20.78 79.36 0.00 19.7002 4.8710 4.8710
23925 20.78 79.36 0.00 19.7002 4.8710 4.8710
23950 21.68 79.16 0.00 24.2566 5.2942 5.2942
23975 22.64 78.97 0.00 22.9704 7.1982 7.1982
24000 23.52 78.73 0.00 21.6885 9.0218 9.0218
24025 23.52 78.73 0.00 21.6885 9.0218 9.0218
24050 23.52 78.73 0.00 21.6885 9.0218 9.0218
24075 25.14 78.13 0.00 19.6602 9.8940 9.8940
24100 25.14 78.13 0.00 19.6602 9.8940 9.8940
24125 25.90 77.86 0.00 18.7968 11.0516 11.0516
24150 26.71 77.66 0.00 21.4374 10.6363 10.6363
24175 26.71 77.66 0.00 21.4374 10.6363 10.6363
24200 27.59 77.43 0.00 22.3629 12.8037 12.8037
24225 28.49 77.24 0.00 22.1892 12.3144 12.3144
24250 28.49 77.24 0.00 22.1892 12.3144 12.3144
24275 29.36 77.07 0.00 22.1810 12.7083 12.7083
24300 30.25 76.86 0.00 22.0741 11.8881 11.8881
24325 30.25 76.86 0.00 22.0741 11.8881 11.8881
24350 31.07 76.60 0.00 19.5351 10.4211 10.4211
24375 31.81 76.38 0.00 18.1439 9.3587 9.3587
24400 32.53 76.25 0.00 17.7927 9.4718 9.4718
24425 32.53 76.25 0.00 17.7927 9.4718 9.4718
24450 33.27 76.05 0.00 18.8230 8.6139 8.6139
24475 34.04 75.84 0.00 19.3795 8.8604 8.8604
24500 34.04 75.84 0.00 19.3795 8.8604 8.8604
24525 34.88 75.64 0.00 22.7185 9.5876 9.5876
24550 35.89 75.44 0.00 25.9959 9.9986 9.9986
24575 35.89 75.44 0.00 25.9959 9.9986 9.9986
24600 36.98 75.15 0.00 27.8385 10.8377 10.8377
24625 37.86 74.90 0.00 30.3876 12.9673 12.9673
24650 39.14 74.53 0.00 33.2750 14.0221 14.0221
24675 39.14 74.53 0.00 33.2750 14.0221 14.0221
24700 40.53 74.15 0.00 34.4186 15.5838 15.5838
24725 41.83 73.71 0.00 31.5307 18.3587 18.3587
24750 41.83 73.71 0.00 31.5307 18.3587 18.3587
24775 43.02 73.17 0.00 28.9882 19.6016 19.6016
24800 44.22 72.59 0.00 31.0534 18.5847 18.5847
24825 45.56 72.02 0.00 34.3086 17.4448 17.4448
24850 45.56 72.02 0.00 34.3086 17.4448 17.4448
24875 46.89 71.50 0.00 32.3308 16.4541 16.4541
24900 48.11 71.10 0.00 29.5306 16.8894 16.8894
24925 48.11 71.10 0.00 29.5306 16.8894 16.8894
24950 49.27 70.74 0.00 28.6672 16.7964 16.7964
24975 50.33 70.44 0.00 24.7389 15.3418 15.3418
25000 51.13 70.20 0.00 17.3602 15.0545 15.0545
25025 51.13 70.20 0.00 17.3602 15.0545 15.0545
25050 51.68 69.93 0.00 11.1687 13.6525 13.6525
25075 52.02 69.71 0.00 7.1914 10.4549 10.4549
25100 52.02 69.71 0.00 7.1914 10.4549 10.4549
25125 52.23 69.55 0.00 4.5026 8.2884 8.2884
25150 52.43 69.41 0.00 5.1160 5.2591 5.2591
25175 52.43 69.41 0.00 5.1160 5.2591 5.2591
25200 52.67 69.36 0.00 6.6389 4.1045 4.1045
25225 52.93 69.44 0.00 6.2451 2.3850 2.3850
25250 52.93 69.44 0.00 6.2451 2.3850 2.3850
25275 53.16 69.57 0.00 5.9119 2.9507 2.9507
25300 53.39 69.67 0.00 5.0475 2.3040 2.3040
25325 53.58 69.73 0.00 4.9503 1.1427 1.1427
25350 53.58 69.73 0.00 4.9503 1.1427 1.1427
25375 53.75 69.75 0.00 6.3277 1.1967 1.1967
25400 54.10 69.71 0.00 10.4452 0.8122 0.8122
25425 54.10 69.71 0.00 10.4452 0.8122 0.8122
25450 54.63 69.59 0.00 14.3663 6.8845 6.8845
25475 55.22 69.45 0.00 15.1488 8.6678 8.6678
25500 55.22 69.45 0.00 15.1488 8.6678 8.6678
25525 55.85 69.35 0.00 16.7071 8.3813 8.3813
25550 56.59 69.23 0.00 19.3808 8.0263 8.0263
25575 57.36 69.07 0.00 18.5976 8.6884 8.6884
25600 57.36 69.07 0.00 18.5976 8.6884 8.6884
25625 58.03 68.89 0.00 15.8673 9.2823 9.2823
25650 58.03 68.89 0.00 15.8673 9.2823 9.2823
25675 58.63 68.68 0.00 13.9835 9.3090 9.3090
25700 59.12 68.40 0.00 11.3429 9.1578 9.1578
25725 59.51 68.14 0.00 8.4554 7.8092 7.8092
25750 59.51 68.14 0.00 8.4554 7.8092 7.8092
25775 59.81 67.93 0.00 7.0097 7.0255 7.0255
25800 60.05 67.74 0.00 6.2229 5.9316 5.9316
25825 60.30 67.40 0.00 5.7976 5.5321 5.5321
25850 60.30 67.40 0.00 5.7976 5.5321 5.5321
25875 60.55 66.95 0.00 6.6282 5.7162 5.7162
25900 60.85 66.47 0.00 8.4959 4.7921 4.7921
25925 60.85 66.47 0.00 8.4959 4.7921 4.7921
25950 61.23 65.96 0.00 10.1772 2.5588 2.5588
25975 61.71 65.47 0.00 12.6881 3.1540 3.1540
26000 61.71 65.47 0.00 12.6881 3.1540 3.1540
26025 62.28 64.91 0.00 15.7237 3.1880 3.1880
26050 63.08 64.30 0.00 22.0645 2.2592 2.2592
26075 63.08 64.30 0.00 22.0645 2.2592 2.2592
26100 63.80 63.81 0.00 25.8198 2.3698 2.3698
26125 64.84 63.04 0.00 24.3242 4.3913 4.3913
26150 65.70 62.14 0.00 19.5510 7.6185 7.6185
26175 65.70 62.14 0.00 19.5510 7.6185 7.6185
26200 66.41 61.27 0.00 17.4142 8.4456 8.4456
26225 67.13 60.49 0.00 18.2906 8.2342 8.2342
26250 67.13 60.49 0.00 18.2906 8.2342 8.2342
26275 67.97 59.90 0.00 23.7798 7.3841 7.3841
26300 67.97 59.90 0.00 23.7798 7.3841 7.3841
26325 69.11 59.40 0.00 30.7710 4.7855 4.7855
26350 70.27 58.84 0.00 26.8814 5.1627 5.1627
26375 71.16 58.18 0.00 19.3813 5.9405 5.9405
26400 71.16 58.18 0.00 19.3813 5.9405 5.9405
26425 71.77 57.37 0.00 11.8792 6.8723 6.8723
26450 72.08 56.51 0.00 6.2344 7.3106 7.3106
26475 72.08 56.51 0.00 6.2344 7.3106 7.3106
26500 72.21 55.72 0.00 1.6755 6.9927 6.9927
26525 72.28 55.23 0.00 1.5790 5.0614 5.0614
26550 72.37 55.01 0.00 2.9134 4.0448 4.0448
26575 72.37 55.01 0.00 2.9134 4.0448 4.0448
26600 72.44 55.07 0.00 0.9658 1.5205 1.5205
26625 72.43 55.27 0.00 -1.1466 0.6443 0.6443
26650 72.43 55.27 0.00 -1.1466 0.6443 0.6443
26675 72.35 55.43 0.00 -2.2881 -0.1311 -0.1311
26700 72.24 55.52 0.00 -3.4490 -1.2931 -1.2931
26725 72.10 55.54 0.00 -3.1923 -1.3574 -1.3574
26750 72.10 55.54 0.00 -3.1923 -1.3574 -1.3574
26775 71.99 55.54 0.00 -2.5925 -2.3116 -2.3116
26800 71.99 55.54 0.00 -2.5925 -2.3116 -2.3116
26825 71.88 55.58 0.00 -3.0851 -0.8574 -0.8574
26850 71.73 55.67 0.00 -3.7818 -1.4006 -1.4006
26875 71.62 55.78 0.00 -2.1422 -1.3655 -1.3655
26900 71.62 55.78 0.00 -2.1422 -1.3655 -1.3655
26925 71.58 55.87 0.00 -0.4000 -0.9877 -0.9877
26950 71.57 55.90 0.00 -0.9618 0.0635 0.0635
26975 71.53 55.90 0.00 -0.6503 0.9137 0.9137
27000 71.53 55.90 0.00 -0.6503 0.9137 0.9137
27025 71.55 55.87 0.00 1.0202 0.5334 0.5334
27050 71.58 55.80 0.00 0.4568 0.0305 0.0305
27075 71.58 55.80 0.00 0.4568 0.0305 0.0305
27100 71.58 55.72 0.00 -0.6908 0.2170 0.2170
27125 71.53 55.65 0.00 -1.5771 0.8329 0.8329
27150 71.49 55.53 0.00 0.0705 1.3086 1.3086
27175 71.49 55.53 0.00 0.0705 1.3086 1.3086
27200 71.53 55.37 0.00 1.3392 2.1785 2.1785
27225 71.58 55.19 0.00 1.2766 1.9070 1.9070
27250 71.58 55.19 0.00 1.2766 1.9070 1.9070
27275 71.62 55.10 0.00 0.2633 0.6537 0.6537
27300 71.58 55.03 0.00 -1.7843 0.8283 0.8283
27325 71.58 55.03 0.00 -1.7843 0.8283 0.8283
27350 71.47 54.94 0.00 -3.1492 0.7287 0.7287
27375 71.35 54.76 0.00 -2.3973 -0.5312 -0.5312
27400 71.35 54.76 0.00 -2.3973 -0.5312 -0.5312
27425 71.26 54.55 0.00 -2.6137 -0.8725 -0.8725
27450 71.13 54.28 0.00 -3.7092 -0.8333 -0.8333
27475 71.13 54.28 0.00 -3.7092 -0.8333 -0.8333
27500 71.00 53.99 0.00 -3.0008 0.6749 0.6749
27525 70.89 53.78 0.00 -2.0669 -0.0853 -0.0853
27550 70.82 53.66 0.00 -2.0947 -0.7770 -0.7770
27575 70.82 53.66 0.00 -2.0947 -0.7770 -0.7770
27600 70.73 53.59 0.00 -1.7564 -0.8979 -0.8979
27625 70.69 53.57 0.00 -1.1008 -0.7900 -0.7900
27650 70.69 53.57 0.00 -1.1008 -0.7900 -0.7900
27675 70.67 53.57 0.00 0.0872 -0.7422 -0.7422
27700 70.69 53.55 0.00 0.8465 -0.2622 -0.2622
27725 70.71 53.51 0.00 0.4951 0.2686 0.2686
27750 70.71 53.51 0.00 0.4951 0.2686 0.2686
27775 70.69 53.42 0.00 -0.8274 -0.1309 -0.1309
27800 70.69 53.42 0.00 -0.8274 -0.1309 -0.1309
27825 70.65 53.37 0.00 -1.2289 -0.5026 -0.5026
27850 70.58 53.32 0.00 -2.0237 -0.4464 -0.4464
27875 70.47 53.27 0.00 -3.0498 -0.5849 -0.5849
27900 70.35 53.16 0.00 -3.4296 -0.9073 -0.9073
27925 70.35 53.16 0.00 -3.4296 -0.9073 -0.9073
27950 70.18 53.02 0.00 -4.7536 -0.2996 -0.2996
27975 69.91 52.81 0.00 -7.5438 -1.2596 -1.2596
28000 69.91 52.81 0.00 -7.5438 -1.2596 -1.2596
28025 69.60 52.53 0.00 -7.9990 -0.6313 -0.6313
28050 69.26 52.16 0.00 -8.6468 -1.1992 -1.1992
28075 69.26 52.16 0.00 -8.6468 -1.1992 -1.1992
28100 68.90 51.64 0.00 -9.3851 -1.9150 -1.9150
28125 68.52 51.06 0.00 -9.7972 -1.3451 -1.3451
28150 68.16 50.44 0.00 -7.4719 0.2358 0.2358
28175 68.16 50.44 0.00 -7.4719 0.2358 0.2358
28200 67.99 49.78 0.00 -2.1681 2.3336 2.3336
28225 67.97 49.20 0.00 0.3063 1.2869 1.2869
28250 67.97 49.20 0.00 0.3063 1.2869 1.2869
28275 67.97 48.68 0.00 -0.6504 0.7336 0.7336
28300 67.88 48.18 0.00 -2.7412 0.7005 0.7005
28325 67.78 47.75 0.00 -2.7846 0.1420 0.1420
28350 67.78 47.75 0.00 -2.7846 0.1420 0.1420
28375 67.70 47.33 0.00 -1.3970 -1.0877 -1.0877
28400 67.70 47.33 0.00 -1.3970 -1.0877 -1.0877
28425 67.65 46.85 0.00 -1.1709 -0.6317 -0.6317
28450 67.61 46.43 0.00 -1.9492 -0.5542 -0.5542
28475 67.49 45.94 0.00 -2.8947 -0.9795 -0.9795
28500 67.49 45.94 0.00 -2.8947 -0.9795 -0.9795
28525 67.36 45.60 0.00 -3.2127 -1.0080 -1.0080
28550 67.20 45.30 0.00 -4.3738 -1.3759 -1.3759
28575 67.20 45.30 0.00 -4.3738 -1.3759 -1.3759
28600 67.02 44.92 0.00 -5.1896 -0.9110 -0.9110
28625 66.75 44.40 0.00 -7.1139 -0.2703 -0.2703
28650 66.75 44.40 0.00 -7.1139 -0.2703 -0.2703
28675 66.41 43.83 0.00 -9.6749 -1.9926 -1.9926
28700 65.95 43.17 0.00 -13.5180 -2.7328 -2.7328
28725 65.28 42.36 0.00 -18.4010 -3.2886 -3.2886
28750 65.28 42.36 0.00 -18.4010 -3.2886 -3.2886
28775 64.45 41.40 0.00 -22.2448 -5.0085 -5.0085
28800 64.45 41.40 0.00 -22.2448 -5.0085 -5.0085
28825 63.50 40.32 0.00 -24.3487 -5.7188 -5.7188
28850 62.51 39.15 0.00 -25.2218 -7.3301 -7.3301
28875 61.52 37.86 0.00 -24.2425 -6.5676 -6.5676
28900 60.56 36.51 0.00 -23.6759 -7.9558 -7.9558
28925 60.56 36.51 0.00 -23.6759 -7.9558 -7.9558
28950 59.66 35.21 0.00 -21.4404 -8.5085 -8.5085
28975 58.85 33.91 0.00 -19.2819 -7.8571 -7.8571
29000 58.85 33.91 0.00 -19.2819 -7.8571 -7.8571
29025 58.17 32.74 0.00 -16.4362 -6.8425 -6.8425
29050 57.55 31.78 0.00 -14.3928 -7.2550 -7.2550
29075 57.55 31.78 0.00 -14.3928 -7.2550 -7.2550
29100 57.05 30.93 0.00 -11.2675 -8.1055 -8.1055
29125 56.66 30.08 0.00 -9.2900 -8.1548 -8.1548
29150 56.66 30.08 0.00 -9.2900 -8.1548 -8.1548
29175 56.29 29.32 0.00 -8.8961 -7.5259 -7.5259
29200 55.98 28.68 0.00 -6.9215 -6.1980 -6.1980
29225 55.98 28.68 0.00 -6.9215 -6.1980 -6.1980
29250 55.80 28.20 0.00 -3.0721 -4.3786 -4.3786
29275 55.71 27.85 0.00 -1.7367 -2.9238 -2.9238
29300 55.71 27.85 0.00 -1.7367 -2.9238 -2.9238
29325 55.70 27.70 0.00 -0.4607 -0.7699 -0.7699
29350 55.73 27.62 0.00 1.6127 1.2868 1.2868
29375 55.82 27.76 0.00 2.4346 0.9287 0.9287
29400 55.92 27.99 0.00 2.7815 2.1382 2.1382
29425 55.92 27.99 0.00 2.7815 2.1382 2.1382
29450 56.01 28.26 0.00 1.8336 0.9214 0.9214
29475 56.10 28.51 0.00 2.2040 1.6516 1.6516
29500 56.10 28.51 0.00 2.2040 1.6516 1.6516
29525 56.19 28.74 0.00 1.7031 1.7239 1.7239
29550 56.26 28.89 0.00 2.3174 3.1626 3.1626
29575 56.26 28.89 0.00 2.3174 3.1626 3.1626
29600 56.34 28.99 0.00 1.7550 3.1111 3.1111
29625 56.36 29.12 0.00 -0.0505 1.2622 1.2622
29650 56.36 29.12 0.00 -0.0505 1.2622 1.2622
29675 56.31 29.26 0.00 -2.1360 -0.1082 -0.1082
29700 56.19 29.42 0.00 -4.4096 -1.8567 -1.8567
29725 56.19 29.42 0.00 -4.4096 -1.8567 -1.8567
29750 55.94 29.56 0.00 -6.4280 -3.3797 -3.3797
29775 55.66 29.66 0.00 -7.5580 -4.7676 -4.7676
29800 55.33 29.74 0.00 -9.2471 -6.6630 -6.6630
29825 55.33 29.74 0.00 -9.2471 -6.6630 -6.6630
29850 54.91 29.77 0.00 -11.1626 -8.2191 -8.2191
29875 54.40 29.83 0.00 -13.0400 -9.1493 -9.1493
29900 54.40 29.83 0.00 -13.0400 -9.1493 -9.1493
29925 53.88 29.91 0.00 -13.5461 -10.0468 -10.0468
29950 53.33 30.06 0.00 -12.9730 -10.1993 -10.1993
29975 52.81 30.19 0.00 -13.4088 -9.8081 -9.8081
30000 52.81 30.19 0.00 -13.4088 -9.8081 -9.8081
30025 52.27 30.31 0.00 -13.7433 -9.4746 -9.4746
30050 51.75 30.41 0.00 -12.4105 -8.1001 -8.1001
30075 51.75 30.41 0.00 -12.4105 -8.1001 -8.1001
30100 51.38 30.53 0.00 -12.7302 -8.9456 -8.9456
30125 50.87 30.76 0.00 -12.6921 -8.1317 -8.1317
30150 50.33 31.01 0.00 -13.7430 -9.1067 -9.1067
30175 50.33 31.01 0.00 -13.7430 -9.1067 -9.1067
30200 49.76 31.30 0.00 -15.0279 -9.5423 -9.5423
30225 49.11 31.62 0.00 -16.7647 -9.6620 -9.6620
30250 49.11 31.62 0.00 -16.7647 -9.6620 -9.6620
30275 48.41 31.94 0.00 -17.5317 -9.6996 -9.6996
30300 48.41 31.94 0.00 -17.5317 -9.6996 -9.6996
30325 47.73 32.22 0.00 -16.8976 -8.2004 -8.2004
30350 47.08 32.52 0.00 -15.2666 -7.2673 -7.2673
30375 46.56 32.89 0.00 -11.8281 -5.9602 -5.9602
30400 46.19 33.30 0.00 -7.6458 -4.0498 -4.0498
30425 46.19 33.30 0.00 -7.6458 -4.0498 -4.0498
30450 46.00 33.79 0.00 -3.1667 -3.6187 -3.6187
30475 45.93 34.34 0.00 -0.5654 -3.6814 -3.6814
30500 45.93 34.34 0.00 -0.5654 -3.6814 -3.6814
30525 45.95 34.82 0.00 1.2751 -2.2777 -2.2777
30550 46.04 35.20 0.00 2.4221 -0.9551 -0.9551
30575 46.04 35.20 0.00 2.4221 -0.9551 -0.9551
30600 46.14 35.50 0.00 2.4454 -1.1346 -1.1346
30625 46.23 35.76 0.00 2.1463 -0.4999 -0.4999
30650 46.23 35.76 0.00 2.1463 -0.4999 -0.4999
30675 46.30 36.02 0.00 1.8704 0.0332 0.0332
30700 46.37 36.34 0.00 1.5958 -0.0147 -0.0147
30725 46.46 36.67 0.00 2.5870 0.5388 0.5388
30750 46.46 36.67 0.00 2.5870 0.5388 0.5388
30775 46.60 36.93 0.00 4.1096 2.0691 2.0691
30800 46.75 37.18 0.00 3.2047 0.8710 0.8710
30825 46.75 37.18 0.00 3.2047 0.8710 0.8710
30850 46.80 37.36 0.00 1.7513 0.8159 0.8159
30875 46.84 37.57 0.00 0.1192 0.8087 0.8087
30900 46.84 37.57 0.00 0.1192 0.8087 0.8087
30925 46.82 37.77 0.00 -0.8000 -0.3028 -0.3028
30950 46.79 37.95 0.00 -0.5444 -0.7724 -0.7724
30975 46.75 38.17 0.00 -1.0904 -1.5127 -1.5127
31000 46.75 38.17 0.00 -1.0904 -1.5127 -1.5127
31025 46.74 38.43 0.00 -0.1062 0.7340 0.7340
31050 46.75 38.69 0.00 0.9375 0.1244 0.1244
31075 46.75 38.69 0.00 0.9375 0.1244 0.1244
31100 46.80 38.91 0.00 1.5334 0.5497 0.5497
31125 46.86 39.09 0.00 0.4839 1.0537 1.0537
31150 46.86 39.30 0.00 -0.0419 0.7851 0.7851
31175 46.86 39.30 0.00 -0.0419 0.7851 0.7851
31200 46.87 39.53 0.00 0.6897 0.0295 0.0295
31225 46.87 39.81 0.00 0.0466 -0.7678 -0.7678
31250 46.87 39.81 0.00 0.0466 -0.7678 -0.7678
31275 46.87 40.17 0.00 -0.3304 -1.6423 -1.6423
31300 46.87 40.17 0.00 -0.3304 -1.6423 -1.6423
31325 46.87 40.59 0.00 0.0947 -1.2831 -1.2831
31350 46.89 41.07 0.00 0.7280 -0.5252 -0.5252
31375 46.93 41.56 0.00 1.1941 0.5222 0.5222
31400 47.00 42.12 0.00 2.1693 1.5427 1.5427
31425 47.00 42.12 0.00 2.1693 1.5427 1.5427
31450 47.12 42.68 0.00 3.4387 2.7673 2.7673
31475 47.22 43.10 0.00 3.2665 1.8379 1.8379
31500 47.22 43.10 0.00 3.2665 1.8379 1.8379
31525 47.36 43.89 0.00 2.2599 1.7423 1.7423
31550 47.42 44.58 0.00 0.7650 1.2966 1.2966
31575 47.42 44.58 0.00 0.7650 1.2966 1.2966
31600 47.42 45.19 0.00 -0.0398 1.0730 1.0730
31625 47.42 45.58 0.00 -0.4106 1.0119 1.0119
31650 47.40 46.10 0.00 -0.2695 0.9983 0.9983
31675 47.40 46.10 0.00 -0.2695 0.9983 0.9983
31700 47.43 46.57 0.00 1.4367 1.9361 1.9361
31725 47.54 47.03 0.00 3.4821 1.4547 1.4547
31750 47.54 47.03 0.00 3.4821 1.4547 1.4547
31775 47.70 47.53 0.00 4.2287 1.1982 1.1982
31800 47.87 48.15 0.00 3.9585 0.8750 0.8750
31825 47.87 48.15 0.00 3.9585 0.8750 0.8750
31850 48.01 48.81 0.00 3.6778 1.1823 1.1823
31875 48.13 49.48 0.00 2.6076 1.1441 1.1441
31900 48.24 50.12 0.00 2.1898 1.1547 1.1547
31925 48.24 50.12 0.00 2.1898 1.1547 1.1547
