%#        Time[ms]        X[pixel],        Y[pixel],        Z[pixel],  dX/dt[pixel/s],  dY/dt[pixel/s],  dZ/dt[pixel/s] 
0 50.00 50.00 0.00 -0.0695 0.5282 0.5282
25 50.02 49.96 0.00 0.7849 0.9591 0.9591
50 50.05 50.00 0.00 0.8344 1.4298 1.4298
75 50.05 50.00 0.00 0.8344 1.4298 1.4298
100 50.09 50.05 0.00 0.7030 1.8891 1.8891
125 50.12 50.05 0.00 1.1950 1.4438 1.4438
150 50.12 50.05 0.00 1.1950 1.4438 1.4438
175 50.17 50.05 0.00 1.5540 0.7990 0.7990
200 50.24 50.02 0.00 1.0933 0.8392 0.8392
225 50.24 50.02 0.00 1.0933 0.8392 0.8392
250 50.26 49.98 0.00 0.1021 0.2035 0.2035
275 50.26 49.96 0.00 0.0469 -0.1033 -0.1033
300 50.26 49.96 0.00 0.0469 -0.1033 -0.1033
325 50.24 49.93 0.00 -0.3145 -0.3147 -0.3147
350 50.24 49.88 0.00 0.1964 -0.1959 -0.1959
375 50.30 49.89 0.00 1.5638 1.2046 1.2046
400 50.30 49.89 0.00 1.5638 1.2046 1.2046
425 50.33 49.96 0.00 0.1313 -0.9225 -0.9225
450 50.28 50.07 0.00 -1.9393 -0.1337 -0.1337
475 50.28 50.07 0.00 -1.9393 -0.1337 -0.1337
500 50.09 50.11 0.00 -7.0436 -0.7016 -0.7016
525 49.72 50.09 0.00 -10.7265 -2.9024 -2.9024
550 49.21 49.96 0.00 -14.0862 -6.2346 -6.2346
575 49.21 49.96 0.00 -14.0862 -6.2346 -6.2346
600 48.53 49.77 0.00 -18.2351 -4.2996 -4.2996
625 47.78 49.59 0.00 -18.4878 -4.7216 -4.7216
650 47.78 49.59 0.00 -18.4878 -4.7216 -4.7216
675 47.21 49.51 0.00 -11.1173 -7.3763 -7.3763
700 46.91 49.54 0.00 -6.1480 -7.0588 -7.0588
725 46.75 49.59 0.00 -4.2196 -4.4237 -4.4237
750 46.75 49.59 0.00 -4.2196 -4.4237 -4.4237
775 46.68 49.63 0.00 -0.2111 -3.1734 -3.1734
800 46.68 49.63 0.00 -0.2111 -3.1734 -3.1734
825 46.70 49.59 0.00 0.3175 -2.5263 -2.5263
850 46.68 49.54 0.00 -1.4581 -1.1460 -1.1460
875 46.68 49.54 0.00 -1.4581 -1.1460 -1.1460
900 46.60 49.49 0.00 -2.2841 -1.7061 -1.7061
925 46.47 49.43 0.00 -3.6897 -3.3092 -3.3092
950 46.25 49.38 0.00 -6.9567 -1.6141 -1.6141
975 45.98 49.35 0.00 -5.9131 -1.9397 -1.9397
1000 45.98 49.35 0.00 -5.9131 -1.9397 -1.9397
1025 45.72 49.33 0.00 -7.0759 -0.3566 -0.3566
1050 45.34 49.34 0.00 -11.2059 0.1285 0.1285
1075 45.34 49.34 0.00 -11.2059 0.1285 0.1285
1100 44.92 49.34 0.00 -9.6670 -2.6744 -2.6744
1125 44.50 49.32 0.00 -10.9722 -2.6533 -2.6533
1150 44.50 49.32 0.00 -10.9722 -2.6533 -2.6533
1175 44.06 49.25 0.00 -10.4392 -2.6882 -2.6882
1200 43.69 49.23 0.00 -9.1598 -5.4548 -5.4548
1225 43.69 49.23 0.00 -9.1598 -5.4548 -5.4548
1250 43.29 49.18 0.00 -10.3072 -4.1599 -4.1599
1275 42.90 49.05 0.00 -9.2453 -3.8552 -3.8552
1300 42.59 48.94 0.00 -7.4460 -5.6641 -5.6641
1325 42.59 48.94 0.00 -7.4460 -5.6641 -5.6641
1350 42.27 48.85 0.00 -9.0785 -4.7074 -4.7074
1375 41.85 48.78 0.00 -10.8770 -4.4030 -4.4030
1400 41.85 48.78 0.00 -10.8770 -4.4030 -4.4030
1425 41.44 48.71 0.00 -10.1378 -5.6471 -5.6471
1450 40.99 48.60 0.00 -12.0162 -4.8156 -4.8156
1475 40.64 48.51 0.00 -10.9422 -5.5466 -5.5466
1500 40.64 48.51 0.00 -10.9422 -5.5466 -5.5466
1525 40.19 48.38 0.00 -11.8622 -7.1956 -7.1956
1550 39.65 48.24 0.00 -14.2047 -6.7554 -6.7554
1575 39.65 48.24 0.00 -14.2047 -6.7554 -6.7554
1600 39.15 48.11 0.00 -11.4730 -7.7221 -7.7221
1625 38.66 47.94 0.00 -13.5376 -8.1134 -8.1134
1650 38.66 47.94 0.00 -13.5376 -8.1134 -8.1134
1675 38.09 47.78 0.00 -13.4324 -6.7884 -6.7884
1700 37.60 47.68 0.00 -12.2569 -5.9756 -5.9756
1725 37.17 47.64 0.00 -8.5875 -5.6084 -5.6084
1750 37.17 47.64 0.00 -8.5875 -5.6084 -5.6084
1775 36.85 47.53 0.00 -9.0561 -4.6307 -4.6307
1800 36.50 47.35 0.00 -7.8491 -3.7367 -3.7367
1825 36.50 47.35 0.00 -7.8491 -3.7367 -3.7367
1850 36.28 47.17 0.00 -4.1668 -5.5682 -5.5682
1875 36.09 46.87 0.00 -5.2402 -3.2895 -3.2895
1900 36.09 46.87 0.00 -5.2402 -3.2895 -3.2895
1925 35.86 46.54 0.00 -6.1929 -1.6591 -1.6591
1950 35.64 46.27 0.00 -4.0966 -2.7640 -2.7640
1975 35.48 46.02 0.00 -3.8936 -1.8310 -1.8310
2000 35.48 46.02 0.00 -3.8936 -1.8310 -1.8310
2025 35.36 45.81 0.00 -2.4326 -0.0796 -0.0796
2050 35.30 45.61 0.00 -1.5357 -1.3852 -1.3852
2075 35.30 45.61 0.00 -1.5357 -1.3852 -1.3852
2100 35.20 45.45 0.00 -3.1295 -2.0216 -2.0216
2125 35.09 45.30 0.00 -3.8394 -1.9692 -1.9692
2150 34.88 45.12 0.00 -6.3244 -2.0100 -2.0100
2175 34.88 45.12 0.00 -6.3244 -2.0100 -2.0100
2200 34.61 44.92 0.00 -6.9486 -3.7650 -3.7650
2225 34.32 44.77 0.00 -6.9836 -3.7474 -3.7474
2250 34.32 44.77 0.00 -6.9836 -3.7474 -3.7474
2275 34.04 44.57 0.00 -7.4635 -4.2838 -4.2838
2300 33.75 44.35 0.00 -7.3703 -2.8804 -2.8804
2325 33.75 44.35 0.00 -7.3703 -2.8804 -2.8804
2350 33.43 44.25 0.00 -8.1022 -4.4125 -4.4125
2375 33.12 44.21 0.00 -7.2712 -3.5345 -3.5345
2400 33.12 44.21 0.00 -7.2712 -3.5345 -3.5345
2425 32.87 44.13 0.00 -5.6239 -5.3444 -5.3444
2450 32.66 44.04 0.00 -5.6556 -4.5643 -4.5643
2475 32.66 44.04 0.00 -5.6556 -4.5643 -4.5643
2500 32.42 43.85 0.00 -5.6783 -5.1436 -5.1436
2525 32.26 43.61 0.00 -3.2473 -2.5846 -2.5846
2550 32.12 43.30 0.00 -3.8946 -2.8151 -2.8151
2575 32.12 43.30 0.00 -3.8946 -2.8151 -2.8151
2600 31.99 43.07 0.00 -2.7889 -2.2545 -2.2545
2625 31.81 42.90 0.00 -6.0816 -2.5130 -2.5130
2650 31.81 42.90 0.00 -6.0816 -2.5130 -2.5130
2675 31.50 42.71 0.00 -8.8733 -3.9248 -3.9248
2700 31.16 42.50 0.00 -8.2081 -4.8716 -4.8716
2725 30.82 42.26 0.00 -8.6622 -4.2730 -4.2730
2750 30.82 42.26 0.00 -8.6622 -4.2730 -4.2730
2775 30.47 42.00 0.00 -8.4189 -5.6148 -5.6148
2800 30.13 41.64 0.00 -9.2705 -5.1823 -5.1823
2825 30.13 41.64 0.00 -9.2705 -5.1823 -5.1823
2850 29.76 41.23 0.00 -8.6196 -4.1087 -4.1087
2875 29.44 40.84 0.00 -7.9012 -3.7903 -3.7903
2900 29.15 40.46 0.00 -6.2270 -3.0740 -3.0740
2925 29.15 40.46 0.00 -6.2270 -3.0740 -3.0740
2950 28.94 40.16 0.00 -4.5123 -2.8441 -2.8441
2975 28.84 40.01 0.00 -2.6424 -3.3673 -3.3673
3000 28.84 40.01 0.00 -2.6424 -3.3673 -3.3673
3025 28.76 39.86 0.00 -1.7715 -2.1895 -2.1895
3050 28.73 39.79 0.00 -0.9123 -1.9697 -1.9697
3075 28.73 39.79 0.00 -0.9123 -1.9697 -1.9697
3100 28.69 39.70 0.00 -0.7581 -0.5789 -0.5789
3125 28.67 39.60 0.00 -0.6445 -2.9095 -2.9095
3150 28.67 39.60 0.00 -0.6445 -2.9095 -2.9095
3175 28.63 39.44 0.00 -1.5960 -1.9858 -1.9858
3200 28.53 39.18 0.00 -2.9355 -1.3053 -1.3053
3225 28.47 38.92 0.00 -0.0232 0.3351 0.3351
3250 28.47 38.92 0.00 -0.0232 0.3351 0.3351
3275 28.58 38.74 0.00 4.2649 1.8743 1.8743
3300 28.82 38.58 0.00 6.8398 1.9949 1.9949
3325 28.82 38.58 0.00 6.8398 1.9949 1.9949
3350 29.05 38.46 0.00 5.1542 2.5260 2.5260
3375 29.24 38.28 0.00 4.7803 2.3523 2.3523
3400 29.42 38.09 0.00 3.8563 0.7003 0.7003
3425 29.42 38.09 0.00 3.8563 0.7003 0.7003
3450 29.55 37.94 0.00 2.8119 0.7649 0.7649
3475 29.55 37.94 0.00 2.8119 0.7649 0.7649
3500 29.67 37.84 0.00 3.4764 2.3006 2.3006
3525 29.91 37.72 0.00 8.0693 2.6073 2.6073
3550 30.31 37.62 0.00 11.2261 5.9249 5.9249
3575 30.31 37.62 0.00 11.2261 5.9249 5.9249
3600 30.80 37.57 0.00 12.6832 5.5851 5.5851
3625 31.25 37.55 0.00 9.7021 5.3452 5.3452
3650 31.25 37.55 0.00 9.7021 5.3452 5.3452
3675 31.52 37.54 0.00 4.9004 3.9752 3.9752
3700 31.61 37.52 0.00 1.3704 3.0597 3.0597
3725 31.61 37.52 0.00 1.3704 3.0597 3.0597
3750 31.63 37.45 0.00 0.2362 1.9244 1.9244
3775 31.63 37.32 0.00 -0.1369 2.4342 2.4342
3800 31.63 37.15 0.00 -0.1571 2.7341 2.7341
3825 31.63 37.15 0.00 -0.1571 2.7341 2.7341
3850 31.61 37.06 0.00 0.0619 2.6971 2.6971
3875 31.70 36.99 0.00 3.2347 2.4034 2.4034
3900 31.81 36.94 0.00 1.9627 1.9847 1.9847
3925 31.81 36.94 0.00 1.9627 1.9847 1.9847
3950 31.83 36.88 0.00 -0.1729 0.6649 0.6649
3975 31.81 36.83 0.00 -1.1260 -0.1655 -0.1655
4000 31.81 36.83 0.00 -1.1260 -0.1655 -0.1655
4025 31.75 36.68 0.00 -0.8817 -0.8465 -0.8465
4050 31.70 36.51 0.00 -1.8501 -1.6795 -1.6795
4075 31.63 36.40 0.00 -1.7528 -1.9059 -1.9059
4100 31.63 36.40 0.00 -1.7528 -1.9059 -1.9059
4125 31.59 36.30 0.00 -0.4331 -1.4696 -1.4696
4150 31.57 36.23 0.00 0.0173 -0.4615 -0.4615
4175 31.57 36.23 0.00 0.0173 -0.4615 -0.4615
4200 31.61 36.14 0.00 1.2852 1.3578 1.3578
4225 31.66 36.10 0.00 1.8082 -0.1721 -0.1721
4250 31.66 36.10 0.00 1.8082 -0.1721 -0.1721
4275 31.70 36.11 0.00 0.1214 0.3801 0.3801
4300 31.68 36.07 0.00 -0.8031 -1.2035 -1.2035
4325 31.68 36.07 0.00 -0.8031 -1.2035 -1.2035
4350 31.63 35.99 0.00 -1.3849 -0.8713 -0.8713
4375 31.61 35.94 0.00 0.3793 -0.2555 -0.2555
4400 31.68 35.77 0.00 2.2081 -0.3342 -0.3342
4425 31.68 35.77 0.00 2.2081 -0.3342 -0.3342
4450 31.79 35.54 0.00 3.4542 1.9259 1.9259
4475 32.01 35.34 0.00 6.6237 2.7539 2.7539
4500 32.01 35.34 0.00 6.6237 2.7539 2.7539
4525 32.31 35.17 0.00 8.1639 4.5262 4.5262
4550 32.67 34.99 0.00 8.9613 4.9438 4.9438
4575 32.67 34.99 0.00 8.9613 4.9438 4.9438
4600 32.96 34.86 0.00 9.9953 6.1451 6.1451
4625 33.37 34.70 0.00 10.7154 6.4861 6.4861
4650 33.86 34.56 0.00 13.4527 5.8332 5.8332
4675 33.86 34.56 0.00 13.4527 5.8332 5.8332
4700 34.39 34.43 0.00 12.4725 6.6881 6.6881
4725 34.82 34.29 0.00 9.8972 5.4397 5.4397
4750 34.82 34.29 0.00 9.8972 5.4397 5.4397
4775 35.14 34.28 0.00 6.7410 4.9263 4.9263
4800 35.14 34.28 0.00 6.7410 4.9263 4.9263
4825 35.30 34.29 0.00 2.9069 4.4405 4.4405
4850 35.39 34.31 0.00 1.7453 3.3832 3.3832
4875 35.50 34.30 0.00 3.4300 3.8829 3.8829
4900 35.63 34.30 0.00 3.0104 3.2908 3.2908
4925 35.63 34.30 0.00 3.0104 3.2908 3.2908
4950 35.73 34.45 0.00 2.3376 2.3108 2.3108
4975 35.86 34.64 0.00 3.7668 1.4367 1.4367
5000 35.86 34.64 0.00 3.7668 1.4367 1.4367
5025 36.02 34.81 0.00 3.9031 1.1678 1.1678
5050 36.16 35.00 0.00 3.4524 0.7885 0.7885
5075 36.16 35.00 0.00 3.4524 0.7885 0.7885
5100 36.28 35.19 0.00 2.7286 0.1391 0.1391
5125 36.41 35.32 0.00 3.5592 3.1930 3.1930
5150 36.59 35.53 0.00 5.3158 3.1302 3.1302
5175 36.59 35.53 0.00 5.3158 3.1302 3.1302
5200 36.85 35.75 0.00 7.7852 4.1381 4.1381
5225 37.23 35.97 0.00 9.7068 4.8562 4.8562
5250 37.23 35.97 0.00 9.7068 4.8562 4.8562
5275 37.62 36.18 0.00 9.8878 5.7059 5.7059
5300 38.06 36.35 0.00 11.4340 6.8707 6.8707
5325 38.06 36.35 0.00 11.4340 6.8707 6.8707
5350 38.50 36.45 0.00 10.9146 6.5377 6.5377
5375 38.89 36.52 0.00 8.8042 7.0054 7.0054
5400 39.12 36.50 0.00 7.6849 6.8936 6.8936
5425 39.12 36.50 0.00 7.6849 6.8936 6.8936
5450 39.44 36.48 0.00 7.4639 5.9615 5.9615
5475 39.72 36.44 0.00 6.9738 5.4802 5.4802
5500 39.72 36.44 0.00 6.9738 5.4802 5.4802
5525 39.97 36.41 0.00 6.0542 6.2715 6.2715
5550 40.23 36.38 0.00 7.1339 4.9397 4.9397
5575 40.56 36.33 0.00 8.7077 7.3499 7.3499
5600 40.56 36.33 0.00 8.7077 7.3499 7.3499
5625 40.92 36.39 0.00 8.7865 6.8118 6.8118
5650 41.27 36.55 0.00 8.8340 6.4819 6.4819
5675 41.27 36.55 0.00 8.8340 6.4819 6.4819
5700 41.59 36.70 0.00 6.9975 5.3830 5.3830
5725 41.80 36.88 0.00 5.1734 4.2001 4.2001
5750 41.80 36.88 0.00 5.1734 4.2001 4.2001
5775 42.01 37.09 0.00 4.9858 4.4156 4.4156
5800 42.24 37.25 0.00 6.1659 3.7633 3.7633
5825 42.24 37.25 0.00 6.1659 3.7633 3.7633
5850 42.52 37.37 0.00 7.2839 4.8933 4.8933
5875 42.80 37.53 0.00 6.9563 5.5773 5.5773
5900 43.11 37.76 0.00 8.6997 6.6882 6.6882
5925 43.11 37.76 0.00 8.6997 6.6882 6.6882
5950 43.52 38.00 0.00 10.8807 7.3395 7.3395
5975 44.02 38.24 0.00 14.1242 8.3469 8.3469
6000 44.02 38.24 0.00 14.1242 8.3469 8.3469
6025 44.67 38.44 0.00 16.9069 9.9123 9.9123
6050 45.35 38.63 0.00 17.0171 11.4791 11.4791
6075 45.84 38.76 0.00 16.0732 11.4162 11.4162
6100 45.84 38.76 0.00 16.0732 11.4162 11.4162
6125 46.46 38.91 0.00 14.4417 11.5321 11.5321
6150 46.98 39.04 0.00 12.4140 11.1658 11.1658
6175 46.98 39.04 0.00 12.4140 11.1658 11.1658
6200 47.47 39.22 0.00 12.2718 10.7407 10.7407
6225 47.47 39.22 0.00 12.2718 10.7407 10.7407
6250 47.94 39.42 0.00 11.7264 11.8234 11.8234
6275 48.39 39.56 0.00 10.5583 9.6296 9.6296
6300 48.80 39.65 0.00 10.3450 10.3420 10.3420
6325 48.80 39.65 0.00 10.3450 10.3420 10.3420
6350 49.21 39.80 0.00 10.4192 9.1869 9.1869
6375 49.62 40.00 0.00 9.3247 7.8829 7.8829
6400 49.90 40.21 0.00 5.7901 7.5401 7.5401
6425 49.90 40.21 0.00 5.7901 7.5401 7.5401
6450 50.09 40.46 0.00 4.0511 4.5281 4.5281
6475 50.24 40.68 0.00 3.7863 4.5610 4.5610
6500 50.24 40.68 0.00 3.7863 4.5610 4.5610
6525 50.42 40.84 0.00 5.4502 3.4775 3.4775
6550 50.70 40.91 0.00 7.6618 5.8761 5.8761
6575 50.70 40.91 0.00 7.6618 5.8761 5.8761
6600 51.01 41.02 0.00 7.7464 6.1741 6.1741
6625 51.31 41.16 0.00 7.7869 6.4732 6.4732
6650 51.64 41.37 0.00 8.2789 6.5637 6.5637
6675 51.64 41.37 0.00 8.2789 6.5637 6.5637
6700 51.97 41.62 0.00 8.3718 6.0566 6.0566
6725 52.32 41.85 0.00 9.0661 5.1232 5.1232
6750 52.32 41.85 0.00 9.0661 5.1232 5.1232
6775 52.69 42.07 0.00 8.8926 5.6412 5.6412
6800 52.69 42.07 0.00 8.8926 5.6412 5.6412
6825 53.02 42.24 0.00 7.9560 6.2388 6.2388
6850 53.37 42.44 0.00 9.4021 5.8523 5.8523
6875 53.75 42.65 0.00 9.2336 5.3817 5.3817
6900 53.75 42.65 0.00 9.2336 5.3817 5.3817
6925 54.07 42.88 0.00 7.4624 4.6936 4.6936
6950 54.28 43.11 0.00 7.0695 4.6228 4.6228
6975 54.28 43.11 0.00 7.0695 4.6228 4.6228
7000 54.54 43.39 0.00 6.5396 4.3373 4.3373
7025 54.84 43.69 0.00 7.3832 5.3066 5.3066
7050 55.10 44.05 0.00 6.7713 4.9669 4.9669
7075 55.10 44.05 0.00 6.7713 4.9669 4.9669
7100 55.43 44.45 0.00 9.5294 5.7205 5.7205
7125 55.92 44.80 0.00 13.5310 7.4448 7.4448
7150 55.92 44.80 0.00 13.5310 7.4448 7.4448
7175 56.50 45.17 0.00 14.7042 8.1478 8.1478
7200 57.10 45.54 0.00 15.0697 7.6672 7.6672
7225 57.10 45.54 0.00 15.0697 7.6672 7.6672
7250 57.69 45.83 0.00 15.1328 9.4966 9.4966
7275 58.36 46.15 0.00 17.7792 11.7865 11.7865
7300 59.17 46.55 0.00 21.9776 13.5006 13.5006
7325 59.17 46.55 0.00 21.9776 13.5006 13.5006
7350 60.05 47.00 0.00 21.1623 15.5052 15.5052
7375 60.83 47.54 0.00 18.4953 16.0357 16.0357
7400 61.52 48.10 0.00 16.1146 12.2773 12.2773
7425 61.52 48.10 0.00 16.1146 12.2773 12.2773
7450 62.03 48.36 0.00 10.9798 11.8271 11.8271
7475 62.37 48.55 0.00 7.1228 11.2604 11.2604
7500 62.37 48.55 0.00 7.1228 11.2604 11.2604
7525 62.65 48.78 0.00 7.0138 9.9677 9.9677
7550 62.92 49.11 0.00 6.2945 8.9222 8.9222
7575 62.92 49.11 0.00 6.2945 8.9222 8.9222
7600 63.17 49.45 0.00 6.7073 9.2196 9.2196
7625 63.43 49.71 0.00 5.3688 9.3859 9.3859
7650 63.43 49.71 0.00 5.3688 9.3859 9.3859
7675 63.59 50.15 0.00 4.5362 7.6767 7.6767
7700 63.84 50.33 0.00 6.7001 8.1347 8.1347
7725 64.02 50.54 0.00 5.3414 8.8659 8.8659
7750 64.02 50.54 0.00 5.3414 8.8659 8.8659
7775 64.23 50.85 0.00 6.4300 8.8461 8.8461
7800 64.61 51.06 0.00 10.3216 8.2394 8.2394
7825 64.61 51.06 0.00 10.3216 8.2394 8.2394
7850 65.03 51.24 0.00 9.9755 8.5990 8.5990
7875 65.41 51.43 0.00 9.1976 8.7828 8.7828
7900 65.71 51.58 0.00 6.6728 9.0844 9.0844
7925 65.71 51.58 0.00 6.6728 9.0844 9.0844
7950 66.07 51.79 0.00 10.6846 10.0970 10.0970
7975 66.54 52.02 0.00 12.6542 15.3213 15.3213
8000 66.54 52.02 0.00 12.6542 15.3213 15.3213
8025 67.15 52.18 0.00 17.0795 16.1814 16.1814
8050 67.81 52.26 0.00 15.6040 15.5041 15.5041
8075 67.81 52.26 0.00 15.6040 15.5041 15.5041
8100 68.37 52.36 0.00 13.3640 15.6500 15.6500
8125 68.93 52.57 0.00 14.2275 15.1884 15.1884
8150 68.93 52.57 0.00 14.2275 15.1884 15.1884
8175 69.44 52.91 0.00 11.8003 15.4087 15.4087
8200 69.87 53.33 0.00 10.1107 14.1641 14.1641
8225 69.87 53.33 0.00 10.1107 14.1641 14.1641
8250 70.31 53.83 0.00 12.2967 13.6498 13.6498
8275 71.00 54.32 0.00 20.0779 9.5376 9.5376
8300 71.99 54.89 0.00 26.9946 6.4056 6.4056
8325 71.99 54.89 0.00 26.9946 6.4056 6.4056
8350 73.07 55.46 0.00 27.4625 3.0834 3.0834
8375 74.16 56.12 0.00 25.6278 3.5137 3.5137
8400 74.16 56.12 0.00 25.6278 3.5137 3.5137
8425 74.91 56.73 0.00 26.2816 5.2918 5.2918
8450 75.99 57.89 0.00 26.7701 1.2629 1.2629
8475 75.99 57.89 0.00 26.7701 1.2629 1.2629
8500 77.11 59.12 0.00 29.2390 0.5466 0.5466
8525 78.35 60.07 0.00 33.5212 1.8707 1.8707
8550 79.83 60.70 0.00 36.4493 -1.8136 -1.8136
8575 79.83 60.70 0.00 36.4493 -1.8136 -1.8136
8600 81.26 61.20 0.00 36.2557 -4.6816 -4.6816
8625 82.88 61.49 0.00 43.3550 -9.6422 -9.6422
8650 82.88 61.49 0.00 43.3550 -9.6422 -9.6422
8675 84.63 61.84 0.00 43.0034 -12.4323 -12.4323
8700 86.28 62.16 0.00 41.1649 -10.0388 -10.0388
8725 87.79 62.45 0.00 33.1103 -11.6749 -11.6749
8750 87.79 62.45 0.00 33.1103 -11.6749 -11.6749
8775 88.93 62.73 0.00 27.4328 -6.1361 -6.1361
8800 89.98 62.96 0.00 22.7776 -5.8338 -5.8338
8825 89.98 62.96 0.00 22.7776 -5.8338 -5.8338
8850 90.65 63.05 0.00 13.6436 -1.8224 -1.8224
8875 91.07 63.04 0.00 8.5104 -0.5567 -0.5567
8900 91.36 62.99 0.00 7.2354 2.1427 2.1427
8925 91.36 62.99 0.00 7.2354 2.1427 2.1427
8950 91.65 63.08 0.00 7.3584 2.4597 2.4597
8975 91.93 63.27 0.00 6.0091 1.9169 1.9169
9000 91.93 63.27 0.00 6.0091 1.9169 1.9169
9025 92.12 63.43 0.00 4.7960 1.7111 1.7111
9050 92.12 63.43 0.00 4.7960 1.7111 1.7111
9075 92.41 63.65 0.00 8.2699 -0.4816 -0.4816
9100 92.63 63.86 0.00 4.0647 1.2943 1.2943
9125 92.82 64.09 0.00 4.5671 1.4392 1.4392
9150 92.82 64.09 0.00 4.5671 1.4392 1.4392
9175 92.96 64.33 0.00 3.1176 4.1504 4.1504
9200 93.05 64.60 0.00 1.6287 2.9825 2.9825
9225 93.05 64.60 0.00 1.6287 2.9825 2.9825
9250 93.09 64.87 0.00 0.9221 1.6375 1.6375
9275 93.11 65.13 0.00 1.0978 0.3778 0.3778
9300 93.25 65.37 0.00 6.5141 0.8757 0.8757
9325 93.25 65.37 0.00 6.5141 0.8757 0.8757
9350 93.56 65.63 0.00 7.5467 2.8738 2.8738
9375 93.83 65.92 0.00 5.5521 4.6528 4.6528
9400 93.83 65.92 0.00 5.5521 4.6528 4.6528
9425 93.90 66.27 0.00 -1.4411 5.2148 5.2148
9450 93.73 66.63 0.00 -5.2262 2.5042 2.5042
9475 93.73 66.63 0.00 -5.2262 2.5042 2.5042
9500 93.38 66.81 0.00 -10.0910 0.7256 0.7256
9525 92.96 66.91 0.00 -10.7373 -2.2765 -2.2765
9550 92.45 66.87 0.00 -14.8678 -2.7278 -2.7278
9575 92.45 66.87 0.00 -14.8678 -2.7278 -2.7278
9600 91.89 66.70 0.00 -13.0311 -6.7410 -6.7410
9625 91.40 66.49 0.00 -11.0954 -4.7203 -4.7203
9650 91.40 66.49 0.00 -11.0954 -4.7203 -4.7203
9675 91.01 66.25 0.00 -9.7040 -1.9582 -1.9582
9700 90.57 65.95 0.00 -12.5135 0.3076 0.3076
9725 90.57 65.95 0.00 -12.5135 0.3076 0.3076
9750 90.00 65.65 0.00 -15.7609 -1.7207 -1.7207
9775 89.31 65.32 0.00 -17.0974 -6.7349 -6.7349
9800 88.55 64.98 0.00 -20.9715 -9.8527 -9.8527
9825 88.55 64.98 0.00 -20.9715 -9.8527 -9.8527
9850 87.73 64.62 0.00 -19.2895 -10.2409 -10.2409
9875 87.09 64.30 0.00 -13.4217 -9.7438 -9.7438
9900 87.09 64.30 0.00 -13.4217 -9.7438 -9.7438
9925 86.73 64.03 0.00 -7.1377 -7.4622 -7.4622
9950 86.50 63.80 0.00 -5.7617 -2.8440 -2.8440
9975 86.30 63.67 0.00 -4.2660 -0.0114 -0.0114
10000 86.30 63.67 0.00 -4.2660 -0.0114 -0.0114
10025 86.14 63.63 0.00 -3.6157 0.0682 0.0682
10050 85.92 63.62 0.00 -6.5188 2.2364 2.2364
10075 85.92 63.62 0.00 -6.5188 2.2364 2.2364
10100 85.75 63.68 0.00 -5.5411 1.6602 1.6602
10125 85.53 63.82 0.00 -6.4375 -1.3133 -1.3133
10150 85.53 63.82 0.00 -6.4375 -1.3133 -1.3133
10175 85.10 63.98 0.00 -12.3446 -1.5518 -1.5518
10200 85.10 63.98 0.00 -12.3446 -1.5518 -1.5518
10225 84.61 64.15 0.00 -11.8857 -0.2955 -0.2955
10250 84.20 64.33 0.00 -9.4235 0.6300 0.6300
10275 83.91 64.60 0.00 -5.8934 0.1040 0.1040
10300 83.61 64.98 0.00 -9.1673 -1.4840 -1.4840
10325 83.61 64.98 0.00 -9.1673 -1.4840 -1.4840
10350 83.25 65.49 0.00 -8.9440 -2.5348 -2.5348
10375 82.92 66.06 0.00 -6.9975 -2.5752 -2.5752
10400 82.92 66.06 0.00 -6.9975 -2.5752 -2.5752
10425 82.72 66.77 0.00 -2.8338 -1.4692 -1.4692
10450 82.69 67.62 0.00 -0.9584 -3.9315 -3.9315
10475 82.69 67.62 0.00 -0.9584 -3.9315 -3.9315
10500 82.59 68.40 0.00 -3.7324 -1.4472 -1.4472
10525 82.45 69.10 0.00 -2.2509 -3.0511 -3.0511
10550 82.38 69.79 0.00 -1.8691 -3.2408 -3.2408
10575 82.38 69.79 0.00 -1.8691 -3.2408 -3.2408
10600 82.32 70.29 0.00 -0.8322 -1.2619 -1.2619
10625 82.32 70.29 0.00 -0.8322 -1.2619 -1.2619
10650 82.34 70.65 0.00 1.3524 0.8796 0.8796
10675 82.41 70.91 0.00 2.0817 0.9080 0.9080
10700 82.47 71.10 0.00 0.3463 1.0447 1.0447
10725 82.47 71.10 0.00 0.3463 1.0447 1.0447
10750 82.41 71.27 0.00 -2.6144 2.1002 2.1002
10775 82.34 71.36 0.00 -1.3906 -0.5354 -0.5354
10800 82.34 71.36 0.00 -1.3906 -0.5354 -0.5354
10825 82.18 71.42 0.00 -5.6339 0.1914 0.1914
10850 81.97 71.41 0.00 -7.1226 0.0485 0.0485
10875 81.65 71.31 0.00 -10.0625 -0.3232 -0.3232
10900 81.65 71.31 0.00 -10.0625 -0.3232 -0.3232
10925 81.09 71.12 0.00 -14.8285 -2.5966 -2.5966
10950 80.52 70.89 0.00 -14.5634 -4.8555 -4.8555
10975 80.52 70.89 0.00 -14.5634 -4.8555 -4.8555
11000 79.89 70.68 0.00 -16.0489 -4.3125 -4.3125
11025 79.28 70.49 0.00 -14.8353 -3.9749 -3.9749
11050 78.67 70.32 0.00 -14.8557 -4.4019 -4.4019
11075 78.67 70.32 0.00 -14.8557 -4.4019 -4.4019
11100 78.15 70.24 0.00 -11.8224 -8.5512 -8.5512
11125 77.68 70.21 0.00 -11.9567 -9.0863 -9.0863
11150 77.21 70.14 0.00 -11.5755 -7.3822 -7.3822
11175 77.21 70.14 0.00 -11.5755 -7.3822 -7.3822
11200 76.74 70.05 0.00 -11.5951 -6.4818 -6.4818
11225 76.33 70.00 0.00 -9.2352 -4.0860 -4.0860
11250 76.33 70.00 0.00 -9.2352 -4.0860 -4.0860
11275 76.05 69.97 0.00 -5.4028 -4.9410 -4.9410
11300 75.97 70.02 0.00 0.7413 -4.3544 -4.3544
11325 75.97 70.02 0.00 0.7413 -4.3544 -4.3544
11350 75.95 70.04 0.00 -2.2979 -2.3607 -2.3607
11375 75.95 70.04 0.00 -2.2979 -2.3607 -2.3607
11400 75.84 70.09 0.00 -1.7403 -1.3435 -1.3435
11425 75.82 70.18 0.00 -0.4343 -1.1147 -1.1147
11450 75.77 70.29 0.00 -1.8316 -0.5652 -0.5652
11475 75.77 70.29 0.00 -1.8316 -0.5652 -0.5652
11500 75.69 70.34 0.00 -2.2457 -0.0772 -0.0772
11525 75.60 70.34 0.00 -2.2672 -0.5105 -0.5105
11550 75.60 70.34 0.00 -2.2672 -0.5105 -0.5105
11575 75.53 70.30 0.00 -2.7445 -0.4015 -0.4015
11600 75.38 70.22 0.00 -4.5412 -0.3544 -0.3544
11625 75.14 70.11 0.00 -7.5594 -0.3154 -0.3154
11650 75.14 70.11 0.00 -7.5594 -0.3154 -0.3154
11675 74.77 69.93 0.00 -10.3483 -0.3422 -0.3422
11700 74.30 69.71 0.00 -11.9301 -1.3141 -1.3141
11725 73.82 69.45 0.00 -12.4190 -1.5435 -1.5435
11750 73.82 69.45 0.00 -12.4190 -1.5435 -1.5435
11775 73.34 69.27 0.00 -11.2976 -4.3314 -4.3314
11800 72.87 69.07 0.00 -13.1913 -4.8968 -4.8968
11825 72.87 69.07 0.00 -13.1913 -4.8968 -4.8968
11850 72.32 68.84 0.00 -12.5511 -6.7504 -6.7504
11875 71.88 68.59 0.00 -11.5138 -7.7128 -7.7128
11900 71.38 68.36 0.00 -12.8075 -6.3062 -6.3062
11925 71.38 68.36 0.00 -12.8075 -6.3062 -6.3062
11950 70.91 68.16 0.00 -10.3126 -6.7017 -6.7017
11975 70.58 67.91 0.00 -7.3627 -6.1013 -6.1013
12000 70.58 67.91 0.00 -7.3627 -6.1013 -6.1013
12025 70.31 67.73 0.00 -6.1429 -5.9863 -5.9863
12050 70.07 67.56 0.00 -6.4910 -4.4951 -4.4951
12075 70.07 67.56 0.00 -6.4910 -4.4951 -4.4951
12100 69.78 67.46 0.00 -7.5703 -3.3042 -3.3042
12125 69.51 67.44 0.00 -5.9294 -3.3315 -3.3315
12150 69.51 67.44 0.00 -5.9294 -3.3315 -3.3315
12175 69.33 67.45 0.00 -3.3193 -3.0630 -3.0630
12200 69.24 67.49 0.00 -2.5051 -3.4451 -3.4451
12225 69.11 67.54 0.00 -3.7233 -2.9220 -2.9220
12250 69.11 67.54 0.00 -3.7233 -2.9220 -2.9220
12275 68.90 67.54 0.00 -6.5146 -2.9223 -2.9223
12300 68.53 67.55 0.00 -9.7794 -3.1580 -3.1580
12325 68.53 67.55 0.00 -9.7794 -3.1580 -3.1580
12350 68.12 67.52 0.00 -10.8648 -3.9041 -3.9041
12375 67.63 67.44 0.00 -12.7060 -5.1492 -5.1492
12400 67.63 67.44 0.00 -12.7060 -5.1492 -5.1492
12425 67.26 67.33 0.00 -12.3257 -6.2483 -6.2483
12450 66.82 67.16 0.00 -10.1643 -4.9130 -4.9130
12475 66.82 67.16 0.00 -10.1643 -4.9130 -4.9130
12500 66.47 67.10 0.00 -8.3453 -4.6758 -4.6758
12525 66.18 67.02 0.00 -6.1412 -5.6085 -5.6085
12550 66.18 67.02 0.00 -6.1412 -5.6085 -5.6085
12575 65.95 66.93 0.00 -5.5538 -5.6560 -5.6560
12600 65.71 66.80 0.00 -6.5435 -4.9789 -4.9789
12625 65.71 66.80 0.00 -6.5435 -4.9789 -4.9789
12650 65.41 66.65 0.00 -8.2127 -3.4523 -3.4523
12675 65.11 66.49 0.00 -6.2377 -4.4210 -4.4210
12700 64.89 66.25 0.00 -5.8684 -2.7313 -2.7313
12725 64.89 66.25 0.00 -5.8684 -2.7313 -2.7313
12750 64.64 66.02 0.00 -6.6295 -4.0409 -4.0409
12775 64.36 65.87 0.00 -6.7071 -4.0340 -4.0340
12800 64.36 65.87 0.00 -6.7071 -4.0340 -4.0340
12825 64.13 65.71 0.00 -5.7100 -5.2614 -5.2614
12850 63.91 65.60 0.00 -4.9153 -6.5882 -6.5882
12875 63.68 65.47 0.00 -6.5389 -5.9877 -5.9877
12900 63.68 65.47 0.00 -6.5389 -5.9877 -5.9877
12925 63.38 65.34 0.00 -8.1953 -5.2094 -5.2094
12950 63.38 65.34 0.00 -8.1953 -5.2094 -5.2094
12975 62.72 65.00 0.00 -7.6012 -5.6220 -5.6220
13000 62.72 65.00 0.00 -7.6012 -5.6220 -5.6220
13025 62.46 64.86 0.00 -6.5868 -5.5251 -5.5251
13050 62.15 64.75 0.00 -8.0247 -4.6186 -4.6186
13075 62.15 64.75 0.00 -8.0247 -4.6186 -4.6186
13100 61.84 64.64 0.00 -7.3014 -5.8571 -5.8571
13125 61.59 64.51 0.00 -5.6358 -5.4283 -5.4283
13150 61.59 64.51 0.00 -5.6358 -5.4283 -5.4283
13175 61.36 64.42 0.00 -6.1323 -4.5755 -4.5755
13200 61.11 64.33 0.00 -6.0367 -4.3049 -4.3049
13225 61.11 64.33 0.00 -6.0367 -4.3049 -4.3049
13250 60.95 64.26 0.00 -4.9779 -4.5107 -4.5107
13275 60.74 64.13 0.00 -5.8352 -4.1878 -4.1878
13300 60.49 63.97 0.00 -5.7889 -3.6591 -3.6591
13325 60.49 63.97 0.00 -5.7889 -3.6591 -3.6591
13350 60.28 63.74 0.00 -5.4818 -4.9584 -4.9584
13375 60.05 63.49 0.00 -5.7060 -3.2175 -3.2175
13400 60.05 63.49 0.00 -5.7060 -3.2175 -3.2175
13425 59.82 63.26 0.00 -5.6400 -4.6272 -4.6272
13450 59.58 63.01 0.00 -6.8784 -3.0458 -3.0458
13475 59.29 62.82 0.00 -7.1793 -2.8200 -2.8200
13500 59.29 62.82 0.00 -7.1793 -2.8200 -2.8200
13525 59.00 62.64 0.00 -7.1040 -3.3042 -3.3042
13550 58.70 62.43 0.00 -8.0338 -3.7586 -3.7586
13575 58.70 62.43 0.00 -8.0338 -3.7586 -3.7586
13600 58.38 62.22 0.00 -7.9993 -4.6509 -4.6509
13625 58.06 61.97 0.00 -7.8834 -4.1954 -4.1954
13650 58.06 61.97 0.00 -7.8834 -4.1954 -4.1954
13675 57.76 61.72 0.00 -6.9119 -3.9376 -3.9376
13700 57.52 61.48 0.00 -5.6870 -4.3097 -4.3097
13725 57.52 61.48 0.00 -5.6870 -4.3097 -4.3097
13750 57.27 61.25 0.00 -6.4654 -3.8377 -3.8377
13775 57.01 61.02 0.00 -6.5665 -3.7625 -3.7625
13800 57.01 61.02 0.00 -6.5665 -3.7625 -3.7625
13825 56.78 60.86 0.00 -4.8978 -3.1849 -3.1849
13850 56.62 60.75 0.00 -3.5598 -4.5149 -4.5149
13875 56.50 60.68 0.00 -2.7817 -2.8239 -2.8239
13900 56.50 60.68 0.00 -2.7817 -2.8239 -2.8239
13925 56.40 60.63 0.00 -2.2908 -3.0713 -3.0713
13950 56.34 60.61 0.00 -0.8697 -2.4638 -2.4638
13975 56.33 60.61 0.00 -0.4442 -2.2278 -2.2278
14000 56.33 60.61 0.00 -0.4442 -2.2278 -2.2278
14025 56.33 60.58 0.00 0.3951 -1.0511 -1.0511
14050 56.38 60.56 0.00 1.4018 1.2686 1.2686
14075 56.38 60.56 0.00 1.4018 1.2686 1.2686
14100 56.47 60.58 0.00 3.1367 0.4287 0.4287
14125 56.62 60.65 0.00 3.8657 1.4874 1.4874
14150 56.62 60.65 0.00 3.8657 1.4874 1.4874
14175 56.78 60.76 0.00 4.0397 2.6063 2.6063
14200 56.96 60.84 0.00 5.0821 2.3274 2.3274
14225 57.17 60.88 0.00 4.9305 3.3294 3.3294
14250 57.17 60.88 0.00 4.9305 3.3294 3.3294
14275 57.33 60.88 0.00 3.1516 3.4493 3.4493
14300 57.43 60.84 0.00 2.2816 3.2005 3.2005
14325 57.43 60.84 0.00 2.2816 3.2005 3.2005
14350 57.48 60.76 0.00 1.2944 3.5030 3.5030
14375 57.48 60.70 0.00 -1.1320 2.6723 2.6723
14400 57.48 60.70 0.00 -1.1320 2.6723 2.6723
14425 57.41 60.63 0.00 -1.8737 1.5751 1.5751
14450 57.34 60.53 0.00 -1.9220 0.5796 0.5796
14475 57.34 60.53 0.00 -1.9220 0.5796 0.5796
14500 57.27 60.35 0.00 -1.4073 -0.3269 -0.3269
14525 57.20 60.18 0.00 -1.9616 -0.0049 -0.0049
14550 57.20 60.18 0.00 -1.9616 -0.0049 -0.0049
14575 57.05 59.97 0.00 -5.6698 -1.9136 -1.9136
14600 56.76 59.69 0.00 -7.3178 -3.4050 -3.4050
14625 56.48 59.37 0.00 -6.7720 -5.4055 -5.4055
14650 56.48 59.37 0.00 -6.7720 -5.4055 -5.4055
14675 56.27 59.06 0.00 -4.0926 -5.2908 -5.2908
14700 56.19 58.74 0.00 -1.5274 -4.1378 -4.1378
14725 56.15 58.48 0.00 -0.8215 -2.5044 -2.5044
14750 56.15 58.48 0.00 -0.8215 -2.5044 -2.5044
14775 56.13 58.11 0.00 -0.0427 -0.9252 -0.9252
14800 56.13 57.78 0.00 -0.2453 -0.5066 -0.5066
14825 56.13 57.78 0.00 -0.2453 -0.5066 -0.5066
14850 56.12 57.50 0.00 -0.6661 -0.2228 -0.2228
14875 56.10 57.29 0.00 0.1449 -1.2350 -1.2350
14900 56.12 57.13 0.00 0.1876 -0.5969 -0.5969
14925 56.12 57.13 0.00 0.1876 -0.5969 -0.5969
14950 56.10 56.99 0.00 -0.8230 -0.0453 -0.0453
14975 56.10 56.99 0.00 -0.8230 -0.0453 -0.0453
15000 56.08 56.87 0.00 -0.1244 -0.3670 -0.3670
15025 56.05 56.71 0.00 -1.4399 -0.1060 -0.1060
15050 55.98 56.52 0.00 -1.7503 -0.3579 -0.3579
15075 55.98 56.52 0.00 -1.7503 -0.3579 -0.3579
15100 55.89 56.29 0.00 -2.8716 -1.0951 -1.0951
15125 55.75 56.01 0.00 -3.4013 -1.7706 -1.7706
15150 55.57 55.65 0.00 -5.3090 -1.6975 -1.6975
15175 55.57 55.65 0.00 -5.3090 -1.6975 -1.6975
15200 55.33 55.19 0.00 -6.7769 -2.1558 -2.1558
15225 55.05 54.70 0.00 -7.0478 -1.6892 -1.6892
15250 55.05 54.70 0.00 -7.0478 -1.6892 -1.6892
15275 54.79 54.23 0.00 -5.9181 -4.6272 -4.6272
15300 54.61 53.74 0.00 -3.3727 -4.1274 -4.1274
15325 54.61 53.74 0.00 -3.3727 -4.1274 -4.1274
15350 54.52 53.27 0.00 -1.8783 -4.3377 -4.3377
15375 54.42 52.78 0.00 -3.4903 -3.7423 -3.7423
15400 54.26 52.24 0.00 -3.8089 -3.7993 -3.7993
15425 54.26 52.24 0.00 -3.8089 -3.7993 -3.7993
15450 54.12 51.62 0.00 -2.6317 -0.4446 -0.4446
15475 54.07 50.96 0.00 -0.4815 0.0712 0.0712
15500 54.07 50.96 0.00 -0.4815 0.0712 0.0712
15525 54.10 50.36 0.00 1.2135 -0.5990 -0.5990
15550 54.14 49.92 0.00 1.2957 0.5430 0.5430
15575 54.14 49.92 0.00 1.2957 0.5430 0.5430
15600 54.16 49.43 0.00 -0.2306 0.6500 0.6500
15625 54.10 48.96 0.00 -1.7102 0.7083 0.7083
15650 54.10 48.96 0.00 -1.7102 0.7083 0.7083
15675 54.02 48.50 0.00 -2.9152 0.5608 0.5608
15700 53.89 48.03 0.00 -2.4673 0.5930 0.5930
15725 53.89 48.03 0.00 -2.4673 0.5930 0.5930
15750 53.84 47.59 0.00 -0.3915 0.5548 0.5548
15775 53.86 47.27 0.00 0.2313 0.3493 0.3493
15800 53.84 47.06 0.00 -0.6382 -0.1648 -0.1648
15825 53.84 47.06 0.00 -0.6382 -0.1648 -0.1648
15850 53.84 46.92 0.00 -0.0145 0.4435 0.4435
15875 53.86 46.74 0.00 0.5621 0.9011 0.9011
15900 53.86 46.74 0.00 0.5621 0.9011 0.9011
15925 53.86 46.62 0.00 -0.2741 0.2503 0.2503
15950 53.79 46.55 0.00 -2.5859 -1.2003 -1.2003
15975 53.65 46.46 0.00 -3.9160 -1.9227 -1.9227
16000 53.65 46.46 0.00 -3.9160 -1.9227 -1.9227
16025 53.47 46.39 0.00 -4.6894 -2.7715 -2.7715
16050 53.26 46.30 0.00 -5.3450 -3.0669 -3.0669
16075 53.26 46.30 0.00 -5.3450 -3.0669 -3.0669
16100 53.07 46.14 0.00 -4.3902 -3.9801 -3.9801
16125 52.93 45.92 0.00 -3.0590 -1.7490 -1.7490
16150 52.81 45.67 0.00 -3.3018 -2.6931 -2.6931
16175 52.81 45.67 0.00 -3.3018 -2.6931 -2.6931
16200 52.71 45.44 0.00 -1.7386 -2.0563 -2.0563
16225 52.64 45.17 0.00 -2.4611 -1.2563 -1.2563
16250 52.64 45.17 0.00 -2.4611 -1.2563 -1.2563
16275 52.53 44.86 0.00 -2.4889 -1.4981 -1.4981
16300 52.50 44.57 0.00 0.5737 -0.7260 -0.7260
16325 52.50 44.57 0.00 0.5737 -0.7260 -0.7260
16350 52.53 44.38 0.00 0.8318 -0.8625 -0.8625
16375 52.53 44.38 0.00 0.8318 -0.8625 -0.8625
16400 52.57 44.09 0.00 0.6988 -0.7287 -0.7287
16425 52.60 43.81 0.00 0.6448 -0.2022 -0.2022
16450 52.58 43.49 0.00 -0.2553 -0.2462 -0.2462
16475 52.58 43.13 0.00 -0.1519 -0.1693 -0.1693
16500 52.58 43.13 0.00 -0.1519 -0.1693 -0.1693
16525 52.57 42.87 0.00 -0.4027 -0.5211 -0.5211
16550 52.55 42.69 0.00 -0.3764 1.4025 1.4025
16575 52.55 42.69 0.00 -0.3764 1.4025 1.4025
16600 52.53 42.58 0.00 0.0255 0.9904 0.9904
16625 52.58 42.60 0.00 1.6648 0.7497 0.7497
16650 52.62 42.58 0.00 0.2131 -0.0241 -0.0241
16675 52.62 42.58 0.00 0.2131 -0.0241 -0.0241
16700 52.60 42.53 0.00 -0.6148 0.6068 0.6068
16725 52.58 42.44 0.00 -0.2484 -0.0944 -0.0944
16750 52.58 42.44 0.00 -0.2484 -0.0944 -0.0944
16775 52.55 42.28 0.00 -1.6719 0.2469 0.2469
16800 52.46 42.03 0.00 -1.7827 2.0685 2.0685
16825 52.46 42.03 0.00 -1.7827 2.0685 2.0685
16850 52.43 41.82 0.00 -0.6278 1.8968 1.8968
16875 52.44 41.60 0.00 1.2825 2.0658 2.0658
16900 52.44 41.60 0.00 1.2825 2.0658 2.0658
16925 52.51 41.42 0.00 2.0301 1.6330 1.6330
16950 52.60 41.23 0.00 1.6403 0.3318 0.3318
16975 52.64 41.01 0.00 0.3430 0.8816 0.8816
17000 52.64 41.01 0.00 0.3430 0.8816 0.8816
17025 52.60 40.71 0.00 -1.3579 0.7744 0.7744
17050 52.60 40.71 0.00 -1.3579 0.7744 0.7744
17075 52.57 40.35 0.00 -0.4696 0.6671 0.6671
17100 52.58 39.94 0.00 0.1685 -0.3889 -0.3889
17125 52.57 39.58 0.00 -0.3269 0.4357 0.4357
17150 52.57 39.58 0.00 -0.3269 0.4357 0.4357
17175 52.58 39.06 0.00 0.8858 0.4976 0.4976
17200 52.65 38.48 0.00 2.1364 1.3725 1.3725
17225 52.65 38.48 0.00 2.1364 1.3725 1.3725
17250 52.78 37.87 0.00 3.1077 2.3017 2.3017
17275 52.90 37.27 0.00 2.7959 3.2449 3.2449
17300 52.97 36.69 0.00 1.1549 0.9671 0.9671
17325 52.97 36.69 0.00 1.1549 0.9671 0.9671
17350 53.00 36.12 0.00 0.9912 1.7364 1.7364
17375 53.04 35.50 0.00 0.6951 1.0238 1.0238
17400 53.04 35.50 0.00 0.6951 1.0238 1.0238
17425 53.09 34.85 0.00 2.2152 1.4693 1.4693
17450 53.20 34.22 0.00 2.1799 2.2830 2.2830
17475 53.28 33.51 0.00 2.3692 3.3117 3.3117
17500 53.28 33.51 0.00 2.3692 3.3117 3.3117
17525 53.39 32.71 0.00 3.4732 3.6393 3.6393
17550 53.39 32.71 0.00 3.4732 3.6393 3.6393
17575 53.56 31.91 0.00 4.4690 4.5943 4.5943
17600 53.68 31.23 0.00 1.6152 4.6109 4.6109
17625 53.68 30.76 0.00 -0.3439 3.5283 3.5283
17650 53.68 30.76 0.00 -0.3439 3.5283 3.5283
17675 53.67 30.33 0.00 -0.3887 1.9942 1.9942
17700 53.65 29.94 0.00 -0.5269 0.0214 0.0214
17725 53.63 29.60 0.00 -0.3322 0.6082 0.6082
17750 53.63 29.60 0.00 -0.3322 0.6082 0.6082
17775 53.58 29.36 0.00 -1.7416 1.1500 1.1500
17800 53.58 29.29 0.00 1.1695 0.3569 0.3569
17825 53.58 29.29 0.00 1.1695 0.3569 0.3569
17850 53.63 29.21 0.00 1.1569 -0.4218 -0.4218
17875 53.70 29.13 0.00 2.3458 1.0804 1.0804
17900 53.70 29.13 0.00 2.3458 1.0804 1.0804
17925 53.82 28.87 0.00 3.9471 2.8376 2.8376
17950 54.02 28.45 0.00 4.4789 4.4443 4.4443
17975 54.02 28.45 0.00 4.4789 4.4443 4.4443
18000 54.16 28.13 0.00 3.2129 1.9563 1.9563
18025 54.30 27.79 0.00 3.6534 3.9469 3.9469
18050 54.45 27.31 0.00 4.1364 3.5464 3.5464
18075 54.45 27.31 0.00 4.1364 3.5464 3.5464
18100 54.65 26.64 0.00 5.7316 3.5184 3.5184
18125 54.87 25.90 0.00 5.2636 4.1533 4.1533
18150 54.87 25.90 0.00 5.2636 4.1533 4.1533
18175 55.08 25.05 0.00 5.1116 6.7037 6.7037
18200 55.28 24.14 0.00 4.1569 6.7921 6.7921
18225 55.28 24.14 0.00 4.1569 6.7921 6.7921
18250 55.36 23.25 0.00 2.0575 4.7819 4.7819
18275 55.49 22.43 0.00 3.0222 4.9212 4.9212
18300 55.52 21.86 0.00 0.1222 3.3094 3.3094
18325 55.52 21.86 0.00 0.1222 3.3094 3.3094
18350 55.52 21.39 0.00 -0.4060 2.1503 2.1503
18375 55.52 20.88 0.00 0.5999 1.6289 1.6289
18400 55.52 20.88 0.00 0.5999 1.6289 1.6289
18425 55.59 20.36 0.00 2.0001 2.5447 2.5447
18450 55.66 19.89 0.00 2.3399 3.2143 3.2143
18475 55.66 19.89 0.00 2.3399 3.2143 3.2143
18500 55.82 19.51 0.00 4.0587 2.4851 2.4851
18525 55.99 19.36 0.00 4.7204 0.8924 0.8924
18550 56.13 19.38 0.00 2.6447 1.9165 1.9165
18575 56.13 19.38 0.00 2.6447 1.9165 1.9165
18600 56.22 19.34 0.00 3.2671 1.6977 1.6977
18625 56.47 19.13 0.00 7.4035 4.7010 4.7010
18650 56.47 19.13 0.00 7.4035 4.7010 4.7010
18675 56.75 18.87 0.00 6.7799 4.0623 4.0623
18700 57.03 18.54 0.00 6.9904 5.1336 5.1336
18725 57.26 18.11 0.00 5.0370 4.5513 4.5513
18750 57.26 18.11 0.00 5.0370 4.5513 4.5513
18775 57.45 17.58 0.00 4.7038 4.7309 4.7309
18800 57.61 16.95 0.00 3.1972 4.2540 4.2540
18825 57.61 16.95 0.00 3.1972 4.2540 4.2540
18850 57.69 16.20 0.00 1.8726 5.0368 5.0368
18875 57.84 15.25 0.00 4.5403 7.8801 7.8801
18900 57.84 15.25 0.00 4.5403 7.8801 7.8801
18925 57.99 14.28 0.00 3.2407 5.5770 5.5770
18950 58.12 13.49 0.00 2.6298 5.5653 5.5653
18975 58.12 13.49 0.00 2.6298 5.5653 5.5653
19000 58.15 12.85 0.00 0.0529 4.8719 4.8719
19025 58.15 12.43 0.00 0.8017 3.7237 3.7237
19050 58.29 12.09 0.00 4.7525 2.4143 2.4143
19075 58.29 12.09 0.00 4.7525 2.4143 2.4143
19100 58.43 11.81 0.00 2.5368 1.1279 1.1279
19125 58.52 11.64 0.00 2.1697 2.4329 2.4329
19150 58.56 11.49 0.00 -0.4320 0.7402 0.7402
19175 58.56 11.49 0.00 -0.4320 0.7402 0.7402
19200 58.54 11.49 0.00 0.2978 -0.7076 -0.7076
19225 58.59 11.53 0.00 1.4767 -0.5031 -0.5031
19250 58.59 11.53 0.00 1.4767 -0.5031 -0.5031
19275 58.56 11.53 0.00 -2.4710 -1.1652 -1.1652
19300 58.41 11.54 0.00 -2.5374 -1.5871 -1.5871
19325 58.41 11.54 0.00 -2.5374 -1.5871 -1.5871
19350 58.45 11.54 0.00 2.2828 0.6796 0.6796
19375 58.54 11.66 0.00 2.0585 -1.7285 -1.7285
19400 58.54 11.66 0.00 2.0585 -1.7285 -1.7285
19425 58.63 11.76 0.00 1.9037 0.0349 0.0349
19450 58.63 11.76 0.00 -0.6683 0.1483 0.1483
19475 58.57 11.74 0.00 -2.2663 -0.3126 -0.3126
19500 58.57 11.74 0.00 -2.2663 -0.3126 -0.3126
19525 58.54 11.74 0.00 0.6398 0.1796 0.1796
19550 58.64 11.70 0.00 2.7613 0.1774 0.1774
19575 58.64 11.70 0.00 2.7613 0.1774 0.1774
19600 58.68 11.70 0.00 -0.6290 0.8775 0.8775
19625 58.66 11.74 0.00 0.4206 1.6193 1.6193
19650 58.66 11.74 0.00 0.4206 1.6193 1.6193
19675 58.68 11.84 0.00 0.3304 0.0700 0.0700
19700 58.68 11.99 0.00 -0.2805 0.4725 0.4725
19725 58.61 12.08 0.00 -2.0851 0.1751 0.1751
19750 58.61 12.08 0.00 -2.0851 0.1751 0.1751
19775 58.61 12.06 0.00 1.8991 0.8206 0.8206
19800 58.61 12.06 0.00 1.8991 0.8206 0.8206
19825 58.66 11.97 0.00 -0.1642 0.5309 0.5309
19850 58.59 11.76 0.00 -2.7066 0.3813 0.3813
19875 58.40 11.50 0.00 -5.9586 -1.9667 -1.9667
19900 58.13 11.11 0.00 -7.2311 -4.8073 -4.8073
19925 58.13 11.11 0.00 -7.2311 -4.8073 -4.8073
19950 57.82 10.65 0.00 -8.0844 -5.6030 -5.6030
19975 57.48 10.28 0.00 -8.5338 -6.4182 -6.4182
20000 57.48 10.28 0.00 -8.5338 -6.4182 -6.4182
20025 57.13 9.97 0.00 -8.9228 -7.2345 -7.2345
20050 56.80 9.71 0.00 -6.8481 -7.0336 -7.0336
20075 56.80 9.71 0.00 -6.8481 -7.0336 -7.0336
20100 56.61 9.50 0.00 -4.7363 -6.8164 -6.8164
20125 56.43 9.51 0.00 -4.0934 -6.3283 -6.3283
20150 56.43 9.51 0.00 -4.0934 -6.3283 -6.3283
20175 56.22 9.66 0.00 -6.0114 -7.6336 -7.6336
20200 55.96 9.92 0.00 -6.6251 -7.5641 -7.5641
20225 55.77 10.10 0.00 -6.1759 -6.0519 -6.0519
20250 55.77 10.10 0.00 -6.1759 -6.0519 -6.0519
20275 55.59 10.32 0.00 -3.6261 -5.2042 -5.2042
20300 55.49 10.49 0.00 -1.9298 -3.6512 -3.6512
20325 55.49 10.49 0.00 -1.9298 -3.6512 -3.6512
20350 55.47 10.83 0.00 -0.5196 -0.5694 -0.5694
20375 55.45 11.34 0.00 0.5719 -0.2733 -0.2733
20400 55.45 11.34 0.00 0.5719 -0.2733 -0.2733
20425 55.57 11.92 0.00 4.1213 0.2815 0.2815
20450 55.64 12.80 0.00 -0.6739 -2.4509 -2.4509
20475 55.59 13.94 0.00 0.0245 -0.5192 -0.5192
20500 55.59 13.94 0.00 0.0245 -0.5192 -0.5192
20525 55.66 15.09 0.00 2.1664 -0.4127 -0.4127
20550 55.75 16.21 0.00 2.6888 0.1664 0.1664
20575 55.75 16.21 0.00 2.6888 0.1664 0.1664
20600 55.91 17.18 0.00 4.0078 1.8783 1.8783
20625 55.91 17.18 0.00 4.0078 1.8783 1.8783
20650 56.17 18.46 0.00 2.3787 -0.9457 -0.9457
20675 56.17 18.46 0.00 2.3787 -0.9457 -0.9457
20700 56.19 18.86 0.00 -1.4116 -1.4547 -1.4547
20725 56.06 19.14 0.00 -3.1290 0.0472 0.0472
20750 56.06 19.14 0.00 -3.1290 0.0472 0.0472
20775 55.98 19.24 0.00 -1.8764 -0.6816 -0.6816
20800 55.89 19.13 0.00 -2.1679 0.2023 0.2023
20825 55.89 19.13 0.00 -2.1679 0.2023 0.2023
20850 55.78 18.89 0.00 -2.9526 -1.3265 -1.3265
20875 55.70 18.49 0.00 -2.0536 -2.6442 -2.6442
20900 55.70 18.49 0.00 -2.0536 -2.6442 -2.6442
20925 55.57 17.97 0.00 -4.1183 -1.8832 -1.8832
20950 55.43 17.61 0.00 -4.1063 -0.9739 -0.9739
20975 55.43 17.61 0.00 -4.1063 -0.9739 -0.9739
21000 55.26 17.19 0.00 -5.1171 -2.5249 -2.5249
21025 55.03 16.88 0.00 -6.5462 -5.2966 -5.2966
21050 54.66 16.64 0.00 -9.4530 -5.2634 -5.2634
21075 54.66 16.64 0.00 -9.4530 -5.2634 -5.2634
21100 54.37 16.48 0.00 -5.8571 -4.3175 -4.3175
21125 54.17 16.47 0.00 -4.5244 -3.3375 -3.3375
21150 54.17 16.47 0.00 -4.5244 -3.3375 -3.3375
21175 54.00 16.59 0.00 -5.1042 -3.6356 -3.6356
21200 53.68 16.70 0.00 -9.7305 -6.9362 -6.9362
21225 53.68 16.70 0.00 -9.7305 -6.9362 -6.9362
21250 53.26 16.86 0.00 -10.2644 -7.2496 -7.2496
21275 52.81 17.15 0.00 -11.9267 -8.7653 -8.7653
21300 52.32 17.52 0.00 -12.6028 -10.0114 -10.0114
21325 52.32 17.52 0.00 -12.6028 -10.0114 -10.0114
21350 51.75 17.79 0.00 -16.0359 -10.9034 -10.9034
21375 51.08 17.91 0.00 -16.2471 -10.5874 -10.5874
21400 50.56 17.95 0.00 -10.8039 -8.9228 -8.9228
21425 50.56 17.95 0.00 -10.8039 -8.9228 -8.9228
21450 50.23 18.09 0.00 -6.7773 -6.9901 -6.9901
21475 49.97 18.23 0.00 -6.9691 -6.1445 -6.1445
21500 49.97 18.23 0.00 -6.9691 -6.1445 -6.1445
21525 49.60 18.31 0.00 -10.2048 -7.4801 -7.4801
21550 49.60 18.31 0.00 -10.2048 -7.4801 -7.4801
21575 49.18 18.29 0.00 -10.1768 -6.9732 -6.9732
21600 48.80 18.25 0.00 -9.6363 -7.3975 -7.3975
21625 48.43 18.31 0.00 -9.0156 -7.3079 -7.3079
21650 48.43 18.31 0.00 -9.0156 -7.3079 -7.3079
21675 48.08 18.43 0.00 -8.3442 -6.5200 -6.5200
21700 47.82 18.50 0.00 -4.9876 -5.6963 -5.6963
21725 47.82 18.50 0.00 -4.9876 -5.6963 -5.6963
21750 47.70 18.58 0.00 -2.5401 -4.0642 -4.0642
21775 47.63 18.72 0.00 -2.6743 -4.2318 -4.2318
21800 47.63 18.72 0.00 -2.6743 -4.2318 -4.2318
21825 47.47 18.86 0.00 -4.1948 -3.6506 -3.6506
21850 47.26 19.04 0.00 -6.0523 -3.9637 -3.9637
21875 46.98 19.25 0.00 -8.1655 -4.7769 -4.7769
21900 46.98 19.25 0.00 -8.1655 -4.7769 -4.7769
21925 46.60 19.53 0.00 -9.4761 -4.4993 -4.4993
21950 46.30 19.90 0.00 -6.4529 -3.2794 -3.2794
21975 46.04 20.33 0.00 -6.3756 -2.6651 -2.6651
22000 46.04 20.33 0.00 -6.3756 -2.6651 -2.6651
22025 45.84 20.82 0.00 -4.6665 -4.2675 -4.2675
22050 45.63 21.33 0.00 -5.4672 -5.1049 -5.1049
22075 45.63 21.33 0.00 -5.4672 -5.1049 -5.1049
22100 45.39 21.82 0.00 -7.0315 -5.8570 -5.8570
22125 45.07 22.26 0.00 -7.7012 -6.1542 -6.1542
22150 45.07 22.26 0.00 -7.7012 -6.1542 -6.1542
22175 44.78 22.67 0.00 -7.3602 -4.8477 -4.8477
22200 44.51 23.07 0.00 -6.1759 -4.9820 -4.9820
22225 44.51 23.07 0.00 -6.1759 -4.9820 -4.9820
22250 44.36 23.50 0.00 -2.5379 -4.6492 -4.6492
22275 44.29 23.88 0.00 -0.9245 -3.6132 -3.6132
22300 44.23 24.23 0.00 -1.7968 -4.1929 -4.1929
22325 44.23 24.23 0.00 -1.7968 -4.1929 -4.1929
22350 44.15 24.48 0.00 -2.5417 -3.5737 -3.5737
22375 44.01 24.78 0.00 -3.5722 -4.6400 -4.6400
22400 43.87 25.11 0.00 -3.9407 -4.0826 -4.0826
22425 43.87 25.11 0.00 -3.9407 -4.0826 -4.0826
22450 43.69 25.39 0.00 -4.2165 -4.6389 -4.6389
22475 43.69 25.39 0.00 -4.2165 -4.6389 -4.6389
22500 43.55 25.66 0.00 -2.8933 -3.9955 -3.9955
22525 43.43 25.92 0.00 -3.3331 -3.2689 -3.2689
22550 43.32 26.15 0.00 -3.5955 -4.7082 -4.7082
22575 43.32 26.15 0.00 -3.5955 -4.7082 -4.7082
22600 43.22 26.42 0.00 -2.4943 -2.9869 -2.9869
22625 43.08 26.68 0.00 -3.8269 -3.4490 -3.4490
22650 43.08 26.68 0.00 -3.8269 -3.4490 -3.4490
22675 42.88 27.00 0.00 -5.4272 -4.0109 -4.0109
22700 42.67 27.40 0.00 -5.5122 -5.7789 -5.7789
22725 42.67 27.40 0.00 -5.5122 -5.7789 -5.7789
22750 42.45 27.90 0.00 -5.7231 -6.6113 -6.6113
22775 42.18 28.50 0.00 -6.7790 -9.5532 -9.5532
22800 42.18 28.50 0.00 -6.7790 -9.5532 -9.5532
22825 41.87 29.19 0.00 -8.3197 -12.6827 -12.6827
22850 41.55 29.90 0.00 -8.0192 -13.8403 -13.8403
22875 41.22 30.62 0.00 -8.2370 -14.0723 -14.0723
22900 41.22 30.62 0.00 -8.2370 -14.0723 -14.0723
22925 40.88 31.40 0.00 -8.8036 -14.7885 -14.7885
22950 40.48 32.17 0.00 -11.1323 -16.7290 -16.7290
22975 39.97 32.99 0.00 -13.0733 -20.8779 -20.8779
23000 39.97 32.99 0.00 -13.0733 -20.8779 -20.8779
23025 39.51 33.85 0.00 -10.4680 -21.0626 -21.0626
23050 39.12 34.60 0.00 -9.1233 -20.4847 -20.4847
23075 39.12 34.60 0.00 -9.1233 -20.4847 -20.4847
23100 38.75 35.23 0.00 -9.5637 -18.6136 -18.6136
23125 38.39 35.83 0.00 -8.4566 -14.5694 -14.5694
23150 38.39 35.83 0.00 -8.4566 -14.5694 -14.5694
23175 38.06 36.43 0.00 -8.0796 -13.0715 -13.0715
23200 37.81 36.95 0.00 -4.9034 -11.6415 -11.6415
23225 37.60 37.47 0.00 -6.2661 -10.4565 -10.4565
23250 37.60 37.47 0.00 -6.2661 -10.4565 -10.4565
23275 37.35 37.92 0.00 -5.7691 -10.8988 -10.8988
23300 37.17 38.21 0.00 -5.7041 -10.5393 -10.5393
23325 37.17 38.21 0.00 -5.7041 -10.5393 -10.5393
23350 36.92 38.51 0.00 -6.5387 -9.2251 -9.2251
23375 36.69 38.74 0.00 -5.5394 -6.5148 -6.5148
23400 36.69 38.74 0.00 -5.5394 -6.5148 -6.5148
23425 36.44 38.94 0.00 -6.5847 -6.3313 -6.3313
23450 36.12 39.17 0.00 -8.9674 -6.4477 -6.4477
23475 35.66 39.45 0.00 -13.3748 -7.2114 -7.2114
23500 35.66 39.45 0.00 -13.3748 -7.2114 -7.2114
23525 35.00 39.76 0.00 -17.6086 -11.4644 -11.4644
23550 34.25 40.08 0.00 -19.9100 -15.4406 -15.4406
23575 34.25 40.08 0.00 -19.9100 -15.4406 -15.4406
23600 33.36 40.44 0.00 -23.7736 -18.7727 -18.7727
23625 33.36 40.44 0.00 -23.7736 -18.7727 -18.7727
23650 32.40 40.89 0.00 -23.1736 -20.7452 -20.7452
23675 31.50 41.33 0.00 -21.8259 -21.6784 -21.6784
23700 30.74 41.73 0.00 -16.6831 -20.3750 -20.3750
23725 30.20 42.17 0.00 -11.2475 -16.3375 -16.3375
23750 30.20 42.17 0.00 -11.2475 -16.3375 -16.3375
23775 29.89 42.65 0.00 -5.8298 -12.1262 -12.1262
23800 29.89 42.65 0.00 -5.8298 -12.1262 -12.1262
23825 29.69 43.08 0.00 -3.7738 -8.8342 -8.8342
23850 29.64 43.57 0.00 -0.3983 -6.6669 -6.6669
23875 29.64 43.97 0.00 0.1969 -5.2192 -5.2192
23900 29.64 43.97 0.00 0.1969 -5.2192 -5.2192
23925 29.65 44.35 0.00 0.1501 -2.9060 -2.9060
23950 29.67 44.74 0.00 1.2057 -2.1026 -2.1026
23975 29.67 44.74 0.00 1.2057 -2.1026 -2.1026
24000 29.82 45.13 0.00 4.8713 -1.1382 -1.1382
24025 30.04 45.38 0.00 5.9202 -2.4291 -2.4291
24050 30.22 45.69 0.00 3.2910 -1.3781 -1.3781
24075 30.22 45.69 0.00 3.2910 -1.3781 -1.3781
24100 30.31 46.06 0.00 1.5510 -0.8598 -0.8598
24125 30.31 46.38 0.00 -0.8905 0.0001 0.0001
24150 30.25 46.61 0.00 -1.9077 0.7482 0.7482
24175 30.25 46.61 0.00 -1.9077 0.7482 0.7482
24200 30.15 46.90 0.00 -3.0710 0.1090 0.1090
24225 30.02 47.20 0.00 -3.3429 -0.6036 -0.6036
24250 30.02 47.20 0.00 -3.3429 -0.6036 -0.6036
24275 29.84 47.54 0.00 -5.8933 -2.0930 -2.0930
24300 29.51 48.03 0.00 -9.4202 -4.8202 -4.8202
24325 29.51 48.03 0.00 -9.4202 -4.8202 -4.8202
24350 29.05 48.62 0.00 -11.9832 -7.5286 -7.5286
24375 28.54 49.33 0.00 -13.4779 -8.7053 -8.7053
24400 28.54 49.33 0.00 -13.4779 -8.7053 -8.7053
24425 27.94 50.25 0.00 -15.0691 -8.3845 -8.3845
24450 27.37 51.23 0.00 -13.7340 -9.7110 -9.7110
24475 27.37 51.23 0.00 -13.7340 -9.7110 -9.7110
24500 26.89 52.20 0.00 -10.9189 -10.9296 -10.9296
24525 26.47 53.20 0.00 -10.8868 -10.1686 -10.1686
24550 26.08 54.22 0.00 -7.9406 -10.4795 -10.4795
24575 26.08 54.22 0.00 -7.9406 -10.4795 -10.4795
24600 25.81 55.46 0.00 -5.9640 -8.2908 -8.2908
24625 25.66 56.80 0.00 -2.1161 -7.1899 -7.1899
24650 25.73 58.04 0.00 3.6520 -7.0263 -7.0263
24675 25.73 58.04 0.00 3.6520 -7.0263 -7.0263
24700 25.88 59.30 0.00 4.0840 -4.8072 -4.8072
24725 25.88 59.30 0.00 4.0840 -4.8072 -4.8072
24750 26.10 60.43 0.00 5.4437 -3.7367 -3.7367
24775 26.21 61.45 0.00 1.7742 -0.8782 -0.8782
24800 26.25 62.37 0.00 0.0994 1.6731 1.6731
24825 26.25 62.37 0.00 0.0994 1.6731 1.6731
24850 26.23 63.18 0.00 -1.0201 2.7088 2.7088
24875 26.20 63.87 0.00 -0.5350 -1.7575 -1.7575
24900 26.20 63.87 0.00 -0.5350 -1.7575 -1.7575
24925 26.14 64.37 0.00 -3.5573 -0.8913 -0.8913
24950 25.88 64.92 0.00 -7.9648 -0.6383 -0.6383
24975 25.88 64.92 0.00 -7.9648 -0.6383 -0.6383
25000 25.55 65.23 0.00 -8.6966 -2.1040 -2.1040
25025 24.99 65.57 0.00 -16.6723 -4.3711 -4.3711
25050 24.19 65.93 0.00 -22.3430 -10.2317 -10.2317
25075 24.19 65.93 0.00 -22.3430 -10.2317 -10.2317
25100 23.22 66.39 0.00 -25.2009 -12.7856 -12.7856
25125 22.19 66.96 0.00 -25.1506 -14.3936 -14.3936
25150 22.19 66.96 0.00 -25.1506 -14.3936 -14.3936
25175 21.31 67.59 0.00 -20.2607 -17.5281 -17.5281
25200 20.53 68.13 0.00 -19.4582 -15.2943 -15.2943
25225 19.75 68.77 0.00 -20.2076 -14.6632 -14.6632
25250 19.75 68.77 0.00 -20.2076 -14.6632 -14.6632
25275 18.89 69.48 0.00 -21.5852 -12.1105 -12.1105
25300 18.89 69.48 0.00 -21.5852 -12.1105 -12.1105
25325 18.28 70.27 0.00 -10.0508 -12.5687 -12.5687
25350 18.12 71.00 0.00 -1.1861 -12.1629 -12.1629
25375 18.20 71.63 0.00 3.2502 -8.0269 -8.0269
25400 18.20 71.63 0.00 3.2502 -8.0269 -8.0269
25425 18.37 72.22 0.00 4.0191 -4.8373 -4.8373
25450 18.43 72.80 0.00 0.3199 -2.4267 -2.4267
25475 18.43 73.25 0.00 0.4111 -4.7902 -4.7902
25500 18.43 73.25 0.00 0.4111 -4.7902 -4.7902
25525 18.49 73.68 0.00 1.4691 -3.4029 -3.4029
25550 18.55 73.98 0.00 2.3789 -1.4355 -1.4355
25575 18.55 73.98 0.00 2.3789 -1.4355 -1.4355
25600 18.82 74.15 0.00 8.5421 -1.3109 -1.3109
25625 19.12 74.27 0.00 7.1442 1.5604 1.5604
25650 19.12 74.27 0.00 7.1442 1.5604 1.5604
25675 19.41 74.22 0.00 7.1192 2.9211 2.9211
25700 19.60 74.11 0.00 6.7297 4.3717 4.3717
25725 19.90 73.89 0.00 7.9778 5.0209 5.0209
25750 19.90 73.89 0.00 7.9778 5.0209 5.0209
25775 20.26 73.63 0.00 9.1077 6.1883 6.1883
25800 20.55 73.39 0.00 6.1590 6.5397 6.5397
25825 20.55 73.39 0.00 6.1590 6.5397 6.5397
25850 20.70 73.20 0.00 2.0562 4.8615 4.8615
25875 20.68 73.05 0.00 -2.1912 5.2077 5.2077
25900 20.59 72.91 0.00 -1.6352 3.1807 3.1807
25925 20.59 72.91 0.00 -1.6352 3.1807 3.1807
25950 20.57 72.82 0.00 0.2473 -0.3046 -0.3046
25975 20.57 72.76 0.00 -0.4646 -0.6187 -0.6187
26000 20.57 72.76 0.00 -0.4646 -0.6187 -0.6187
26025 20.47 72.69 0.00 -3.4938 0.3859 0.3859
26050 20.30 72.62 0.00 -5.1096 -1.1754 -1.1754
26075 20.30 72.62 0.00 -5.1096 -1.1754 -1.1754
26100 20.07 72.59 0.00 -6.2866 -0.1922 -0.1922
26125 19.85 72.70 0.00 -4.6045 -2.6494 -2.6494
26150 19.85 72.70 0.00 -4.6045 -2.6494 -2.6494
26175 19.71 72.70 0.00 -2.7530 -4.1457 -4.1457
26200 19.64 72.71 0.00 -1.6840 -4.8142 -4.8142
26225 19.64 72.71 0.00 -1.6840 -4.8142 -4.8142
26250 19.54 72.73 0.00 -2.0741 -4.1255 -4.1255
26275 19.45 72.73 0.00 -3.0738 -4.4616 -4.4616
26300 19.27 72.74 0.00 -5.1145 -3.4477 -3.4477
26325 19.27 72.74 0.00 -5.1145 -3.4477 -3.4477
26350 19.08 72.77 0.00 -3.7486 -2.9588 -2.9588
26375 19.04 72.85 0.00 0.7667 -0.9341 -0.9341
26400 19.04 72.85 0.00 0.7667 -0.9341 -0.9341
26425 19.18 72.86 0.00 4.2681 0.2972 0.2972
26450 19.35 72.91 0.00 3.6454 0.4117 0.4117
26475 19.41 72.96 0.00 1.8067 0.3614 0.3614
26500 19.41 72.96 0.00 1.8067 0.3614 0.3614
26525 19.43 73.09 0.00 -0.4010 1.5175 1.5175
26550 19.39 73.19 0.00 -0.8821 1.0191 1.0191
26575 19.39 73.19 0.00 -0.8821 1.0191 1.0191
26600 19.39 73.20 0.00 -0.2737 1.5534 1.5534
26625 19.37 73.17 0.00 -0.0204 2.3966 2.3966
26650 19.37 73.17 0.00 -0.0204 2.3966 2.3966
26675 19.33 73.19 0.00 -1.1165 2.2735 2.2735
26700 19.33 73.15 0.00 0.0139 1.7275 1.7275
26725 19.33 73.15 0.00 0.0139 1.7275 1.7275
26750 19.33 73.06 0.00 0.2288 2.6840 2.6840
26775 19.39 72.96 0.00 2.9551 4.0036 4.0036
26800 19.54 72.86 0.00 3.2183 4.6684 4.6684
26825 19.54 72.86 0.00 3.2183 4.6684 4.6684
26850 19.66 72.80 0.00 3.0449 3.7863 3.7863
26875 19.75 72.67 0.00 1.6096 2.0117 2.0117
26900 19.79 72.53 0.00 0.3840 0.3728 0.3728
26925 19.79 72.53 0.00 0.3840 0.3728 0.3728
26950 19.77 72.42 0.00 -0.7545 0.5954 0.5954
26975 19.71 72.35 0.00 -1.2484 -0.0208 -0.0208
27000 19.71 72.35 0.00 -1.2484 -0.0208 -0.0208
27025 19.73 72.27 0.00 1.1409 -0.0240 -0.0240
27050 19.77 72.22 0.00 0.9970 0.1007 0.1007
27075 19.77 72.22 0.00 0.9970 0.1007 0.1007
27100 19.85 72.23 0.00 2.4469 0.4843 0.4843
27125 19.96 72.26 0.00 2.9359 1.8343 1.8343
27150 19.96 72.26 0.00 2.9359 1.8343 1.8343
27175 20.07 72.28 0.00 2.8224 0.9542 0.9542
27200 20.13 72.31 0.00 0.4469 1.7226 1.7226
27225 20.13 72.31 0.00 0.4469 1.7226 1.7226
27250 20.11 72.33 0.00 -0.7350 0.8942 0.8942
27275 20.11 72.33 0.00 0.3749 0.6388 0.6388
27300 20.11 72.33 0.00 0.3749 0.6388 0.6388
27325 20.19 72.35 0.00 3.5105 0.1347 0.1347
27350 20.42 72.36 0.00 7.1007 0.7524 0.7524
27375 20.83 72.34 0.00 12.6894 2.3794 2.3794
27400 20.83 72.34 0.00 12.6894 2.3794 2.3794
27425 21.44 72.30 0.00 16.9104 4.6861 4.6861
27450 22.25 72.19 0.00 21.7323 7.0702 7.0702
27475 22.25 72.19 0.00 21.7323 7.0702 7.0702
27500 23.17 72.13 0.00 23.4878 14.0284 14.0284
27525 24.05 72.17 0.00 19.7973 17.4804 17.4804
27550 24.66 72.33 0.00 12.8024 19.9354 19.9354
27575 24.66 72.33 0.00 12.8024 19.9354 19.9354
27600 24.99 72.52 0.00 5.1573 15.7082 15.7082
27625 25.07 72.65 0.00 0.9751 11.7978 11.7978
27650 25.07 72.65 0.00 0.9751 11.7978 11.7978
27675 25.10 72.74 0.00 0.1607 9.3788 9.3788
27700 25.07 72.84 0.00 -0.7964 7.8347 7.8347
27725 25.07 72.84 0.00 -0.7964 7.8347 7.8347
27750 25.09 72.85 0.00 0.5361 6.8573 6.8573
27775 25.10 72.93 0.00 0.3916 4.8998 4.8998
27800 25.09 73.02 0.00 -0.6879 4.8610 4.8610
27825 25.09 73.02 0.00 -0.6879 4.8610 4.8610
27850 25.07 73.06 0.00 -0.2332 2.7158 2.7158
27875 25.07 73.09 0.00 0.1487 -0.3084 -0.3084
27900 25.07 73.09 0.00 0.1487 -0.3084 -0.3084
27925 25.12 73.15 0.00 2.2905 -0.7627 -0.7627
27950 25.22 73.24 0.00 2.3918 1.6613 1.6613
27975 25.35 73.34 0.00 3.8628 0.6911 0.6911
28000 25.35 73.34 0.00 3.8628 0.6911 0.6911
28025 25.49 73.46 0.00 3.4996 1.7251 1.7251
28050 25.62 73.57 0.00 4.6099 2.7956 2.7956
28075 25.62 73.57 0.00 4.6099 2.7956 2.7956
28100 25.75 73.79 0.00 2.5986 6.5757 6.5757
28125 25.90 74.08 0.00 5.2001 7.1416 7.1416
28150 25.90 74.08 0.00 5.2001 7.1416 7.1416
28175 26.21 74.38 0.00 8.9560 6.9706 6.9706
28200 26.55 74.64 0.00 6.9004 10.5252 10.5252
28225 26.77 74.91 0.00 5.6040 13.5793 13.5793
28250 26.77 74.91 0.00 5.6040 13.5793 13.5793
28275 27.01 75.16 0.00 5.9792 13.9047 13.9047
28300 27.26 75.37 0.00 7.7057 12.0064 12.0064
28325 27.26 75.37 0.00 7.7057 12.0064 12.0064
28350 27.65 75.47 0.00 10.4969 9.3579 9.3579
28375 28.05 75.45 0.00 9.1685 8.2183 8.2183
28400 28.05 75.45 0.00 9.1685 8.2183 8.2183
28425 28.42 75.36 0.00 9.1608 7.9471 7.9471
28450 28.78 75.31 0.00 8.9618 9.7262 9.7262
28475 28.78 75.31 0.00 8.9618 9.7262 9.7262
28500 29.09 75.23 0.00 7.1698 11.3016 11.3016
28525 29.36 75.05 0.00 6.5619 10.6785 10.6785
28550 29.69 74.82 0.00 9.7430 9.5937 9.5937
28575 29.69 74.82 0.00 9.7430 9.5937 9.5937
28600 30.02 74.66 0.00 11.1987 10.9166 10.9166
28625 30.45 74.41 0.00 11.9473 14.5477 14.5477
28650 30.45 74.41 0.00 11.9473 14.5477 14.5477
28675 31.03 74.13 0.00 15.6590 15.2682 15.2682
28700 31.84 73.49 0.00 17.1480 12.5267 12.5267
28725 32.57 72.88 0.00 17.1042 11.7928 11.7928
28750 32.57 72.88 0.00 17.1042 11.7928 11.7928
28775 32.98 72.38 0.00 12.9525 14.4440 14.4440
28800 33.48 71.75 0.00 13.3175 12.3634 12.3634
28825 33.48 71.75 0.00 13.3175 12.3634 12.3634
28850 34.04 71.29 0.00 13.6503 12.5373 12.5373
28875 34.54 70.92 0.00 11.6388 11.1349 11.1349
28900 34.93 70.60 0.00 8.7963 10.2376 10.2376
28925 34.93 70.60 0.00 8.7963 10.2376 10.2376
28950 35.27 70.36 0.00 8.4087 9.5250 9.5250
28975 35.59 70.21 0.00 7.6893 11.1833 11.1833
29000 35.59 70.21 0.00 7.6893 11.1833 11.1833
29025 35.86 70.17 0.00 6.1449 9.9553 9.9553
29050 36.12 70.20 0.00 6.9738 10.3629 10.3629
29075 36.12 70.20 0.00 6.9738 10.3629 10.3629
29100 36.37 70.18 0.00 5.4630 9.5239 9.5239
29125 36.55 70.23 0.00 4.0757 7.2588 7.2588
29150 36.55 70.23 0.00 4.0757 7.2588 7.2588
29175 36.69 70.39 0.00 2.3558 6.3823 6.3823
29200 36.75 70.59 0.00 0.7743 4.2960 4.2960
29225 36.75 70.59 0.00 0.7743 4.2960 4.2960
29250 36.71 70.75 0.00 -1.3392 4.1546 4.1546
29275 36.69 70.96 0.00 -0.0925 2.8599 2.8599
29300 36.76 71.12 0.00 2.6385 1.3114 1.3114
29325 36.76 71.12 0.00 2.6385 1.3114 1.3114
29350 36.85 71.23 0.00 1.8179 1.6856 1.6856
29375 36.91 71.25 0.00 2.5290 1.7039 1.7039
29400 36.91 71.25 0.00 2.5290 1.7039 1.7039
29425 37.03 71.23 0.00 3.5277 1.8887 1.8887
29450 37.19 71.28 0.00 3.9426 3.3754 3.3754
29475 37.19 71.28 0.00 3.9426 3.3754 3.3754
29500 37.37 71.26 0.00 5.4070 3.8822 3.8822
29525 37.67 71.20 0.00 7.8831 5.2445 5.2445
29550 37.67 71.20 0.00 7.8831 5.2445 5.2445
29575 38.04 71.12 0.00 11.1985 6.9305 6.9305
29600 38.62 70.93 0.00 15.4192 11.0089 11.0089
29625 39.35 70.61 0.00 20.0950 12.2999 12.2999
29650 39.35 70.61 0.00 20.0950 12.2999 12.2999
29675 40.21 70.24 0.00 21.5965 13.4535 13.4535
29700 40.99 69.90 0.00 18.7681 14.5352 14.5352
29725 40.99 69.90 0.00 18.7681 14.5352 14.5352
29750 41.74 69.64 0.00 18.3194 14.6270 14.6270
29775 42.41 69.45 0.00 16.0510 12.5420 12.5420
29800 43.02 69.32 0.00 14.2805 13.1596 13.1596
29825 43.55 69.16 0.00 12.9096 14.1441 14.1441
29850 43.55 69.16 0.00 12.9096 14.1441 14.1441
29875 44.04 69.01 0.00 12.2402 13.4907 13.4907
29900 44.53 68.81 0.00 12.2911 11.2045 11.2045
29925 44.53 68.81 0.00 12.2911 11.2045 11.2045
29950 45.04 68.53 0.00 12.3688 13.3290 13.3290
29975 45.53 68.26 0.00 11.9067 14.2190 14.2190
30000 45.53 68.26 0.00 11.9067 14.2190 14.2190
30025 45.98 68.04 0.00 11.1465 12.6615 12.6615
30050 46.37 67.83 0.00 8.6039 12.8958 12.8958
30075 46.37 67.83 0.00 8.6039 12.8958 12.8958
30100 46.68 67.65 0.00 7.3528 10.7372 10.7372
30125 47.00 67.56 0.00 8.2019 7.9542 7.9542
30150 47.00 67.56 0.00 8.2019 7.9542 7.9542
30175 47.28 67.49 0.00 5.7908 8.0349 8.0349
30200 47.47 67.37 0.00 4.7283 7.4038 7.4038
30225 47.61 67.26 0.00 4.0721 6.8034 6.8034
30250 47.61 67.26 0.00 4.0721 6.8034 6.8034
30275 47.85 67.12 0.00 6.4232 5.0111 5.0111
30300 48.15 66.98 0.00 7.6234 5.6087 5.6087
30325 48.15 66.98 0.00 7.6234 5.6087 5.6087
30350 48.38 66.84 0.00 7.6803 6.0043 6.0043
30375 48.71 66.57 0.00 8.4945 6.4884 6.4884
30400 49.06 66.22 0.00 8.8419 5.9542 5.9542
30425 49.06 66.22 0.00 8.8419 5.9542 5.9542
30450 49.37 65.90 0.00 6.5203 6.5888 6.5888
30475 49.56 65.51 0.00 4.5531 6.8062 6.8062
30500 49.56 65.51 0.00 4.5531 6.8062 6.8062
30525 49.77 65.11 0.00 5.2772 4.8001 4.8001
30550 49.93 64.72 0.00 2.8227 4.0200 4.0200
30575 49.93 64.72 0.00 2.8227 4.0200 4.0200
30600 50.03 64.30 0.00 2.7241 4.5806 4.5806
30625 50.17 63.83 0.00 3.8877 3.9426 3.9426
30650 50.17 63.83 0.00 3.8877 3.9426 3.9426
30675 50.38 63.34 0.00 5.7646 4.8468 4.8468
30700 50.61 62.79 0.00 5.5847 5.9094 5.9094
30725 50.80 62.27 0.00 4.7900 6.1841 6.1841
30750 50.80 62.27 0.00 4.7900 6.1841 6.1841
30775 51.03 61.80 0.00 6.0507 4.8735 4.8735
30800 51.29 61.31 0.00 6.9484 4.0370 4.0370
30825 51.29 61.31 0.00 6.9484 4.0370 4.0370
30850 51.55 60.96 0.00 5.7545 3.5769 3.5769
30875 51.73 60.68 0.00 3.9736 2.6418 2.6418
30900 51.73 60.68 0.00 3.9736 2.6418 2.6418
30925 51.89 60.40 0.00 3.6407 2.3422 2.3422
30950 52.04 60.08 0.00 4.4620 2.9094 2.9094
30975 52.25 59.86 0.00 5.5184 3.0732 3.0732
31000 52.25 59.86 0.00 5.5184 3.0732 3.0732
31025 52.48 59.66 0.00 5.7048 4.5422 4.5422
31050 52.65 59.58 0.00 6.8629 6.3777 6.3777
31075 52.65 59.58 0.00 6.8629 6.3777 6.3777
31100 53.09 59.47 0.00 9.9408 6.6357 6.6357
31125 53.09 59.47 0.00 9.9408 6.6357 6.6357
31150 53.51 59.51 0.00 10.5892 10.9044 10.9044
31175 53.86 59.58 0.00 12.6543 12.0706 12.0706
31200 54.45 59.70 0.00 16.0747 11.0378 11.0378
31225 55.10 59.86 0.00 15.1054 11.7467 11.7467
31250 55.10 59.86 0.00 15.1054 11.7467 11.7467
31275 55.61 60.07 0.00 11.6808 12.1967 12.1967
31300 56.06 60.37 0.00 11.2916 11.7543 11.7543
31325 56.06 60.37 0.00 11.2916 11.7543 11.7543
31350 56.52 60.74 0.00 11.4439 12.4478 12.4478
31375 56.98 61.07 0.00 11.4512 14.0061 14.0061
31400 57.45 61.37 0.00 12.2417 15.6399 15.6399
31425 57.45 61.37 0.00 12.2417 15.6399 15.6399
31450 57.94 61.57 0.00 11.9712 16.6075 16.6075
31475 58.36 61.73 0.00 9.2518 15.0319 15.0319
31500 58.36 61.73 0.00 9.2518 15.0319 15.0319
31525 58.64 61.85 0.00 5.0441 13.0976 13.0976
31550 58.80 61.87 0.00 3.5159 9.8732 9.8732
31575 58.80 61.87 0.00 3.5159 9.8732 9.8732
31600 58.87 61.83 0.00 0.4672 7.9318 7.9318
31625 58.82 61.74 0.00 -1.7153 3.9658 3.9658
31650 58.82 61.74 0.00 -1.7153 3.9658 3.9658
31675 58.71 61.60 0.00 -3.1489 3.1147 3.1147
31700 58.54 61.43 0.00 -5.0688 1.2121 1.2121
31725 58.54 61.43 0.00 -5.0688 1.2121 1.2121
31750 58.34 61.23 0.00 -4.4517 -1.1671 -1.1671
31775 58.15 61.01 0.00 -5.5429 -0.7451 -0.7451
31800 57.98 60.74 0.00 -5.7839 -1.9852 -1.9852
31825 57.98 60.74 0.00 -5.7839 -1.9852 -1.9852
31850 57.76 60.32 0.00 -4.4504 -2.4062 -2.4062
31875 57.64 59.93 0.00 -3.1259 -2.9194 -2.9194
31900 57.64 59.93 0.00 -3.1259 -2.9194 -2.9194
31925 57.50 59.53 0.00 -3.6691 -3.8708 -3.8708
31950 57.36 59.13 0.00 -3.2104 -2.2744 -2.2744
31975 57.36 59.13 0.00 -3.2104 -2.2744 -2.2744
32000 57.26 58.67 0.00 -2.1942 -2.2174 -2.2174
32025 57.24 58.22 0.00 0.4732 -2.9661 -2.9661
32050 57.31 57.73 0.00 2.6585 -1.3869 -1.3869
32075 57.31 57.73 0.00 2.6585 -1.3869 -1.3869
32100 57.47 57.18 0.00 4.7325 0.1697 0.1697
32125 57.68 56.61 0.00 5.5818 1.4598 1.4598
32150 57.68 56.61 0.00 5.5818 1.4598 1.4598
32175 57.89 56.01 0.00 4.9730 2.4213 2.4213
32200 58.06 55.45 0.00 3.7538 3.0910 3.0910
32225 58.22 55.01 0.00 4.0516 3.5445 3.5445
32250 58.22 55.01 0.00 4.0516 3.5445 3.5445
32275 58.33 54.63 0.00 1.4193 2.7603 2.7603
32300 58.33 54.31 0.00 0.4035 1.7137 1.7137
32325 58.33 54.31 0.00 0.4035 1.7137 1.7137
32350 58.34 54.01 0.00 -0.4025 2.2153 2.2153
32375 58.31 53.66 0.00 -0.5842 2.6634 2.6634
32400 58.31 53.66 0.00 -0.5842 2.6634 2.6634
32425 58.26 53.37 0.00 -2.4197 1.9587 1.9587
32450 58.13 53.07 0.00 -3.1566 -0.2438 -0.2438
32475 57.98 52.72 0.00 -4.3516 -0.1251 -0.1251
32500 57.98 52.72 0.00 -4.3516 -0.1251 -0.1251
32525 57.80 52.40 0.00 -3.5830 -1.1806 -1.1806
32550 57.80 52.40 0.00 -3.5830 -1.1806 -1.1806
32575 57.69 52.14 0.00 -2.6082 -0.9206 -0.9206
32600 57.64 52.02 0.00 -0.5117 -2.3958 -2.3958
32625 57.64 52.04 0.00 -0.1427 -3.2920 -3.2920
32650 57.64 52.04 0.00 -0.1427 -3.2920 -3.2920
32675 57.62 52.07 0.00 -0.9374 -2.0044 -2.0044
32700 57.59 52.11 0.00 -0.7069 -1.7798 -1.7798
32725 57.59 52.11 0.00 -0.7069 -1.7798 -1.7798
32750 57.54 52.12 0.00 -2.1279 -1.7252 -1.7252
32775 57.40 52.14 0.00 -4.2619 -1.6681 -1.6681
32800 57.26 52.09 0.00 -2.5281 -1.9476 -1.9476
32825 57.26 52.09 0.00 -2.5281 -1.9476 -1.9476
32850 57.20 52.04 0.00 -1.2342 -0.9227 -0.9227
32875 57.15 52.11 0.00 -1.0994 -1.7532 -1.7532
32900 57.15 52.11 0.00 -1.0994 -1.7532 -1.7532
32925 57.13 52.21 0.00 0.2126 -1.5454 -1.5454
32950 57.19 52.32 0.00 1.9112 -0.7591 -0.7591
32975 57.19 52.32 0.00 1.9112 -0.7591 -0.7591
33000 57.24 52.42 0.00 -0.0961 -0.5197 -0.5197
33025 57.15 52.46 0.00 -2.3335 -0.3943 -0.3943
33050 57.08 52.46 0.00 -1.5850 -1.0370 -1.0370
33075 57.08 52.46 0.00 -1.5850 -1.0370 -1.0370
33100 57.01 52.42 0.00 -2.2531 -1.6369 -1.6369
33125 57.01 52.42 0.00 -2.2531 -1.6369 -1.6369
33150 56.80 52.30 0.00 -3.3541 -2.4722 -2.4722
33175 56.80 52.30 0.00 -3.3541 -2.4722 -2.4722
33200 56.62 52.27 0.00 -4.3027 -3.0458 -3.0458
33225 56.62 52.27 0.00 -4.3027 -3.0458 -3.0458
33250 56.41 52.21 0.00 -6.3325 -3.3550 -3.3550
33275 56.12 52.11 0.00 -7.5354 -3.7828 -3.7828
33300 55.80 51.95 0.00 -8.7828 -4.5285 -4.5285
33325 55.80 51.95 0.00 -8.7828 -4.5285 -4.5285
33350 55.40 51.83 0.00 -10.4018 -6.6557 -6.6557
33375 55.08 51.74 0.00 -10.1639 -7.4534 -7.4534
33400 54.75 51.57 0.00 -7.5000 -7.3889 -7.3889
33425 54.75 51.57 0.00 -7.5000 -7.3889 -7.3889
33450 54.40 51.43 0.00 -7.2767 -6.2286 -6.2286
33475 54.40 51.43 0.00 -7.2767 -6.2286 -6.2286
33500 54.14 51.29 0.00 -5.9284 -5.5565 -5.5565
33525 53.96 51.13 0.00 -6.0391 -4.6426 -4.6426
33550 53.74 50.87 0.00 -5.6497 -4.5032 -4.5032
33575 53.74 50.87 0.00 -5.6497 -4.5032 -4.5032
33600 53.49 50.64 0.00 -5.6086 -4.4208 -4.4208
33625 53.32 50.47 0.00 -3.7615 -4.6869 -4.6869
33650 53.32 50.47 0.00 -3.7615 -4.6869 -4.6869
33675 53.20 50.33 0.00 -2.5510 -3.2332 -3.2332
33700 53.14 50.24 0.00 -1.1990 -2.8365 -2.8365
33725 53.13 50.17 0.00 0.2173 -2.5529 -2.5529
33750 53.13 50.17 0.00 0.2173 -2.5529 -2.5529
33775 53.14 50.10 0.00 0.5875 -2.6633 -2.6633
33800 53.11 50.03 0.00 -2.2217 -2.7821 -2.7821
33825 53.11 50.03 0.00 -2.2217 -2.7821 -2.7821
33850 52.99 49.87 0.00 -3.2019 -1.1109 -1.1109
33875 52.86 49.70 0.00 -3.1777 -1.5720 -1.5720
33900 52.86 49.70 0.00 -3.1777 -1.5720 -1.5720
33925 52.72 49.61 0.00 -3.5387 -2.4539 -2.4539
33950 52.60 49.54 0.00 -1.9130 -3.0132 -3.0132
33975 52.60 49.54 0.00 -1.9130 -3.0132 -3.0132
34000 52.55 49.49 0.00 -1.6581 -2.7777 -2.7777
34025 52.43 49.51 0.00 -3.7423 -3.0777 -3.0777
34050 52.23 49.56 0.00 -5.5129 -3.2707 -3.2707
34075 52.23 49.56 0.00 -5.5129 -3.2707 -3.2707
