%#        Time[ms]        X[pixel],        Y[pixel],        Z[pixel],  dX/dt[pixel/s],  dY/dt[pixel/s],  dZ/dt[pixel/s] 
0 50.00 50.00 0.00 4.9768 5.6935 5.6935
25 50.23 49.96 0.00 5.3179 3.5756 3.5756
50 50.23 49.96 0.00 5.3179 3.5756 3.5756
75 50.37 49.95 0.00 2.0026 -0.6243 -0.6243
100 50.38 49.95 0.00 -0.4180 0.0313 0.0313
125 50.35 49.96 0.00 -0.9160 -0.2859 -0.2859
150 50.35 49.96 0.00 -0.9160 -0.2859 -0.2859
175 50.33 50.05 0.00 -0.1248 -2.1349 -2.1349
200 50.38 50.13 0.00 1.9026 -0.5568 -0.5568
225 50.38 50.13 0.00 1.9026 -0.5568 -0.5568
250 50.45 50.20 0.00 1.6836 -1.1338 -1.1338
275 50.52 50.25 0.00 1.9258 1.2102 1.2102
300 50.52 50.25 0.00 1.9258 1.2102 1.2102
325 50.59 50.29 0.00 1.7904 1.8074 1.8074
350 50.68 50.29 0.00 2.3762 1.3669 1.3669
375 50.68 50.29 0.00 2.3762 1.3669 1.3669
400 50.77 50.29 0.00 2.4775 0.9689 0.9689
425 50.86 50.34 0.00 1.5098 -0.2274 -0.2274
450 50.86 50.34 0.00 1.5098 -0.2274 -0.2274
475 50.89 50.81 0.00 0.1590 -2.8931 -2.8931
500 50.89 51.38 0.00 0.6362 -2.9986 -2.9986
525 50.98 52.29 0.00 3.2086 -1.0943 -1.0943
550 50.98 52.29 0.00 3.2086 -1.0943 -1.0943
575 51.15 53.26 0.00 4.4273 -1.0229 -1.0229
600 51.33 54.18 0.00 4.2576 -0.5370 -0.5370
625 51.48 55.07 0.00 3.7337 1.0172 1.0172
650 51.48 55.07 0.00 3.7337 1.0172 1.0172
675 51.61 55.85 0.00 2.7049 0.5863 0.5863
700 51.69 56.50 0.00 1.6102 -1.1226 -1.1226
725 51.69 56.50 0.00 1.6102 -1.1226 -1.1226
750 51.75 57.00 0.00 1.5236 0.6240 0.6240
775 51.75 57.00 0.00 1.5236 0.6240 0.6240
800 51.80 57.37 0.00 0.9082 1.1190 1.1190
825 51.83 57.63 0.00 1.1631 1.4881 1.4881
850 51.89 57.83 0.00 1.8806 1.7234 1.7234
875 51.89 57.83 0.00 1.8806 1.7234 1.7234
900 51.99 57.99 0.00 2.9881 1.9059 1.9059
925 52.13 58.14 0.00 3.4542 1.6312 1.6312
950 52.13 58.14 0.00 3.4542 1.6312 1.6312
975 52.27 58.32 0.00 3.6346 1.2527 1.2527
1000 52.43 58.53 0.00 3.9440 0.6907 0.6907
1025 52.43 58.53 0.00 3.9440 0.6907 0.6907
1050 52.60 58.85 0.00 4.7971 1.0384 1.0384
1075 52.83 59.29 0.00 6.5747 3.4914 3.4914
1100 53.11 59.83 0.00 7.0029 1.8929 1.8929
1125 53.11 59.83 0.00 7.0029 1.8929 1.8929
1150 53.40 60.45 0.00 7.5021 1.4178 1.4178
1175 53.70 61.11 0.00 7.3105 0.7240 0.7240
1200 53.98 61.83 0.00 7.2761 0.8692 0.8692
1225 53.98 61.83 0.00 7.2761 0.8692 0.8692
1250 54.28 62.63 0.00 7.6174 1.2744 1.2744
1275 54.28 62.63 0.00 7.6174 1.2744 1.2744
1300 54.59 63.37 0.00 7.6451 2.1389 2.1389
1325 54.89 63.98 0.00 7.3044 2.6876 2.6876
1350 54.89 63.98 0.00 7.3044 2.6876 2.6876
1375 55.17 64.51 0.00 6.9284 3.6468 3.6468
1400 55.38 64.87 0.00 6.9735 4.3308 4.3308
1425 55.66 65.26 0.00 7.2345 4.7638 4.7638
1450 55.66 65.26 0.00 7.2345 4.7638 4.7638
1475 55.96 65.61 0.00 6.9129 4.2417 4.2417
1500 56.19 65.89 0.00 5.5365 3.1426 3.1426
1525 56.38 66.11 0.00 3.8396 1.4241 1.4241
1550 56.38 66.11 0.00 3.8396 1.4241 1.4241
1575 56.50 66.29 0.00 3.0415 1.6313 1.6313
1600 56.66 66.52 0.00 4.3103 2.8838 2.8838
1625 56.66 66.52 0.00 4.3103 2.8838 2.8838
1650 56.87 66.74 0.00 5.8248 0.3142 0.3142
1675 57.12 66.99 0.00 6.5597 0.8955 0.8955
1700 57.12 66.99 0.00 6.5597 0.8955 0.8955
1725 57.38 67.25 0.00 6.5462 0.4211 0.4211
1750 57.66 67.55 0.00 7.5828 0.1257 0.1257
1775 57.99 67.90 0.00 8.9422 0.6442 0.6442
1800 57.99 67.90 0.00 8.9422 0.6442 0.6442
1825 58.34 68.25 0.00 8.5347 0.7523 0.7523
1850 58.66 68.51 0.00 7.9236 1.8954 1.8954
1875 58.66 68.51 0.00 7.9236 1.8954 1.8954
1900 59.00 68.69 0.00 8.4188 2.9895 2.9895
1925 59.36 68.83 0.00 9.7620 3.1109 3.1109
1950 59.36 68.83 0.00 9.7620 3.1109 3.1109
1975 59.81 68.99 0.00 11.6252 2.9739 2.9739
2000 60.30 69.11 0.00 12.4051 1.5610 1.5610
2025 60.30 69.11 0.00 12.4051 1.5610 1.5610
2050 60.76 69.25 0.00 11.2526 0.8502 0.8502
2075 61.15 69.37 0.00 8.7681 -0.8908 -0.8908
2100 61.46 69.48 0.00 7.3247 0.2168 0.2168
2125 61.46 69.48 0.00 7.3247 0.2168 0.2168
2150 61.75 69.57 0.00 6.8400 1.7304 1.7304
2175 61.94 69.66 0.00 6.4055 0.4085 0.4085
2200 62.19 69.74 0.00 6.2085 1.6694 1.6694
2225 62.19 69.74 0.00 6.2085 1.6694 1.6694
2250 62.46 69.78 0.00 6.8555 0.7510 0.7510
2275 62.46 69.78 0.00 6.8555 0.7510 0.7510
2300 62.72 69.76 0.00 6.3694 -0.7300 -0.7300
2325 62.93 69.69 0.00 4.3900 1.5400 1.5400
2350 63.02 69.59 0.00 1.2872 1.6143 1.6143
2375 63.02 69.59 0.00 1.2872 1.6143 1.6143
2400 63.04 69.45 0.00 0.0788 1.9330 1.9330
2425 63.04 69.31 0.00 -0.0817 1.5387 1.5387
2450 63.04 69.20 0.00 -0.2006 0.4480 0.4480
2475 63.04 69.20 0.00 -0.2006 0.4480 0.4480
2500 63.02 69.11 0.00 -0.9205 0.3091 0.3091
2525 62.93 69.03 0.00 -2.6799 -1.2080 -1.2080
2550 62.93 69.03 0.00 -2.6799 -1.2080 -1.2080
2575 62.79 68.92 0.00 -4.2185 -2.4458 -2.4458
2600 62.79 68.92 0.00 -4.2185 -2.4458 -2.4458
2625 62.60 68.78 0.00 -5.3106 -4.6107 -4.6107
2650 62.40 68.64 0.00 -4.2091 -1.6703 -1.6703
2675 62.24 68.58 0.00 -4.2976 -4.0474 -4.0474
2700 62.07 68.57 0.00 -3.9557 -4.3254 -4.3254
2725 62.07 68.57 0.00 -3.9557 -4.3254 -4.3254
2750 61.92 68.57 0.00 -3.9041 -3.5460 -3.5460
2775 61.76 68.65 0.00 -3.6612 -3.2392 -3.2392
2800 61.76 68.65 0.00 -3.6612 -3.2392 -3.2392
2825 61.64 68.69 0.00 -2.8277 -2.4074 -2.4074
2850 61.55 68.69 0.00 -2.1943 -1.8892 -1.8892
2875 61.55 68.69 0.00 -2.1943 -1.8892 -1.8892
2900 61.45 68.65 0.00 -2.1618 -1.5710 -1.5710
2925 61.41 68.64 0.00 -1.4834 -0.5799 -0.5799
2950 61.41 68.64 0.00 -1.4834 -0.5799 -0.5799
2975 61.38 68.60 0.00 -0.4365 0.3878 0.3878
3000 61.38 68.57 0.00 0.5376 0.3039 0.3039
3025 61.41 68.51 0.00 0.6844 0.2743 0.2743
3050 61.41 68.51 0.00 0.6844 0.2743 0.2743
3075 61.41 68.46 0.00 -0.6637 0.0882 0.0882
3100 61.41 68.46 0.00 -0.6637 0.0882 0.0882
3125 61.32 68.43 0.00 -3.2292 -1.4705 -1.4705
3150 61.13 68.39 0.00 -5.4143 -2.3302 -2.3302
3175 60.88 68.39 0.00 -6.7809 -2.0604 -2.0604
3200 60.88 68.39 0.00 -6.7809 -2.0604 -2.0604
3225 60.56 68.46 0.00 -8.5095 -5.4062 -5.4062
3250 60.21 68.53 0.00 -9.1388 -4.8743 -4.8743
3275 60.21 68.53 0.00 -9.1388 -4.8743 -4.8743
3300 59.82 68.60 0.00 -10.2497 -4.3245 -4.3245
3325 59.38 68.70 0.00 -11.6368 -4.5161 -4.5161
3350 59.38 68.70 0.00 -11.6368 -4.5161 -4.5161
3375 58.87 68.79 0.00 -13.2857 -3.4091 -3.4091
3400 58.26 68.77 0.00 -17.5442 -3.9253 -3.9253
3425 57.45 68.69 0.00 -21.2218 -3.0148 -3.0148
3450 57.45 68.69 0.00 -21.2218 -3.0148 -3.0148
3475 56.57 68.56 0.00 -22.2837 -2.1788 -2.1788
3500 55.66 68.46 0.00 -22.8245 -2.8778 -2.8778
3525 55.66 68.46 0.00 -22.8245 -2.8778 -2.8778
3550 54.79 68.42 0.00 -20.7140 -2.1597 -2.1597
3575 54.19 68.40 0.00 -20.0931 -2.4888 -2.4888
3600 53.30 68.42 0.00 -23.6701 -2.0683 -2.0683
3625 53.30 68.42 0.00 -23.6701 -2.0683 -2.0683
3650 52.30 68.51 0.00 -25.1721 -0.7841 -0.7841
3675 51.36 68.63 0.00 -22.5519 0.3717 0.3717
3700 51.36 68.63 0.00 -22.5519 0.3717 0.3717
3725 50.58 68.84 0.00 -17.2865 -0.6362 -0.6362
3750 50.02 69.14 0.00 -12.8179 -3.7922 -3.7922
3775 50.02 69.14 0.00 -12.8179 -3.7922 -3.7922
3800 49.60 69.54 0.00 -8.5816 -3.2173 -3.2173
3825 49.35 70.04 0.00 -4.8262 -2.7237 -2.7237
3850 49.35 70.04 0.00 -4.8262 -2.7237 -2.7237
3875 49.16 70.59 0.00 -5.0353 -3.4447 -3.4447
3900 48.95 71.16 0.00 -5.3202 -1.1782 -1.1782
3925 48.73 71.77 0.00 -6.0189 -1.5167 -1.5167
3950 48.73 71.77 0.00 -6.0189 -1.5167 -1.5167
3975 48.50 72.47 0.00 -5.3281 -2.4427 -2.4427
4000 48.27 73.28 0.00 -6.7337 -2.1124 -2.1124
4025 48.27 73.28 0.00 -6.7337 -2.1124 -2.1124
4050 47.91 73.98 0.00 -10.3138 -0.8519 -0.8519
4075 47.91 73.98 0.00 -10.3138 -0.8519 -0.8519
4100 47.49 74.59 0.00 -10.9753 -0.4708 -0.4708
4125 47.01 75.07 0.00 -12.2663 -1.0106 -1.0106
4150 46.47 75.47 0.00 -13.7390 -2.2828 -2.2828
4175 46.47 75.47 0.00 -13.7390 -2.2828 -2.2828
4200 45.93 75.78 0.00 -13.4872 -3.1857 -3.1857
4225 45.39 76.02 0.00 -13.3772 -2.0406 -2.0406
4250 45.39 76.02 0.00 -13.3772 -2.0406 -2.0406
4275 44.85 76.31 0.00 -13.9392 -3.6609 -3.6609
4300 44.30 76.70 0.00 -13.0948 -4.3978 -4.3978
4325 43.74 77.16 0.00 -14.5953 -5.8022 -5.8022
4350 43.74 77.16 0.00 -14.5953 -5.8022 -5.8022
4375 43.15 77.66 0.00 -14.9663 -5.1500 -5.1500
4400 42.71 78.07 0.00 -15.2905 -4.5515 -4.5515
4425 42.71 78.07 0.00 -15.2905 -4.5515 -4.5515
4450 41.92 78.57 0.00 -21.6843 -4.2801 -4.2801
4475 41.00 78.97 0.00 -23.2244 -2.2633 -2.2633
4500 41.00 78.97 0.00 -23.2244 -2.2633 -2.2633
4525 40.12 79.33 0.00 -20.7103 -2.3541 -2.3541
4550 39.33 79.70 0.00 -19.5052 -2.9957 -2.9957
4575 38.55 80.13 0.00 -19.3536 -1.8614 -1.8614
4600 38.55 80.13 0.00 -19.3536 -1.8614 -1.8614
4625 37.77 80.59 0.00 -20.7296 -1.3404 -1.3404
4650 36.89 81.05 0.00 -22.5361 -0.8668 -0.8668
4675 35.93 81.50 0.00 -25.4991 -2.2911 -2.2911
4700 35.93 81.50 0.00 -25.4991 -2.2911 -2.2911
4725 34.88 81.95 0.00 -26.1119 0.5927 0.5927
4750 33.86 82.39 0.00 -25.0375 0.3365 0.3365
4775 33.86 82.39 0.00 -25.0375 0.3365 0.3365
4800 32.98 82.83 0.00 -18.8377 -2.6070 -2.6070
4825 32.30 83.21 0.00 -17.7158 -5.9305 -5.9305
4850 32.30 83.21 0.00 -17.7158 -5.9305 -5.9305
4875 31.50 83.58 0.00 -20.3128 -3.0695 -3.0695
4900 30.67 83.95 0.00 -22.1342 -2.6304 -2.6304
4925 29.62 84.25 0.00 -29.1877 -0.8977 -0.8977
4950 29.62 84.25 0.00 -29.1877 -0.8977 -0.8977
4975 28.38 84.61 0.00 -31.7167 -1.1438 -1.1438
5000 27.13 85.04 0.00 -30.9340 -2.5423 -2.5423
5025 27.13 85.04 0.00 -30.9340 -2.5423 -2.5423
5050 25.84 85.44 0.00 -32.6225 -0.0408 -0.0408
5075 24.66 85.80 0.00 -27.4404 1.7235 1.7235
5100 23.73 86.16 0.00 -21.3771 -0.5383 -0.5383
5125 23.73 86.16 0.00 -21.3771 -0.5383 -0.5383
5150 22.91 86.48 0.00 -19.3091 -0.2180 -0.2180
5175 22.19 86.79 0.00 -17.3152 -0.5847 -0.5847
5200 22.19 86.79 0.00 -17.3152 -0.5847 -0.5847
5225 21.48 87.11 0.00 -18.2316 1.2866 1.2866
5250 20.99 87.30 0.00 -14.9205 2.3097 2.3097
5275 20.99 87.30 0.00 -14.9205 2.3097 2.3097
5300 20.61 87.57 0.00 -6.0839 -2.2980 -2.2980
5325 20.49 87.80 0.00 -1.2435 -3.3715 -3.3715
5350 20.49 87.80 0.00 -1.2435 -3.3715 -3.3715
5375 20.55 88.06 0.00 3.2284 -1.4642 -1.4642
5400 20.76 88.22 0.00 5.6352 -1.7502 -1.7502
5425 21.02 88.24 0.00 7.6701 1.9557 1.9557
5450 21.02 88.24 0.00 7.6701 1.9557 1.9557
5475 21.38 88.15 0.00 8.8930 -0.0163 -0.0163
5500 21.67 88.00 0.00 6.0536 1.5125 1.5125
5525 21.67 88.00 0.00 6.0536 1.5125 1.5125
5550 21.89 87.86 0.00 5.6433 1.3330 1.3330
5575 22.02 87.72 0.00 1.7223 1.9483 1.9483
5600 22.08 87.57 0.00 1.8581 2.0833 2.0833
5625 22.08 87.57 0.00 1.8581 2.0833 2.0833
5650 22.23 87.37 0.00 4.2866 0.2270 0.2270
5675 22.38 87.14 0.00 3.3037 -1.8322 -1.8322
5700 22.38 87.14 0.00 3.3037 -1.8322 -1.8322
5725 22.47 86.81 0.00 1.2413 0.5476 0.5476
5750 22.44 86.42 0.00 -1.5671 1.3333 1.3333
5775 22.38 86.05 0.00 -1.1667 -1.0359 -1.0359
5800 22.38 86.05 0.00 -1.1667 -1.0359 -1.0359
5825 22.36 85.77 0.00 -0.1332 -1.5600 -1.5600
5850 22.36 85.77 0.00 -0.1332 -1.5600 -1.5600
5875 22.36 85.55 0.00 -0.5491 -0.8104 -0.8104
5900 22.32 85.40 0.00 -0.8503 -0.3035 -0.3035
5925 22.36 85.21 0.00 2.4977 0.2636 0.2636
5950 22.36 85.21 0.00 2.4977 0.2636 0.2636
5975 22.49 85.00 0.00 3.4580 -1.1435 -1.1435
6000 22.61 84.78 0.00 2.2185 0.2645 0.2645
6025 22.61 84.78 0.00 2.2185 0.2645 0.2645
6050 22.70 84.59 0.00 3.4564 0.1245 0.1245
6075 22.83 84.36 0.00 2.6591 -0.0908 -0.0908
6100 22.91 84.13 0.00 1.9068 1.1333 1.1333
6125 22.91 84.13 0.00 1.9068 1.1333 1.1333
6150 23.00 83.91 0.00 2.6343 0.2446 0.2446
6175 23.11 83.70 0.00 2.7670 -0.7773 -0.7773
6200 23.11 83.70 0.00 2.7670 -0.7773 -0.7773
6225 23.22 83.40 0.00 3.1618 0.0793 0.0793
6250 23.43 83.06 0.00 6.7918 2.7038 2.7038
6275 23.43 83.06 0.00 6.7918 2.7038 2.7038
6300 23.80 82.47 0.00 10.2840 0.7581 0.7581
6325 24.21 81.70 0.00 9.8667 2.2897 2.2897
6350 24.58 80.87 0.00 9.5497 2.2542 2.2542
6375 24.58 80.87 0.00 9.5497 2.2542 2.2542
6400 25.03 80.05 0.00 12.2461 1.2374 1.2374
6425 25.03 80.05 0.00 12.2461 1.2374 1.2374
6450 25.55 79.25 0.00 13.1416 1.3038 1.3038
6475 26.07 78.31 0.00 13.3442 1.7129 1.7129
6500 26.66 77.34 0.00 15.7985 2.0632 2.0632
6525 26.66 77.34 0.00 15.7985 2.0632 2.0632
6550 27.34 76.30 0.00 17.2815 3.2761 3.2761
6575 28.07 75.13 0.00 19.1366 4.6431 4.6431
6600 28.07 75.13 0.00 19.1366 4.6431 4.6431
6625 28.91 73.90 0.00 22.0426 5.4301 5.4301
6650 29.82 72.62 0.00 22.5541 5.8027 5.8027
6675 30.69 71.03 0.00 21.4869 5.9162 5.9162
6700 30.69 71.03 0.00 21.4869 5.9162 5.9162
6725 31.59 69.27 0.00 23.6028 5.0631 5.0631
6750 32.58 67.42 0.00 25.1999 5.6414 5.6414
6775 32.58 67.42 0.00 25.1999 5.6414 5.6414
6800 33.30 66.09 0.00 22.5188 5.4588 5.4588
6825 34.13 64.52 0.00 19.5548 6.5024 6.5024
6850 34.82 63.15 0.00 16.1310 5.6682 5.6682
6875 34.82 63.15 0.00 16.1310 5.6682 5.6682
6900 35.39 62.00 0.00 13.2756 4.4264 4.4264
6925 35.84 61.16 0.00 9.4895 2.9077 2.9077
6950 35.84 61.16 0.00 9.4895 2.9077 2.9077
6975 36.14 60.47 0.00 6.2238 2.7606 2.7606
7000 36.36 59.99 0.00 5.1966 1.2184 1.2184
7025 36.36 59.99 0.00 5.1966 1.2184 1.2184
7050 36.57 59.69 0.00 5.1597 0.3102 0.3102
7075 36.75 59.48 0.00 3.7676 -0.1524 -0.1524
7100 36.85 59.38 0.00 2.3382 0.5782 0.5782
7125 36.85 59.38 0.00 2.3382 0.5782 0.5782
7150 36.94 59.34 0.00 2.3082 0.4229 0.4229
7175 37.07 59.40 0.00 3.6955 -1.1505 -1.1505
7200 37.07 59.40 0.00 3.6955 -1.1505 -1.1505
7225 37.21 59.52 0.00 3.5313 -2.6069 -2.6069
7250 37.31 59.68 0.00 1.9667 -3.3896 -3.3896
7275 37.38 59.79 0.00 1.6511 0.7816 0.7816
7300 37.38 59.79 0.00 1.6511 0.7816 0.7816
7325 37.44 59.86 0.00 0.9134 -0.5734 -0.5734
7350 37.44 59.86 0.00 0.9134 -0.5734 -0.5734
7375 37.47 59.91 0.00 1.0216 -1.6029 -1.6029
7400 37.49 59.97 0.00 0.1275 -2.0045 -2.0045
7425 37.49 59.97 0.00 0.1275 -2.0045 -2.0045
7450 37.49 59.99 0.00 -0.4871 -1.3360 -1.3360
7475 37.46 59.91 0.00 -0.3189 -0.8337 -0.8337
7500 37.46 59.77 0.00 -0.4343 -0.8756 -0.8756
7525 37.46 59.77 0.00 -0.4343 -0.8756 -0.8756
7550 37.42 59.60 0.00 -1.0124 -1.0096 -1.0096
7575 37.38 59.47 0.00 -1.0030 -0.0728 -0.0728
7600 37.38 59.47 0.00 -1.0030 -0.0728 -0.0728
7625 37.35 59.28 0.00 -0.8826 -0.0387 -0.0387
7650 37.31 58.97 0.00 -1.0373 -0.3917 -0.3917
7675 37.31 58.97 0.00 -1.0373 -0.3917 -0.3917
7700 37.26 58.39 0.00 -1.1882 -0.0781 -0.0781
7725 37.23 57.61 0.00 -0.4589 -0.2088 -0.2088
7750 37.26 56.68 0.00 2.0665 -0.6482 -0.6482
7775 37.26 56.68 0.00 2.0665 -0.6482 -0.6482
7800 37.38 55.61 0.00 2.7829 -0.5053 -0.5053
7825 37.49 54.29 0.00 2.5469 -0.1247 -0.1247
7850 37.49 54.29 0.00 2.5469 -0.1247 -0.1247
7875 37.67 52.79 0.00 5.6726 2.2615 2.2615
7900 37.92 51.61 0.00 6.2058 0.0758 0.0758
7925 38.16 50.93 0.00 5.9307 0.6208 0.6208
7950 38.16 50.93 0.00 5.9307 0.6208 0.6208
7975 38.36 50.53 0.00 4.1116 0.1602 0.1602
8000 38.43 50.35 0.00 -0.1090 -0.5866 -0.5866
8025 38.43 50.35 0.00 -0.1090 -0.5866 -0.5866
8050 38.34 50.33 0.00 -2.8487 0.8911 0.8911
8075 38.20 50.38 0.00 -4.1572 0.2802 0.2802
8100 38.20 50.38 0.00 -4.1572 0.2802 0.2802
8125 38.00 50.43 0.00 -5.0344 -0.7240 -0.7240
8150 37.70 50.52 0.00 -10.1009 -1.3132 -1.3132
8175 37.17 50.60 0.00 -14.4074 -2.2958 -2.2958
8200 37.17 50.60 0.00 -14.4074 -2.2958 -2.2958
8225 36.55 50.69 0.00 -16.1463 -4.5479 -4.5479
8250 35.82 50.69 0.00 -19.6147 -5.8721 -5.8721
8275 35.82 50.69 0.00 -19.6147 -5.8721 -5.8721
8300 35.02 50.46 0.00 -20.0926 -5.0595 -5.0595
8325 34.22 49.80 0.00 -19.2682 -4.3030 -4.3030
8350 33.75 49.02 0.00 -13.1725 -2.0981 -2.0981
8375 33.75 49.02 0.00 -13.1725 -2.0981 -2.0981
8400 33.75 49.02 0.00 -13.1725 -2.0981 -2.0981
8425 33.32 46.91 0.00 1.9277 -0.3896 -0.3896
8450 33.32 46.91 0.00 1.9277 -0.3896 -0.3896
8475 33.57 46.05 0.00 8.0058 1.3723 1.3723
8500 33.95 45.47 0.00 10.4402 1.5863 1.5863
8525 33.95 45.47 0.00 10.4402 1.5863 1.5863
8550 34.43 45.05 0.00 12.3465 3.0301 3.0301
8575 34.89 44.58 0.00 11.3996 2.8801 2.8801
8600 34.89 44.58 0.00 11.3996 2.8801 2.8801
8625 35.32 44.15 0.00 10.0226 1.4745 1.4745
8650 35.70 43.66 0.00 9.1718 2.8192 2.8192
8675 35.70 43.66 0.00 9.1718 2.8192 2.8192
8700 36.07 43.05 0.00 10.0492 3.4110 3.4110
8725 36.53 42.51 0.00 11.8125 2.8422 2.8422
8750 36.99 41.87 0.00 11.6276 3.7842 3.7842
8775 36.99 41.87 0.00 11.6276 3.7842 3.7842
8800 37.37 41.20 0.00 7.1832 3.2078 3.2078
8825 37.53 40.51 0.00 1.2117 2.3146 2.3146
8850 37.53 40.51 0.00 1.2117 2.3146 2.3146
8875 37.44 39.56 0.00 -3.7711 3.0392 3.0392
8900 37.24 38.55 0.00 -4.9824 0.7313 0.7313
8925 37.24 38.55 0.00 -4.9824 0.7313 0.7313
8950 37.03 37.64 0.00 -5.3699 -0.5324 -0.5324
8975 36.83 36.77 0.00 -4.5606 -1.4382 -1.4382
9000 36.62 36.05 0.00 -6.1913 -4.3454 -4.3454
9025 36.62 36.05 0.00 -6.1913 -4.3454 -4.3454
9050 36.37 35.46 0.00 -5.3757 -2.7522 -2.7522
9075 36.16 35.04 0.00 -6.4441 -2.1332 -2.1332
9100 35.84 34.50 0.00 -8.4042 -0.2685 -0.2685
9125 35.84 34.50 0.00 -8.4042 -0.2685 -0.2685
9150 35.61 34.19 0.00 -7.3379 -0.9401 -0.9401
9175 35.61 34.19 0.00 -7.3379 -0.9401 -0.9401
9200 35.36 33.98 0.00 -5.2586 -4.0967 -4.0967
9225 35.23 33.78 0.00 -2.2007 -3.0266 -3.0266
9250 35.20 33.70 0.00 0.1785 -3.1494 -3.1494
9275 35.20 33.70 0.00 0.1785 -3.1494 -3.1494
9300 35.22 33.70 0.00 -0.0601 -2.4255 -2.4255
9325 35.18 33.41 0.00 -0.5230 -0.2511 -0.2511
9350 35.22 33.01 0.00 1.2957 -0.2623 -0.2623
9375 35.22 33.01 0.00 1.2957 -0.2623 -0.2623
9400 35.25 32.58 0.00 0.7295 -0.9044 -0.9044
9425 35.25 32.58 0.00 0.7295 -0.9044 -0.9044
9450 35.29 32.05 0.00 0.4891 -1.8808 -1.8808
9475 35.25 31.45 0.00 -1.8127 -4.0484 -4.0484
9500 35.13 30.81 0.00 -3.9800 -5.6049 -5.6049
9525 34.98 30.22 0.00 -3.1462 -6.2530 -6.2530
9550 34.98 30.22 0.00 -3.1462 -6.2530 -6.2530
9575 34.88 29.77 0.00 -2.4263 -6.2470 -6.2470
9600 34.75 29.50 0.00 -3.6284 -4.6220 -4.6220
9625 34.75 29.50 0.00 -3.6284 -4.6220 -4.6220
9650 34.59 29.37 0.00 -4.1828 -5.4648 -5.4648
9675 34.47 29.34 0.00 -2.3308 -3.9414 -3.9414
9700 34.47 29.34 0.00 -2.3308 -3.9414 -3.9414
9725 34.36 29.46 0.00 -3.2487 -4.2933 -4.2933
9750 34.22 29.57 0.00 -3.6240 -3.4680 -3.4680
9775 34.22 29.57 0.00 -3.6240 -3.4680 -3.4680
9800 34.07 29.62 0.00 -3.8235 -4.2828 -4.2828
9825 33.88 29.71 0.00 -5.5319 -4.4440 -4.4440
9850 33.88 29.71 0.00 -5.5319 -4.4440 -4.4440
9875 33.53 29.81 0.00 -10.0947 -5.5163 -5.5163
9900 33.23 29.75 0.00 -10.3437 -3.2562 -3.2562
9925 33.23 29.75 0.00 -10.3437 -3.2562 -3.2562
9950 32.78 29.48 0.00 -11.9037 -6.1570 -6.1570
9975 32.30 28.88 0.00 -12.0770 -6.0069 -6.0069
10000 31.86 28.16 0.00 -9.8585 -5.4572 -5.4572
10025 31.86 28.16 0.00 -9.8585 -5.4572 -5.4572
10050 31.48 27.33 0.00 -9.6192 -6.1948 -6.1948
10075 31.09 26.29 0.00 -9.7776 -7.6011 -7.6011
10100 30.76 25.29 0.00 -7.4430 -10.1652 -10.1652
10125 30.76 25.29 0.00 -7.4430 -10.1652 -10.1652
10150 30.44 24.41 0.00 -9.2484 -12.8629 -12.8629
10175 30.02 23.64 0.00 -10.6915 -11.2176 -11.2176
10200 30.02 23.64 0.00 -10.6915 -11.2176 -11.2176
10225 29.64 23.03 0.00 -8.9244 -10.8310 -10.8310
10250 29.25 22.40 0.00 -10.0115 -13.9924 -13.9924
10275 29.25 22.40 0.00 -10.0115 -13.9924 -13.9924
10300 28.89 21.85 0.00 -8.2676 -15.8609 -15.8609
10325 28.67 21.56 0.00 -3.6363 -14.1241 -14.1241
10350 28.56 21.31 0.00 -3.1438 -14.8672 -14.8672
10375 28.56 21.31 0.00 -3.1438 -14.8672 -14.8672
10400 28.42 21.08 0.00 -3.3966 -12.0479 -12.0479
10425 28.25 20.83 0.00 -5.0921 -11.5719 -11.5719
10450 28.25 20.83 0.00 -5.0921 -11.5719 -11.5719
10475 28.01 20.48 0.00 -6.7745 -12.8025 -12.8025
10500 27.59 19.94 0.00 -11.7991 -18.9344 -18.9344
10525 27.59 19.94 0.00 -11.7991 -18.9344 -18.9344
10550 27.15 19.52 0.00 -11.0904 -19.8172 -19.8172
10575 26.71 19.19 0.00 -10.7836 -21.3176 -21.3176
10600 26.29 18.68 0.00 -11.3580 -21.9666 -21.9666
10625 26.29 18.68 0.00 -11.3580 -21.9666 -21.9666
10650 25.73 17.96 0.00 -15.6985 -24.7041 -24.7041
10675 25.18 17.31 0.00 -19.8749 -27.7090 -27.7090
10700 25.18 17.31 0.00 -19.8749 -27.7090 -27.7090
10725 24.38 16.48 0.00 -19.5545 -27.0564 -27.0564
10750 23.69 15.83 0.00 -15.8106 -25.3420 -25.3420
10775 23.69 15.83 0.00 -15.8106 -25.3420 -25.3420
10800 23.15 15.49 0.00 -12.4616 -22.1273 -22.1273
10825 22.64 15.28 0.00 -11.9447 -18.6597 -18.6597
10850 22.21 15.16 0.00 -10.7926 -15.5381 -15.5381
10875 22.21 15.16 0.00 -10.7926 -15.5381 -15.5381
10900 21.82 15.29 0.00 -9.0709 -13.2459 -13.2459
10925 21.44 15.33 0.00 -9.2480 -14.1214 -14.1214
10950 21.44 15.33 0.00 -9.2480 -14.1214 -14.1214
10975 21.14 15.42 0.00 -5.5871 -9.5512 -9.5512
11000 21.00 15.67 0.00 -2.6300 -7.4792 -7.4792
11025 20.93 15.91 0.00 -1.2309 -6.7764 -6.7764
11050 20.93 15.91 0.00 -1.2309 -6.7764 -6.7764
11075 20.89 16.11 0.00 -1.0797 -6.2738 -6.2738
11100 20.89 16.11 0.00 -1.0797 -6.2738 -6.2738
11125 20.83 16.22 0.00 -2.2936 -5.8458 -5.8458
11150 20.72 16.38 0.00 -3.4805 -6.7541 -6.7541
11175 20.57 16.45 0.00 -3.3073 -3.8887 -3.8887
11200 20.57 16.45 0.00 -3.3073 -3.8887 -3.8887
11225 20.44 16.39 0.00 -2.8614 -4.4675 -4.4675
11250 20.36 16.38 0.00 -2.1013 -4.4638 -4.4638
11275 20.36 16.38 0.00 -2.1013 -4.4638 -4.4638
11300 20.30 16.39 0.00 -0.8362 -1.4354 -1.4354
11325 20.30 16.39 0.00 -0.8362 -1.4354 -1.4354
11350 20.09 16.57 0.00 -5.7244 -4.3376 -4.3376
11375 20.09 16.57 0.00 -5.7244 -4.3376 -4.3376
11400 19.79 16.66 0.00 -8.8127 -5.6850 -5.6850
11425 19.48 16.77 0.00 -10.6794 -8.4576 -8.4576
11450 19.48 16.77 0.00 -10.6794 -8.4576 -8.4576
11475 19.03 16.89 0.00 -11.7471 -10.7172 -10.7172
11500 18.59 16.89 0.00 -10.1373 -9.7935 -9.7935
11525 18.16 16.83 0.00 -10.8847 -11.5147 -11.5147
11550 18.16 16.83 0.00 -10.8847 -11.5147 -11.5147
11575 17.66 16.71 0.00 -13.7523 -12.5127 -12.5127
11600 17.06 16.42 0.00 -14.5583 -13.2280 -13.2280
11625 17.06 16.42 0.00 -14.5583 -13.2280 -13.2280
11650 16.60 16.12 0.00 -9.9829 -10.4734 -10.4734
11675 16.25 16.02 0.00 -7.6868 -9.4900 -9.4900
11700 16.25 16.02 0.00 -7.6868 -9.4900 -9.4900
11725 16.04 15.80 0.00 -4.7034 -4.8495 -4.8495
11750 15.96 15.35 0.00 0.8024 -0.0374 -0.0374
11775 15.96 15.35 0.00 0.8024 -0.0374 -0.0374
11800 16.04 14.58 0.00 2.4378 7.3060 7.3060
11825 16.23 13.62 0.00 7.0973 12.6744 12.6744
11850 16.62 13.05 0.00 11.0240 10.7093 10.7093
11875 16.62 13.05 0.00 11.0240 10.7093 10.7093
11900 17.12 12.88 0.00 13.5608 6.8516 6.8516
11925 17.60 12.79 0.00 10.4521 6.5320 6.5320
11950 17.60 12.79 0.00 10.4521 6.5320 6.5320
11975 17.95 12.96 0.00 8.2138 7.4709 7.4709
12000 18.24 13.36 0.00 5.9624 7.4633 7.4633
12025 18.24 13.36 0.00 5.9624 7.4633 7.4633
12050 18.47 13.79 0.00 6.5173 7.8128 7.8128
12075 18.74 14.27 0.00 6.0738 6.4994 6.4994
12100 18.74 14.27 0.00 6.0738 6.4994 6.4994
12125 18.99 14.63 0.00 6.3811 7.3818 7.3818
12150 19.20 14.91 0.00 4.6149 5.7133 5.7133
12175 19.35 15.10 0.00 2.8276 3.7274 3.7274
12200 19.35 15.10 0.00 2.8276 3.7274 3.7274
12225 19.39 15.19 0.00 -0.2107 -1.7227 -1.7227
12250 19.39 15.15 0.00 0.8720 0.3565 0.3565
12275 19.39 15.15 0.00 0.8720 0.3565 0.3565
12300 19.41 15.15 0.00 0.3245 -0.0419 -0.0419
12325 19.45 15.27 0.00 0.7118 0.9529 0.9529
12350 19.52 15.46 0.00 3.7840 3.3011 3.3011
12375 19.52 15.46 0.00 3.7840 3.3011 3.3011
12400 19.75 15.77 0.00 6.7590 6.2623 6.2623
12425 20.21 16.29 0.00 14.9137 14.4716 14.4716
12450 20.21 16.29 0.00 14.9137 14.4716 14.4716
12475 21.08 17.27 0.00 25.5343 25.0555 25.0555
12500 21.08 17.27 0.00 25.5343 25.0555 25.0555
12525 22.25 18.80 0.00 29.8695 28.4689 28.4689
12550 23.37 20.67 0.00 27.4985 27.6697 27.6697
12575 24.47 22.68 0.00 26.9761 24.9995 24.9995
12600 24.47 22.68 0.00 26.9761 24.9995 24.9995
12625 25.47 24.29 0.00 22.6382 22.1965 22.1965
12650 26.20 25.10 0.00 15.4589 16.8973 16.8973
12675 26.66 25.75 0.00 8.5251 7.6164 7.6164
12700 26.66 25.75 0.00 8.5251 7.6164 7.6164
12725 26.82 26.50 0.00 1.4371 4.2184 4.2184
12750 26.82 27.00 0.00 -0.4340 5.2782 5.2782
12775 26.82 27.00 0.00 -0.4340 5.2782 5.2782
12800 26.86 27.33 0.00 2.8766 6.5265 6.5265
12825 27.08 27.62 0.00 5.5460 6.1196 6.1196
12850 27.30 27.78 0.00 5.5792 5.6280 5.6280
12875 27.30 27.78 0.00 5.5792 5.6280 5.6280
12900 27.57 27.91 0.00 6.9370 7.5085 7.5085
12925 27.85 28.20 0.00 6.7898 4.7734 4.7734
12950 27.85 28.20 0.00 6.7898 4.7734 4.7734
12975 28.20 28.48 0.00 10.7244 6.7194 6.7194
13000 28.78 28.85 0.00 16.8070 8.6194 8.6194
13025 29.38 29.22 0.00 21.9304 10.4242 10.4242
13050 29.38 29.22 0.00 21.9304 10.4242 10.4242
13075 30.34 29.76 0.00 24.0227 10.7438 10.7438
13100 30.34 29.76 0.00 24.0227 10.7438 10.7438
13125 31.30 30.19 0.00 23.2851 13.2478 13.2478
13150 32.12 30.59 0.00 18.5768 11.9076 11.9076
13175 32.12 30.59 0.00 18.5768 11.9076 11.9076
13200 32.78 30.89 0.00 15.1098 11.3844 11.3844
13225 33.34 31.20 0.00 13.7815 9.9927 9.9927
13250 33.84 31.45 0.00 10.9358 8.1450 8.1450
13275 33.84 31.45 0.00 10.9358 8.1450 8.1450
13300 34.23 31.69 0.00 8.9316 7.9780 7.9780
13325 34.52 32.13 0.00 5.7875 6.5746 6.5746
13350 34.68 32.67 0.00 3.7285 4.8297 4.8297
13375 34.68 32.67 0.00 3.7285 4.8297 4.8297
13400 34.79 33.37 0.00 1.1443 2.7340 2.7340
13425 34.77 34.25 0.00 -1.0985 2.5224 2.5224
13450 34.77 34.25 0.00 -1.0985 2.5224 2.5224
13475 34.70 34.95 0.00 -1.7126 0.5133 0.5133
13500 34.75 35.58 0.00 2.7685 4.4191 4.4191
13525 34.75 35.58 0.00 2.7685 4.4191 4.4191
13550 34.82 35.91 0.00 1.0010 1.3583 1.3583
13575 34.84 36.03 0.00 0.5631 -0.3368 -0.3368
13600 34.86 36.14 0.00 -0.3176 -1.9458 -1.9458
13625 34.86 36.14 0.00 -0.3176 -1.9458 -1.9458
13650 34.84 36.24 0.00 -0.8709 -1.2557 -1.2557
13675 34.81 36.45 0.00 -0.7469 -2.2204 -2.2204
13700 34.81 36.45 0.00 -0.7469 -2.2204 -2.2204
13725 34.84 36.68 0.00 2.4816 1.0610 1.0610
13750 35.04 36.91 0.00 6.2856 0.5624 0.5624
13775 35.04 36.91 0.00 6.2856 0.5624 0.5624
13800 35.39 37.27 0.00 9.8193 2.4377 2.4377
13825 35.82 37.69 0.00 11.1945 2.9876 2.9876
13850 36.32 38.32 0.00 13.2555 3.7995 3.7995
13875 36.32 38.32 0.00 13.2555 3.7995 3.7995
13900 36.91 39.07 0.00 16.0895 3.6695 3.6695
13925 37.60 39.80 0.00 17.7888 5.9622 5.9622
13950 37.60 39.80 0.00 17.7888 5.9622 5.9622
13975 38.32 40.52 0.00 18.6367 6.9935 6.9935
14000 39.14 41.15 0.00 21.4618 8.9424 8.9424
14025 39.14 41.15 0.00 21.4618 8.9424 8.9424
14050 40.02 41.43 0.00 21.9379 9.1690 9.1690
14075 40.95 41.79 0.00 24.9060 6.7332 6.7332
14100 40.95 41.79 0.00 24.9060 6.7332 6.7332
14125 42.08 42.10 0.00 29.9095 13.5549 13.5549
14150 43.24 42.45 0.00 27.1592 12.6004 12.6004
14175 43.24 42.45 0.00 27.1592 12.6004 12.6004
14200 44.02 42.67 0.00 14.5975 11.5911 11.5911
14225 44.39 42.82 0.00 7.2001 9.3833 9.3833
14250 44.79 43.07 0.00 12.8279 8.3560 8.3560
14275 44.79 43.07 0.00 12.8279 8.3560 8.3560
14300 45.48 43.39 0.00 18.4598 7.8314 7.8314
14325 46.30 43.68 0.00 21.7264 10.9993 10.9993
14350 46.30 43.68 0.00 21.7264 10.9993 10.9993
14375 47.10 44.42 0.00 18.7157 6.9586 6.9586
14400 47.77 45.79 0.00 15.2084 6.9272 6.9272
14425 48.27 47.57 0.00 11.3344 5.0566 5.0566
14450 48.27 47.57 0.00 11.3344 5.0566 5.0566
14475 48.66 49.71 0.00 9.2301 2.6269 2.6269
14500 49.07 51.94 0.00 11.2217 4.4838 4.4838
14525 49.07 51.94 0.00 11.2217 4.4838 4.4838
14550 49.62 53.86 0.00 14.5461 5.9235 5.9235
14575 50.07 55.04 0.00 15.3891 5.9575 5.9575
14600 50.07 55.04 0.00 15.3891 5.9575 5.9575
14625 50.65 56.35 0.00 13.8314 6.3386 6.3386
14650 51.13 57.21 0.00 10.9734 8.0049 8.0049
14675 51.54 57.74 0.00 9.8648 6.7261 6.7261
14700 51.54 57.74 0.00 9.8648 6.7261 6.7261
14725 51.94 58.13 0.00 10.0474 7.1945 7.1945
14750 52.34 58.46 0.00 9.9196 5.0589 5.0589
14775 52.34 58.46 0.00 9.9196 5.0589 5.0589
14800 52.76 58.85 0.00 11.1632 5.3656 5.3656
14825 53.26 59.37 0.00 13.2521 3.3209 3.3209
14850 53.86 60.09 0.00 15.6211 3.0674 3.0674
14875 53.86 60.09 0.00 15.6211 3.0674 3.0674
14900 54.51 61.07 0.00 17.2657 3.2286 3.2286
14925 55.29 62.28 0.00 21.1357 2.9841 2.9841
14950 55.29 62.28 0.00 21.1357 2.9841 2.9841
14975 56.20 63.59 0.00 23.4243 -0.2877 -0.2877
15000 57.15 65.06 0.00 24.1268 -1.4929 -1.4929
15025 57.15 65.06 0.00 24.1268 -1.4929 -1.4929
15050 58.15 66.43 0.00 24.9376 -0.8383 -0.8383
15075 59.17 67.65 0.00 26.0149 -1.2369 -1.2369
15100 59.17 67.65 0.00 26.0149 -1.2369 -1.2369
15125 60.23 68.81 0.00 26.3154 -2.6177 -2.6177
15150 61.36 69.99 0.00 32.5962 -2.8595 -2.8595
15175 63.18 70.91 0.00 53.1372 -1.9945 -1.9945
15200 63.18 70.91 0.00 53.1372 -1.9945 -1.9945
15225 65.52 71.40 0.00 61.5358 -2.1289 -2.1289
15250 67.40 71.62 0.00 63.8751 0.3995 0.3995
15275 67.40 71.62 0.00 63.8751 0.3995 0.3995
15300 70.00 71.94 0.00 63.9275 0.8537 0.8537
15325 72.35 72.48 0.00 55.9908 -1.3940 -1.3940
15350 72.35 72.48 0.00 55.9908 -1.3940 -1.3940
15375 74.49 73.17 0.00 53.1694 -0.9190 -0.9190
15400 76.46 73.72 0.00 45.2541 -5.6208 -5.6208
15425 78.05 74.24 0.00 37.4929 -5.3985 -5.3985
15450 78.05 74.24 0.00 37.4929 -5.3985 -5.3985
15475 79.26 74.81 0.00 23.8636 -6.5661 -6.5661
15500 79.77 75.57 0.00 5.3965 -5.2141 -5.2141
15525 79.77 75.57 0.00 5.3965 -5.2141 -5.2141
15550 79.62 76.48 0.00 -7.8834 -2.3031 -2.3031
15575 79.11 77.57 0.00 -15.5346 -4.3761 -4.3761
15600 79.11 77.57 0.00 -15.5346 -4.3761 -4.3761
15625 78.35 78.96 0.00 -19.4347 -3.1529 -3.1529
15650 77.79 80.48 0.00 -10.7420 -1.5193 -1.5193
15675 77.34 82.03 0.00 -13.5485 -5.5487 -5.5487
15700 77.34 82.03 0.00 -13.5485 -5.5487 -5.5487
15725 76.68 83.62 0.00 -17.2887 0.5610 0.5610
15750 76.68 83.62 0.00 -17.2887 0.5610 0.5610
15775 75.90 84.93 0.00 -21.1667 2.0327 2.0327
15800 75.03 86.01 0.00 -20.9585 3.7160 3.7160
15825 75.03 86.01 0.00 -20.9585 3.7160 3.7160
15850 74.38 86.76 0.00 -12.7900 -0.9676 -0.9676
15875 74.04 87.29 0.00 -6.4434 -2.9499 -2.9499
15900 73.97 87.79 0.00 0.6982 -3.9156 -3.9156
15925 73.97 87.79 0.00 0.6982 -3.9156 -3.9156
15950 74.06 88.14 0.00 2.6957 -1.7149 -1.7149
15975 74.19 88.26 0.00 3.6438 0.9260 0.9260
16000 74.45 88.24 0.00 8.4047 0.9885 0.9885
16025 74.45 88.24 0.00 8.4047 0.9885 0.9885
16050 74.73 88.18 0.00 10.7218 1.7087 1.7087
16075 75.36 88.06 0.00 18.8664 4.0104 4.0104
16100 75.36 88.06 0.00 18.8664 4.0104 4.0104
16125 76.29 87.75 0.00 25.5452 4.0274 4.0274
16150 77.30 87.33 0.00 24.0049 8.5083 8.5083
16175 78.24 86.89 0.00 22.8463 10.7056 10.7056
16200 78.24 86.89 0.00 22.8463 10.7056 10.7056
16225 78.96 86.06 0.00 13.8903 11.1840 11.1840
16250 79.45 85.11 0.00 12.3301 13.3983 13.3983
16275 79.45 85.11 0.00 12.3301 13.3983 13.3983
16300 79.93 84.01 0.00 10.1853 13.3198 13.3198
16325 80.21 82.72 0.00 6.7228 14.2222 14.2222
16350 80.46 81.50 0.00 4.6771 13.1606 13.1606
16375 80.46 81.50 0.00 4.6771 13.1606 13.1606
16400 80.50 80.54 0.00 -0.6547 10.2807 10.2807
16425 80.50 80.54 0.00 -0.6547 10.2807 10.2807
16450 80.40 79.69 0.00 -4.0100 6.5372 6.5372
16475 80.17 78.98 0.00 -5.9301 3.2200 3.2200
16500 80.00 78.71 0.00 -3.2687 2.9436 2.9436
16525 80.00 78.71 0.00 -3.2687 2.9436 2.9436
16550 80.12 78.83 0.00 8.9788 2.8660 2.8660
16575 80.80 79.09 0.00 22.8590 5.5161 5.5161
16600 80.80 79.09 0.00 22.8590 5.5161 5.5161
16625 82.03 79.28 0.00 35.9413 8.1518 8.1518
16650 83.85 79.25 0.00 49.4287 9.8691 9.8691
16675 83.85 79.25 0.00 49.4287 9.8691 9.8691
16700 85.75 79.17 0.00 47.0934 9.3781 9.3781
16725 87.71 79.11 0.00 48.8763 8.3388 8.3388
16750 89.49 79.02 0.00 41.5136 3.3904 3.3904
16775 89.49 79.02 0.00 41.5136 3.3904 3.3904
16800 90.67 79.01 0.00 19.1952 0.0625 0.0625
16825 90.59 78.78 0.00 -14.4033 4.0784 4.0784
16850 90.59 78.78 0.00 -14.4033 4.0784 4.0784
16875 89.45 78.47 0.00 -34.0105 4.2642 4.2642
16900 88.27 78.24 0.00 -42.6552 0.7488 0.7488
16925 86.38 77.89 0.00 -48.3602 -4.9819 -4.9819
16950 86.38 77.89 0.00 -48.3602 -4.9819 -4.9819
16975 84.59 77.58 0.00 -41.5022 -6.9946 -6.9946
17000 82.99 77.25 0.00 -40.9284 -6.1367 -6.1367
17025 82.99 77.25 0.00 -40.9284 -6.1367 -6.1367
17050 81.45 76.86 0.00 -34.8789 -4.0263 -4.0263
17075 80.19 76.44 0.00 -31.3230 -5.3041 -5.3041
17100 78.79 75.99 0.00 -36.1147 -4.0672 -4.0672
17125 78.79 75.99 0.00 -36.1147 -4.0672 -4.0672
17150 77.41 75.50 0.00 -33.1292 -3.1730 -3.1730
17175 76.14 74.93 0.00 -30.6982 -5.8033 -5.8033
17200 76.14 74.93 0.00 -30.6982 -5.8033 -5.8033
17225 75.06 74.41 0.00 -25.2729 -5.3613 -5.3613
17250 74.12 73.83 0.00 -23.2822 -5.0034 -5.0034
17275 74.12 73.83 0.00 -23.2822 -5.0034 -5.0034
17300 73.22 73.28 0.00 -20.9103 -1.5663 -1.5663
17325 72.54 72.86 0.00 -14.5205 -0.8551 -0.8551
17350 72.54 72.86 0.00 -14.5205 -0.8551 -0.8551
17375 72.06 72.46 0.00 -10.6011 -0.7057 -0.7057
17400 71.62 72.03 0.00 -12.2447 -1.4121 -1.4121
17425 71.04 71.63 0.00 -14.7905 -0.6725 -0.6725
17450 71.04 71.63 0.00 -14.7905 -0.6725 -0.6725
17475 70.47 71.29 0.00 -14.2534 -0.3900 -0.3900
17500 69.89 70.91 0.00 -13.8271 -1.3807 -1.3807
17525 69.56 70.60 0.00 -4.7801 1.1973 1.1973
17550 69.56 70.60 0.00 -4.7801 1.1973 1.1973
17575 69.49 70.43 0.00 -0.6511 -1.6420 -1.6420
17600 69.51 70.36 0.00 1.4155 0.0264 0.0264
17625 69.51 70.36 0.00 1.4155 0.0264 0.0264
17650 69.71 70.41 0.00 7.7016 0.4677 0.4677
17675 69.71 70.41 0.00 7.7016 0.4677 0.4677
17700 70.05 70.39 0.00 12.7466 1.7828 1.7828
17725 70.55 70.16 0.00 10.6510 8.0031 8.0031
17750 70.93 69.77 0.00 10.3943 14.1279 14.1279
17775 70.93 69.77 0.00 10.3943 14.1279 14.1279
17800 71.35 68.95 0.00 10.2853 13.3772 13.3772
17825 71.62 67.69 0.00 3.7096 15.8803 15.8803
17850 71.62 67.69 0.00 3.7096 15.8803 15.8803
17875 71.60 66.49 0.00 0.1204 17.2483 17.2483
17900 71.73 65.88 0.00 4.6774 8.9498 8.9498
17925 71.91 65.47 0.00 3.0903 6.5522 6.5522
17950 71.91 65.47 0.00 3.0903 6.5522 6.5522
17975 71.93 64.83 0.00 -1.5834 7.0231 7.0231
18000 71.60 63.92 0.00 -11.9853 10.4497 10.4497
18025 71.60 63.92 0.00 -11.9853 10.4497 10.4497
18050 71.02 62.64 0.00 -15.6164 9.3364 9.3364
18075 70.38 60.73 0.00 -14.7815 15.5062 15.5062
18100 69.85 58.43 0.00 -12.5099 17.7860 17.7860
18125 69.85 58.43 0.00 -12.5099 17.7860 17.7860
18150 69.56 56.22 0.00 -1.9975 14.5755 14.5755
18175 69.80 54.45 0.00 9.5032 8.7677 8.7677
18200 69.80 54.45 0.00 9.5032 8.7677 8.7677
18225 70.25 53.11 0.00 10.9583 5.8042 5.8042
18250 70.60 51.28 0.00 8.1904 6.4338 6.4338
18275 70.60 51.28 0.00 8.1904 6.4338 6.4338
18300 70.91 49.58 0.00 6.4131 8.0819 8.0819
18325 71.18 48.19 0.00 9.0781 7.0248 7.0248
18350 71.18 48.19 0.00 9.0781 7.0248 7.0248
18375 71.79 47.20 0.00 19.5416 8.3839 8.3839
18400 72.88 46.46 0.00 30.6231 7.3935 7.3935
18425 72.88 46.46 0.00 30.6231 7.3935 7.3935
18450 74.17 46.51 0.00 35.0487 0.5461 0.5461
18475 75.40 47.11 0.00 43.5072 -2.7456 -2.7456
18500 77.02 48.00 0.00 35.4517 -4.0594 -4.0594
18525 77.02 48.00 0.00 35.4517 -4.0594 -4.0594
18550 77.92 48.74 0.00 13.8905 1.7817 1.7817
18575 78.09 49.26 0.00 -2.1615 3.7173 3.7173
18600 78.09 49.26 0.00 -2.1615 3.7173 3.7173
18625 77.85 49.59 0.00 -6.1836 1.8514 1.8514
18650 77.68 49.97 0.00 -3.8828 1.0671 1.0671
18675 77.68 49.97 0.00 -3.8828 1.0671 1.0671
18700 77.47 50.09 0.00 -5.8398 -0.8959 -0.8959
18725 77.21 49.97 0.00 -6.8906 -0.2818 -0.2818
18750 76.93 49.80 0.00 -7.2524 -0.0177 -0.0177
18775 76.93 49.80 0.00 -7.2524 -0.0177 -0.0177
18800 76.57 49.65 0.00 -10.6063 -2.5645 -2.5645
18825 76.01 49.39 0.00 -16.0980 -2.5687 -2.5687
18850 76.01 49.39 0.00 -16.0980 -2.5687 -2.5687
18875 75.27 49.09 0.00 -19.4153 -1.6693 -1.6693
18900 74.54 48.90 0.00 -16.1899 1.4968 1.4968
18925 74.54 48.90 0.00 -16.1899 1.4968 1.4968
18950 74.04 48.79 0.00 -10.4006 2.4987 2.4987
18975 73.77 48.64 0.00 -5.0302 -0.2049 -0.2049
19000 73.77 48.64 0.00 -5.0302 -0.2049 -0.2049
19025 73.57 48.25 0.00 -5.5979 -0.9489 -0.9489
19050 73.22 47.56 0.00 -11.5115 1.5211 1.5211
19075 72.57 46.42 0.00 -19.1651 5.8958 5.8958
19100 72.57 46.42 0.00 -19.1651 5.8958 5.8958
19125 71.71 44.92 0.00 -22.0762 5.6944 5.6944
19150 70.89 43.65 0.00 -19.1312 1.9243 1.9243
19175 70.29 42.49 0.00 -12.0752 0.0081 0.0081
19200 70.29 42.49 0.00 -12.0752 0.0081 0.0081
19225 69.96 41.26 0.00 -6.1124 -1.9280 -1.9280
19250 69.82 40.62 0.00 -4.6992 -2.3019 -2.3019
19275 69.82 40.62 0.00 -4.6992 -2.3019 -2.3019
19300 69.64 40.07 0.00 -4.7783 -0.7995 -0.7995
19325 69.33 39.90 0.00 -9.4376 -0.3631 -0.3631
19350 69.33 39.90 0.00 -9.4376 -0.3631 -0.3631
19375 68.95 39.86 0.00 -9.2962 -0.2363 -0.2363
19400 68.64 39.95 0.00 -6.5958 -3.4177 -3.4177
19425 68.44 40.21 0.00 -3.7531 -3.9216 -3.9216
19450 68.44 40.21 0.00 -3.7531 -3.9216 -3.9216
19475 68.34 40.41 0.00 -2.5339 -3.0109 -3.0109
19500 68.26 40.47 0.00 -1.1878 -2.0157 -2.0157
19525 68.26 40.47 0.00 -1.1878 -2.0157 -2.0157
19550 68.25 40.50 0.00 0.2162 -0.6840 -0.6840
19575 68.23 40.56 0.00 -1.8630 -0.8820 -0.8820
19600 68.23 40.56 0.00 -1.8630 -0.8820 -0.8820
19625 68.05 40.61 0.00 -6.3961 -1.4648 -1.4648
19650 67.76 40.62 0.00 -6.5845 -0.3378 -0.3378
19675 67.58 40.67 0.00 -3.4173 -0.4740 -0.4740
19700 67.58 40.67 0.00 -3.4173 -0.4740 -0.4740
19725 67.49 40.73 0.00 -1.4374 -1.7368 -1.7368
19750 67.43 40.73 0.00 -2.2706 -1.3233 -1.3233
19775 67.43 40.73 0.00 -2.2706 -1.3233 -1.3233
19800 67.27 40.72 0.00 -4.5361 -0.5289 -0.5289
19825 67.06 40.73 0.00 -5.8128 -1.0252 -1.0252
19850 67.06 40.73 0.00 -5.8128 -1.0252 -1.0252
19875 66.81 40.63 0.00 -6.1050 -0.8690 -0.8690
19900 66.54 40.43 0.00 -7.1075 -1.5951 -1.5951
19925 66.54 40.43 0.00 -7.1075 -1.5951 -1.5951
19950 66.27 40.20 0.00 -6.7902 -0.3387 -0.3387
19975 66.00 39.98 0.00 -6.2799 0.9260 0.9260
20000 65.84 39.83 0.00 -5.5738 1.3128 1.3128
20025 65.84 39.83 0.00 -5.5738 1.3128 1.3128
20050 65.62 39.73 0.00 -4.9739 0.0191 0.0191
20075 65.45 39.81 0.00 -3.8606 -1.8920 -1.8920
20100 65.45 39.81 0.00 -3.8606 -1.8920 -1.8920
20125 65.34 39.99 0.00 -2.7162 -2.3224 -2.3224
20150 65.18 40.15 0.00 -4.3942 -3.6799 -3.6799
20175 65.18 40.15 0.00 -4.3942 -3.6799 -3.6799
20200 65.00 40.27 0.00 -4.6938 -3.4150 -3.4150
20225 64.82 40.60 0.00 -4.1793 -5.8872 -5.8872
20250 64.61 41.21 0.00 -6.2270 -8.6072 -8.6072
20275 64.61 41.21 0.00 -6.2270 -8.6072 -8.6072
20300 64.30 42.10 0.00 -8.9415 -11.2031 -11.2031
20325 63.80 43.26 0.00 -15.0488 -15.5619 -15.5619
20350 63.80 43.26 0.00 -15.0488 -15.5619 -15.5619
20375 63.04 44.46 0.00 -20.6358 -13.3407 -13.3407
20400 62.15 45.61 0.00 -23.9534 -11.2024 -11.2024
20425 62.15 45.61 0.00 -23.9534 -11.2024 -11.2024
20450 60.85 46.87 0.00 -37.8334 -12.1074 -12.1074
20475 59.26 48.07 0.00 -38.5923 -10.5297 -10.5297
20500 57.87 49.31 0.00 -32.1467 -10.7659 -10.7659
20525 57.87 49.31 0.00 -32.1467 -10.7659 -10.7659
20550 56.69 50.59 0.00 -28.7398 -13.1359 -13.1359
20575 55.61 51.93 0.00 -25.4403 -8.3258 -8.3258
20600 55.61 51.93 0.00 -25.4403 -8.3258 -8.3258
20625 54.44 53.46 0.00 -35.9465 -11.3891 -11.3891
20650 52.67 54.93 0.00 -46.3950 -8.3832 -8.3832
20675 52.67 54.93 0.00 -46.3950 -8.3832 -8.3832
20700 50.75 56.24 0.00 -49.2609 -9.8200 -9.8200
20725 48.81 57.69 0.00 -45.9734 -10.7806 -10.7806
20750 47.33 59.32 0.00 -31.7043 -9.5430 -9.5430
20775 47.33 59.32 0.00 -31.7043 -9.5430 -9.5430
20800 46.58 60.57 0.00 -22.6339 -12.6981 -12.6981
20825 45.83 62.21 0.00 -17.6113 -12.5043 -12.5043
20850 45.23 63.70 0.00 -13.4570 -9.4395 -9.4395
20875 45.23 63.70 0.00 -13.4570 -9.4395 -9.4395
20900 44.67 65.07 0.00 -14.0907 -8.5006 -8.5006
20925 44.04 66.31 0.00 -16.2242 -6.5467 -6.5467
20950 44.04 66.31 0.00 -16.2242 -6.5467 -6.5467
20975 43.50 67.39 0.00 -11.6543 -5.9613 -5.9613
21000 43.13 68.40 0.00 -8.2351 -8.2145 -8.2145
21025 43.13 68.40 0.00 -8.2351 -8.2145 -8.2145
21050 42.83 69.35 0.00 -7.2609 -7.0586 -7.0586
21075 42.62 70.02 0.00 -3.3194 -5.0935 -5.0935
21100 42.62 70.02 0.00 -3.3194 -5.0935 -5.0935
21125 42.46 70.47 0.00 -5.3222 -4.9100 -4.9100
21150 42.22 70.80 0.00 -5.7160 -2.7691 -2.7691
21175 42.01 71.02 0.00 -5.7049 -2.8872 -2.8872
21200 42.01 71.02 0.00 -5.7049 -2.8872 -2.8872
21225 41.78 71.14 0.00 -6.0248 -3.4280 -3.4280
21250 41.43 71.16 0.00 -9.9026 -4.4162 -4.4162
21275 41.43 71.16 0.00 -9.9026 -4.4162 -4.4162
21300 41.08 71.12 0.00 -7.8791 -2.5787 -2.5787
21325 40.78 71.12 0.00 -8.1681 -5.5043 -5.5043
21350 40.78 71.12 0.00 -8.1681 -5.5043 -5.5043
21375 40.27 71.16 0.00 -14.8534 -4.8132 -4.8132
21400 39.81 71.16 0.00 -16.0323 -5.4530 -5.4530
21425 38.96 71.31 0.00 -17.3920 -7.5561 -7.5561
21450 38.96 71.31 0.00 -17.3920 -7.5561 -7.5561
21475 38.34 71.47 0.00 -22.6377 -6.0262 -6.0262
21500 37.33 71.81 0.00 -26.2041 -1.8106 -1.8106
21525 37.33 71.81 0.00 -26.2041 -1.8106 -1.8106
21550 36.30 72.34 0.00 -25.1902 -1.3328 -1.3328
21575 35.25 73.04 0.00 -26.3742 -2.2402 -2.2402
21600 35.25 73.04 0.00 -26.3742 -2.2402 -2.2402
21625 34.29 73.68 0.00 -24.3245 -2.0847 -2.0847
21650 33.12 74.17 0.00 -30.5115 -3.6534 -3.6534
21675 31.92 74.58 0.00 -29.6810 -3.1664 -3.1664
21700 31.92 74.58 0.00 -29.6810 -3.1664 -3.1664
21725 30.87 74.91 0.00 -25.1533 -4.6783 -4.6783
21750 29.89 75.18 0.00 -22.5396 -2.6153 -2.6153
21775 29.89 75.18 0.00 -22.5396 -2.6153 -2.6153
21800 29.18 75.44 0.00 -17.0982 -2.4833 -2.4833
21825 28.47 75.65 0.00 -17.9268 -5.5021 -5.5021
21850 28.47 75.65 0.00 -17.9268 -5.5021 -5.5021
21875 27.74 75.84 0.00 -19.4878 -3.4871 -3.4871
21900 26.80 76.04 0.00 -25.5714 -1.7355 -1.7355
21925 25.90 76.43 0.00 -18.8428 -2.4704 -2.4704
21950 25.90 76.43 0.00 -18.8428 -2.4704 -2.4704
21975 25.36 76.79 0.00 -10.2708 -4.9426 -4.9426
22000 25.12 77.16 0.00 -3.3831 -6.2859 -6.2859
22025 25.12 77.16 0.00 -3.3831 -6.2859 -6.2859
22050 25.09 77.65 0.00 -1.0041 -6.8832 -6.8832
22075 24.79 78.25 0.00 -11.3210 -3.3928 -3.3928
22100 24.27 79.07 0.00 -12.8621 -3.9056 -3.9056
22125 24.27 79.07 0.00 -12.8621 -3.9056 -3.9056
22150 23.82 80.32 0.00 -10.0033 -8.0989 -8.0989
22175 23.82 80.32 0.00 -10.0033 -8.0989 -8.0989
22200 23.28 81.33 0.00 -17.9140 -6.3798 -6.3798
22225 22.68 81.68 0.00 -19.9949 -0.8910 -0.8910
22250 22.10 81.76 0.00 -11.3423 -2.2269 -2.2269
22275 21.70 81.76 0.00 -9.1638 -4.6053 -4.6053
22300 21.70 81.76 0.00 -9.1638 -4.6053 -4.6053
22325 21.70 81.76 0.00 -9.1638 -4.6053 -4.6053
22350 21.48 81.84 0.00 -3.0988 -3.7788 -3.7788
22375 21.42 82.12 0.00 -1.8564 -6.8685 -6.8685
22400 21.17 82.39 0.00 -8.5514 -6.0958 -6.0958
22425 20.80 82.51 0.00 -9.9335 -4.2994 -4.2994
22450 20.80 82.51 0.00 -9.9335 -4.2994 -4.2994
22475 20.40 82.55 0.00 -9.9071 -2.6819 -2.6819
22500 20.09 82.60 0.00 -5.7956 -4.2341 -4.2341
22525 19.96 82.69 0.00 -2.3410 -4.6516 -4.6516
22550 19.96 82.69 0.00 -2.3410 -4.6516 -4.6516
22575 19.88 82.79 0.00 -2.9967 -4.2428 -4.2428
22600 19.52 82.95 0.00 -12.1760 -1.3765 -1.3765
22625 19.52 82.95 0.00 -12.1760 -1.3765 -1.3765
22650 19.01 83.03 0.00 -12.2196 -2.7383 -2.7383
22675 18.53 83.15 0.00 -13.1798 -6.2828 -6.2828
22700 18.53 83.15 0.00 -13.1798 -6.2828 -6.2828
22725 17.84 83.23 0.00 -19.1462 -2.6334 -2.6334
22750 16.99 83.31 0.00 -24.7211 -2.7853 -2.7853
22775 16.99 83.31 0.00 -24.7211 -2.7853 -2.7853
22800 15.90 83.36 0.00 -25.7683 1.4556 1.4556
22825 15.39 83.31 0.00 -2.7520 -2.9137 -2.9137
22850 15.74 83.20 0.00 12.1407 -11.5425 -11.5425
22875 15.74 83.20 0.00 12.1407 -11.5425 -11.5425
22900 16.19 83.07 0.00 10.8543 -4.8846 -4.8846
22925 16.58 82.92 0.00 9.0263 0.2164 0.2164
22950 16.58 82.92 0.00 9.0263 0.2164 0.2164
22975 16.97 82.71 0.00 8.4075 -1.4407 -1.4407
23000 17.04 82.63 0.00 -1.6566 -3.6898 -3.6898
23025 17.04 82.63 0.00 -1.6566 -3.6898 -3.6898
23050 16.97 82.58 0.00 -0.3703 -0.7494 -0.7494
23075 17.06 82.52 0.00 5.2302 -3.8958 -3.8958
23100 17.37 82.45 0.00 7.9271 -7.9444 -7.9444
23125 17.37 82.45 0.00 7.9271 -7.9444 -7.9444
23150 17.62 82.33 0.00 5.3128 -3.2565 -3.2565
23175 17.78 82.23 0.00 3.5254 -1.5677 -1.5677
23200 17.78 82.23 0.00 3.5254 -1.5677 -1.5677
23225 17.89 82.18 0.00 1.7820 -0.8528 -0.8528
23250 17.95 82.03 0.00 1.9161 1.3122 1.3122
23275 18.07 81.84 0.00 1.8745 1.2686 1.2686
23300 18.07 81.84 0.00 1.8745 1.2686 1.2686
23325 17.99 81.71 0.00 -2.8772 3.3765 3.3765
23350 17.95 81.58 0.00 0.6168 3.6031 3.6031
23375 17.95 81.58 0.00 0.6168 3.6031 3.6031
23400 18.11 81.49 0.00 5.3643 -0.3555 -0.3555
23425 18.34 81.44 0.00 5.6142 -1.7116 -1.7116
23450 18.34 81.44 0.00 5.6142 -1.7116 -1.7116
23475 18.51 81.41 0.00 3.8119 -1.8941 -1.8941
23500 18.62 81.33 0.00 2.2210 -1.8599 -1.8599
23525 18.62 81.33 0.00 2.2210 -1.8599 -1.8599
23550 18.70 81.26 0.00 1.9395 -1.1566 -1.1566
23575 18.83 81.20 0.00 4.4283 -1.0175 -1.0175
23600 19.04 81.15 0.00 5.6872 -2.7494 -2.7494
23625 19.04 81.15 0.00 5.6872 -2.7494 -2.7494
23650 19.27 81.07 0.00 5.9383 1.1003 1.1003
23675 19.60 80.93 0.00 9.5631 0.0426 0.0426
23700 19.60 80.93 0.00 9.5631 0.0426 0.0426
23725 20.13 80.72 0.00 15.5641 0.3329 0.3329
23750 20.66 80.52 0.00 18.7931 0.5191 0.5191
23775 20.66 80.52 0.00 18.7931 0.5191 0.5191
23800 21.51 80.19 0.00 22.5410 1.6754 1.6754
23825 22.47 79.74 0.00 25.2377 4.1529 4.1529
23850 23.63 79.10 0.00 31.5063 5.6799 5.6799
23875 23.63 79.10 0.00 31.5063 5.6799 5.6799
23900 25.03 78.34 0.00 37.3795 4.2558 4.2558
23925 25.03 78.34 0.00 37.3795 4.2558 4.2558
23950 26.78 77.39 0.00 47.4731 3.3833 3.3833
23975 28.85 76.43 0.00 53.2345 6.2189 6.2189
24000 31.00 75.52 0.00 53.7094 9.0536 9.0536
24025 31.00 75.52 0.00 53.7094 9.0536 9.0536
24050 33.03 74.78 0.00 47.7444 9.5608 9.5608
24075 34.66 74.11 0.00 36.1354 12.2026 12.2026
24100 34.66 74.11 0.00 36.1354 12.2026 12.2026
24125 35.86 73.53 0.00 26.5395 13.7832 13.7832
24150 36.78 73.15 0.00 20.7804 11.1094 11.1094
24175 37.37 72.92 0.00 10.8836 9.8418 9.8418
24200 37.37 72.92 0.00 10.8836 9.8418 9.8418
24225 37.63 72.70 0.00 4.5917 8.1733 8.1733
24250 37.86 72.49 0.00 6.2601 7.5296 7.5296
24275 37.86 72.49 0.00 6.2601 7.5296 7.5296
24300 38.13 72.38 0.00 7.3197 2.9364 2.9364
24325 38.45 72.38 0.00 8.3746 2.1580 2.1580
24350 38.45 72.38 0.00 8.3746 2.1580 2.1580
24375 38.78 72.47 0.00 7.9966 2.1210 2.1210
24400 38.78 72.47 0.00 7.9966 2.1210 2.1210
24425 39.07 72.63 0.00 6.1116 3.1703 3.1703
24450 39.24 72.71 0.00 3.7648 2.9809 2.9809
24475 39.40 72.75 0.00 4.3707 2.9338 2.9338
24500 39.40 72.75 0.00 4.3707 2.9338 2.9338
24525 39.58 72.76 0.00 4.5822 0.6718 0.6718
24550 39.81 72.78 0.00 6.2529 1.4856 1.4856
24575 40.07 72.80 0.00 6.7879 2.6403 2.6403
24600 40.07 72.80 0.00 6.7879 2.6403 2.6403
24625 40.27 72.78 0.00 6.5767 3.7579 3.7579
24650 40.58 72.78 0.00 8.5912 3.3189 3.3189
24675 40.58 72.78 0.00 8.5912 3.3189 3.3189
24700 41.00 72.79 0.00 11.2983 3.1734 3.1734
24725 41.50 72.75 0.00 13.4752 4.2605 4.2605
24750 42.11 72.68 0.00 16.6978 4.8479 4.8479
24775 42.11 72.68 0.00 16.6978 4.8479 4.8479
24800 42.83 72.66 0.00 18.2982 2.7129 2.7129
24825 43.55 72.64 0.00 18.2877 4.4000 4.4000
24850 43.55 72.64 0.00 18.2877 4.4000 4.4000
24875 44.34 72.43 0.00 19.8908 6.4588 6.4588
24900 45.16 72.20 0.00 21.0379 6.3788 6.3788
24925 45.16 72.20 0.00 21.0379 6.3788 6.3788
24950 46.02 72.00 0.00 21.3297 7.1268 7.1268
24975 46.82 71.78 0.00 19.6176 6.7040 6.7040
25000 46.82 71.78 0.00 19.6176 6.7040 6.7040
25025 47.59 71.71 0.00 18.9992 6.3353 6.3353
25050 48.36 71.72 0.00 19.4150 5.6264 5.6264
25075 48.36 71.72 0.00 19.4150 5.6264 5.6264
25100 49.13 71.69 0.00 18.5811 5.1095 5.1095
25125 49.83 71.53 0.00 16.9273 5.8231 5.8231
25150 50.49 71.25 0.00 16.4522 6.7032 6.7032
25175 51.12 70.97 0.00 15.0386 5.8477 5.8477
25200 51.12 70.97 0.00 15.0386 5.8477 5.8477
25225 51.75 70.71 0.00 16.1953 5.2403 5.2403
25250 52.39 70.45 0.00 16.2501 5.0827 5.0827
25275 52.39 70.45 0.00 16.2501 5.0827 5.0827
25300 53.09 70.13 0.00 18.6474 5.3866 5.3866
25325 53.88 69.71 0.00 19.6043 4.4809 4.4809
25350 53.88 69.71 0.00 19.6043 4.4809 4.4809
25375 54.65 69.21 0.00 18.4904 5.4526 5.4526
25400 55.12 68.72 0.00 13.9880 5.6956 5.6956
25425 55.59 67.72 0.00 11.3325 8.0802 8.0802
25450 55.59 67.72 0.00 11.3325 8.0802 8.0802
25475 56.03 66.48 0.00 10.8534 7.9951 7.9951
25500 56.47 65.40 0.00 11.2198 5.9271 5.9271
25525 56.47 65.40 0.00 11.2198 5.9271 5.9271
25550 56.96 64.66 0.00 12.9459 6.1132 6.1132
25575 57.52 64.33 0.00 14.6131 6.2346 6.2346
25600 57.52 64.33 0.00 14.6131 6.2346 6.2346
25625 58.13 64.46 0.00 15.0009 5.9198 5.9198
25650 58.64 64.52 0.00 11.1982 7.0533 7.0533
25675 58.64 64.52 0.00 11.1982 7.0533 7.0533
25700 59.01 64.20 0.00 8.7815 7.0344 7.0344
25725 59.40 63.71 0.00 10.6064 6.3484 6.3484
25750 59.91 63.23 0.00 15.1470 5.9721 5.9721
25775 59.91 63.23 0.00 15.1470 5.9721 5.9721
25800 60.79 62.82 0.00 26.2760 3.7767 3.7767
25825 62.05 62.51 0.00 34.9042 2.9618 2.9618
25850 62.05 62.51 0.00 34.9042 2.9618 2.9618
25875 63.73 62.34 0.00 46.5924 4.8938 4.8938
25900 65.71 62.29 0.00 50.5308 4.1813 4.1813
25925 67.65 62.38 0.00 46.0798 -0.8902 -0.8902
25950 67.65 62.38 0.00 46.0798 -0.8902 -0.8902
25975 69.28 62.39 0.00 36.5932 -1.3671 -1.3671
26000 70.49 62.27 0.00 26.3648 0.3774 0.3774
26025 70.49 62.27 0.00 26.3648 0.3774 0.3774
26050 71.29 62.17 0.00 16.2526 3.5543 3.5543
26075 71.73 61.98 0.00 8.0576 3.7682 3.7682
26100 71.73 61.98 0.00 8.0576 3.7682 3.7682
26125 71.88 61.73 0.00 1.0514 3.9145 3.9145
26150 71.84 61.57 0.00 -2.5532 2.1563 2.1563
26175 71.84 61.57 0.00 -2.5532 2.1563 2.1563
26200 71.64 61.39 0.00 -6.5756 0.0742 0.0742
26225 71.29 61.18 0.00 -9.3439 -0.1540 -0.1540
26250 71.29 61.18 0.00 -9.3439 -0.1540 -0.1540
26275 71.00 60.81 0.00 -5.7576 1.8118 1.8118
26300 70.82 60.20 0.00 -4.0070 1.0615 1.0615
26325 70.73 59.58 0.00 -1.3201 2.8491 2.8491
26350 70.73 59.58 0.00 -1.3201 2.8491 2.8491
26375 70.73 58.99 0.00 1.5551 2.5780 2.5780
26400 70.89 58.32 0.00 6.2924 2.7087 2.7087
26425 71.24 57.66 0.00 10.0334 2.1565 2.1565
26450 71.24 57.66 0.00 10.0334 2.1565 2.1565
26475 71.73 57.06 0.00 13.5504 2.9682 2.9682
26500 72.32 56.52 0.00 15.0686 2.9398 2.9398
26525 72.32 56.52 0.00 15.0686 2.9398 2.9398
26550 72.94 56.12 0.00 15.8363 3.6504 3.6504
26575 73.53 55.78 0.00 13.9636 2.5235 2.5235
26600 73.53 55.78 0.00 13.9636 2.5235 2.5235
26625 74.04 55.44 0.00 12.0814 3.0393 3.0393
26650 74.43 55.23 0.00 7.9799 2.4644 2.4644
26675 74.43 55.23 0.00 7.9799 2.4644 2.4644
26700 74.60 55.06 0.00 1.5628 1.4984 1.4984
26725 74.53 54.93 0.00 -4.0024 1.9664 1.9664
26750 74.53 54.93 0.00 -4.0024 1.9664 1.9664
26775 74.30 54.89 0.00 -6.3451 1.7554 1.7554
26800 73.99 54.79 0.00 -8.4636 0.5722 0.5722
26825 73.62 54.63 0.00 -9.8964 0.8342 0.8342
26850 73.62 54.63 0.00 -9.8964 0.8342 0.8342
26875 73.20 54.48 0.00 -10.6163 -0.7168 -0.7168
26900 72.77 54.38 0.00 -10.1187 -0.5429 -0.5429
26925 72.77 54.38 0.00 -10.1187 -0.5429 -0.5429
26950 72.39 54.34 0.00 -9.5932 -0.6429 -0.6429
26975 72.10 54.31 0.00 -9.6133 -0.9358 -0.9358
27000 71.71 54.32 0.00 -10.2134 -1.5163 -1.5163
27025 71.71 54.32 0.00 -10.2134 -1.5163 -1.5163
27050 71.29 54.37 0.00 -9.6537 -1.4879 -1.4879
27075 70.96 54.40 0.00 -7.3668 -1.2293 -1.2293
27100 70.96 54.40 0.00 -7.3668 -1.2293 -1.2293
27125 70.73 54.28 0.00 -5.1566 -1.6219 -1.6219
27150 70.55 54.05 0.00 -4.4937 -0.9965 -0.9965
27175 70.38 53.62 0.00 -3.3603 2.6933 2.6933
27200 70.38 53.62 0.00 -3.3603 2.6933 2.6933
27225 70.29 53.00 0.00 -2.2862 6.3247 6.3247
27250 70.29 53.00 0.00 -2.2862 6.3247 6.3247
27275 70.18 52.35 0.00 -2.9831 4.4097 4.4097
27300 70.05 51.88 0.00 -3.4736 3.2104 3.2104
27325 69.89 51.74 0.00 -4.2212 1.0429 1.0429
27350 69.89 51.74 0.00 -4.2212 1.0429 1.0429
27375 69.75 51.74 0.00 -2.4967 -0.0853 -0.0853
27400 69.69 51.58 0.00 -1.0311 0.4190 0.4190
27425 69.64 51.36 0.00 -1.8732 -0.2155 -0.2155
27450 69.64 51.36 0.00 -1.8732 -0.2155 -0.2155
27475 69.56 51.09 0.00 -1.7886 0.5368 0.5368
27500 69.56 51.09 0.00 -1.7886 0.5368 0.5368
27525 69.47 50.95 0.00 -1.9610 1.3529 1.3529
27550 69.42 50.77 0.00 -1.2977 0.9166 0.9166
27575 69.38 50.53 0.00 -0.6139 0.7579 0.7579
27600 69.38 50.53 0.00 -0.6139 0.7579 0.7579
27625 69.37 50.22 0.00 -0.0753 1.2679 1.2679
27650 69.37 49.84 0.00 0.0371 2.0346 2.0346
27675 69.37 49.84 0.00 0.0371 2.0346 2.0346
27700 69.38 49.36 0.00 0.6546 2.7594 2.7594
27725 69.42 48.92 0.00 1.4406 1.8897 1.8897
27750 69.42 48.92 0.00 1.4406 1.8897 1.8897
27775 69.47 48.18 0.00 0.9375 3.3342 3.3342
27800 69.42 47.37 0.00 -2.6781 4.1011 4.1011
27825 69.42 47.37 0.00 -2.6781 4.1011 4.1011
27850 69.20 46.56 0.00 -6.8973 2.6540 2.6540
27875 68.84 45.63 0.00 -9.7680 2.9117 2.9117
27900 68.43 44.60 0.00 -11.3692 2.0783 2.0783
27925 68.43 44.60 0.00 -11.3692 2.0783 2.0783
27950 67.92 43.65 0.00 -12.9564 0.9891 0.9891
27975 67.92 43.65 0.00 -12.9564 0.9891 0.9891
28000 66.93 42.17 0.00 -11.1138 -1.2846 -1.2846
28025 66.93 42.17 0.00 -11.1138 -1.2846 -1.2846
28050 66.52 41.62 0.00 -9.6642 -0.9686 -0.9686
28075 66.18 41.18 0.00 -8.1722 -0.3468 -0.3468
28100 66.18 41.18 0.00 -8.1722 -0.3468 -0.3468
28125 65.82 40.90 0.00 -9.8593 -1.3099 -1.3099
28150 65.82 40.90 0.00 -9.8593 -1.3099 -1.3099
28175 64.77 40.45 0.00 -14.3152 -2.1639 -2.1639
28200 64.77 40.45 0.00 -14.3152 -2.1639 -2.1639
28225 64.25 40.24 0.00 -11.5513 -2.8816 -2.8816
28250 63.89 40.05 0.00 -7.1970 -1.1077 -1.1077
28275 63.89 40.05 0.00 -7.1970 -1.1077 -1.1077
28300 63.68 39.86 0.00 -4.1772 -1.2500 -1.2500
28325 63.59 39.68 0.00 -1.3325 0.7836 0.7836
28350 63.59 39.68 0.00 -1.3325 0.7836 0.7836
28375 63.52 39.47 0.00 -2.3244 -0.4744 -0.4744
28400 63.38 39.33 0.00 -4.1437 -2.8193 -2.8193
28425 63.38 39.33 0.00 -4.1437 -2.8193 -2.8193
28450 63.18 39.24 0.00 -6.0472 -3.7874 -3.7874
28475 62.86 39.17 0.00 -8.3870 -4.2547 -4.2547
28500 62.86 39.17 0.00 -8.3870 -4.2547 -4.2547
28525 62.54 39.13 0.00 -7.6771 -3.2062 -3.2062
28550 62.35 39.04 0.00 -5.6832 -0.9762 -0.9762
28575 62.15 38.82 0.00 -5.0029 -1.7809 -1.7809
28600 62.15 38.82 0.00 -5.0029 -1.7809 -1.7809
28625 61.94 38.56 0.00 -5.1051 -2.5111 -2.5111
28650 61.76 38.26 0.00 -4.0900 -0.2160 -0.2160
28675 61.76 38.26 0.00 -4.0900 -0.2160 -0.2160
28700 61.59 37.92 0.00 -4.6703 -0.1772 -0.1772
28725 61.38 37.60 0.00 -5.9202 0.7095 0.7095
28750 61.13 37.33 0.00 -5.8905 -1.7284 -1.7284
28775 61.13 37.33 0.00 -5.8905 -1.7284 -1.7284
28800 60.92 37.20 0.00 -5.2113 -4.5073 -4.5073
28825 60.72 37.17 0.00 -4.0874 -5.2251 -5.2251
28850 60.72 37.17 0.00 -4.0874 -5.2251 -5.2251
28875 60.56 37.21 0.00 -4.7944 -6.3231 -6.3231
28900 60.35 37.27 0.00 -5.3119 -4.6215 -4.6215
28925 60.35 37.27 0.00 -5.3119 -4.6215 -4.6215
28950 60.14 37.41 0.00 -5.7312 -3.4900 -3.4900
28975 59.86 37.52 0.00 -7.5086 -4.9547 -4.9547
29000 59.86 37.52 0.00 -7.5086 -4.9547 -4.9547
29025 59.54 37.59 0.00 -7.8830 -4.1185 -4.1185
29050 59.22 37.71 0.00 -7.8916 -4.5081 -4.5081
29075 58.91 37.91 0.00 -8.5867 -4.7339 -4.7339
29100 58.91 37.91 0.00 -8.5867 -4.7339 -4.7339
29125 58.49 37.86 0.00 -11.2823 -1.4152 -1.4152
29150 58.49 37.86 0.00 -11.2823 -1.4152 -1.4152
29175 57.99 37.49 0.00 -12.7192 -0.7607 -0.7607
29200 57.54 36.83 0.00 -10.5039 -0.9243 -0.9243
29225 57.19 35.82 0.00 -8.1891 -0.7667 -0.7667
29250 57.19 35.82 0.00 -8.1891 -0.7667 -0.7667
29275 56.89 34.65 0.00 -7.2044 -1.5358 -1.5358
29300 56.61 33.59 0.00 -6.8265 -0.5165 -0.5165
29325 56.36 32.95 0.00 -9.1831 -3.2392 -3.2392
29350 56.36 32.95 0.00 -9.1831 -3.2392 -3.2392
29375 56.03 32.38 0.00 -7.4530 -4.7426 -4.7426
29400 55.80 32.02 0.00 -4.6789 -5.1908 -5.1908
29425 55.80 32.02 0.00 -4.6789 -5.1908 -5.1908
29450 55.63 31.66 0.00 -4.5105 -4.2483 -4.2483
29475 55.47 31.31 0.00 -2.8968 -1.3458 -1.3458
29500 55.47 31.31 0.00 -2.8968 -1.3458 -1.3458
29525 55.38 31.07 0.00 -2.4861 -0.3396 -0.3396
29550 55.26 31.04 0.00 -3.1020 -2.5185 -2.5185
29575 55.12 31.14 0.00 -3.8057 -1.5980 -1.5980
29600 55.12 31.14 0.00 -3.8057 -1.5980 -1.5980
29625 54.94 31.18 0.00 -4.6842 -1.5318 -1.5318
29650 54.70 31.13 0.00 -7.5208 -3.3377 -3.3377
29675 54.70 31.13 0.00 -7.5208 -3.3377 -3.3377
29700 54.23 30.92 0.00 -13.9933 -3.1986 -3.1986
29725 53.54 30.45 0.00 -18.7929 -5.0799 -5.0799
29750 53.54 30.45 0.00 -18.7929 -5.0799 -5.0799
29775 52.78 29.82 0.00 -19.3788 -5.9974 -5.9974
29800 51.96 29.15 0.00 -20.8233 -7.5013 -7.5013
29825 51.10 28.55 0.00 -22.5779 -9.4813 -9.4813
29850 51.10 28.55 0.00 -22.5779 -9.4813 -9.4813
29875 50.14 28.05 0.00 -24.5807 -10.3276 -10.3276
29900 49.16 27.62 0.00 -23.3646 -9.9677 -9.9677
29925 49.16 27.62 0.00 -23.3646 -9.9677 -9.9677
29950 48.32 27.25 0.00 -20.0380 -10.6572 -10.6572
29975 47.66 27.04 0.00 -13.7350 -7.7119 -7.7119
30000 47.66 27.04 0.00 -13.7350 -7.7119 -7.7119
30025 47.26 26.96 0.00 -9.2892 -6.5762 -6.5762
30050 46.98 26.85 0.00 -4.5186 -3.6283 -3.6283
30075 46.98 26.85 0.00 -4.5186 -3.6283 -3.6283
30100 46.91 26.89 0.00 -0.0959 -3.1821 -3.1821
30125 46.93 27.06 0.00 0.3115 -5.1324 -5.1324
30150 46.94 27.38 0.00 0.3877 -3.8631 -3.8631
30175 46.94 27.38 0.00 0.3877 -3.8631 -3.8631
30200 46.96 27.75 0.00 0.7594 -2.8487 -2.8487
30225 47.01 28.21 0.00 1.5409 -1.2371 -1.2371
30250 47.07 28.86 0.00 1.7514 -0.2996 -0.2996
30275 47.07 28.86 0.00 1.7514 -0.2996 -0.2996
30300 47.15 29.58 0.00 2.2926 -0.1427 -0.1427
30325 47.28 30.44 0.00 3.5774 0.5678 0.5678
30350 47.28 30.44 0.00 3.5774 0.5678 0.5678
30375 47.49 31.33 0.00 5.6452 3.5330 3.5330
30400 47.70 32.07 0.00 5.1939 4.5726 4.5726
30425 47.91 32.81 0.00 4.8402 5.5965 5.5965
30450 47.91 32.81 0.00 4.8402 5.5965 5.5965
30475 48.11 33.58 0.00 5.9469 4.8964 4.8964
30500 48.11 33.58 0.00 5.9469 4.8964 4.8964
30525 48.32 34.24 0.00 4.6276 3.1692 3.1692
30550 48.48 34.61 0.00 3.4316 2.7407 2.7407
30575 48.60 34.98 0.00 2.7728 1.9067 1.9067
30600 48.60 34.98 0.00 2.7728 1.9067 1.9067
30625 48.74 35.32 0.00 4.3230 4.8178 4.8178
30650 48.92 35.71 0.00 3.8302 3.7906 3.7906
30675 48.92 35.71 0.00 3.8302 3.7906 3.7906
30700 49.04 36.08 0.00 2.8834 2.4249 2.4249
30725 49.14 36.31 0.00 2.2246 2.0707 2.0707
30750 49.25 36.38 0.00 2.6513 0.6112 0.6112
30775 49.25 36.38 0.00 2.6513 0.6112 0.6112
30800 49.30 36.44 0.00 0.7280 -0.6765 -0.6765
30825 49.30 36.44 0.00 0.7280 -0.6765 -0.6765
30850 49.32 36.50 0.00 0.1433 -0.0336 -0.0336
30875 49.30 36.58 0.00 -1.2626 -1.1251 -1.1251
30900 49.25 36.69 0.00 -0.6882 -0.3043 -0.3043
30925 49.25 36.69 0.00 -0.6882 -0.3043 -0.3043
30950 49.27 36.84 0.00 1.1560 0.6817 0.6817
30975 49.35 37.03 0.00 2.2542 0.3973 0.3973
31000 49.35 37.03 0.00 2.2542 0.3973 0.3973
31025 49.44 37.24 0.00 2.5226 1.1738 1.1738
31050 49.51 37.51 0.00 1.1652 -0.6015 -0.6015
31075 49.53 37.87 0.00 -0.2756 -0.8524 -0.8524
31100 49.53 37.87 0.00 -0.2756 -0.8524 -0.8524
31125 49.51 38.18 0.00 -0.8067 -1.1755 -1.1755
31150 49.46 38.42 0.00 -1.2258 -2.0539 -2.0539
31175 49.46 38.42 0.00 -1.2258 -2.0539 -2.0539
31200 49.48 38.67 0.00 2.0288 0.8001 0.8001
31225 49.60 38.92 0.00 3.2790 -0.5952 -0.5952
31250 49.60 38.92 0.00 3.2790 -0.5952 -0.5952
31275 49.72 39.24 0.00 2.8849 -2.6247 -2.6247
31300 49.81 39.63 0.00 1.3135 -2.5028 -2.5028
31325 49.83 40.05 0.00 0.2576 -2.0649 -2.0649
31350 49.83 40.05 0.00 0.2576 -2.0649 -2.0649
31375 49.84 40.53 0.00 0.0380 -1.7248 -1.7248
31400 49.83 41.00 0.00 -0.0412 -1.3937 -1.3937
31425 49.83 41.00 0.00 -0.0412 -1.3937 -1.3937
31450 49.83 41.45 0.00 -0.1070 -1.3582 -1.3582
31475 49.81 41.88 0.00 -0.5803 -1.5066 -1.5066
31500 49.81 41.88 0.00 -0.5803 -1.5066 -1.5066
31525 49.79 42.23 0.00 -0.2318 -0.1157 -0.1157
31550 49.77 42.60 0.00 -0.7278 0.6445 0.6445
31575 49.76 42.94 0.00 -0.5730 1.3124 1.3124
31600 49.76 42.94 0.00 -0.5730 1.3124 1.3124
31625 49.69 43.40 0.00 -2.9524 -0.4228 -0.4228
31650 49.51 43.97 0.00 -4.6174 -2.1228 -2.1228
31675 49.51 43.97 0.00 -4.6174 -2.1228 -2.1228
31700 49.35 44.67 0.00 -3.5006 -3.1467 -3.1467
31725 49.23 45.31 0.00 -2.6860 -3.4492 -3.4492
31750 49.14 45.86 0.00 -1.6929 -4.1013 -4.1013
31775 49.14 45.86 0.00 -1.6929 -4.1013 -4.1013
31800 49.14 46.45 0.00 0.9757 -1.0445 -1.0445
31825 49.20 47.03 0.00 1.0115 -2.3164 -2.3164
31850 49.20 47.03 0.00 1.0115 -2.3164 -2.3164
31875 49.25 47.58 0.00 2.0737 -1.4591 -1.4591
31900 49.35 48.18 0.00 2.4121 -1.9177 -1.9177
31925 49.35 48.18 0.00 2.4121 -1.9177 -1.9177
