%#        Time[ms]        X[pixel],        Y[pixel],        Z[pixel],  dX/dt[pixel/s],  dY/dt[pixel/s],  dZ/dt[pixel/s] 
0 50.00 50.00 0.00 1.1830 -1.3636 -1.3636
25 50.00 50.00 0.00 1.1830 -1.3636 -1.3636
50 50.07 50.16 0.00 2.1445 -1.9981 -1.9981
75 50.17 50.39 0.00 2.6239 -2.4992 -2.4992
100 50.17 50.39 0.00 2.6239 -2.4992 -2.4992
125 50.31 50.63 0.00 3.6987 0.4399 0.4399
150 50.42 50.82 0.00 2.3203 -2.2263 -2.2263
175 50.51 51.00 0.00 1.8049 -1.3702 -1.3702
200 50.51 51.00 0.00 1.8049 -1.3702 -1.3702
225 50.51 51.14 0.00 -1.1842 -3.6027 -3.6027
250 50.42 51.36 0.00 -2.4158 -2.0105 -2.0105
275 50.42 51.36 0.00 -2.4158 -2.0105 -2.0105
300 50.31 51.61 0.00 -2.6822 -1.7552 -1.7552
325 50.23 51.75 0.00 -1.8017 -2.6047 -2.6047
350 50.23 51.75 0.00 -1.8017 -2.6047 -2.6047
375 50.16 51.77 0.00 -1.7352 -2.1343 -2.1343
400 50.10 51.62 0.00 -0.9573 0.8180 0.8180
425 50.07 51.41 0.00 -0.9132 2.3836 2.3836
450 50.07 51.41 0.00 -0.9132 2.3836 2.3836
475 50.00 50.91 0.00 -2.2785 0.8204 0.8204
500 49.88 50.23 0.00 -3.9427 -1.5519 -1.5519
525 49.88 50.23 0.00 -3.9427 -1.5519 -1.5519
550 49.69 49.62 0.00 -4.6918 -3.0648 -3.0648
575 49.46 49.09 0.00 -6.3139 -3.0827 -3.0827
600 49.46 49.09 0.00 -6.3139 -3.0827 -3.0827
625 49.20 48.60 0.00 -7.4419 -2.3610 -2.3610
650 48.94 48.29 0.00 -8.7662 -3.6415 -3.6415
675 48.59 47.97 0.00 -8.3855 -0.8823 -0.8823
700 48.59 47.97 0.00 -8.3855 -0.8823 -0.8823
725 48.22 47.82 0.00 -10.9530 -3.0519 -3.0519
750 47.75 47.79 0.00 -11.9488 -2.7640 -2.7640
775 47.26 47.86 0.00 -12.4984 -2.5730 -2.5730
800 47.26 47.86 0.00 -12.4984 -2.5730 -2.5730
825 46.77 48.03 0.00 -12.0082 -2.5744 -2.5744
850 46.77 48.03 0.00 -12.0082 -2.5744 -2.5744
875 46.28 48.25 0.00 -11.9614 -4.0660 -4.0660
900 45.84 48.39 0.00 -11.3279 -2.2849 -2.2849
925 45.84 48.39 0.00 -11.3279 -2.2849 -2.2849
950 45.37 48.49 0.00 -11.5454 -2.7329 -2.7329
975 44.95 48.58 0.00 -9.7158 -1.8841 -1.8841
1000 44.51 48.56 0.00 -12.6952 -2.3161 -2.3161
1025 44.51 48.56 0.00 -12.6952 -2.3161 -2.3161
1050 43.97 48.48 0.00 -13.5045 -0.2758 -0.2758
1075 43.46 48.37 0.00 -11.7333 -1.4507 -1.4507
1100 43.46 48.37 0.00 -11.7333 -1.4507 -1.4507
1125 43.04 48.18 0.00 -9.7065 -0.9642 -0.9642
1150 42.71 47.98 0.00 -7.6390 -0.0724 -0.0724
1175 42.71 47.98 0.00 -7.6390 -0.0724 -0.0724
1200 42.45 47.74 0.00 -5.8233 -0.0430 -0.0430
1225 42.20 47.61 0.00 -6.6427 -1.6529 -1.6529
1250 41.94 47.39 0.00 -5.7254 1.3193 1.3193
1275 41.94 47.39 0.00 -5.7254 1.3193 1.3193
1300 41.71 47.15 0.00 -6.6590 -0.4952 -0.4952
1325 41.30 47.03 0.00 -11.7563 -1.4346 -1.4346
1350 41.30 47.03 0.00 -11.7563 -1.4346 -1.4346
1375 40.86 46.97 0.00 -9.5812 -0.6777 -0.6777
1400 40.55 46.91 0.00 -7.7401 -2.8923 -2.8923
1425 40.55 46.91 0.00 -7.7401 -2.8923 -2.8923
1450 40.30 46.87 0.00 -8.2977 -2.6227 -2.6227
1475 39.95 46.85 0.00 -8.7526 -0.5629 -0.5629
1500 39.61 46.82 0.00 -8.2072 -1.3875 -1.3875
1525 39.61 46.82 0.00 -8.2072 -1.3875 -1.3875
1550 39.30 46.78 0.00 -7.7101 -1.6189 -1.6189
1575 39.03 46.70 0.00 -5.6731 -0.2963 -0.2963
1600 39.03 46.70 0.00 -5.6731 -0.2963 -0.2963
1625 38.85 46.61 0.00 -3.8791 -1.0902 -1.0902
1650 38.73 46.51 0.00 -2.2861 -1.7528 -1.7528
1675 38.73 46.51 0.00 -2.2861 -1.7528 -1.7528
1700 38.66 46.38 0.00 -1.2436 -0.7785 -0.7785
1725 38.59 46.23 0.00 -3.0381 -0.7250 -0.7250
1750 38.59 46.23 0.00 -3.0381 -0.7250 -0.7250
1775 38.43 46.09 0.00 -4.6170 -0.7024 -0.7024
1800 38.27 45.97 0.00 -3.3692 -2.3147 -2.3147
1825 38.13 45.90 0.00 -3.6379 -4.8877 -4.8877
1850 38.00 45.82 0.00 -3.4536 -1.3694 -1.3694
1875 38.00 45.82 0.00 -3.4536 -1.3694 -1.3694
1900 37.74 45.74 0.00 -8.3861 -4.6140 -4.6140
1925 37.74 45.74 0.00 -8.3861 -4.6140 -4.6140
1950 37.35 45.68 0.00 -10.9745 -6.2502 -6.2502
1975 36.87 45.59 0.00 -12.3493 -8.6389 -8.6389
2000 36.32 45.46 0.00 -14.3548 -7.6187 -7.6187
2025 36.32 45.46 0.00 -14.3548 -7.6187 -7.6187
2050 35.73 45.30 0.00 -14.4543 -7.4556 -7.4556
2075 35.18 45.10 0.00 -13.7986 -6.7079 -6.7079
2100 35.18 45.10 0.00 -13.7986 -6.7079 -6.7079
2125 34.68 44.88 0.00 -10.8128 -7.7944 -7.7944
2150 34.36 44.69 0.00 -7.2651 -7.0696 -7.0696
2175 34.36 44.69 0.00 -7.2651 -7.0696 -7.0696
2200 34.11 44.48 0.00 -5.5400 -5.8622 -5.8622
2225 33.95 44.34 0.00 -5.1602 -5.4679 -5.4679
2250 33.77 44.17 0.00 -4.2141 -5.3026 -5.3026
2275 33.77 44.17 0.00 -4.2141 -5.3026 -5.3026
2300 33.62 44.05 0.00 -3.4144 -5.1529 -5.1529
2325 33.50 43.94 0.00 -2.8372 -3.8486 -3.8486
2350 33.39 43.79 0.00 -3.0410 -1.7922 -1.7922
2375 33.39 43.79 0.00 -3.0410 -1.7922 -1.7922
2400 33.16 43.63 0.00 -7.0523 -5.2955 -5.2955
2425 32.85 43.38 0.00 -7.8080 -5.0181 -5.0181
2450 32.85 43.38 0.00 -7.8080 -5.0181 -5.0181
2475 32.55 43.14 0.00 -7.6290 -6.3969 -6.3969
2500 32.22 42.92 0.00 -7.7860 -6.4747 -6.4747
2525 32.22 42.92 0.00 -7.7860 -6.4747 -6.4747
2550 31.92 42.73 0.00 -7.4374 -6.3121 -6.3121
2575 31.65 42.47 0.00 -6.2715 -6.7485 -6.7485
2600 31.65 42.47 0.00 -6.2715 -6.7485 -6.7485
2625 31.41 42.24 0.00 -6.0151 -7.5169 -7.5169
2650 31.20 41.98 0.00 -5.0818 -6.7411 -6.7411
2675 31.00 41.69 0.00 -4.9954 -7.4033 -7.4033
2700 31.00 41.69 0.00 -4.9954 -7.4033 -7.4033
2725 30.82 41.38 0.00 -3.7894 -4.4835 -4.4835
2750 30.67 41.11 0.00 -3.3289 -2.8253 -2.8253
2775 30.67 41.11 0.00 -3.3289 -2.8253 -2.8253
2800 30.60 40.81 0.00 -1.6109 -0.9907 -0.9907
2825 30.53 40.52 0.00 -1.9063 -0.3834 -0.3834
2850 30.53 40.52 0.00 -1.9063 -0.3834 -0.3834
2875 30.42 40.18 0.00 -3.0332 -1.4951 -1.4951
2900 30.29 39.77 0.00 -3.1425 -2.0421 -2.0421
2925 30.20 39.46 0.00 -3.3101 -2.2104 -2.2104
2950 30.20 39.46 0.00 -3.3101 -2.2104 -2.2104
2975 30.04 39.08 0.00 -4.3327 -4.5830 -4.5830
3000 29.85 38.70 0.00 -4.2218 -2.9908 -2.9908
3025 29.85 38.70 0.00 -4.2218 -2.9908 -2.9908
3050 29.73 38.39 0.00 -2.7567 -2.1379 -2.1379
3075 29.58 38.19 0.00 -4.1605 -2.9986 -2.9986
3100 29.42 38.13 0.00 -4.4979 -2.2980 -2.2980
3125 29.42 38.13 0.00 -4.4979 -2.2980 -2.2980
3150 29.20 38.15 0.00 -5.9439 -2.6416 -2.6416
3175 28.96 38.20 0.00 -5.9317 -3.3398 -3.3398
3200 28.96 38.20 0.00 -5.9317 -3.3398 -3.3398
3225 28.76 38.22 0.00 -4.3285 -1.2161 -1.2161
3250 28.63 38.18 0.00 -2.7059 -0.6378 -0.6378
3275 28.63 38.18 0.00 -2.7059 -0.6378 -0.6378
3300 28.58 38.10 0.00 0.0840 0.3314 0.3314
3325 28.63 37.99 0.00 1.8381 0.1334 0.1334
3350 28.63 37.99 0.00 1.8381 0.1334 0.1334
3375 28.71 37.90 0.00 2.0344 0.2692 0.2692
3400 28.78 37.82 0.00 1.5356 0.1103 0.1103
3425 28.84 37.79 0.00 0.7865 0.3663 0.3663
3450 28.84 37.79 0.00 0.7865 0.3663 0.3663
3475 28.87 37.71 0.00 0.8958 1.5260 1.5260
3500 28.91 37.68 0.00 1.5462 1.4979 1.4979
3525 28.91 37.68 0.00 1.5462 1.4979 1.4979
3550 28.98 37.62 0.00 2.1470 -0.6811 -0.6811
3575 29.15 37.50 0.00 5.5863 3.9986 3.9986
3600 29.15 37.50 0.00 5.5863 3.9986 3.9986
3625 29.40 37.40 0.00 6.5234 3.6041 3.6041
3650 29.67 37.35 0.00 6.8643 3.9218 3.9218
3675 29.67 37.35 0.00 6.8643 3.9218 3.9218
3700 29.91 37.37 0.00 4.9340 3.9106 3.9106
3725 30.04 37.37 0.00 2.2476 3.0396 3.0396
3750 30.07 37.40 0.00 0.8850 2.0398 2.0398
3775 30.07 37.40 0.00 0.8850 2.0398 2.0398
3800 30.11 37.38 0.00 1.2383 2.4274 2.4274
3825 30.16 37.29 0.00 1.7395 1.6285 1.6285
3850 30.16 37.29 0.00 1.7395 1.6285 1.6285
3875 30.25 37.10 0.00 2.7429 2.6824 2.6824
3900 30.40 36.89 0.00 3.7507 3.7305 3.7305
3925 30.53 36.67 0.00 3.1144 4.0426 4.0426
3950 30.53 36.67 0.00 3.1144 4.0426 4.0426
3975 30.65 36.45 0.00 2.5771 3.3621 3.3621
4000 30.72 36.26 0.00 1.4512 2.2980 2.2980
4025 30.72 36.26 0.00 1.4512 2.2980 2.2980
4050 30.76 36.07 0.00 0.6409 2.0325 2.0325
4075 30.78 35.95 0.00 1.4683 2.3909 2.3909
4100 30.85 35.92 0.00 1.8370 0.1587 0.1587
4125 30.85 35.92 0.00 1.8370 0.1587 0.1587
4150 30.98 35.87 0.00 4.0843 4.0363 4.0363
4175 31.16 35.82 0.00 4.2462 2.7486 2.7486
4200 31.16 35.82 0.00 4.2462 2.7486 2.7486
4225 31.34 35.85 0.00 5.4304 2.7173 2.7173
4250 31.57 35.92 0.00 5.3625 3.0684 3.0684
4275 31.57 35.92 0.00 5.3625 3.0684 3.0684
4300 31.74 35.97 0.00 3.8280 2.5368 2.5368
4325 31.92 36.07 0.00 4.1985 2.1068 2.1068
4350 31.92 36.07 0.00 4.1985 2.1068 2.1068
4375 32.13 36.12 0.00 6.3869 3.7283 3.7283
4400 32.44 36.16 0.00 8.8385 4.2218 4.2218
4425 32.44 36.16 0.00 8.8385 4.2218 4.2218
4450 32.91 36.20 0.00 12.6057 5.8637 5.8637
4475 33.45 36.17 0.00 13.8984 6.6784 6.6784
4500 33.98 36.14 0.00 12.9496 7.3872 7.3872
4525 33.98 36.14 0.00 12.9496 7.3872 7.3872
4550 34.34 36.13 0.00 11.6497 7.2429 7.2429
4575 34.77 36.09 0.00 9.7254 5.5261 5.5261
4600 34.77 36.09 0.00 9.7254 5.5261 5.5261
4625 35.07 36.07 0.00 6.2515 3.6808 3.6808
4650 35.25 36.06 0.00 3.4375 4.3683 4.3683
4675 35.34 36.06 0.00 1.4298 2.1759 2.1759
4700 35.34 36.06 0.00 1.4298 2.1759 2.1759
4725 35.38 36.02 0.00 1.6457 3.1300 3.1300
4750 35.47 36.05 0.00 1.6491 2.9093 2.9093
4775 35.47 36.05 0.00 1.6491 2.9093 2.9093
4800 35.50 36.13 0.00 0.6422 1.8115 1.8115
4825 35.52 36.15 0.00 0.5891 2.8436 2.8436
4850 35.52 36.15 0.00 0.5891 2.8436 2.8436
4875 35.54 36.18 0.00 0.3263 1.9358 1.9358
4900 35.57 36.24 0.00 1.2292 1.6620 1.6620
4925 35.68 36.23 0.00 4.1137 4.4405 4.4405
4950 35.68 36.23 0.00 4.1137 4.4405 4.4405
4975 35.87 36.26 0.00 4.6521 3.1741 3.1741
5000 36.09 36.27 0.00 6.1205 5.0852 5.0852
5025 36.09 36.27 0.00 6.1205 5.0852 5.0852
5050 36.37 36.26 0.00 7.4155 6.8160 6.8160
5075 36.69 36.27 0.00 8.1595 7.1075 7.1075
5100 37.03 36.32 0.00 8.7132 6.9515 6.9515
5125 37.03 36.32 0.00 8.7132 6.9515 6.9515
5150 37.38 36.41 0.00 8.8325 6.2437 6.2437
5175 37.72 36.50 0.00 8.4399 6.3793 6.3793
5200 37.72 36.50 0.00 8.4399 6.3793 6.3793
5225 38.08 36.61 0.00 8.7601 8.3398 8.3398
5250 38.39 36.73 0.00 7.7684 5.8324 5.8324
5275 38.66 36.78 0.00 8.7961 8.1406 8.1406
5300 38.66 36.78 0.00 8.7961 8.1406 8.1406
5325 38.98 36.90 0.00 7.6581 5.5780 5.5780
5350 39.26 37.05 0.00 7.0643 5.2476 5.2476
5375 39.26 37.05 0.00 7.0643 5.2476 5.2476
5400 39.52 37.19 0.00 6.4319 5.1261 5.1261
5425 39.79 37.37 0.00 6.3129 5.3496 5.3496
5450 39.79 37.37 0.00 6.3129 5.3496 5.3496
5475 40.04 37.54 0.00 6.0805 3.8383 3.8383
5500 40.04 37.54 0.00 6.0805 3.8383 3.8383
5525 40.32 37.68 0.00 7.7109 5.2866 5.2866
5550 40.62 37.79 0.00 7.6757 4.0234 4.0234
5575 40.95 37.83 0.00 9.0094 6.3104 6.3104
5600 40.95 37.83 0.00 9.0094 6.3104 6.3104
5625 41.32 37.82 0.00 9.1180 6.4991 6.4991
5650 41.67 37.79 0.00 8.2791 6.0759 6.0759
5675 41.67 37.79 0.00 8.2791 6.0759 6.0759
5700 41.97 37.80 0.00 7.4349 5.7712 5.7712
5725 42.25 37.79 0.00 6.7797 4.6574 4.6574
5750 42.53 37.77 0.00 6.9049 4.5238 4.5238
5775 42.53 37.77 0.00 6.9049 4.5238 4.5238
5800 42.80 37.74 0.00 6.4793 3.6902 3.6902
5825 43.02 37.75 0.00 5.5082 1.9131 1.9131
5850 43.29 37.75 0.00 7.2866 6.3554 6.3554
5875 43.29 37.75 0.00 7.2866 6.3554 6.3554
5900 43.55 37.79 0.00 6.3135 4.0925 4.0925
5925 43.83 37.91 0.00 7.1526 4.5329 4.5329
5950 43.83 37.91 0.00 7.1526 4.5329 4.5329
5975 44.13 38.11 0.00 7.7042 3.9263 3.9263
6000 44.44 38.30 0.00 7.9250 4.0262 4.0262
6025 44.44 38.30 0.00 7.9250 4.0262 4.0262
6050 44.69 38.49 0.00 8.4336 4.2732 4.2732
6075 45.04 38.76 0.00 8.8998 4.5735 4.5735
6100 45.04 38.76 0.00 8.8998 4.5735 4.5735
6125 45.37 38.99 0.00 8.2203 3.7760 3.7760
6150 45.69 39.20 0.00 7.7948 3.7945 3.7945
6175 46.00 39.39 0.00 7.4040 4.2683 4.2683
6200 46.00 39.39 0.00 7.4040 4.2683 4.2683
6225 46.28 39.58 0.00 7.1013 3.9929 3.9929
6250 46.56 39.79 0.00 6.7783 3.5063 3.5063
6275 46.56 39.79 0.00 6.7783 3.5063 3.5063
6300 46.82 40.05 0.00 6.7833 3.0519 3.0519
6325 47.10 40.31 0.00 7.0473 2.4046 2.4046
6350 47.38 40.56 0.00 6.8612 2.9130 2.9130
6375 47.38 40.56 0.00 6.8612 2.9130 2.9130
6400 47.66 40.82 0.00 7.0887 2.0593 2.0593
6425 47.98 41.04 0.00 9.0613 4.6047 4.6047
6450 47.98 41.04 0.00 9.0613 4.6047 4.6047
6475 48.41 41.27 0.00 11.4306 4.9826 4.9826
6500 48.90 41.57 0.00 12.8007 3.4059 3.4059
6525 48.90 41.57 0.00 12.8007 3.4059 3.4059
6550 49.48 41.95 0.00 15.7309 3.9241 3.9241
6575 50.14 42.32 0.00 16.5869 3.7701 3.7701
6600 50.14 42.32 0.00 16.5869 3.7701 3.7701
6625 50.80 42.69 0.00 16.5138 5.1726 5.1726
6650 51.45 43.02 0.00 16.1650 6.1829 6.1829
6675 52.08 43.26 0.00 15.6225 4.9591 4.9591
6700 52.08 43.26 0.00 15.6225 4.9591 4.9591
6725 52.71 43.35 0.00 15.5673 3.4699 3.4699
6750 53.30 43.36 0.00 14.0738 3.3457 3.3457
6775 53.30 43.36 0.00 14.0738 3.3457 3.3457
6800 53.65 43.36 0.00 10.8706 3.9488 3.9488
6825 54.03 43.32 0.00 8.5933 4.9320 4.9320
6850 54.03 43.32 0.00 8.5933 4.9320 4.9320
6875 54.35 43.28 0.00 7.9807 4.3046 4.3046
6900 54.68 43.31 0.00 7.9494 2.9901 2.9901
6925 55.00 43.36 0.00 7.5793 2.4032 2.4032
6950 55.00 43.36 0.00 7.5793 2.4032 2.4032
6975 55.36 43.43 0.00 10.1170 3.1911 3.1911
7000 55.78 43.52 0.00 11.3097 1.6446 1.6446
7025 55.78 43.52 0.00 11.3097 1.6446 1.6446
7050 56.31 43.60 0.00 13.6916 5.9368 5.9368
7075 56.85 43.72 0.00 13.5076 4.9057 4.9057
7100 57.45 43.92 0.00 15.4966 4.5017 4.5017
7125 57.45 43.92 0.00 15.4966 4.5017 4.5017
7150 58.06 44.13 0.00 15.0960 3.3722 3.3722
7175 58.06 44.13 0.00 15.0960 3.3722 3.3722
7200 58.66 44.35 0.00 14.5112 4.1551 4.1551
7225 59.19 44.51 0.00 12.2705 4.0622 4.0622
7250 59.63 44.59 0.00 9.9939 4.7440 4.7440
7275 59.63 44.59 0.00 9.9939 4.7440 4.7440
7300 60.00 44.64 0.00 9.2318 4.2371 4.2371
7325 60.35 44.72 0.00 8.6118 5.1121 5.1121
7350 60.35 44.72 0.00 8.6118 5.1121 5.1121
7375 60.65 44.84 0.00 6.3049 5.4998 5.4998
7400 60.85 45.00 0.00 4.2690 5.6533 5.6533
7425 61.00 45.24 0.00 3.6887 4.2528 4.2528
7450 61.00 45.24 0.00 3.6887 4.2528 4.2528
7475 61.16 45.56 0.00 4.3318 3.3559 3.3559
7500 61.38 46.02 0.00 6.2418 4.0537 4.0537
7525 61.38 46.02 0.00 6.2418 4.0537 4.0537
7550 61.66 46.52 0.00 7.7332 4.7494 4.7494
7575 61.98 47.13 0.00 7.8544 2.9112 2.9112
7600 62.33 47.85 0.00 9.5654 4.9126 4.9126
7625 62.33 47.85 0.00 9.5654 4.9126 4.9126
7650 62.62 48.50 0.00 9.7836 4.4638 4.4638
7675 62.62 48.50 0.00 9.7836 4.4638 4.4638
7700 63.02 49.52 0.00 10.1033 1.8644 1.8644
7725 63.45 50.31 0.00 11.6701 2.3046 2.3046
7750 63.95 50.86 0.00 12.7192 2.6921 2.6921
7775 63.95 50.86 0.00 12.7192 2.6921 2.6921
7800 64.46 51.28 0.00 13.1591 3.5143 3.5143
7825 65.03 51.61 0.00 14.4808 4.2171 4.2171
7850 65.03 51.61 0.00 14.4808 4.2171 4.2171
7875 65.59 51.81 0.00 12.9565 3.6181 3.6181
7900 66.09 51.87 0.00 13.3661 4.4825 4.4825
7925 66.09 51.87 0.00 13.3661 4.4825 4.4825
7950 66.79 51.89 0.00 20.7671 3.9377 3.9377
7975 67.78 51.92 0.00 26.9936 3.3391 3.3391
8000 68.95 52.04 0.00 30.1866 4.7614 4.7614
8025 68.95 52.04 0.00 30.1866 4.7614 4.7614
8050 70.09 52.21 0.00 26.6387 4.5725 4.5725
8075 71.07 52.42 0.00 23.2058 4.2870 4.2870
8100 71.91 52.65 0.00 19.8511 3.4292 3.4292
8125 71.91 52.65 0.00 19.8511 3.4292 3.4292
8150 72.68 52.90 0.00 18.1806 1.6794 1.6794
8175 73.33 53.15 0.00 14.9285 2.4130 2.4130
8200 73.33 53.15 0.00 14.9285 2.4130 2.4130
8225 73.92 53.36 0.00 14.7110 4.1016 4.1016
8250 74.43 53.58 0.00 12.0903 0.4762 0.4762
8275 74.43 53.58 0.00 12.0903 0.4762 0.4762
8300 74.90 53.78 0.00 11.4343 0.6974 0.6974
8325 75.34 54.05 0.00 10.6703 -0.6168 -0.6168
8350 75.71 54.38 0.00 7.9250 -0.8228 -0.8228
8375 75.71 54.38 0.00 7.9250 -0.8228 -0.8228
8400 75.92 54.70 0.00 4.3238 0.4007 0.4007
8425 76.05 54.88 0.00 3.6936 0.9489 0.9489
8450 76.05 54.88 0.00 3.6936 0.9489 0.9489
8475 76.20 55.12 0.00 4.4707 0.6907 0.6907
8500 76.53 55.42 0.00 10.9656 2.2243 2.2243
8525 76.53 55.42 0.00 10.9656 2.2243 2.2243
8550 77.08 55.77 0.00 15.3523 2.7673 2.7673
8575 77.68 56.19 0.00 13.4656 3.0156 3.0156
8600 78.11 56.73 0.00 10.1154 2.7607 2.7607
8625 78.11 56.73 0.00 10.1154 2.7607 2.7607
8650 78.50 57.32 0.00 9.8660 -0.0247 -0.0247
8675 78.94 57.90 0.00 11.8105 -1.0211 -1.0211
8700 78.94 57.90 0.00 11.8105 -1.0211 -1.0211
8725 79.49 58.38 0.00 14.8165 -1.6713 -1.6713
8750 80.19 58.88 0.00 20.6304 -2.0907 -2.0907
8775 80.19 58.88 0.00 20.6304 -2.0907 -2.0907
8800 81.11 59.50 0.00 23.0965 -0.6089 -0.6089
8825 82.03 60.26 0.00 23.2034 -3.3766 -3.3766
8850 82.03 60.26 0.00 23.2034 -3.3766 -3.3766
8875 82.90 60.91 0.00 19.7942 -3.4645 -3.4645
8900 83.46 61.16 0.00 9.8391 -2.0545 -2.0545
8925 83.46 61.16 0.00 9.8391 -2.0545 -2.0545
8950 83.67 61.12 0.00 3.4869 1.4547 1.4547
8975 83.77 60.97 0.00 2.7206 3.2134 3.2134
9000 84.06 60.98 0.00 10.9641 5.7795 5.7795
9025 84.06 60.98 0.00 10.9641 5.7795 5.7795
9050 84.55 61.07 0.00 19.1497 3.2548 3.2548
9075 85.43 61.46 0.00 20.6242 1.9460 1.9460
9100 85.43 61.46 0.00 20.6242 1.9460 1.9460
9125 86.04 62.03 0.00 12.7651 6.3559 6.3559
9150 86.54 62.64 0.00 11.4425 5.1117 5.1117
9175 86.54 62.64 0.00 11.4425 5.1117 5.1117
9200 86.99 63.21 0.00 12.2380 2.5996 2.5996
9225 87.51 63.74 0.00 13.2733 5.4998 5.4998
9250 88.17 64.30 0.00 18.6755 7.8627 7.8627
9275 88.17 64.30 0.00 18.6755 7.8627 7.8627
9300 88.97 65.01 0.00 19.6583 8.7691 8.7691
9325 89.61 65.79 0.00 13.0439 9.9518 9.9518
9350 89.96 66.36 0.00 6.3913 10.6127 10.6127
9375 89.96 66.36 0.00 6.3913 10.6127 10.6127
9400 90.16 66.83 0.00 3.6371 3.0329 3.0329
9425 90.12 67.20 0.00 -4.0521 0.6935 0.6935
9450 90.12 67.20 0.00 -4.0521 0.6935 0.6935
9475 89.82 67.24 0.00 -10.0069 -0.3609 -0.3609
9500 89.29 67.16 0.00 -15.3908 -0.1190 -0.1190
9525 89.29 67.16 0.00 -15.3908 -0.1190 -0.1190
9550 88.55 66.90 0.00 -19.7834 1.2899 1.2899
9575 87.83 66.47 0.00 -17.0755 1.1532 1.1532
9600 87.83 66.47 0.00 -17.0755 1.1532 1.1532
9625 87.07 66.04 0.00 -21.0671 -0.5057 -0.5057
9650 86.22 65.67 0.00 -20.0256 0.9186 0.9186
9675 86.22 65.67 0.00 -20.0256 0.9186 0.9186
9700 85.49 65.28 0.00 -17.5548 -1.0876 -1.0876
9725 84.78 64.87 0.00 -17.7082 -1.1922 -1.1922
9750 84.04 64.49 0.00 -19.0502 -0.0670 -0.0670
9775 84.04 64.49 0.00 -19.0502 -0.0670 -0.0670
9800 83.40 64.47 0.00 -13.9509 -2.3855 -2.3855
9825 83.01 64.29 0.00 -7.2504 -3.4950 -3.4950
9850 83.01 64.29 0.00 -7.2504 -3.4950 -3.4950
9875 82.80 64.02 0.00 -4.7539 -2.8192 -2.8192
9900 82.74 63.81 0.00 2.9878 3.0604 3.0604
9925 82.74 63.81 0.00 2.9878 3.0604 3.0604
9950 83.11 63.66 0.00 11.7420 3.5805 3.5805
9975 83.48 63.77 0.00 12.2837 1.6474 1.6474
10000 84.10 64.04 0.00 17.4686 1.3821 1.3821
10025 84.10 64.04 0.00 17.4686 1.3821 1.3821
10050 84.84 64.37 0.00 19.5342 1.1918 1.1918
10075 85.69 64.78 0.00 21.5034 1.0686 1.0686
10100 85.69 64.78 0.00 21.5034 1.0686 1.0686
10125 86.69 65.18 0.00 27.9648 -1.7793 -1.7793
10150 88.13 65.53 0.00 39.0563 -10.4349 -10.4349
10175 88.13 65.53 0.00 39.0563 -10.4349 -10.4349
10200 89.65 65.92 0.00 36.3650 -14.0006 -14.0006
10225 90.89 66.53 0.00 26.7155 -10.7671 -10.7671
10250 91.52 67.19 0.00 6.9559 -8.1753 -8.1753
10275 91.52 67.19 0.00 6.9559 -8.1753 -8.1753
10300 91.38 67.64 0.00 -9.3460 -4.1640 -4.1640
10325 90.71 68.00 0.00 -20.1160 -6.2920 -6.2920
10350 90.71 68.00 0.00 -20.1160 -6.2920 -6.2920
10375 89.88 68.31 0.00 -21.2523 -9.3947 -9.3947
10400 89.01 68.59 0.00 -22.3462 -10.1455 -10.1455
10425 89.01 68.59 0.00 -22.3462 -10.1455 -10.1455
10450 88.09 68.93 0.00 -21.3622 -9.9599 -9.9599
10475 87.49 69.43 0.00 -10.8227 -10.1914 -10.1914
10500 87.17 70.19 0.00 -7.3374 -12.3534 -12.3534
10525 87.17 70.19 0.00 -7.3374 -12.3534 -12.3534
10550 86.83 71.12 0.00 -10.2243 -12.3019 -12.3019
10575 86.36 71.78 0.00 -12.3283 -10.5929 -10.5929
10600 86.36 71.78 0.00 -12.3283 -10.5929 -10.5929
10625 85.84 72.05 0.00 -12.8869 -8.2272 -8.2272
10650 85.37 72.13 0.00 -10.2812 -5.7364 -5.7364
10675 85.37 72.13 0.00 -10.2812 -5.7364 -5.7364
10700 85.10 72.13 0.00 -4.2912 -2.9288 -2.9288
10725 85.04 72.03 0.00 -0.0662 -1.0620 -1.0620
10750 85.08 71.92 0.00 1.5293 0.3235 0.3235
10775 85.08 71.92 0.00 1.5293 0.3235 0.3235
10800 85.16 71.81 0.00 1.6630 2.8063 2.8063
10825 85.16 71.70 0.00 -1.1968 3.4121 3.4121
10850 85.02 71.48 0.00 -4.0222 2.6977 2.6977
10875 85.02 71.48 0.00 -4.0222 2.6977 2.6977
10900 84.86 71.23 0.00 -4.3023 0.6969 0.6969
10925 84.67 70.97 0.00 -5.7456 1.2082 1.2082
10950 84.67 70.97 0.00 -5.7456 1.2082 1.2082
10975 84.39 70.62 0.00 -7.3089 4.3398 4.3398
11000 84.14 70.21 0.00 -4.8259 2.8956 2.8956
11025 84.14 70.21 0.00 -4.8259 2.8956 2.8956
11050 84.00 69.82 0.00 -3.0878 3.4882 3.4882
11075 83.83 69.46 0.00 -5.7438 2.8539 2.8539
11100 83.83 69.46 0.00 -5.7438 2.8539 2.8539
11125 83.54 69.15 0.00 -7.8927 1.1328 1.1328
11150 83.15 68.92 0.00 -11.3924 0.3703 0.3703
11175 83.15 68.92 0.00 -11.3924 0.3703 0.3703
11200 82.67 68.75 0.00 -11.7178 -0.1530 -0.1530
11225 82.24 68.64 0.00 -10.0332 -1.6955 -1.6955
11250 81.86 68.49 0.00 -9.1655 -1.2660 -1.2660
11275 81.86 68.49 0.00 -9.1655 -1.2660 -1.2660
11300 81.40 68.38 0.00 -12.1352 -0.8424 -0.8424
11325 80.97 68.23 0.00 -9.9321 -1.2314 -1.2314
11350 80.97 68.23 0.00 -9.9321 -1.2314 -1.2314
11375 80.55 68.12 0.00 -10.9399 -2.5212 -2.5212
11400 80.12 68.00 0.00 -10.8503 -2.5635 -2.5635
11425 79.68 67.91 0.00 -10.7401 -2.6541 -2.6541
11450 79.68 67.91 0.00 -10.7401 -2.6541 -2.6541
11475 79.26 67.87 0.00 -10.3322 -3.0288 -3.0288
11500 78.96 67.87 0.00 -10.3952 -2.9282 -2.9282
11525 78.96 67.87 0.00 -10.3952 -2.9282 -2.9282
11550 78.56 67.85 0.00 -8.7720 -1.6222 -1.6222
11575 78.28 67.80 0.00 -6.4311 -5.0167 -5.0167
11600 78.01 67.70 0.00 -6.6876 -2.3570 -2.3570
11625 78.01 67.70 0.00 -6.6876 -2.3570 -2.3570
11650 77.69 67.68 0.00 -8.8668 -2.4171 -2.4171
11675 77.69 67.68 0.00 -8.8668 -2.4171 -2.4171
11700 77.34 67.68 0.00 -9.2078 -3.5907 -3.5907
11725 76.98 67.74 0.00 -8.4372 -3.3434 -3.3434
11750 76.66 67.79 0.00 -7.6560 -4.3590 -4.3590
11775 76.66 67.79 0.00 -7.6560 -4.3590 -4.3590
11800 76.33 67.82 0.00 -9.0703 -4.4911 -4.4911
11825 75.92 67.80 0.00 -11.0745 -1.9135 -1.9135
11850 75.92 67.80 0.00 -11.0745 -1.9135 -1.9135
11875 75.45 67.73 0.00 -12.5819 -3.6451 -3.6451
11900 74.86 67.60 0.00 -15.7270 -2.8924 -2.8924
11925 74.17 67.47 0.00 -17.8239 -1.5314 -1.5314
11950 74.17 67.47 0.00 -17.8239 -1.5314 -1.5314
11975 73.51 67.40 0.00 -15.6663 -2.5629 -2.5629
12000 72.94 67.36 0.00 -13.5776 -4.0850 -4.0850
12025 72.94 67.36 0.00 -13.5776 -4.0850 -4.0850
12050 72.32 67.31 0.00 -17.7920 -4.9284 -4.9284
12075 71.57 67.23 0.00 -18.4740 -3.6957 -3.6957
12100 71.57 67.23 0.00 -18.4740 -3.6957 -3.6957
12125 70.84 67.12 0.00 -17.9745 -5.2963 -5.2963
12150 70.07 67.03 0.00 -19.3848 -7.8126 -7.8126
12175 69.35 66.91 0.00 -17.0593 -5.7702 -5.7702
12200 69.35 66.91 0.00 -17.0593 -5.7702 -5.7702
12225 68.77 66.80 0.00 -12.9933 -5.4341 -5.4341
12250 68.39 66.82 0.00 -7.2356 -6.2039 -6.2039
12275 68.39 66.82 0.00 -7.2356 -6.2039 -6.2039
12300 68.25 66.85 0.00 -4.1917 -4.9680 -4.9680
12325 68.08 66.87 0.00 -4.4195 -3.5798 -3.5798
12350 68.08 66.87 0.00 -4.4195 -3.5798 -3.5798
12375 67.87 66.92 0.00 -5.5299 -1.1080 -1.1080
12400 67.70 66.99 0.00 -2.1640 -0.8824 -0.8824
12425 67.70 66.99 0.00 -2.1640 -0.8824 -0.8824
12450 67.70 67.01 0.00 0.6329 -3.6525 -3.6525
12475 67.72 66.99 0.00 -0.4032 -2.2898 -2.2898
12500 67.70 66.97 0.00 -0.0601 -0.0964 -0.0964
12525 67.70 66.97 0.00 -0.0601 -0.0964 -0.0964
12550 67.74 66.97 0.00 1.4575 -0.4602 -0.4602
12575 67.83 67.01 0.00 2.8685 -0.7636 -0.7636
12600 67.83 67.01 0.00 2.8685 -0.7636 -0.7636
12625 67.94 67.12 0.00 2.2501 -1.0547 -1.0547
12650 67.96 67.21 0.00 -0.4016 -0.4343 -0.4343
12675 67.90 67.26 0.00 -2.0163 -0.4054 -0.4054
12700 67.90 67.26 0.00 -2.0163 -0.4054 -0.4054
12725 67.81 67.31 0.00 -2.2675 -2.2267 -2.2267
12750 67.70 67.33 0.00 -3.8456 -2.9183 -2.9183
12775 67.70 67.33 0.00 -3.8456 -2.9183 -2.9183
12800 67.52 67.29 0.00 -4.4146 -0.2020 -0.2020
12825 67.33 67.26 0.00 -5.3421 -2.3100 -2.3100
12850 67.33 67.26 0.00 -5.3421 -2.3100 -2.3100
12875 67.06 67.11 0.00 -7.9679 -2.0286 -2.0286
12900 66.66 66.87 0.00 -10.9642 -2.6766 -2.6766
12925 66.18 66.64 0.00 -12.4782 -1.9183 -1.9183
12950 66.18 66.64 0.00 -12.4782 -1.9183 -1.9183
12975 65.71 66.42 0.00 -10.8910 -1.0610 -1.0610
13000 65.34 66.12 0.00 -8.9348 -1.8440 -1.8440
13025 65.34 66.12 0.00 -8.9348 -1.8440 -1.8440
13050 64.98 65.84 0.00 -8.7788 -2.5151 -2.5151
13075 64.71 65.63 0.00 -9.2289 -1.5131 -1.5131
13100 64.34 65.36 0.00 -8.9287 -0.6899 -0.6899
13125 64.34 65.36 0.00 -8.9287 -0.6899 -0.6899
13150 64.02 65.05 0.00 -7.2315 -0.2805 -0.2805
13175 63.77 64.61 0.00 -6.2901 -0.0285 -0.0285
13200 63.77 64.61 0.00 -6.2901 -0.0285 -0.0285
13225 63.50 64.17 0.00 -6.4583 -0.0338 -0.0338
13250 63.27 63.83 0.00 -5.3312 -0.3281 -0.3281
13275 63.27 63.83 0.00 -5.3312 -0.3281 -0.3281
13300 63.06 63.59 0.00 -5.7256 -1.0629 -1.0629
13325 62.77 63.36 0.00 -7.8170 -3.0960 -3.0960
13350 62.77 63.36 0.00 -7.8170 -3.0960 -3.0960
13375 62.47 63.24 0.00 -6.8721 -0.4947 -0.4947
13400 62.23 63.26 0.00 -6.5456 -1.6623 -1.6623
13425 61.98 63.27 0.00 -5.0696 -2.5379 -2.5379
13450 61.98 63.27 0.00 -5.0696 -2.5379 -2.5379
13475 61.80 63.29 0.00 -4.5216 -3.1604 -3.1604
13500 61.61 63.33 0.00 -4.7780 -2.7244 -2.7244
13525 61.61 63.33 0.00 -4.7780 -2.7244 -2.7244
13550 61.41 63.36 0.00 -5.8678 -3.6050 -3.6050
13575 61.15 63.35 0.00 -6.5180 -1.7636 -1.7636
13600 61.15 63.35 0.00 -6.5180 -1.7636 -1.7636
13625 60.86 63.35 0.00 -7.2956 -2.4890 -2.4890
13650 60.56 63.31 0.00 -7.4641 -1.7835 -1.7835
13675 60.56 63.31 0.00 -7.4641 -1.7835 -1.7835
13700 60.26 63.30 0.00 -7.8318 -1.3577 -1.3577
13725 59.96 63.33 0.00 -6.9165 -0.8569 -0.8569
13750 59.72 63.37 0.00 -5.8131 -1.9208 -1.9208
13775 59.72 63.37 0.00 -5.8131 -1.9208 -1.9208
13800 59.49 63.37 0.00 -5.8849 -2.3400 -2.3400
13825 59.22 63.37 0.00 -6.9034 -2.3735 -2.3735
13850 59.01 63.34 0.00 -7.2082 -1.8918 -1.8918
13875 59.01 63.34 0.00 -7.2082 -1.8918 -1.8918
13900 58.70 63.30 0.00 -8.0621 -2.7746 -2.7746
13925 58.40 63.18 0.00 -7.1763 -2.4429 -2.4429
13950 58.40 63.18 0.00 -7.1763 -2.4429 -2.4429
13975 58.17 63.00 0.00 -5.1933 -0.9088 -0.9088
14000 57.94 62.83 0.00 -5.6315 -2.5734 -2.5734
14025 57.94 62.83 0.00 -5.6315 -2.5734 -2.5734
14050 57.75 62.65 0.00 -4.6297 -1.8662 -1.8662
14075 57.55 62.37 0.00 -5.1625 -2.3546 -2.3546
14100 57.31 62.02 0.00 -6.6566 -0.4615 -0.4615
14125 57.31 62.02 0.00 -6.6566 -0.4615 -0.4615
14150 56.98 61.50 0.00 -8.9904 0.6329 0.6329
14175 56.61 60.89 0.00 -9.1281 1.3374 1.3374
14200 56.61 60.89 0.00 -9.1281 1.3374 1.3374
14225 56.27 60.35 0.00 -7.3559 -0.2886 -0.2886
14250 56.05 59.87 0.00 -4.4725 -0.2276 -0.2276
14275 55.92 59.50 0.00 -2.3328 -0.0530 -0.0530
14300 55.92 59.50 0.00 -2.3328 -0.0530 -0.0530
14325 55.85 59.24 0.00 -1.4683 -0.0789 -0.0789
14350 55.80 59.05 0.00 -1.3190 -0.1600 -0.1600
14375 55.80 59.05 0.00 -1.3190 -0.1600 -0.1600
14400 55.75 58.96 0.00 -1.1575 -1.0679 -1.0679
14425 55.71 58.98 0.00 -1.1448 -1.3975 -1.3975
14450 55.71 58.98 0.00 -1.1448 -1.3975 -1.3975
14475 55.68 59.00 0.00 -0.7832 -0.5884 -0.5884
14500 55.64 59.07 0.00 -0.6135 -0.9993 -0.9993
14525 55.64 59.07 0.00 -0.6135 -0.9993 -0.9993
14550 55.63 59.05 0.00 -0.3955 1.2436 1.2436
14575 55.56 59.00 0.00 -2.3211 -2.6529 -2.6529
14600 55.56 59.00 0.00 -2.3211 -2.6529 -2.6529
14625 55.45 58.98 0.00 -2.9929 -2.7119 -2.7119
14650 55.36 58.91 0.00 -3.3162 -2.3249 -2.3249
14675 55.36 58.91 0.00 -3.3162 -2.3249 -2.3249
14700 55.22 58.80 0.00 -3.2377 -2.7872 -2.7872
14725 55.10 58.70 0.00 -3.3823 -3.6883 -3.6883
14750 54.93 58.51 0.00 -4.7935 -2.7821 -2.7821
14775 54.93 58.51 0.00 -4.7935 -2.7821 -2.7821
14800 54.66 58.19 0.00 -7.3385 -4.4362 -4.4362
14825 54.37 57.77 0.00 -7.6787 -2.7848 -2.7848
14850 54.37 57.77 0.00 -7.6787 -2.7848 -2.7848
14875 54.07 57.28 0.00 -6.9207 -1.5175 -1.5175
14900 53.82 56.65 0.00 -5.9313 -0.8560 -0.8560
14925 53.63 55.96 0.00 -3.5669 0.2167 0.2167
14950 53.63 55.96 0.00 -3.5669 0.2167 0.2167
14975 53.53 55.29 0.00 -2.3710 -0.5955 -0.5955
15000 53.53 55.29 0.00 -2.3710 -0.5955 -0.5955
15025 53.44 54.76 0.00 -2.2919 -0.6771 -0.6771
15050 53.37 54.33 0.00 -0.8363 1.1066 1.1066
15075 53.35 53.98 0.00 -0.5518 -0.1744 -0.1744
15100 53.33 53.66 0.00 0.6631 1.7205 1.7205
15125 53.33 53.66 0.00 0.6631 1.7205 1.7205
15150 53.40 53.48 0.00 1.9801 1.8186 1.8186
15175 53.53 53.41 0.00 3.2722 1.1761 1.1761
15200 53.53 53.41 0.00 3.2722 1.1761 1.1761
15225 53.67 53.38 0.00 3.7446 1.6379 1.6379
15250 53.79 53.38 0.00 2.3706 1.0132 1.0132
15275 53.79 53.38 0.00 2.3706 1.0132 1.0132
15300 53.84 53.36 0.00 0.6537 0.2579 0.2579
15325 53.84 53.34 0.00 -0.0173 1.3308 1.3308
15350 53.84 53.32 0.00 0.0044 1.1125 1.1125
15375 53.84 53.32 0.00 0.0044 1.1125 1.1125
15400 53.88 53.27 0.00 0.9706 1.4659 1.4659
15425 53.93 53.14 0.00 1.5311 2.5781 2.5781
15450 53.93 53.14 0.00 1.5311 2.5781 2.5781
15475 53.96 53.05 0.00 0.7891 2.0749 2.0749
15500 53.98 53.02 0.00 -0.2168 1.0314 1.0314
15525 53.98 53.02 0.00 -0.2168 1.0314 1.0314
15550 53.96 53.00 0.00 -0.2428 0.3185 0.3185
15575 53.95 52.97 0.00 -0.5637 -0.7105 -0.7105
15600 53.95 52.97 0.00 -0.5637 -0.7105 -0.7105
15625 53.89 52.93 0.00 -1.8328 -0.2028 -0.2028
15650 53.79 52.82 0.00 -2.9745 -1.1691 -1.1691
15675 53.79 52.82 0.00 -2.9745 -1.1691 -1.1691
15700 53.72 52.65 0.00 -0.7529 0.9084 0.9084
15725 53.74 52.35 0.00 0.8950 1.8693 1.8693
15750 53.75 51.94 0.00 0.2529 1.4082 1.4082
15775 53.75 51.94 0.00 0.2529 1.4082 1.4082
15800 53.74 51.56 0.00 -1.2780 2.5472 2.5472
15825 53.65 51.17 0.00 -2.5586 2.1665 2.1665
15850 53.65 51.17 0.00 -2.5586 2.1665 2.1665
15875 53.54 50.69 0.00 -2.7721 3.1291 3.1291
15900 53.40 50.03 0.00 -3.2164 3.6287 3.6287
15925 53.32 49.35 0.00 -2.1107 3.4865 3.4865
15950 53.32 49.35 0.00 -2.1107 3.4865 3.4865
15975 53.26 48.81 0.00 -0.6318 2.3387 2.3387
16000 53.28 48.39 0.00 1.3752 2.9504 2.9504
16025 53.28 48.39 0.00 1.3752 2.9504 2.9504
16050 53.35 48.10 0.00 1.2067 2.1397 2.1397
16075 53.30 47.69 0.00 -3.2857 2.8201 2.8201
16100 53.30 47.69 0.00 -3.2857 2.8201 2.8201
16125 53.04 46.95 0.00 -8.2990 2.4610 2.4610
16150 52.74 46.37 0.00 -10.0219 1.5202 1.5202
16175 52.39 45.50 0.00 -7.3459 1.8788 1.8788
16200 52.39 45.50 0.00 -7.3459 1.8788 1.8788
16225 52.20 44.70 0.00 -3.5664 -0.3080 -0.3080
16250 52.13 44.15 0.00 -0.7763 0.3420 0.3420
16275 52.13 44.15 0.00 -0.7763 0.3420 0.3420
16300 52.13 43.72 0.00 -0.9401 4.0929 4.0929
16325 51.99 43.18 0.00 -4.6760 -0.0677 -0.0677
16350 51.75 42.80 0.00 -6.6566 -2.7441 -2.7441
16375 51.75 42.80 0.00 -6.6566 -2.7441 -2.7441
16400 51.45 42.52 0.00 -7.9031 -4.6254 -4.6254
16425 51.12 42.40 0.00 -8.1910 -2.8729 -2.8729
16450 51.12 42.40 0.00 -8.1910 -2.8729 -2.8729
16475 50.86 42.34 0.00 -4.8742 -1.7243 -1.7243
16500 50.79 42.30 0.00 -0.8125 -0.5377 -0.5377
16525 50.79 42.32 0.00 0.8410 -0.8789 -0.8789
16550 50.79 42.32 0.00 0.8410 -0.8789 -0.8789
16575 50.84 42.36 0.00 1.1860 0.1062 0.1062
16600 50.84 42.36 0.00 1.1860 0.1062 0.1062
16625 50.89 42.41 0.00 2.1385 0.4130 0.4130
16650 51.03 42.49 0.00 3.7623 0.5969 0.5969
16675 51.19 42.65 0.00 4.7399 -0.2935 -0.2935
16700 51.19 42.65 0.00 4.7399 -0.2935 -0.2935
16725 51.40 42.87 0.00 5.1686 1.4338 1.4338
16750 51.40 42.87 0.00 5.1686 1.4338 1.4338
16775 51.57 43.04 0.00 3.8171 1.5816 1.5816
16800 51.66 43.17 0.00 1.4076 -1.7394 -1.7394
16825 51.75 43.20 0.00 2.9097 2.8993 2.8993
16850 51.75 43.20 0.00 2.9097 2.8993 2.8993
16875 51.85 43.18 0.00 2.1279 1.8501 1.8501
16900 51.90 43.06 0.00 1.4425 1.8939 1.8939
16925 51.96 42.63 0.00 1.0694 2.8994 2.8994
16950 51.96 42.63 0.00 1.0694 2.8994 2.8994
16975 51.99 42.15 0.00 0.4877 1.8354 1.8354
17000 51.99 41.69 0.00 -0.1720 1.2758 1.2758
17025 51.99 41.69 0.00 -0.1720 1.2758 1.2758
17050 52.01 41.23 0.00 1.2741 2.6970 2.6970
17075 52.08 40.88 0.00 2.2154 1.7315 1.7315
17100 52.08 40.88 0.00 2.2154 1.7315 1.7315
17125 52.18 40.60 0.00 2.8550 3.5935 3.5935
17150 52.30 40.28 0.00 2.8785 4.9857 4.9857
17175 52.41 40.04 0.00 2.4003 4.8350 4.8350
17200 52.41 40.04 0.00 2.4003 4.8350 4.8350
17225 52.48 39.94 0.00 1.4106 3.0325 3.0325
17250 52.51 39.92 0.00 0.8668 2.6235 2.6235
17275 52.58 39.89 0.00 2.3930 3.5208 3.5208
17300 52.58 39.89 0.00 2.3930 3.5208 3.5208
17325 52.74 39.72 0.00 4.5021 4.0056 4.0056
17350 52.74 39.72 0.00 4.5021 4.0056 4.0056
17375 52.93 39.42 0.00 4.8897 4.3715 4.3715
17400 53.16 38.89 0.00 5.8754 7.5886 7.5886
17425 53.35 38.01 0.00 4.0058 7.3805 7.3805
17450 53.35 38.01 0.00 4.0058 7.3805 7.3805
17475 53.49 37.08 0.00 2.8155 7.7006 7.7006
17500 53.56 36.28 0.00 1.6759 5.7072 5.7072
17525 53.56 36.28 0.00 1.6759 5.7072 5.7072
17550 53.67 35.67 0.00 2.7498 4.6784 4.6784
17575 53.79 35.33 0.00 3.6544 4.0237 4.0237
17600 53.93 34.92 0.00 3.0174 3.4743 3.4743
17625 53.93 34.92 0.00 3.0174 3.4743 3.4743
17650 54.05 34.54 0.00 3.1628 4.1464 4.1464
17675 54.14 34.37 0.00 2.6372 4.8501 4.8501
17700 54.14 34.37 0.00 2.6372 4.8501 4.8501
17725 54.17 34.15 0.00 -0.4004 2.6163 2.6163
17750 54.12 33.94 0.00 -1.6635 0.3669 0.3669
17775 54.05 33.83 0.00 -1.7975 -0.5802 -0.5802
17800 54.05 33.83 0.00 -1.7975 -0.5802 -0.5802
17825 53.98 33.62 0.00 -1.2682 0.5610 0.5610
17850 53.98 33.62 0.00 -1.2682 0.5610 0.5610
17875 53.96 33.13 0.00 0.0135 1.2882 1.2882
17900 54.00 32.51 0.00 1.2249 0.8248 0.8248
17925 54.12 31.77 0.00 4.2239 5.8024 5.8024
17950 54.12 31.77 0.00 4.2239 5.8024 5.8024
17975 54.26 31.03 0.00 2.7883 2.8576 2.8576
18000 54.37 30.12 0.00 2.7258 3.3157 3.3157
18025 54.37 30.12 0.00 2.7258 3.3157 3.3157
18050 54.45 28.95 0.00 1.9782 2.5340 2.5340
18075 54.54 27.91 0.00 3.2686 2.6106 2.6106
18100 54.54 27.91 0.00 3.2686 2.6106 2.6106
18125 54.72 27.09 0.00 4.7911 1.2399 1.2399
18150 54.96 26.62 0.00 6.6591 0.8460 0.8460
18175 55.22 26.45 0.00 6.7258 0.8777 0.8777
18200 55.22 26.45 0.00 6.7258 0.8777 0.8777
18225 55.50 26.41 0.00 6.4095 2.0778 2.0778
18250 55.77 26.20 0.00 6.7750 3.6887 3.6887
18275 55.77 26.20 0.00 6.7750 3.6887 3.6887
18300 56.03 25.73 0.00 6.5854 5.4040 5.4040
18325 56.31 24.97 0.00 7.2250 6.8197 6.8197
18350 56.62 23.85 0.00 8.3325 5.6574 5.6574
18375 56.62 23.85 0.00 8.3325 5.6574 5.6574
18400 56.94 22.75 0.00 7.1079 4.6199 4.6199
18425 57.15 21.61 0.00 4.2644 3.2217 3.2217
18450 57.15 21.61 0.00 4.2644 3.2217 3.2217
18475 57.31 20.35 0.00 3.8164 7.1991 7.1991
18500 57.40 18.81 0.00 0.7495 4.7394 4.7394
18525 57.40 18.81 0.00 0.7495 4.7394 4.7394
18550 57.40 17.66 0.00 0.5149 4.1786 4.1786
18575 57.43 16.07 0.00 0.8484 2.0211 2.0211
18600 57.43 16.07 0.00 0.8484 2.0211 2.0211
18625 57.50 14.68 0.00 2.2243 -0.6159 -0.6159
18650 57.61 13.93 0.00 2.4774 -1.7245 -1.7245
18675 57.69 13.52 0.00 1.7755 -0.3607 -0.3607
18700 57.69 13.52 0.00 1.7755 -0.3607 -0.3607
18725 57.71 13.23 0.00 0.1297 -0.1505 -0.1505
18750 57.69 13.21 0.00 -1.0357 0.1460 0.1460
18775 57.62 13.14 0.00 -1.9517 -0.7133 -0.7133
18800 57.62 13.14 0.00 -1.9517 -0.7133 -0.7133
18825 57.57 13.17 0.00 -1.0874 -0.2450 -0.2450
18850 57.57 13.26 0.00 0.9266 0.5580 0.5580
18875 57.57 13.26 0.00 0.9266 0.5580 0.5580
18900 57.66 13.41 0.00 2.6932 0.0528 0.0528
18925 57.76 13.65 0.00 2.5132 0.1154 0.1154
18950 57.76 13.65 0.00 2.5132 0.1154 0.1154
18975 57.82 13.87 0.00 0.8747 -1.7428 -1.7428
19000 57.87 14.07 0.00 2.2805 1.6684 1.6684
19025 57.99 14.31 0.00 2.3971 0.7061 0.7061
19050 57.99 14.31 0.00 2.3971 0.7061 0.7061
19075 58.05 14.57 0.00 1.4308 -2.0304 -2.0304
19100 58.15 14.88 0.00 2.5041 -1.7152 -1.7152
19125 58.15 14.88 0.00 2.5041 -1.7152 -1.7152
19150 58.22 15.10 0.00 1.9525 -0.6149 -0.6149
19175 58.29 15.29 0.00 1.3185 0.0324 0.0324
19200 58.29 15.29 0.00 1.3185 0.0324 0.0324
19225 58.36 15.42 0.00 2.6228 2.2472 2.2472
19250 58.47 15.46 0.00 3.1453 1.4836 1.4836
19275 58.47 15.46 0.00 3.1453 1.4836 1.4836
19300 58.61 15.47 0.00 3.8407 1.3224 1.3224
19325 58.75 15.49 0.00 3.1549 2.1160 2.1160
19350 58.84 15.53 0.00 1.3484 1.8991 1.8991
19375 58.84 15.53 0.00 1.3484 1.8991 1.8991
19400 58.84 15.51 0.00 -0.0100 0.7460 0.7460
19425 58.85 15.51 0.00 0.7785 0.1387 0.1387
19450 58.85 15.51 0.00 0.7785 0.1387 0.1387
19475 58.89 15.55 0.00 0.2085 -0.8977 -0.8977
19500 58.89 15.59 0.00 -0.3402 1.0768 1.0768
19525 58.80 15.66 0.00 -2.3521 -1.5450 -1.5450
19550 58.80 15.66 0.00 -2.3521 -1.5450 -1.5450
19575 58.75 15.73 0.00 -0.6572 1.8538 1.8538
19600 58.68 15.87 0.00 -3.4508 -1.0407 -1.0407
19625 58.68 15.87 0.00 -3.4508 -1.0407 -1.0407
19650 58.45 16.12 0.00 -6.5184 -4.9540 -4.9540
19675 58.17 16.32 0.00 -7.5253 -5.6844 -5.6844
19700 57.89 16.36 0.00 -6.0509 -4.8038 -4.8038
19725 57.89 16.36 0.00 -6.0509 -4.8038 -4.8038
19750 57.69 16.32 0.00 -3.8890 -4.0720 -4.0720
19775 57.57 16.13 0.00 -3.0139 -1.0395 -1.0395
19800 57.57 16.13 0.00 -3.0139 -1.0395 -1.0395
19825 57.40 15.76 0.00 -5.3768 -2.8616 -2.8616
19850 57.17 15.22 0.00 -5.2776 -0.6650 -0.6650
19875 57.17 15.22 0.00 -5.2776 -0.6650 -0.6650
19900 57.01 14.66 0.00 -2.9722 0.2401 0.2401
19925 56.92 14.22 0.00 -1.8210 -0.5388 -0.5388
19950 56.92 14.22 0.00 -1.8210 -0.5388 -0.5388
19975 56.85 13.89 0.00 -2.0167 -1.9299 -1.9299
20000 56.76 13.62 0.00 -1.5399 -1.8627 -1.8627
20025 56.71 13.47 0.00 -1.4899 -2.2120 -2.2120
20050 56.71 13.47 0.00 -1.4899 -2.2120 -2.2120
20075 56.68 13.38 0.00 -1.3532 -2.5210 -2.5210
20100 56.61 13.47 0.00 -1.5415 -4.4876 -4.4876
20125 56.61 13.47 0.00 -1.5415 -4.4876 -4.4876
20150 56.59 13.63 0.00 0.7243 -0.6722 -0.6722
20175 56.62 13.76 0.00 0.7725 -1.5888 -1.5888
20200 56.62 13.76 0.00 0.7725 -1.5888 -1.5888
20225 56.68 13.94 0.00 1.4880 -1.5255 -1.5255
20250 56.76 14.09 0.00 2.1220 -0.9944 -0.9944
20275 56.76 14.09 0.00 2.1220 -0.9944 -0.9944
20300 56.83 14.24 0.00 1.6790 1.2500 1.2500
20325 56.83 14.42 0.00 -0.5599 -1.1978 -1.1978
20350 56.83 14.42 0.00 -0.5599 -1.1978 -1.1978
20375 56.83 14.55 0.00 0.1254 0.3859 0.3859
20400 56.83 14.60 0.00 0.1278 -0.8602 -0.8602
20425 56.89 14.60 0.00 1.7287 1.0947 1.0947
20450 56.89 14.60 0.00 1.7287 1.0947 1.0947
20475 56.96 14.57 0.00 1.3569 1.2161 1.2161
20500 56.98 14.57 0.00 -0.4485 0.7478 0.7478
20525 56.98 14.57 0.00 -0.4485 0.7478 0.7478
20550 56.90 14.59 0.00 -2.2385 0.1352 0.1352
20575 56.83 14.64 0.00 -1.2309 -0.3574 -0.3574
20600 56.76 14.71 0.00 -1.7140 -0.5993 -0.5993
20625 56.76 14.71 0.00 -1.7140 -0.5993 -0.5993
20650 56.68 14.80 0.00 -2.9566 -1.4692 -1.4692
20675 56.50 14.94 0.00 -4.5784 -3.8959 -3.8959
20700 56.50 14.94 0.00 -4.5784 -3.8959 -3.8959
20725 56.36 15.01 0.00 -2.8496 -0.5328 -0.5328
20750 56.19 15.13 0.00 -5.0509 -3.6594 -3.6594
20775 55.96 15.24 0.00 -6.6397 -4.6519 -4.6519
20800 55.96 15.24 0.00 -6.6397 -4.6519 -4.6519
20825 55.66 15.38 0.00 -8.0098 -5.5135 -5.5135
20850 55.40 15.46 0.00 -8.9325 -5.8114 -5.8114
20875 55.40 15.46 0.00 -8.9325 -5.8114 -5.8114
20900 55.01 15.58 0.00 -9.8841 -6.2791 -6.2791
20925 54.63 15.69 0.00 -9.3447 -4.4919 -4.4919
20950 54.63 15.69 0.00 -9.3447 -4.4919 -4.4919
20975 54.23 15.79 0.00 -11.3630 -6.8286 -6.8286
21000 53.75 15.84 0.00 -11.7144 -7.2220 -7.2220
21025 53.30 15.85 0.00 0.0000 0.0000 0.0000
21050 53.30 15.85 0.00 0.0000 0.0000 0.0000
21075 52.92 15.88 0.00 -9.0118 -6.2617 -6.2617
21100 52.60 15.93 0.00 -7.3551 -5.5712 -5.5712
21125 52.60 15.93 0.00 -7.3551 -5.5712 -5.5712
21150 52.34 15.95 0.00 -5.5897 -5.1014 -5.1014
21175 52.16 16.02 0.00 -4.1171 -4.1712 -4.1712
21200 52.16 16.02 0.00 -4.1171 -4.1712 -4.1712
21225 52.02 16.15 0.00 -2.5332 -2.4089 -2.4089
21250 51.94 16.26 0.00 -2.5545 -3.8536 -3.8536
21275 51.83 16.33 0.00 -1.6888 -2.3978 -2.3978
21300 51.83 16.33 0.00 -1.6888 -2.3978 -2.3978
21325 51.83 16.39 0.00 0.5938 -0.7145 -0.7145
21350 51.85 16.48 0.00 0.6710 -2.5733 -2.5733
21375 51.85 16.48 0.00 0.6710 -2.5733 -2.5733
21400 51.89 16.61 0.00 1.1693 -1.3847 -1.3847
21425 51.89 16.72 0.00 -1.4353 -3.1035 -3.1035
21450 51.89 16.72 0.00 -1.4353 -3.1035 -3.1035
21475 51.73 16.92 0.00 -4.0247 -3.4350 -3.4350
21500 51.52 17.09 0.00 -5.5204 -3.9108 -3.9108
21525 51.52 17.09 0.00 -5.5204 -3.9108 -3.9108
21550 51.33 17.18 0.00 -6.7823 -5.3791 -5.3791
21575 51.08 17.31 0.00 -5.9311 -5.5405 -5.5405
21600 51.08 17.31 0.00 -5.9311 -5.5405 -5.5405
21625 50.89 17.46 0.00 -4.0621 -3.2857 -3.2857
21650 50.72 17.63 0.00 -4.5765 -3.8885 -3.8885
21675 50.54 17.89 0.00 -3.9383 -3.4071 -3.4071
21700 50.54 17.89 0.00 -3.9383 -3.4071 -3.4071
21725 50.40 18.24 0.00 -3.6092 -3.6891 -3.6891
21750 50.26 18.60 0.00 -3.5230 -3.6977 -3.6977
21775 50.12 19.07 0.00 -3.2563 -3.6891 -3.6891
21800 50.12 19.07 0.00 -3.2563 -3.6891 -3.6891
21825 50.00 19.56 0.00 -3.5462 -4.3353 -4.3353
21850 49.83 20.07 0.00 -4.7337 -4.7121 -4.7121
21875 49.83 20.07 0.00 -4.7337 -4.7121 -4.7121
21900 49.69 20.66 0.00 -2.1810 -1.7988 -1.7988
21925 49.60 21.50 0.00 -3.1692 -4.1138 -4.1138
21950 49.44 22.25 0.00 -4.1126 -4.0704 -4.0704
21975 49.44 22.25 0.00 -4.1126 -4.0704 -4.0704
22000 49.28 22.99 0.00 -3.4444 -3.8859 -3.8859
22025 49.16 23.72 0.00 -2.9456 -2.6902 -2.6902
22050 49.16 23.72 0.00 -2.9456 -2.6902 -2.6902
22075 49.01 24.23 0.00 -4.4423 -5.2040 -5.2040
22100 48.85 24.64 0.00 -3.6487 -2.9561 -2.9561
22125 48.85 24.64 0.00 -3.6487 -2.9561 -2.9561
22150 48.69 24.96 0.00 -3.8619 -3.4879 -3.4879
22175 48.50 25.23 0.00 -5.6045 -2.0860 -2.0860
22200 48.50 25.23 0.00 -5.6045 -2.0860 -2.0860
22225 48.24 25.41 0.00 -6.6354 -1.9037 -1.9037
22250 47.92 25.51 0.00 -8.5081 -4.7352 -4.7352
22275 47.57 25.67 0.00 -8.8743 -5.5615 -5.5615
22300 47.57 25.67 0.00 -8.8743 -5.5615 -5.5615
22325 47.21 25.89 0.00 -9.7268 -5.5568 -5.5568
22350 46.89 26.04 0.00 -10.7354 -5.6312 -5.6312
22375 46.89 26.04 0.00 -10.7354 -5.6312 -5.6312
22400 46.40 26.30 0.00 -14.3895 -7.6139 -7.6139
22425 45.65 26.51 0.00 -20.1349 -9.3536 -9.3536
22450 45.65 26.51 0.00 -20.1349 -9.3536 -9.3536
22475 44.88 26.62 0.00 -18.2539 -8.4475 -8.4475
22500 44.30 26.67 0.00 -11.5807 -6.3187 -6.3187
22525 44.30 26.67 0.00 -11.5807 -6.3187 -6.3187
22550 43.95 26.80 0.00 -7.6036 -7.9838 -7.9838
22575 43.76 26.96 0.00 -3.1211 -5.7344 -5.7344
22600 43.67 27.13 0.00 -1.7416 -5.0246 -5.0246
22625 43.67 27.13 0.00 -1.7416 -5.0246 -5.0246
22650 43.55 27.39 0.00 -5.1864 -5.1628 -5.1628
22675 43.22 27.63 0.00 -9.1329 -5.7286 -5.7286
22700 43.22 27.63 0.00 -9.1329 -5.7286 -5.7286
22725 42.85 27.82 0.00 -9.1832 -6.8351 -6.8351
22750 42.52 28.05 0.00 -7.5577 -8.0758 -8.0758
22775 42.52 28.05 0.00 -7.5577 -8.0758 -8.0758
22800 42.25 28.30 0.00 -5.8853 -7.2518 -7.2518
22825 42.06 28.55 0.00 -4.4839 -5.8109 -5.8109
22850 41.90 28.91 0.00 -3.3641 -5.4046 -5.4046
22875 41.90 28.91 0.00 -3.3641 -5.4046 -5.4046
22900 41.80 29.32 0.00 -2.8069 -4.9812 -4.9812
22925 41.64 29.79 0.00 -4.6622 -5.3700 -5.3700
22950 41.64 29.79 0.00 -4.6622 -5.3700 -5.3700
22975 41.39 30.40 0.00 -6.9589 -4.8564 -4.8564
23000 41.09 31.08 0.00 -7.4717 -4.4952 -4.4952
23025 40.85 31.95 0.00 -4.7325 -4.7664 -4.7664
23050 40.85 31.95 0.00 -4.7325 -4.7664 -4.7664
23075 40.74 32.88 0.00 -1.0218 -3.1409 -3.1409
23100 40.74 33.68 0.00 -0.4038 -3.2290 -3.2290
23125 40.74 33.68 0.00 -0.4038 -3.2290 -3.2290
23150 40.72 34.28 0.00 -0.1475 -3.1609 -3.1609
23175 40.71 35.03 0.00 -1.2543 -3.6425 -3.6425
23200 40.71 35.03 0.00 -1.2543 -3.6425 -3.6425
23225 40.60 35.54 0.00 -3.0137 -3.6267 -3.6267
23250 40.44 36.01 0.00 -4.3326 -3.4349 -3.4349
23275 40.25 36.47 0.00 -5.0751 -3.7870 -3.7870
23300 40.25 36.47 0.00 -5.0751 -3.7870 -3.7870
23325 40.04 36.71 0.00 -5.2973 -4.4493 -4.4493
23350 39.74 36.87 0.00 -9.4577 -5.5201 -5.5201
23375 39.74 36.87 0.00 -9.4577 -5.5201 -5.5201
23400 39.26 36.97 0.00 -13.3135 -3.8543 -3.8543
23425 38.71 37.01 0.00 -13.3593 -3.2815 -3.2815
23450 38.15 37.14 0.00 -14.6588 -6.5432 -6.5432
23475 38.15 37.14 0.00 -14.6588 -6.5432 -6.5432
23500 37.54 37.37 0.00 -14.9513 -4.7833 -4.7833
23525 37.03 37.62 0.00 -11.1589 -3.9674 -3.9674
23550 37.03 37.62 0.00 -11.1589 -3.9674 -3.9674
23575 36.69 37.93 0.00 -7.6854 -4.7379 -4.7379
23600 36.36 38.28 0.00 -8.3396 -2.3636 -2.3636
23625 36.36 38.28 0.00 -8.3396 -2.3636 -2.3636
23650 36.05 38.57 0.00 -6.5979 -4.1704 -4.1704
23675 35.93 38.90 0.00 -0.3136 -2.3795 -2.3795
23700 35.93 38.90 0.00 -0.3136 -2.3795 -2.3795
23725 36.07 39.38 0.00 5.0775 -1.9806 -1.9806
23750 36.25 39.84 0.00 6.4024 -3.5721 -3.5721
23775 36.25 39.84 0.00 6.4024 -3.5721 -3.5721
23800 36.39 40.37 0.00 2.8009 -2.8981 -2.8981
23825 36.30 40.98 0.00 -4.5220 -2.2860 -2.2860
23850 35.98 41.87 0.00 -6.9021 -2.9283 -2.9283
23875 35.98 41.87 0.00 -6.9021 -2.9283 -2.9283
23900 35.71 42.40 0.00 -11.0691 -5.0277 -5.0277
23925 35.20 43.03 0.00 -13.0777 -4.5932 -4.5932
23950 35.20 43.03 0.00 -13.0777 -4.5932 -4.5932
23975 34.70 43.59 0.00 -11.7312 -5.9555 -5.9555
24000 34.23 44.17 0.00 -12.5384 -4.4883 -4.4883
24025 33.64 44.78 0.00 -15.9084 -2.5998 -2.5998
24050 33.64 44.78 0.00 -15.9084 -2.5998 -2.5998
24075 32.94 45.40 0.00 -18.6126 -4.0301 -4.0301
24100 32.17 46.22 0.00 -19.1850 -3.8416 -3.8416
24125 32.17 46.22 0.00 -19.1850 -3.8416 -3.8416
24150 31.50 47.22 0.00 -15.1685 -3.3547 -3.3547
24175 30.92 47.96 0.00 -14.0674 -3.9167 -3.9167
24200 30.51 48.35 0.00 -6.2869 -3.2583 -3.2583
24225 30.51 48.35 0.00 -6.2869 -3.2583 -3.2583
24250 30.47 48.64 0.00 2.2701 -5.0786 -5.0786
24275 30.47 48.64 0.00 2.2701 -5.0786 -5.0786
24300 30.62 48.88 0.00 3.6419 -0.6528 -0.6528
24325 30.72 49.19 0.00 2.1300 0.5285 0.5285
24350 30.72 49.56 0.00 -1.4159 -0.6650 -0.6650
24375 30.72 49.56 0.00 -1.4159 -0.6650 -0.6650
24400 30.62 49.99 0.00 -3.9308 -2.8188 -2.8188
24425 30.47 50.61 0.00 -2.8012 -3.4300 -3.4300
24450 30.47 50.61 0.00 -2.8012 -3.4300 -3.4300
24475 30.15 51.31 0.00 -14.4216 -7.5824 -7.5824
24500 29.44 51.92 0.00 -17.0609 -1.2095 -1.2095
24525 28.78 52.45 0.00 -15.6674 -5.9729 -5.9729
24550 28.78 52.45 0.00 -15.6674 -5.9729 -5.9729
24575 28.23 53.14 0.00 -12.7009 -7.7785 -7.7785
24600 27.85 53.75 0.00 -13.6015 -8.0139 -8.0139
24625 27.85 53.75 0.00 -13.6015 -8.0139 -8.0139
24650 27.26 54.53 0.00 -14.7447 -4.7414 -4.7414
24675 26.71 55.26 0.00 -12.5614 -1.0675 -1.0675
24700 26.71 55.26 0.00 -12.5614 -1.0675 -1.0675
24725 26.34 55.98 0.00 -6.7108 -0.2895 -0.2895
24750 26.10 56.79 0.00 -6.7521 -0.6902 -0.6902
24775 25.90 57.67 0.00 -3.3026 2.3010 2.3010
24800 25.90 57.67 0.00 -3.3026 2.3010 2.3010
24825 25.94 58.54 0.00 4.2535 1.0507 1.0507
24850 25.94 58.54 0.00 4.2535 1.0507 1.0507
24875 26.27 59.35 0.00 10.3969 -1.8276 -1.8276
24900 26.78 60.19 0.00 13.2184 1.3326 1.3326
24925 27.23 61.18 0.00 10.3006 2.1565 2.1565
24950 27.23 61.18 0.00 10.3006 2.1565 2.1565
24975 27.67 62.28 0.00 11.9868 3.4385 3.4385
25000 28.14 63.34 0.00 10.2737 2.1291 2.1291
25025 28.14 63.34 0.00 10.2737 2.1291 2.1291
25050 28.38 64.36 0.00 4.0117 5.0544 5.0544
25075 28.34 65.27 0.00 -4.5364 4.5068 4.5068
25100 28.01 66.02 0.00 -10.4791 2.5757 2.5757
25125 28.01 66.02 0.00 -10.4791 2.5757 2.5757
25150 27.46 66.64 0.00 -16.8052 -0.3149 -0.3149
25175 26.49 67.22 0.00 -28.4517 1.2724 1.2724
25200 25.27 67.74 0.00 -31.2648 4.1273 4.1273
25225 25.27 67.74 0.00 -31.2648 4.1273 4.1273
25250 24.03 68.15 0.00 -30.8480 1.7528 1.7528
25275 22.81 68.55 0.00 -29.5310 1.6230 1.6230
25300 22.81 68.55 0.00 -29.5310 1.6230 1.6230
25325 21.82 68.94 0.00 -22.4910 0.8638 0.8638
25350 21.82 68.94 0.00 -22.4910 0.8638 0.8638
25375 21.12 69.25 0.00 -13.3102 0.0416 0.0416
25400 20.95 69.42 0.00 0.2493 -0.6966 -0.6966
25425 21.02 69.49 0.00 3.1704 -2.9624 -2.9624
25450 21.17 69.51 0.00 4.2074 -0.2320 -0.2320
25475 21.17 69.51 0.00 4.2074 -0.2320 -0.2320
25500 21.44 69.43 0.00 8.3852 1.0092 1.0092
25525 21.44 69.43 0.00 8.3852 1.0092 1.0092
25550 21.83 69.36 0.00 11.2253 -1.5319 -1.5319
25575 22.21 69.30 0.00 6.9857 -0.9661 -0.9661
25600 22.42 69.30 0.00 4.2996 1.3162 1.3162
25625 22.42 69.30 0.00 4.2996 1.3162 1.3162
25650 22.55 69.40 0.00 1.9155 0.5965 0.5965
25675 22.53 69.51 0.00 -1.4975 0.8724 0.8724
25700 22.46 69.53 0.00 -2.2017 -0.7016 -0.7016
25725 22.46 69.53 0.00 -2.2017 -0.7016 -0.7016
25750 22.32 69.50 0.00 -4.1983 -0.6717 -0.6717
25775 22.14 69.46 0.00 -4.1890 0.3756 0.3756
25800 22.14 69.46 0.00 -4.1890 0.3756 0.3756
25825 21.99 69.46 0.00 -4.2220 -0.0168 -0.0168
25850 21.80 69.54 0.00 -5.5004 -0.1589 -0.1589
25875 21.80 69.54 0.00 -5.5004 -0.1589 -0.1589
25900 21.46 69.70 0.00 -9.6471 1.0693 1.0693
25925 21.12 69.96 0.00 -6.9505 1.4010 1.4010
25950 21.00 70.29 0.00 -0.9871 -0.0476 -0.0476
25975 21.00 70.29 0.00 -0.9871 -0.0476 -0.0476
26000 20.97 70.82 0.00 -1.2746 -0.7037 -0.7037
26025 20.91 71.48 0.00 -1.3762 1.5553 1.5553
26050 20.91 71.48 0.00 -1.3762 1.5553 1.5553
26075 20.93 72.22 0.00 1.2845 1.9272 1.9272
26100 20.93 72.22 0.00 1.2845 1.9272 1.9272
26125 21.04 73.10 0.00 4.7725 0.9926 0.9926
26150 21.31 74.06 0.00 6.8037 1.1857 1.1857
26175 21.46 74.70 0.00 4.0034 3.2726 3.2726
26200 21.70 75.49 0.00 8.5649 5.5620 5.5620
26225 21.70 75.49 0.00 8.5649 5.5620 5.5620
26250 22.08 76.33 0.00 7.9028 2.4000 2.4000
26275 22.25 77.07 0.00 2.1715 6.6241 6.6241
26300 22.25 77.07 0.00 2.1715 6.6241 6.6241
26325 22.25 77.75 0.00 -1.6147 6.4246 6.4246
26350 22.17 78.23 0.00 -1.2264 4.7946 4.7946
26375 22.14 78.47 0.00 -0.4856 1.6454 1.6454
26400 22.14 78.47 0.00 -0.4856 1.6454 1.6454
26425 22.02 78.58 0.00 -5.0385 0.7796 0.7796
26450 21.74 78.54 0.00 -7.4719 2.1476 2.1476
26475 21.74 78.54 0.00 -7.4719 2.1476 2.1476
26500 21.36 78.40 0.00 -10.3601 1.4055 1.4055
26525 20.99 78.18 0.00 -8.8800 0.5110 0.5110
26550 20.99 78.18 0.00 -8.8800 0.5110 0.5110
26575 20.63 77.89 0.00 -8.5362 -0.7272 -0.7272
26600 20.34 77.53 0.00 -5.9121 3.1477 3.1477
26625 20.34 77.53 0.00 -5.9121 3.1477 3.1477
26650 20.26 77.00 0.00 0.8279 3.6133 3.6133
26675 20.36 76.30 0.00 2.4966 -0.2583 -0.2583
26700 20.42 75.64 0.00 0.7353 0.2794 0.2794
26725 20.42 75.64 0.00 0.7353 0.2794 0.2794
26750 20.42 75.10 0.00 -0.8048 -1.1971 -1.1971
26775 20.36 74.70 0.00 -1.5364 -2.9540 -2.9540
26800 20.36 74.70 0.00 -1.5364 -2.9540 -2.9540
26825 20.26 74.36 0.00 -2.2800 -2.3401 -2.3401
26850 20.26 73.99 0.00 1.8520 -0.8613 -0.8613
26875 20.42 73.77 0.00 3.1922 -2.3074 -2.3074
26900 20.42 73.77 0.00 3.1922 -2.3074 -2.3074
26925 20.51 73.69 0.00 2.3816 0.2191 0.2191
26950 20.51 73.69 0.00 2.3816 0.2191 0.2191
26975 20.61 73.65 0.00 3.0988 0.5297 0.5297
27000 20.70 73.62 0.00 2.6007 -0.3972 -0.3972
27025 20.80 73.59 0.00 1.9753 -1.1393 -1.1393
27050 20.80 73.59 0.00 1.9753 -1.1393 -1.1393
27075 20.85 73.61 0.00 0.9504 -1.9028 -1.9028
27100 20.87 73.61 0.00 -0.2342 -1.2042 -1.2042
27125 20.87 73.61 0.00 -0.2342 -1.2042 -1.2042
27150 20.87 73.67 0.00 1.2055 -1.4885 -1.4885
27175 20.99 73.68 0.00 2.8140 2.1403 2.1403
27200 21.06 73.66 0.00 1.7273 2.2459 2.2459
27225 21.06 73.66 0.00 1.7273 2.2459 2.2459
27250 21.14 73.70 0.00 2.2534 1.0906 1.0906
27275 21.27 73.75 0.00 3.4523 -0.9387 -0.9387
27300 21.27 73.75 0.00 3.4523 -0.9387 -0.9387
27325 21.46 73.80 0.00 6.0465 0.2256 0.2256
27350 21.80 73.83 0.00 10.0075 -0.3464 -0.3464
27375 21.80 73.83 0.00 10.0075 -0.3464 -0.3464
27400 22.27 73.67 0.00 11.8333 1.2822 1.2822
27425 22.64 73.32 0.00 8.4328 5.0861 5.0861
27450 22.98 72.95 0.00 9.0014 6.5046 6.5046
27475 22.98 72.95 0.00 9.0014 6.5046 6.5046
27500 23.47 72.64 0.00 14.4410 4.5365 4.5365
27525 24.14 72.37 0.00 18.1721 3.0226 3.0226
27550 24.14 72.37 0.00 18.1721 3.0226 3.0226
27575 24.94 72.18 0.00 21.4897 3.1198 3.1198
27600 25.86 72.06 0.00 23.2773 4.1615 4.1615
27625 26.75 71.94 0.00 21.2488 6.4307 6.4307
27650 26.75 71.94 0.00 21.2488 6.4307 6.4307
27675 27.46 71.86 0.00 15.6040 6.9829 6.9829
27700 27.98 71.81 0.00 10.8185 5.5760 5.5760
27725 27.98 71.81 0.00 10.8185 5.5760 5.5760
27750 28.25 71.88 0.00 8.8493 5.5777 5.5777
27775 28.58 72.06 0.00 7.5899 1.3334 1.3334
27800 28.58 72.06 0.00 7.5899 1.3334 1.3334
27825 28.80 72.39 0.00 4.4033 1.9858 1.9858
27850 28.93 72.84 0.00 3.0882 3.4964 3.4964
27875 28.93 72.84 0.00 3.0882 3.4964 3.4964
27900 29.07 73.56 0.00 2.8523 3.7448 3.7448
27925 29.05 74.33 0.00 -2.9056 3.9278 3.9278
27950 28.85 74.65 0.00 -5.1849 5.4400 5.4400
27975 28.85 74.65 0.00 -5.1849 5.4400 5.4400
28000 28.54 74.70 0.00 -10.5880 3.9439 3.9439
28025 27.92 74.78 0.00 -17.6901 3.7076 3.7076
28050 27.23 75.21 0.00 -16.0061 -0.1849 -0.1849
28075 27.23 75.21 0.00 -16.0061 -0.1849 -0.1849
28100 26.82 75.85 0.00 -5.9589 -3.3251 -3.3251
28125 26.84 76.39 0.00 4.1378 -2.9483 -2.9483
28150 26.84 76.39 0.00 4.1378 -2.9483 -2.9483
28175 27.17 76.80 0.00 10.7041 -1.5447 -1.5447
28200 27.67 77.15 0.00 12.3217 -0.1098 -0.1098
28225 27.67 77.15 0.00 12.3217 -0.1098 -0.1098
28250 28.07 77.39 0.00 8.7476 0.8640 0.8640
28275 28.40 77.55 0.00 8.3528 4.1974 4.1974
28300 28.40 77.55 0.00 8.3528 4.1974 4.1974
28325 28.76 77.68 0.00 10.0728 1.4509 1.4509
28350 29.24 77.80 0.00 12.7127 0.3486 0.3486
28375 29.24 77.80 0.00 12.7127 0.3486 0.3486
28400 29.78 77.80 0.00 14.0036 0.1104 0.1104
28425 30.42 77.75 0.00 16.7100 1.9925 1.9925
28450 30.42 77.75 0.00 16.7100 1.9925 1.9925
28475 31.14 77.45 0.00 18.9027 2.9695 2.9695
28500 31.94 76.88 0.00 20.4776 4.3947 4.3947
28525 32.53 76.33 0.00 19.2328 4.0817 4.0817
28550 32.53 76.33 0.00 19.2328 4.0817 4.0817
28575 33.23 75.39 0.00 16.3206 4.6449 4.6449
28600 33.84 74.38 0.00 14.5657 5.0723 5.0723
28625 33.84 74.38 0.00 14.5657 5.0723 5.0723
28650 34.39 73.49 0.00 13.8373 5.1135 5.1135
28675 34.89 72.70 0.00 11.4957 5.4534 5.4534
28700 35.32 72.02 0.00 9.7886 6.0148 6.0148
28725 35.70 71.29 0.00 10.0735 6.2430 6.2430
28750 35.70 71.29 0.00 10.0735 6.2430 6.2430
28775 36.09 70.67 0.00 8.3748 3.7037 3.7037
28800 36.09 70.67 0.00 8.3748 3.7037 3.7037
28825 36.34 70.19 0.00 5.3472 3.9445 3.9445
28850 36.53 69.91 0.00 5.0184 5.7208 5.7208
28875 36.76 69.77 0.00 5.9056 2.2353 2.2353
28900 36.76 69.77 0.00 5.9056 2.2353 2.2353
28925 37.01 69.79 0.00 6.5035 0.6862 0.6862
28950 37.01 69.79 0.00 6.5035 0.6862 0.6862
28975 37.24 69.85 0.00 4.7321 0.2122 0.2122
29000 37.40 69.91 0.00 3.7953 2.0601 2.0601
29025 37.53 69.94 0.00 3.3328 2.1106 2.1106
29050 37.53 69.94 0.00 3.3328 2.1106 2.1106
29075 37.63 69.94 0.00 1.7683 0.9271 0.9271
29100 37.69 69.92 0.00 1.1611 0.2477 0.2477
29125 37.74 69.89 0.00 1.8842 0.0005 0.0005
29150 37.74 69.89 0.00 1.8842 0.0005 0.0005
29175 37.86 69.89 0.00 3.3554 -0.7215 -0.7215
29200 38.04 69.92 0.00 5.5415 -0.9326 -0.9326
29225 38.04 69.92 0.00 5.5415 -0.9326 -0.9326
29250 38.31 69.92 0.00 7.1099 0.0067 0.0067
29275 38.64 69.90 0.00 9.0397 1.7840 1.7840
29300 39.05 69.93 0.00 10.5617 3.0295 3.0295
29325 39.05 69.93 0.00 10.5617 3.0295 3.0295
29350 39.45 69.99 0.00 10.3108 1.0113 1.0113
29375 39.45 69.99 0.00 10.3108 1.0113 1.0113
29400 39.77 70.05 0.00 10.4344 2.8245 2.8245
29425 40.18 70.23 0.00 9.4112 3.1798 3.1798
29450 40.53 70.40 0.00 9.1793 2.2494 2.2494
29475 40.53 70.40 0.00 9.1793 2.2494 2.2494
29500 40.93 70.54 0.00 10.3819 2.3244 2.3244
29525 41.36 70.57 0.00 11.1713 1.8945 1.8945
29550 41.36 70.57 0.00 11.1713 1.8945 1.8945
29575 41.81 70.49 0.00 10.6142 0.6649 0.6649
29600 42.18 70.33 0.00 8.6681 2.8066 2.8066
29625 42.46 70.17 0.00 5.6382 2.8778 2.8778
29650 42.46 70.17 0.00 5.6382 2.8778 2.8778
29675 42.69 70.04 0.00 6.6168 4.4771 4.4771
29700 43.01 69.99 0.00 8.2951 4.9146 4.9146
29725 43.01 69.99 0.00 8.2951 4.9146 4.9146
29750 43.36 69.99 0.00 9.3596 5.0474 5.0474
29775 43.76 69.95 0.00 10.5332 4.0506 4.0506
29800 44.22 69.83 0.00 11.4164 3.4218 3.4218
29825 44.22 69.83 0.00 11.4164 3.4218 3.4218
29850 44.67 69.71 0.00 11.3168 2.6569 2.6569
29875 44.67 69.71 0.00 11.3168 2.6569 2.6569
29900 45.09 69.60 0.00 9.7829 1.5391 1.5391
29925 45.42 69.50 0.00 7.8540 0.9849 0.9849
29950 45.72 69.41 0.00 7.2230 2.7714 2.7714
29975 45.72 69.41 0.00 7.2230 2.7714 2.7714
30000 45.98 69.34 0.00 6.2435 1.2299 1.2299
30025 46.25 69.30 0.00 6.3599 1.4684 1.4684
30050 46.25 69.30 0.00 6.3599 1.4684 1.4684
30075 46.51 69.23 0.00 7.2694 1.9685 1.9685
30100 46.84 69.11 0.00 8.5881 2.9415 2.9415
30125 47.10 68.97 0.00 8.8779 3.0573 3.0573
30150 47.10 68.97 0.00 8.8779 3.0573 3.0573
30175 47.47 68.72 0.00 9.1655 4.1169 4.1169
30200 47.82 68.37 0.00 8.3157 3.6778 3.6778
30225 47.82 68.37 0.00 8.3157 3.6778 3.6778
30250 48.13 68.01 0.00 7.4576 3.8949 3.8949
30275 48.41 67.62 0.00 6.5348 3.7013 3.7013
30300 48.66 67.22 0.00 6.2702 4.0243 4.0243
30325 48.66 67.22 0.00 6.2702 4.0243 4.0243
30350 48.90 66.75 0.00 6.0560 4.1411 4.1411
30375 49.14 66.19 0.00 6.1814 4.2489 4.2489
30400 49.14 66.19 0.00 6.1814 4.2489 4.2489
30425 49.39 65.72 0.00 5.6720 3.8275 3.8275
30450 49.58 65.23 0.00 4.3014 2.4768 2.4768
30475 49.58 65.23 0.00 4.3014 2.4768 2.4768
30500 49.72 64.76 0.00 2.8938 2.8117 2.8117
30525 49.84 64.36 0.00 2.7463 3.4047 3.4047
30550 49.84 64.36 0.00 2.7463 3.4047 3.4047
30575 49.95 64.06 0.00 2.8044 0.4440 0.4440
30600 50.05 63.97 0.00 2.2544 -0.1584 -0.1584
30625 50.05 63.97 0.00 2.2544 -0.1584 -0.1584
30650 50.12 63.92 0.00 1.3301 -0.2007 -0.2007
30675 50.17 63.94 0.00 1.2833 0.2289 0.2289
30700 50.23 63.94 0.00 1.5760 0.3853 0.3853
30725 50.23 63.94 0.00 1.5760 0.3853 0.3853
30750 50.30 63.85 0.00 2.1525 0.8628 0.8628
30775 50.40 63.71 0.00 2.7214 0.9089 0.9089
30800 50.40 63.71 0.00 2.7214 0.9089 0.9089
30825 50.52 63.54 0.00 3.3592 1.2952 1.2952
30850 50.70 63.36 0.00 4.8652 1.3560 1.3560
30875 50.94 63.24 0.00 6.9231 1.7916 1.7916
30900 50.94 63.24 0.00 6.9231 1.7916 1.7916
30925 51.17 63.21 0.00 8.0558 2.2602 2.2602
30950 51.52 63.10 0.00 9.6717 3.0083 3.0083
30975 51.52 63.10 0.00 9.6717 3.0083 3.0083
31000 52.01 62.89 0.00 13.7628 4.9022 4.9022
31025 52.62 62.66 0.00 15.4552 4.6233 4.6233
31050 53.21 62.37 0.00 14.9284 5.5025 5.5025
31075 53.21 62.37 0.00 14.9284 5.5025 5.5025
31100 53.81 61.96 0.00 13.9247 6.9888 6.9888
31125 54.26 61.59 0.00 10.2049 4.9081 4.9081
31150 54.26 61.59 0.00 10.2049 4.9081 4.9081
31175 54.58 61.31 0.00 6.1146 3.9415 3.9415
31200 54.72 61.07 0.00 2.1886 2.7411 2.7411
31225 54.72 61.07 0.00 2.1886 2.7411 2.7411
31250 54.75 60.84 0.00 0.5493 2.5602 2.5602
31275 54.77 60.61 0.00 0.4550 3.0804 3.0804
31300 54.77 60.61 0.00 0.4550 3.0804 3.0804
31325 54.80 60.37 0.00 1.0797 3.0913 3.0913
31350 54.86 60.10 0.00 1.8789 4.0367 4.0367
31375 54.96 59.91 0.00 2.6013 4.6062 4.6062
31400 54.96 59.91 0.00 2.6013 4.6062 4.6062
31425 55.08 59.68 0.00 3.4551 4.1249 4.1249
31450 55.22 59.44 0.00 3.0385 3.0040 3.0040
31475 55.29 59.26 0.00 1.2896 2.0197 2.0197
31500 55.29 59.26 0.00 1.2896 2.0197 2.0197
31525 55.31 59.03 0.00 0.1901 2.0935 2.0935
31550 55.31 59.03 0.00 0.1901 2.0935 2.0935
31575 55.33 58.80 0.00 0.3970 2.6353 2.6353
31600 55.36 58.63 0.00 1.2944 2.1121 2.1121
31625 55.43 58.38 0.00 2.8092 4.5366 4.5366
31650 55.43 58.38 0.00 2.8092 4.5366 4.5366
31675 55.59 57.96 0.00 4.4164 4.5578 4.5578
31700 55.77 57.59 0.00 4.3495 2.7793 2.7793
31725 55.77 57.59 0.00 4.3495 2.7793 2.7793
31750 55.94 57.25 0.00 4.5635 2.4735 2.4735
31775 56.10 56.97 0.00 3.3961 2.4759 2.4759
31800 56.10 56.97 0.00 3.3961 2.4759 2.4759
31825 56.19 56.79 0.00 1.3159 1.4691 1.4691
31850 56.20 56.67 0.00 0.2025 2.0384 2.0384
31875 56.19 56.53 0.00 -0.7604 0.7869 0.7869
31900 56.19 56.53 0.00 -0.7604 0.7869 0.7869
31925 56.17 56.35 0.00 -0.2740 1.3708 1.3708
31950 56.17 56.16 0.00 -0.4261 0.9496 0.9496
31975 56.17 56.16 0.00 -0.4261 0.9496 0.9496
32000 56.12 56.05 0.00 -1.5211 -0.2915 -0.2915
32025 56.05 56.05 0.00 -1.8531 -0.7883 -0.7883
32050 55.98 56.12 0.00 -1.8064 -1.7176 -1.7176
32075 55.98 56.12 0.00 -1.8064 -1.7176 -1.7176
32100 55.91 56.27 0.00 -1.3306 -1.9630 -1.9630
32125 55.85 56.41 0.00 -1.4953 -1.8955 -1.8955
32150 55.80 56.48 0.00 -1.6917 -2.5888 -2.5888
32175 55.80 56.48 0.00 -1.6917 -2.5888 -2.5888
32200 55.77 56.44 0.00 0.1506 0.9015 0.9015
32225 55.77 56.44 0.00 0.1506 0.9015 0.9015
32250 55.78 56.39 0.00 0.3648 -1.0315 -1.0315
32275 55.82 56.35 0.00 0.8590 -0.7014 -0.7014
32300 55.82 56.35 0.00 0.8590 -0.7014 -0.7014
32325 55.84 56.32 0.00 0.0914 -0.9368 -0.9368
32350 55.82 56.28 0.00 -0.3921 0.4044 0.4044
32375 55.80 56.20 0.00 -0.4823 0.0338 0.0338
32400 55.80 56.20 0.00 -0.4823 0.0338 0.0338
32425 55.80 56.02 0.00 0.2811 0.8436 0.8436
32450 55.80 55.82 0.00 -0.0189 0.3640 0.3640
32475 55.80 55.82 0.00 -0.0189 0.3640 0.3640
32500 55.80 55.49 0.00 -0.2214 1.0571 1.0571
32525 55.80 55.01 0.00 0.2732 2.8095 2.8095
32550 55.82 54.59 0.00 0.9296 2.8715 2.8715
32575 55.82 54.59 0.00 0.9296 2.8715 2.8715
32600 55.89 54.23 0.00 1.7934 1.9460 1.9460
32625 55.98 54.00 0.00 2.3853 0.7429 0.7429
32650 56.06 53.80 0.00 2.2592 0.6044 0.6044
32675 56.06 53.80 0.00 2.2592 0.6044 0.6044
32700 56.12 53.59 0.00 0.3386 1.8453 1.8453
32725 56.08 53.41 0.00 -1.4955 -0.1492 -0.1492
32750 56.08 53.41 0.00 -1.4955 -0.1492 -0.1492
32775 56.03 53.31 0.00 -0.2028 1.8001 1.8001
32800 56.06 53.27 0.00 1.3038 0.5619 0.5619
32825 56.06 53.27 0.00 1.3038 0.5619 0.5619
32850 56.13 53.31 0.00 1.5079 -0.9699 -0.9699
32875 56.15 53.41 0.00 -0.6367 -2.5012 -2.5012
32900 56.15 53.41 0.00 -0.6367 -2.5012 -2.5012
32925 56.08 53.47 0.00 -1.8474 -1.2664 -1.2664
32950 56.01 53.50 0.00 -2.0293 -0.9893 -0.9893
32975 56.01 53.50 0.00 -2.0293 -0.9893 -0.9893
33000 55.94 53.52 0.00 -1.0575 0.2443 0.2443
33025 55.89 53.50 0.00 -2.0418 -1.7877 -1.7877
33050 55.78 53.47 0.00 -2.4854 -1.1156 -1.1156
33075 55.78 53.47 0.00 -2.4854 -1.1156 -1.1156
33100 55.70 53.43 0.00 -1.9482 0.0437 0.0437
33125 55.66 53.42 0.00 -0.8830 0.4877 0.4877
33150 55.66 53.42 0.00 -0.8830 0.4877 0.4877
33175 55.64 53.40 0.00 -0.3239 0.2617 0.2617
33200 55.59 53.38 0.00 -1.6685 -1.3780 -1.3780
33225 55.50 53.37 0.00 -3.4557 -1.3867 -1.3867
33250 55.50 53.37 0.00 -3.4557 -1.3867 -1.3867
33275 55.31 53.26 0.00 -5.4064 -1.9565 -1.9565
33300 55.08 53.05 0.00 -6.1911 -3.2623 -3.2623
33325 55.08 53.05 0.00 -6.1911 -3.2623 -3.2623
33350 54.84 52.68 0.00 -5.8231 -1.7346 -1.7346
33375 54.63 52.06 0.00 -5.5734 1.2242 1.2242
33400 54.38 51.36 0.00 -6.1650 -0.5417 -0.5417
33425 54.38 51.36 0.00 -6.1650 -0.5417 -0.5417
33450 54.12 50.72 0.00 -6.4783 -2.3438 -2.3438
33475 54.12 50.72 0.00 -6.4783 -2.3438 -2.3438
33500 53.84 50.29 0.00 -7.5494 -4.7721 -4.7721
33525 53.51 50.12 0.00 -8.6404 -4.0756 -4.0756
33550 53.14 50.14 0.00 -9.0047 -4.5450 -4.5450
33575 53.14 50.14 0.00 -9.0047 -4.5450 -4.5450
33600 52.83 50.23 0.00 -7.2880 -4.9436 -4.9436
33625 52.57 50.33 0.00 -5.5273 -5.5933 -5.5933
33650 52.39 50.42 0.00 -4.0351 -3.9981 -3.9981
33675 52.39 50.42 0.00 -4.0351 -3.9981 -3.9981
33700 52.23 50.51 0.00 -3.8891 -3.1379 -3.1379
33725 52.09 50.59 0.00 -3.4866 -3.0339 -3.0339
33750 52.09 50.59 0.00 -3.4866 -3.0339 -3.0339
33775 51.96 50.64 0.00 -3.5671 -3.4965 -3.4965
33800 51.82 50.66 0.00 -3.4831 -3.1325 -3.1325
33825 51.82 50.66 0.00 -3.4831 -3.1325 -3.1325
33850 51.68 50.64 0.00 -2.9262 -2.7696 -2.7696
33875 51.59 50.59 0.00 -2.5947 -3.4517 -3.4517
33900 51.59 50.59 0.00 -2.5947 -3.4517 -3.4517
33925 51.48 50.55 0.00 -2.4962 -3.7132 -3.7132
33950 51.41 50.54 0.00 -1.1923 -0.5759 -0.5759
33975 51.41 50.54 0.00 -1.1923 -0.5759 -0.5759
34000 51.36 50.57 0.00 -1.7942 -2.3067 -2.3067
34025 51.29 50.61 0.00 -2.1878 -2.3092 -2.3092
34050 51.17 50.61 0.00 -3.7601 -2.5460 -2.5460
34075 51.17 50.61 0.00 -3.7601 -2.5460 -2.5460
