%#        Time[ms]        X[pixel],        Y[pixel],        Z[pixel],  dX/dt[pixel/s],  dY/dt[pixel/s],  dZ/dt[pixel/s] 
0 50.00 50.00 0.00 2.4916 1.5371 1.5371
25 50.07 50.11 0.00 1.2769 1.4560 1.4560
50 50.07 50.18 0.00 -0.2189 -0.7446 -0.7446
75 50.07 50.18 0.00 -0.2189 -0.7446 -0.7446
100 50.07 50.20 0.00 0.2117 0.2528 0.2528
125 50.07 50.20 0.00 0.2117 0.2528 0.2528
150 50.07 50.27 0.00 -0.0115 0.4283 0.4283
175 50.05 50.34 0.00 -0.4370 0.2010 0.2010
200 50.05 50.37 0.00 0.0801 1.0431 1.0431
225 50.05 50.37 0.00 0.0801 1.0431 1.0431
250 50.05 50.41 0.00 0.1868 1.3539 1.3539
275 50.07 50.43 0.00 -0.1009 0.4274 0.4274
300 50.07 50.43 0.00 -0.1009 0.4274 0.4274
325 50.07 50.39 0.00 0.5308 1.7349 1.7349
350 50.09 50.27 0.00 0.2238 0.9786 0.9786
375 50.09 50.27 0.00 0.2238 0.9786 0.9786
400 50.10 50.11 0.00 0.3670 1.2056 1.2056
425 50.12 49.95 0.00 0.4876 1.5905 1.5905
450 50.12 49.95 0.00 0.4876 1.5905 1.5905
475 50.16 49.79 0.00 1.1486 1.0249 1.0249
500 50.21 49.52 0.00 1.9888 2.3522 2.3522
525 50.35 49.15 0.00 4.9584 4.9129 4.9129
550 50.35 49.15 0.00 4.9584 4.9129 4.9129
575 50.72 48.34 0.00 11.1110 3.3784 3.3784
600 51.22 47.34 0.00 13.4768 0.9159 0.9159
625 51.22 47.34 0.00 13.4768 0.9159 0.9159
650 51.75 46.52 0.00 12.6233 1.9119 1.9119
675 52.23 45.80 0.00 12.1001 6.4721 6.4721
700 52.69 45.20 0.00 10.9950 7.1333 7.1333
725 52.69 45.20 0.00 10.9950 7.1333 7.1333
750 53.11 44.80 0.00 10.3402 4.9394 4.9394
775 53.53 44.55 0.00 10.5158 2.0936 2.0936
800 53.53 44.55 0.00 10.5158 2.0936 2.0936
825 53.95 44.38 0.00 10.4542 0.2931 0.2931
850 54.37 44.33 0.00 9.9462 0.0879 0.0879
875 54.37 44.33 0.00 9.9462 0.0879 0.0879
900 54.73 44.30 0.00 8.9265 1.7733 1.7733
925 55.08 44.26 0.00 9.6206 1.6057 1.6057
950 55.08 44.26 0.00 9.6206 1.6057 1.6057
975 55.54 44.22 0.00 11.9081 1.4105 1.4105
1000 56.05 44.25 0.00 12.8392 2.3729 2.3729
1025 56.45 44.27 0.00 13.8134 2.8983 2.8983
1050 56.45 44.27 0.00 13.8134 2.8983 2.8983
1075 57.01 44.28 0.00 14.0335 2.3340 2.3340
1100 57.54 44.34 0.00 12.6671 0.9010 0.9010
1125 57.54 44.34 0.00 12.6671 0.9010 0.9010
1150 58.01 44.46 0.00 11.1603 0.7582 0.7582
1175 58.41 44.66 0.00 9.5235 0.3960 0.3960
1200 58.75 44.82 0.00 7.8423 -0.8088 -0.8088
1225 58.75 44.82 0.00 7.8423 -0.8088 -0.8088
1250 59.07 44.94 0.00 7.8358 1.9676 1.9676
1275 59.35 45.06 0.00 6.3870 2.1336 2.1336
1300 59.35 45.06 0.00 6.3870 2.1336 2.1336
1325 59.54 45.18 0.00 4.1928 1.1309 1.1309
1350 59.66 45.29 0.00 2.2811 0.1550 0.1550
1375 59.66 45.29 0.00 2.2811 0.1550 0.1550
1400 59.72 45.40 0.00 0.7431 -0.3940 -0.3940
1425 59.73 45.56 0.00 0.4595 -0.1153 -0.1153
1450 59.73 45.56 0.00 0.4595 -0.1153 -0.1153
1475 59.79 45.68 0.00 1.5836 0.4966 0.4966
1500 59.86 45.74 0.00 1.8368 -0.0239 -0.0239
1525 59.95 45.75 0.00 2.5251 1.7888 1.7888
1550 59.95 45.75 0.00 2.5251 1.7888 1.7888
1575 60.09 45.75 0.00 3.9860 3.4612 3.4612
1600 60.26 45.73 0.00 4.5206 2.8377 2.8377
1625 60.26 45.73 0.00 4.5206 2.8377 2.8377
1650 60.46 45.69 0.00 4.9808 3.4807 3.4807
1675 60.65 45.67 0.00 4.9817 3.0830 3.0830
1700 60.65 45.67 0.00 4.9817 3.0830 3.0830
1725 60.86 45.65 0.00 5.2826 2.6206 2.6206
1750 61.09 45.62 0.00 6.3149 3.5031 3.5031
1775 61.09 45.62 0.00 6.3149 3.5031 3.5031
1800 61.34 45.55 0.00 6.0967 2.4699 2.4699
1825 61.61 45.40 0.00 7.5207 5.2888 5.2888
1850 61.85 45.32 0.00 8.6335 5.6158 5.6158
1875 61.85 45.32 0.00 8.6335 5.6158 5.6158
1900 62.19 45.20 0.00 7.7406 3.2027 3.2027
1925 62.19 45.20 0.00 7.7406 3.2027 3.2027
1950 62.46 45.09 0.00 5.9962 3.3057 3.3057
1975 62.63 44.99 0.00 3.7980 2.1977 2.1977
2000 62.77 44.94 0.00 2.9206 1.9031 1.9031
2025 62.86 44.83 0.00 2.6459 2.6041 2.6041
2050 62.86 44.83 0.00 2.6459 2.6041 2.6041
2075 62.97 44.62 0.00 2.7169 2.3206 2.3206
2100 62.97 44.62 0.00 2.7169 2.3206 2.3206
2125 63.11 44.24 0.00 3.8301 3.3572 3.3572
2150 63.27 43.76 0.00 3.7322 5.0778 5.0778
2175 63.38 43.28 0.00 2.2829 5.0977 5.0977
2200 63.38 43.28 0.00 2.2829 5.0977 5.0977
2225 63.47 42.80 0.00 1.9113 5.5132 5.5132
2250 63.56 42.36 0.00 2.7592 4.2485 4.2485
2275 63.56 42.36 0.00 2.7592 4.2485 4.2485
2300 63.68 42.01 0.00 2.7687 3.2525 3.2525
2325 63.77 41.71 0.00 2.4233 3.5456 3.5456
2350 63.77 41.71 0.00 2.4233 3.5456 3.5456
2375 63.82 41.47 0.00 0.7659 1.6494 1.6494
2400 63.86 41.23 0.00 1.3432 3.5734 3.5734
2425 63.95 41.08 0.00 2.2440 3.4544 3.4544
2450 63.95 41.08 0.00 2.2440 3.4544 3.4544
2475 64.05 41.02 0.00 3.1163 1.5625 1.5625
2500 64.05 41.02 0.00 3.1163 1.5625 1.5625
2525 64.21 41.03 0.00 4.3331 2.2327 2.2327
2550 64.41 41.10 0.00 5.2808 2.2500 2.2500
2575 64.68 41.20 0.00 7.7554 1.8475 1.8475
2600 64.68 41.20 0.00 7.7554 1.8475 1.8475
2625 65.16 41.30 0.00 14.5711 4.5594 4.5594
2650 65.68 41.39 0.00 18.7342 4.7238 4.7238
2675 65.68 41.39 0.00 18.7342 4.7238 4.7238
2700 66.54 41.53 0.00 22.6051 5.0834 5.0834
2725 67.47 41.68 0.00 23.5083 6.2903 6.2903
2750 68.39 41.80 0.00 22.5225 5.7887 5.7887
2775 68.39 41.80 0.00 22.5225 5.7887 5.7887
2800 69.22 41.88 0.00 19.6771 5.2083 5.2083
2825 69.91 41.94 0.00 15.8870 4.8422 4.8422
2850 70.44 42.01 0.00 11.1826 4.4488 4.4488
2875 70.44 42.01 0.00 11.1826 4.4488 4.4488
2900 70.76 42.11 0.00 6.8377 4.6146 4.6146
2925 70.95 42.20 0.00 3.4374 2.6491 2.6491
2950 70.95 42.20 0.00 3.4374 2.6491 2.6491
2975 71.06 42.25 0.00 2.5146 3.3556 3.3556
3000 71.06 42.25 0.00 2.5146 3.3556 3.3556
3025 71.18 42.37 0.00 0.6623 0.6704 0.6704
3050 71.18 42.37 0.00 0.6623 0.6704 0.6704
3075 71.18 42.45 0.00 -0.5289 0.2487 0.2487
3100 71.15 42.48 0.00 -1.3495 -0.3042 -0.3042
3125 71.15 42.48 0.00 -1.3495 -0.3042 -0.3042
3150 71.11 42.52 0.00 -0.9817 0.1116 0.1116
3175 71.09 42.54 0.00 0.3130 1.3146 1.3146
3200 71.09 42.54 0.00 0.3130 1.3146 1.3146
3225 71.13 42.54 0.00 1.5168 0.7452 0.7452
3250 71.20 42.50 0.00 1.9243 1.2966 1.2966
3275 71.29 42.40 0.00 2.6009 2.7470 2.7470
3300 71.29 42.40 0.00 2.6009 2.7470 2.7470
3325 71.44 42.30 0.00 3.9815 2.8858 2.8858
3350 71.60 42.20 0.00 4.7834 2.7525 2.7525
3375 71.60 42.20 0.00 4.7834 2.7525 2.7525
3400 71.80 42.10 0.00 4.6176 2.4671 2.4671
3425 71.93 41.99 0.00 4.2972 2.3870 2.3870
3450 71.93 41.99 0.00 4.2972 2.3870 2.3870
3475 72.08 41.81 0.00 3.2675 2.4226 2.4226
3500 72.15 41.64 0.00 0.5995 0.7182 0.7182
3525 72.15 41.45 0.00 0.5321 2.9219 2.9219
3550 72.15 41.45 0.00 0.5321 2.9219 2.9219
3575 72.17 41.28 0.00 -0.1148 2.3764 2.3764
3600 72.11 41.17 0.00 -2.8053 -0.0413 -0.0413
3625 72.11 41.17 0.00 -2.8053 -0.0413 -0.0413
3650 71.91 41.13 0.00 -6.6008 -1.9229 -1.9229
3675 71.55 41.11 0.00 -9.7033 -3.7732 -3.7732
3700 71.55 41.11 0.00 -9.7033 -3.7732 -3.7732
3725 71.16 41.14 0.00 -9.6633 -1.8406 -1.8406
3750 70.80 41.12 0.00 -8.9194 -0.5011 -0.5011
3775 70.80 41.12 0.00 -8.9194 -0.5011 -0.5011
3800 70.42 41.03 0.00 -9.8391 -2.8723 -2.8723
3825 70.04 40.89 0.00 -8.7722 -2.4090 -2.4090
3850 69.75 40.74 0.00 -7.1114 -0.6320 -0.6320
3875 69.75 40.74 0.00 -7.1114 -0.6320 -0.6320
3900 69.47 40.53 0.00 -6.5231 -0.6421 -0.6421
3925 69.20 40.26 0.00 -6.9792 -2.2253 -2.2253
3950 69.20 40.26 0.00 -6.9792 -2.2253 -2.2253
3975 68.93 39.93 0.00 -6.5006 -1.2865 -1.2865
4000 68.70 39.61 0.00 -5.2993 -0.1017 -0.1017
4025 68.70 39.61 0.00 -5.2993 -0.1017 -0.1017
4050 68.52 39.28 0.00 -4.2750 -0.7825 -0.7825
4075 68.39 38.93 0.00 -2.2536 -0.7989 -0.7989
4100 68.39 38.93 0.00 -2.2536 -0.7989 -0.7989
4125 68.39 38.53 0.00 0.8565 3.0935 3.0935
4150 68.41 38.16 0.00 0.2003 0.3465 0.3465
4175 68.39 37.87 0.00 -0.8683 -0.7517 -0.7517
4200 68.39 37.87 0.00 -0.8683 -0.7517 -0.7517
4225 68.32 37.54 0.00 -2.4888 -1.0607 -1.0607
4250 68.17 37.09 0.00 -4.1025 -0.7839 -0.7839
4275 67.97 36.57 0.00 -5.3430 -1.5570 -1.5570
4300 67.97 36.57 0.00 -5.3430 -1.5570 -1.5570
4325 67.79 36.07 0.00 -4.6693 0.6596 0.6596
4350 67.60 35.51 0.00 -4.4239 0.8053 0.8053
4375 67.60 35.51 0.00 -4.4239 0.8053 0.8053
4400 67.45 34.88 0.00 -3.1573 2.7552 2.7552
4425 67.33 34.35 0.00 -3.5113 2.8240 2.8240
4450 67.13 33.98 0.00 -5.9329 2.0767 2.0767
4475 67.13 33.98 0.00 -5.9329 2.0767 2.0767
4500 66.81 33.73 0.00 -9.6608 -0.1179 -0.1179
4525 66.36 33.56 0.00 -12.2605 -3.3587 -3.3587
4550 66.36 33.56 0.00 -12.2605 -3.3587 -3.3587
4575 65.84 33.49 0.00 -12.5977 -4.9310 -4.9310
4600 65.36 33.51 0.00 -11.4253 -6.9880 -6.9880
4625 65.36 33.51 0.00 -11.4253 -6.9880 -6.9880
4650 64.98 33.56 0.00 -7.6832 -3.3913 -3.3913
4675 64.73 33.67 0.00 -5.9707 -4.0429 -4.0429
4700 64.73 33.67 0.00 -5.9707 -4.0429 -4.0429
4725 64.52 33.83 0.00 -4.5164 -4.2114 -4.2114
4750 64.36 33.99 0.00 -3.6709 -3.0889 -3.0889
4775 64.36 33.99 0.00 -3.6709 -3.0889 -3.0889
4800 64.21 34.13 0.00 -3.4164 -2.8466 -2.8466
4825 64.09 34.29 0.00 -2.7745 -3.2060 -3.2060
4850 64.05 34.42 0.00 -0.1785 -1.1259 -1.1259
4875 64.05 34.42 0.00 -0.1785 -1.1259 -1.1259
4900 64.09 34.50 0.00 1.6041 -0.7441 -0.7441
4925 64.18 34.51 0.00 2.9669 1.0935 1.0935
4950 64.18 34.51 0.00 2.9669 1.0935 1.0935
4975 64.27 34.49 0.00 2.5185 0.9197 0.9197
5000 64.36 34.47 0.00 1.7549 0.9283 0.9283
5025 64.36 34.47 0.00 1.7549 0.9283 0.9283
5050 64.41 34.47 0.00 1.5190 1.0264 1.0264
5075 64.46 34.48 0.00 1.0937 0.3328 0.3328
5100 64.50 34.52 0.00 0.5300 0.2505 0.2505
5125 64.50 34.52 0.00 0.5300 0.2505 0.2505
5150 64.48 34.60 0.00 -0.8999 -1.2147 -1.2147
5175 64.46 34.67 0.00 0.1620 1.1843 1.1843
5200 64.46 34.67 0.00 0.1620 1.1843 1.1843
5225 64.48 34.77 0.00 0.3061 0.6128 0.6128
5250 64.48 34.88 0.00 0.1016 -1.8893 -1.8893
5275 64.48 35.03 0.00 -0.3330 -1.8469 -1.8469
5300 64.48 35.03 0.00 -0.3330 -1.8469 -1.8469
5325 64.45 35.17 0.00 -0.6115 -1.6203 -1.6203
5350 64.45 35.17 0.00 -0.6115 -1.6203 -1.6203
5375 64.45 35.40 0.00 0.2867 -0.6070 -0.6070
5400 64.50 35.66 0.00 2.0910 1.1432 1.1432
5425 64.61 35.96 0.00 3.0320 0.5824 0.5824
5450 64.61 35.96 0.00 3.0320 0.5824 0.5824
5475 64.75 36.29 0.00 3.9398 1.4417 1.4417
5500 64.98 36.57 0.00 6.6226 2.3536 2.3536
5525 64.98 36.57 0.00 6.6226 2.3536 2.3536
5550 65.30 36.89 0.00 9.1689 2.7209 2.7209
5575 65.71 37.25 0.00 10.1323 2.8899 2.8899
5600 66.12 37.56 0.00 10.7090 2.4537 2.4537
5625 66.12 37.56 0.00 10.7090 2.4537 2.4537
5650 66.54 37.86 0.00 10.0684 1.4446 1.4446
5675 66.54 37.86 0.00 10.0684 1.4446 1.4446
5700 67.02 38.29 0.00 3.0044 1.4551 1.4551
5725 67.02 38.29 0.00 3.0044 1.4551 1.4551
5750 67.08 38.42 0.00 1.0030 2.7528 2.7528
5775 67.02 38.55 0.00 -2.4509 -0.6430 -0.6430
5800 67.02 38.55 0.00 -2.4509 -0.6430 -0.6430
5825 66.88 38.65 0.00 -4.1408 -1.6274 -1.6274
5850 66.88 38.65 0.00 -4.1408 -1.6274 -1.6274
5875 66.66 38.72 0.00 -6.1256 -3.0067 -3.0067
5900 66.41 38.75 0.00 -6.4395 -1.7500 -1.7500
5925 66.18 38.77 0.00 -5.1846 -1.1997 -1.1997
5950 66.18 38.77 0.00 -5.1846 -1.1997 -1.1997
5975 66.04 38.74 0.00 -2.4463 -0.3812 -0.3812
6000 66.00 38.71 0.00 -0.2984 -0.8207 -0.8207
6025 66.00 38.71 0.00 -0.2984 -0.8207 -0.8207
6050 66.00 38.69 0.00 0.0238 0.0661 0.0661
6075 65.96 38.63 0.00 -1.8013 -0.6091 -0.6091
6100 65.86 38.45 0.00 -2.9354 -0.0501 -0.0501
6125 65.86 38.45 0.00 -2.9354 -0.0501 -0.0501
6150 65.73 38.19 0.00 -3.1210 0.0559 0.0559
6175 65.61 37.91 0.00 -2.7849 -1.2920 -1.2920
6200 65.61 37.91 0.00 -2.7849 -1.2920 -1.2920
6225 65.53 37.65 0.00 -1.8818 -0.7661 -0.7661
6250 65.46 37.38 0.00 -1.2688 -0.7645 -0.7645
6275 65.48 37.00 0.00 1.6855 3.0962 3.0962
6300 65.48 37.00 0.00 1.6855 3.0962 3.0962
6325 65.55 36.73 0.00 1.6948 -0.1796 -0.1796
6350 65.61 36.58 0.00 0.8712 -0.7175 -0.7175
6375 65.61 36.58 0.00 0.8712 -0.7175 -0.7175
6400 65.59 36.49 0.00 -1.0276 -1.4838 -1.4838
6425 65.55 36.51 0.00 -0.5969 -1.5818 -1.5818
6450 65.59 36.58 0.00 1.6045 -0.9938 -0.9938
6475 65.59 36.58 0.00 1.6045 -0.9938 -0.9938
6500 65.71 36.61 0.00 3.2719 1.1783 1.1783
6525 65.71 36.61 0.00 3.2719 1.1783 1.1783
6550 65.80 36.59 0.00 3.2487 1.3800 1.3800
6575 65.91 36.55 0.00 2.4735 3.2654 3.2654
6600 65.98 36.43 0.00 1.0833 3.1374 3.1374
6625 65.98 36.43 0.00 1.0833 3.1374 3.1374
6650 66.00 36.26 0.00 0.1556 2.4984 2.4984
6675 66.00 36.07 0.00 -0.6116 1.9038 1.9038
6700 66.00 36.07 0.00 -0.6116 1.9038 1.9038
6725 65.95 35.75 0.00 -1.1247 2.4455 2.4455
6750 65.93 35.28 0.00 -0.0338 3.0463 3.0463
6775 65.93 34.74 0.00 -0.6294 1.3385 1.3385
6800 65.93 34.74 0.00 -0.6294 1.3385 1.3385
6825 65.87 34.19 0.00 -1.0761 2.5872 2.5872
6850 65.84 33.70 0.00 -1.4286 4.1800 4.1800
6875 65.84 33.70 0.00 -1.4286 4.1800 4.1800
6900 65.71 33.38 0.00 -4.0299 0.8179 0.8179
6925 65.52 33.16 0.00 -5.4609 0.1993 0.1993
6950 65.52 33.16 0.00 -5.4609 0.1993 0.1993
6975 65.28 33.03 0.00 -5.8597 -1.6269 -1.6269
7000 65.09 33.04 0.00 -4.0824 -2.4301 -2.4301
7025 65.09 33.04 0.00 -4.0824 -2.4301 -2.4301
7050 64.98 33.10 0.00 -1.6239 -1.5155 -1.5155
7075 64.95 33.16 0.00 -0.6382 -1.1171 -1.1171
7100 64.93 33.22 0.00 -0.5319 -0.8036 -0.8036
7125 64.93 33.22 0.00 -0.5319 -0.8036 -0.8036
7150 64.91 33.26 0.00 -0.6200 -0.1631 -0.1631
7175 64.89 33.26 0.00 -0.6856 -0.5772 -0.5772
7200 64.89 33.26 0.00 -0.6856 -0.5772 -0.5772
7225 64.86 33.30 0.00 -0.3172 -0.6418 -0.6418
7250 64.84 33.38 0.00 -0.3696 -0.5670 -0.5670
7275 64.84 33.38 0.00 -0.3696 -0.5670 -0.5670
7300 64.84 33.47 0.00 -0.0503 -0.9066 -0.9066
7325 64.84 33.55 0.00 0.0027 -0.9505 -0.9505
7350 64.78 33.55 0.00 -1.3833 -2.0573 -2.0573
7375 64.78 33.55 0.00 -1.3833 -2.0573 -2.0573
7400 64.73 33.52 0.00 -0.8904 0.6389 0.6389
7425 64.71 33.50 0.00 -0.7689 0.4397 0.4397
7450 64.71 33.50 0.00 -0.7689 0.4397 0.4397
7475 64.68 33.50 0.00 -0.6729 -1.5834 -1.5834
7500 64.64 33.50 0.00 -0.9433 -2.3415 -2.3415
7525 64.59 33.50 0.00 -1.8213 -1.6608 -1.6608
7550 64.59 33.50 0.00 -1.8213 -1.6608 -1.6608
7575 64.50 33.55 0.00 -2.6347 -1.3513 -1.3513
7600 64.41 33.51 0.00 -1.5368 0.1753 0.1753
7625 64.41 33.51 0.00 -1.5368 0.1753 0.1753
7650 64.36 33.49 0.00 -1.4854 -1.3060 -1.3060
7675 64.30 33.44 0.00 -1.3424 -0.7913 -0.7913
7700 64.30 33.44 0.00 -1.3424 -0.7913 -0.7913
7725 64.23 33.36 0.00 -1.5373 0.0778 0.0778
7750 64.18 33.31 0.00 -1.4477 -0.0508 -0.0508
7775 64.14 33.29 0.00 -0.8652 -0.5801 -0.5801
7800 64.14 33.29 0.00 -0.8652 -0.5801 -0.5801
7825 64.11 33.31 0.00 -0.7464 -1.6004 -1.6004
7850 64.07 33.37 0.00 -1.1151 -2.1792 -2.1792
7875 64.07 33.37 0.00 -1.1151 -2.1792 -2.1792
7900 64.02 33.43 0.00 -1.2094 -1.2473 -1.2473
7925 63.95 33.47 0.00 -1.7682 -1.4096 -1.4096
7950 63.91 33.47 0.00 -0.5305 0.1958 0.1958
7975 63.91 33.47 0.00 -0.5305 0.1958 0.1958
8000 63.95 33.45 0.00 0.6183 0.8199 0.8199
8025 63.95 33.45 0.00 0.6183 0.8199 0.8199
8050 63.95 33.45 0.00 -0.0840 -1.7621 -1.7621
8075 63.93 33.45 0.00 -1.0563 -1.3218 -1.3218
8100 63.84 33.44 0.00 -2.0730 -1.5280 -1.5280
8125 63.84 33.44 0.00 -2.0730 -1.5280 -1.5280
8150 63.79 33.48 0.00 -1.2980 -0.6030 -0.6030
8175 63.77 33.50 0.00 0.1978 0.3642 0.3642
8200 63.77 33.50 0.00 0.1978 0.3642 0.3642
8225 63.79 33.50 0.00 0.3328 0.5102 0.5102
8250 63.79 33.44 0.00 0.1275 0.0810 0.0810
8275 63.79 33.44 0.00 0.1275 0.0810 0.0810
8300 63.82 33.38 0.00 1.1693 1.8567 1.8567
8325 63.88 33.26 0.00 1.6919 3.1016 3.1016
8350 63.88 33.26 0.00 1.6919 3.1016 3.1016
8375 63.93 33.11 0.00 0.6572 1.4432 1.4432
8400 63.93 32.94 0.00 -0.4615 0.7832 0.7832
8425 63.89 32.78 0.00 -0.8710 0.8707 0.8707
8450 63.89 32.78 0.00 -0.8710 0.8707 0.8707
8475 63.84 32.63 0.00 -1.3371 0.4604 0.4604
8500 63.79 32.48 0.00 -2.2487 -0.2774 -0.2774
8525 63.64 32.27 0.00 -3.8012 -1.6878 -1.6878
8550 63.64 32.27 0.00 -3.8012 -1.6878 -1.6878
8575 63.54 32.05 0.00 -1.7981 2.2197 2.2197
8600 63.47 31.88 0.00 -2.1422 -0.5549 -0.5549
8625 63.47 31.88 0.00 -2.1422 -0.5549 -0.5549
8650 63.38 31.77 0.00 -2.1733 -1.5689 -1.5689
8675 63.29 31.71 0.00 -2.5312 -2.2106 -2.2106
8700 63.18 31.72 0.00 -1.9923 -1.5425 -1.5425
8725 63.18 31.72 0.00 -1.9923 -1.5425 -1.5425
8750 63.11 31.78 0.00 -1.8005 -2.5361 -2.5361
8775 63.11 31.78 0.00 -1.8005 -2.5361 -2.5361
8800 63.09 31.82 0.00 -0.3863 -0.4096 -0.4096
8825 63.08 31.84 0.00 -0.6380 -1.8511 -1.8511
8850 63.06 31.82 0.00 -0.1028 0.1948 0.1948
8875 63.06 31.82 0.00 -0.1028 0.1948 0.1948
8900 63.06 31.76 0.00 0.0543 1.2330 1.2330
8925 63.06 31.76 0.00 0.0543 1.2330 1.2330
8950 63.06 31.68 0.00 0.1685 0.6863 0.6863
8975 63.08 31.62 0.00 0.1292 -0.6302 -0.6302
9000 63.06 31.62 0.00 -0.4246 -1.3893 -1.3893
9025 63.02 31.68 0.00 -1.1468 -1.7020 -1.7020
9050 63.02 31.68 0.00 -1.1468 -1.7020 -1.7020
9075 62.97 31.78 0.00 -1.1193 -1.3893 -1.3893
9100 62.90 31.90 0.00 -2.2687 -3.2369 -3.2369
9125 62.90 31.90 0.00 -2.2687 -3.2369 -3.2369
9150 62.83 31.92 0.00 -1.3980 -2.2305 -2.2305
9175 62.81 31.96 0.00 -0.2844 -0.2408 -0.2408
9200 62.81 31.96 0.00 -0.2844 -0.2408 -0.2408
9225 62.77 31.96 0.00 -1.4208 -2.3767 -2.3767
9250 62.70 31.97 0.00 -1.6857 -1.5857 -1.5857
9275 62.70 31.97 0.00 -1.6857 -1.5857 -1.5857
9300 62.62 31.99 0.00 -2.2740 -1.5793 -1.5793
9325 62.54 32.01 0.00 -1.9389 -1.1972 -1.1972
9350 62.54 32.01 0.00 -1.9389 -1.1972 -1.1972
9375 62.49 31.99 0.00 -0.6645 -0.3320 -0.3320
9400 62.46 31.96 0.00 -0.9917 -1.0213 -1.0213
9425 62.46 31.96 0.00 -0.9917 -1.0213 -1.0213
9450 62.40 31.88 0.00 -1.9237 -1.1352 -1.1352
9475 62.30 31.77 0.00 -2.6586 -0.6296 -0.6296
9500 62.21 31.68 0.00 -2.2521 -0.5230 -0.5230
9525 62.21 31.68 0.00 -2.2521 -0.5230 -0.5230
9550 62.14 31.62 0.00 -1.8072 -0.7437 -0.7437
9575 62.08 31.58 0.00 -1.2456 -0.8489 -0.8489
9600 62.08 31.58 0.00 -1.2456 -0.8489 -0.8489
9625 62.05 31.61 0.00 -0.7210 -1.0108 -1.0108
9650 62.03 31.63 0.00 -0.5179 -1.0335 -1.0335
9675 62.03 31.63 0.00 -0.5179 -1.0335 -1.0335
9700 62.01 31.63 0.00 -0.4262 -0.4239 -0.4239
9725 61.96 31.63 0.00 -1.5665 -1.3929 -1.3929
9750 61.91 31.57 0.00 -0.3310 0.4733 0.4733
9775 61.91 31.57 0.00 -0.3310 0.4733 0.4733
9800 61.94 31.53 0.00 0.8531 1.5008 1.5008
9825 61.98 31.51 0.00 0.5524 -0.7055 -0.7055
9850 61.98 31.51 0.00 0.5524 -0.7055 -0.7055
9875 61.98 31.51 0.00 0.0140 -0.7037 -0.7037
9900 61.94 31.53 0.00 -1.2949 -1.0160 -1.0160
9925 61.94 31.53 0.00 -1.2949 -1.0160 -1.0160
9950 61.91 31.59 0.00 -1.1019 0.3793 0.3793
9975 61.89 31.63 0.00 0.2329 0.8565 0.8565
10000 61.91 31.63 0.00 0.8203 0.3139 0.3139
10025 61.91 31.63 0.00 0.8203 0.3139 0.3139
10050 61.94 31.59 0.00 0.4378 0.7331 0.7331
10075 61.94 31.51 0.00 -0.0460 1.6413 1.6413
10100 61.94 31.42 0.00 0.2076 1.9380 1.9380
10125 61.94 31.42 0.00 0.2076 1.9380 1.9380
10150 61.96 31.36 0.00 0.3916 1.0177 1.0177
10175 61.96 31.36 0.00 0.3916 1.0177 1.0177
10200 61.96 31.34 0.00 -0.2640 -0.1542 -0.1542
10225 61.92 31.34 0.00 -1.0729 -0.7251 -0.7251
10250 61.87 31.38 0.00 -1.3653 -0.3618 -0.3618
10275 61.87 31.38 0.00 -1.3653 -0.3618 -0.3618
10300 61.82 31.42 0.00 -1.3374 -0.1478 -0.1478
10325 61.76 31.42 0.00 -2.0707 -1.5127 -1.5127
10350 61.76 31.42 0.00 -2.0707 -1.5127 -1.5127
10375 61.69 31.39 0.00 -1.6754 -1.5337 -1.5337
10400 61.68 31.33 0.00 -0.1675 1.5359 1.5359
10425 61.64 31.29 0.00 -1.2376 -1.4551 -1.4551
10450 61.64 31.29 0.00 -1.2376 -1.4551 -1.4551
10475 61.57 31.31 0.00 -1.7057 -2.0624 -2.0624
10500 61.48 31.37 0.00 -2.7158 -2.5781 -2.5781
10525 61.48 31.37 0.00 -2.7158 -2.5781 -2.5781
10550 61.38 31.48 0.00 -2.6678 -0.5221 -0.5221
10575 61.25 31.54 0.00 -3.1534 -2.3943 -2.3943
10600 61.15 31.54 0.00 -2.1600 -1.6171 -1.6171
10625 61.15 31.54 0.00 -2.1600 -1.6171 -1.6171
10650 61.04 31.47 0.00 -2.9497 -2.8303 -2.8303
10675 60.92 31.41 0.00 -3.0150 -0.7492 -0.7492
10700 60.92 31.41 0.00 -3.0150 -0.7492 -0.7492
10725 60.81 31.34 0.00 -2.7499 0.0065 0.0065
10750 60.74 31.28 0.00 -1.0208 0.6420 0.6420
10775 60.74 31.28 0.00 -1.0208 0.6420 0.6420
10800 60.70 31.27 0.00 -0.9859 -1.4539 -1.4539
10825 60.63 31.27 0.00 -2.2478 -3.3050 -3.3050
10850 60.51 31.33 0.00 -3.2398 -3.4757 -3.4757
10875 60.51 31.33 0.00 -3.2398 -3.4757 -3.4757
10900 60.39 31.43 0.00 -3.5109 -3.5000 -3.5000
10925 60.26 31.55 0.00 -3.3405 -2.8899 -2.8899
10950 60.26 31.55 0.00 -3.3405 -2.8899 -2.8899
10975 60.10 31.65 0.00 -3.7671 -4.3116 -4.3116
11000 60.00 31.69 0.00 -1.6054 -0.9374 -0.9374
11025 60.00 31.69 0.00 -1.6054 -0.9374 -0.9374
11050 59.93 31.74 0.00 -2.3376 -3.7638 -3.7638
11075 59.84 31.78 0.00 -2.0990 -3.4016 -3.4016
11100 59.77 31.86 0.00 -1.6564 -3.1453 -3.1453
11125 59.77 31.86 0.00 -1.6564 -3.1453 -3.1453
11150 59.73 31.90 0.00 -0.5992 -2.2386 -2.2386
11175 59.73 31.88 0.00 0.0097 -2.3872 -2.3872
11200 59.73 31.88 0.00 0.0097 -2.3872 -2.3872
11225 59.77 31.72 0.00 1.4875 0.8666 0.8666
11250 59.81 31.39 0.00 0.7764 0.8177 0.8177
11275 59.81 31.39 0.00 0.7764 0.8177 0.8177
11300 59.89 30.81 0.00 3.5994 3.6005 3.6005
11325 60.14 30.26 0.00 7.3518 4.9976 4.9976
11350 60.42 29.88 0.00 6.2001 3.5338 3.5338
11375 60.42 29.88 0.00 6.2001 3.5338 3.5338
11400 60.58 29.66 0.00 2.6644 3.8461 3.8461
11425 60.65 29.56 0.00 1.2930 3.5697 3.5697
11450 60.65 29.56 0.00 1.2930 3.5697 3.5697
11475 60.70 29.54 0.00 1.5747 2.5097 2.5097
11500 60.78 29.61 0.00 1.6697 1.1130 1.1130
11525 60.78 29.61 0.00 1.6697 1.1130 1.1130
11550 60.79 29.69 0.00 -0.7239 -1.2968 -1.2968
11575 60.79 29.69 0.00 -0.7239 -1.2968 -1.2968
11600 60.74 29.75 0.00 -1.4103 -1.6033 -1.6033
11625 60.69 29.83 0.00 -1.1981 0.6420 0.6420
11650 60.60 29.93 0.00 -2.7021 -2.0406 -2.0406
11675 60.51 30.01 0.00 -2.1871 -1.1494 -1.1494
11700 60.51 30.01 0.00 -2.1871 -1.1494 -1.1494
11725 60.42 30.09 0.00 -2.0766 -1.3317 -1.3317
11750 60.35 30.21 0.00 -1.5719 -0.1250 -0.1250
11775 60.35 30.21 0.00 -1.5719 -0.1250 -0.1250
11800 60.28 30.33 0.00 -1.5452 -0.1107 -0.1107
11825 60.23 30.43 0.00 -1.3149 0.6367 0.6367
11850 60.23 30.43 0.00 -1.3149 0.6367 0.6367
11875 60.18 30.43 0.00 -1.5881 -0.2969 -0.2969
11900 60.10 30.40 0.00 -1.4722 0.1060 0.1060
11925 60.05 30.32 0.00 -2.0267 -0.1858 -0.1858
11950 60.05 30.32 0.00 -2.0267 -0.1858 -0.1858
11975 59.96 30.25 0.00 -2.6156 -0.3637 -0.3637
12000 59.84 30.19 0.00 -2.7258 -1.0610 -1.0610
12025 59.84 30.19 0.00 -2.7258 -1.0610 -1.0610
12050 59.75 30.16 0.00 -2.2532 -1.2840 -1.2840
12075 59.68 30.10 0.00 -1.4590 -1.3678 -1.3678
12100 59.63 30.06 0.00 -0.6260 -0.4874 -0.4874
12125 59.63 30.06 0.00 -0.6260 -0.4874 -0.4874
12150 59.59 30.02 0.00 -1.3061 -1.2354 -1.2354
12175 59.56 29.93 0.00 -0.5819 0.3742 0.3742
12200 59.56 29.93 0.00 -0.5819 0.3742 0.3742
12225 59.56 29.87 0.00 -0.3038 0.6072 0.6072
12250 59.52 29.83 0.00 -0.9433 -2.2059 -2.2059
12275 59.52 29.83 0.00 -0.9433 -2.2059 -2.2059
12300 59.49 29.87 0.00 -0.9920 -1.9846 -1.9846
12325 59.44 29.93 0.00 -1.6237 -2.1878 -2.1878
12350 59.38 30.03 0.00 -0.9728 -0.1117 -0.1117
12375 59.38 30.03 0.00 -0.9728 -0.1117 -0.1117
12400 59.35 30.11 0.00 -0.3683 -0.4586 -0.4586
12425 59.36 30.15 0.00 0.1394 -0.3017 -0.3017
12450 59.36 30.15 0.00 0.1394 -0.3017 -0.3017
12475 59.35 30.13 0.00 -0.4553 -0.3753 -0.3753
12500 59.33 30.09 0.00 -0.7252 0.7191 0.7191
12525 59.33 30.09 0.00 -0.7252 0.7191 0.7191
12550 59.29 30.05 0.00 -0.3063 0.8640 0.8640
12575 59.31 30.01 0.00 0.3378 0.1137 0.1137
12600 59.31 30.01 0.00 -0.0111 -0.6775 -0.6775
12625 59.31 30.01 0.00 -0.0111 -0.6775 -0.6775
12650 59.29 30.05 0.00 -0.9388 -1.3688 -1.3688
12675 59.24 30.09 0.00 -1.2350 -1.0705 -1.0705
12700 59.24 30.09 0.00 -1.2350 -1.0705 -1.0705
12725 59.21 30.11 0.00 -0.9538 -0.7902 -0.7902
12750 59.15 30.14 0.00 -1.7724 -1.9037 -1.9037
12775 59.15 30.14 0.00 -1.7724 -1.9037 -1.9037
12800 59.10 30.10 0.00 -0.8878 0.0940 0.0940
12825 59.10 30.06 0.00 -0.3683 0.6804 0.6804
12850 59.10 30.06 0.00 -0.3683 0.6804 0.6804
12875 59.05 30.00 0.00 -1.1335 -2.2589 -2.2589
12900 59.00 29.98 0.00 -1.6622 -2.8827 -2.8827
12925 58.91 29.99 0.00 -2.4611 -2.9443 -2.9443
12950 58.91 29.99 0.00 -2.4611 -2.9443 -2.9443
12975 58.82 30.05 0.00 -1.9130 -0.1534 -0.1534
13000 58.75 30.07 0.00 -1.6308 -1.0989 -1.0989
13025 58.75 30.07 0.00 -1.6308 -1.0989 -1.0989
13050 58.70 30.03 0.00 -1.5058 -2.6813 -2.6813
13075 58.63 29.92 0.00 -1.8350 -2.2990 -2.2990
13100 58.63 29.92 0.00 -1.8350 -2.2990 -2.2990
13125 58.54 29.76 0.00 -2.2399 -0.1487 -0.1487
13150 58.47 29.59 0.00 -1.8579 0.7772 0.7772
13175 58.38 29.42 0.00 -1.8372 -0.3640 -0.3640
13200 58.38 29.42 0.00 -1.8372 -0.3640 -0.3640
13225 58.31 29.28 0.00 -1.8319 -1.6024 -1.6024
13250 58.24 29.23 0.00 -1.9603 -1.7873 -1.7873
13275 58.24 29.23 0.00 -1.9603 -1.7873 -1.7873
13300 58.15 29.21 0.00 -1.9386 -1.6813 -1.6813
13325 58.10 29.21 0.00 -0.9877 -0.8268 -0.8268
13350 58.05 29.23 0.00 -1.7092 -2.3185 -2.3185
13375 58.05 29.23 0.00 -1.7092 -2.3185 -2.3185
13400 57.99 29.21 0.00 -0.3227 -0.2268 -0.2268
13425 58.03 29.21 0.00 0.5647 0.0066 0.0066
13450 58.03 29.21 0.00 0.5647 0.0066 0.0066
13475 58.03 29.29 0.00 -0.1024 -1.6508 -1.6508
13500 58.01 29.37 0.00 -0.5528 -1.5089 -1.5089
13525 58.01 29.37 0.00 -0.5528 -1.5089 -1.5089
13550 57.98 29.47 0.00 -1.0177 -1.4501 -1.4501
13575 57.96 29.59 0.00 -0.2875 -0.6532 -0.6532
13600 57.96 29.64 0.00 0.7927 0.0919 0.0919
13625 57.96 29.64 0.00 0.7927 0.0919 0.0919
13650 58.01 29.64 0.00 1.0204 0.2456 0.2456
13675 58.05 29.58 0.00 0.6962 0.3307 0.3307
13700 58.05 29.58 0.00 0.6962 0.3307 0.3307
13725 58.08 29.52 0.00 0.7076 1.9948 1.9948
13750 58.10 29.47 0.00 0.7747 1.7141 1.7141
13775 58.10 29.47 0.00 0.7747 1.7141 1.7141
13800 58.13 29.44 0.00 1.0601 0.7452 0.7452
13825 58.17 29.46 0.00 0.8562 0.1027 0.1027
13850 58.17 29.46 0.00 0.8562 0.1027 0.1027
13875 58.19 29.50 0.00 -0.2527 -0.0332 -0.0332
13900 58.15 29.54 0.00 -1.4670 -0.5912 -0.5912
13925 58.08 29.52 0.00 -1.6251 -0.2344 -0.2344
13950 58.08 29.52 0.00 -1.6251 -0.2344 -0.2344
13975 57.98 29.49 0.00 -2.5091 -2.2363 -2.2363
14000 57.92 29.39 0.00 -0.6215 0.7133 0.7133
14025 57.92 29.39 0.00 -0.6215 0.7133 0.7133
14050 57.89 29.33 0.00 -1.1707 -0.9382 -0.9382
14075 57.82 29.32 0.00 -2.1428 -1.6869 -1.6869
14100 57.82 29.32 0.00 -2.1428 -1.6869 -1.6869
14125 57.71 29.34 0.00 -3.3190 -2.0967 -2.0967
14150 57.55 29.38 0.00 -3.8160 -1.9422 -1.9422
14175 57.40 29.46 0.00 -4.3016 -2.6893 -2.6893
14200 57.40 29.46 0.00 -4.3016 -2.6893 -2.6893
14225 57.24 29.45 0.00 -3.4637 -1.0378 -1.0378
14250 57.10 29.39 0.00 -3.4905 -1.9391 -1.9391
14275 57.10 29.39 0.00 -3.4905 -1.9391 -1.9391
14300 57.01 29.28 0.00 -1.6506 -0.7907 -0.7907
14325 56.98 29.16 0.00 -0.7280 0.0839 0.0839
14350 56.96 28.99 0.00 -0.5077 0.3892 0.3892
14375 56.96 28.99 0.00 -0.5077 0.3892 0.3892
14400 56.94 28.87 0.00 -0.4081 0.2033 0.2033
14425 56.92 28.79 0.00 -0.2406 0.1263 0.1263
14450 56.92 28.79 0.00 -0.2406 0.1263 0.1263
14475 56.90 28.73 0.00 -0.3679 0.0024 0.0024
14500 56.90 28.68 0.00 -0.2136 -0.1933 -0.1933
14525 56.90 28.68 0.00 -0.2136 -0.1933 -0.1933
14550 56.89 28.64 0.00 -0.4137 -0.8197 -0.8197
14575 56.85 28.60 0.00 -0.9523 -1.8014 -1.8014
14600 56.87 28.56 0.00 1.2477 2.1539 2.1539
14625 56.87 28.56 0.00 1.2477 2.1539 2.1539
14650 56.89 28.52 0.00 0.1534 -0.8639 -0.8639
14675 56.89 28.52 0.00 -0.1368 -1.2648 -1.2648
14700 56.89 28.52 0.00 -0.1368 -1.2648 -1.2648
14725 56.85 28.52 0.00 -1.2326 -1.6634 -1.6634
14750 56.82 28.58 0.00 -0.6368 0.4065 0.4065
14775 56.80 28.62 0.00 -0.3205 -0.1154 -0.1154
14800 56.80 28.62 0.00 -0.3205 -0.1154 -0.1154
14825 56.82 28.60 0.00 0.6989 0.8793 0.8793
14850 56.82 28.48 0.00 -0.2048 -0.5402 -0.5402
14875 56.82 28.48 0.00 -0.2048 -0.5402 -0.5402
14900 56.82 28.34 0.00 -0.3268 0.9986 0.9986
14925 56.80 28.19 0.00 -0.0554 1.6655 1.6655
14950 56.80 28.19 0.00 -0.0554 1.6655 1.6655
14975 56.80 28.05 0.00 0.0563 0.9994 0.9994
15000 56.80 27.99 0.00 -0.0859 0.2095 0.2095
15025 56.80 27.99 0.00 -0.0859 0.2095 0.2095
15050 56.78 27.99 0.00 -0.9158 -1.4716 -1.4716
15075 56.75 28.01 0.00 -1.2411 -1.5677 -1.5677
15100 56.71 28.07 0.00 -0.8466 -0.5954 -0.5954
15125 56.71 28.07 0.00 -0.8466 -0.5954 -0.5954
15150 56.66 28.11 0.00 -1.6486 -1.1640 -1.1640
15175 56.59 28.08 0.00 -1.5059 -0.6216 -0.6216
15200 56.59 28.08 0.00 -1.5059 -0.6216 -0.6216
15225 56.55 28.00 0.00 -0.8810 0.5198 0.5198
15250 56.48 27.94 0.00 -2.0655 -1.8794 -1.8794
15275 56.40 27.92 0.00 -2.5935 -1.8412 -1.8412
15300 56.40 27.92 0.00 -2.5935 -1.8412 -1.8412
15325 56.27 27.93 0.00 -2.9416 -2.3934 -2.3934
15350 56.27 27.93 0.00 -2.9416 -2.3934 -2.3934
15375 56.19 28.03 0.00 -1.4484 -1.2600 -1.2600
15400 56.17 28.05 0.00 0.3672 0.1354 0.1354
15425 56.20 28.04 0.00 0.6572 -0.7633 -0.7633
15450 56.22 28.04 0.00 0.6036 -0.0298 -0.0298
15475 56.22 28.04 0.00 0.6036 -0.0298 -0.0298
15500 56.24 28.00 0.00 0.1975 0.9833 0.9833
15525 56.24 28.00 0.00 0.1975 0.9833 0.9833
15550 56.24 27.95 0.00 0.0634 0.8084 0.8084
15575 56.26 27.93 0.00 1.0343 0.6234 0.6234
15600 56.31 27.96 0.00 1.3915 -0.0366 -0.0366
15625 56.31 27.96 0.00 1.3915 -0.0366 -0.0366
15650 56.34 28.02 0.00 0.3473 -0.6819 -0.6819
15675 56.33 28.04 0.00 -0.9166 -0.0647 -0.0647
15700 56.33 28.04 0.00 -0.9166 -0.0647 -0.0647
15725 56.33 28.04 0.00 -0.9166 -0.0647 -0.0647
15750 56.15 28.07 0.00 -0.8304 -0.3951 -0.3951
15775 56.15 28.07 0.00 -0.8304 -0.3951 -0.3951
15800 56.19 28.12 0.00 1.3364 0.7100 0.7100
15825 56.24 28.22 0.00 0.9903 -0.9644 -0.9644
15850 56.26 28.32 0.00 0.5127 -0.2459 -0.2459
15875 56.26 28.32 0.00 0.5127 -0.2459 -0.2459
15900 56.24 28.48 0.00 -0.9006 -0.1433 -0.1433
15925 56.19 28.61 0.00 -1.9976 0.4994 0.4994
15950 56.19 28.61 0.00 -1.9976 0.4994 0.4994
15975 56.10 28.67 0.00 -1.9608 -0.0638 -0.0638
16000 56.03 28.66 0.00 -1.7527 -0.6311 -0.6311
16025 55.94 28.56 0.00 -2.1102 -0.7016 -0.7016
16050 55.94 28.56 0.00 -2.1102 -0.7016 -0.7016
16075 55.87 28.46 0.00 -2.0055 0.0434 0.0434
16100 55.87 28.46 0.00 -2.0055 0.0434 0.0434
16125 55.78 28.37 0.00 -1.7072 -0.2189 -0.2189
16150 55.75 28.33 0.00 -0.7757 -0.2574 -0.2574
16175 55.73 28.33 0.00 -0.0114 -0.2339 -0.2339
16200 55.73 28.33 0.00 -0.0114 -0.2339 -0.2339
16225 55.73 28.33 0.00 0.0109 0.0723 0.0723
16250 55.73 28.25 0.00 -0.0012 0.6501 0.6501
16275 55.73 28.25 0.00 -0.0012 0.6501 0.6501
16300 55.73 28.09 0.00 -0.2110 0.1582 0.1582
16325 55.73 27.88 0.00 0.0828 0.4178 0.4178
16350 55.73 27.88 0.00 0.0828 0.4178 0.4178
16375 55.77 27.64 0.00 1.2922 3.2192 3.2192
16400 55.78 27.38 0.00 -0.0145 -0.3008 -0.3008
16425 55.75 27.29 0.00 -1.1879 -1.1017 -1.1017
16450 55.75 27.29 0.00 -1.1879 -1.1017 -1.1017
16475 55.68 27.23 0.00 -2.1575 -1.7007 -1.7007
16500 55.63 27.25 0.00 -0.9980 -0.0996 -0.0996
16525 55.61 27.29 0.00 -0.1024 0.3104 0.3104
16550 55.61 27.29 0.00 -0.1024 0.3104 0.3104
16575 55.61 27.29 0.00 -0.1024 0.3104 0.3104
16600 55.61 27.23 0.00 -0.3978 0.3839 0.3839
16625 55.61 27.23 0.00 -0.3978 0.3839 0.3839
16650 55.59 27.11 0.00 -0.3381 0.8293 0.8293
16675 55.56 26.99 0.00 -1.0065 1.6846 1.6846
16700 55.56 26.99 0.00 -1.0065 1.6846 1.6846
16725 55.47 26.86 0.00 -3.2966 0.4343 0.4343
16750 55.29 26.82 0.00 -4.5401 -1.0480 -1.0480
16775 55.29 26.82 0.00 -4.5401 -1.0480 -1.0480
16800 55.12 26.85 0.00 -4.0899 -2.1633 -2.1633
16825 54.98 26.93 0.00 -3.3674 -1.3306 -1.3306
16850 54.84 27.03 0.00 -3.5107 -2.5979 -2.5979
16875 54.84 27.03 0.00 -3.5107 -2.5979 -2.5979
16900 54.72 27.11 0.00 -2.7087 -1.3549 -1.3549
16925 54.65 27.17 0.00 -1.1427 -0.1052 -0.1052
16950 54.65 27.17 0.00 -1.1427 -0.1052 -0.1052
16975 54.61 27.17 0.00 -0.7619 -3.1713 -3.1713
17000 54.59 27.19 0.00 -0.9373 -3.2743 -3.2743
17025 54.49 27.19 0.00 -3.1631 -3.0742 -3.0742
17050 54.49 27.19 0.00 -3.1631 -3.0742 -3.0742
17075 54.37 27.25 0.00 -3.0400 -1.8338 -1.8338
17100 54.28 27.29 0.00 -1.3604 -0.9105 -0.9105
17125 54.28 27.29 0.00 -1.3604 -0.9105 -0.9105
17150 54.26 27.25 0.00 -0.2373 -1.2697 -1.2697
17175 54.26 27.25 0.00 -0.2373 -1.2697 -1.2697
17200 54.26 27.20 0.00 -0.0661 -0.4127 -0.4127
17225 54.24 27.10 0.00 -0.2672 -0.4503 -0.4503
17250 54.26 26.94 0.00 0.3174 0.1352 0.1352
17275 54.26 26.84 0.00 0.3107 0.2035 0.2035
17300 54.26 26.84 0.00 0.3107 0.2035 0.2035
17325 54.28 26.72 0.00 0.3221 0.2778 0.2778
17350 54.28 26.72 0.00 0.3221 0.2778 0.2778
17375 54.30 26.64 0.00 0.3018 -0.0779 -0.0779
17400 54.30 26.58 0.00 0.2845 -0.3657 -0.3657
17425 54.31 26.56 0.00 -0.2159 -1.5706 -1.5706
17450 54.31 26.56 0.00 -0.2159 -1.5706 -1.5706
17475 54.33 26.48 0.00 1.1625 1.4122 1.4122
17500 54.42 26.40 0.00 1.9488 2.1477 2.1477
17525 54.47 26.34 0.00 1.0767 -0.4747 -0.4747
17550 54.47 26.34 0.00 1.0767 -0.4747 -0.4747
17575 54.52 26.30 0.00 1.5765 1.2330 1.2330
17600 54.56 26.28 0.00 0.6903 0.6407 0.6407
17625 54.56 26.28 0.00 0.6903 0.6407 0.6407
17650 54.58 26.34 0.00 0.5368 -0.3408 -0.3408
17675 54.65 26.38 0.00 1.9193 1.7638 1.7638
17700 54.65 26.38 0.00 1.9193 1.7638 1.7638
17725 54.68 26.42 0.00 0.2031 -0.2544 -0.2544
17750 54.66 26.42 0.00 -0.6169 1.3967 1.3967
17775 54.63 26.38 0.00 -1.5198 1.0969 1.0969
17800 54.63 26.38 0.00 -1.5198 1.0969 1.0969
17825 54.56 26.32 0.00 -1.3231 -0.5968 -0.5968
17850 54.54 26.32 0.00 0.0470 -0.7137 -0.7137
17875 54.54 26.32 0.00 0.0470 -0.7137 -0.7137
17900 54.54 26.34 0.00 -0.0978 -1.4245 -1.4245
17925 54.52 26.40 0.00 -1.0289 -1.9637 -1.9637
17950 54.52 26.40 0.00 -1.0289 -1.9637 -1.9637
17975 54.47 26.46 0.00 -1.7056 -2.0160 -2.0160
18000 54.37 26.50 0.00 -2.6877 -2.9868 -2.9868
18025 54.37 26.50 0.00 -2.6877 -2.9868 -2.9868
18050 54.28 26.48 0.00 -1.4731 -0.9474 -0.9474
18075 54.19 26.50 0.00 -2.8090 -3.5796 -3.5796
18100 54.07 26.53 0.00 -3.0162 -3.0478 -3.0478
18125 54.07 26.53 0.00 -3.0162 -3.0478 -3.0478
18150 53.96 26.61 0.00 -2.6377 -2.9022 -2.9022
18175 53.89 26.67 0.00 -1.3514 -2.5323 -2.5323
18200 53.89 26.67 0.00 -1.3514 -2.5323 -2.5323
18225 53.88 26.79 0.00 -0.9495 -3.4073 -3.4073
18250 53.86 26.83 0.00 -0.3524 -0.3963 -0.3963
18275 53.86 26.83 0.00 -0.3524 -0.3963 -0.3963
18300 53.81 26.83 0.00 -1.7153 -1.3091 -1.3091
18325 53.70 26.75 0.00 -3.2917 -0.4206 -0.4206
18350 53.70 26.75 0.00 -3.2917 -0.4206 -0.4206
18375 53.51 26.59 0.00 -5.1832 -2.2552 -2.2552
18400 53.32 26.32 0.00 -4.2470 -2.1824 -2.1824
18425 53.23 25.82 0.00 -1.3070 -0.4886 -0.4886
18450 53.23 25.82 0.00 -1.3070 -0.4886 -0.4886
18475 53.26 25.29 0.00 2.1789 -0.2045 -0.2045
18500 53.37 24.74 0.00 3.4562 -0.6281 -0.6281
18525 53.37 24.74 0.00 3.4562 -0.6281 -0.6281
18550 53.49 24.26 0.00 2.0035 -0.2550 -0.2550
18575 53.56 23.84 0.00 1.9681 1.2896 1.2896
18600 53.56 23.84 0.00 1.9681 1.2896 1.2896
18625 53.63 23.51 0.00 1.3958 1.3572 1.3572
18650 53.61 23.45 0.00 -1.4360 -2.3907 -2.3907
18675 53.54 23.58 0.00 -2.2007 -2.3703 -2.3703
18700 53.54 23.58 0.00 -2.2007 -2.3703 -2.3703
18725 53.46 23.82 0.00 -1.4984 -2.4235 -2.4235
18750 53.46 24.10 0.00 0.6210 -0.9986 -0.9986
18775 53.46 24.10 0.00 0.6210 -0.9986 -0.9986
18800 53.49 24.38 0.00 1.2031 -0.9731 -0.9731
18825 53.56 24.60 0.00 1.4875 -0.0511 -0.0511
18850 53.56 24.60 0.00 1.4875 -0.0511 -0.0511
18875 53.60 24.68 0.00 0.4809 -0.2167 -0.2167
18900 53.60 24.72 0.00 -0.4077 0.0028 0.0028
18925 53.56 24.72 0.00 -1.0898 0.4040 0.4040
18950 53.56 24.72 0.00 -1.0898 0.4040 0.4040
18975 53.53 24.68 0.00 -1.1848 0.4675 0.4675
19000 53.47 24.66 0.00 -1.0224 0.0497 0.0497
19025 53.47 24.66 0.00 -1.0224 0.0497 0.0497
19050 53.44 24.66 0.00 -1.2590 -0.6654 -0.6654
19075 53.39 24.72 0.00 -1.3156 -0.8742 -0.8742
19100 53.39 24.72 0.00 -1.3156 -0.8742 -0.8742
19125 53.30 24.82 0.00 -2.6589 -2.2083 -2.2083
19150 53.20 24.91 0.00 -2.2220 -1.0446 -1.0446
19175 53.14 25.01 0.00 -1.4314 -0.2986 -0.2986
19200 53.14 25.01 0.00 -1.4314 -0.2986 -0.2986
19225 53.06 25.09 0.00 -2.5354 -3.5894 -3.5894
19250 52.93 25.19 0.00 -3.3974 -3.5979 -3.5979
19275 52.93 25.19 0.00 -3.3974 -3.5979 -3.5979
19300 52.76 25.33 0.00 -4.7011 -3.6993 -3.6993
19325 52.58 25.49 0.00 -4.4922 -2.4747 -2.4747
19350 52.58 25.49 0.00 -4.4922 -2.4747 -2.4747
19375 52.41 25.67 0.00 -3.2454 -2.1216 -2.1216
19400 52.34 25.79 0.00 -1.5387 -1.7182 -1.7182
19425 52.34 25.79 0.00 -1.5387 -1.7182 -1.7182
19450 52.29 25.81 0.00 -0.7025 -1.4981 -1.4981
19475 52.29 25.79 0.00 0.1926 -0.2071 -0.2071
19500 52.30 25.79 0.00 0.4769 0.5663 0.5663
19525 52.30 25.79 0.00 0.4769 0.5663 0.5663
19550 52.32 25.81 0.00 0.2806 -0.1730 -0.1730
19575 52.34 25.87 0.00 0.1144 -1.2201 -1.2201
19600 52.34 25.87 0.00 0.1144 -1.2201 -1.2201
19625 52.32 25.91 0.00 -0.6374 -2.0046 -2.0046
19650 52.29 25.97 0.00 -0.5923 -0.8595 -0.8595
19675 52.29 25.97 0.00 -0.5923 -0.8595 -0.8595
19700 52.25 26.05 0.00 -1.3645 -1.9713 -1.9713
19725 52.18 26.09 0.00 -1.6037 -2.6148 -2.6148
19750 52.20 26.11 0.00 1.7891 4.1012 4.1012
19775 52.20 26.11 0.00 1.7891 4.1012 4.1012
19800 52.23 26.15 0.00 -0.0346 -2.1694 -2.1694
19825 52.22 26.19 0.00 -0.2012 -3.6153 -3.6153
19850 52.20 26.15 0.00 -1.1890 -2.7953 -2.7953
19875 52.20 26.15 0.00 -1.1890 -2.7953 -2.7953
19900 52.13 26.13 0.00 -1.6003 -1.4842 -1.4842
19925 52.04 26.09 0.00 -2.5419 -2.5632 -2.5632
19950 52.04 26.09 0.00 -2.5419 -2.5632 -2.5632
19975 51.97 26.01 0.00 -1.2814 -1.6206 -1.6206
20000 51.94 25.99 0.00 -1.1693 -0.2788 -0.2788
20025 51.94 25.99 0.00 -1.1693 -0.2788 -0.2788
20050 51.85 26.15 0.00 -2.7610 -1.0955 -1.0955
20075 51.75 26.27 0.00 -2.6595 -1.2294 -1.2294
20100 51.75 26.27 0.00 -2.6595 -1.2294 -1.2294
20125 51.66 26.29 0.00 -1.8696 -1.3235 -1.3235
20150 51.57 26.18 0.00 -2.0595 -1.7608 -1.7608
20175 51.48 25.96 0.00 -2.2375 -1.6032 -1.6032
20200 51.48 25.96 0.00 -2.2375 -1.6032 -1.6032
20225 51.40 25.74 0.00 -2.0962 -1.8385 -1.8385
20250 51.34 25.62 0.00 -1.5384 -2.6577 -2.6577
20275 51.34 25.62 0.00 -1.5384 -2.6577 -2.6577
20300 51.31 25.60 0.00 -0.2432 -2.2045 -2.2045
20325 51.36 25.70 0.00 2.2067 -0.1642 -0.1642
20350 51.41 25.86 0.00 0.8845 -3.1864 -3.1864
20375 51.41 25.86 0.00 0.8845 -3.1864 -3.1864
20400 51.45 25.98 0.00 0.5454 -1.9311 -1.9311
20425 51.47 25.98 0.00 0.6543 -0.3563 -0.3563
20450 51.47 25.98 0.00 0.6543 -0.3563 -0.3563
20475 51.48 26.02 0.00 0.2935 -0.1650 -0.1650
20500 51.47 26.04 0.00 -0.7700 -2.2864 -2.2864
20525 51.47 26.04 0.00 -0.7700 -2.2864 -2.2864
20550 51.47 26.04 0.00 0.6164 0.6324 0.6324
20575 51.48 25.90 0.00 -0.3741 -0.0524 -0.0524
20600 51.48 25.90 0.00 -0.3741 -0.0524 -0.0524
20625 51.50 25.54 0.00 1.0137 2.4949 2.4949
20650 51.54 25.14 0.00 0.5965 2.6441 2.6441
20675 51.52 24.74 0.00 -0.5778 2.6100 2.6100
20700 51.52 24.74 0.00 -0.5778 2.6100 2.6100
20725 51.50 24.34 0.00 -0.5883 2.1749 2.1749
20750 51.47 24.10 0.00 -0.7704 0.9128 0.9128
20775 51.47 24.10 0.00 -0.7704 0.9128 0.9128
20800 51.45 24.06 0.00 -0.7397 1.2953 1.2953
20825 51.43 24.06 0.00 0.0010 1.4633 1.4633
20850 51.43 24.06 0.00 0.0010 1.4633 1.4633
20875 51.41 24.20 0.00 -0.3923 -0.8610 -0.8610
20900 51.43 24.38 0.00 1.3112 1.5887 1.5887
20925 51.48 24.56 0.00 1.0404 0.7106 0.7106
20950 51.48 24.56 0.00 1.0404 0.7106 0.7106
20975 51.54 24.74 0.00 1.3985 1.3885 1.3885
21000 51.59 24.90 0.00 0.9438 2.0046 2.0046
21025 51.59 25.04 0.00 0.2400 1.4011 1.4011
21050 51.59 25.04 0.00 0.2400 1.4011 1.4011
21075 51.59 25.18 0.00 -0.9403 0.0590 0.0590
21100 51.59 25.18 0.00 -0.9403 0.0590 0.0590
21125 51.55 25.24 0.00 -0.1615 1.2406 1.2406
21150 51.55 25.26 0.00 -0.1468 0.2517 0.2517
21175 51.57 25.22 0.00 1.0171 1.1882 1.1882
21200 51.57 25.22 0.00 1.0171 1.1882 1.1882
21225 51.64 25.16 0.00 1.6122 1.9947 1.9947
21250 51.69 25.10 0.00 0.8986 1.7091 1.7091
21275 51.69 25.10 0.00 0.8986 1.7091 1.7091
21300 51.69 25.06 0.00 0.2451 1.7859 1.7859
21325 51.69 25.08 0.00 0.0079 1.5216 1.5216
21350 51.69 25.08 0.00 0.0079 1.5216 1.5216
21375 51.71 25.10 0.00 0.0157 1.5254 1.5254
21400 51.73 25.06 0.00 0.8504 1.4711 1.4711
21425 51.76 25.00 0.00 0.6994 0.7448 0.7448
21450 51.76 25.00 0.00 0.6994 0.7448 0.7448
21475 51.78 24.92 0.00 0.9152 1.3385 1.3385
21500 51.87 24.86 0.00 2.0565 2.9169 2.9169
21525 51.87 24.86 0.00 2.0565 2.9169 2.9169
21550 51.90 24.84 0.00 -0.0850 -1.0028 -1.0028
21575 51.87 24.84 0.00 -0.7885 -1.5960 -1.5960
21600 51.82 24.84 0.00 -1.7632 -2.2449 -2.2449
21625 51.82 24.84 0.00 -1.7632 -2.2449 -2.2449
21650 51.76 24.84 0.00 -0.6669 0.0541 0.0541
21675 51.76 24.84 0.00 -0.6669 0.0541 0.0541
21700 51.75 24.86 0.00 -0.5222 0.2690 0.2690
21725 51.75 24.78 0.00 0.0450 2.1715 2.1715
21750 51.75 24.78 0.00 0.0450 2.1715 2.1715
21775 51.73 24.64 0.00 -0.8455 2.3780 2.3780
21800 51.68 24.58 0.00 -1.2355 2.4647 2.4647
21825 51.64 24.54 0.00 -0.6056 2.4634 2.4634
21850 51.64 24.54 0.00 -0.6056 2.4634 2.4634
21875 51.64 24.54 0.00 0.8897 1.6250 1.6250
21900 51.69 24.66 0.00 1.5529 0.2878 0.2878
21925 51.69 24.66 0.00 1.5529 0.2878 0.2878
21950 51.76 24.76 0.00 1.0685 -1.2655 -1.2655
21975 51.76 24.84 0.00 -0.5051 -1.8251 -1.8251
22000 51.71 24.86 0.00 -2.0847 -1.7382 -1.7382
22025 51.71 24.86 0.00 -2.0847 -1.7382 -1.7382
22050 51.57 24.86 0.00 -4.0386 -2.9016 -2.9016
22075 51.40 24.80 0.00 -3.8850 -2.3882 -2.3882
22100 51.40 24.80 0.00 -3.8850 -2.3882 -2.3882
22125 51.27 24.72 0.00 -3.3200 -1.2577 -1.2577
22150 51.08 24.58 0.00 -5.4447 -5.8182 -5.8182
22175 51.08 24.58 0.00 -5.4447 -5.8182 -5.8182
22200 50.87 24.38 0.00 -4.9981 -5.8041 -5.8041
22225 50.68 24.14 0.00 -4.4443 -4.5792 -4.5792
22250 50.56 23.94 0.00 -2.2931 -1.0662 -1.0662
22275 50.56 23.94 0.00 -2.2931 -1.0662 -1.0662
22300 50.49 23.64 0.00 -1.7539 2.0350 2.0350
22325 50.40 23.18 0.00 -2.9310 1.0671 1.0671
22350 50.40 23.18 0.00 -2.9310 1.0671 1.0671
22375 50.24 22.73 0.00 -3.7680 -2.7002 -2.7002
22400 50.12 22.36 0.00 -3.1863 -1.8213 -1.8213
22425 50.12 22.36 0.00 -3.1863 -1.8213 -1.8213
22450 50.02 21.96 0.00 -1.9193 -0.6944 -0.6944
22475 49.95 21.59 0.00 -1.6396 -0.0918 -0.0918
22500 49.90 21.34 0.00 -1.4052 -1.3408 -1.3408
22525 49.90 21.34 0.00 -1.4052 -1.3408 -1.3408
22550 49.83 21.16 0.00 -1.4841 -1.7135 -1.7135
22575 49.76 20.99 0.00 -2.4662 -2.3598 -2.3598
22600 49.65 20.91 0.00 -2.3262 -1.6068 -1.6068
22625 49.65 20.91 0.00 -2.3262 -1.6068 -1.6068
22650 49.53 20.87 0.00 -3.2497 -3.1227 -3.1227
22675 49.44 20.81 0.00 -0.6306 -0.4523 -0.4523
22700 49.44 20.81 0.00 -0.6306 -0.4523 -0.4523
22725 49.48 20.87 0.00 0.8388 -0.5921 -0.5921
22750 49.49 20.99 0.00 0.4690 -1.8622 -1.8622
22775 49.49 20.99 0.00 0.4690 -1.8622 -1.8622
22800 49.49 21.16 0.00 -0.5372 -1.4100 -1.4100
22825 49.46 21.28 0.00 -1.5358 -1.4521 -1.4521
22850 49.41 21.40 0.00 -1.2743 -0.3181 -0.3181
22875 49.41 21.40 0.00 -1.2743 -0.3181 -0.3181
22900 49.35 21.49 0.00 -0.8896 -0.6710 -0.6710
22925 49.34 21.53 0.00 -0.7952 -1.5826 -1.5826
22950 49.34 21.53 0.00 -0.7952 -1.5826 -1.5826
22975 49.28 21.55 0.00 -1.2579 -1.8818 -1.8818
23000 49.25 21.55 0.00 -0.6879 -0.1747 -0.1747
23025 49.25 21.55 0.00 -0.6879 -0.1747 -0.1747
23050 49.23 21.53 0.00 -0.2831 0.7953 0.7953
23075 49.23 21.51 0.00 0.4833 0.3224 0.3224
23100 49.25 21.51 0.00 0.2445 -1.2714 -1.2714
23125 49.25 21.51 0.00 0.2445 -1.2714 -1.2714
23150 49.25 21.55 0.00 0.0297 -1.0696 -1.0696
23175 49.25 21.63 0.00 -0.3836 -0.7090 -0.7090
23200 49.25 21.63 0.00 -0.3836 -0.7090 -0.7090
23225 49.23 21.73 0.00 -0.2494 -0.0122 -0.0122
23250 49.20 21.79 0.00 -1.2508 -1.9149 -1.9149
23275 49.20 21.79 0.00 -1.2508 -1.9149 -1.9149
23300 49.13 21.77 0.00 -1.7503 -1.8368 -1.8368
23325 49.06 21.73 0.00 -2.2340 -1.1509 -1.1509
23350 48.94 21.73 0.00 -3.0205 -2.6936 -2.6936
23375 48.94 21.73 0.00 -3.0205 -2.6936 -2.6936
23400 48.83 21.77 0.00 -2.5662 -1.9568 -1.9568
23425 48.73 21.87 0.00 -2.2801 -2.1601 -2.1601
23450 48.73 21.87 0.00 -2.2801 -2.1601 -2.1601
23475 48.67 22.03 0.00 -1.2609 -0.9410 -0.9410
23500 48.66 22.16 0.00 0.7412 1.3691 1.3691
23525 48.66 22.16 0.00 0.7412 1.3691 1.3691
23550 48.69 22.26 0.00 0.4361 0.6311 0.6311
23575 48.69 22.28 0.00 -0.5602 -0.6557 -0.6557
23600 48.69 22.28 0.00 -0.5602 -0.6557 -0.6557
23625 48.64 22.22 0.00 -1.1591 -0.5172 -0.5172
23650 48.60 22.18 0.00 -1.2747 -0.2419 -0.2419
23675 48.60 22.18 0.00 -1.2747 -0.2419 -0.2419
23700 48.57 22.12 0.00 -0.7737 0.0538 0.0538
23725 48.55 22.12 0.00 0.1486 -0.3608 -0.3608
23750 48.57 22.16 0.00 0.4884 -0.7309 -0.7309
23775 48.57 22.16 0.00 0.4884 -0.7309 -0.7309
23800 48.59 22.22 0.00 0.5453 -0.5942 -0.5942
23825 48.60 22.28 0.00 0.2231 -0.1452 -0.1452
23850 48.60 22.30 0.00 -0.6471 -1.0448 -1.0448
23875 48.60 22.30 0.00 -0.6471 -1.0448 -1.0448
23900 48.55 22.28 0.00 -1.2272 -1.2825 -1.2825
23925 48.55 22.22 0.00 0.2025 1.4155 1.4155
23950 48.55 22.22 0.00 0.2025 1.4155 1.4155
23975 48.53 22.14 0.00 -1.0804 -1.4628 -1.4628
24000 48.50 22.07 0.00 -0.7831 -0.8908 -0.8908
24025 48.50 22.07 0.00 -0.7831 -0.8908 -0.8908
24050 48.45 22.05 0.00 -1.5534 -1.0630 -1.0630
24075 48.45 22.05 0.00 -1.5534 -1.0630 -1.0630
24100 48.39 22.07 0.00 -1.1632 -0.0723 -0.0723
24125 48.34 22.09 0.00 -0.8200 -0.7956 -0.7956
24150 48.34 22.07 0.00 -0.0580 -0.2068 -0.2068
24175 48.34 22.07 0.00 -0.0580 -0.2068 -0.2068
24200 48.31 21.93 0.00 -0.8291 -0.9437 -0.9437
24225 48.27 21.77 0.00 -0.9693 0.7105 0.7105
24250 48.25 21.58 0.00 -0.1697 2.0726 2.0726
24275 48.25 21.58 0.00 -0.1697 2.0726 2.0726
24300 48.25 21.36 0.00 -0.0869 0.9185 0.9185
24325 48.25 21.19 0.00 -0.2392 -0.4356 -0.4356
24350 48.25 21.19 0.00 -0.2392 -0.4356 -0.4356
24375 48.20 21.07 0.00 -1.8896 -1.8447 -1.8447
24400 48.11 21.03 0.00 -3.0626 -2.0360 -2.0360
24425 47.98 20.96 0.00 -3.7018 -1.6200 -1.6200
24450 47.98 20.96 0.00 -3.7018 -1.6200 -1.6200
24475 47.82 20.88 0.00 -4.0909 -1.2721 -1.2721
24500 47.82 20.88 0.00 -4.0909 -1.2721 -1.2721
24525 47.64 20.69 0.00 -4.0158 -2.4917 -2.4917
24550 47.59 20.49 0.00 0.2503 1.7894 1.7894
24575 47.63 20.36 0.00 0.7385 -0.3935 -0.3935
24600 47.63 20.36 0.00 0.7385 -0.3935 -0.3935
24625 47.64 20.36 0.00 0.3964 -1.1056 -1.1056
24650 47.61 20.47 0.00 -2.1677 -2.5453 -2.5453
24675 47.61 20.47 0.00 -2.1677 -2.5453 -2.5453
24700 47.47 20.65 0.00 -3.6626 -2.2937 -2.2937
24725 47.31 20.81 0.00 -3.5368 -3.2426 -3.2426
24750 47.24 20.87 0.00 -1.3318 -1.0262 -1.0262
24775 47.24 20.87 0.00 -1.3318 -1.0262 -1.0262
24800 47.17 20.89 0.00 -1.5048 -2.0869 -2.0869
24825 47.14 20.83 0.00 -0.8248 -0.0038 -0.0038
24850 47.14 20.83 0.00 -0.8248 -0.0038 -0.0038
24875 47.10 20.71 0.00 -0.6068 0.4529 0.4529
24900 47.10 20.65 0.00 0.1352 0.2355 0.2355
24925 47.14 20.65 0.00 1.2840 -0.3951 -0.3951
24950 47.14 20.65 0.00 1.2840 -0.3951 -0.3951
24975 47.19 20.73 0.00 1.4339 -0.9663 -0.9663
25000 47.22 20.83 0.00 -0.0283 -1.6439 -1.6439
25025 47.22 20.83 0.00 -0.0283 -1.6439 -1.6439
25050 47.19 20.98 0.00 -0.6704 -1.0545 -1.0545
25075 47.14 21.10 0.00 -2.3307 -3.0533 -3.0533
25100 47.14 21.10 0.00 -2.3307 -3.0533 -3.0533
25125 47.07 21.10 0.00 -0.9199 -1.9111 -1.9111
25150 47.08 21.12 0.00 0.5275 -0.8187 -0.8187
25175 47.08 21.12 0.00 0.5275 -0.8187 -0.8187
25200 47.08 21.14 0.00 -0.4536 -2.5193 -2.5193
25225 47.05 21.20 0.00 -0.6535 -1.0450 -1.0450
25250 47.01 21.30 0.00 -1.0513 -1.3399 -1.3399
25275 47.01 21.30 0.00 -1.0513 -1.3399 -1.3399
25300 47.00 21.45 0.00 -0.0613 0.2185 0.2185
25325 46.98 21.57 0.00 -0.4755 -0.8707 -0.8707
25350 46.98 21.57 0.00 -0.4755 -0.8707 -0.8707
25375 46.98 21.65 0.00 -0.2140 -0.2136 -0.2136
25400 46.96 21.63 0.00 -0.0706 -0.8470 -0.8470
25425 47.00 21.55 0.00 0.6355 1.3554 1.3554
25450 47.00 21.55 0.00 0.6355 1.3554 1.3554
25475 47.00 21.41 0.00 -0.2206 0.7925 0.7925
25500 46.98 21.30 0.00 -0.4394 0.4705 0.4705
25525 46.98 21.30 0.00 -0.4394 0.4705 0.4705
25550 46.96 21.22 0.00 -0.0859 0.4184 0.4184
25575 46.96 21.18 0.00 -0.1740 0.0904 0.0904
25600 46.96 21.18 0.00 -0.1740 0.0904 0.0904
25625 46.94 21.12 0.00 -0.7456 0.1886 0.1886
25650 46.87 20.95 0.00 -2.2561 0.3898 0.3898
25675 46.70 20.64 0.00 -5.5497 -0.5703 -0.5703
25700 46.70 20.64 0.00 -5.5497 -0.5703 -0.5703
25725 46.49 20.31 0.00 -4.4704 1.1029 1.1029
25750 46.35 20.06 0.00 -3.3880 -1.0887 -1.0887
25775 46.35 20.06 0.00 -3.3880 -1.0887 -1.0887
25800 46.25 19.89 0.00 -1.7488 -2.6163 -2.6163
25825 46.14 19.81 0.00 -4.5301 -4.4354 -4.4354
25850 46.14 19.81 0.00 -4.5301 -4.4354 -4.4354
25875 45.90 19.76 0.00 -6.3948 -3.6818 -3.6818
25900 45.72 19.84 0.00 -5.6981 -2.6772 -2.6772
25925 45.72 19.84 0.00 -5.6981 -2.6772 -2.6772
25950 45.48 19.96 0.00 -3.8313 -1.4590 -1.4590
25975 45.35 19.98 0.00 -3.9341 -2.4351 -2.4351
26000 45.23 19.98 0.00 -2.5783 -2.3322 -2.3322
26025 45.23 19.98 0.00 -2.5783 -2.3322 -2.3322
26050 45.14 19.95 0.00 -1.7244 -1.3854 -1.3854
26075 45.07 19.89 0.00 -1.6358 -0.8130 -0.8130
26100 45.02 19.87 0.00 -1.1091 -0.3742 -0.3742
26125 45.02 19.87 0.00 -1.1091 -0.3742 -0.3742
26150 44.97 19.89 0.00 -0.9995 -0.7821 -0.7821
26175 44.95 19.93 0.00 -0.3925 -0.7497 -0.7497
26200 44.95 19.93 0.00 -0.3925 -0.7497 -0.7497
26225 44.95 20.01 0.00 0.0434 -0.2832 -0.2832
26250 44.93 20.05 0.00 -0.8296 -1.2566 -1.2566
26275 44.93 20.05 0.00 -0.8296 -1.2566 -1.2566
26300 44.90 20.05 0.00 -0.4011 -0.1448 -0.1448
26325 44.92 19.97 0.00 0.3864 2.2980 2.2980
26350 44.92 19.97 0.00 0.3864 2.2980 2.2980
26375 44.86 19.88 0.00 -2.0100 -1.7287 -1.7287
26400 44.78 19.82 0.00 -2.5110 -2.1173 -2.1173
26425 44.78 19.82 0.00 -2.5110 -2.1173 -2.1173
26450 44.67 19.76 0.00 -3.0576 -2.6346 -2.6346
26475 44.58 19.71 0.00 -1.0592 -0.1774 -0.1774
26500 44.57 19.69 0.00 -0.3102 0.6418 0.6418
26525 44.57 19.69 0.00 -0.3102 0.6418 0.6418
26550 44.53 19.65 0.00 -1.5604 -1.1879 -1.1879
26575 44.46 19.63 0.00 -1.6308 -1.4195 -1.4195
26600 44.46 19.63 0.00 -1.6308 -1.4195 -1.4195
26625 44.41 19.67 0.00 -0.6872 -0.0536 -0.0536
26650 44.39 19.73 0.00 -0.6912 0.1844 0.1844
26675 44.39 19.73 0.00 -0.6912 0.1844 0.1844
26700 44.37 19.77 0.00 -0.4883 0.8223 0.8223
26725 44.36 19.83 0.00 -0.8117 -0.2054 -0.2054
26750 44.30 19.85 0.00 -1.4397 -1.3295 -1.3295
26775 44.30 19.85 0.00 -1.4397 -1.3295 -1.3295
26800 44.23 19.85 0.00 -1.2718 -1.7484 -1.7484
26825 44.18 19.83 0.00 -2.3784 -3.6272 -3.6272
26850 44.18 19.83 0.00 -2.3784 -3.6272 -3.6272
26875 44.11 19.74 0.00 -0.6699 -1.8776 -1.8776
26900 44.16 19.68 0.00 2.4252 1.1685 1.1685
26925 44.16 19.68 0.00 2.4252 1.1685 1.1685
26950 44.29 19.64 0.00 3.6563 0.3710 0.3710
26975 44.50 19.65 0.00 5.6279 1.6327 1.6327
27000 44.50 19.65 0.00 5.6279 1.6327 1.6327
27025 44.72 19.72 0.00 5.7716 1.3801 1.3801
27050 44.95 19.82 0.00 5.4898 2.1976 2.1976
27075 45.13 19.95 0.00 3.8770 2.1433 2.1433
27100 45.13 19.95 0.00 3.8770 2.1433 2.1433
27125 45.27 20.04 0.00 3.0279 3.1617 3.1617
27150 45.37 20.04 0.00 2.7968 3.3274 3.3274
27175 45.49 19.98 0.00 3.1658 3.9013 3.9013
27200 45.49 19.98 0.00 3.1658 3.9013 3.9013
27225 45.62 19.86 0.00 2.5657 3.2071 3.2071
27250 45.69 19.71 0.00 1.8402 2.5346 2.5346
27275 45.69 19.71 0.00 1.8402 2.5346 2.5346
27300 45.76 19.61 0.00 1.3245 2.1673 2.1673
27325 45.79 19.55 0.00 0.6686 1.8756 1.8756
27350 45.79 19.55 0.00 0.6686 1.8756 1.8756
27375 45.79 19.51 0.00 -0.6128 1.4437 1.4437
27400 45.72 19.47 0.00 -1.8608 -0.1087 -0.1087
27425 45.69 19.36 0.00 -0.8745 1.7967 1.7967
27450 45.69 19.36 0.00 -0.8745 1.7967 1.7967
27475 45.70 19.20 0.00 0.7048 2.3442 2.3442
27500 45.72 18.99 0.00 0.6069 2.6078 2.6078
27525 45.72 18.99 0.00 0.6069 2.6078 2.6078
27550 45.70 18.76 0.00 -1.2130 1.1768 1.1768
27575 45.62 18.57 0.00 -1.8443 0.1671 0.1671
27600 45.62 18.57 0.00 -1.8443 0.1671 0.1671
27625 45.58 18.52 0.00 -0.3071 0.9321 0.9321
27650 45.58 18.48 0.00 0.9968 2.5556 2.5556
27675 45.60 18.38 0.00 -0.8376 0.5193 0.5193
27700 45.60 18.38 0.00 -0.8376 0.5193 0.5193
27725 45.48 18.21 0.00 -4.8210 -1.1332 -1.1332
27750 45.27 18.06 0.00 -4.9789 -0.7212 -0.7212
27775 45.27 18.06 0.00 -4.9789 -0.7212 -0.7212
27800 45.07 17.99 0.00 -5.3993 -1.5460 -1.5460
27825 44.78 17.94 0.00 -8.3430 -1.3105 -1.3105
27850 44.78 17.94 0.00 -8.3430 -1.3105 -1.3105
27875 44.46 17.98 0.00 -7.5404 -1.9965 -1.9965
27900 44.11 18.09 0.00 -10.0493 -4.1927 -4.1927
27925 43.67 18.19 0.00 -11.1622 -2.9593 -2.9593
27950 43.67 18.19 0.00 -11.1622 -2.9593 -2.9593
27975 43.27 18.28 0.00 -9.0835 -3.7369 -3.7369
28000 43.01 18.35 0.00 -4.5613 0.6631 0.6631
28025 43.01 18.35 0.00 -4.5613 0.6631 0.6631
28050 42.88 18.39 0.00 -2.6555 -1.3457 -1.3457
28075 42.87 18.43 0.00 0.5221 -2.1269 -2.1269
28100 42.87 18.43 0.00 0.5221 -2.1269 -2.1269
28125 42.90 18.52 0.00 0.9527 -3.3398 -3.3398
28150 42.94 18.65 0.00 1.1289 -0.6503 -0.6503
28175 42.94 18.65 0.00 1.1289 -0.6503 -0.6503
28200 42.97 18.77 0.00 0.5065 -0.2088 -0.2088
28225 43.01 18.82 0.00 1.6998 1.6097 1.6097
28250 43.10 18.82 0.00 2.2990 0.1223 0.1223
28275 43.10 18.82 0.00 2.2990 0.1223 0.1223
28300 43.17 18.74 0.00 1.1968 -0.3909 -0.3909
28325 43.20 18.65 0.00 0.4029 1.2278 1.2278
28350 43.20 18.65 0.00 0.4029 1.2278 1.2278
28375 43.22 18.55 0.00 0.7513 1.5619 1.5619
28400 43.25 18.47 0.00 1.3463 0.7439 0.7439
28425 43.32 18.45 0.00 1.5487 -0.3813 -0.3813
28450 43.32 18.45 0.00 1.5487 -0.3813 -0.3813
28475 43.38 18.45 0.00 1.0216 -0.6477 -0.6477
28500 43.38 18.45 0.00 1.0216 -0.6477 -0.6477
28525 43.38 18.47 0.00 -0.6695 -0.2966 -0.2966
28550 43.31 18.49 0.00 -2.0084 -1.0723 -1.0723
28575 43.27 18.47 0.00 0.3747 1.9805 1.9805
28600 43.31 18.43 0.00 0.5775 0.6916 0.6916
28625 43.31 18.43 0.00 0.5775 0.6916 0.6916
28650 43.31 18.38 0.00 -0.1757 -1.5363 -1.5363
28675 43.27 18.36 0.00 -1.0947 -2.3425 -2.3425
28700 43.27 18.36 0.00 -1.0947 -2.3425 -2.3425
28725 43.24 18.34 0.00 -0.6957 0.0951 0.0951
28750 43.20 18.34 0.00 -1.6715 -0.7557 -0.7557
28775 43.20 18.34 0.00 -1.6715 -0.7557 -0.7557
28800 43.13 18.25 0.00 -1.8476 0.0605 0.0605
28825 43.01 18.10 0.00 -3.6223 -0.2524 -0.2524
28850 42.73 17.90 0.00 -9.3980 -6.4562 -6.4562
28875 42.73 17.90 0.00 -9.3980 -6.4562 -6.4562
28900 42.34 17.68 0.00 -8.6743 -7.7764 -7.7764
28925 42.13 17.46 0.00 -3.6988 -3.3779 -3.3779
28950 42.13 17.46 0.00 -3.6988 -3.3779 -3.3779
28975 42.08 17.27 0.00 0.3225 -0.6392 -0.6392
29000 42.08 17.27 0.00 0.3225 -0.6392 -0.6392
29025 42.15 17.15 0.00 2.2878 -0.3897 -0.3897
29050 42.24 17.13 0.00 2.8362 -0.0114 -0.0114
29075 42.34 17.17 0.00 2.5777 -0.7112 -0.7112
29100 42.34 17.17 0.00 2.5777 -0.7112 -0.7112
29125 42.43 17.24 0.00 1.5737 -1.5405 -1.5405
29150 42.48 17.33 0.00 1.5727 -1.2535 -1.2535
29175 42.48 17.33 0.00 1.5727 -1.2535 -1.2535
29200 42.59 17.44 0.00 3.4051 2.1637 2.1637
29225 42.73 17.57 0.00 2.9289 -0.1832 -0.1832
29250 42.73 17.57 0.00 2.9289 -0.1832 -0.1832
29275 42.83 17.68 0.00 2.5395 0.2989 0.2989
29300 42.90 17.80 0.00 1.1654 -0.7063 -0.7063
29325 42.94 17.93 0.00 1.1691 0.0218 0.0218
29350 42.94 17.93 0.00 1.1691 0.0218 0.0218
29375 42.97 18.08 0.00 0.4930 -1.5306 -1.5306
29400 43.04 18.17 0.00 1.7029 0.9744 0.9744
29425 43.08 18.21 0.00 0.8858 -0.4601 -0.4601
29450 43.08 18.21 0.00 0.8858 -0.4601 -0.4601
29475 43.11 18.23 0.00 1.0210 1.5960 1.5960
29500 43.17 18.19 0.00 1.3995 2.4261 2.4261
29525 43.17 18.19 0.00 1.3995 2.4261 2.4261
29550 43.20 18.15 0.00 0.6374 1.3935 1.3935
29575 43.22 18.13 0.00 -0.0338 -0.1053 -0.1053
29600 43.18 18.15 0.00 -0.8657 -0.4896 -0.4896
29625 43.18 18.15 0.00 -0.8657 -0.4896 -0.4896
29650 43.13 18.19 0.00 -1.9447 -1.2580 -1.2580
29675 43.02 18.21 0.00 -2.9718 -1.3969 -1.3969
29700 43.02 18.21 0.00 -2.9718 -1.3969 -1.3969
29725 42.85 18.16 0.00 -5.0358 -2.9450 -2.9450
29750 42.66 17.94 0.00 -3.8220 -1.1576 -1.1576
29775 42.66 17.94 0.00 -3.8220 -1.1576 -1.1576
29800 42.55 17.77 0.00 -4.4607 -1.7786 -1.7786
29825 42.34 17.53 0.00 -5.6410 -3.7297 -3.7297
29850 42.04 17.33 0.00 -9.1434 -3.8926 -3.8926
29875 42.04 17.33 0.00 -9.1434 -3.8926 -3.8926
29900 41.57 17.00 0.00 -12.9349 -2.1766 -2.1766
29925 41.08 16.74 0.00 -12.1269 0.4703 0.4703
29950 41.08 16.74 0.00 -12.1269 0.4703 0.4703
29975 40.58 16.47 0.00 -10.9709 -0.4221 -0.4221
30000 40.19 16.19 0.00 -9.1036 -2.2920 -2.2920
30025 40.19 16.19 0.00 -9.1036 -2.2920 -2.2920
30050 39.90 15.94 0.00 -7.4692 -3.6456 -3.6456
30075 39.49 15.73 0.00 -11.6014 -4.0064 -4.0064
30100 39.49 15.73 0.00 -11.6014 -4.0064 -4.0064
30125 38.98 15.51 0.00 -13.4246 -3.9404 -3.9404
30150 38.43 15.40 0.00 -13.7882 -4.6900 -4.6900
30175 37.90 15.22 0.00 -12.7260 -3.1786 -3.1786
30200 37.90 15.22 0.00 -12.7260 -3.1786 -3.1786
30225 37.49 15.06 0.00 -8.3651 -0.5097 -0.5097
30250 37.49 15.06 0.00 -8.3651 -0.5097 -0.5097
30275 37.26 14.81 0.00 -3.6640 1.4885 1.4885
30300 37.21 14.64 0.00 0.1937 -0.1892 -0.1892
30325 37.21 14.64 0.00 0.1937 -0.1892 -0.1892
30350 37.21 14.55 0.00 -0.0903 -2.3249 -2.3249
30375 37.15 14.46 0.00 -2.8012 -2.9695 -2.9695
30400 36.99 14.36 0.00 -4.8226 -2.0482 -2.0482
30425 36.99 14.36 0.00 -4.8226 -2.0482 -2.0482
30450 36.78 14.31 0.00 -4.5909 -3.2003 -3.2003
30475 36.67 14.17 0.00 -1.8760 1.1116 1.1116
30500 36.66 13.93 0.00 1.2845 2.2368 2.2368
30525 36.66 13.93 0.00 1.2845 2.2368 2.2368
30550 36.78 13.85 0.00 3.5774 0.6297 0.6297
30575 36.85 13.88 0.00 0.9352 -1.5322 -1.5322
30600 36.85 13.88 0.00 0.9352 -1.5322 -1.5322
30625 36.85 13.90 0.00 -0.8814 -1.5791 -1.5791
30650 36.78 13.87 0.00 -1.5840 -2.1765 -2.1765
30675 36.75 13.82 0.00 -0.6967 -1.4536 -1.4536
30700 36.75 13.82 0.00 -0.6967 -1.4536 -1.4536
30725 36.75 13.80 0.00 0.9908 -0.3137 -0.3137
30750 36.83 13.81 0.00 2.2685 0.7218 0.7218
30775 36.83 13.81 0.00 2.2685 0.7218 0.7218
30800 36.91 13.90 0.00 1.5084 0.4876 0.4876
30825 36.94 14.01 0.00 0.9328 -0.3560 -0.3560
30850 36.98 14.17 0.00 0.7157 -0.5308 -0.5308
30875 36.98 14.17 0.00 0.7157 -0.5308 -0.5308
30900 36.99 14.28 0.00 0.3399 -0.0826 -0.0826
30925 36.99 14.38 0.00 -0.6714 -0.1508 -0.1508
30950 36.99 14.38 0.00 -0.6714 -0.1508 -0.1508
30975 36.94 14.49 0.00 -1.5033 -1.4774 -1.4774
31000 36.92 14.53 0.00 1.1693 2.0519 2.0519
31025 36.92 14.53 0.00 1.1693 2.0519 2.0519
31050 37.01 14.60 0.00 2.0128 0.6527 0.6527
31075 37.07 14.69 0.00 1.4006 -0.7425 -0.7425
31100 37.07 14.69 0.00 1.4006 -0.7425 -0.7425
31125 37.08 14.89 0.00 -0.4521 -1.9492 -1.9492
31150 37.05 15.10 0.00 -0.4236 -0.7688 -0.7688
31175 37.07 15.32 0.00 0.7235 -0.2114 -0.2114
31200 37.07 15.32 0.00 0.7235 -0.2114 -0.2114
31225 37.14 15.45 0.00 2.1511 0.5821 0.5821
31250 37.15 15.45 0.00 0.0543 -1.4025 -1.4025
31275 37.15 15.45 0.00 0.0543 -1.4025 -1.4025
31300 37.14 15.37 0.00 -1.1752 -0.2804 -0.2804
31325 37.08 15.23 0.00 -1.1065 1.4624 1.4624
31350 37.08 15.23 0.00 -1.1065 1.4624 1.4624
31375 37.07 15.17 0.00 -0.3682 2.2552 2.2552
31400 37.07 15.13 0.00 0.3459 1.7690 1.7690
31425 37.07 15.13 0.00 0.3459 1.7690 1.7690
31450 37.07 15.15 0.00 -0.4479 -1.3921 -1.3921
31475 37.05 15.23 0.00 0.1010 -0.7267 -0.7267
31500 37.05 15.23 0.00 0.1010 -0.7267 -0.7267
31525 37.07 15.36 0.00 0.5043 -0.1396 -0.1396
31550 37.10 15.54 0.00 0.9924 -0.0926 -0.0926
31575 37.15 15.75 0.00 1.3288 0.6466 0.6466
31600 37.15 15.75 0.00 1.3288 0.6466 0.6466
31625 37.15 15.99 0.00 -0.1643 -1.6873 -1.6873
31650 37.17 16.23 0.00 1.3057 0.7371 0.7371
31675 37.17 16.23 0.00 1.3057 0.7371 0.7371
31700 37.24 16.57 0.00 1.0307 -0.7957 -0.7957
31725 37.28 17.07 0.00 1.3696 -0.8846 -0.8846
31750 37.28 17.07 0.00 1.3696 -0.8846 -0.8846
31775 37.37 17.81 0.00 2.2743 -0.4286 -0.4286
31800 37.46 18.77 0.00 2.5537 -0.1812 -0.1812
31825 37.58 19.92 0.00 3.4256 -0.4844 -0.4844
31850 37.58 19.92 0.00 3.4256 -0.4844 -0.4844
31875 37.74 21.22 0.00 4.3664 0.9387 0.9387
31900 37.93 22.40 0.00 5.4394 2.0669 2.0669
31925 37.93 22.40 0.00 5.4394 2.0669 2.0669
31950 38.16 23.36 0.00 5.2801 2.0705 2.0705
31975 38.31 24.16 0.00 2.3162 1.0457 1.0457
32000 38.31 24.16 0.00 2.3162 1.0457 1.0457
32025 38.32 24.75 0.00 -0.3572 0.1098 0.1098
32050 38.27 25.21 0.00 -2.4035 -1.7990 -1.7990
32075 38.27 25.21 0.00 -2.4035 -1.7990 -1.7990
32100 38.13 25.56 0.00 -4.1342 -2.6900 -2.6900
32125 37.93 25.85 0.00 -4.8318 -3.2957 -3.2957
32150 37.79 26.01 0.00 -4.4958 -3.4269 -3.4269
32175 37.79 26.01 0.00 -4.4958 -3.4269 -3.4269
32200 37.63 26.18 0.00 -3.8412 -3.4387 -3.4387
32225 37.51 26.23 0.00 -3.0662 -3.5755 -3.5755
32250 37.51 26.23 0.00 -3.0662 -3.5755 -3.5755
32275 37.38 26.15 0.00 -3.2740 -4.4450 -4.4450
32300 37.28 25.96 0.00 -2.6870 -1.7322 -1.7322
32325 37.08 25.79 0.00 -6.2115 -3.9317 -3.9317
32350 37.08 25.79 0.00 -6.2115 -3.9317 -3.9317
32375 36.83 25.70 0.00 -6.1465 -3.5357 -3.5357
32400 36.62 25.57 0.00 -4.3824 -2.5487 -2.5487
32425 36.62 25.57 0.00 -4.3824 -2.5487 -2.5487
32450 36.52 25.41 0.00 -1.9233 -0.6528 -0.6528
32475 36.44 25.06 0.00 -1.6388 -0.2854 -0.2854
32500 36.44 25.06 0.00 -1.6388 -0.2854 -0.2854
32525 36.41 24.59 0.00 -0.9482 -0.5690 -0.5690
32550 36.30 24.08 0.00 -3.4475 -4.3577 -4.3577
32575 36.30 24.08 0.00 -3.4475 -4.3577 -4.3577
32600 36.14 23.65 0.00 -3.9272 -3.7288 -3.7288
32625 35.98 23.27 0.00 -3.7828 -2.7844 -2.7844
32650 35.98 23.27 0.00 -3.7828 -2.7844 -2.7844
32675 35.86 23.00 0.00 -3.0424 -1.4859 -1.4859
32700 35.77 22.79 0.00 -1.6129 -1.5279 -1.5279
32725 35.73 22.71 0.00 -0.4199 -1.7530 -1.7530
32750 35.73 22.71 0.00 -0.4199 -1.7530 -1.7530
32775 35.71 22.71 0.00 -0.5904 -1.7775 -1.7775
32800 35.68 22.75 0.00 -1.3857 -1.4488 -1.4488
32825 35.68 22.75 0.00 -1.3857 -1.4488 -1.4488
32850 35.61 22.83 0.00 -1.7450 -1.9438 -1.9438
32875 35.50 22.92 0.00 -3.1280 -4.2210 -4.2210
32900 35.38 23.00 0.00 -2.4246 -2.2725 -2.2725
32925 35.38 23.00 0.00 -2.4246 -2.2725 -2.2725
32950 35.30 23.03 0.00 -2.5101 -2.1852 -2.1852
32975 35.16 23.11 0.00 -4.2571 -4.8579 -4.8579
33000 35.16 23.11 0.00 -4.2571 -4.8579 -4.8579
33025 34.98 23.28 0.00 -4.7380 -5.0729 -5.0729
33050 34.70 23.59 0.00 -9.2321 -8.4308 -8.4308
33075 34.20 24.03 0.00 -14.1687 -9.3182 -9.3182
33100 34.20 24.03 0.00 -14.1687 -9.3182 -9.3182
33125 33.55 24.64 0.00 -16.1205 -11.7122 -11.7122
33150 33.01 25.27 0.00 -12.1025 -9.3055 -9.3055
33175 33.01 25.27 0.00 -12.1025 -9.3055 -9.3055
33200 32.67 25.85 0.00 -5.8503 -6.9805 -6.9805
33225 32.60 26.31 0.00 0.0027 -3.7676 -3.7676
33250 32.60 26.31 0.00 0.0027 -3.7676 -3.7676
33275 32.69 26.69 0.00 3.4586 -1.2229 -1.2229
33300 32.85 27.08 0.00 3.5329 -0.7262 -0.7262
33325 32.96 27.49 0.00 2.4882 -0.3946 -0.3946
33350 32.96 27.49 0.00 2.4882 -0.3946 -0.3946
33375 33.01 27.89 0.00 0.4672 -1.0637 -1.0637
33400 33.01 28.27 0.00 -0.0632 -0.6188 -0.6188
33425 33.01 28.27 0.00 -0.0632 -0.6188 -0.6188
33450 33.03 28.60 0.00 1.0100 -0.2404 -0.2404
33475 33.09 28.86 0.00 0.8772 -0.3010 -0.3010
33500 33.09 28.86 0.00 0.8772 -0.3010 -0.3010
33525 33.09 29.04 0.00 -0.5991 -1.5929 -1.5929
33550 33.09 29.18 0.00 0.2865 1.2582 1.2582
33575 33.07 29.31 0.00 -0.7133 -1.1837 -1.1837
33600 33.07 29.31 0.00 -0.7133 -1.1837 -1.1837
33625 33.05 29.47 0.00 -0.4918 -1.7256 -1.7256
33650 33.05 29.47 0.00 -0.4918 -1.7256 -1.7256
33675 33.00 29.64 0.00 -2.0350 -2.7388 -2.7388
33700 32.91 29.80 0.00 -2.1721 -1.1516 -1.1516
33725 32.83 29.91 0.00 -2.7282 -1.8182 -1.8182
33750 32.83 29.91 0.00 -2.7282 -1.8182 -1.8182
33775 32.74 29.96 0.00 -1.7110 -0.6033 -0.6033
33800 32.64 29.96 0.00 -3.2649 -3.4664 -3.4664
33825 32.64 29.96 0.00 -3.2649 -3.4664 -3.4664
33850 32.49 29.85 0.00 -3.9329 -3.3093 -3.3093
33875 32.31 29.68 0.00 -4.5940 -2.2388 -2.2388
33900 32.08 29.49 0.00 -6.6228 -2.7418 -2.7418
33925 32.08 29.49 0.00 -6.6228 -2.7418 -2.7418
33950 31.79 29.34 0.00 -7.9393 -3.2314 -3.2314
33975 31.79 29.34 0.00 -7.9393 -3.2314 -3.2314
34000 31.41 29.20 0.00 -10.3120 -4.8527 -4.8527
34025 30.92 29.09 0.00 -12.3030 -5.5279 -5.5279
34050 30.44 29.04 0.00 -13.3913 -5.8642 -5.8642
34075 29.76 29.01 0.00 -18.8649 -6.9678 -6.9678
34100 29.76 29.01 0.00 -18.8649 -6.9678 -6.9678
34125 28.84 28.99 0.00 -24.8121 -8.1044 -8.1044
34150 27.78 28.98 0.00 -26.5490 -7.7681 -7.7681
34175 27.78 28.98 0.00 -26.5490 -7.7681 -7.7681
34200 26.82 28.98 0.00 -22.6441 -5.2122 -5.2122
34225 26.08 29.07 0.00 -15.6879 -5.3917 -5.3917
34250 26.08 29.07 0.00 -15.6879 -5.3917 -5.3917
34275 25.53 29.20 0.00 -13.6740 -5.0577 -5.0577
34300 25.03 29.38 0.00 -11.3682 -1.9101 -1.9101
34325 25.03 29.38 0.00 -11.3682 -1.9101 -1.9101
34350 24.58 29.61 0.00 -11.8998 -2.3670 -2.3670
34375 24.08 29.83 0.00 -12.9443 -1.6686 -1.6686
34400 23.52 30.10 0.00 -14.4340 -2.1005 -2.1005
34425 23.52 30.10 0.00 -14.4340 -2.1005 -2.1005
34450 23.11 30.28 0.00 -12.2517 -1.0454 -1.0454
34475 22.70 30.49 0.00 -10.2696 -1.1708 -1.1708
34500 22.34 30.68 0.00 -7.9148 -0.4242 -0.4242
34525 22.34 30.68 0.00 -7.9148 -0.4242 -0.4242
34550 22.08 30.83 0.00 -5.8737 -0.6616 -0.6616
34575 21.85 30.93 0.00 -6.5719 -2.8492 -2.8492
34600 21.85 30.93 0.00 -6.5719 -2.8492 -2.8492
34625 21.55 31.01 0.00 -8.0166 -1.0607 -1.0607
34650 21.25 31.06 0.00 -6.2744 -1.4053 -1.4053
34675 21.25 31.06 0.00 -6.2744 -1.4053 -1.4053
34700 21.06 31.09 0.00 -4.4148 -3.1980 -3.1980
34725 20.89 31.09 0.00 -4.2368 -4.3206 -4.3206
34750 20.89 31.09 0.00 -4.2368 -4.3206 -4.3206
34775 20.80 31.04 0.00 -0.9575 -0.0653 -0.0653
34800 20.76 31.06 0.00 -0.8243 -1.6182 -1.6182
34825 20.74 31.08 0.00 -0.6761 -0.9933 -0.9933
34850 20.74 31.08 0.00 -0.6761 -0.9933 -0.9933
34875 20.68 31.11 0.00 -1.9950 -1.3434 -1.3434
34900 20.59 31.14 0.00 -2.5054 -0.0339 -0.0339
34925 20.59 31.14 0.00 -2.5054 -0.0339 -0.0339
34950 20.45 31.17 0.00 -3.0822 -1.8989 -1.8989
34975 20.36 31.12 0.00 -2.8438 -2.3767 -2.3767
35000 20.36 31.12 0.00 -2.8438 -2.3767 -2.3767
35025 20.21 31.03 0.00 -3.8909 -3.1993 -3.1993
35050 20.06 30.90 0.00 -3.9898 -3.1567 -3.1567
35075 20.06 30.90 0.00 -3.9898 -3.1567 -3.1567
35100 19.90 30.77 0.00 -3.9467 -3.3135 -3.3135
35125 19.77 30.69 0.00 -5.0310 -3.3076 -3.3076
35150 19.54 30.67 0.00 -5.8167 -3.4296 -3.4296
35175 19.54 30.67 0.00 -5.8167 -3.4296 -3.4296
35200 19.31 30.71 0.00 -5.1474 -4.0102 -4.0102
35225 19.14 30.82 0.00 -4.2578 -3.1585 -3.1585
35250 19.14 30.82 0.00 -4.2578 -3.1585 -3.1585
35275 18.99 30.94 0.00 -3.8281 -2.7264 -2.7264
35300 18.82 31.13 0.00 -4.3284 -3.2184 -3.2184
35325 18.82 31.13 0.00 -4.3284 -3.2184 -3.2184
35350 18.66 31.27 0.00 -2.3557 -0.7840 -0.7840
35375 18.55 31.46 0.00 -3.7240 -0.8402 -0.8402
35400 18.39 31.71 0.00 -3.5958 -2.4886 -2.4886
35425 18.39 31.71 0.00 -3.5958 -2.4886 -2.4886
35450 18.32 32.04 0.00 -0.6240 -2.5053 -2.5053
35475 18.28 32.41 0.00 -1.1457 -2.9370 -2.9370
35500 18.28 32.41 0.00 -1.1457 -2.9370 -2.9370
35525 18.24 32.83 0.00 -0.6869 0.0943 0.0943
35550 18.24 33.22 0.00 0.1789 0.7727 0.7727
35575 18.18 33.58 0.00 -2.5993 -0.6217 -0.6217
35600 18.18 33.58 0.00 -2.5993 -0.6217 -0.6217
35625 18.07 33.86 0.00 -2.5263 -0.3806 -0.3806
35650 18.01 34.07 0.00 -0.9764 -0.3512 -0.3512
35675 18.01 34.07 0.00 -0.9764 -0.3512 -0.3512
35700 17.97 34.23 0.00 -1.2104 -0.2208 -0.2208
35725 17.89 34.38 0.00 -2.3059 0.0509 0.0509
35750 17.89 34.38 0.00 -2.3059 0.0509 0.0509
35775 17.72 34.58 0.00 -5.8511 -1.1012 -1.1012
35800 17.43 34.87 0.00 -8.3060 -0.8680 -0.8680
35825 17.02 35.19 0.00 -10.4784 -0.8791 -0.8791
35850 17.02 35.19 0.00 -10.4784 -0.8791 -0.8791
35875 16.56 35.55 0.00 -12.4834 -1.8904 -1.8904
35900 16.00 35.89 0.00 -15.7778 -3.2072 -3.2072
35925 16.00 35.89 0.00 -15.7778 -3.2072 -3.2072
35950 15.16 36.24 0.00 -23.3258 -0.6541 -0.6541
35975 15.16 36.24 0.00 -23.3258 -0.6541 -0.6541
36000 14.16 36.59 0.00 -25.3142 -1.8238 -1.8238
36025 13.25 36.98 0.00 -20.0038 -1.3189 -1.3189
36050 12.67 37.41 0.00 -11.1666 -1.3112 -1.3112
36075 12.67 37.41 0.00 -11.1666 -1.3112 -1.3112
36100 12.45 37.76 0.00 -5.9933 0.2470 0.2470
36125 12.27 38.24 0.00 -3.3122 1.7535 1.7535
36150 12.27 38.24 0.00 -3.3122 1.7535 1.7535
36175 12.23 38.63 0.00 -0.1687 2.1851 2.1851
36200 12.17 38.92 0.00 -2.9142 -1.3577 -1.3577
36225 12.01 39.18 0.00 -4.3608 -0.2453 -0.2453
36250 11.89 39.33 0.00 -1.8998 -0.6104 -0.6104
36275 11.89 39.33 0.00 -1.8998 -0.6104 -0.6104
36300 11.93 39.45 0.00 2.5152 0.0549 0.0549
36325 11.93 39.45 0.00 2.5152 0.0549 0.0549
36350 12.03 39.54 0.00 2.3941 0.6906 0.6906
36375 12.11 39.60 0.00 1.9879 1.9285 1.9285
36400 12.19 39.65 0.00 1.3908 0.7156 0.7156
36425 12.19 39.65 0.00 1.3908 0.7156 0.7156
36450 12.23 39.73 0.00 0.8143 0.1368 0.1368
36475 12.27 39.81 0.00 0.6625 -1.0071 -1.0071
36500 12.27 39.81 0.00 0.6625 -1.0071 -1.0071
36525 12.33 39.83 0.00 2.1341 2.4279 2.4279
36550 12.41 39.88 0.00 1.8164 0.0913 0.0913
36575 12.45 39.92 0.00 0.6789 0.5291 0.5291
36600 12.45 39.92 0.00 0.6789 0.5291 0.5291
36625 12.45 39.94 0.00 -0.4078 0.5908 0.5908
36650 12.45 39.94 0.00 -0.4078 0.5908 0.5908
36675 12.47 39.98 0.00 0.5995 1.1461 1.1461
36700 12.49 39.98 0.00 1.2969 0.4327 0.4327
36725 12.53 39.98 0.00 0.3224 0.1043 0.1043
36750 12.51 39.96 0.00 -0.4998 0.1237 0.1237
36775 12.51 39.96 0.00 -0.4998 0.1237 0.1237
36800 12.53 39.91 0.00 0.5947 1.3868 1.3868
36825 12.57 39.85 0.00 1.8810 1.5282 1.5282
36850 12.57 39.85 0.00 1.8810 1.5282 1.5282
36875 12.69 39.92 0.00 3.5821 1.3798 1.3798
36900 12.87 40.07 0.00 4.4291 2.2688 2.2688
36925 12.87 40.07 0.00 4.4291 2.2688 2.2688
36950 13.05 40.30 0.00 4.4745 3.1741 3.1741
36975 13.23 40.58 0.00 4.9230 3.6120 3.6120
37000 13.23 40.58 0.00 4.9230 3.6120 3.6120
37025 13.42 40.94 0.00 4.9892 2.3182 2.3182
37050 13.66 41.23 0.00 6.6989 2.7201 2.7201
37075 13.66 41.23 0.00 6.6989 2.7201 2.7201
37100 14.00 41.55 0.00 9.0555 4.7642 4.7642
37125 14.39 41.92 0.00 10.2074 3.6456 3.6456
37150 14.84 42.33 0.00 12.2503 4.0318 4.0318
37175 14.84 42.33 0.00 12.2503 4.0318 4.0318
37200 15.29 42.77 0.00 10.6879 4.5843 4.5843
37225 15.72 43.18 0.00 10.2579 5.7447 5.7447
37250 15.72 43.18 0.00 10.2579 5.7447 5.7447
37275 16.15 43.53 0.00 10.8783 5.7742 5.7742
37300 16.62 43.76 0.00 12.3675 4.9689 4.9689
37325 17.12 44.00 0.00 12.2952 4.1349 4.1349
37350 17.12 44.00 0.00 12.2952 4.1349 4.1349
37375 17.57 44.27 0.00 10.1460 4.1949 4.1949
37400 17.89 44.52 0.00 7.5250 4.0156 4.0156
37425 17.89 44.52 0.00 7.5250 4.0156 4.0156
37450 18.14 44.74 0.00 5.1037 3.4440 3.4440
37475 18.28 44.88 0.00 2.7815 3.2264 3.2264
37500 18.28 44.88 0.00 2.7815 3.2264 3.2264
37525 18.35 44.98 0.00 1.8562 3.0369 3.0369
37550 18.43 45.15 0.00 1.9914 2.7146 2.7146
37575 18.43 45.15 0.00 1.9914 2.7146 2.7146
37600 18.47 45.32 0.00 0.5662 1.4759 1.4759
37625 18.49 45.42 0.00 1.4507 3.3250 3.3250
37650 18.60 45.52 0.00 2.4521 2.9792 2.9792
37675 18.60 45.52 0.00 2.4521 2.9792 2.9792
37700 18.70 45.65 0.00 2.7484 1.3862 1.3862
37725 18.82 45.85 0.00 2.3565 1.2345 1.2345
37750 18.82 45.85 0.00 2.3565 1.2345 1.2345
37775 18.85 46.05 0.00 0.5962 0.9275 0.9275
37800 18.89 46.26 0.00 0.9967 1.8069 1.8069
37825 18.89 46.26 0.00 0.9967 1.8069 1.8069
37850 18.97 46.49 0.00 2.8888 2.0671 2.0671
37875 19.14 46.71 0.00 4.4485 1.2868 1.2868
37900 19.33 46.98 0.00 5.3956 1.3786 1.3786
37925 19.33 46.98 0.00 5.3956 1.3786 1.3786
37950 19.58 47.29 0.00 6.7136 1.8878 1.8878
37975 19.88 47.69 0.00 7.9153 2.4497 2.4497
38000 19.88 47.69 0.00 7.9153 2.4497 2.4497
38025 20.21 48.11 0.00 8.6767 3.0063 3.0063
38050 20.59 48.59 0.00 9.8937 2.3799 2.3799
38075 20.59 48.59 0.00 9.8937 2.3799 2.3799
38100 21.02 49.11 0.00 11.0465 2.4805 2.4805
38125 21.46 49.66 0.00 10.7347 2.1121 2.1121
38150 21.46 49.66 0.00 10.7347 2.1121 2.1121
38175 21.85 50.21 0.00 10.0279 0.9748 0.9748
38200 22.31 50.78 0.00 12.2794 2.6819 2.6819
38225 22.79 51.30 0.00 11.7426 1.8020 1.8020
38250 22.79 51.30 0.00 11.7426 1.8020 1.8020
38275 23.22 51.85 0.00 10.3381 0.6081 0.6081
38300 23.63 52.42 0.00 9.9071 0.5626 0.5626
38325 23.63 52.42 0.00 9.9071 0.5626 0.5626
38350 23.97 52.93 0.00 7.5220 0.1668 0.1668
38375 24.18 53.31 0.00 3.3980 0.8212 0.8212
38400 24.25 53.51 0.00 2.5139 2.3311 2.3311
38425 24.25 53.51 0.00 2.5139 2.3311 2.3311
38450 24.36 53.64 0.00 2.3749 1.7951 1.7951
38475 24.44 53.57 0.00 1.7004 0.7132 0.7132
38500 24.44 53.57 0.00 1.7004 0.7132 0.7132
38525 24.45 53.39 0.00 -0.3824 0.7707 0.7707
38550 24.42 53.15 0.00 -1.2431 1.0925 1.0925
38575 24.42 53.15 0.00 -1.2431 1.0925 1.0925
38600 24.36 52.90 0.00 -1.4499 0.4316 0.4316
38625 24.31 52.59 0.00 -1.4505 -1.0493 -1.0493
38650 24.23 52.24 0.00 -1.7603 -1.7319 -1.7319
38675 24.23 52.24 0.00 -1.7603 -1.7319 -1.7319
38700 24.16 51.84 0.00 -2.4046 -1.4810 -1.4810
38725 24.03 51.47 0.00 -3.0128 -2.4024 -2.4024
38750 24.03 51.47 0.00 -3.0128 -2.4024 -2.4024
38775 23.95 51.12 0.00 -0.9168 -0.7753 -0.7753
38800 24.01 50.86 0.00 2.4630 0.8676 0.8676
38825 24.01 50.86 0.00 2.4630 0.8676 0.8676
38850 24.16 50.78 0.00 4.4870 0.0481 0.0481
38875 24.34 50.73 0.00 4.4934 0.2210 0.2210
38900 24.34 50.73 0.00 4.4934 0.2210 0.2210
38925 24.47 50.68 0.00 2.9087 0.2316 0.2316
38950 24.57 50.64 0.00 1.5949 -0.4738 -0.4738
38975 24.60 50.59 0.00 0.8195 -0.0132 -0.0132
39000 24.60 50.59 0.00 0.8195 -0.0132 -0.0132
39025 24.62 50.54 0.00 0.2586 -0.7811 -0.7811
39050 24.66 50.46 0.00 1.8444 1.3752 1.3752
39075 24.66 50.46 0.00 1.8444 1.3752 1.3752
39100 24.75 50.41 0.00 3.1035 2.3997 2.3997
39125 24.90 50.36 0.00 4.5139 2.7015 2.7015
39150 24.90 50.36 0.00 4.5139 2.7015 2.7015
39175 25.10 50.39 0.00 5.4912 3.7186 3.7186
39200 25.33 50.47 0.00 5.5894 3.3501 3.3501
39225 25.59 50.62 0.00 6.7023 2.9758 2.9758
39250 25.59 50.62 0.00 6.7023 2.9758 2.9758
39275 25.90 50.74 0.00 8.8101 4.2714 4.2714
39300 26.29 50.86 0.00 10.7157 2.9089 2.9089
39325 26.29 50.86 0.00 10.7157 2.9089 2.9089
39350 26.77 50.94 0.00 12.5034 4.3651 4.3651
39375 27.32 51.08 0.00 13.8882 5.7640 5.7640
39400 27.32 51.08 0.00 13.8882 5.7640 5.7640
39425 27.87 51.26 0.00 14.7032 4.8469 4.8469
39450 28.47 51.46 0.00 14.7583 4.1252 4.1252
39475 29.02 51.63 0.00 13.0418 4.5388 4.5388
39500 29.02 51.63 0.00 13.0418 4.5388 4.5388
39525 29.47 51.82 0.00 10.0027 4.1744 4.1744
39550 29.47 51.82 0.00 10.0027 4.1744 4.1744
39575 29.84 51.98 0.00 8.7205 5.2683 5.2683
39600 30.15 52.07 0.00 7.0918 4.2898 4.2898
39625 30.44 52.11 0.00 7.2703 4.8453 4.8453
39650 30.44 52.11 0.00 7.2703 4.8453 4.8453
39675 30.74 52.12 0.00 7.8426 4.3257 4.3257
39700 31.05 52.16 0.00 7.7128 4.0168 4.0168
39725 31.05 52.16 0.00 7.7128 4.0168 4.0168
39750 31.30 52.20 0.00 5.6286 3.8579 3.8579
39775 31.48 52.21 0.00 3.6824 4.2453 4.2453
39800 31.48 52.21 0.00 3.6824 4.2453 4.2453
39825 31.61 52.23 0.00 3.3386 3.1390 3.1390
39850 31.77 52.25 0.00 3.9556 2.1513 2.1513
39875 31.88 52.29 0.00 3.9692 1.9781 1.9781
39900 31.88 52.29 0.00 3.9692 1.9781 1.9781
39925 32.10 52.27 0.00 6.7791 5.4879 5.4879
39950 32.42 52.26 0.00 8.8380 4.9761 4.9761
39975 32.42 52.26 0.00 8.8380 4.9761 4.9761
40000 32.80 52.30 0.00 9.4826 4.1483 4.1483
40025 33.16 52.38 0.00 8.5163 4.3161 4.3161
40050 33.46 52.49 0.00 7.2232 4.7457 4.7457
40075 33.46 52.49 0.00 7.2232 4.7457 4.7457
40100 33.75 52.62 0.00 6.7282 5.0466 5.0466
40125 34.04 52.68 0.00 7.3726 5.4436 5.4436
40150 34.04 52.68 0.00 7.3726 5.4436 5.4436
40175 34.32 52.67 0.00 7.0100 3.9938 3.9938
40200 34.61 52.58 0.00 7.2325 4.5223 4.5223
40225 34.89 52.43 0.00 7.1299 5.0688 5.0688
40250 34.89 52.43 0.00 7.1299 5.0688 5.0688
40275 35.20 52.29 0.00 7.7116 5.6605 5.6605
40300 35.52 52.19 0.00 8.3002 5.6111 5.6111
40325 35.52 52.19 0.00 8.3002 5.6111 5.6111
40350 35.84 52.10 0.00 7.6846 5.0363 5.0363
40375 36.12 52.06 0.00 6.6662 4.8356 4.8356
40400 36.12 52.06 0.00 6.6662 4.8356 4.8356
40425 36.37 52.02 0.00 5.8616 4.1234 4.1234
40450 36.59 51.99 0.00 5.0816 3.4709 3.4709
40475 36.82 51.92 0.00 6.7100 6.5672 6.5672
40500 36.82 51.92 0.00 6.7100 6.5672 6.5672
40525 37.12 51.82 0.00 7.5943 5.5126 5.5126
40550 37.44 51.77 0.00 8.1385 4.0300 4.0300
40575 37.44 51.77 0.00 8.1385 4.0300 4.0300
40600 37.72 51.72 0.00 6.0836 3.8788 3.8788
40625 37.86 51.69 0.00 4.1003 4.1542 4.1542
40650 37.86 51.69 0.00 4.1003 4.1542 4.1542
40675 38.00 51.67 0.00 3.5271 3.3933 3.3933
40700 38.16 51.62 0.00 4.8913 3.5513 3.5513
40725 38.38 51.55 0.00 4.7182 2.8020 2.8020
40750 38.38 51.55 0.00 4.7182 2.8020 2.8020
40775 38.54 51.48 0.00 3.7970 2.8938 2.8938
40800 38.66 51.38 0.00 2.7777 3.7470 3.7470
40825 38.66 51.38 0.00 2.7777 3.7470 3.7470
40850 38.80 51.29 0.00 3.6281 3.5030 3.5030
40875 38.98 51.26 0.00 4.9636 2.8862 2.8862
40900 39.19 51.26 0.00 5.0819 2.8766 2.8766
40925 39.19 51.26 0.00 5.0819 2.8766 2.8766
40950 39.37 51.30 0.00 4.4626 3.0977 3.0977
40975 39.54 51.30 0.00 3.9802 2.9151 2.9151
41000 39.54 51.30 0.00 3.9802 2.9151 2.9151
41025 39.68 51.27 0.00 3.7834 2.9421 2.9421
41050 39.86 51.18 0.00 5.5637 4.9978 4.9978
41075 39.86 51.18 0.00 5.5637 4.9978 4.9978
41100 40.14 51.13 0.00 7.2679 4.3326 4.3326
41125 40.46 51.12 0.00 8.6666 3.3031 3.3031
41150 40.46 51.12 0.00 8.6666 3.3031 3.3031
41175 40.83 51.10 0.00 9.5806 4.5774 4.5774
41200 41.32 51.11 0.00 13.4110 4.1038 4.1038
41225 41.90 51.13 0.00 14.7986 0.9463 0.9463
41250 41.90 51.13 0.00 14.7986 0.9463 0.9463
41275 42.53 51.14 0.00 16.4865 2.7168 2.7168
41300 43.18 51.02 0.00 15.7797 1.7112 1.7112
41325 43.18 51.02 0.00 15.7797 1.7112 1.7112
41350 43.80 50.86 0.00 15.1330 2.7695 2.7695
41375 44.37 50.71 0.00 13.8085 4.3186 4.3186
41400 44.37 50.71 0.00 13.8085 4.3186 4.3186
41425 44.76 50.60 0.00 13.1154 4.3732 4.3732
41450 45.30 50.52 0.00 13.7701 4.8091 4.8091
41475 45.84 50.52 0.00 12.4421 4.0281 4.0281
41500 45.84 50.52 0.00 12.4421 4.0281 4.0281
41525 46.26 50.54 0.00 9.3859 3.7979 3.7979
41550 46.56 50.60 0.00 6.0960 3.5232 3.5232
41575 46.56 50.60 0.00 6.0960 3.5232 3.5232
41600 46.70 50.65 0.00 2.3547 1.1900 1.1900
41625 46.70 50.65 0.00 2.3547 1.1900 1.1900
41650 46.77 50.61 0.00 2.0049 2.5131 2.5131
41675 46.87 50.61 0.00 2.4258 1.4596 1.4596
41700 46.96 50.65 0.00 2.4590 0.2850 0.2850
41725 47.10 50.72 0.00 3.8938 1.7269 1.7269
41750 47.10 50.72 0.00 3.8938 1.7269 1.7269
41775 47.29 50.79 0.00 5.5762 2.6265 2.6265
41800 47.29 50.79 0.00 5.5762 2.6265 2.6265
41825 47.52 50.87 0.00 5.5539 1.9097 1.9097
41850 47.75 50.88 0.00 5.7604 3.7449 3.7449
41875 47.94 50.83 0.00 4.6335 2.7245 2.7245
41900 47.94 50.83 0.00 4.6335 2.7245 2.7245
41925 48.13 50.73 0.00 4.9716 3.7653 3.7653
41950 48.34 50.57 0.00 4.8029 4.2697 4.2697
