%#        Time[ms]        X[pixel],        Y[pixel],        Z[pixel],  dX/dt[pixel/s],  dY/dt[pixel/s],  dZ/dt[pixel/s] 
0 50.00 50.00 0.00 -0.2241 -0.5396 -0.5396
25 50.00 49.87 0.00 0.0787 0.2832 0.2832
50 50.00 49.75 0.00 -0.0361 1.0744 1.0744
75 50.00 49.60 0.00 0.4222 1.6443 1.6443
100 50.00 49.60 0.00 0.4222 1.6443 1.6443
125 50.03 49.48 0.00 0.8608 1.0347 1.0347
150 50.07 49.39 0.00 0.5571 0.7838 0.7838
175 50.07 49.39 0.00 0.5571 0.7838 0.7838
200 50.07 49.30 0.00 -0.0698 1.0710 1.0710
225 50.07 49.25 0.00 -0.0958 1.5751 1.5751
250 50.07 49.17 0.00 0.7693 2.0403 2.0403
275 50.07 49.17 0.00 0.7693 2.0403 2.0403
300 50.10 49.14 0.00 0.5557 0.2530 0.2530
325 50.12 49.08 0.00 0.7266 1.2672 1.2672
350 50.12 49.08 0.00 0.7266 1.2672 1.2672
375 50.17 49.07 0.00 1.2174 3.1289 3.1289
400 50.19 48.99 0.00 -0.1044 1.4355 1.4355
425 50.19 48.99 0.00 -0.1044 1.4355 1.4355
450 50.16 48.78 0.00 -1.5043 1.8915 1.8915
475 50.07 48.51 0.00 -2.2326 0.7822 0.7822
500 50.07 48.51 0.00 -2.2326 0.7822 0.7822
525 50.03 48.43 0.00 0.5220 3.1087 3.1087
550 50.17 48.74 0.00 5.6619 5.7966 5.7966
575 50.49 49.33 0.00 8.3673 3.9016 3.9016
600 50.49 49.33 0.00 8.3673 3.9016 3.9016
625 50.82 50.23 0.00 7.7611 2.1942 2.1942
650 51.06 51.24 0.00 5.0002 1.6667 1.6667
675 51.06 51.24 0.00 5.0002 1.6667 1.6667
700 51.20 52.18 0.00 2.6912 1.6405 1.6405
725 51.29 53.11 0.00 1.7505 0.3563 0.3563
750 51.33 54.08 0.00 0.8894 -0.6219 -0.6219
775 51.33 54.08 0.00 0.8894 -0.6219 -0.6219
800 51.36 54.97 0.00 0.8637 -0.5438 -0.5438
825 51.40 55.47 0.00 1.3808 -0.2458 -0.2458
850 51.40 55.47 0.00 1.3808 -0.2458 -0.2458
875 51.47 55.91 0.00 1.5031 -0.3115 -0.3115
900 51.50 56.19 0.00 0.6908 -0.5757 -0.5757
925 51.50 56.19 0.00 0.6908 -0.5757 -0.5757
950 51.48 56.44 0.00 -0.9809 -2.2683 -2.2683
975 51.45 56.61 0.00 -0.6899 0.0712 0.0712
1000 51.45 56.61 0.00 -0.6899 0.0712 0.0712
1025 51.45 56.82 0.00 0.5207 0.0756 0.0756
1050 51.52 57.12 0.00 2.8712 -0.5246 -0.5246
1075 51.52 57.12 0.00 2.8712 -0.5246 -0.5246
1100 51.73 57.58 0.00 5.9146 0.0426 0.0426
1125 51.99 58.25 0.00 7.3972 0.5241 0.5241
1150 52.32 59.04 0.00 8.5358 0.2243 0.2243
1175 52.32 59.04 0.00 8.5358 0.2243 0.2243
1200 52.71 59.79 0.00 10.2812 0.8021 0.8021
1225 53.09 60.50 0.00 9.3711 -0.8680 -0.8680
1250 53.09 60.50 0.00 9.3711 -0.8680 -0.8680
1275 53.46 61.16 0.00 8.9438 0.2149 0.2149
1300 53.81 61.83 0.00 8.6830 0.9506 0.9506
1325 54.16 62.49 0.00 8.8159 1.4395 1.4395
1350 54.16 62.49 0.00 8.8159 1.4395 1.4395
1375 54.51 63.08 0.00 8.8757 1.4436 1.4436
1400 54.84 63.64 0.00 7.4915 1.4787 1.4787
1425 54.84 63.64 0.00 7.4915 1.4787 1.4787
1450 55.10 64.15 0.00 6.3632 2.3085 2.3085
1475 55.36 64.62 0.00 6.5783 1.8919 1.8919
1500 55.36 64.62 0.00 6.5783 1.8919 1.8919
1525 55.64 65.08 0.00 7.6880 1.4624 1.4624
1550 55.99 65.50 0.00 8.9071 0.7383 0.7383
1575 55.99 65.50 0.00 8.9071 0.7383 0.7383
1600 56.38 65.88 0.00 9.9053 0.9688 0.9688
1625 56.78 66.23 0.00 10.2840 3.4297 3.4297
1650 57.33 66.56 0.00 15.9355 2.5299 2.5299
1675 57.33 66.56 0.00 15.9355 2.5299 2.5299
1700 57.89 66.86 0.00 19.8289 1.1807 1.1807
1725 58.80 67.33 0.00 24.4067 1.2947 1.2947
1750 58.80 67.33 0.00 24.4067 1.2947 1.2947
1775 59.81 67.82 0.00 25.4454 2.7150 2.7150
1800 60.79 68.32 0.00 24.3071 3.3245 3.3245
1825 61.75 68.74 0.00 22.5595 4.0497 4.0497
1850 61.75 68.74 0.00 22.5595 4.0497 4.0497
1875 62.51 69.08 0.00 16.8631 2.8590 2.8590
1900 63.02 69.34 0.00 10.4041 3.9567 3.9567
1925 63.29 69.52 0.00 4.3203 4.8551 4.8551
1950 63.29 69.52 0.00 4.3203 4.8551 4.8551
1975 63.38 69.68 0.00 1.6158 3.7830 3.7830
2000 63.43 69.84 0.00 1.1070 2.0262 2.0262
2025 63.43 69.84 0.00 1.1070 2.0262 2.0262
2050 63.48 69.98 0.00 1.5185 0.9314 0.9314
2075 63.48 69.98 0.00 1.5185 0.9314 0.9314
2100 63.54 70.07 0.00 1.0499 0.2273 0.2273
2125 63.56 70.15 0.00 -0.1370 1.1021 1.1021
2150 63.54 70.26 0.00 -0.3514 0.6062 0.6062
2175 63.54 70.26 0.00 -0.3514 0.6062 0.6062
2200 63.52 70.37 0.00 -0.4306 -0.8803 -0.8803
2225 63.48 70.38 0.00 -1.5844 -0.8046 -0.8046
2250 63.48 70.38 0.00 -1.5844 -0.8046 -0.8046
2275 63.45 70.35 0.00 -0.5828 1.3574 1.3574
2300 63.41 70.30 0.00 -0.5513 -1.1636 -1.1636
2325 63.41 70.30 0.00 -0.1972 -0.7969 -0.7969
2350 63.41 70.30 0.00 -0.1972 -0.7969 -0.7969
2375 63.40 70.30 0.00 -0.7393 -0.8608 -0.8608
2400 63.36 70.31 0.00 -0.7477 0.4167 0.4167
2425 63.36 70.31 0.00 -0.7477 0.4167 0.4167
2450 63.29 70.29 0.00 -1.9523 -0.6492 -0.6492
2475 63.17 70.12 0.00 -4.0474 -0.3048 -0.3048
2500 63.17 70.12 0.00 -4.0474 -0.3048 -0.3048
2525 62.95 69.85 0.00 -6.7657 -1.4887 -1.4887
2550 62.70 69.62 0.00 -8.0613 -1.3897 -1.3897
2575 62.40 69.32 0.00 -7.3886 -1.4012 -1.4012
2600 62.40 69.32 0.00 -7.3886 -1.4012 -1.4012
2625 62.14 69.04 0.00 -5.9151 -1.8384 -1.8384
2650 61.94 68.86 0.00 -4.5596 -1.5712 -1.5712
2675 61.78 68.72 0.00 -3.2422 -1.9106 -1.9106
2700 61.78 68.72 0.00 -3.2422 -1.9106 -1.9106
2725 61.69 68.63 0.00 -1.6181 -2.1977 -2.1977
2750 61.69 68.63 0.00 -1.6181 -2.1977 -2.1977
2775 61.64 68.56 0.00 -1.6372 -1.6863 -1.6863
2800 61.55 68.51 0.00 -2.1374 -1.0806 -1.0806
2825 61.48 68.48 0.00 -1.9593 -1.0992 -1.0992
2850 61.48 68.48 0.00 -1.9593 -1.0992 -1.0992
2875 61.41 68.42 0.00 -1.3588 -3.2932 -3.2932
2900 61.38 68.37 0.00 -0.9487 -0.1334 -0.1334
2925 61.38 68.37 0.00 -0.9487 -0.1334 -0.1334
2950 61.32 68.34 0.00 -1.8138 -1.2416 -1.2416
2975 61.23 68.32 0.00 -1.8057 -1.4258 -1.4258
3000 61.16 68.34 0.00 -2.5377 -1.9504 -1.9504
3025 61.16 68.34 0.00 -2.5377 -1.9504 -1.9504
3050 61.02 68.35 0.00 -3.5138 -0.9817 -0.9817
3075 60.86 68.40 0.00 -4.6857 -2.1289 -2.1289
3100 60.86 68.40 0.00 -4.6857 -2.1289 -2.1289
3125 60.63 68.40 0.00 -6.5599 -2.0951 -2.0951
3150 60.30 68.32 0.00 -9.3829 -3.8062 -3.8062
3175 60.30 68.32 0.00 -9.3829 -3.8062 -3.8062
3200 59.82 68.23 0.00 -13.4857 -3.6115 -3.6115
3225 59.35 68.14 0.00 -17.5528 -2.2565 -2.2565
3250 58.59 68.03 0.00 -18.9090 -2.0581 -2.0581
3275 58.59 68.03 0.00 -18.9090 -2.0581 -2.0581
3300 57.85 67.96 0.00 -18.0066 -1.4288 -1.4288
3325 57.85 67.96 0.00 -18.0066 -1.4288 -1.4288
3350 57.13 67.96 0.00 -17.7614 -1.6650 -1.6650
3375 56.45 68.01 0.00 -16.5153 -1.7595 -1.7595
3400 55.82 68.10 0.00 -15.3328 -2.5321 -2.5321
3425 55.82 68.10 0.00 -15.3328 -2.5321 -2.5321
3450 55.22 68.19 0.00 -14.4390 -2.6644 -2.6644
3475 54.66 68.31 0.00 -13.6213 -2.4829 -2.4829
3500 54.66 68.31 0.00 -13.6213 -2.4829 -2.4829
3525 54.16 68.47 0.00 -12.4624 -4.2039 -4.2039
3550 53.72 68.61 0.00 -9.4878 -3.6886 -3.6886
3575 53.39 68.80 0.00 -8.1059 -3.4201 -3.4201
3600 53.39 68.80 0.00 -8.1059 -3.4201 -3.4201
3625 53.04 69.11 0.00 -9.0537 -3.9822 -3.9822
3650 52.69 69.58 0.00 -8.7246 -2.4450 -2.4450
3675 52.69 69.58 0.00 -8.7246 -2.4450 -2.4450
3700 52.36 70.06 0.00 -7.5912 -2.3540 -2.3540
3725 52.09 70.58 0.00 -6.5402 -2.5159 -2.5159
3750 52.09 70.58 0.00 -6.5402 -2.5159 -2.5159
3775 51.78 71.12 0.00 -8.6809 -1.4030 -1.4030
3800 51.40 71.63 0.00 -10.1518 -0.5734 -0.5734
3825 50.98 72.17 0.00 -10.5362 -0.8369 -0.8369
3850 50.98 72.17 0.00 -10.5362 -0.8369 -0.8369
3875 50.54 72.70 0.00 -11.9745 -0.5421 -0.5421
3900 49.97 73.10 0.00 -14.9898 -0.0524 -0.0524
3925 49.41 73.40 0.00 -13.9760 -0.3777 -0.3777
3950 49.41 73.40 0.00 -13.9760 -0.3777 -0.3777
3975 48.83 73.64 0.00 -14.3363 -2.0639 -2.0639
4000 48.41 73.78 0.00 -13.6870 -1.4921 -1.4921
4025 48.41 73.78 0.00 -13.6870 -1.4921 -1.4921
4050 47.91 74.01 0.00 -11.6402 -1.0231 -1.0231
4075 47.49 74.21 0.00 -10.0434 -1.8528 -1.8528
4100 47.49 74.21 0.00 -10.0434 -1.8528 -1.8528
4125 47.14 74.45 0.00 -8.4571 -2.5724 -2.5724
4150 46.67 74.66 0.00 -13.6371 -3.4166 -3.4166
4175 46.67 74.66 0.00 -13.6371 -3.4166 -3.4166
4200 46.05 74.84 0.00 -15.9076 -0.4562 -0.4562
4225 45.39 75.09 0.00 -18.0048 -0.9733 -0.9733
4250 45.39 75.09 0.00 -18.0048 -0.9733 -0.9733
4275 44.58 75.45 0.00 -20.7454 -2.3514 -2.3514
4300 43.78 75.93 0.00 -19.4704 -2.0143 -2.0143
4325 43.04 76.51 0.00 -17.7775 -3.2628 -3.2628
4350 43.04 76.51 0.00 -17.7775 -3.2628 -3.2628
4375 42.43 77.21 0.00 -13.6567 -3.3532 -3.3532
4400 41.88 77.85 0.00 -13.8756 -3.5531 -3.5531
4425 41.88 77.85 0.00 -13.8756 -3.5531 -3.5531
4450 41.36 78.38 0.00 -12.7784 -3.3067 -3.3067
4475 40.88 78.85 0.00 -11.6954 -4.0384 -4.0384
4500 40.88 78.85 0.00 -11.6954 -4.0384 -4.0384
4525 40.44 79.34 0.00 -10.5396 -4.3156 -4.3156
4550 40.07 79.89 0.00 -7.9161 -5.1935 -5.1935
4575 39.65 80.51 0.00 -12.5140 -4.3721 -4.3721
4600 39.65 80.51 0.00 -12.5140 -4.3721 -4.3721
4625 39.07 81.12 0.00 -15.6303 -2.0128 -2.0128
4650 38.27 81.67 0.00 -22.8463 -0.6799 -0.6799
4675 38.27 81.67 0.00 -22.8463 -0.6799 -0.6799
4700 37.21 82.11 0.00 -27.9118 1.3585 1.3585
4725 36.07 82.49 0.00 -28.4465 0.1727 0.1727
4750 36.07 82.49 0.00 -28.4465 0.1727 0.1727
4775 34.89 82.88 0.00 -29.8605 -2.4344 -2.4344
4800 33.75 83.21 0.00 -26.7118 -0.4378 -0.4378
4825 32.80 83.48 0.00 -22.8370 0.3956 0.3956
4850 32.80 83.48 0.00 -22.8370 0.3956 0.3956
4875 32.17 83.69 0.00 -19.7249 -2.7013 -2.7013
4900 31.39 83.99 0.00 -18.5553 -3.2454 -3.2454
4925 30.74 84.30 0.00 -14.9226 -3.8104 -3.8104
4950 30.74 84.30 0.00 -14.9226 -3.8104 -3.8104
4975 30.16 84.65 0.00 -14.7695 -2.9017 -2.9017
5000 29.62 84.95 0.00 -12.4307 -3.0666 -3.0666
5025 29.62 84.95 0.00 -12.4307 -3.0666 -3.0666
5050 29.25 85.18 0.00 -7.0356 -4.7975 -4.7975
5075 29.04 85.43 0.00 -5.4619 -6.7395 -6.7395
5100 29.04 85.43 0.00 -5.4619 -6.7395 -6.7395
5125 28.73 85.66 0.00 -8.7677 -3.5174 -3.5174
5150 28.34 85.82 0.00 -9.1316 -1.8661 -1.8661
5175 28.34 85.82 0.00 -9.1316 -1.8661 -1.8661
5200 28.07 86.00 0.00 -6.0035 -3.4331 -3.4331
5225 28.07 86.00 0.00 -6.0035 -3.4331 -3.4331
5250 27.61 86.43 0.00 -4.2179 -3.6837 -3.6837
5275 27.61 86.43 0.00 -4.2179 -3.6837 -3.6837
5300 27.45 86.54 0.00 -4.5226 -3.3203 -3.3203
5325 27.23 86.50 0.00 -5.4132 -1.4715 -1.4715
5350 27.23 86.50 0.00 -5.4132 -1.4715 -1.4715
5375 27.04 86.45 0.00 -4.8452 -3.9470 -3.9470
5400 26.80 86.41 0.00 -6.3809 -3.1537 -3.1537
5425 26.80 86.41 0.00 -6.3809 -3.1537 -3.1537
5450 26.56 86.38 0.00 -6.0588 -0.4800 -0.4800
5475 26.38 86.46 0.00 -3.2227 -2.8345 -2.8345
5500 26.38 86.46 0.00 -3.2227 -2.8345 -2.8345
5525 26.16 86.56 0.00 -8.8274 -0.7937 -0.7937
5550 25.64 86.64 0.00 -14.1340 0.6748 0.6748
5575 25.09 86.71 0.00 -13.2802 -1.2305 -1.2305
5600 25.09 86.71 0.00 -13.2802 -1.2305 -1.2305
5625 24.47 86.68 0.00 -17.8644 -2.8843 -2.8843
5650 23.88 86.61 0.00 -19.7022 -0.0484 -0.0484
5675 23.88 86.61 0.00 -19.7022 -0.0484 -0.0484
5700 23.17 86.52 0.00 -16.5315 -1.1766 -1.1766
5725 22.57 86.42 0.00 -14.2587 -1.2771 -1.2771
5750 22.14 86.34 0.00 -7.9240 -0.5602 -0.5602
5775 22.14 86.34 0.00 -7.9240 -0.5602 -0.5602
5800 21.89 86.26 0.00 -5.4508 -0.9973 -0.9973
5825 21.89 86.26 0.00 -5.4508 -0.9973 -0.9973
5850 21.70 86.18 0.00 -3.7340 -0.1441 -0.1441
5875 21.65 86.14 0.00 -0.6883 -1.6772 -1.6772
5900 21.53 86.09 0.00 -3.8650 -0.8793 -0.8793
5925 21.40 86.01 0.00 -2.9409 -1.2267 -1.2267
5950 21.40 86.01 0.00 -2.9409 -1.2267 -1.2267
5975 21.33 85.88 0.00 -1.3653 -3.6893 -3.6893
6000 21.34 85.60 0.00 2.2248 -1.2079 -1.2079
6025 21.34 85.60 0.00 2.2248 -1.2079 -1.2079
6050 21.46 85.22 0.00 2.8407 -2.0294 -2.0294
6075 21.63 84.85 0.00 5.0097 -1.0050 -1.0050
6100 21.63 84.85 0.00 5.0097 -1.0050 -1.0050
6125 21.87 84.49 0.00 7.2353 -1.3206 -1.3206
6150 22.19 84.21 0.00 7.8096 0.7499 0.7499
6175 22.19 84.21 0.00 7.8096 0.7499 0.7499
6200 22.53 83.90 0.00 9.4902 0.5538 0.5538
6225 23.00 83.34 0.00 12.4107 2.2486 2.2486
6250 23.54 82.52 0.00 15.1334 1.5680 1.5680
6275 23.54 82.52 0.00 15.1334 1.5680 1.5680
6300 24.21 81.61 0.00 16.8979 2.3240 2.3240
6325 24.90 80.67 0.00 17.3469 2.8034 2.8034
6350 24.90 80.67 0.00 17.3469 2.8034 2.8034
6375 25.59 79.81 0.00 17.5730 2.6047 2.6047
6400 26.25 79.08 0.00 14.9296 2.2954 2.2954
6425 26.64 78.58 0.00 12.3577 3.3419 3.3419
6450 26.64 78.58 0.00 12.3577 3.3419 3.3419
6475 27.10 77.91 0.00 11.4230 3.2596 3.2596
6500 27.54 77.18 0.00 10.3341 1.7616 1.7616
6525 27.54 77.18 0.00 10.3341 1.7616 1.7616
6550 27.90 76.43 0.00 8.4243 0.2215 0.2215
6575 28.23 75.76 0.00 8.0938 2.6321 2.6321
6600 28.23 75.76 0.00 8.0938 2.6321 2.6321
6625 28.53 75.14 0.00 6.6451 1.4524 1.4524
6650 28.80 74.58 0.00 7.2931 0.8870 0.8870
6675 28.80 74.58 0.00 7.2931 0.8870 0.8870
6700 29.07 73.74 0.00 6.1516 0.8049 0.8049
6725 29.33 72.64 0.00 6.3877 1.3350 1.3350
6750 29.33 72.64 0.00 6.3877 1.3350 1.3350
6775 29.58 71.58 0.00 6.2079 0.2497 0.2497
6800 29.84 70.67 0.00 6.5679 0.3712 0.3712
6825 30.07 69.85 0.00 5.5521 -0.0024 -0.0024
6850 30.07 69.85 0.00 5.5521 -0.0024 -0.0024
6875 30.29 69.16 0.00 5.3667 0.7731 0.7731
6900 30.51 68.58 0.00 6.0255 0.8675 0.8675
6925 30.51 68.58 0.00 6.0255 0.8675 0.8675
6950 30.72 68.10 0.00 4.4954 1.2319 1.2319
6975 30.87 67.57 0.00 3.7356 1.2533 1.2533
7000 30.87 67.57 0.00 3.7356 1.2533 1.2533
7025 31.05 67.04 0.00 4.8203 0.6582 0.6582
7050 31.30 66.50 0.00 7.3186 -0.1599 -0.1599
7075 31.52 66.06 0.00 4.0719 -1.6595 -1.6595
7100 31.52 66.06 0.00 4.0719 -1.6595 -1.6595
7125 31.63 65.64 0.00 2.5793 2.0855 2.0855
7150 31.77 65.21 0.00 4.1961 2.0285 2.0285
7175 31.77 65.21 0.00 4.1961 2.0285 2.0285
7200 32.03 64.89 0.00 7.4225 -0.5820 -0.5820
7225 32.28 64.66 0.00 8.2713 -0.4623 -0.4623
7250 32.28 64.66 0.00 8.2713 -0.4623 -0.4623
7275 32.57 64.27 0.00 6.4699 -0.0507 -0.0507
7300 32.82 63.85 0.00 6.5003 2.2773 2.2773
7325 33.09 63.30 0.00 6.8459 3.5919 3.5919
7350 33.09 63.30 0.00 6.8459 3.5919 3.5919
7375 33.41 62.52 0.00 8.8860 3.2228 3.2228
7400 33.75 61.69 0.00 7.3971 2.6276 2.6276
7425 33.75 61.69 0.00 7.3971 2.6276 2.6276
7450 34.00 60.79 0.00 6.1832 4.0223 4.0223
7475 34.30 59.83 0.00 8.3534 4.1990 4.1990
7500 34.30 59.83 0.00 8.3534 4.1990 4.1990
7525 34.68 58.99 0.00 9.9243 3.4148 3.4148
7550 35.05 58.32 0.00 8.3729 3.8405 3.8405
7575 35.32 57.75 0.00 5.9045 4.0942 4.0942
7600 35.32 57.75 0.00 5.9045 4.0942 4.0942
7625 35.50 57.31 0.00 4.2045 3.8605 3.8605
7650 35.61 57.01 0.00 1.5825 0.9334 0.9334
7675 35.61 57.01 0.00 1.5825 0.9334 0.9334
7700 35.63 56.70 0.00 0.4893 2.3450 2.3450
7725 35.64 56.42 0.00 0.1829 2.8247 2.8247
7750 35.66 56.21 0.00 0.5251 1.3856 1.3856
7775 35.66 56.21 0.00 0.5251 1.3856 1.3856
7800 35.71 55.92 0.00 1.5783 0.8188 0.8188
7825 35.73 55.60 0.00 0.2924 0.4735 0.4735
7850 35.73 55.60 0.00 0.2924 0.4735 0.4735
7875 35.71 55.28 0.00 -1.3875 0.1756 0.1756
7900 35.64 54.76 0.00 -1.7496 1.5021 1.5021
7925 35.64 54.76 0.00 -1.7496 1.5021 1.5021
7950 35.59 53.97 0.00 -1.0442 0.5718 0.5718
7975 35.59 53.22 0.00 0.5249 -0.1802 -0.1802
8000 35.59 53.22 0.00 0.5249 -0.1802 -0.1802
8025 35.57 52.21 0.00 -1.0654 0.2655 0.2655
8050 35.52 51.27 0.00 -1.1501 1.9377 1.9377
8075 35.52 51.27 0.00 -1.1501 1.9377 1.9377
8100 35.52 50.46 0.00 0.9776 2.5175 2.5175
8125 35.63 49.83 0.00 4.1025 3.8998 3.8998
8150 35.86 49.36 0.00 6.8865 4.8623 4.8623
8175 36.21 48.84 0.00 9.3329 5.1317 5.1317
8200 36.21 48.84 0.00 9.3329 5.1317 5.1317
8225 36.55 48.41 0.00 8.2759 2.2749 2.2749
8250 36.87 47.97 0.00 8.0998 4.6682 4.6682
8275 36.87 47.97 0.00 8.0998 4.6682 4.6682
8300 37.23 47.50 0.00 8.9363 3.8962 3.8962
8325 37.56 47.07 0.00 7.5686 3.0008 3.0008
8350 37.56 47.07 0.00 7.5686 3.0008 3.0008
8375 37.83 46.51 0.00 6.6041 4.3995 4.3995
8400 38.11 45.97 0.00 7.4786 4.8945 4.8945
8425 38.11 45.97 0.00 7.4786 4.8945 4.8945
8450 38.34 45.44 0.00 3.7147 3.0197 3.0197
8475 38.39 44.69 0.00 1.0976 5.9997 5.9997
8500 38.39 44.69 0.00 1.0976 5.9997 5.9997
8525 38.43 43.91 0.00 0.6574 4.3033 4.3033
8550 38.45 43.14 0.00 0.6165 4.0141 4.0141
8575 38.50 42.32 0.00 1.2117 4.0514 4.0514
8600 38.50 42.32 0.00 1.2117 4.0514 4.0514
8625 38.54 41.50 0.00 0.9549 3.4379 3.4379
8650 38.55 40.74 0.00 -0.2803 2.2484 2.2484
8675 38.50 40.02 0.00 -1.7594 2.6036 2.6036
8700 38.50 40.02 0.00 -1.7594 2.6036 2.6036
8725 38.41 39.36 0.00 -2.2771 0.8862 0.8862
8750 38.41 39.36 0.00 -2.2771 0.8862 0.8862
8775 38.31 39.01 0.00 -4.2277 -1.4774 -1.4774
8800 38.00 38.80 0.00 -9.5271 -4.5649 -4.5649
8825 37.58 38.71 0.00 -10.9376 -2.6221 -2.6221
8850 37.58 38.71 0.00 -10.9376 -2.6221 -2.6221
8875 36.99 38.70 0.00 -17.8658 -2.3355 -2.3355
8900 36.16 38.73 0.00 -21.4942 0.3187 0.3187
8925 36.16 38.73 0.00 -21.4942 0.3187 0.3187
8950 35.32 38.68 0.00 -19.9349 0.4461 0.4461
8975 34.48 38.51 0.00 -22.4373 -4.3633 -4.3633
9000 34.48 38.51 0.00 -22.4373 -4.3633 -4.3633
9025 33.62 38.26 0.00 -20.1154 -0.9638 -0.9638
9050 32.96 37.81 0.00 -14.3289 -0.0904 -0.0904
9075 32.55 37.27 0.00 -8.1026 -3.0247 -3.0247
9100 32.55 37.27 0.00 -8.1026 -3.0247 -3.0247
9125 32.39 36.67 0.00 -1.5350 -1.7400 -1.7400
9150 32.46 35.88 0.00 3.8530 -0.3096 -0.3096
9175 32.46 35.88 0.00 3.8530 -0.3096 -0.3096
9200 32.67 35.11 0.00 6.5924 0.5119 0.5119
9225 33.00 34.33 0.00 9.4015 3.2312 3.2312
9250 33.48 33.56 0.00 12.5055 2.2665 2.2665
9275 33.48 33.56 0.00 12.5055 2.2665 2.2665
9300 33.95 32.66 0.00 12.1331 1.2652 1.2652
9325 34.43 32.01 0.00 12.0868 1.4806 1.4806
9350 34.43 32.01 0.00 12.0868 1.4806 1.4806
9375 34.88 31.62 0.00 9.3802 -1.9120 -1.9120
9400 35.16 31.38 0.00 6.7239 -3.7215 -3.7215
9425 35.16 31.38 0.00 6.7239 -3.7215 -3.7215
9450 35.45 31.25 0.00 6.5991 1.3920 1.3920
9475 35.64 31.18 0.00 4.4335 -1.0451 -1.0451
9500 35.75 31.21 0.00 2.8834 -2.1092 -2.1092
9525 35.75 31.21 0.00 2.8834 -2.1092 -2.1092
9550 35.75 31.29 0.00 -1.5826 -3.0308 -3.0308
9575 35.66 31.40 0.00 -1.9168 -0.5343 -0.5343
9600 35.66 31.40 0.00 -1.9168 -0.5343 -0.5343
9625 35.57 31.54 0.00 -2.5260 -2.6394 -2.6394
9650 35.50 31.67 0.00 -1.3413 -1.4194 -1.4194
9675 35.50 31.67 0.00 -1.3413 -1.4194 -1.4194
9700 35.47 31.73 0.00 -1.3033 -1.3092 -1.3092
9725 35.41 31.65 0.00 -1.2700 -0.6725 -0.6725
9750 35.36 31.53 0.00 -1.0376 -0.2303 -0.2303
9775 35.36 31.53 0.00 -1.0376 -0.2303 -0.2303
9800 35.30 31.37 0.00 -1.2324 -0.1321 -0.1321
9825 35.30 31.37 0.00 -1.2324 -0.1321 -0.1321
9850 35.27 31.17 0.00 -0.7108 0.1997 0.1997
9875 35.23 30.89 0.00 -1.4627 0.6057 0.6057
9900 35.16 30.40 0.00 -2.2540 1.5181 1.5181
9925 35.16 30.40 0.00 -2.2540 1.5181 1.5181
9950 35.05 29.74 0.00 -2.7707 0.6315 0.6315
9975 34.93 29.05 0.00 -3.5603 -0.9397 -0.9397
10000 34.93 29.05 0.00 -3.5603 -0.9397 -0.9397
10025 34.72 28.47 0.00 -6.6436 -6.6674 -6.6674
10050 34.32 28.11 0.00 -12.1315 -11.0536 -11.0536
10075 33.57 27.96 0.00 -22.4765 -13.5875 -13.5875
10100 33.57 27.96 0.00 -22.4765 -13.5875 -13.5875
10125 32.53 28.03 0.00 -28.1330 -15.6339 -15.6339
10150 31.36 28.42 0.00 -29.8481 -15.8619 -15.8619
10175 31.36 28.42 0.00 -29.8481 -15.8619 -15.8619
10200 30.09 29.00 0.00 -33.1968 -17.3657 -17.3657
10225 28.73 29.73 0.00 -34.9611 -16.4888 -16.4888
10250 28.73 29.73 0.00 -34.9611 -16.4888 -16.4888
10275 27.39 30.41 0.00 -31.9477 -12.2861 -12.2861
10300 26.51 30.83 0.00 -27.0440 -11.2878 -11.2878
10325 25.70 31.16 0.00 -16.2293 -9.2424 -9.2424
10350 25.70 31.16 0.00 -16.2293 -9.2424 -9.2424
10375 25.33 31.23 0.00 -4.9583 -4.3349 -4.3349
10400 25.33 31.03 0.00 2.8431 1.3166 1.3166
10425 25.33 31.03 0.00 2.8431 1.3166 1.3166
10450 25.59 30.63 0.00 8.9855 5.5777 5.5777
10475 26.01 30.10 0.00 11.1091 5.9599 5.9599
10500 26.01 30.10 0.00 11.1091 5.9599 5.9599
10525 26.43 29.32 0.00 10.2706 4.5960 4.5960
10550 26.78 28.48 0.00 7.7019 3.0142 3.0142
10575 27.02 27.49 0.00 4.7690 1.7402 1.7402
10600 27.02 27.49 0.00 4.7690 1.7402 1.7402
10625 27.13 26.37 0.00 0.6463 -1.5243 -1.5243
10650 27.02 25.01 0.00 -4.4625 -5.4973 -5.4973
10675 27.02 25.01 0.00 -4.4625 -5.4973 -5.4973
10700 26.91 23.72 0.00 -1.2685 -2.6547 -2.6547
10725 26.82 22.76 0.00 -3.6718 -7.0013 -7.0013
10750 26.82 22.76 0.00 -3.6718 -7.0013 -7.0013
10775 26.64 22.10 0.00 -4.3727 -4.7088 -4.7088
10800 26.51 21.68 0.00 -3.4140 -6.8378 -6.8378
10825 26.31 21.43 0.00 -5.5875 -5.8642 -5.8642
10850 26.31 21.43 0.00 -5.5875 -5.8642 -5.8642
10875 26.03 20.97 0.00 -6.8044 -6.3783 -6.3783
10900 25.84 20.63 0.00 -5.9547 -7.4074 -7.4074
10925 25.84 20.63 0.00 -5.9547 -7.4074 -7.4074
10950 25.49 20.05 0.00 -8.3299 -11.6306 -11.6306
10975 25.22 19.50 0.00 -9.3085 -11.9520 -11.9520
11000 24.86 18.76 0.00 -8.2794 -13.3043 -13.3043
11025 24.86 18.76 0.00 -8.2794 -13.3043 -13.3043
11050 24.53 17.86 0.00 -8.2658 -12.4154 -12.4154
11075 24.25 17.01 0.00 -6.7080 -12.7954 -12.7954
11100 24.25 17.01 0.00 -6.7080 -12.7954 -12.7954
11125 23.97 16.33 0.00 -7.3647 -13.8118 -13.8118
11150 23.62 15.61 0.00 -10.1049 -17.1146 -17.1146
11175 23.62 15.61 0.00 -10.1049 -17.1146 -17.1146
11200 23.17 14.92 0.00 -11.2057 -21.0190 -21.0190
11225 22.66 14.42 0.00 -13.5905 -23.3790 -23.3790
11250 22.66 14.42 0.00 -13.5905 -23.3790 -23.3790
11275 22.10 14.01 0.00 -14.6994 -23.8256 -23.8256
11300 21.44 13.80 0.00 -18.0446 -26.8601 -26.8601
11325 20.66 13.58 0.00 -19.6797 -25.4425 -25.4425
11350 20.66 13.58 0.00 -19.6797 -25.4425 -25.4425
11375 19.87 13.48 0.00 -20.5245 -30.1292 -30.1292
11400 19.06 13.57 0.00 -18.8272 -32.4902 -32.4902
11425 19.06 13.57 0.00 -18.8272 -32.4902 -32.4902
11450 18.34 13.90 0.00 -18.4570 -31.9857 -31.9857
11475 17.60 14.15 0.00 -17.9906 -29.4101 -29.4101
11500 17.60 14.15 0.00 -17.9906 -29.4101 -29.4101
11525 16.91 14.46 0.00 -16.9710 -29.1246 -29.1246
11550 16.31 14.71 0.00 -13.8446 -25.8608 -25.8608
11575 15.76 14.99 0.00 -13.6313 -25.7994 -25.7994
11600 15.76 14.99 0.00 -13.6313 -25.7994 -25.7994
11625 15.27 15.25 0.00 -10.9135 -22.5407 -22.5407
11650 14.92 15.47 0.00 -7.4258 -19.7209 -19.7209
11675 14.92 15.47 0.00 -7.4258 -19.7209 -19.7209
11700 14.69 15.59 0.00 -5.3693 -16.3545 -16.3545
11725 14.47 15.58 0.00 -4.7142 -13.1305 -13.1305
11750 14.27 15.53 0.00 -5.1879 -12.4260 -12.4260
11775 14.27 15.53 0.00 -5.1879 -12.4260 -12.4260
11800 14.04 15.51 0.00 -6.6691 -12.5280 -12.5280
11825 14.04 15.51 0.00 -6.6691 -12.5280 -12.5280
11850 13.78 15.47 0.00 -5.2846 -11.5281 -11.5281
11875 13.64 15.42 0.00 -4.4795 -11.2325 -11.2325
11900 13.48 15.35 0.00 -3.7613 -10.1589 -10.1589
11925 13.48 15.35 0.00 -3.7613 -10.1589 -10.1589
11950 13.35 15.35 0.00 -3.6522 -12.5320 -12.5320
11975 13.23 15.31 0.00 -1.4087 -9.2039 -9.2039
12000 13.23 15.31 0.00 -1.4087 -9.2039 -9.2039
12025 13.21 15.33 0.00 -0.4730 -8.0609 -8.0609
12050 13.21 15.46 0.00 0.8101 -6.3411 -6.3411
12075 13.29 15.68 0.00 2.6930 -3.7832 -3.7832
12100 13.29 15.68 0.00 2.6930 -3.7832 -3.7832
12125 13.42 16.00 0.00 4.1976 -1.6526 -1.6526
12150 13.64 16.31 0.00 5.7477 -0.0119 -0.0119
12175 13.64 16.31 0.00 5.7477 -0.0119 -0.0119
12200 13.88 16.51 0.00 6.5174 2.6792 2.6792
12225 14.10 16.59 0.00 4.8361 1.4359 1.4359
12250 14.10 16.59 0.00 4.8361 1.4359 1.4359
12275 14.33 16.70 0.00 6.7959 3.9533 3.9533
12300 14.63 16.74 0.00 6.8141 5.1148 5.1148
12325 14.63 16.74 0.00 6.8141 5.1148 5.1148
12350 14.90 16.79 0.00 7.4994 6.1995 6.1995
12375 15.24 16.91 0.00 8.4630 7.0191 7.0191
12400 15.61 17.10 0.00 10.1663 9.2794 9.2794
12425 15.61 17.10 0.00 10.1663 9.2794 9.2794
12450 16.02 17.36 0.00 9.4804 8.6691 8.6691
12475 16.35 17.66 0.00 7.3560 8.4488 8.4488
12500 16.35 17.66 0.00 7.3560 8.4488 8.4488
12525 16.54 17.89 0.00 6.6755 8.3352 8.3352
12550 16.81 18.22 0.00 6.9669 7.7950 7.7950
12575 17.10 18.55 0.00 6.7798 7.5465 7.5465
12600 17.10 18.55 0.00 6.7798 7.5465 7.5465
12625 17.37 18.88 0.00 7.9172 7.8117 7.8117
12650 17.82 19.38 0.00 11.7914 9.7882 9.7882
12675 17.82 19.38 0.00 11.7914 9.7882 9.7882
12700 18.32 20.09 0.00 13.7752 9.4033 9.4033
12725 18.97 21.05 0.00 16.8695 11.4962 11.4962
12750 19.64 22.11 0.00 16.8746 11.4647 11.4647
12775 19.64 22.11 0.00 16.8746 11.4647 11.4647
12800 20.36 23.29 0.00 19.1966 12.1895 12.1895
12825 21.12 24.55 0.00 20.0270 7.3099 7.3099
12850 21.12 24.55 0.00 20.0270 7.3099 7.3099
12875 22.00 25.81 0.00 22.7884 6.0079 6.0079
12900 22.92 27.03 0.00 23.2669 6.7089 6.7089
12925 22.92 27.03 0.00 23.2669 6.7089 6.7089
12950 23.80 28.05 0.00 20.2053 9.5423 9.5423
12975 24.51 28.85 0.00 16.1997 10.4614 10.4614
13000 24.51 28.85 0.00 16.1997 10.4614 10.4614
13025 25.05 29.55 0.00 11.4237 9.7796 9.7796
13050 25.38 30.17 0.00 6.1366 7.7163 7.7163
13075 25.55 30.69 0.00 3.6994 6.5952 6.5952
13100 25.55 30.69 0.00 3.6994 6.5952 6.5952
13125 25.68 31.14 0.00 2.9220 4.8982 4.8982
13150 25.68 31.14 0.00 2.9220 4.8982 4.8982
13175 25.79 31.43 0.00 2.4487 4.7048 4.7048
13200 25.88 31.64 0.00 2.1291 3.5804 3.5804
13225 25.92 31.78 0.00 0.3758 -0.0826 -0.0826
13250 25.97 31.87 0.00 2.7490 2.6148 2.6148
13275 25.97 31.87 0.00 2.7490 2.6148 2.6148
13300 26.08 32.04 0.00 2.3742 0.5867 0.5867
13325 26.18 32.24 0.00 2.5384 1.0960 1.0960
13350 26.18 32.24 0.00 2.5384 1.0960 1.0960
13375 26.27 32.39 0.00 3.0665 2.0690 2.0690
13400 26.40 32.56 0.00 3.7321 2.3560 2.3560
13425 26.40 32.56 0.00 3.7321 2.3560 2.3560
13450 26.58 32.75 0.00 4.8108 3.4127 3.4127
13475 26.78 32.91 0.00 5.5033 4.2632 4.2632
13500 26.78 32.91 0.00 5.5033 4.2632 4.2632
13525 26.99 33.00 0.00 4.8447 3.4831 3.4831
13550 27.21 33.12 0.00 5.8073 3.7322 3.7322
13575 27.21 33.12 0.00 5.8073 3.7322 3.7322
13600 27.46 33.24 0.00 6.9517 4.0909 4.0909
13625 27.78 33.38 0.00 8.1401 5.4946 5.4946
13650 28.12 33.58 0.00 9.6171 6.4179 6.4179
13675 28.12 33.58 0.00 9.6171 6.4179 6.4179
13700 28.54 33.88 0.00 10.6107 6.2856 6.2856
13725 28.98 34.25 0.00 11.1296 7.4100 7.4100
13750 29.47 34.67 0.00 13.2070 8.0668 8.0668
13775 29.47 34.67 0.00 13.2070 8.0668 8.0668
13800 30.07 35.20 0.00 15.7251 9.0230 9.0230
13825 30.76 35.84 0.00 18.1617 9.1834 9.1834
13850 30.76 35.84 0.00 18.1617 9.1834 9.1834
13875 31.50 36.62 0.00 18.4978 8.2365 8.2365
13900 32.30 37.39 0.00 20.8331 13.7372 13.7372
13925 33.14 38.34 0.00 20.9737 11.6439 11.6439
13950 33.14 38.34 0.00 20.9737 11.6439 11.6439
13975 34.02 39.55 0.00 22.8505 10.4666 10.4666
14000 34.02 39.55 0.00 22.8505 10.4666 10.4666
14025 34.95 40.84 0.00 22.4851 8.8559 8.8559
14050 35.79 41.84 0.00 20.5911 9.8100 9.8100
14075 36.60 42.95 0.00 19.5661 9.1927 9.1927
14100 36.60 42.95 0.00 19.5661 9.1927 9.1927
14125 37.31 44.01 0.00 17.5043 9.4875 9.4875
14150 38.00 44.99 0.00 16.7716 8.3903 8.3903
14175 38.00 44.99 0.00 16.7716 8.3903 8.3903
14200 38.50 45.76 0.00 16.7743 8.3952 8.3952
14225 39.19 46.74 0.00 17.8010 9.0897 9.0897
14250 39.97 47.80 0.00 20.0609 8.8446 8.8446
14275 39.97 47.80 0.00 20.0609 8.8446 8.8446
14300 40.90 48.77 0.00 26.1779 9.2449 9.2449
14325 42.06 49.82 0.00 30.0308 8.4449 8.4449
14350 42.06 49.82 0.00 30.0308 8.4449 8.4449
14375 43.31 50.88 0.00 31.4978 10.2682 10.2682
14400 44.58 51.89 0.00 32.4626 11.2134 11.2134
14425 44.58 51.89 0.00 32.4626 11.2134 11.2134
14450 45.95 53.06 0.00 36.0200 11.9928 11.9928
14475 47.47 54.51 0.00 38.3710 8.1116 8.1116
14500 49.07 55.89 0.00 40.6700 9.1916 9.1916
14525 49.07 55.89 0.00 40.6700 9.1916 9.1916
14550 50.70 57.05 0.00 39.4968 8.8135 8.8135
14575 52.18 58.30 0.00 36.1336 7.8544 7.8544
14600 52.18 58.30 0.00 36.1336 7.8544 7.8544
14625 53.56 59.62 0.00 32.8701 8.3298 8.3298
14650 54.68 60.86 0.00 25.1903 8.2041 8.2041
14675 54.68 60.86 0.00 25.1903 8.2041 8.2041
14700 55.59 62.10 0.00 20.6297 9.0347 9.0347
14725 56.34 63.47 0.00 18.2627 8.5598 8.5598
14750 56.34 63.47 0.00 18.2627 8.5598 8.5598
14775 57.03 64.76 0.00 15.9406 7.3085 7.3085
14800 57.62 65.97 0.00 14.9803 6.1120 6.1120
14825 58.27 67.23 0.00 16.9670 5.5344 5.5344
14850 58.27 67.23 0.00 16.9670 5.5344 5.5344
14875 59.00 68.54 0.00 19.0461 5.4339 5.4339
14900 59.61 69.58 0.00 21.4263 6.3982 6.3982
14925 59.61 69.58 0.00 21.4263 6.3982 6.3982
14950 60.49 71.00 0.00 22.6262 7.0703 7.0703
14975 61.45 72.47 0.00 23.8357 7.4735 7.4735
15000 62.37 73.82 0.00 23.0023 7.8496 7.8496
15025 62.37 73.82 0.00 23.0023 7.8496 7.8496
15050 63.27 75.14 0.00 22.3591 7.1196 7.1196
15075 64.18 76.39 0.00 22.7819 5.6704 5.6704
15100 64.18 76.39 0.00 22.7819 5.6704 5.6704
15125 65.07 77.52 0.00 22.1084 5.2060 5.2060
15150 66.00 78.38 0.00 23.7190 7.6276 7.6276
15175 66.00 78.38 0.00 23.7190 7.6276 7.6276
15200 67.00 79.06 0.00 25.9052 2.5726 2.5726
15225 68.06 79.70 0.00 26.4147 0.9503 0.9503
15250 68.06 79.70 0.00 26.4147 0.9503 0.9503
15275 69.02 80.26 0.00 22.6519 2.0153 2.0153
15300 69.93 80.90 0.00 22.5823 2.5252 2.5252
15325 70.87 81.62 0.00 24.1495 0.1904 0.1904
15350 70.87 81.62 0.00 24.1495 0.1904 0.1904
15375 71.86 82.30 0.00 25.6953 2.1623 2.1623
15400 72.98 82.87 0.00 29.8986 2.2347 2.2347
15425 72.98 82.87 0.00 29.8986 2.2347 2.2347
15450 74.30 83.44 0.00 36.0305 2.6711 2.6711
15475 75.99 83.96 0.00 44.7480 3.3032 3.3032
15500 75.99 83.96 0.00 44.7480 3.3032 3.3032
15525 77.90 84.55 0.00 49.6179 4.1965 4.1965
15550 79.85 85.24 0.00 47.5281 5.3172 5.3172
15575 81.65 86.00 0.00 42.9578 5.3657 5.3657
15600 81.65 86.00 0.00 42.9578 5.3657 5.3657
15625 82.76 86.42 0.00 33.4299 5.9841 5.9841
15650 83.87 86.98 0.00 13.9856 6.0370 6.0370
15675 83.87 86.98 0.00 13.9856 6.0370 6.0370
15700 84.08 87.24 0.00 1.3592 8.1770 8.1770
15725 84.00 87.31 0.00 -4.6525 8.2822 8.2822
15750 83.65 87.33 0.00 -10.8386 5.7462 5.7462
15775 83.65 87.33 0.00 -10.8386 5.7462 5.7462
15800 83.19 87.09 0.00 -11.8213 2.7490 2.7490
15825 82.70 86.80 0.00 -12.5926 0.4249 0.4249
15850 82.70 86.80 0.00 -12.5926 0.4249 0.4249
15875 82.14 86.50 0.00 -14.7524 1.3282 1.3282
15900 81.51 86.16 0.00 -16.1573 1.1097 1.1097
15925 80.90 85.82 0.00 -14.5716 2.6227 2.6227
15950 80.90 85.82 0.00 -14.5716 2.6227 2.6227
15975 80.36 85.44 0.00 -12.8276 0.4112 0.4112
16000 79.91 85.10 0.00 -9.7431 0.1802 0.1802
16025 79.91 85.10 0.00 -9.7431 0.1802 0.1802
16050 79.58 84.80 0.00 -6.9413 0.3989 0.3989
16075 79.32 84.60 0.00 -6.9902 0.3519 0.3519
16100 79.32 84.60 0.00 -6.9902 0.3519 0.3519
16125 79.00 84.41 0.00 -8.5938 2.5815 2.5815
16150 78.75 84.25 0.00 -3.8812 2.4723 2.4723
16175 78.71 84.06 0.00 0.5018 -0.3578 -0.3578
16200 78.71 84.06 0.00 0.5018 -0.3578 -0.3578
16225 78.73 83.90 0.00 0.1198 -0.8404 -0.8404
16250 78.69 83.75 0.00 -1.4054 0.5789 0.5789
16275 78.69 83.75 0.00 -1.4054 0.5789 0.5789
16300 78.64 83.61 0.00 -1.7710 2.5909 2.5909
16325 78.56 83.52 0.00 -1.0511 -0.7483 -0.7483
16350 78.56 83.52 0.00 -1.0511 -0.7483 -0.7483
16375 78.54 83.46 0.00 -0.5417 -0.7169 -0.7169
16400 78.49 83.40 0.00 -2.4745 -0.4556 -0.4556
16425 78.49 83.40 0.00 -2.4745 -0.4556 -0.4556
16450 78.39 83.38 0.00 -1.7497 1.3738 1.3738
16475 78.37 83.34 0.00 0.6348 1.8168 1.8168
16500 78.43 83.27 0.00 2.1743 3.1674 3.1674
16525 78.43 83.27 0.00 2.1743 3.1674 3.1674
16550 78.56 83.16 0.00 4.5412 2.5845 2.5845
16575 78.86 83.07 0.00 10.3504 4.5107 4.5107
16600 78.86 83.07 0.00 10.3504 4.5107 4.5107
16625 79.47 82.96 0.00 18.2480 7.5281 7.5281
16650 80.46 82.82 0.00 30.0464 9.5478 9.5478
16675 80.46 82.82 0.00 30.0464 9.5478 9.5478
16700 82.13 82.59 0.00 47.7338 3.8059 3.8059
16725 84.06 82.33 0.00 47.5087 1.0620 1.0620
16750 85.77 82.09 0.00 38.0932 7.1796 7.1796
16775 85.77 82.09 0.00 38.0932 7.1796 7.1796
16800 86.91 81.94 0.00 22.2305 9.4600 9.4600
16825 87.37 81.81 0.00 4.9786 12.0624 12.0624
16850 87.37 81.81 0.00 4.9786 12.0624 12.0624
16875 87.27 81.73 0.00 -6.4858 12.6180 12.6180
16900 86.87 81.44 0.00 -12.3164 7.5651 7.5651
16925 86.87 81.44 0.00 -12.3164 7.5651 7.5651
16950 86.24 81.01 0.00 -16.8456 4.0711 4.0711
16975 85.71 80.52 0.00 -10.7579 4.9762 4.9762
17000 85.71 80.52 0.00 -10.7579 4.9762 4.9762
17025 85.37 79.92 0.00 -8.0589 5.8778 5.8778
17050 85.04 79.08 0.00 -7.5418 8.1299 8.1299
17075 84.75 78.15 0.00 -8.1170 6.7358 6.7358
17100 84.75 78.15 0.00 -8.1170 6.7358 6.7358
17125 84.26 77.11 0.00 -14.9181 6.9272 6.9272
17150 83.56 76.07 0.00 -18.3890 8.7923 8.7923
17175 83.56 76.07 0.00 -18.3890 8.7923 8.7923
17200 82.82 75.03 0.00 -18.0301 7.5583 7.5583
17225 82.32 74.26 0.00 -15.5498 6.2528 6.2528
17250 81.70 72.98 0.00 -10.6425 6.5044 6.5044
17275 81.70 72.98 0.00 -10.6425 6.5044 6.5044
17300 81.32 71.91 0.00 -8.1048 6.8170 6.8170
17325 81.32 71.91 0.00 -8.1048 6.8170 6.8170
17350 81.15 71.21 0.00 -5.3227 6.9760 6.9760
17375 80.92 70.28 0.00 -5.7024 5.9147 5.9147
17400 80.73 69.36 0.00 -3.9363 7.8626 7.8626
17425 80.61 68.58 0.00 -2.5930 6.3764 6.3764
17450 80.61 68.58 0.00 -2.5930 6.3764 6.3764
17475 80.44 67.83 0.00 -5.6357 5.2538 5.2538
17500 80.17 67.12 0.00 -6.3388 6.3405 6.3405
17525 80.17 67.12 0.00 -6.3388 6.3405 6.3405
17550 79.98 66.50 0.00 -3.8064 4.2594 4.2594
17575 79.85 65.93 0.00 -3.6034 2.4616 2.4616
17600 79.85 65.93 0.00 -3.6034 2.4616 2.4616
17625 79.70 65.40 0.00 -4.0853 5.6780 5.6780
17650 79.51 64.82 0.00 -5.0584 4.5911 4.5911
17675 79.51 64.82 0.00 -5.0584 4.5911 4.5911
17700 79.30 64.19 0.00 -4.9791 4.9757 4.9757
17725 79.09 63.62 0.00 -5.5797 5.1308 5.1308
17750 78.84 63.03 0.00 -5.8989 4.7559 4.7559
17775 78.84 63.03 0.00 -5.8989 4.7559 4.7559
17800 78.60 62.30 0.00 -6.5165 4.2274 4.2274
17825 78.32 61.54 0.00 -7.7168 3.7035 3.7035
17850 78.32 61.54 0.00 -7.7168 3.7035 3.7035
17875 77.98 60.75 0.00 -8.5481 3.1385 3.1385
17900 77.56 59.92 0.00 -11.3416 1.2380 1.2380
17925 77.56 59.92 0.00 -11.3416 1.2380 1.2380
17950 77.09 59.00 0.00 -11.7985 2.2480 2.2480
17975 76.68 58.15 0.00 -9.2365 3.1094 3.1094
18000 76.33 57.39 0.00 -9.0253 0.3284 0.3284
18025 76.33 57.39 0.00 -9.0253 0.3284 0.3284
18050 76.07 56.87 0.00 -7.9875 0.0420 0.0420
18075 75.79 56.30 0.00 -6.7246 -1.5118 -1.5118
18100 75.79 56.30 0.00 -6.7246 -1.5118 -1.5118
18125 75.55 55.83 0.00 -5.9508 -0.4451 -0.4451
18150 75.27 55.45 0.00 -6.8017 0.1638 0.1638
18175 75.03 55.10 0.00 -5.5697 0.6287 0.6287
18200 75.03 55.10 0.00 -5.5697 0.6287 0.6287
18225 74.86 54.66 0.00 -3.9595 -0.3365 -0.3365
18250 74.71 54.19 0.00 -3.1438 1.0472 1.0472
18275 74.71 54.19 0.00 -3.1438 1.0472 1.0472
18300 74.62 53.78 0.00 -1.9846 1.1200 1.1200
18325 74.56 53.41 0.00 -1.0208 1.8392 1.8392
18350 74.56 53.41 0.00 -1.0208 1.8392 1.8392
18375 74.56 53.08 0.00 0.6233 1.4023 1.4023
18400 74.62 52.84 0.00 1.4727 0.3505 0.3505
18425 74.65 52.73 0.00 0.2038 0.3915 0.3915
18450 74.65 52.73 0.00 0.2038 0.3915 0.3915
18475 74.58 52.59 0.00 -2.9714 0.9603 0.9603
18500 74.49 52.41 0.00 -0.8399 4.6912 4.6912
18525 74.49 52.41 0.00 -0.8399 4.6912 4.6912
18550 74.54 52.32 0.00 2.5834 1.9869 1.9869
18575 74.69 52.42 0.00 3.5579 -0.9540 -0.9540
18600 74.69 52.42 0.00 3.5579 -0.9540 -0.9540
18625 74.82 52.58 0.00 2.9068 -0.9308 -0.9308
18650 74.90 52.74 0.00 1.9388 -0.1519 -0.1519
18675 74.93 52.83 0.00 0.0150 0.4474 0.4474
18700 74.93 52.83 0.00 0.0150 0.4474 0.4474
18725 74.86 52.74 0.00 -2.4557 1.8888 1.8888
18750 74.86 52.74 0.00 -2.4557 1.8888 1.8888
18775 74.69 52.40 0.00 -3.7335 1.0099 1.0099
18800 74.58 52.09 0.00 -3.1064 1.2217 1.2217
18825 74.51 51.62 0.00 -1.7856 2.4597 2.4597
18850 74.51 51.62 0.00 -1.7856 2.4597 2.4597
18875 74.41 51.11 0.00 -2.7437 2.7408 2.7408
18900 74.23 50.45 0.00 -5.8202 3.5225 3.5225
18925 73.93 49.62 0.00 -7.6525 3.8217 3.8217
18950 73.93 49.62 0.00 -7.6525 3.8217 3.8217
18975 73.66 48.63 0.00 -6.6358 1.5791 1.5791
19000 73.44 47.75 0.00 -4.7553 0.2401 0.2401
19025 73.44 47.75 0.00 -4.7553 0.2401 0.2401
19050 73.22 46.83 0.00 -6.2444 -0.1318 -0.1318
19075 73.01 45.95 0.00 -3.7435 3.7140 3.7140
19100 73.01 45.95 0.00 -3.7435 3.7140 3.7140
19125 72.88 45.32 0.00 -3.8327 2.6371 2.6371
19150 72.65 44.77 0.00 -6.7933 1.3946 1.3946
19175 72.65 44.77 0.00 -6.7933 1.3946 1.3946
19200 72.35 44.39 0.00 -8.2689 0.1424 0.1424
19225 71.99 44.18 0.00 -9.2032 -1.8721 -1.8721
19250 71.62 43.97 0.00 -8.5006 -2.5946 -2.5946
19275 71.62 43.97 0.00 -8.5006 -2.5946 -2.5946
19300 71.35 43.68 0.00 -5.6416 -1.1067 -1.1067
19325 71.16 43.37 0.00 -4.8411 -1.9525 -1.9525
19350 71.16 43.37 0.00 -4.8411 -1.9525 -1.9525
19375 70.96 43.12 0.00 -5.0920 -0.9100 -0.9100
19400 70.75 42.83 0.00 -5.7502 0.3177 0.3177
19425 70.75 42.83 0.00 -5.7502 0.3177 0.3177
19450 70.47 42.50 0.00 -7.4956 0.2888 0.2888
19475 70.13 42.03 0.00 -9.3931 -0.3939 -0.3939
19500 70.13 42.03 0.00 -9.3931 -0.3939 -0.3939
19525 69.73 41.54 0.00 -10.3412 -2.1053 -2.1053
19550 69.42 41.06 0.00 -9.6987 -3.0062 -3.0062
19575 69.08 40.36 0.00 -7.6778 -2.6142 -2.6142
19600 68.82 39.61 0.00 -6.3469 -1.3107 -1.3107
19625 68.82 39.61 0.00 -6.3469 -1.3107 -1.3107
19650 68.55 39.06 0.00 -6.9595 -0.9687 -0.9687
19675 68.30 38.63 0.00 -5.7795 0.6019 0.6019
19700 68.30 38.63 0.00 -5.7795 0.6019 0.6019
19725 68.06 38.49 0.00 -5.6327 -4.5818 -4.5818
19750 67.88 38.57 0.00 -3.3635 -5.2821 -5.2821
19775 67.88 38.57 0.00 -3.3635 -5.2821 -5.2821
19800 67.78 38.81 0.00 -3.0781 -5.6751 -5.6751
19825 67.65 39.12 0.00 -3.1356 -4.1890 -4.1890
19850 67.65 39.12 0.00 -3.1356 -4.1890 -4.1890
19875 67.51 39.41 0.00 -3.8923 -4.5403 -4.5403
19900 67.38 39.66 0.00 -2.4718 -3.5537 -3.5537
19925 67.38 39.66 0.00 -2.4718 -3.5537 -3.5537
19950 67.29 39.91 0.00 -1.6902 -4.7908 -4.7908
19975 67.26 40.28 0.00 -0.6280 -3.0472 -3.0472
20000 67.24 40.86 0.00 -0.9881 -2.6672 -2.6672
20025 67.24 40.86 0.00 -0.9881 -2.6672 -2.6672
20050 67.17 41.79 0.00 -1.8154 -3.5513 -3.5513
20075 67.09 43.05 0.00 -1.8493 -6.3963 -6.3963
20100 67.09 43.05 0.00 -1.8493 -6.3963 -6.3963
20125 67.02 44.69 0.00 -1.8074 -8.9790 -8.9790
20150 66.93 46.54 0.00 -2.8385 -10.2038 -10.2038
20175 66.93 46.54 0.00 -2.8385 -10.2038 -10.2038
20200 66.79 48.21 0.00 -3.7317 -8.4886 -8.4886
20225 66.59 49.62 0.00 -6.0456 -8.1614 -8.1614
20250 66.30 50.72 0.00 -7.6791 -5.2476 -5.2476
20275 66.30 50.72 0.00 -7.6791 -5.2476 -5.2476
20300 65.98 51.56 0.00 -7.8172 -4.1958 -4.1958
20325 65.68 52.11 0.00 -7.6488 -6.0129 -6.0129
20350 65.68 52.11 0.00 -7.6488 -6.0129 -6.0129
20375 65.37 52.46 0.00 -8.0580 -6.2348 -6.2348
20400 65.09 52.63 0.00 -10.9476 -5.9464 -5.9464
20425 64.53 52.80 0.00 -14.8887 -4.4037 -4.4037
20450 64.53 52.80 0.00 -14.8887 -4.4037 -4.4037
20475 63.82 52.85 0.00 -20.4722 -5.4655 -5.4655
20500 63.82 52.85 0.00 -20.4722 -5.4655 -5.4655
20525 62.83 52.78 0.00 -27.3661 -6.4342 -6.4342
20550 61.55 52.62 0.00 -34.4137 -8.0619 -8.0619
20575 60.09 52.43 0.00 -38.4364 -8.4348 -8.4348
20600 58.40 52.35 0.00 -44.2517 -9.1664 -9.1664
20625 58.40 52.35 0.00 -44.2517 -9.1664 -9.1664
20650 56.54 52.49 0.00 -47.6725 -9.7055 -9.7055
20675 54.59 52.93 0.00 -48.4280 -12.2521 -12.2521
20700 54.59 52.93 0.00 -48.4280 -12.2521 -12.2521
20725 52.69 53.67 0.00 -46.7859 -14.2759 -14.2759
20750 50.82 54.72 0.00 -47.5606 -15.6956 -15.6956
20775 48.99 55.98 0.00 -43.8671 -12.8040 -12.8040
20800 48.99 55.98 0.00 -43.8671 -12.8040 -12.8040
20825 47.36 57.26 0.00 -37.0148 -13.0475 -13.0475
20850 46.05 58.53 0.00 -30.2916 -16.1540 -16.1540
20875 46.05 58.53 0.00 -30.2916 -16.1540 -16.1540
20900 44.97 59.82 0.00 -24.8604 -13.6616 -13.6616
20925 44.11 61.19 0.00 -19.7197 -12.5320 -12.5320
20950 44.11 61.19 0.00 -19.7197 -12.5320 -12.5320
20975 43.32 62.48 0.00 -19.9869 -12.9523 -12.9523
21000 42.53 63.69 0.00 -18.5947 -12.0922 -12.0922
21025 42.53 63.69 0.00 -18.5947 -12.0922 -12.0922
21050 41.99 64.57 0.00 -18.1806 -12.6615 -12.6615
21075 41.99 64.57 0.00 -18.1806 -12.6615 -12.6615
21100 41.25 65.60 0.00 -18.9087 -13.9762 -13.9762
21125 40.49 66.56 0.00 -19.0352 -14.5042 -14.5042
21150 39.70 67.49 0.00 -20.2990 -15.5258 -15.5258
21175 38.87 68.37 0.00 -20.2207 -15.2264 -15.2264
21200 38.87 68.37 0.00 -20.2207 -15.2264 -15.2264
21225 38.09 69.22 0.00 -19.2655 -14.5464 -14.5464
21250 37.28 70.06 0.00 -21.0990 -13.2149 -13.2149
21275 37.28 70.06 0.00 -21.0990 -13.2149 -13.2149
21300 36.50 70.86 0.00 -18.2988 -12.3108 -12.3108
21325 35.80 71.64 0.00 -16.8099 -14.7045 -14.7045
21350 35.11 72.41 0.00 -17.9217 -12.9987 -12.9987
21375 35.11 72.41 0.00 -17.9217 -12.9987 -12.9987
21400 34.43 73.23 0.00 -15.8423 -10.6029 -10.6029
21425 34.43 73.23 0.00 -15.8423 -10.6029 -10.6029
21450 33.89 74.05 0.00 -13.1601 -10.0892 -10.0892
21475 33.34 74.84 0.00 -14.2764 -10.0835 -10.0835
21500 32.82 75.54 0.00 -12.2379 -6.6934 -6.6934
21525 32.82 75.54 0.00 -12.2379 -6.6934 -6.6934
21550 32.31 76.17 0.00 -13.0734 -5.7285 -5.7285
21575 31.74 76.81 0.00 -15.0289 -4.3258 -4.3258
21600 31.74 76.81 0.00 -15.0289 -4.3258 -4.3258
21625 31.16 77.36 0.00 -13.3079 -2.2329 -2.2329
21650 30.69 77.85 0.00 -11.1815 -3.9099 -3.9099
21675 30.13 78.37 0.00 -16.1970 -3.2567 -3.2567
21700 30.13 78.37 0.00 -16.1970 -3.2567 -3.2567
21725 29.47 78.80 0.00 -16.2163 -0.9124 -0.9124
21750 28.78 79.18 0.00 -17.9991 -3.2459 -3.2459
21775 28.78 79.18 0.00 -17.9991 -3.2459 -3.2459
21800 28.07 79.52 0.00 -17.5581 -3.1442 -3.1442
21825 27.37 79.79 0.00 -17.0045 -2.2971 -2.2971
21850 26.71 79.98 0.00 -17.0523 -1.3175 -1.3175
21875 26.71 79.98 0.00 -17.0523 -1.3175 -1.3175
21900 26.05 80.12 0.00 -16.2788 -0.6766 -0.6766
21925 25.36 80.25 0.00 -17.1903 -1.5794 -1.5794
21950 25.36 80.25 0.00 -17.1903 -1.5794 -1.5794
21975 24.86 80.32 0.00 -16.5973 -1.8391 -1.8391
22000 24.27 80.38 0.00 -13.2246 -2.2479 -2.2479
22025 23.86 80.45 0.00 -8.6874 -4.1401 -4.1401
22050 23.86 80.45 0.00 -8.6874 -4.1401 -4.1401
22075 23.54 80.50 0.00 -8.1698 -4.4665 -4.4665
22100 23.22 80.53 0.00 -6.6951 -4.9039 -4.9039
22125 23.22 80.53 0.00 -6.6951 -4.9039 -4.9039
22150 23.07 80.55 0.00 -2.3056 -3.0647 -3.0647
22175 22.98 80.61 0.00 -2.9228 -4.6550 -4.6550
22200 22.98 80.61 0.00 -2.9228 -4.6550 -4.6550
22225 22.87 80.65 0.00 -2.2195 -2.9213 -2.9213
22250 22.74 80.73 0.00 -4.4593 -3.5773 -3.5773
22275 22.74 80.73 0.00 -4.4593 -3.5773 -3.5773
22300 22.51 80.85 0.00 -6.2704 -2.8170 -2.8170
22325 22.15 81.04 0.00 -10.6782 -5.2715 -5.2715
22350 21.51 81.31 0.00 -21.6530 -2.0489 -2.0489
22375 21.51 81.31 0.00 -21.6530 -2.0489 -2.0489
22400 20.15 81.62 0.00 -42.2223 4.7289 4.7289
22425 18.26 82.02 0.00 -49.1095 12.1623 12.1623
22450 18.26 82.02 0.00 -49.1095 12.1623 12.1623
22475 16.46 82.42 0.00 -41.1023 8.1372 8.1372
22500 15.06 82.79 0.00 -30.6014 4.6754 4.6754
22525 15.06 82.79 0.00 -30.6014 4.6754 4.6754
22550 14.25 83.03 0.00 -13.1157 1.8207 1.8207
22575 14.08 83.23 0.00 -0.5892 -2.4281 -2.4281
22600 14.25 83.39 0.00 7.8133 -1.1715 -1.1715
22625 14.25 83.39 0.00 7.8133 -1.1715 -1.1715
22650 14.71 83.56 0.00 13.3719 -0.2334 -0.2334
22675 14.71 83.56 0.00 13.3719 -0.2334 -0.2334
22700 15.29 83.76 0.00 15.0306 -1.6162 -1.6162
22725 15.76 83.87 0.00 15.4502 -1.8813 -1.8813
22750 16.39 83.93 0.00 15.6620 0.9890 0.9890
22775 16.39 83.93 0.00 15.6620 0.9890 0.9890
22800 16.99 83.99 0.00 14.7112 0.5934 0.5934
22825 17.55 84.04 0.00 13.5396 1.5109 1.5109
22850 18.09 84.01 0.00 12.7341 1.2871 1.2871
22875 18.09 84.01 0.00 12.7341 1.2871 1.2871
22900 18.53 83.91 0.00 9.2185 2.5941 2.5941
22925 18.80 83.77 0.00 5.9168 2.9992 2.9992
22950 18.80 83.77 0.00 5.9168 2.9992 2.9992
22975 18.99 83.54 0.00 3.9121 1.9711 1.9711
23000 19.08 83.29 0.00 1.0525 2.0290 2.0290
23025 19.08 83.29 0.00 1.0525 2.0290 2.0290
23050 19.08 83.01 0.00 -0.2836 2.3215 2.3215
23075 19.08 82.73 0.00 0.4037 1.2559 1.2559
23100 19.08 82.73 0.00 0.4037 1.2559 1.2559
23125 19.10 82.48 0.00 0.0679 0.5548 0.5548
23150 19.08 82.24 0.00 -0.5314 1.0661 1.0661
23175 19.04 82.04 0.00 -1.3375 0.6748 0.6748
23200 19.04 82.04 0.00 -1.3375 0.6748 0.6748
23225 18.97 81.84 0.00 -2.1646 -0.5307 -0.5307
23250 18.91 81.67 0.00 -1.3239 -2.1087 -2.1087
23275 18.91 81.67 0.00 -1.3239 -2.1087 -2.1087
23300 18.85 81.51 0.00 -1.2127 -3.7317 -3.7317
23325 18.85 81.34 0.00 1.0228 -0.1266 -0.1266
23350 18.85 81.34 0.00 1.0228 -0.1266 -0.1266
23375 18.93 81.17 0.00 2.6524 -2.0247 -2.0247
23400 19.10 81.09 0.00 4.4292 -2.1958 -2.1958
23425 19.10 81.09 0.00 4.4292 -2.1958 -2.1958
23450 19.24 81.08 0.00 2.9154 -2.2080 -2.2080
23475 19.33 81.08 0.00 2.3575 -1.1630 -1.1630
23500 19.41 81.09 0.00 2.4595 -1.3618 -1.3618
23525 19.41 81.09 0.00 2.4595 -1.3618 -1.3618
23550 19.52 81.05 0.00 3.0246 -1.6616 -1.6616
23575 19.64 80.97 0.00 3.0830 -1.3857 -1.3857
23600 19.81 80.83 0.00 4.5289 -0.6565 -0.6565
23625 19.81 80.83 0.00 4.5289 -0.6565 -0.6565
23650 20.02 80.66 0.00 5.7247 0.0799 0.0799
23675 20.25 80.50 0.00 6.1551 1.4238 1.4238
23700 20.25 80.50 0.00 6.1551 1.4238 1.4238
23725 20.55 80.33 0.00 8.3326 1.3114 1.3114
23750 20.89 80.18 0.00 8.2688 0.7404 0.7404
23775 20.89 80.18 0.00 8.2688 0.7404 0.7404
23800 21.19 80.04 0.00 7.0087 1.8835 1.8835
23825 21.50 79.85 0.00 8.6229 2.1855 2.1855
23850 21.50 79.85 0.00 8.6229 2.1855 2.1855
23875 21.89 79.65 0.00 11.0766 1.3966 1.3966
23900 22.46 79.43 0.00 15.5795 0.3034 0.3034
23925 23.21 79.09 0.00 20.6730 3.9579 3.9579
23950 23.21 79.09 0.00 20.6730 3.9579 3.9579
23975 24.10 78.68 0.00 23.7728 3.9917 3.9917
24000 25.12 78.27 0.00 27.0651 4.4576 4.4576
24025 25.12 78.27 0.00 27.0651 4.4576 4.4576
24050 26.20 77.83 0.00 26.3373 3.9656 3.9656
24075 27.24 77.30 0.00 25.9178 5.5883 5.5883
24100 28.27 76.73 0.00 25.8032 5.2323 5.2323
24125 28.27 76.73 0.00 25.8032 5.2323 5.2323
24150 29.29 76.12 0.00 25.3176 4.0880 4.0880
24175 30.25 75.47 0.00 23.2300 4.8231 4.8231
24200 30.25 75.47 0.00 23.2300 4.8231 4.8231
24225 31.16 74.83 0.00 22.0626 6.4378 6.4378
24250 32.08 74.25 0.00 24.2754 6.1452 6.1452
24275 32.08 74.25 0.00 24.2754 6.1452 6.1452
24300 32.83 73.87 0.00 25.4347 4.4979 4.4979
24325 33.88 73.41 0.00 26.1897 4.3074 4.3074
24350 33.88 73.41 0.00 26.1897 4.3074 4.3074
24375 34.95 73.01 0.00 28.0246 4.7110 4.7110
24400 36.11 72.66 0.00 29.1067 3.9931 3.9931
24425 37.26 72.37 0.00 28.4012 5.0281 5.0281
24450 37.26 72.37 0.00 28.4012 5.0281 5.0281
24475 38.32 72.08 0.00 25.6643 5.4109 5.4109
24500 39.38 71.78 0.00 27.3044 7.7231 7.7231
24525 39.38 71.78 0.00 27.3044 7.7231 7.7231
24550 40.49 71.46 0.00 27.5388 5.5041 5.5041
24575 41.60 71.15 0.00 27.6831 5.2535 5.2535
24600 42.71 70.87 0.00 27.3548 6.7145 6.7145
24625 42.71 70.87 0.00 27.3548 6.7145 6.7145
24650 43.80 70.66 0.00 27.7603 7.0825 7.0825
24675 44.88 70.48 0.00 26.2569 5.5030 5.5030
24700 44.88 70.48 0.00 26.2569 5.5030 5.5030
24725 45.91 70.27 0.00 25.3548 6.6930 6.6930
24750 46.93 70.07 0.00 25.3946 6.0445 6.0445
24775 46.93 70.07 0.00 25.3946 6.0445 6.0445
24800 47.92 69.85 0.00 24.5504 5.4724 5.4724
24825 48.85 69.65 0.00 22.1480 7.3565 7.3565
24850 48.85 69.65 0.00 22.1480 7.3565 7.3565
24875 49.67 69.50 0.00 19.4418 9.1668 9.1668
24900 50.44 69.41 0.00 19.6388 9.0891 9.0891
24925 51.22 69.36 0.00 19.3136 6.9863 6.9863
24950 51.22 69.36 0.00 19.3136 6.9863 6.9863
24975 51.76 69.32 0.00 17.7817 5.9762 5.9762
25000 52.43 69.23 0.00 15.2598 5.4956 5.4956
25025 52.43 69.23 0.00 15.2598 5.4956 5.4956
25050 52.99 69.11 0.00 13.5752 4.9002 4.9002
25075 53.54 68.96 0.00 14.2874 5.6186 5.6186
25100 53.54 68.96 0.00 14.2874 5.6186 5.6186
25125 54.07 68.89 0.00 12.4090 4.3892 4.3892
25150 54.54 68.80 0.00 11.6739 5.3244 5.3244
25175 54.96 68.71 0.00 9.4307 4.6701 4.6701
25200 54.96 68.71 0.00 9.4307 4.6701 4.6701
25225 55.31 68.70 0.00 8.5204 5.7968 5.7968
25250 55.63 68.64 0.00 7.0699 4.8456 4.8456
25275 55.87 68.50 0.00 6.0586 6.2543 6.2543
25300 55.87 68.50 0.00 6.0586 6.2543 6.2543
25325 56.12 68.29 0.00 6.0520 5.3149 5.3149
25350 56.36 68.03 0.00 6.6254 5.7131 5.7131
25375 56.36 68.03 0.00 6.6254 5.7131 5.7131
25400 56.62 67.66 0.00 6.0480 6.7211 6.7211
25425 56.62 67.66 0.00 6.0480 6.7211 6.7211
25450 56.83 67.35 0.00 5.1759 6.2089 6.2089
25475 57.06 67.05 0.00 5.7517 5.6731 5.6731
25500 57.29 66.81 0.00 5.7104 4.9291 4.9291
25525 57.29 66.81 0.00 5.7104 4.9291 4.9291
25550 57.50 66.60 0.00 5.0359 4.2229 4.2229
25575 57.66 66.44 0.00 3.4392 2.9252 2.9252
25600 57.66 66.44 0.00 3.4392 2.9252 2.9252
25625 57.82 66.21 0.00 4.4736 3.8838 3.8838
25650 58.05 65.91 0.00 6.4948 5.0642 5.0642
25675 58.34 65.67 0.00 8.2303 2.8388 2.8388
25700 58.34 65.67 0.00 8.2303 2.8388 2.8388
25725 58.73 65.41 0.00 9.8631 3.3941 3.3941
25750 59.14 65.09 0.00 10.8684 3.5024 3.5024
25775 59.14 65.09 0.00 10.8684 3.5024 3.5024
25800 59.63 64.81 0.00 13.1446 4.5078 4.5078
25825 60.05 64.58 0.00 14.3348 3.8661 3.8661
25850 60.79 64.21 0.00 21.5119 4.2543 4.2543
25875 60.79 64.21 0.00 21.5119 4.2543 4.2543
25900 61.76 63.80 0.00 25.9274 2.1982 2.1982
25925 62.81 63.29 0.00 25.3137 3.6934 3.6934
25950 63.73 62.75 0.00 22.1584 7.0280 7.0280
25975 63.73 62.75 0.00 22.1584 7.0280 7.0280
26000 64.70 62.27 0.00 25.6796 7.1599 7.1599
26025 65.70 61.89 0.00 24.2212 6.2981 6.2981
26050 65.70 61.89 0.00 24.2212 6.2981 6.2981
26075 66.66 61.49 0.00 24.2358 8.1403 8.1403
26100 67.67 61.08 0.00 26.7510 6.9828 6.9828
26125 67.67 61.08 0.00 26.7510 6.9828 6.9828
26150 68.75 60.60 0.00 26.6075 5.5238 5.5238
26175 69.71 60.16 0.00 21.7322 6.7553 6.7553
26200 69.71 60.16 0.00 21.7322 6.7553 6.7553
26225 70.36 59.83 0.00 12.3078 9.1760 9.1760
26250 70.64 59.61 0.00 3.8400 6.5911 6.5911
26275 70.67 59.49 0.00 -1.2055 2.7253 2.7253
26300 70.67 59.49 0.00 -1.2055 2.7253 2.7253
26325 70.51 59.33 0.00 -5.3060 0.8968 0.8968
26350 70.27 59.17 0.00 -6.5403 1.0898 1.0898
26375 70.27 59.17 0.00 -6.5403 1.0898 1.0898
26400 70.00 59.00 0.00 -6.5302 1.6434 1.6434
26425 69.80 58.73 0.00 -4.3327 2.9928 2.9928
26450 69.64 58.46 0.00 -3.5393 1.8224 1.8224
26475 69.64 58.46 0.00 -3.5393 1.8224 1.8224
26500 69.56 58.23 0.00 -0.5058 2.7639 2.7639
26525 69.60 58.02 0.00 0.7949 2.1700 2.1700
26550 69.60 58.02 0.00 0.7949 2.1700 2.1700
26575 69.64 57.89 0.00 1.0143 2.4910 2.4910
26600 69.66 57.80 0.00 0.9722 2.7361 2.7361
26625 69.66 57.80 0.00 0.9722 2.7361 2.7361
26650 69.69 57.66 0.00 0.5205 1.2344 1.2344
26675 69.75 57.57 0.00 2.7707 2.6665 2.6665
26700 69.75 57.57 0.00 2.7707 2.6665 2.6665
26725 69.91 57.51 0.00 4.2327 3.6960 3.6960
26750 70.13 57.40 0.00 7.0393 4.9914 4.9914
26775 70.13 57.40 0.00 7.0393 4.9914 4.9914
26800 70.51 57.30 0.00 10.2224 5.9892 5.9892
26825 70.91 57.20 0.00 10.1802 3.8956 3.8956
26850 71.38 57.03 0.00 13.0853 5.0189 5.0189
26875 71.38 57.03 0.00 13.0853 5.0189 5.0189
26900 72.00 56.69 0.00 17.0349 3.5462 3.5462
26925 72.74 56.33 0.00 18.8958 1.1507 1.1507
26950 72.74 56.33 0.00 18.8958 1.1507 1.1507
26975 73.34 55.78 0.00 12.5511 3.2750 3.2750
27000 73.64 55.06 0.00 3.4185 4.7429 4.7429
27025 73.58 54.35 0.00 -3.8681 4.5796 4.5796
27050 73.58 54.35 0.00 -3.8681 4.5796 4.5796
27075 73.34 53.69 0.00 -7.4352 4.4564 4.4564
27100 72.98 53.17 0.00 -9.7847 1.9145 1.9145
27125 72.98 53.17 0.00 -9.7847 1.9145 1.9145
27150 72.52 52.80 0.00 -12.3160 0.0231 0.0231
27175 72.00 52.49 0.00 -12.7677 0.8270 0.8270
27200 71.51 52.17 0.00 -12.4583 -0.2503 -0.2503
27225 71.51 52.17 0.00 -12.4583 -0.2503 -0.2503
27250 71.04 51.81 0.00 -11.3418 -1.4697 -1.4697
27275 70.58 51.38 0.00 -11.4059 -2.9337 -2.9337
27300 70.58 51.38 0.00 -11.4059 -2.9337 -2.9337
27325 70.16 50.94 0.00 -9.2200 0.4821 0.4821
27350 69.93 50.58 0.00 -7.3551 0.6786 0.6786
27375 69.93 50.58 0.00 -7.3551 0.6786 0.6786
27400 69.69 50.11 0.00 -4.8928 -0.5696 -0.5696
27425 69.56 49.72 0.00 -2.3938 -0.2515 -0.2515
27450 69.56 49.72 0.00 -2.3938 -0.2515 -0.2515
27475 69.49 49.39 0.00 -1.2694 0.3025 0.3025
27500 69.47 49.19 0.00 -0.4898 0.7075 0.7075
27525 69.46 48.95 0.00 0.1922 2.0615 2.0615
27550 69.46 48.95 0.00 0.1922 2.0615 2.0615
27575 69.46 48.68 0.00 -0.4210 0.6462 0.6462
27600 69.42 48.37 0.00 -1.1733 0.2918 0.2918
27625 69.42 48.37 0.00 -1.1733 0.2918 0.2918
27650 69.35 48.11 0.00 -2.1701 0.2507 0.2507
27675 69.26 47.93 0.00 -2.7397 0.3784 0.3784
27700 69.15 47.79 0.00 -2.5732 -0.0854 -0.0854
27725 69.15 47.79 0.00 -2.5732 -0.0854 -0.0854
27750 69.04 47.68 0.00 -2.5051 -0.4254 -0.4254
27775 69.04 47.68 0.00 -2.5051 -0.4254 -0.4254
27800 68.93 47.54 0.00 -3.2842 -0.8467 -0.8467
27825 68.77 47.38 0.00 -4.4108 -1.5800 -1.5800
27850 68.55 47.22 0.00 -6.3328 -2.6689 -2.6689
27875 68.55 47.22 0.00 -6.3328 -2.6689 -2.6689
27900 68.28 46.99 0.00 -6.3992 -0.2744 -0.2744
27925 67.99 46.70 0.00 -7.9877 -1.5264 -1.5264
27950 67.99 46.70 0.00 -7.9877 -1.5264 -1.5264
27975 67.63 46.44 0.00 -9.5136 -3.3020 -3.3020
28000 67.22 46.12 0.00 -10.7016 -3.9755 -3.9755
28025 67.22 46.12 0.00 -10.7016 -3.9755 -3.9755
28050 66.81 45.79 0.00 -10.2322 -3.2047 -3.2047
28075 66.39 45.39 0.00 -10.4106 -2.7383 -2.7383
28100 65.95 44.78 0.00 -11.2238 -1.2300 -1.2300
28125 65.95 44.78 0.00 -11.2238 -1.2300 -1.2300
28150 65.50 44.05 0.00 -11.5791 -0.9488 -0.9488
28175 65.14 43.51 0.00 -11.7631 -2.0687 -2.0687
28200 65.14 43.51 0.00 -11.7631 -2.0687 -2.0687
28225 64.66 42.71 0.00 -11.7225 -2.4376 -2.4376
28250 64.27 41.82 0.00 -8.4561 -0.8009 -0.8009
28275 64.05 40.89 0.00 -3.6183 -2.0819 -2.0819
28300 64.05 40.89 0.00 -3.6183 -2.0819 -2.0819
28325 63.97 40.01 0.00 -2.0794 -3.7212 -3.7212
28350 63.86 39.22 0.00 -3.2489 -2.3046 -2.3046
28375 63.86 39.22 0.00 -3.2489 -2.3046 -2.3046
28400 63.73 38.41 0.00 -2.5395 -1.3770 -1.3770
28425 63.63 37.75 0.00 -2.5724 -2.6876 -2.6876
28450 63.52 37.35 0.00 -3.1669 -1.7560 -1.7560
28475 63.52 37.35 0.00 -3.1669 -1.7560 -1.7560
28500 63.38 37.13 0.00 -3.7608 -0.6454 -0.6454
28525 63.38 37.13 0.00 -3.7608 -0.6454 -0.6454
28550 63.20 37.00 0.00 -4.3641 -2.2736 -2.2736
28575 63.04 37.01 0.00 -3.8253 -3.2064 -3.2064
28600 62.90 37.09 0.00 -3.7189 -2.5742 -2.5742
28625 62.90 37.09 0.00 -3.7189 -2.5742 -2.5742
28650 62.74 37.21 0.00 -4.0736 -3.0651 -3.0651
28675 62.58 37.29 0.00 -4.0989 -2.5907 -2.5907
28700 62.58 37.29 0.00 -4.0989 -2.5907 -2.5907
28725 62.40 37.32 0.00 -4.8047 -2.3125 -2.3125
28750 62.19 37.29 0.00 -5.4032 -2.9315 -2.9315
28775 61.98 37.28 0.00 -5.4283 -2.4941 -2.4941
28800 61.98 37.28 0.00 -5.4283 -2.4941 -2.4941
28825 61.76 37.23 0.00 -5.3065 -2.2912 -2.2912
28850 61.76 37.23 0.00 -5.3065 -2.2912 -2.2912
28875 61.55 37.12 0.00 -5.2769 -3.1322 -3.1322
28900 61.39 37.05 0.00 -5.1830 -3.6534 -3.6534
28925 61.18 36.92 0.00 -5.4229 -3.1470 -3.1470
28950 61.18 36.92 0.00 -5.4229 -3.1470 -3.1470
28975 60.93 36.79 0.00 -7.1093 -4.0983 -4.0983
29000 60.56 36.60 0.00 -10.4012 -4.9733 -4.9733
29025 60.56 36.60 0.00 -10.4012 -4.9733 -4.9733
29050 60.05 36.36 0.00 -14.1897 -7.6970 -7.6970
29075 59.47 36.02 0.00 -13.7147 -5.5152 -5.5152
29100 59.47 36.02 0.00 -13.7147 -5.5152 -5.5152
29125 58.96 35.63 0.00 -13.2311 -6.2842 -6.2842
29150 58.38 35.14 0.00 -14.7644 -7.5258 -7.5258
29175 57.75 34.62 0.00 -17.5468 -8.6045 -8.6045
29200 57.75 34.62 0.00 -17.5468 -8.6045 -8.6045
29225 56.98 34.21 0.00 -20.3947 -9.7272 -9.7272
29250 56.03 33.88 0.00 -25.6296 -11.8784 -11.8784
29275 54.94 33.61 0.00 -28.6216 -10.5545 -10.5545
29300 54.94 33.61 0.00 -28.6216 -10.5545 -10.5545
29325 53.79 33.36 0.00 -28.1637 -11.7890 -11.7890
29350 52.81 33.13 0.00 -21.0159 -9.5979 -9.5979
29375 52.81 33.13 0.00 -21.0159 -9.5979 -9.5979
29400 52.18 33.00 0.00 -12.2980 -5.9249 -5.9249
29425 51.85 32.91 0.00 -5.3221 -3.3828 -3.3828
29450 51.85 32.91 0.00 -5.3221 -3.3828 -3.3828
29475 51.78 32.93 0.00 -0.5136 -1.8961 -1.8961
29500 51.80 33.06 0.00 1.2490 -0.6383 -0.6383
29525 51.80 33.06 0.00 1.2490 -0.6383 -0.6383
29550 51.87 33.22 0.00 1.8537 -0.2983 -0.2983
29575 51.99 33.37 0.00 3.2851 0.5601 0.5601
29600 52.09 33.51 0.00 2.8973 -1.3597 -1.3597
29625 52.09 33.51 0.00 2.8973 -1.3597 -1.3597
29650 52.20 33.57 0.00 1.9156 -0.6410 -0.6410
29675 52.25 33.62 0.00 0.5408 0.5490 0.5490
29700 52.25 33.62 0.00 0.5408 0.5490 0.5490
29725 52.23 33.70 0.00 -0.4631 -0.5523 -0.5523
29750 52.22 33.80 0.00 -0.1680 -0.2298 -0.2298
29775 52.23 33.84 0.00 0.8095 -0.1361 -0.1361
29800 52.23 33.84 0.00 0.8095 -0.1361 -0.1361
29825 52.30 33.90 0.00 1.6946 0.8306 0.8306
29850 52.32 33.88 0.00 0.2770 1.3160 1.3160
29875 52.32 33.88 0.00 0.2770 1.3160 1.3160
29900 52.29 33.72 0.00 -1.6313 1.9639 1.9639
29925 52.18 33.45 0.00 -3.1033 0.3773 0.3773
29950 52.06 33.14 0.00 -3.1831 0.8744 0.8744
29975 52.06 33.14 0.00 -3.1831 0.8744 0.8744
30000 51.92 32.79 0.00 -3.7336 0.6248 0.6248
30025 51.75 32.56 0.00 -4.5701 0.2061 0.2061
30050 51.75 32.56 0.00 -4.5701 0.2061 0.2061
30075 51.59 32.42 0.00 -3.6408 0.0150 0.0150
30100 51.59 32.42 0.00 -3.6408 0.0150 0.0150
30125 51.47 32.29 0.00 -2.8218 0.0204 0.0204
30150 51.34 31.97 0.00 -3.2081 0.2032 0.2032
30175 51.19 31.45 0.00 -5.0634 -0.5421 -0.5421
30200 51.19 31.45 0.00 -5.0634 -0.5421 -0.5421
30225 50.93 30.80 0.00 -7.2017 -2.6273 -2.6273
30250 50.66 30.09 0.00 -5.7452 1.4683 1.4683
30275 50.66 30.09 0.00 -5.7452 1.4683 1.4683
30300 50.45 29.31 0.00 -5.0467 0.0182 0.0182
30325 50.28 28.77 0.00 -3.9918 -2.1999 -2.1999
30350 50.14 28.55 0.00 -3.4819 -3.7554 -3.7554
30375 50.14 28.55 0.00 -3.4819 -3.7554 -3.7554
30400 50.00 28.51 0.00 -3.1276 -2.9243 -2.9243
30425 49.90 28.65 0.00 -2.0221 -2.9524 -2.9524
30450 49.88 28.81 0.00 -0.3084 -2.0828 -2.0828
30475 49.88 28.81 0.00 -0.3084 -2.0828 -2.0828
30500 49.90 29.03 0.00 0.4011 -2.5469 -2.5469
30525 49.86 29.21 0.00 -1.0758 -3.8018 -3.8018
30550 49.86 29.21 0.00 -1.0758 -3.8018 -3.8018
30575 49.81 29.45 0.00 -1.6637 -2.8562 -2.8562
30600 49.76 29.71 0.00 -1.0530 -1.6283 -1.6283
30625 49.76 29.71 0.00 -1.0530 -1.6283 -1.6283
30650 49.74 29.89 0.00 0.0737 -0.7411 -0.7411
30675 49.74 30.07 0.00 -0.1292 -1.6742 -1.6742
30700 49.70 30.23 0.00 -1.1565 -1.7463 -1.7463
30725 49.70 30.23 0.00 -1.1565 -1.7463 -1.7463
30750 49.62 30.42 0.00 -2.7404 -1.5194 -1.5194
30775 49.62 30.42 0.00 -2.7404 -1.5194 -1.5194
30800 49.48 30.62 0.00 -4.1523 -2.4249 -2.4249
30825 49.28 30.78 0.00 -5.6972 -3.0233 -3.0233
30850 49.04 30.92 0.00 -5.8305 1.0379 1.0379
30875 49.04 30.92 0.00 -5.8305 1.0379 1.0379
30900 48.81 31.17 0.00 -5.3676 -1.9212 -1.9212
30925 48.66 31.62 0.00 -2.7611 -2.4001 -2.4001
30950 48.59 32.19 0.00 -1.8555 -3.6704 -3.6704
30975 48.59 32.19 0.00 -1.8555 -3.6704 -3.6704
31000 48.52 32.91 0.00 -1.8503 -2.7455 -2.7455
31025 48.38 33.86 0.00 -4.0352 -4.1216 -4.1216
31050 48.38 33.86 0.00 -4.0352 -4.1216 -4.1216
31075 48.18 34.84 0.00 -5.2744 -3.3637 -3.3637
31100 47.96 35.88 0.00 -5.1158 -2.1604 -2.1604
31125 47.96 35.88 0.00 -5.1158 -2.1604 -2.1604
31150 47.84 36.83 0.00 -1.9080 -0.3959 -0.3959
31175 47.85 37.72 0.00 1.7128 0.0556 0.0556
31200 47.85 37.72 0.00 1.7128 0.0556 0.0556
31225 47.94 38.37 0.00 3.5592 0.4616 0.4616
31250 48.13 39.22 0.00 5.0850 0.8951 0.8951
31275 48.13 39.22 0.00 5.0850 0.8951 0.8951
31300 48.32 40.06 0.00 4.7216 0.8008 0.8008
31325 48.50 40.83 0.00 4.1239 0.7212 0.7212
31350 48.50 40.83 0.00 4.1239 0.7212 0.7212
31375 48.66 41.54 0.00 4.1164 1.4479 1.4479
31400 48.83 42.09 0.00 3.9185 0.1529 0.1529
31425 48.99 42.52 0.00 4.1765 0.4154 0.4154
31450 48.99 42.52 0.00 4.1765 0.4154 0.4154
31475 49.20 42.89 0.00 5.5067 3.2664 3.2664
31500 49.39 43.31 0.00 4.4560 0.8886 0.8886
31525 49.56 43.72 0.00 4.1678 1.1864 1.1864
31550 49.56 43.72 0.00 4.1678 1.1864 1.1864
31575 49.70 44.16 0.00 3.0720 0.3651 0.3651
31600 49.79 44.71 0.00 1.6010 -0.3655 -0.3655
31625 49.79 44.71 0.00 1.6010 -0.3655 -0.3655
31650 49.83 45.24 0.00 0.3930 -0.9221 -0.9221
31675 49.84 45.70 0.00 0.4587 -1.1003 -1.1003
31700 49.84 45.70 0.00 0.4587 -1.1003 -1.1003
31725 49.84 46.11 0.00 0.3047 -1.4244 -1.4244
31750 49.88 46.51 0.00 0.8364 -0.4625 -0.4625
31775 49.88 46.51 0.00 0.8364 -0.4625 -0.4625
31800 49.91 46.91 0.00 1.1722 0.1060 0.1060
31825 49.97 47.35 0.00 1.4689 0.2210 0.2210
31850 50.03 47.89 0.00 1.7678 -0.1527 -0.1527
31875 50.03 47.89 0.00 1.7678 -0.1527 -0.1527
31900 50.12 48.51 0.00 1.9597 -0.2077 -0.2077
31925 50.21 49.21 0.00 2.2103 -1.2095 -1.2095
