%#        Time[ms]        X[pixel],        Y[pixel],        Z[pixel],  dX/dt[pixel/s],  dY/dt[pixel/s],  dZ/dt[pixel/s] 
0 50.00 50.00 0.00 22.0849 -99.6528 -99.6528
25 50.80 48.54 0.00 17.6140 -41.1138 -41.1138
50 51.17 48.10 0.00 2.4312 34.4734 34.4734
75 50.82 48.78 0.00 -14.2465 77.1821 77.1821
100 50.82 48.78 0.00 -14.2465 77.1821 77.1821
125 50.14 50.28 0.00 -19.0728 108.6508 108.6508
150 50.14 50.28 0.00 -19.0728 108.6508 108.6508
175 49.13 52.37 0.00 -30.2735 112.3872 112.3872
200 47.75 54.43 0.00 -37.2701 112.0085 112.0085
225 46.16 56.35 0.00 -40.7945 111.1996 111.1996
250 45.00 57.49 0.00 -36.4820 108.5713 108.5713
275 45.00 57.49 0.00 -36.4820 108.5713 108.5713
300 43.71 58.84 0.00 -30.9254 105.4806 105.4806
325 43.71 58.84 0.00 -30.9254 105.4806 105.4806
350 42.76 60.00 0.00 -18.3481 97.9166 97.9166
375 42.09 60.96 0.00 -13.2410 64.4720 64.4720
400 41.67 61.23 0.00 -13.5217 43.2110 43.2110
425 41.67 61.23 0.00 -13.5217 43.2110 43.2110
450 41.27 61.05 0.00 -8.6266 26.2020 26.2020
475 41.00 60.72 0.00 -3.8469 11.5075 11.5075
500 41.00 60.72 0.00 -3.8469 11.5075 11.5075
525 41.15 60.72 0.00 6.8257 0.1736 0.1736
550 41.48 61.17 0.00 9.1376 -2.9064 -2.9064
575 41.88 61.63 0.00 10.8275 0.0700 0.0700
600 41.88 61.63 0.00 10.8275 0.0700 0.0700
625 42.27 61.72 0.00 7.6957 3.2408 3.2408
650 42.62 61.44 0.00 11.0518 13.0003 13.0003
675 42.62 61.44 0.00 11.0518 13.0003 13.0003
700 43.20 60.90 0.00 16.6498 16.9121 16.9121
725 44.01 60.27 0.00 23.0376 20.1241 20.1241
750 45.23 59.85 0.00 34.8341 19.2856 19.2856
775 45.23 59.85 0.00 34.8341 19.2856 19.2856
800 46.67 59.45 0.00 35.3060 15.1450 15.1450
825 46.67 59.45 0.00 35.3060 15.1450 15.1450
850 47.96 58.47 0.00 29.5592 15.2794 15.2794
875 48.94 57.30 0.00 20.4145 13.6943 13.6943
900 49.56 56.49 0.00 13.2904 9.3260 9.3260
925 49.56 56.49 0.00 13.2904 9.3260 9.3260
950 49.95 55.81 0.00 7.8268 3.0489 3.0489
975 50.16 55.48 0.00 4.4002 2.0357 2.0357
1000 50.16 55.48 0.00 4.4002 2.0357 2.0357
1025 50.28 54.91 0.00 2.5187 3.5441 3.5441
1050 50.42 54.01 0.00 4.6697 5.7657 5.7657
1075 50.42 54.01 0.00 4.6697 5.7657 5.7657
1100 50.72 53.14 0.00 8.5105 7.0706 7.0706
1125 50.98 52.29 0.00 9.5842 5.7217 5.7217
1150 51.43 51.44 0.00 11.3822 8.0894 8.0894
1175 51.43 51.44 0.00 11.3822 8.0894 8.0894
1200 51.85 51.08 0.00 10.0728 6.1906 6.1906
1225 52.20 50.82 0.00 8.6471 4.6232 4.6232
1250 52.20 50.82 0.00 8.6471 4.6232 4.6232
1275 52.60 50.81 0.00 10.9274 6.3258 6.3258
1300 53.07 50.81 0.00 12.0442 7.7577 7.7577
1325 53.56 50.78 0.00 13.4912 10.3081 10.3081
1350 53.56 50.78 0.00 13.4912 10.3081 10.3081
1375 54.14 50.83 0.00 14.1790 9.8986 9.8986
1400 54.70 50.84 0.00 14.3758 7.2800 7.2800
1425 54.70 50.84 0.00 14.3758 7.2800 7.2800
1450 55.24 50.87 0.00 11.8604 4.5630 4.5630
1475 55.63 50.99 0.00 9.4555 3.5155 3.5155
1500 56.01 51.10 0.00 9.4065 3.5164 3.5164
1525 56.01 51.10 0.00 9.4065 3.5164 3.5164
1550 56.34 51.11 0.00 7.6804 3.9593 3.9593
1575 56.57 50.90 0.00 4.0181 4.6334 4.6334
1600 56.57 50.90 0.00 4.0181 4.6334 4.6334
1625 56.66 50.60 0.00 1.3064 6.3117 6.3117
1650 56.69 50.17 0.00 0.6473 4.6377 4.6377
1675 56.69 50.17 0.00 0.6473 4.6377 4.6377
1700 56.76 49.73 0.00 2.5120 5.2045 5.2045
1725 56.92 49.28 0.00 4.6048 7.2499 7.2499
1750 56.92 49.28 0.00 4.6048 7.2499 7.2499
1775 57.13 49.00 0.00 5.8243 8.1011 8.1011
1800 57.36 48.75 0.00 5.2098 7.7216 7.7216
1825 57.55 48.54 0.00 4.2162 7.3392 7.3392
1850 57.55 48.54 0.00 4.2162 7.3392 7.3392
1875 57.69 48.35 0.00 3.1602 5.6581 5.6581
1900 57.82 48.17 0.00 3.3067 6.1693 6.1693
1925 57.82 48.17 0.00 3.3067 6.1693 6.1693
1950 57.92 48.12 0.00 3.7409 5.1411 5.1411
1975 58.15 48.05 0.00 9.0680 9.0567 9.0567
2000 58.59 48.08 0.00 11.0540 6.9342 6.9342
2025 58.59 48.08 0.00 11.0540 6.9342 6.9342
2050 59.03 48.10 0.00 11.9657 4.7788 4.7788
2075 59.03 48.10 0.00 11.9657 4.7788 4.7788
2100 59.58 48.04 0.00 14.4680 2.5921 2.5921
2125 60.14 48.10 0.00 13.4896 2.1239 2.1239
2150 60.65 48.18 0.00 12.6574 2.5646 2.5646
2175 60.65 48.18 0.00 12.6574 2.5646 2.5646
2200 61.20 48.11 0.00 14.5760 2.0021 2.0021
2225 61.82 48.00 0.00 15.7111 1.5009 1.5009
2250 61.82 48.00 0.00 15.7111 1.5009 1.5009
2275 62.42 47.97 0.00 14.7299 4.4673 4.4673
2300 62.95 47.84 0.00 12.1169 6.8953 6.8953
2325 62.95 47.84 0.00 12.1169 6.8953 6.8953
2350 63.33 47.51 0.00 7.4618 5.9387 5.9387
2375 63.52 47.21 0.00 3.2314 7.2438 7.2438
2400 63.56 46.94 0.00 -0.8907 4.5245 4.5245
2425 63.56 46.94 0.00 -0.8907 4.5245 4.5245
2450 63.56 46.63 0.00 1.3501 2.5217 2.5217
2475 63.73 46.43 0.00 5.8590 4.3441 4.3441
2500 64.20 46.42 0.00 17.4602 6.5158 6.5158
2525 64.20 46.42 0.00 17.4602 6.5158 6.5158
2550 65.28 46.52 0.00 30.9260 5.4624 5.4624
2575 66.50 47.09 0.00 27.9430 -0.9853 -0.9853
2600 66.50 47.09 0.00 27.9430 -0.9853 -0.9853
2625 67.33 48.09 0.00 17.7315 -6.5794 -6.5794
2650 67.83 48.90 0.00 9.5199 -10.7355 -10.7355
2675 67.83 48.90 0.00 9.5199 -10.7355 -10.7355
2700 67.97 49.16 0.00 3.1076 -7.3838 -7.3838
2725 68.03 48.86 0.00 1.1205 1.6441 1.6441
2750 68.03 48.86 0.00 1.1205 1.6441 1.6441
2775 68.12 48.36 0.00 2.3899 8.2168 8.2168
2800 68.23 47.84 0.00 2.9657 10.4647 10.4647
2825 68.37 47.16 0.00 3.8796 10.9485 10.9485
2850 68.37 47.16 0.00 3.8796 10.9485 10.9485
2875 68.48 46.59 0.00 1.7049 9.0145 9.0145
2900 68.46 45.81 0.00 -1.7586 7.2068 7.2068
2925 68.46 45.81 0.00 -1.7586 7.2068 7.2068
2950 68.37 45.06 0.00 -1.8824 6.7552 6.7552
2975 68.30 44.55 0.00 -1.6331 5.9187 5.9187
3000 68.32 44.11 0.00 1.8037 5.3362 5.3362
3025 68.32 44.11 0.00 1.8037 5.3362 5.3362
3050 68.43 43.71 0.00 2.8913 4.5197 4.5197
3075 68.53 43.55 0.00 3.3488 7.6589 7.6589
3100 68.53 43.55 0.00 3.3488 7.6589 7.6589
3125 68.62 43.42 0.00 1.1725 6.8257 6.8257
3150 68.62 43.46 0.00 -1.1688 1.2767 1.2767
3175 68.62 43.46 0.00 -1.1688 1.2767 1.2767
3200 68.59 43.59 0.00 -0.1874 0.7428 0.7428
3225 68.64 43.65 0.00 2.2741 2.0872 2.0872
3250 68.64 43.65 0.00 2.2741 2.0872 2.0872
3275 68.79 43.51 0.00 4.4978 7.5062 7.5062
3300 69.02 43.28 0.00 6.8312 10.6313 10.6313
3325 69.02 43.28 0.00 6.8312 10.6313 10.6313
3350 69.33 42.95 0.00 8.4355 7.5599 7.5599
3375 69.64 42.68 0.00 6.4996 5.5103 5.5103
3400 69.64 42.68 0.00 6.4996 5.5103 5.5103
3425 69.82 42.37 0.00 3.9089 6.5013 6.5013
3450 69.91 41.97 0.00 2.2901 6.6115 6.6115
3475 69.96 41.51 0.00 0.9323 7.4562 7.4562
3500 69.96 41.51 0.00 0.9323 7.4562 7.4562
3525 70.00 40.93 0.00 1.3626 8.3711 8.3711
3550 70.09 40.40 0.00 1.6832 6.6495 6.6495
3575 70.13 40.09 0.00 0.8828 6.2620 6.2620
3600 70.13 40.09 0.00 0.8828 6.2620 6.2620
3625 70.05 39.92 0.00 -2.7801 4.3441 4.3441
3650 69.96 39.79 0.00 -2.0316 6.1171 6.1171
3675 69.96 39.79 0.00 -2.0316 6.1171 6.1171
3700 69.80 39.88 0.00 -5.7014 1.7233 1.7233
3725 69.53 39.97 0.00 -7.1126 -1.9904 -1.9904
3750 69.53 39.97 0.00 -7.1126 -1.9904 -1.9904
3775 69.22 40.17 0.00 -7.5511 -3.7912 -3.7912
3800 68.93 40.40 0.00 -6.3581 -4.7655 -4.7655
3825 68.71 40.68 0.00 -5.0303 -3.3531 -3.3531
3850 68.71 40.68 0.00 -5.0303 -3.3531 -3.3531
3875 68.57 40.80 0.00 -3.7919 -0.1573 -0.1573
3900 68.37 40.78 0.00 -5.1251 -0.1202 -0.1202
3925 68.37 40.78 0.00 -5.1251 -0.1202 -0.1202
3950 68.17 40.73 0.00 -5.1244 -1.2992 -1.2992
3975 67.97 40.74 0.00 -4.5238 -2.6447 -2.6447
4000 67.85 40.84 0.00 -2.5723 -2.5858 -2.5858
4025 67.85 40.84 0.00 -2.5723 -2.5858 -2.5858
4050 67.78 40.87 0.00 -1.1761 -1.4493 -1.4493
4075 67.79 40.80 0.00 1.1349 -0.3175 -0.3175
4100 67.79 40.80 0.00 1.1349 -0.3175 -0.3175
4125 67.81 40.74 0.00 -0.0655 -0.7791 -0.7791
4150 67.76 40.67 0.00 -2.3718 -0.9766 -0.9766
4175 67.61 40.42 0.00 -3.3969 -0.8251 -0.8251
4200 67.61 40.42 0.00 -3.3969 -0.8251 -0.8251
4225 67.54 40.23 0.00 -2.2180 3.0853 3.0853
4250 67.38 39.98 0.00 -4.8136 -0.4455 -0.4455
4275 67.38 39.98 0.00 -4.8136 -0.4455 -0.4455
4300 67.20 39.73 0.00 -6.2279 -1.4299 -1.4299
4325 66.88 39.41 0.00 -9.1508 -2.3086 -2.3086
4350 66.88 39.41 0.00 -9.1508 -2.3086 -2.3086
4375 66.43 39.05 0.00 -12.4067 -3.6757 -3.6757
4400 65.87 38.60 0.00 -13.9754 -4.4548 -4.4548
4425 65.87 38.60 0.00 -13.9754 -4.4548 -4.4548
4450 65.34 38.00 0.00 -13.5985 -4.3982 -4.3982
4475 64.80 37.42 0.00 -13.5047 -5.1317 -5.1317
4500 64.80 37.42 0.00 -13.5047 -5.1317 -5.1317
4525 64.27 36.78 0.00 -13.0313 -2.4820 -2.4820
4550 63.79 36.14 0.00 -11.2081 0.2083 0.2083
4575 63.40 35.49 0.00 -9.8455 -0.2464 -0.2464
4600 63.40 35.49 0.00 -9.8455 -0.2464 -0.2464
4625 62.99 35.04 0.00 -10.1533 -2.5444 -2.5444
4650 62.56 34.71 0.00 -10.7090 -4.8057 -4.8057
4675 62.56 34.71 0.00 -10.7090 -4.8057 -4.8057
4700 62.19 34.46 0.00 -8.0408 -4.8046 -4.8046
4725 61.92 34.25 0.00 -6.0082 -4.7970 -4.7970
4750 61.73 34.03 0.00 -3.6579 -2.4016 -2.4016
4775 61.73 34.03 0.00 -3.6579 -2.4016 -2.4016
4800 61.62 33.83 0.00 -3.7777 -3.6651 -3.6651
4825 61.39 33.80 0.00 -6.3533 -7.6491 -7.6491
4850 61.39 33.80 0.00 -6.3533 -7.6491 -7.6491
4875 61.16 34.04 0.00 -5.2244 -6.2843 -6.2843
4900 60.99 34.40 0.00 -3.8511 -5.7135 -5.7135
4925 60.88 34.91 0.00 -2.1381 -4.4718 -4.4718
4950 60.88 34.91 0.00 -2.1381 -4.4718 -4.4718
4975 60.86 35.47 0.00 0.9375 -0.7928 -0.7928
5000 60.90 35.90 0.00 0.0918 -3.9119 -3.9119
5025 60.90 35.90 0.00 0.0918 -3.9119 -3.9119
5050 60.86 36.85 0.00 -0.8630 -4.6237 -4.6237
5075 60.81 37.81 0.00 -2.6924 -5.2955 -5.2955
5100 60.81 37.81 0.00 -2.6924 -5.2955 -5.2955
5125 60.67 39.48 0.00 -3.6333 -4.0351 -4.0351
5150 60.60 41.07 0.00 -0.8604 -3.6310 -3.6310
5175 60.60 41.07 0.00 -0.8604 -3.6310 -3.6310
5200 60.58 42.54 0.00 0.4241 -2.4372 -2.4372
5225 60.63 43.56 0.00 0.6303 -1.7409 -1.7409
5250 60.62 44.30 0.00 -0.9467 -0.0909 -0.0909
5275 60.62 44.30 0.00 -0.9467 -0.0909 -0.0909
5300 60.55 44.79 0.00 -2.0776 -2.7109 -2.7109
5325 60.53 45.17 0.00 0.2721 -0.7848 -0.7848
5350 60.53 45.17 0.00 0.2721 -0.7848 -0.7848
5375 60.51 45.51 0.00 -1.2839 -3.6151 -3.6151
5400 60.44 45.91 0.00 -1.9586 -3.5866 -3.5866
5425 60.44 45.91 0.00 -1.9586 -3.5866 -3.5866
5450 60.33 46.33 0.00 -2.9174 -3.2391 -3.2391
5475 60.25 46.69 0.00 -1.4882 -2.3732 -2.3732
5500 60.19 46.92 0.00 -1.0022 -0.8070 -0.8070
5525 60.19 46.92 0.00 -1.0022 -0.8070 -0.8070
5550 60.19 47.02 0.00 0.5581 1.2289 1.2289
5575 60.28 46.98 0.00 3.3043 1.5342 1.5342
5600 60.28 46.98 0.00 3.3043 1.5342 1.5342
5625 60.44 46.91 0.00 3.1065 2.0927 2.0927
5650 60.44 46.91 0.00 3.1065 2.0927 2.0927
5675 60.53 46.82 0.00 1.8370 2.3353 2.3353
5700 60.60 46.74 0.00 2.8147 3.0207 3.0207
5725 60.76 46.65 0.00 3.7281 2.3886 2.3886
5750 60.76 46.65 0.00 3.7281 2.3886 2.3886
5775 60.90 46.47 0.00 3.5187 2.9116 2.9116
5800 61.04 46.13 0.00 3.7539 5.4942 5.4942
5825 61.16 45.90 0.00 3.3760 4.6475 4.6475
5850 61.16 45.90 0.00 3.3760 4.6475 4.6475
5875 61.39 45.43 0.00 10.2877 9.4874 9.4874
5900 61.80 44.69 0.00 8.4482 4.3118 4.3118
5925 61.80 44.69 0.00 8.4482 4.3118 4.3118
5950 62.03 44.23 0.00 5.1993 0.4372 0.4372
5975 62.21 44.01 0.00 4.1531 1.1500 1.1500
6000 62.33 43.77 0.00 2.0377 1.3456 1.3456
6025 62.33 43.77 0.00 2.0377 1.3456 1.3456
6050 62.40 43.38 0.00 1.9983 2.6156 2.6156
6075 62.51 42.89 0.00 3.2179 3.7772 3.7772
6100 62.51 42.89 0.00 3.2179 3.7772 3.7772
6125 62.69 42.34 0.00 5.7703 4.6411 4.6411
6150 62.97 41.68 0.00 7.5834 5.6865 5.6865
6175 63.29 41.16 0.00 7.3478 6.5110 6.5110
6200 63.29 41.16 0.00 7.3478 6.5110 6.5110
6225 63.52 40.75 0.00 5.4003 5.7058 5.7058
6250 63.68 40.37 0.00 3.1266 2.0924 2.0924
6275 63.68 40.37 0.00 3.1266 2.0924 2.0924
6300 63.80 40.23 0.00 2.7735 0.7048 0.7048
6325 63.91 40.07 0.00 3.0170 2.8433 2.8433
6350 63.91 40.07 0.00 3.0170 2.8433 2.8433
6375 64.04 39.89 0.00 3.6538 2.8671 2.8671
6400 64.27 39.61 0.00 6.7940 8.4237 8.4237
6425 64.27 39.61 0.00 6.7940 8.4237 8.4237
6450 64.46 39.37 0.00 3.5756 4.8137 4.8137
6475 64.55 39.12 0.00 2.1204 3.5494 3.5494
6500 64.59 38.86 0.00 -0.4442 2.0394 2.0394
6525 64.59 38.86 0.00 -0.4442 2.0394 2.0394
6550 64.55 38.64 0.00 0.0048 3.9130 3.9130
6575 64.59 38.41 0.00 1.2039 4.0859 4.0859
6600 64.59 38.41 0.00 1.2039 4.0859 4.0859
6625 64.66 38.23 0.00 2.2148 5.9608 5.9608
6650 64.75 37.96 0.00 2.7188 4.4991 4.4991
6675 64.75 37.96 0.00 2.7188 4.4991 4.4991
6700 64.87 37.59 0.00 3.2580 5.0005 5.0005
6725 64.96 37.20 0.00 1.1893 5.1520 5.1520
6750 65.00 36.86 0.00 0.3482 5.1902 5.1902
6775 65.00 36.86 0.00 0.3482 5.1902 5.1902
6800 64.98 36.60 0.00 -0.4629 3.3491 3.3491
6825 64.98 36.35 0.00 0.0930 1.2781 1.2781
6850 64.98 36.35 0.00 0.0930 1.2781 1.2781
6875 64.98 36.23 0.00 0.6396 2.7314 2.7314
6900 65.03 36.21 0.00 1.3625 2.1383 2.1383
6925 65.03 36.21 0.00 1.3625 2.1383 2.1383
6950 65.12 36.02 0.00 2.5411 5.0075 5.0075
6975 65.19 35.95 0.00 1.2205 2.9520 2.9520
7000 65.19 35.79 0.00 -0.9900 -0.7357 -0.7357
7025 65.19 35.79 0.00 -0.9900 -0.7357 -0.7357
7050 65.07 35.73 0.00 -4.9403 -1.4336 -1.4336
7075 64.84 35.72 0.00 -4.7963 0.5465 0.5465
7100 64.84 35.72 0.00 -4.7963 0.5465 0.5465
7125 64.68 35.62 0.00 -4.2403 -2.4523 -2.4523
7150 64.50 35.52 0.00 -4.0612 -0.8302 -0.8302
7175 64.50 35.52 0.00 -4.0612 -0.8302 -0.8302
7200 64.30 35.29 0.00 -5.5661 -2.5393 -2.5393
7225 64.09 35.08 0.00 -4.7322 -0.1692 -0.1692
7250 63.93 34.88 0.00 -3.7792 -0.6988 -0.6988
7275 63.93 34.88 0.00 -3.7792 -0.6988 -0.6988
7300 63.82 34.69 0.00 -2.1529 -0.6770 -0.6770
7325 63.70 34.44 0.00 -4.1838 -1.5110 -1.5110
7350 63.70 34.44 0.00 -4.1838 -1.5110 -1.5110
7375 63.52 34.34 0.00 -3.9922 -1.3353 -1.3353
7400 63.43 34.12 0.00 -1.9415 -1.3161 -1.3161
7425 63.43 34.12 0.00 -1.9415 -1.3161 -1.3161
7450 63.38 33.82 0.00 -1.8018 -1.4806 -1.4806
7475 63.38 33.50 0.00 2.1438 3.5664 3.5664
7500 63.47 33.19 0.00 1.6007 2.9654 2.9654
7525 63.47 33.19 0.00 1.6007 2.9654 2.9654
7550 63.47 33.06 0.00 -0.9303 -1.9779 -1.9779
7575 63.45 33.10 0.00 -0.5181 -3.5766 -3.5766
7600 63.45 33.10 0.00 -0.5181 -3.5766 -3.5766
7625 63.40 33.13 0.00 -1.9518 -4.2637 -4.2637
7650 63.36 33.29 0.00 0.0163 -0.6311 -0.6311
7675 63.38 33.59 0.00 0.6788 0.9533 0.9533
7700 63.38 33.59 0.00 0.6788 0.9533 0.9533
7725 63.36 33.89 0.00 -1.3617 -1.5886 -1.5886
7750 63.31 34.17 0.00 -1.6269 -2.8671 -2.8671
7775 63.31 34.17 0.00 -1.6269 -2.8671 -2.8671
7800 63.22 34.48 0.00 -2.0017 -1.7669 -1.7669
7825 63.20 34.75 0.00 0.1355 0.5540 0.5540
7850 63.20 34.75 0.00 0.1355 0.5540 0.5540
7875 63.22 35.00 0.00 0.6228 0.3893 0.3893
7900 63.24 35.19 0.00 0.8384 0.2705 0.2705
7925 63.24 35.41 0.00 0.1547 -0.0009 -0.0009
7950 63.24 35.41 0.00 0.1547 -0.0009 -0.0009
7975 63.22 35.53 0.00 -1.2275 -0.9125 -0.9125
8000 63.22 35.53 0.00 1.5212 4.1090 4.1090
8025 63.22 35.53 0.00 1.5212 4.1090 4.1090
8050 63.27 35.61 0.00 1.5047 2.3834 2.3834
8075 63.31 35.73 0.00 0.8702 -1.2079 -1.2079
8100 63.31 35.73 0.00 0.8702 -1.2079 -1.2079
8125 63.33 35.88 0.00 -0.4112 -1.4013 -1.4013
8150 63.25 36.00 0.00 -1.9960 -0.4650 -0.4650
8175 63.17 36.03 0.00 -2.4908 0.9066 0.9066
8200 63.17 36.03 0.00 -2.4908 0.9066 0.9066
8225 63.11 35.90 0.00 -0.7510 1.8628 1.8628
8250 63.08 35.76 0.00 -0.6927 0.1661 0.1661
8275 63.08 35.76 0.00 -0.6927 0.1661 0.1661
8300 63.06 35.61 0.00 -0.9431 -0.2472 -0.2472
8325 63.02 35.47 0.00 -1.0543 0.8202 0.8202
8350 63.02 35.34 0.00 0.8770 2.8860 2.8860
8375 63.02 35.34 0.00 0.8770 2.8860 2.8860
8400 63.06 35.15 0.00 0.9484 2.1659 2.1659
8425 63.04 34.99 0.00 -1.4422 0.2306 0.2306
8450 63.04 34.99 0.00 -1.4422 0.2306 0.2306
8475 62.93 34.77 0.00 -3.6200 -1.4728 -1.4728
8500 62.81 34.48 0.00 -3.3234 -2.8386 -2.8386
8525 62.81 34.48 0.00 -3.3234 -2.8386 -2.8386
8550 62.69 34.15 0.00 -1.8772 -2.2187 -2.2187
8575 62.69 33.67 0.00 0.8103 2.5933 2.5933
8600 62.69 33.67 0.00 0.8103 2.5933 2.5933
8625 62.67 33.37 0.00 -1.4722 -2.0309 -2.0309
8650 62.60 33.26 0.00 -2.2450 -3.8046 -3.8046
8675 62.47 33.20 0.00 -3.2690 -6.3047 -6.3047
8700 62.47 33.20 0.00 -3.2690 -6.3047 -6.3047
8725 62.37 33.18 0.00 -2.3201 -1.7260 -1.7260
8750 62.26 33.07 0.00 -3.1640 -4.2781 -4.2781
8775 62.26 33.07 0.00 -3.1640 -4.2781 -4.2781
8800 62.15 32.87 0.00 -2.6680 -4.1608 -4.1608
8825 62.00 32.72 0.00 -4.5238 -5.3684 -5.3684
8850 62.00 32.72 0.00 -4.5238 -5.3684 -5.3684
8875 61.82 32.66 0.00 -3.7594 -6.1742 -6.1742
8900 61.69 32.72 0.00 -2.5179 -5.0037 -5.0037
8925 61.64 32.93 0.00 -1.3103 -4.5490 -4.5490
8950 61.64 32.93 0.00 -1.3103 -4.5490 -4.5490
8975 61.59 33.09 0.00 -1.6163 -5.0688 -5.0688
9000 61.50 33.33 0.00 -2.7663 -5.0201 -5.0201
9025 61.34 33.66 0.00 -4.7007 -7.4263 -7.4263
9050 61.34 33.66 0.00 -4.7007 -7.4263 -7.4263
9075 61.16 33.97 0.00 -3.5165 -6.0374 -6.0374
9100 61.02 34.23 0.00 -3.6933 -8.0969 -8.0969
9125 61.02 34.23 0.00 -3.6933 -8.0969 -8.0969
9150 60.95 34.44 0.00 -0.8296 -4.2351 -4.2351
9175 60.90 34.68 0.00 -1.8482 -8.0679 -8.0679
9200 60.90 34.68 0.00 -1.8482 -8.0679 -8.0679
9225 60.81 34.86 0.00 -1.6660 -8.3141 -8.3141
9250 60.74 34.98 0.00 -1.7153 -6.4157 -6.4157
9275 60.74 34.98 0.00 -1.7153 -6.4157 -6.4157
9300 60.67 35.10 0.00 -2.3788 -3.3217 -3.3217
9325 60.55 35.11 0.00 -3.3287 -2.4613 -2.4613
9350 60.55 35.11 0.00 -3.3287 -2.4613 -2.4613
9375 60.46 35.04 0.00 -1.3274 0.3903 0.3903
9400 60.42 34.86 0.00 -0.1690 -0.9183 -0.9183
9425 60.48 34.61 0.00 2.5982 2.9627 2.9627
9450 60.48 34.61 0.00 2.5982 2.9627 2.9627
9475 60.60 34.19 0.00 2.7845 4.8738 4.8738
9500 60.69 33.84 0.00 1.8413 4.8407 4.8407
9525 60.72 33.72 0.00 0.7429 3.2165 3.2165
9550 60.72 33.72 0.00 0.7429 3.2165 3.2165
9575 60.76 33.63 0.00 1.4191 2.3719 2.3719
9600 60.83 33.63 0.00 2.1816 1.8676 1.8676
9625 60.83 33.63 0.00 2.1816 1.8676 1.8676
9650 60.92 33.69 0.00 3.1094 4.7209 4.7209
9675 60.92 33.69 0.00 3.1094 4.7209 4.7209
9700 61.04 33.75 0.00 3.6533 4.6717 4.6717
9725 61.25 33.69 0.00 5.7735 7.8932 7.8932
9750 61.36 33.71 0.00 0.7517 2.3135 2.3135
9775 61.36 33.71 0.00 0.7517 2.3135 2.3135
9800 61.34 33.78 0.00 -0.2463 0.8807 0.8807
9825 61.34 33.87 0.00 -0.5385 -0.5376 -0.5376
9850 61.34 33.87 0.00 -0.5385 -0.5376 -0.5376
9875 61.34 33.99 0.00 1.0145 1.9687 1.9687
9900 61.39 34.10 0.00 0.9234 1.2335 1.2335
9925 61.39 34.10 0.00 0.9234 1.2335 1.2335
9950 61.48 34.11 0.00 2.6916 4.1085 4.1085
9975 61.54 34.04 0.00 1.1305 1.6465 1.6465
10000 61.57 34.02 0.00 0.7388 2.9449 2.9449
10025 61.57 34.02 0.00 0.7388 2.9449 2.9449
10050 61.61 33.92 0.00 0.8082 3.3993 3.3993
10075 61.64 33.81 0.00 0.3607 2.7817 2.7817
10100 61.64 33.64 0.00 -0.1695 2.3455 2.3455
10125 61.64 33.64 0.00 -0.1695 2.3455 2.3455
10150 61.59 33.30 0.00 -2.3457 1.6729 1.6729
10175 61.50 32.98 0.00 -2.1299 1.8693 1.8693
10200 61.50 32.98 0.00 -2.1299 1.8693 1.8693
10225 61.43 32.78 0.00 -0.8696 1.7136 1.7136
10250 61.45 32.69 0.00 1.5376 1.0538 1.0538
10275 61.50 32.57 0.00 0.9850 -0.2360 -0.2360
10300 61.50 32.57 0.00 0.9850 -0.2360 -0.2360
10325 61.55 32.66 0.00 0.6960 1.6451 1.6451
10350 61.52 32.77 0.00 -2.3220 -2.7971 -2.7971
10375 61.52 32.77 0.00 -2.3220 -2.7971 -2.7971
10400 61.39 32.92 0.00 -3.4117 -3.9487 -3.9487
10425 61.23 33.09 0.00 -3.9813 -5.5147 -5.5147
10450 61.23 33.09 0.00 -3.9813 -5.5147 -5.5147
10475 61.11 33.26 0.00 -2.3141 -2.8785 -2.8785
10500 61.06 33.38 0.00 -1.0522 -2.4452 -2.4452
10525 61.06 33.38 0.00 -1.0522 -2.4452 -2.4452
10550 61.04 33.36 0.00 -0.8563 -1.0807 -1.0807
10575 60.99 33.36 0.00 -1.2919 -1.9981 -1.9981
10600 60.97 33.48 0.00 0.0945 -0.4188 -0.4188
10625 60.97 33.48 0.00 0.0945 -0.4188 -0.4188
10650 60.97 33.59 0.00 0.2819 0.8440 0.8440
10675 60.99 33.69 0.00 0.3289 0.8844 0.8844
10700 60.99 33.69 0.00 0.3289 0.8844 0.8844
10725 61.00 33.71 0.00 0.6176 0.0528 0.0528
10750 61.04 33.64 0.00 0.1309 0.0293 0.0293
10775 61.00 33.50 0.00 -1.3316 -0.7541 -0.7541
10800 61.00 33.50 0.00 -1.3316 -0.7541 -0.7541
10825 60.90 33.32 0.00 -3.1159 -1.1709 -1.1709
10850 60.78 33.10 0.00 -3.0043 -0.8262 -0.8262
10875 60.78 33.10 0.00 -3.0043 -0.8262 -0.8262
10900 60.67 32.76 0.00 -2.1027 -1.1290 -1.1290
10925 60.62 32.44 0.00 -0.7847 0.4520 0.4520
10950 60.62 32.44 0.00 -0.7847 0.4520 0.4520
10975 60.53 32.37 0.00 -3.7003 -3.6491 -3.6491
11000 60.37 32.33 0.00 -3.7736 -6.6113 -6.6113
11025 60.37 32.33 0.00 -3.7736 -6.6113 -6.6113
11050 60.21 32.23 0.00 -3.6415 -6.2739 -6.2739
11075 60.07 31.98 0.00 -3.7669 -5.2446 -5.2446
11100 60.07 31.98 0.00 -3.7669 -5.2446 -5.2446
11125 59.89 31.75 0.00 -4.4196 -5.0370 -5.0370
11150 59.75 31.36 0.00 -3.2640 -3.1192 -3.1192
11175 59.65 31.09 0.00 -3.5637 -4.9976 -4.9976
11200 59.65 31.09 0.00 -3.5637 -4.9976 -4.9976
11225 59.49 30.84 0.00 -3.4020 -4.6701 -4.6701
11250 59.42 30.70 0.00 -1.3724 -1.7242 -1.7242
11275 59.42 30.70 0.00 -1.3724 -1.7242 -1.7242
11300 59.38 30.63 0.00 -0.2365 -1.1008 -1.1008
11325 59.38 30.58 0.00 0.1449 -1.7133 -1.7133
11350 59.40 30.51 0.00 0.6488 -2.4088 -2.4088
11375 59.40 30.51 0.00 0.6488 -2.4088 -2.4088
11400 59.40 30.44 0.00 -0.5969 -2.8532 -2.8532
11425 59.33 30.37 0.00 -2.6601 -3.2753 -3.2753
11450 59.33 30.37 0.00 -2.6601 -3.2753 -3.2753
11475 59.24 30.40 0.00 -1.2133 -1.4381 -1.4381
11500 59.21 30.40 0.00 -0.6104 -2.8961 -2.8961
11525 59.21 30.40 0.00 -0.6104 -2.8961 -2.8961
11550 59.24 30.33 0.00 1.8354 0.6114 0.6114
11575 59.29 30.47 0.00 0.4450 -0.6611 -0.6611
11600 59.26 30.73 0.00 -1.5466 -2.6514 -2.6514
11625 59.26 30.73 0.00 -1.5466 -2.6514 -2.6514
11650 59.22 30.97 0.00 -1.1110 -1.6253 -1.6253
11675 59.21 31.21 0.00 0.3679 -0.1263 -0.1263
11700 59.21 31.21 0.00 0.3679 -0.1263 -0.1263
11725 59.24 31.35 0.00 0.6948 0.3880 0.3880
11750 59.24 31.37 0.00 0.0671 0.7049 0.7049
11775 59.22 31.42 0.00 -0.6571 -0.2904 -0.2904
11800 59.22 31.42 0.00 -0.6571 -0.2904 -0.2904
11825 59.22 31.44 0.00 0.6775 0.9223 0.9223
11850 59.29 31.46 0.00 2.0056 2.9212 2.9212
11875 59.29 31.46 0.00 2.0056 2.9212 2.9212
11900 59.38 31.53 0.00 1.9607 2.6440 2.6440
11925 59.44 31.62 0.00 1.6424 1.9967 1.9967
11950 59.44 31.62 0.00 1.6424 1.9967 1.9967
11975 59.49 31.68 0.00 0.0528 0.3656 0.3656
12000 59.45 31.76 0.00 -1.5383 0.0039 0.0039
12025 59.45 31.76 0.00 -1.5383 0.0039 0.0039
12050 59.36 31.88 0.00 -1.9709 0.2008 0.2008
12075 59.29 31.90 0.00 -1.5446 -1.2001 -1.2001
12100 59.26 31.91 0.00 -1.5529 -2.6022 -2.6022
12125 59.26 31.91 0.00 -1.5529 -2.6022 -2.6022
12150 59.22 31.74 0.00 -0.3156 -1.7817 -1.7817
12175 59.24 31.63 0.00 0.6129 1.9640 1.9640
12200 59.24 31.63 0.00 0.6129 1.9640 1.9640
12225 59.21 31.70 0.00 -1.5051 -0.7457 -0.7457
12250 59.12 31.84 0.00 -2.9801 -2.2210 -2.2210
12275 59.12 31.84 0.00 -2.9801 -2.2210 -2.2210
12300 59.00 31.87 0.00 -2.7636 -2.1778 -2.1778
12325 58.92 31.83 0.00 -1.5446 1.1131 1.1131
12350 58.82 31.70 0.00 -3.0199 -1.7071 -1.7071
12375 58.82 31.70 0.00 -3.0199 -1.7071 -1.7071
12400 58.71 31.49 0.00 -2.5471 -0.6389 -0.6389
12425 58.59 31.36 0.00 -3.0777 -2.7301 -2.7301
12450 58.50 31.29 0.00 -1.9167 -1.2860 -1.2860
12475 58.50 31.29 0.00 -1.9167 -1.2860 -1.2860
12500 58.45 31.32 0.00 -0.6708 -0.2505 -0.2505
12525 58.45 31.41 0.00 -0.0018 0.8980 0.8980
12550 58.45 31.41 0.00 -0.0018 0.8980 0.8980
12575 58.43 31.46 0.00 -0.8641 -0.1692 -0.1692
12600 58.38 31.39 0.00 -1.0654 -0.0706 -0.0706
12625 58.38 31.39 0.00 -1.0654 -0.0706 -0.0706
12650 58.33 31.20 0.00 -1.3330 -0.6543 -0.6543
12675 58.26 30.95 0.00 -2.0299 -1.3177 -1.3177
12700 58.22 30.74 0.00 -0.6111 -0.3414 -0.3414
12725 58.22 30.74 0.00 -0.6111 -0.3414 -0.3414
12750 58.24 30.45 0.00 1.8275 1.1470 1.1470
12775 58.38 30.23 0.00 4.0848 3.9428 3.9428
12800 58.38 30.23 0.00 4.0848 3.9428 3.9428
12825 58.50 30.32 0.00 1.9105 0.5140 0.5140
12850 58.52 30.51 0.00 0.2081 -1.0680 -1.0680
12875 58.52 30.51 0.00 0.2081 -1.0680 -1.0680
12900 58.50 30.63 0.00 -1.4893 -1.8547 -1.8547
12925 58.45 30.56 0.00 -1.0907 -2.0914 -2.0914
12950 58.45 30.56 0.00 -1.0907 -2.0914 -2.0914
12975 58.45 30.35 0.00 1.1932 -1.8679 -1.8679
13000 58.47 30.18 0.00 -0.0918 -1.8271 -1.8271
13025 58.45 30.21 0.00 -0.6140 -1.1704 -1.1704
13050 58.45 30.21 0.00 -0.6140 -1.1704 -1.1704
13075 58.43 30.30 0.00 -0.3693 -0.2938 -0.2938
13100 58.40 30.45 0.00 -0.9641 1.4326 1.4326
13125 58.40 30.45 0.00 -0.9641 1.4326 1.4326
13150 58.34 30.54 0.00 -1.7179 1.3695 1.3695
13175 58.29 30.62 0.00 -1.1280 -0.2627 -0.2627
13200 58.29 30.62 0.00 -1.1280 -0.2627 -0.2627
13225 58.22 30.69 0.00 -2.1927 -1.7980 -1.7980
13250 58.10 30.67 0.00 -4.2544 -3.9315 -3.9315
13275 57.89 30.64 0.00 -5.1834 -5.2562 -5.2562
13300 57.89 30.64 0.00 -5.1834 -5.2562 -5.2562
13325 57.73 30.67 0.00 -3.1296 -2.2099 -2.2099
13350 57.62 30.63 0.00 -2.2203 -3.2722 -3.2722
13375 57.62 30.63 0.00 -2.2203 -3.2722 -3.2722
13400 57.59 30.39 0.00 -0.2786 -1.3017 -1.3017
13425 57.50 30.25 0.00 -3.8039 -5.0719 -5.0719
13450 57.50 30.25 0.00 -3.8039 -5.0719 -5.0719
13475 57.31 30.12 0.00 -4.7312 -5.1962 -5.1962
13500 57.17 29.91 0.00 -2.8677 -3.2542 -3.2542
13525 57.08 29.65 0.00 -2.4715 -2.8824 -2.8824
13550 57.08 29.65 0.00 -2.4715 -2.8824 -2.8824
13575 57.05 29.39 0.00 -0.5364 -1.0130 -1.0130
13600 57.03 29.23 0.00 -0.5644 -1.1039 -1.1039
13625 57.03 29.23 0.00 -0.5644 -1.1039 -1.1039
13650 56.99 29.06 0.00 -1.8202 -1.7432 -1.7432
13675 56.90 28.94 0.00 -1.4645 -1.9015 -1.9015
13700 56.90 28.94 0.00 0.5799 -0.2661 -0.2661
13725 56.90 28.94 0.00 0.5799 -0.2661 -0.2661
13750 56.98 29.04 0.00 2.1211 1.9485 1.9485
13775 57.06 29.20 0.00 2.2774 2.2205 2.2205
13800 57.06 29.20 0.00 2.2774 2.2205 2.2205
13825 57.12 29.32 0.00 0.5482 0.7104 0.7104
13850 57.12 29.44 0.00 0.0070 0.7025 0.7025
13875 57.12 29.44 0.00 0.0070 0.7025 0.7025
13900 57.12 29.60 0.00 0.2708 1.3153 1.3153
13925 57.13 29.75 0.00 0.2833 -0.1649 -0.1649
13950 57.13 29.75 0.00 0.2833 -0.1649 -0.1649
13975 57.13 29.89 0.00 -0.6882 -2.5518 -2.5518
14000 57.13 29.91 0.00 0.9590 -0.9419 -0.9419
14025 57.22 30.00 0.00 2.2976 2.4298 2.4298
14050 57.22 30.00 0.00 2.2976 2.4298 2.4298
14075 57.26 30.29 0.00 0.4163 -1.7747 -1.7747
14100 57.27 30.62 0.00 0.4209 -2.8901 -2.8901
14125 57.27 30.62 0.00 0.4209 -2.8901 -2.8901
14150 57.26 30.85 0.00 -0.7937 -4.5225 -4.5225
14175 57.20 30.95 0.00 -1.3747 -2.6233 -2.6233
14200 57.17 30.97 0.00 -0.7240 -1.7140 -1.7140
14225 57.17 30.97 0.00 -0.7240 -1.7140 -1.7140
14250 57.15 30.93 0.00 -0.6142 -0.7816 -0.7816
14275 57.12 30.93 0.00 -0.6352 -1.8286 -1.8286
14300 57.12 30.93 0.00 -0.6352 -1.8286 -1.8286
14325 57.13 31.07 0.00 0.6433 -0.1582 -0.1582
14350 57.15 31.21 0.00 0.8412 1.4923 1.4923
14375 57.15 31.21 0.00 0.8412 1.4923 1.4923
14400 57.15 31.42 0.00 -0.7871 -0.2766 -0.2766
14425 57.12 31.59 0.00 -1.0532 -2.3346 -2.3346
14450 57.12 31.59 0.00 -1.0532 -2.3346 -2.3346
14475 57.08 31.68 0.00 -0.6597 -3.2214 -3.2214
14500 57.06 31.71 0.00 -0.5720 -1.8330 -1.8330
14525 57.06 31.71 0.00 -0.5720 -1.8330 -1.8330
14550 56.99 31.62 0.00 -1.9124 -1.5004 -1.5004
14575 56.94 31.43 0.00 -1.1476 0.5923 0.5923
14600 56.90 31.08 0.00 -0.4877 0.6945 0.6945
14625 56.90 31.08 0.00 -0.4877 0.6945 0.6945
14650 56.94 30.68 0.00 1.2916 5.3193 5.3193
14675 56.94 30.18 0.00 -0.0737 1.7795 1.7795
14700 56.94 30.18 0.00 -0.0737 1.7795 1.7795
14725 56.96 29.63 0.00 0.2696 0.7672 0.7672
14750 56.94 29.11 0.00 -0.7830 -0.1537 -0.1537
14775 56.94 29.11 0.00 -0.7830 -0.1537 -0.1537
14800 56.96 28.22 0.00 1.5728 4.6530 4.6530
14825 57.01 27.40 0.00 0.4964 2.3102 2.3102
14850 57.03 26.69 0.00 0.7281 2.9744 2.9744
14875 57.03 26.69 0.00 0.7281 2.9744 2.9744
14900 57.05 26.27 0.00 -0.0354 -0.5855 -0.5855
14925 57.06 26.22 0.00 -0.0056 -0.1148 -0.1148
14950 57.03 26.25 0.00 -1.1057 1.3449 1.3449
14975 57.03 26.25 0.00 -1.1057 1.3449 1.3449
15000 56.96 26.28 0.00 -1.8022 1.4129 1.4129
15025 56.96 26.28 0.00 -1.8022 1.4129 1.4129
15050 56.89 26.33 0.00 -1.6703 -0.2099 -0.2099
15075 56.83 26.36 0.00 -1.0445 -1.7355 -1.7355
15100 56.80 26.38 0.00 -1.0869 -2.0602 -2.0602
15125 56.80 26.38 0.00 -1.0869 -2.0602 -2.0602
15150 56.76 26.48 0.00 -1.1144 -2.5440 -2.5440
15175 56.73 26.63 0.00 -0.2577 -0.6942 -0.6942
15200 56.73 26.63 0.00 -0.2577 -0.6942 -0.6942
15225 56.68 26.73 0.00 -1.5708 -2.8770 -2.8770
15250 56.64 26.76 0.00 -0.7312 -0.3372 -0.3372
15275 56.57 26.95 0.00 -2.0763 -2.4506 -2.4506
15300 56.57 26.95 0.00 -2.0763 -2.4506 -2.4506
15325 56.48 27.18 0.00 -2.2811 -3.7682 -3.7682
15350 56.41 27.42 0.00 -1.8801 -3.7461 -3.7461
15375 56.41 27.42 0.00 -1.8801 -3.7461 -3.7461
15400 56.36 27.64 0.00 -0.8900 -2.5065 -2.5065
15425 56.31 27.77 0.00 -2.0432 -1.8887 -1.8887
15450 56.31 27.77 0.00 -2.0432 -1.8887 -1.8887
15475 56.20 27.77 0.00 -2.3025 -1.9061 -1.9061
15500 56.20 27.77 0.00 -2.3025 -1.9061 -1.9061
15525 56.13 27.72 0.00 -1.9940 -2.5448 -2.5448
15550 56.06 27.75 0.00 -0.9039 -2.3618 -2.3618
15575 56.06 27.87 0.00 -0.0914 -0.7394 -0.7394
15600 56.06 27.87 0.00 -0.0914 -0.7394 -0.7394
15625 56.06 28.04 0.00 -0.0189 0.3848 0.3848
15650 56.06 28.23 0.00 0.5236 -0.4022 -0.4022
15675 56.06 28.23 0.00 0.5236 -0.4022 -0.4022
15700 56.08 28.43 0.00 -0.2922 -1.8602 -1.8602
15725 56.03 28.64 0.00 -1.6681 -2.8153 -2.8153
15750 55.94 28.77 0.00 -2.3771 -2.2241 -2.2241
15775 55.94 28.77 0.00 -2.3771 -2.2241 -2.2241
15800 55.85 28.82 0.00 -1.9807 -1.9133 -1.9133
15825 55.80 28.84 0.00 -1.3822 -2.5150 -2.5150
15850 55.77 28.77 0.00 -0.2823 -1.8320 -1.8320
15875 55.77 28.77 0.00 -0.2823 -1.8320 -1.8320
15900 55.82 28.70 0.00 1.3215 1.2684 1.2684
15925 55.80 28.80 0.00 -1.6656 -3.7981 -3.7981
15950 55.80 28.80 0.00 -1.6656 -3.7981 -3.7981
15975 55.73 28.94 0.00 -1.4294 -3.2820 -3.2820
16000 55.68 29.11 0.00 -1.1054 -2.9242 -2.9242
16025 55.63 29.23 0.00 -0.9913 -0.6999 -0.6999
16050 55.63 29.23 0.00 -0.9913 -0.6999 -0.6999
16075 55.59 29.23 0.00 -1.4798 -1.5946 -1.5946
16100 55.59 29.23 0.00 -1.4798 -1.5946 -1.5946
16125 55.54 29.19 0.00 -0.8057 -0.5811 -0.5811
16150 55.50 29.14 0.00 -0.9087 0.0386 0.0386
16175 55.45 28.98 0.00 -1.4897 0.4462 0.4462
16200 55.45 28.98 0.00 -1.4897 0.4462 0.4462
16225 55.43 28.95 0.00 -0.2036 1.1192 1.1192
16250 55.43 29.07 0.00 0.1644 -0.8614 -0.8614
16275 55.47 29.24 0.00 1.3619 1.2817 1.2817
16300 55.47 29.24 0.00 1.3619 1.2817 1.2817
16325 55.52 29.40 0.00 0.7988 3.4952 3.4952
16350 55.50 29.40 0.00 -1.4304 3.1877 3.1877
16375 55.50 29.40 0.00 -1.4304 3.1877 3.1877
16400 55.42 29.17 0.00 -2.6742 2.3322 2.3322
16425 55.31 28.84 0.00 -1.7669 1.1062 1.1062
16450 55.31 28.48 0.00 0.0639 -1.6326 -1.6326
16475 55.31 28.48 0.00 0.0639 -1.6326 -1.6326
16500 55.35 28.26 0.00 1.7678 -0.4160 -0.4160
16525 55.43 27.99 0.00 2.5463 2.7698 2.7698
16550 55.43 27.99 0.00 2.5463 2.7698 2.7698
16575 55.47 27.99 0.00 -0.4299 -2.6733 -2.6733
16600 55.45 28.18 0.00 -0.5031 -2.1379 -2.1379
16625 55.45 28.18 0.00 -0.5031 -2.1379 -2.1379
16650 55.38 28.35 0.00 -1.9296 -3.8631 -3.8631
16675 55.33 28.50 0.00 -1.9171 -2.4774 -2.4774
16700 55.24 28.65 0.00 -2.2645 -2.3429 -2.3429
16725 55.24 28.65 0.00 -2.2645 -2.3429 -2.3429
16750 55.15 28.53 0.00 -1.3959 -0.1580 -0.1580
16775 55.10 28.29 0.00 -1.0849 -0.1613 -0.1613
16800 55.10 28.29 0.00 -1.0849 -0.1613 -0.1613
16825 55.07 28.08 0.00 -1.3993 0.2093 0.2093
16850 55.03 27.83 0.00 -0.0621 3.0753 3.0753
16875 55.03 27.83 0.00 -0.0621 3.0753 3.0753
16900 55.03 27.69 0.00 -0.2124 2.3638 2.3638
16925 55.03 27.64 0.00 -0.6558 -0.5826 -0.5826
16950 55.00 27.67 0.00 -0.6596 0.5652 0.5652
16975 55.00 27.67 0.00 -0.6596 0.5652 0.5652
17000 54.93 27.69 0.00 -2.2193 0.0084 0.0084
17025 54.84 27.74 0.00 -1.6259 0.3244 0.3244
17050 54.84 27.74 0.00 -1.6259 0.3244 0.3244
17075 54.77 27.87 0.00 -2.1779 -1.8780 -1.8780
17100 54.66 27.92 0.00 -3.3211 -4.1007 -4.1007
17125 54.56 27.85 0.00 -2.0907 -5.1760 -5.1760
17150 54.56 27.85 0.00 -2.0907 -5.1760 -5.1760
17175 54.56 27.92 0.00 0.3192 -0.6431 -0.6431
17200 54.52 28.12 0.00 -1.9282 -5.5498 -5.5498
17225 54.52 28.12 0.00 -1.9282 -5.5498 -5.5498
17250 54.40 28.38 0.00 -3.1804 -6.8022 -6.8022
17275 54.26 28.68 0.00 -3.5416 -6.3764 -6.3764
17300 54.26 28.68 0.00 -3.5416 -6.3764 -6.3764
17325 54.12 28.82 0.00 -3.4475 -5.2663 -5.2663
17350 54.00 28.78 0.00 -3.5076 -5.0360 -5.0360
17375 54.00 28.78 0.00 -3.5076 -5.0360 -5.0360
17400 53.89 28.52 0.00 -1.9687 -1.9517 -1.9517
17425 53.79 28.13 0.00 -2.4295 -1.9371 -1.9371
17450 53.79 28.13 0.00 -2.4295 -1.9371 -1.9371
17475 53.74 27.85 0.00 -1.6536 -0.5713 -0.5713
17500 53.72 27.58 0.00 0.1449 1.7703 1.7703
17525 53.74 27.41 0.00 0.7402 0.1259 0.1259
17550 53.74 27.41 0.00 0.7402 0.1259 0.1259
17575 53.77 27.24 0.00 0.5955 -1.4656 -1.4656
17600 53.75 27.00 0.00 -1.4026 -2.9199 -2.9199
17625 53.75 27.00 0.00 -1.4026 -2.9199 -2.9199
17650 53.67 26.63 0.00 -2.6254 -2.0382 -2.0382
17675 53.54 26.42 0.00 -2.5613 -2.1339 -2.1339
17700 53.54 26.42 0.00 -2.5613 -2.1339 -2.1339
17725 53.53 26.32 0.00 0.0166 0.0800 0.0800
17750 53.51 26.22 0.00 -0.1339 -1.9868 -1.9868
17775 53.56 26.15 0.00 2.4088 1.3783 1.3783
17800 53.56 26.15 0.00 2.4088 1.3783 1.3783
17825 53.63 26.29 0.00 1.0145 -1.2314 -1.2314
17850 53.68 26.44 0.00 2.1011 0.2591 0.2591
17875 53.68 26.44 0.00 2.1011 0.2591 0.2591
17900 53.77 26.56 0.00 2.1788 1.2337 1.2337
17925 53.86 26.63 0.00 1.9738 3.4184 3.4184
17950 53.86 26.63 0.00 1.9738 3.4184 3.4184
17975 53.91 26.65 0.00 0.3042 0.5310 0.5310
18000 53.95 26.55 0.00 1.5413 1.8527 1.8527
18025 54.00 26.50 0.00 1.2427 0.7648 0.7648
18050 54.00 26.50 0.00 1.2427 0.7648 0.7648
18075 54.07 26.55 0.00 2.0501 2.8150 2.8150
18100 54.14 26.65 0.00 2.6153 3.5895 3.5895
18125 54.14 26.65 0.00 2.6153 3.5895 3.5895
18150 54.28 26.84 0.00 2.8555 3.5686 3.5686
18175 54.35 26.96 0.00 1.8333 2.4929 2.4929
18200 54.35 26.96 0.00 1.8333 2.4929 2.4929
18225 54.40 27.17 0.00 0.6787 1.5550 1.5550
18250 54.40 27.32 0.00 -0.0098 1.4544 1.4544
18275 54.40 27.44 0.00 -0.5762 1.5740 1.5740
18300 54.37 27.54 0.00 -0.6977 1.1957 1.1957
18325 54.37 27.54 0.00 -0.6977 1.1957 1.1957
18350 54.30 27.52 0.00 -2.1462 -1.2643 -1.2643
18375 54.24 27.32 0.00 -0.2995 0.9896 0.9896
18400 54.24 27.32 0.00 -0.2995 0.9896 0.9896
18425 54.24 27.30 0.00 -0.6270 -0.0188 -0.0188
18450 54.19 27.40 0.00 -1.0559 -3.9136 -3.9136
18475 54.19 27.40 0.00 -1.0559 -3.9136 -3.9136
18500 54.16 27.59 0.00 -1.5363 -3.9764 -3.9764
18525 54.05 27.79 0.00 -3.0821 -3.1930 -3.1930
18550 54.05 27.79 0.00 -3.0821 -3.1930 -3.1930
18575 53.91 27.82 0.00 -3.7806 -1.8819 -1.8819
18600 53.77 27.65 0.00 -2.5611 -2.1201 -2.1201
18625 53.77 27.65 0.00 -2.5611 -2.1201 -2.1201
18650 53.72 27.48 0.00 -1.0632 -1.9449 -1.9449
18675 53.68 27.31 0.00 -0.7354 -2.5469 -2.5469
18700 53.67 27.22 0.00 -0.1961 -0.3560 -0.3560
18725 53.67 27.22 0.00 -0.1961 -0.3560 -0.3560
18750 53.67 27.14 0.00 0.2448 1.0164 1.0164
18775 53.67 27.07 0.00 -0.0260 -0.3721 -0.3721
18800 53.67 27.07 0.00 -0.0260 -0.3721 -0.3721
18825 53.67 27.07 0.00 -0.8041 -1.6927 -1.6927
18850 53.58 27.10 0.00 -2.5647 -2.5779 -2.5779
18875 53.47 27.12 0.00 -3.0652 -1.6995 -1.6995
18900 53.47 27.12 0.00 -3.0652 -1.6995 -1.6995
18925 53.37 27.15 0.00 -1.6898 -1.7688 -1.7688
18950 53.32 27.18 0.00 -1.7588 -3.3093 -3.3093
18975 53.32 27.18 0.00 -1.7588 -3.3093 -3.3093
19000 53.28 27.18 0.00 -0.3267 -1.9679 -1.9679
19025 53.30 27.23 0.00 0.3577 0.7782 0.7782
19050 53.25 27.37 0.00 -2.5752 -2.8942 -2.8942
19075 53.25 27.37 0.00 -2.5752 -2.8942 -2.8942
19100 53.09 27.47 0.00 -4.4035 -4.6091 -4.6091
19125 52.90 27.48 0.00 -5.2034 -4.3857 -4.3857
19150 52.90 27.48 0.00 -5.2034 -4.3857 -4.3857
19175 52.72 27.31 0.00 -3.0463 -1.4091 -1.4091
19200 52.64 27.04 0.00 -2.3213 -3.5936 -3.5936
19225 52.64 27.04 0.00 -2.3213 -3.5936 -3.5936
19250 52.58 26.73 0.00 -0.8856 -0.0275 -0.0275
19275 52.53 26.29 0.00 -1.5863 -1.7921 -1.7921
19300 52.53 26.29 0.00 -1.5863 -1.7921 -1.7921
19325 52.55 25.90 0.00 2.0678 1.6953 1.6953
19350 52.71 25.55 0.00 4.5642 4.9735 4.9735
19375 52.85 25.30 0.00 2.6664 3.0821 3.0821
19400 52.85 25.30 0.00 2.6664 3.0821 3.0821
19425 52.90 25.12 0.00 0.3927 0.4403 0.4403
19450 52.88 25.05 0.00 -0.5059 -0.6666 -0.6666
19475 52.88 25.05 0.00 -0.5059 -0.6666 -0.6666
19500 52.86 25.03 0.00 -0.5328 -0.0427 -0.0427
19525 52.86 25.05 0.00 -0.1069 0.4023 0.4023
19550 52.86 25.05 0.00 -0.1069 0.4023 0.4023
19575 52.86 24.98 0.00 -0.0452 -0.0537 -0.0537
19600 52.86 24.83 0.00 0.3885 -0.5702 -0.5702
19625 52.93 24.75 0.00 2.2976 3.7661 3.7661
19650 52.93 24.75 0.00 2.2976 3.7661 3.7661
19675 52.95 24.78 0.00 -0.6727 -1.4204 -1.4204
19700 52.95 24.78 0.00 -0.6727 -1.4204 -1.4204
19725 52.88 24.85 0.00 -2.1627 -4.2639 -4.2639
19750 52.81 24.95 0.00 -1.8492 -3.2664 -3.2664
19775 52.72 24.98 0.00 -2.1896 -1.9557 -1.9557
19800 52.72 24.98 0.00 -2.1896 -1.9557 -1.9557
19825 52.67 24.95 0.00 -1.3718 -0.2366 -0.2366
19850 52.60 24.81 0.00 -1.8923 -1.9334 -1.9334
19875 52.60 24.81 0.00 -1.8923 -1.9334 -1.9334
19900 52.57 24.53 0.00 -0.5744 -0.7194 -0.7194
19925 52.51 24.31 0.00 -1.5082 -2.2256 -2.2256
19950 52.43 24.29 0.00 -2.4084 -1.4859 -1.4859
19975 52.43 24.29 0.00 -2.4084 -1.4859 -1.4859
20000 52.29 24.36 0.00 -4.4211 -3.4876 -3.4876
20025 52.11 24.52 0.00 -4.5678 -4.7665 -4.7665
20050 52.11 24.52 0.00 -4.5678 -4.7665 -4.7665
20075 51.96 24.67 0.00 -3.1623 -4.9249 -4.9249
20100 51.82 24.74 0.00 -3.8916 -4.7306 -4.7306
20125 51.64 24.82 0.00 -4.0773 -3.0768 -3.0768
20150 51.64 24.82 0.00 -4.0773 -3.0768 -3.0768
20175 51.50 24.82 0.00 -3.4766 -2.3649 -2.3649
20200 51.38 24.80 0.00 -2.7513 -3.9130 -3.9130
20225 51.38 24.80 0.00 -2.7513 -3.9130 -3.9130
20250 51.31 24.75 0.00 -0.7979 -1.4304 -1.4304
20275 51.31 24.75 0.00 -0.7979 -1.4304 -1.4304
20300 51.33 24.80 0.00 0.9838 0.7003 0.7003
20325 51.33 25.02 0.00 -0.3528 -3.5980 -3.5980
20350 51.27 25.32 0.00 -2.3260 -5.7555 -5.7555
20375 51.15 25.59 0.00 -3.6212 -5.8992 -5.8992
20400 51.15 25.59 0.00 -3.6212 -5.8992 -5.8992
20425 51.03 25.86 0.00 -2.6914 -3.2745 -3.2745
20450 50.94 26.01 0.00 -2.9038 -4.3240 -4.3240
20475 50.94 26.01 0.00 -2.9038 -4.3240 -4.3240
20500 50.87 26.18 0.00 -0.4989 0.0464 0.0464
20525 50.89 26.21 0.00 0.7094 0.4276 0.4276
20550 50.93 26.13 0.00 1.6685 2.3453 2.3453
20575 50.93 26.13 0.00 1.6685 2.3453 2.3453
20600 50.99 26.01 0.00 1.7766 4.0417 4.0417
20625 50.99 26.01 0.00 1.7766 4.0417 4.0417
20650 51.05 25.91 0.00 0.5324 4.5780 4.5780
20675 51.03 25.94 0.00 -0.5552 3.1217 3.1217
20700 50.99 26.01 0.00 -1.3100 0.6909 0.6909
20725 50.99 26.01 0.00 -1.3100 0.6909 0.6909
20750 50.94 26.04 0.00 -0.8155 0.2293 0.2293
20775 50.89 25.89 0.00 -1.9991 -1.0921 -1.0921
20800 50.89 25.89 0.00 -1.9991 -1.0921 -1.0921
20825 50.79 25.67 0.00 -3.0810 -1.8557 -1.8557
20850 50.63 25.45 0.00 -3.9059 -3.4760 -3.4760
20875 50.49 25.18 0.00 -2.7416 -1.0184 -1.0184
20900 50.49 25.18 0.00 -2.7416 -1.0184 -1.0184
20925 50.37 25.13 0.00 -3.6331 -3.2698 -3.2698
20950 50.23 25.20 0.00 -2.5583 -4.6159 -4.6159
20975 50.23 25.20 0.00 -2.5583 -4.6159 -4.6159
21000 50.19 25.18 0.00 -0.3751 -2.0144 -2.0144
21025 50.12 25.10 0.00 -2.5428 -2.3458 -2.3458
21050 50.12 25.10 0.00 -2.5428 -2.3458 -2.3458
21075 50.02 25.03 0.00 -2.6932 -1.3336 -1.3336
21100 49.90 24.95 0.00 -3.1102 -5.0715 -5.0715
21125 49.83 24.85 0.00 -1.3444 -5.9325 -5.9325
21150 49.83 24.85 0.00 -1.3444 -5.9325 -5.9325
21175 49.79 24.78 0.00 -0.2972 -6.6831 -6.6831
21200 49.83 24.78 0.00 1.0439 -2.4615 -2.4615
21225 49.83 24.78 0.00 1.0439 -2.4615 -2.4615
21250 49.81 24.80 0.00 -1.4710 -3.8438 -3.8438
21275 49.72 24.85 0.00 -1.6692 -3.7350 -3.7350
21300 49.72 24.85 0.00 -1.6692 -3.7350 -3.7350
21325 49.74 24.90 0.00 2.0647 -0.1401 -0.1401
21350 49.83 24.90 0.00 2.8487 0.9876 0.9876
21375 49.97 24.85 0.00 3.6607 0.5155 0.5155
21400 49.97 24.85 0.00 3.6607 0.5155 0.5155
21425 50.10 24.68 0.00 3.0531 -1.8392 -1.8392
21450 50.21 24.53 0.00 2.0808 -1.9816 -1.9816
21475 50.21 24.53 0.00 2.0808 -1.9816 -1.9816
21500 50.33 24.33 0.00 4.0180 1.6708 1.6708
21525 50.56 24.31 0.00 6.1586 4.7909 4.7909
21550 50.56 24.31 0.00 6.1586 4.7909 4.7909
21575 50.73 24.40 0.00 3.0775 0.4126 0.4126
21600 50.79 24.58 0.00 -0.2395 -1.0725 -1.0725
21625 50.68 24.75 0.00 -3.0307 -3.4364 -3.4364
21650 50.68 24.75 0.00 -3.0307 -3.4364 -3.4364
21675 50.61 24.93 0.00 -1.0692 -1.0653 -1.0653
21700 50.58 24.90 0.00 -0.7023 -2.3189 -2.3189
21725 50.58 24.90 0.00 -0.7023 -2.3189 -2.3189
21750 50.59 24.83 0.00 0.3444 0.1836 0.1836
21775 50.58 24.80 0.00 -0.9233 -0.8140 -0.8140
21800 50.52 24.80 0.00 -1.2277 0.6087 0.6087
21825 50.52 24.80 0.00 -1.2277 0.6087 0.6087
21850 50.49 24.83 0.00 -0.5208 0.9639 0.9639
21875 50.47 24.85 0.00 -0.1646 0.5491 0.5491
21900 50.47 24.85 0.00 -0.1646 0.5491 0.5491
21925 50.45 24.90 0.00 -0.5697 -1.5798 -1.5798
21950 50.44 25.00 0.00 -0.4349 -1.4678 -1.4678
21975 50.44 25.00 0.00 -0.4349 -1.4678 -1.4678
22000 50.40 25.03 0.00 -1.1790 -2.6357 -2.6357
22025 50.37 24.90 0.00 -1.5137 -2.1188 -2.1188
22050 50.37 24.90 0.00 -1.5137 -2.1188 -2.1188
22075 50.28 24.61 0.00 -1.9242 -2.3960 -2.3960
22100 50.30 24.26 0.00 2.0483 3.6380 3.6380
22125 50.30 24.26 0.00 2.0483 3.6380 3.6380
22150 50.35 24.01 0.00 1.0669 1.1914 1.1914
22175 50.35 23.86 0.00 -0.0450 -0.5999 -0.5999
22200 50.33 23.81 0.00 -0.6016 -0.3276 -0.3276
22225 50.33 23.81 0.00 -0.6016 -0.3276 -0.3276
22250 50.30 23.76 0.00 -0.8355 0.4145 0.4145
22275 50.26 23.73 0.00 -1.2811 0.1993 0.1993
22300 50.26 23.73 0.00 -1.2811 0.1993 0.1993
22325 50.26 23.53 0.00 1.2584 3.2517 3.2517
22350 50.30 23.18 0.00 0.7486 0.4433 0.4433
22375 50.33 22.95 0.00 0.8147 1.4532 1.4532
22400 50.33 22.95 0.00 0.8147 1.4532 1.4532
22425 50.37 22.85 0.00 0.8427 2.6293 2.6293
22450 50.40 22.77 0.00 0.7837 2.5436 2.5436
22475 50.40 22.77 0.00 0.7837 2.5436 2.5436
22500 50.40 22.80 0.00 -0.4206 0.5284 0.5284
22525 50.37 22.90 0.00 -1.2469 -1.0853 -1.0853
22550 50.37 22.90 0.00 -1.2469 -1.0853 -1.0853
22575 50.28 23.08 0.00 -3.1636 -2.7658 -2.7658
22600 50.12 23.20 0.00 -3.6748 -2.4974 -2.4974
22625 50.12 23.20 0.00 -3.6748 -2.4974 -2.4974
22650 49.91 23.30 0.00 -6.6056 -6.2999 -6.2999
22675 49.63 23.35 0.00 -5.2842 -3.9704 -3.9704
22700 49.48 23.48 0.00 -4.5809 -6.2627 -6.2627
22725 49.48 23.48 0.00 -4.5809 -6.2627 -6.2627
22750 49.30 23.65 0.00 -3.5915 -7.2167 -7.2167
22775 49.16 23.90 0.00 -3.6365 -6.4813 -6.4813
22800 49.16 23.90 0.00 -3.6365 -6.4813 -6.4813
22825 49.01 24.15 0.00 -3.9520 -5.2121 -5.2121
22850 48.87 24.30 0.00 -3.6648 -4.3508 -4.3508
22875 48.74 24.33 0.00 -3.7551 -5.2929 -5.2929
22900 48.74 24.33 0.00 -3.7551 -5.2929 -5.2929
22925 48.62 24.28 0.00 -2.8535 -4.4987 -4.4987
22950 48.53 24.22 0.00 -2.0852 -4.8198 -4.8198
22975 48.50 24.20 0.00 -0.0485 -1.1368 -1.1368
23000 48.50 24.20 0.00 -0.0485 -1.1368 -1.1368
23025 48.52 24.25 0.00 1.1113 1.6512 1.6512
23050 48.59 24.33 0.00 2.0154 1.3148 1.3148
23075 48.59 24.33 0.00 2.0154 1.3148 1.3148
23100 48.66 24.38 0.00 0.5748 -1.1225 -1.1225
23125 48.62 24.43 0.00 -0.9566 -1.9256 -1.9256
23150 48.62 24.43 0.00 -0.9566 -1.9256 -1.9256
23175 48.57 24.42 0.00 -1.3545 -1.6699 -1.6699
23200 48.52 24.40 0.00 -1.9678 -1.9550 -1.9550
23225 48.52 24.40 0.00 -1.9678 -1.9550 -1.9550
23250 48.45 24.22 0.00 -0.9846 -0.6762 -0.6762
23275 48.48 24.05 0.00 1.1930 1.7593 1.7593
23300 48.48 24.05 0.00 1.1930 1.7593 1.7593
23325 48.46 23.97 0.00 -0.9638 -2.0270 -2.0270
23350 48.38 23.77 0.00 -3.5117 -2.2403 -2.2403
23375 48.20 23.39 0.00 -5.1326 -4.0141 -4.0141
23400 48.20 23.39 0.00 -5.1326 -4.0141 -4.0141
23425 48.04 23.12 0.00 -2.4760 -0.1251 -0.1251
23450 47.99 22.79 0.00 -0.9436 -1.5079 -1.5079
23475 47.99 22.51 0.00 -0.3710 1.5958 1.5958
23500 47.99 22.51 0.00 -0.3710 1.5958 1.5958
23525 47.92 22.38 0.00 -1.6888 -0.6522 -0.6522
23550 47.89 22.25 0.00 -0.6637 1.0413 1.0413
23575 47.89 22.25 0.00 -0.6637 1.0413 1.0413
23600 47.85 22.07 0.00 -0.5891 1.6119 1.6119
23625 47.84 21.87 0.00 -0.5251 1.1743 1.1743
23650 47.84 21.87 0.00 -0.5251 1.1743 1.1743
23675 47.82 21.69 0.00 -0.7514 0.6345 0.6345
23700 47.75 21.43 0.00 -1.9128 -2.5251 -2.5251
23725 47.64 21.33 0.00 -3.2979 -3.8434 -3.8434
23750 47.64 21.33 0.00 -3.2979 -3.8434 -3.8434
23775 47.56 21.35 0.00 -1.7135 -1.2038 -1.2038
23800 47.47 21.38 0.00 -1.7477 -2.0142 -2.0142
23825 47.47 21.38 0.00 -1.7477 -2.0142 -2.0142
23850 47.47 21.33 0.00 1.3100 2.5575 2.5575
23875 47.52 21.38 0.00 0.7572 -0.6839 -0.6839
23900 47.52 21.38 0.00 0.7572 -0.6839 -0.6839
23925 47.54 21.51 0.00 0.6257 -0.6841 -0.6841
23950 47.54 21.69 0.00 -0.0482 -1.8199 -1.8199
23975 47.54 21.69 0.00 -0.0482 -1.8199 -1.8199
24000 47.56 21.84 0.00 0.3288 -1.1925 -1.1925
24025 47.59 21.94 0.00 0.7469 -0.3174 -0.3174
24050 47.61 22.02 0.00 0.9341 0.3257 0.3257
24075 47.61 22.02 0.00 0.9341 0.3257 0.3257
24100 47.64 22.12 0.00 0.6444 -1.7930 -1.7930
24125 47.68 22.27 0.00 0.6606 -1.2890 -1.2890
24150 47.68 22.27 0.00 0.6606 -1.2890 -1.2890
24175 47.73 22.48 0.00 2.2016 1.1915 1.1915
24200 47.84 22.73 0.00 2.1726 1.5964 1.5964
24225 47.84 22.73 0.00 2.1726 1.5964 1.5964
24250 47.89 22.96 0.00 0.7660 0.1191 0.1191
24275 47.87 23.16 0.00 -0.7177 -1.5033 -1.5033
24300 47.85 23.31 0.00 -0.6421 -1.3527 -1.3527
24325 47.85 23.31 0.00 -0.6421 -1.3527 -1.3527
24350 47.85 23.47 0.00 0.6632 0.7094 0.7094
24375 47.85 23.47 0.00 0.6632 0.7094 0.7094
24400 47.85 23.54 0.00 -0.1126 -0.5479 -0.5479
24425 47.85 23.49 0.00 0.4439 -0.3286 -0.3286
24450 47.91 23.47 0.00 0.2052 1.4116 1.4116
24475 47.91 23.47 0.00 0.2052 1.4116 1.4116
24500 47.82 23.49 0.00 -2.5318 -4.0522 -4.0522
24525 47.75 23.69 0.00 -1.6390 -4.4251 -4.4251
24550 47.75 23.69 0.00 -1.6390 -4.4251 -4.4251
24575 47.70 23.84 0.00 -1.1850 -2.0634 -2.0634
24600 47.64 23.81 0.00 -1.1306 0.2337 0.2337
24625 47.59 23.71 0.00 -1.4282 -2.0505 -2.0505
24650 47.59 23.71 0.00 -1.4282 -2.0505 -2.0505
24675 47.61 23.51 0.00 1.0785 0.5226 0.5226
24700 47.63 23.19 0.00 0.3208 -1.2338 -1.2338
24725 47.63 23.19 0.00 0.3208 -1.2338 -1.2338
24750 47.59 22.81 0.00 -1.9772 -0.3126 -0.3126
24775 47.45 22.17 0.00 -4.6692 0.4362 0.4362
24800 47.45 22.17 0.00 -4.6692 0.4362 0.4362
24825 47.29 21.76 0.00 -2.7254 1.1135 1.1135
24850 47.28 21.73 0.00 1.1065 -0.0186 -0.0186
24875 47.38 21.84 0.00 2.6497 -1.9822 -1.9822
24900 47.38 21.84 0.00 2.6497 -1.9822 -1.9822
24925 47.45 22.04 0.00 1.1787 -2.2456 -2.2456
24950 47.42 22.30 0.00 -2.1704 -1.5153 -1.5153
24975 47.42 22.30 0.00 -2.1704 -1.5153 -1.5153
25000 47.26 22.50 0.00 -4.4892 -3.3407 -3.3407
25025 47.17 22.60 0.00 -0.5354 -0.4315 -0.4315
25050 47.17 22.60 0.00 -0.5354 -0.4315 -0.4315
25075 47.19 22.80 0.00 0.2295 -2.0662 -2.0662
25100 47.14 23.08 0.00 -2.1506 -5.5265 -5.5265
25125 47.03 23.33 0.00 -2.6353 -5.6482 -5.6482
25150 47.03 23.33 0.00 -2.6353 -5.6482 -5.6482
25175 46.94 23.50 0.00 -2.8970 -5.0301 -5.0301
25200 46.87 23.70 0.00 -1.5863 -3.1683 -3.1683
25225 46.87 23.70 0.00 -1.5863 -3.1683 -3.1683
25250 46.79 23.77 0.00 -2.0978 -4.6386 -4.6386
25275 46.72 23.72 0.00 -1.4439 -1.9187 -1.9187
25300 46.72 23.72 0.00 -1.4439 -1.9187 -1.9187
25325 46.67 23.57 0.00 -1.2481 -3.2122 -3.2122
25350 46.65 23.47 0.00 -0.2836 -0.3896 -0.3896
25375 46.65 23.47 0.00 -0.2836 -0.3896 -0.3896
25400 46.67 23.34 0.00 0.5579 1.3237 1.3237
25425 46.68 23.09 0.00 0.8366 1.2391 1.2391
25450 46.68 23.09 0.00 0.8366 1.2391 1.2391
25475 46.70 22.76 0.00 0.4317 -0.2986 -0.2986
25500 46.72 22.61 0.00 -0.1994 -1.5570 -1.5570
25525 46.68 22.51 0.00 -1.2329 -1.6472 -1.6472
25550 46.68 22.51 0.00 -1.2329 -1.6472 -1.6472
25575 46.61 22.46 0.00 -1.9736 -1.5194 -1.5194
25600 46.51 22.40 0.00 -2.5441 -3.5627 -3.5627
25625 46.51 22.40 0.00 -2.5441 -3.5627 -3.5627
25650 46.46 22.33 0.00 -0.2796 -0.3656 -0.3656
25675 46.49 22.33 0.00 0.9793 0.6463 0.6463
25700 46.51 22.46 0.00 0.0654 -2.8839 -2.8839
25725 46.51 22.46 0.00 0.0654 -2.8839 -2.8839
25750 46.46 22.56 0.00 -1.8069 -3.4881 -3.4881
25775 46.37 22.55 0.00 -2.3119 -2.4100 -2.4100
25800 46.30 22.50 0.00 -1.6937 0.8494 0.8494
25825 46.30 22.50 0.00 -1.6937 0.8494 0.8494
25850 46.21 22.22 0.00 -2.0102 -1.4180 -1.4180
25875 46.21 22.22 0.00 -2.0102 -1.4180 -1.4180
25900 46.19 21.84 0.00 -0.1494 -1.1607 -1.1607
25925 46.19 21.35 0.00 0.3139 -1.6487 -1.6487
25950 46.19 21.35 0.00 0.3139 -1.6487 -1.6487
25975 46.23 20.97 0.00 0.9894 0.5639 0.5639
26000 46.25 20.76 0.00 0.5647 1.6489 1.6489
26025 46.25 20.61 0.00 0.2204 1.7492 1.7492
26050 46.25 20.61 0.00 0.2204 1.7492 1.7492
26075 46.25 20.48 0.00 -0.4293 0.2111 0.2111
26100 46.19 20.35 0.00 -1.8826 -1.9584 -1.9584
26125 46.19 20.35 0.00 -1.8826 -1.9584 -1.9584
26150 46.12 20.32 0.00 -1.2180 -0.8647 -0.8647
26175 46.07 20.29 0.00 -1.2956 -2.7907 -2.7907
26200 46.02 20.21 0.00 -1.9142 -3.6823 -3.6823
26225 46.02 20.21 0.00 -1.9142 -3.6823 -3.6823
26250 45.97 20.16 0.00 -0.7061 -2.1992 -2.1992
26275 45.97 20.18 0.00 0.0531 -0.4915 -0.4915
26300 45.97 20.18 0.00 0.0531 -0.4915 -0.4915
26325 45.93 20.36 0.00 -1.6816 -5.8080 -5.8080
26350 45.83 20.57 0.00 -3.1273 -6.7658 -6.7658
26375 45.67 20.74 0.00 -4.2115 -6.8289 -6.8289
26400 45.67 20.74 0.00 -4.2115 -6.8289 -6.8289
26425 45.51 20.89 0.00 -3.8833 -5.0928 -5.0928
26450 45.34 21.02 0.00 -4.4557 -6.5354 -6.5354
26475 45.34 21.02 0.00 -4.4557 -6.5354 -6.5354
26500 45.21 21.01 0.00 -2.0322 -2.6975 -2.6975
26525 45.14 20.99 0.00 -2.1100 -4.7739 -4.7739
26550 45.14 20.99 0.00 -2.1100 -4.7739 -4.7739
26575 45.06 20.96 0.00 -1.8282 -2.6680 -2.6680
26600 45.00 20.85 0.00 -0.9401 -0.9058 -0.9058
26625 45.00 20.85 0.00 -0.9401 -0.9058 -0.9058
26650 44.95 20.82 0.00 -1.5078 -2.0625 -2.0625
26675 44.93 20.85 0.00 -0.4731 -2.3121 -2.3121
26700 44.93 20.85 0.00 -0.4731 -2.3121 -2.3121
26725 44.92 20.85 0.00 -0.5019 -2.8263 -2.8263
26750 44.86 20.77 0.00 -1.8171 -2.9375 -2.9375
26775 44.79 20.72 0.00 -1.9364 -2.6579 -2.6579
26800 44.74 20.56 0.00 -1.4365 -2.9942 -2.9942
26825 44.74 20.56 0.00 -1.4365 -2.9942 -2.9942
26850 44.71 20.30 0.00 -0.6493 -3.2260 -3.2260
26875 44.72 19.96 0.00 1.3692 1.4047 1.4047
26900 44.72 19.96 0.00 1.3692 1.4047 1.4047
26925 44.76 19.83 0.00 -0.0686 -2.0114 -2.0114
26950 44.72 19.81 0.00 -0.9134 -2.4395 -2.4395
26975 44.72 19.81 0.00 -0.9134 -2.4395 -2.4395
27000 44.67 19.83 0.00 -1.6288 -2.7900 -2.7900
27025 44.62 19.83 0.00 -0.6125 -0.2389 -0.2389
27050 44.58 19.70 0.00 -0.8857 -1.4765 -1.4765
27075 44.58 19.70 0.00 -0.8857 -1.4765 -1.4765
27100 44.57 19.49 0.00 -0.5687 1.1095 1.1095
27125 44.53 19.25 0.00 -0.9192 -0.5709 -0.5709
27150 44.53 19.25 0.00 -0.9192 -0.5709 -0.5709
27175 44.53 19.04 0.00 0.9607 1.1352 1.1352
27200 44.60 18.89 0.00 2.1493 2.6524 2.6524
27225 44.60 18.89 0.00 2.1493 2.6524 2.6524
27250 44.67 18.79 0.00 1.4232 2.6118 2.6118
27275 44.69 18.71 0.00 -0.2153 -0.2502 -0.2502
27300 44.69 18.71 0.00 -0.2153 -0.2502 -0.2502
27325 44.67 18.65 0.00 -1.0787 -1.7712 -1.7712
27350 44.62 18.68 0.00 -1.2715 -1.5514 -1.5514
27375 44.57 18.62 0.00 -1.0109 -1.1039 -1.1039
27400 44.57 18.62 0.00 -1.0109 -1.1039 -1.1039
27425 44.53 18.60 0.00 -0.9481 -1.6714 -1.6714
27450 44.46 18.57 0.00 -1.8904 -3.4266 -3.4266
27475 44.46 18.57 0.00 -1.8904 -3.4266 -3.4266
27500 44.44 18.51 0.00 0.3670 0.3063 0.3063
27525 44.46 18.59 0.00 0.3869 -1.3458 -1.3458
27550 44.46 18.59 0.00 0.3869 -1.3458 -1.3458
27575 44.46 18.75 0.00 -0.4841 -3.7086 -3.7086
27600 44.41 18.99 0.00 -1.3148 -3.9280 -3.9280
27625 44.41 18.99 0.00 -1.3148 -3.9280 -3.9280
27650 44.32 19.19 0.00 -2.7094 -4.3838 -4.3838
27675 44.23 19.37 0.00 -2.1639 -1.8543 -1.8543
27700 44.11 19.42 0.00 -3.1252 -3.5277 -3.5277
27725 44.11 19.42 0.00 -3.1252 -3.5277 -3.5277
27750 44.04 19.34 0.00 -1.5718 -2.0365 -2.0365
27775 43.97 19.23 0.00 -1.6156 -2.7936 -2.7936
27800 43.97 19.23 0.00 -1.6156 -2.7936 -2.7936
27825 43.92 19.15 0.00 -1.1164 -1.4712 -1.4712
27850 43.90 19.20 0.00 -0.1035 -0.3512 -0.3512
27875 43.90 19.33 0.00 0.2579 -0.2913 -0.2913
27900 43.90 19.33 0.00 0.2579 -0.2913 -0.2913
27925 43.90 19.44 0.00 -0.5224 -2.2678 -2.2678
27950 43.85 19.51 0.00 -1.9403 -3.5449 -3.5449
27975 43.85 19.51 0.00 -1.9403 -3.5449 -3.5449
28000 43.74 19.56 0.00 -2.5345 -2.5557 -2.5557
28025 43.66 19.61 0.00 -2.1207 -2.2912 -2.2912
28050 43.66 19.61 0.00 -2.1207 -2.2912 -2.2912
28075 43.60 19.60 0.00 -1.4116 -3.0236 -3.0236
28100 43.55 19.55 0.00 -1.2231 -3.9894 -3.9894
28125 43.55 19.55 0.00 -1.2231 -3.9894 -3.9894
28150 43.57 19.60 0.00 1.2138 1.7536 1.7536
28175 43.59 19.81 0.00 -0.2522 -2.3871 -2.3871
28200 43.59 19.81 0.00 -0.2522 -2.3871 -2.3871
28225 43.53 20.02 0.00 -1.3953 -4.3342 -4.3342
28250 43.46 20.25 0.00 -1.7894 -5.0042 -5.0042
28275 43.41 20.35 0.00 -1.1410 -2.5128 -2.5128
28300 43.41 20.35 0.00 -1.1410 -2.5128 -2.5128
28325 43.39 20.40 0.00 -1.2160 -1.6351 -1.6351
28350 43.38 20.30 0.00 1.1733 1.8496 1.8496
28375 43.48 20.07 0.00 2.8274 3.2946 3.2946
28400 43.48 20.07 0.00 2.8274 3.2946 3.2946
28425 43.53 19.84 0.00 0.4972 1.7396 1.7396
28450 43.55 19.68 0.00 0.5463 1.1542 1.1542
28475 43.55 19.68 0.00 0.5463 1.1542 1.1542
28500 43.59 19.60 0.00 1.4353 1.0947 1.0947
28525 43.67 19.63 0.00 2.0103 2.0360 2.0360
28550 43.67 19.63 0.00 2.0103 2.0360 2.0360
28575 43.73 19.58 0.00 0.9534 0.7732 0.7732
28600 43.76 19.43 0.00 0.2691 1.5696 1.5696
28625 43.69 19.11 0.00 -2.5881 -0.3761 -0.3761
28650 43.69 19.11 0.00 -2.5881 -0.3761 -0.3761
28675 43.60 18.71 0.00 -0.7105 1.5872 1.5872
28700 43.59 18.32 0.00 -1.2655 -1.5410 -1.5410
28725 43.59 18.32 0.00 -1.2655 -1.5410 -1.5410
28750 43.52 17.92 0.00 -2.1582 -2.4509 -2.4509
28775 43.43 17.73 0.00 -2.8170 -1.3620 -1.3620
28800 43.25 17.80 0.00 -5.1757 -4.4864 -4.4864
28825 43.25 17.80 0.00 -5.1757 -4.4864 -4.4864
28850 43.08 17.79 0.00 -3.7278 -4.2041 -4.2041
28875 42.88 17.70 0.00 -4.9278 -7.0437 -7.0437
28900 42.88 17.70 0.00 -4.9278 -7.0437 -7.0437
28925 42.71 17.53 0.00 -4.6190 -5.1884 -5.1884
28950 42.50 17.28 0.00 -4.5204 -5.5051 -5.5051
28975 42.50 17.28 0.00 -4.5204 -5.5051 -5.5051
29000 42.36 17.14 0.00 -3.7143 -4.8571 -4.8571
29025 42.22 17.03 0.00 -3.1710 -4.9325 -4.9325
29050 42.15 16.94 0.00 -1.1316 -3.3509 -3.3509
29075 42.15 16.94 0.00 -1.1316 -3.3509 -3.3509
29100 42.11 16.97 0.00 -0.7339 -2.0398 -2.0398
29125 42.09 17.02 0.00 -0.3270 -0.9318 -0.9318
29150 42.09 17.02 0.00 -0.3270 -0.9318 -0.9318
29175 42.09 17.02 0.00 -0.2545 -0.9931 -0.9931
29200 42.06 16.99 0.00 -1.2514 -2.2565 -2.2565
29225 42.06 16.99 0.00 -1.2514 -2.2565 -2.2565
29250 42.01 17.02 0.00 -1.5945 -2.0388 -2.0388
29275 41.95 17.12 0.00 -0.8286 -1.5021 -1.5021
29300 41.94 17.25 0.00 0.0258 -1.4968 -1.4968
29325 41.94 17.25 0.00 0.0258 -1.4968 -1.4968
29350 41.95 17.41 0.00 0.9668 -1.8216 -1.8216
29375 42.04 17.50 0.00 3.4032 3.6970 3.6970
29400 42.04 17.50 0.00 3.4032 3.6970 3.6970
29425 42.15 17.66 0.00 1.3178 1.7857 1.7857
29450 42.18 17.93 0.00 1.0141 0.6527 0.6527
29475 42.18 17.93 0.00 1.0141 0.6527 0.6527
29500 42.22 18.17 0.00 0.4650 0.2491 0.2491
29525 42.20 18.43 0.00 -0.7089 -0.3994 -0.3994
29550 42.20 18.43 0.00 -0.7089 -0.3994 -0.3994
29575 42.18 18.64 0.00 -0.8599 0.5096 0.5096
29600 42.15 18.72 0.00 -0.2097 1.3203 1.3203
29625 42.11 18.72 0.00 -1.7622 -1.7236 -1.7236
29650 42.11 18.72 0.00 -1.7622 -1.7236 -1.7236
29675 42.02 18.69 0.00 -2.2147 -2.0588 -2.0588
29700 41.97 18.68 0.00 -1.0111 0.3638 0.3638
29725 41.97 18.68 0.00 -1.0111 0.3638 0.3638
29750 41.94 18.63 0.00 -0.5042 0.5837 0.5837
29775 41.95 18.63 0.00 0.2148 0.1794 0.1794
29800 41.88 18.52 0.00 -3.0486 -3.3664 -3.3664
29825 41.88 18.52 0.00 -3.0486 -3.3664 -3.3664
29850 41.69 18.27 0.00 -5.4771 -4.7875 -4.7875
29875 41.55 17.97 0.00 -4.2087 -4.1922 -4.1922
29900 41.55 17.97 0.00 -4.2087 -4.1922 -4.1922
29925 41.37 17.67 0.00 -5.0283 -6.8143 -6.8143
29950 41.11 17.44 0.00 -8.2455 -10.5804 -10.5804
29975 41.11 17.44 0.00 -8.2455 -10.5804 -10.5804
30000 40.76 17.15 0.00 -8.2397 -11.0448 -11.0448
30025 40.55 16.98 0.00 -4.4701 -4.6619 -4.6619
30050 40.28 16.85 0.00 -7.9364 -10.3961 -10.3961
30075 40.28 16.85 0.00 -7.9364 -10.3961 -10.3961
30100 39.88 16.55 0.00 -10.4335 -12.2991 -12.2991
30125 39.49 16.12 0.00 -9.2550 -12.4842 -12.4842
30150 39.49 16.12 0.00 -9.2550 -12.4842 -12.4842
30175 39.17 15.85 0.00 -7.5795 -11.0442 -11.0442
30200 38.82 15.69 0.00 -10.3074 -13.6958 -13.6958
30225 38.82 15.69 0.00 -10.3074 -13.6958 -13.6958
30250 38.41 15.39 0.00 -10.3687 -11.7206 -11.7206
30275 37.99 15.10 0.00 -10.1955 -14.0434 -14.0434
30300 37.69 14.83 0.00 -5.7452 -9.3598 -9.3598
30325 37.69 14.83 0.00 -5.7452 -9.3598 -9.3598
30350 37.51 14.57 0.00 -3.4306 -5.5666 -5.5666
30375 37.37 14.23 0.00 -3.5196 -4.0606 -4.0606
30400 37.37 14.23 0.00 -3.5196 -4.0606 -4.0606
30425 37.19 13.88 0.00 -5.3865 -6.3540 -6.3540
30450 36.94 13.58 0.00 -6.2682 -8.5102 -8.5102
30475 36.94 13.58 0.00 -6.2682 -8.5102 -8.5102
30500 36.62 13.46 0.00 -9.2387 -11.3312 -11.3312
30525 36.25 13.20 0.00 -8.4154 -11.1318 -11.1318
30550 36.25 13.20 0.00 -8.4154 -11.1318 -11.1318
30575 35.98 13.04 0.00 -6.1264 -10.1944 -10.1944
30600 35.80 12.93 0.00 -5.7774 -10.8319 -10.8319
30625 35.61 12.66 0.00 -4.5303 -5.8937 -5.8937
30650 35.61 12.66 0.00 -4.5303 -5.8937 -5.8937
30675 35.38 12.47 0.00 -6.6584 -11.0262 -11.0262
30700 35.38 12.47 0.00 -6.6584 -11.0262 -11.0262
30725 35.11 12.44 0.00 -6.2363 -11.1673 -11.1673
30750 34.89 12.47 0.00 -5.3406 -10.7952 -10.7952
30775 34.72 12.51 0.00 -3.6131 -7.4766 -7.4766
30800 34.72 12.51 0.00 -3.6131 -7.4766 -7.4766
30825 34.57 12.49 0.00 -3.9156 -7.5141 -7.5141
30850 34.47 12.39 0.00 -1.4437 -2.6129 -2.6129
30875 34.47 12.39 0.00 -1.4437 -2.6129 -2.6129
30900 34.45 12.22 0.00 -0.8523 -3.7543 -3.7543
30925 34.47 12.14 0.00 1.8584 0.2644 0.2644
30950 34.47 12.14 0.00 1.8584 0.2644 0.2644
30975 34.61 12.21 0.00 4.8506 4.4060 4.4060
31000 34.86 12.47 0.00 6.9252 6.9809 6.9809
31025 35.11 13.03 0.00 5.7002 5.2934 5.2934
31050 35.36 13.88 0.00 6.5605 6.4538 6.4538
31075 35.36 13.88 0.00 6.5605 6.4538 6.4538
31100 35.59 14.95 0.00 4.9027 5.5695 5.5695
31125 35.59 14.95 0.00 4.9027 5.5695 5.5695
31150 35.73 15.86 0.00 2.7646 4.1289 4.1289
31175 35.82 16.58 0.00 0.9734 1.5757 1.5757
31200 35.75 17.00 0.00 -2.1708 -2.5961 -2.5961
31225 35.75 17.00 0.00 -2.1708 -2.5961 -2.5961
31250 35.75 17.32 0.00 1.0450 3.7773 3.7773
31275 35.75 17.59 0.00 0.0102 -1.2326 -1.2326
31300 35.75 17.59 0.00 0.0102 -1.2326 -1.2326
31325 35.77 18.01 0.00 0.3113 -1.4716 -1.4716
31350 35.75 18.49 0.00 -1.4091 -3.1401 -3.1401
31375 35.75 18.49 0.00 -1.4091 -3.1401 -3.1401
31400 35.63 18.87 0.00 -3.4783 -4.7197 -4.7197
31425 35.47 19.12 0.00 -4.2304 -7.6223 -7.6223
31450 35.39 19.14 0.00 -2.0350 -4.0557 -4.0557
31475 35.39 19.14 0.00 -2.0350 -4.0557 -4.0557
31500 35.36 19.08 0.00 0.2854 -2.5668 -2.5668
31525 35.43 19.06 0.00 2.8206 2.0191 2.0191
31550 35.43 19.06 0.00 2.8206 2.0191 2.0191
31575 35.54 19.10 0.00 2.1952 2.9972 2.9972
31600 35.59 19.37 0.00 0.7707 1.4695 1.4695
31625 35.61 19.84 0.00 -0.1236 0.9069 0.9069
31650 35.61 19.84 0.00 -0.1236 0.9069 0.9069
31675 35.57 20.54 0.00 -1.1118 -1.3958 -1.3958
31700 35.52 21.25 0.00 -1.4754 -2.0422 -2.0422
31725 35.52 21.25 0.00 -1.4754 -2.0422 -2.0422
31750 35.50 22.02 0.00 0.2851 -0.4187 -0.4187
31775 35.54 22.77 0.00 0.7591 -2.1389 -2.1389
31800 35.54 22.77 0.00 0.7591 -2.1389 -2.1389
31825 35.64 23.43 0.00 4.3036 0.9656 0.9656
31850 35.95 24.09 0.00 8.8157 6.2478 6.2478
31875 35.95 24.09 0.00 8.8157 6.2478 6.2478
31900 36.28 24.75 0.00 7.9838 2.7425 2.7425
31925 36.57 25.61 0.00 6.6506 2.0737 2.0737
31950 36.78 26.45 0.00 4.4490 0.8066 0.8066
31975 36.78 26.45 0.00 4.4490 0.8066 0.8066
32000 36.92 27.14 0.00 2.9358 2.0320 2.0320
32025 37.01 27.64 0.00 2.0105 2.7518 2.7518
32050 37.01 27.64 0.00 2.0105 2.7518 2.7518
32075 37.07 27.93 0.00 1.0097 2.5098 2.5098
32100 37.08 28.01 0.00 -0.1416 1.8560 1.8560
32125 37.08 28.01 0.00 -0.1416 1.8560 1.8560
32150 37.08 28.03 0.00 0.2387 2.5195 2.5195
32175 37.10 27.96 0.00 0.3423 2.1381 2.1381
32200 37.12 27.89 0.00 0.3410 2.7392 2.7392
32225 37.12 27.89 0.00 0.3410 2.7392 2.7392
32250 37.12 27.64 0.00 0.0004 3.7067 3.7067
32275 37.08 27.28 0.00 -1.4914 1.8392 1.8392
32300 37.08 27.28 0.00 -1.4914 1.8392 1.8392
32325 36.99 26.83 0.00 -2.3389 1.7278 1.7278
32350 36.91 26.28 0.00 -2.6737 1.5518 1.5518
32375 36.75 25.63 0.00 -4.9733 -1.0725 -1.0725
32400 36.75 25.63 0.00 -4.9733 -1.0725 -1.0725
32425 36.57 24.87 0.00 -3.4909 4.0124 4.0124
32450 36.37 24.00 0.00 -6.3421 -0.0439 -0.0439
32475 36.37 24.00 0.00 -6.3421 -0.0439 -0.0439
32500 36.05 23.35 0.00 -8.8325 -5.4226 -5.4226
32525 35.66 22.83 0.00 -9.5940 -7.6311 -7.6311
32550 35.66 22.83 0.00 -9.5940 -7.6311 -7.6311
32575 35.38 22.42 0.00 -6.1243 -5.6386 -5.6386
32600 35.04 22.23 0.00 -9.6294 -8.9402 -8.9402
32625 34.72 22.10 0.00 -6.7179 -3.1828 -3.1828
32650 34.72 22.10 0.00 -6.7179 -3.1828 -3.1828
32675 34.47 21.95 0.00 -6.8674 -5.1928 -5.1928
32700 34.22 21.92 0.00 -5.4913 -3.3360 -3.3360
32725 34.22 21.92 0.00 -5.4913 -3.3360 -3.3360
32750 34.07 22.06 0.00 -2.3009 -1.7555 -1.7555
32775 34.05 22.26 0.00 0.5672 -1.3666 -1.3666
32800 34.05 22.26 0.00 0.5672 -1.3666 -1.3666
32825 34.09 22.60 0.00 1.1392 -1.7064 -1.7064
32850 34.07 23.05 0.00 -1.1047 -3.0789 -3.0789
32875 34.07 23.05 0.00 -1.1047 -3.0789 -3.0789
32900 34.02 23.63 0.00 -1.6662 -2.9788 -2.9788
32925 33.98 24.13 0.00 -1.0943 -2.2710 -2.2710
32950 33.88 24.92 0.00 -3.7152 -5.1492 -5.1492
32975 33.88 24.92 0.00 -3.7152 -5.1492 -5.1492
33000 33.75 25.60 0.00 -1.9292 -0.5844 -0.5844
33025 33.70 26.43 0.00 -1.4187 -0.7179 -0.7179
33050 33.70 26.43 0.00 -1.4187 -0.7179 -0.7179
33075 33.66 27.17 0.00 0.0097 -2.3837 -2.3837
33100 33.70 27.78 0.00 0.7629 -3.3174 -3.3174
33125 33.70 27.78 0.00 0.7629 -3.3174 -3.3174
33150 33.68 28.21 0.00 -0.9144 -3.7859 -3.7859
33175 33.53 28.54 0.00 -6.1459 -6.9097 -6.9097
33200 33.53 28.54 0.00 -6.1459 -6.9097 -6.9097
33225 33.27 28.68 0.00 -5.7090 -4.2864 -4.2864
33250 33.03 28.68 0.00 -5.8539 -5.6763 -5.6763
33275 32.83 28.76 0.00 -4.1897 -2.8760 -2.8760
33300 32.83 28.76 0.00 -4.1897 -2.8760 -2.8760
33325 32.69 28.84 0.00 -3.2537 -1.8038 -1.8038
33350 32.55 28.95 0.00 -4.3363 -2.5472 -2.5472
33375 32.55 28.95 0.00 -4.3363 -2.5472 -2.5472
33400 32.30 29.06 0.00 -7.2086 -5.1316 -5.1316
33425 31.99 29.13 0.00 -8.1134 -6.7904 -6.7904
33450 31.66 29.21 0.00 -7.9492 -7.2668 -7.2668
33475 31.66 29.21 0.00 -7.9492 -7.2668 -7.2668
33500 31.34 29.30 0.00 -8.1350 -6.1167 -6.1167
33525 31.05 29.31 0.00 -6.6305 -5.0781 -5.0781
33550 31.05 29.31 0.00 -6.6305 -5.0781 -5.0781
33575 30.85 29.27 0.00 -3.4580 -1.8606 -1.8606
33600 30.72 29.30 0.00 -4.2081 -3.6813 -3.6813
33625 30.44 29.41 0.00 -8.1325 -7.3274 -7.3274
33650 30.44 29.41 0.00 -8.1325 -7.3274 -7.3274
33675 30.05 29.61 0.00 -10.4451 -8.1131 -8.1131
33700 30.05 29.61 0.00 -10.4451 -8.1131 -8.1131
33725 29.60 29.82 0.00 -11.7733 -8.0716 -8.0716
33750 29.15 29.96 0.00 -11.1298 -7.1891 -7.1891
33775 28.78 30.01 0.00 -13.1366 -8.8636 -8.8636
33800 28.78 30.01 0.00 -13.1366 -8.8636 -8.8636
33825 28.25 30.04 0.00 -13.0557 -6.6425 -6.6425
33850 27.74 30.03 0.00 -12.5394 -8.1215 -8.1215
33875 27.74 30.03 0.00 -12.5394 -8.1215 -8.1215
33900 27.32 30.04 0.00 -9.3346 -6.3544 -6.3544
33925 26.95 30.14 0.00 -9.2714 -5.7150 -5.7150
33950 26.95 30.14 0.00 -9.2714 -5.7150 -5.7150
33975 26.60 30.36 0.00 -8.5314 -4.3503 -4.3503
34000 26.27 30.60 0.00 -7.8795 -4.0198 -4.0198
34025 26.27 30.60 0.00 -7.8795 -4.0198 -4.0198
34050 26.03 30.90 0.00 -4.9483 -3.1840 -3.1840
34075 25.84 31.23 0.00 -4.5193 -3.0420 -3.0420
34100 25.66 31.49 0.00 -4.2467 -0.8472 -0.8472
34125 25.66 31.49 0.00 -4.2467 -0.8472 -0.8472
34150 25.51 31.64 0.00 -2.8127 -1.4203 -1.4203
34175 25.53 31.79 0.00 2.5755 2.2355 2.2355
34200 25.53 31.79 0.00 2.5755 2.2355 2.2355
34225 25.64 31.89 0.00 1.1040 -2.0412 -2.0412
34250 25.59 32.10 0.00 -1.8960 -3.6110 -3.6110
34275 25.59 32.10 0.00 -1.8960 -3.6110 -3.6110
34300 25.49 32.39 0.00 -2.6317 -3.7492 -3.7492
34325 25.36 32.71 0.00 -3.8049 -3.6216 -3.6216
34350 25.14 32.98 0.00 -6.7854 -5.2007 -5.2007
34375 25.14 32.98 0.00 -6.7854 -5.2007 -5.2007
34400 24.83 33.13 0.00 -8.5941 -4.8525 -4.8525
34425 24.44 33.22 0.00 -10.4607 -7.9008 -7.9008
34450 24.44 33.22 0.00 -10.4607 -7.9008 -7.9008
34475 24.05 33.30 0.00 -9.3734 -6.0333 -6.0333
34500 23.71 33.44 0.00 -7.7898 -5.2774 -5.2774
34525 23.41 33.59 0.00 -7.1352 -5.0488 -5.0488
34550 23.41 33.59 0.00 -7.1352 -5.0488 -5.0488
34575 23.21 33.70 0.00 -7.2897 -5.7087 -5.7087
34600 22.91 33.85 0.00 -6.9215 -5.5590 -5.5590
34625 22.66 34.00 0.00 -6.1206 -5.2573 -5.2573
34650 22.66 34.00 0.00 -6.1206 -5.2573 -5.2573
34675 22.47 34.09 0.00 -3.4290 -4.5570 -4.5570
34700 22.36 34.10 0.00 -3.3934 -5.2225 -5.2225
34725 22.36 34.10 0.00 -3.3934 -5.2225 -5.2225
34750 22.17 33.90 0.00 -5.7584 -5.1988 -5.1988
34775 21.95 33.54 0.00 -5.2666 -3.4822 -3.4822
34800 21.63 33.19 0.00 -9.7211 -7.8887 -7.8887
34825 21.63 33.19 0.00 -9.7211 -7.8887 -7.8887
34850 21.17 32.65 0.00 -12.5729 -9.7771 -9.7771
34875 20.74 31.78 0.00 -9.1487 -10.5707 -10.5707
34900 20.74 31.78 0.00 -9.1487 -10.5707 -10.5707
34925 20.42 30.91 0.00 -7.8977 -9.9799 -9.9799
34950 20.09 29.95 0.00 -6.7356 -9.3417 -9.3417
34975 20.09 29.95 0.00 -6.7356 -9.3417 -9.3417
35000 19.88 29.18 0.00 -6.3564 -9.6202 -9.6202
35025 19.58 28.89 0.00 -6.8425 -7.5306 -7.5306
35050 19.58 28.89 0.00 -6.8425 -7.5306 -7.5306
35075 19.37 28.80 0.00 -4.0392 -3.3105 -3.3105
35100 19.26 28.90 0.00 -2.6970 -5.0484 -5.0484
35125 19.26 28.90 0.00 -2.6970 -5.0484 -5.0484
35150 19.20 29.21 0.00 -0.8328 -1.9978 -1.9978
35175 19.16 29.50 0.00 -0.9383 -2.6751 -2.6751
35200 19.12 29.83 0.00 -0.8693 -3.5680 -3.5680
35225 19.12 29.83 0.00 -0.8693 -3.5680 -3.5680
35250 19.10 30.24 0.00 -0.5906 -3.5357 -3.5357
35275 19.06 30.55 0.00 -1.9929 -4.0566 -4.0566
35300 19.06 30.55 0.00 -1.9929 -4.0566 -4.0566
35325 18.91 30.93 0.00 -4.9244 -5.9999 -5.9999
35350 18.62 31.27 0.00 -7.3440 -5.8262 -5.8262
35375 18.34 31.65 0.00 -7.9495 -7.5526 -7.5526
35400 18.34 31.65 0.00 -7.9495 -7.5526 -7.5526
35425 18.01 32.17 0.00 -7.7106 -9.1136 -9.1136
35450 17.72 32.91 0.00 -7.3520 -8.6558 -8.6558
35475 17.72 32.91 0.00 -7.3520 -8.6558 -8.6558
35500 17.37 33.56 0.00 -8.6632 -9.2996 -9.2996
35525 17.06 34.03 0.00 -7.3923 -7.9907 -7.9907
35550 16.77 34.42 0.00 -7.4612 -7.8006 -7.8006
35575 16.77 34.42 0.00 -7.4612 -7.8006 -7.8006
35600 16.46 34.77 0.00 -7.3355 -5.5396 -5.5396
35625 16.21 35.06 0.00 -5.5170 -4.6017 -4.6017
35650 16.21 35.06 0.00 -5.5170 -4.6017 -4.6017
35675 16.07 35.27 0.00 -2.3755 -3.1606 -3.1606
35700 16.05 35.57 0.00 0.4576 -1.1566 -1.1566
35725 16.05 35.57 0.00 0.4576 -1.1566 -1.1566
35750 16.11 35.90 0.00 1.6663 0.4783 0.4783
35775 16.17 36.21 0.00 1.6070 -0.2679 -0.2679
35800 16.17 36.21 0.00 1.6070 -0.2679 -0.2679
35825 16.19 36.52 0.00 -0.5465 -2.5288 -2.5288
35850 16.11 36.81 0.00 -3.2350 -4.2805 -4.2805
35875 15.94 36.96 0.00 -4.6382 -4.9312 -4.9312
35900 15.94 36.96 0.00 -4.6382 -4.9312 -4.9312
35925 15.74 37.02 0.00 -4.3461 -4.8473 -4.8473
35950 15.63 37.17 0.00 -3.2290 -1.6807 -1.6807
35975 15.63 37.17 0.00 -3.2290 -1.6807 -1.6807
36000 15.43 37.36 0.00 -6.1800 -5.3105 -5.3105
36025 15.16 37.71 0.00 -7.3278 -4.8203 -4.8203
36050 15.16 37.71 0.00 -7.3278 -4.8203 -4.8203
36075 14.82 38.09 0.00 -8.6952 -5.8555 -5.8555
36100 14.49 38.40 0.00 -7.3532 -4.3335 -4.3335
36125 14.23 38.64 0.00 -10.1886 -8.6411 -8.6411
36150 14.23 38.64 0.00 -10.1886 -8.6411 -8.6411
36175 13.76 38.88 0.00 -12.0439 -4.9568 -4.9568
36200 13.35 39.06 0.00 -8.6783 -2.1132 -2.1132
36225 13.35 39.06 0.00 -8.6783 -2.1132 -2.1132
36250 13.19 39.33 0.00 -1.3877 0.4267 0.4267
36275 13.21 39.63 0.00 2.2020 1.1170 1.1170
36300 13.21 39.63 0.00 2.2020 1.1170 1.1170
36325 13.41 39.96 0.00 6.1567 2.9919 2.9919
36350 13.72 40.37 0.00 8.9730 4.0370 4.0370
36375 13.72 40.37 0.00 8.9730 4.0370 4.0370
36400 14.06 40.87 0.00 7.6274 3.3260 3.3260
36425 14.35 41.35 0.00 7.5042 3.1872 3.1872
36450 14.65 41.84 0.00 7.6705 3.3894 3.3894
36475 14.65 41.84 0.00 7.6705 3.3894 3.3894
36500 14.94 42.28 0.00 6.9792 2.5647 2.5647
36525 15.25 42.53 0.00 8.5040 4.9689 4.9689
36550 15.25 42.53 0.00 8.5040 4.9689 4.9689
36575 15.61 42.80 0.00 8.4352 5.1754 5.1754
36600 15.96 43.09 0.00 9.0234 5.6888 5.6888
36625 16.29 43.36 0.00 7.1813 4.1862 4.1862
36650 16.29 43.36 0.00 7.1813 4.1862 4.1862
36675 16.54 43.62 0.00 5.6687 5.6108 5.6108
36700 16.72 43.86 0.00 3.3258 3.7118 3.7118
36725 16.72 43.86 0.00 3.3258 3.7118 3.7118
36750 16.77 43.91 0.00 0.7956 2.2651 2.2651
36775 16.77 43.87 0.00 -0.2560 -0.5324 -0.5324
36800 16.77 43.87 0.00 -0.2560 -0.5324 -0.5324
36825 16.77 43.84 0.00 -0.2872 0.5738 0.5738
36850 16.75 43.82 0.00 -0.3915 1.4972 1.4972
36875 16.77 43.87 0.00 0.7549 2.2150 2.2150
36900 16.77 43.87 0.00 0.7549 2.2150 2.2150
36925 16.75 43.97 0.00 -1.1250 1.4094 1.4094
36950 16.68 43.98 0.00 -2.3357 1.1554 1.1554
36975 16.68 43.98 0.00 -2.3357 1.1554 1.1554
37000 16.54 43.97 0.00 -4.4996 -0.2468 -0.2468
37025 16.31 43.87 0.00 -6.0362 -0.3801 -0.3801
37050 16.07 43.70 0.00 -5.4655 -1.6436 -1.6436
37075 16.07 43.70 0.00 -5.4655 -1.6436 -1.6436
37100 15.92 43.46 0.00 -2.8551 -1.2152 -1.2152
37125 15.90 43.28 0.00 1.0396 1.2982 1.2982
37150 15.90 43.28 0.00 1.0396 1.2982 1.2982
37175 15.96 43.27 0.00 1.7410 -0.3572 -0.3572
37200 16.04 43.37 0.00 1.7658 -0.6277 -0.6277
37225 16.04 43.37 0.00 1.7658 -0.6277 -0.6277
37250 16.15 43.56 0.00 3.4751 0.4629 0.4629
37275 16.31 43.74 0.00 3.7713 0.7757 0.7757
37300 16.48 43.87 0.00 5.6105 2.5856 2.5856
37325 16.48 43.87 0.00 5.6105 2.5856 2.5856
37350 16.73 43.95 0.00 6.2494 3.8829 3.8829
37375 17.01 44.10 0.00 6.9087 6.2558 6.2558
37400 17.01 44.10 0.00 6.9087 6.2558 6.2558
37425 17.28 44.35 0.00 6.3804 6.8063 6.8063
37450 17.28 44.35 0.00 6.3804 6.8063 6.8063
37475 17.51 44.71 0.00 5.9385 6.1458 6.1458
37500 17.74 45.15 0.00 5.7850 5.0249 5.0249
37525 17.97 45.63 0.00 4.9022 3.9871 3.9871
37550 17.97 45.63 0.00 4.9022 3.9871 3.9871
37575 18.11 46.10 0.00 2.2609 3.7564 3.7564
37600 18.14 46.64 0.00 0.9011 3.3580 3.3580
37625 18.14 46.64 0.00 0.9011 3.3580 3.3580
37650 18.22 47.15 0.00 2.8355 4.4822 4.4822
37675 18.35 47.52 0.00 5.4103 4.4856 4.4856
37700 18.66 47.92 0.00 8.2755 7.9276 7.9276
37725 18.66 47.92 0.00 8.2755 7.9276 7.9276
37750 18.99 48.32 0.00 7.3116 6.2287 6.2287
37775 19.22 48.85 0.00 4.8374 3.8709 3.8709
37800 19.22 48.85 0.00 4.8374 3.8709 3.8709
37825 19.37 49.38 0.00 4.0618 3.7714 3.7714
37850 19.58 49.84 0.00 6.0500 5.5185 5.5185
37875 19.85 50.14 0.00 6.1049 5.4932 5.4932
37900 19.85 50.14 0.00 6.1049 5.4932 5.4932
37925 20.09 50.17 0.00 5.9501 5.5085 5.5085
37950 20.09 50.17 0.00 5.9501 5.5085 5.5085
37975 20.32 50.11 0.00 6.1769 3.7698 3.7698
38000 20.59 50.03 0.00 7.0619 3.7498 3.7498
38025 20.85 49.98 0.00 6.0482 5.8018 5.8018
38050 20.85 49.98 0.00 6.0482 5.8018 5.8018
38075 21.02 49.91 0.00 2.6420 4.6816 4.6816
38100 21.10 49.86 0.00 1.5762 4.4469 4.4469
38125 21.10 49.86 0.00 1.5762 4.4469 4.4469
38150 21.19 49.70 0.00 2.7668 2.1490 2.1490
38175 21.31 49.46 0.00 3.4127 2.8863 2.8863
38200 21.44 49.16 0.00 3.0420 4.7258 4.7258
38225 21.44 49.16 0.00 3.0420 4.7258 4.7258
38250 21.55 48.78 0.00 3.3055 3.2396 3.2396
38275 21.72 48.38 0.00 4.8544 2.4839 2.4839
38300 21.95 48.13 0.00 5.4899 3.3848 3.3848
38325 21.95 48.13 0.00 5.4899 3.3848 3.3848
38350 22.08 48.08 0.00 4.3712 1.8870 1.8870
38375 22.31 48.14 0.00 4.3723 2.0926 2.0926
38400 22.31 48.14 0.00 4.3723 2.0926 2.0926
38425 22.46 48.29 0.00 3.2648 1.3519 1.3519
38450 22.55 48.38 0.00 2.5604 2.1757 2.1757
38475 22.55 48.38 0.00 2.5604 2.1757 2.1757
38500 22.57 48.32 0.00 0.1922 0.5303 0.5303
38525 22.57 48.32 0.00 0.1922 0.5303 0.5303
38550 22.62 48.18 0.00 0.8550 1.9131 1.9131
38575 22.62 48.07 0.00 0.3152 0.3354 0.3354
38600 22.68 48.04 0.00 1.7257 2.4189 2.4189
38625 22.81 48.07 0.00 4.6279 4.0805 4.0805
38650 22.81 48.07 0.00 4.6279 4.0805 4.0805
38675 23.07 48.18 0.00 8.0904 6.3640 6.3640
38700 23.07 48.18 0.00 8.0904 6.3640 6.3640
38725 23.45 48.33 0.00 9.1717 7.1752 7.1752
38750 23.84 48.43 0.00 10.5082 9.7676 9.7676
38775 24.27 48.62 0.00 11.2480 10.4763 10.4763
38800 24.27 48.62 0.00 11.2480 10.4763 10.4763
38825 24.73 48.87 0.00 10.7135 8.4844 8.4844
38850 25.18 49.15 0.00 11.8192 8.2126 8.2126
38875 25.18 49.15 0.00 11.8192 8.2126 8.2126
38900 25.75 49.45 0.00 16.1056 13.4900 13.4900
38925 26.43 49.99 0.00 17.2142 11.7777 11.7777
38950 27.08 50.66 0.00 15.2040 13.1875 13.1875
38975 27.08 50.66 0.00 15.2040 13.1875 13.1875
39000 27.57 51.27 0.00 10.6705 11.9550 11.9550
39025 27.90 51.83 0.00 7.4439 10.0436 10.0436
39050 27.90 51.83 0.00 7.4439 10.0436 10.0436
39075 28.14 52.25 0.00 5.4598 7.9313 7.9313
39100 28.34 52.63 0.00 4.7200 7.6653 7.6653
39125 28.47 52.85 0.00 3.5277 6.2711 6.2711
39150 28.47 52.85 0.00 3.5277 6.2711 6.2711
39175 28.60 53.12 0.00 3.4185 6.2408 6.2408
39200 28.73 53.33 0.00 2.4238 5.2150 5.2150
39225 28.73 53.33 0.00 2.4238 5.2150 5.2150
39250 28.82 53.46 0.00 2.4034 5.1759 5.1759
39275 28.96 53.65 0.00 4.5063 5.1275 5.1275
39300 28.96 53.65 0.00 4.5063 5.1275 5.1275
39325 29.15 53.88 0.00 4.8257 3.9778 3.9778
39350 29.31 54.13 0.00 3.9224 3.3454 3.3454
39375 29.31 54.13 0.00 3.9224 3.3454 3.3454
39400 29.45 54.30 0.00 3.4599 3.2873 3.2873
39425 29.58 54.39 0.00 3.0644 3.2105 3.2105
39450 29.75 54.46 0.00 4.3396 5.7715 5.7715
39475 29.75 54.46 0.00 4.3396 5.7715 5.7715
39500 29.87 54.57 0.00 2.6826 2.7634 2.7634
39525 29.98 54.72 0.00 3.3664 2.0032 2.0032
39550 29.98 54.72 0.00 3.3664 2.0032 2.0032
39575 30.16 54.83 0.00 5.1748 1.9816 1.9816
39600 30.44 54.91 0.00 7.3007 3.7335 3.7335
39625 30.76 54.91 0.00 9.1452 6.3294 6.3294
39650 30.76 54.91 0.00 9.1452 6.3294 6.3294
39675 31.16 54.78 0.00 10.0187 7.1546 7.1546
39700 31.57 54.52 0.00 10.5153 8.1397 8.1397
39725 31.57 54.52 0.00 10.5153 8.1397 8.1397
39750 32.01 54.23 0.00 11.0215 8.2157 8.2157
39775 32.46 54.04 0.00 11.4721 8.8050 8.8050
39800 32.46 54.04 0.00 11.4721 8.8050 8.8050
39825 32.92 53.97 0.00 11.4703 8.2280 8.2280
39850 33.34 53.99 0.00 9.5455 7.2127 7.2127
39875 33.34 53.99 0.00 9.5455 7.2127 7.2127
39900 33.64 54.11 0.00 6.2873 5.7703 5.7703
39925 33.82 54.24 0.00 3.3288 5.1031 5.1031
39950 33.91 54.34 0.00 2.2562 4.1239 4.1239
39975 33.91 54.34 0.00 2.2562 4.1239 4.1239
40000 34.00 54.45 0.00 3.0482 3.9579 3.9579
40025 34.13 54.55 0.00 2.7836 2.9029 2.9029
40050 34.13 54.55 0.00 2.7836 2.9029 2.9029
40075 34.25 54.62 0.00 3.4526 6.0237 6.0237
40100 34.36 54.77 0.00 2.2599 4.0843 4.0843
40125 34.45 54.97 0.00 2.6636 2.2726 2.2726
40150 34.45 54.97 0.00 2.6636 2.2726 2.2726
40175 34.57 55.17 0.00 3.0427 1.6993 1.6993
40200 34.68 55.34 0.00 2.7927 2.1591 2.1591
40225 34.68 55.34 0.00 2.7927 2.1591 2.1591
40250 34.81 55.44 0.00 2.9449 2.7183 2.7183
40275 34.91 55.43 0.00 2.8377 3.1776 3.1776
40300 35.02 55.33 0.00 2.4110 2.9529 2.9529
40325 35.02 55.33 0.00 2.4110 2.9529 2.9529
40350 35.11 55.22 0.00 1.7594 2.3866 2.3866
40375 35.14 55.12 0.00 0.5780 -0.7169 -0.7169
40400 35.14 55.12 0.00 0.5780 -0.7169 -0.7169
40425 35.20 55.07 0.00 2.2762 0.4427 0.4427
40450 35.36 55.03 0.00 4.8699 2.0935 2.0935
40475 35.36 55.03 0.00 4.8699 2.0935 2.0935
40500 35.57 55.06 0.00 5.1633 1.9949 1.9949
40525 35.73 55.13 0.00 3.7672 2.2496 2.2496
40550 35.84 55.20 0.00 1.5733 1.4598 1.4598
40575 35.84 55.20 0.00 1.5733 1.4598 1.4598
40600 35.87 55.22 0.00 1.2534 1.5258 1.5258
40625 35.95 55.16 0.00 1.9854 1.8613 1.8613
40650 35.95 55.16 0.00 1.9854 1.8613 1.8613
40675 36.09 55.05 0.00 5.2836 3.2665 3.2665
40700 36.39 55.02 0.00 7.6123 4.7372 4.7372
40725 36.39 55.02 0.00 7.6123 4.7372 4.7372
40750 36.66 55.04 0.00 6.2798 1.4245 1.4245
40775 36.82 54.99 0.00 5.0166 2.0937 2.0937
40800 36.82 54.99 0.00 5.0166 2.0937 2.0937
40825 36.99 54.76 0.00 5.5054 5.1219 5.1219
40850 37.26 54.51 0.00 6.9197 4.6996 4.6996
40875 37.47 54.22 0.00 3.6045 2.1263 2.1263
40900 37.47 54.22 0.00 3.6045 2.1263 2.1263
40925 37.60 53.85 0.00 2.9383 5.8368 5.8368
40950 37.67 53.46 0.00 1.6269 3.8734 3.8734
40975 37.67 53.46 0.00 1.6269 3.8734 3.8734
41000 37.74 53.13 0.00 1.8174 3.7774 3.7774
41025 37.85 52.91 0.00 3.4112 4.9687 4.9687
41050 38.00 52.74 0.00 3.8567 5.7155 5.7155
41075 38.00 52.74 0.00 3.8567 5.7155 5.7155
41100 38.13 52.40 0.00 2.8135 5.5957 5.5957
41125 38.24 51.99 0.00 2.9352 5.9400 5.9400
41150 38.24 51.99 0.00 2.9352 5.9400 5.9400
41175 38.39 51.73 0.00 4.7205 5.8883 5.8883
41200 38.57 51.64 0.00 3.4473 3.6404 3.6404
41225 38.57 51.64 0.00 3.4473 3.6404 3.6404
41250 38.69 51.67 0.00 3.0007 3.0130 3.0130
41275 38.84 51.71 0.00 5.1899 2.8398 2.8398
41300 39.19 51.81 0.00 11.1202 6.1337 6.1337
41325 39.19 51.81 0.00 11.1202 6.1337 6.1337
41350 39.70 51.95 0.00 13.2472 5.1250 5.1250
41375 40.37 52.09 0.00 19.1224 7.9222 7.9222
41400 40.37 52.09 0.00 19.1224 7.9222 7.9222
41425 41.22 52.26 0.00 21.4265 7.0997 7.0997
41450 42.02 52.41 0.00 18.9475 5.2834 5.2834
41475 42.02 52.41 0.00 18.9475 5.2834 5.2834
41500 42.69 52.51 0.00 15.1344 5.1230 5.1230
41525 43.22 52.46 0.00 12.2663 6.4158 6.4158
41550 43.22 52.46 0.00 12.2663 6.4158 6.4158
41575 43.53 52.39 0.00 8.9454 5.9136 5.9136
41600 43.74 52.37 0.00 3.5720 5.3238 5.3238
41625 43.81 52.33 0.00 0.5568 6.5837 6.5837
41650 43.81 52.33 0.00 0.5568 6.5837 6.5837
41675 43.80 52.27 0.00 -0.5258 4.8021 4.8021
41700 43.85 52.26 0.00 2.7377 4.7615 4.7615
41725 43.85 52.26 0.00 2.7377 4.7615 4.7615
41750 44.01 52.26 0.00 4.4359 3.4632 3.4632
41775 44.22 52.20 0.00 5.5302 3.8126 3.8126
41800 44.43 52.07 0.00 5.4770 4.0299 4.0299
41825 44.43 52.07 0.00 5.4770 4.0299 4.0299
41850 44.69 51.89 0.00 7.1134 5.5218 5.5218
41875 44.69 51.89 0.00 7.1134 5.5218 5.5218
41900 45.04 51.76 0.00 9.2380 5.6719 5.6719
41925 45.41 51.55 0.00 10.3031 5.8070 5.8070
41950 45.93 51.28 0.00 14.5586 8.6088 8.6088
