%#        Time[ms]        X[pixel],        Y[pixel],        Z[pixel],  dX/dt[pixel/s],  dY/dt[pixel/s],  dZ/dt[pixel/s] 
0 50.00 50.00 0.00 0.1557 4.1364 4.1364
25 50.00 50.00 0.00 -0.1084 -2.4417 -2.4417
50 50.00 50.36 0.00 -0.6580 -7.0880 -7.0880
75 50.00 50.36 0.00 -0.6580 -7.0880 -7.0880
100 49.90 50.76 0.00 -4.2644 -14.1006 -14.1006
125 49.79 51.09 0.00 -0.3159 -13.6884 -13.6884
150 50.00 51.16 0.00 9.4918 -2.0959 -2.0959
175 50.00 51.16 0.00 9.4918 -2.0959 -2.0959
200 50.44 51.24 0.00 9.4827 4.3085 4.3085
225 50.59 51.37 0.00 2.8298 1.8404 1.8404
250 50.59 51.37 0.00 2.8298 1.8404 1.8404
275 50.56 51.47 0.00 -2.7223 0.2508 0.2508
300 50.37 51.49 0.00 -5.9024 -2.0272 -2.0272
325 50.37 51.49 0.00 -5.9024 -2.0272 -2.0272
350 50.10 51.58 0.00 -6.7644 -1.9881 -1.9881
375 49.86 51.75 0.00 -5.0897 -0.4127 -0.4127
400 49.76 51.87 0.00 -1.2856 2.3057 2.3057
425 49.76 51.87 0.00 -1.2856 2.3057 2.3057
450 49.76 51.79 0.00 0.3562 -1.9847 -1.9847
475 49.72 51.56 0.00 -1.4729 -7.4244 -7.4244
500 49.72 51.56 0.00 -1.4729 -7.4244 -7.4244
525 49.69 51.47 0.00 -0.6257 -3.7309 -3.7309
550 49.65 51.45 0.00 -1.6090 -0.1281 -0.1281
575 49.65 51.45 0.00 -1.6090 -0.1281 -0.1281
600 49.55 51.52 0.00 -2.4917 0.0386 0.0386
625 49.62 52.47 0.00 5.5300 5.6917 5.6917
650 49.62 52.47 0.00 5.5300 5.6917 5.6917
675 50.05 54.26 0.00 14.5824 9.6625 9.6625
700 50.73 55.86 0.00 16.9231 6.1197 6.1197
725 51.33 56.50 0.00 13.1923 3.8655 3.8655
750 51.33 56.50 0.00 13.1923 3.8655 3.8655
775 51.62 56.41 0.00 2.6098 -0.4910 -0.4910
800 51.45 56.10 0.00 -8.2297 -2.9462 -2.9462
825 51.45 56.10 0.00 -8.2297 -2.9462 -2.9462
850 51.08 56.06 0.00 -8.2784 -1.9316 -1.9316
875 50.91 56.39 0.00 -1.1382 -0.0719 -0.0719
900 51.15 56.84 0.00 10.4306 2.2045 2.2045
925 51.15 56.84 0.00 10.4306 2.2045 2.2045
950 51.83 57.30 0.00 20.0103 3.0270 3.0270
975 51.83 57.30 0.00 20.0103 3.0270 3.0270
1000 52.69 57.73 0.00 20.9938 2.0649 2.0649
1025 53.47 58.15 0.00 18.0374 1.1851 1.1851
1050 54.00 58.57 0.00 10.2997 -0.0094 -0.0094
1075 54.21 58.86 0.00 6.4254 0.2812 0.2812
1100 54.21 58.86 0.00 6.4254 0.2812 0.2812
1125 54.44 59.21 0.00 5.5347 -2.1312 -2.1312
1150 54.70 59.72 0.00 8.7996 -4.1093 -4.1093
1175 54.70 59.72 0.00 8.7996 -4.1093 -4.1093
1200 55.19 60.68 0.00 12.8398 -1.4845 -1.4845
1225 55.70 61.58 0.00 12.7351 2.6195 2.6195
1250 55.70 61.58 0.00 12.7351 2.6195 2.6195
1275 56.12 62.14 0.00 8.8281 5.0323 5.0323
1300 56.36 62.39 0.00 3.9551 4.2698 4.2698
1325 56.36 62.39 0.00 3.9551 4.2698 4.2698
1350 56.38 62.55 0.00 -1.3729 1.7404 1.7404
1375 56.24 62.70 0.00 -4.3882 1.6921 1.6921
1400 56.06 62.95 0.00 -3.7918 2.2956 2.2956
1425 56.06 62.95 0.00 -3.7918 2.2956 2.2956
1450 55.99 63.28 0.00 -0.2233 1.4833 1.4833
1475 56.06 63.60 0.00 2.7993 0.3946 0.3946
1500 56.06 63.60 0.00 2.7993 0.3946 0.3946
1525 56.24 63.98 0.00 5.0270 1.5915 1.5915
1550 56.41 64.44 0.00 3.8832 0.6440 0.6440
1575 56.41 64.44 0.00 3.8832 0.6440 0.6440
1600 56.52 64.85 0.00 1.4534 1.9127 1.9127
1625 56.50 65.30 0.00 -1.4402 1.0424 1.0424
1650 56.38 65.91 0.00 -2.7142 0.0731 0.0731
1675 56.38 65.91 0.00 -2.7142 0.0731 0.0731
1700 56.50 66.48 0.00 6.3127 -8.5200 -8.5200
1725 56.99 66.93 0.00 15.0548 -6.6815 -6.6815
1750 56.99 66.93 0.00 15.0548 -6.6815 -6.6815
1775 57.64 67.47 0.00 15.6810 -3.0346 -3.0346
1800 58.12 68.05 0.00 9.6712 -2.8682 -2.8682
1825 58.12 68.05 0.00 9.6712 -2.8682 -2.8682
1850 58.40 68.48 0.00 6.1015 0.0578 0.0578
1875 58.63 68.71 0.00 8.3242 1.8947 1.8947
1900 58.63 68.71 0.00 8.3242 1.8947 1.8947
1925 59.00 68.95 0.00 9.4673 0.9175 0.9175
1950 59.36 68.98 0.00 9.2910 -0.1171 -0.1171
1975 59.70 68.96 0.00 7.7531 0.7390 0.7390
2000 59.91 68.96 0.00 3.1915 1.3571 1.3571
2025 59.91 68.96 0.00 3.1915 1.3571 1.3571
2050 59.93 68.98 0.00 -1.5302 3.2813 3.2813
2075 59.81 69.00 0.00 -3.4724 3.9738 3.9738
2100 59.81 69.00 0.00 -3.4724 3.9738 3.9738
2125 59.73 69.12 0.00 0.0220 4.1746 4.1746
2150 59.84 69.33 0.00 3.7921 0.1103 0.1103
2175 59.84 69.33 0.00 3.7921 0.1103 0.1103
2200 60.14 69.46 0.00 9.5615 2.1942 2.1942
2225 60.53 69.47 0.00 9.1733 3.0924 3.0924
2250 60.53 69.47 0.00 9.1733 3.0924 3.0924
2275 60.78 69.50 0.00 3.3615 1.2657 1.2657
2300 60.67 69.54 0.00 -4.8047 -0.2318 -0.2318
2325 60.51 69.54 0.00 -2.9423 1.8167 1.8167
2350 60.51 69.54 0.00 -2.9423 1.8167 1.8167
2375 60.49 69.63 0.00 1.7683 2.0445 2.0445
2400 60.67 69.86 0.00 4.9076 0.3018 0.3018
2425 60.67 69.86 0.00 4.9076 0.3018 0.3018
2450 60.86 70.12 0.00 4.8120 0.0223 0.0223
2475 61.02 70.44 0.00 3.3400 1.4881 1.4881
2500 61.02 70.44 0.00 3.3400 1.4881 1.4881
2525 61.11 70.72 0.00 1.5202 1.7144 1.7144
2550 61.09 70.81 0.00 -2.1415 0.7571 0.7571
2575 61.00 70.76 0.00 -3.3029 1.0421 1.0421
2600 61.00 70.76 0.00 -3.3029 1.0421 1.0421
2625 60.88 70.76 0.00 -2.6476 0.5472 0.5472
2650 60.85 70.83 0.00 0.2589 0.2183 0.2183
2675 60.85 70.83 0.00 0.2589 0.2183 0.2183
2700 60.85 70.90 0.00 -0.1655 -2.8363 -2.8363
2725 60.95 70.92 0.00 4.1869 1.4858 1.4858
2750 60.95 70.92 0.00 4.1869 1.4858 1.4858
2775 61.13 70.85 0.00 4.4852 -0.3436 -0.3436
2800 61.29 70.70 0.00 2.9748 -1.2538 -1.2538
2825 61.29 70.70 0.00 2.9748 -1.2538 -1.2538
2850 61.31 70.58 0.00 -1.2066 -2.1492 -2.1492
2875 61.16 70.37 0.00 -4.9687 -1.5273 -1.5273
2900 60.97 70.12 0.00 -4.4603 0.4301 0.4301
2925 60.97 70.12 0.00 -4.4603 0.4301 0.4301
2950 60.85 69.84 0.00 -2.0908 -0.0739 -0.0739
2975 60.81 69.59 0.00 -0.0341 -0.9010 -0.9010
3000 60.81 69.59 0.00 -0.0341 -0.9010 -0.9010
3025 60.88 69.41 0.00 2.3809 -0.5702 -0.5702
3050 60.97 69.25 0.00 1.7757 -0.5453 -0.5453
3075 61.00 69.14 0.00 -0.3116 0.2839 0.2839
3100 61.00 69.14 0.00 -0.3116 0.2839 0.2839
3125 60.90 69.04 0.00 -3.6550 0.9651 0.9651
3150 60.69 68.90 0.00 -6.3470 -0.4778 -0.4778
3175 60.69 68.90 0.00 -6.3470 -0.4778 -0.4778
3200 60.39 68.78 0.00 -8.8935 -1.6043 -1.6043
3225 59.95 68.66 0.00 -11.5764 -2.4142 -2.4142
3250 59.47 68.73 0.00 -11.9527 -1.5092 -1.5092
3275 59.47 68.73 0.00 -11.9527 -1.5092 -1.5092
3300 59.01 69.04 0.00 -11.5584 -3.1312 -3.1312
3325 59.01 69.04 0.00 -11.5584 -3.1312 -3.1312
3350 58.68 69.35 0.00 -10.8626 -3.8343 -3.8343
3375 58.22 69.92 0.00 -11.5988 -4.6780 -4.6780
3400 58.22 69.92 0.00 -11.5988 -4.6780 -4.6780
3425 57.68 70.58 0.00 -15.5490 -4.5999 -4.5999
3450 56.89 71.20 0.00 -21.9701 -3.1671 -3.1671
3475 55.82 71.56 0.00 -29.6357 -2.9689 -2.9689
3500 55.82 71.56 0.00 -29.6357 -2.9689 -2.9689
3525 54.56 71.78 0.00 -31.9099 -3.1372 -3.1372
3550 53.35 71.91 0.00 -28.4796 -4.8940 -4.8940
3575 52.34 72.05 0.00 -23.7413 -6.6488 -6.6488
3600 52.34 72.05 0.00 -23.7413 -6.6488 -6.6488
3625 51.43 72.26 0.00 -22.4347 -6.2018 -6.2018
3650 50.58 72.55 0.00 -20.3688 -3.8782 -3.8782
3675 50.58 72.55 0.00 -20.3688 -3.8782 -3.8782
3700 49.77 72.83 0.00 -20.1150 -3.8423 -3.8423
3725 48.97 73.06 0.00 -19.5672 -3.3038 -3.3038
3750 48.22 73.23 0.00 -17.9559 -3.7945 -3.7945
3775 48.22 73.23 0.00 -17.9559 -3.7945 -3.7945
3800 47.57 73.33 0.00 -14.9617 -1.1940 -1.1940
3825 47.57 73.33 0.00 -14.9617 -1.1940 -1.1940
3850 47.03 73.33 0.00 -12.1458 -0.0764 -0.0764
3875 46.60 73.40 0.00 -10.3136 -1.2781 -1.2781
3900 46.18 73.59 0.00 -11.4474 -2.3808 -2.3808
3925 46.18 73.59 0.00 -11.4474 -2.3808 -2.3808
3950 45.60 73.98 0.00 -16.6876 -3.9994 -3.9994
3975 44.76 74.45 0.00 -22.1905 -3.4087 -3.4087
4000 44.76 74.45 0.00 -22.1905 -3.4087 -3.4087
4025 43.92 74.94 0.00 -19.6424 -3.1752 -3.1752
4050 43.24 75.22 0.00 -15.4583 -5.2235 -5.2235
4075 43.24 75.22 0.00 -15.4583 -5.2235 -5.2235
4100 42.74 75.53 0.00 -10.8598 -5.2571 -5.2571
4125 42.38 76.04 0.00 -8.8716 -2.8947 -2.8947
4150 42.38 76.04 0.00 -8.8716 -2.8947 -2.8947
4175 42.01 76.84 0.00 -9.5127 -1.5377 -1.5377
4200 41.71 77.55 0.00 -9.9827 -1.1018 -1.1018
4225 41.32 78.39 0.00 -9.1117 -0.5064 -0.5064
4250 41.32 78.39 0.00 -9.1117 -0.5064 -0.5064
4275 41.00 78.96 0.00 -7.4307 -1.9411 -1.9411
4300 40.71 79.37 0.00 -7.4416 -2.5641 -2.5641
4325 40.42 79.72 0.00 -7.2907 -0.9357 -0.9357
4350 40.42 79.72 0.00 -7.2907 -0.9357 -0.9357
4375 40.14 80.03 0.00 -6.9963 0.2987 0.2987
4400 39.79 80.31 0.00 -10.6469 -0.7692 -0.7692
4425 39.79 80.31 0.00 -10.6469 -0.7692 -0.7692
4450 39.24 80.72 0.00 -16.0444 -1.1633 -1.1633
4475 38.43 81.22 0.00 -23.4219 -0.9051 -0.9051
4500 38.43 81.22 0.00 -23.4219 -0.9051 -0.9051
4525 37.40 81.66 0.00 -26.7605 -1.8601 -1.8601
4550 36.32 81.84 0.00 -26.8090 -1.6429 -1.6429
4575 36.32 81.84 0.00 -26.8090 -1.6429 -1.6429
4600 35.27 81.91 0.00 -26.0646 -2.0849 -2.0849
4625 34.27 82.06 0.00 -24.2119 -1.1691 -1.1691
4650 33.36 82.23 0.00 -21.3434 -1.0892 -1.0892
4675 33.36 82.23 0.00 -21.3434 -1.0892 -1.0892
4700 32.53 82.54 0.00 -20.4832 -1.9190 -1.9190
4725 31.72 82.93 0.00 -20.3152 -2.3727 -2.3727
4750 31.72 82.93 0.00 -20.3152 -2.3727 -2.3727
4775 30.87 83.34 0.00 -21.7309 -1.9496 -1.9496
4800 30.00 83.74 0.00 -21.9349 -1.4232 -1.4232
4825 30.00 83.74 0.00 -21.9349 -1.4232 -1.4232
4850 29.11 84.03 0.00 -22.0010 -2.6282 -2.6282
4875 28.29 84.25 0.00 -19.5399 -2.1779 -2.1779
4900 27.56 84.45 0.00 -17.7103 -3.5385 -3.5385
4925 27.56 84.45 0.00 -17.7103 -3.5385 -3.5385
4950 26.89 84.67 0.00 -15.7727 -1.0260 -1.0260
4975 26.45 84.91 0.00 -14.3244 -1.0580 -1.0580
5000 26.45 84.91 0.00 -14.3244 -1.0580 -1.0580
5025 25.88 85.38 0.00 -13.8387 -0.8832 -0.8832
5050 25.35 86.07 0.00 -13.0594 -0.2612 -0.2612
5075 25.35 86.07 0.00 -13.0594 -0.2612 -0.2612
5100 24.83 86.94 0.00 -13.6018 0.4108 0.4108
5125 24.34 87.78 0.00 -10.5435 3.2875 3.2875
5150 23.95 88.38 0.00 -9.0742 2.3280 2.3280
5175 23.95 88.38 0.00 -9.0742 2.3280 2.3280
5200 23.60 88.97 0.00 -8.7200 1.9367 1.9367
5225 23.32 89.54 0.00 -5.5050 2.4116 2.4116
5250 23.32 89.54 0.00 -5.5050 2.4116 2.4116
5275 23.21 89.96 0.00 -1.2307 1.2719 1.2719
5300 23.26 90.31 0.00 2.4648 0.8781 0.8781
5325 23.26 90.31 0.00 2.4648 0.8781 0.8781
5350 23.41 90.54 0.00 4.7903 0.3773 0.3773
5375 23.63 90.66 0.00 6.0842 0.3764 0.3764
5400 23.88 90.69 0.00 5.4488 -0.1780 -0.1780
5425 23.88 90.69 0.00 5.4488 -0.1780 -0.1780
5450 24.06 90.65 0.00 4.6173 0.3111 0.3111
5475 24.21 90.56 0.00 2.8517 -0.0453 -0.0453
5500 24.31 90.46 0.00 2.4221 0.5889 0.5889
5525 24.31 90.46 0.00 2.4221 0.5889 0.5889
5550 24.36 90.30 0.00 0.8108 1.6052 1.6052
5575 24.34 90.12 0.00 -1.0760 0.5685 0.5685
5600 24.34 90.12 0.00 -1.0760 0.5685 0.5685
5625 24.27 89.96 0.00 -2.6676 -1.4359 -1.4359
5650 24.05 89.80 0.00 -8.2013 -3.0712 -3.0712
5675 24.05 89.80 0.00 -8.2013 -3.0712 -3.0712
5700 23.54 89.57 0.00 -14.6463 -2.9229 -2.9229
5725 23.06 89.36 0.00 -16.5071 -1.2136 -1.2136
5750 23.06 89.36 0.00 -16.5071 -1.2136 -1.2136
5775 22.29 89.05 0.00 -22.0083 -3.1996 -3.1996
5800 21.38 88.72 0.00 -22.0148 -2.2473 -2.2473
5825 21.38 88.72 0.00 -22.0148 -2.2473 -2.2473
5850 20.57 88.41 0.00 -19.1413 -2.6415 -2.6415
5875 19.98 88.11 0.00 -10.7582 -2.6398 -2.6398
5900 19.77 87.95 0.00 -1.7831 -3.7631 -3.7631
5925 19.77 87.95 0.00 -1.7831 -3.7631 -3.7631
5950 19.88 87.82 0.00 5.3720 -4.8672 -4.8672
5975 20.15 87.63 0.00 6.8411 -3.6541 -3.6541
6000 20.15 87.63 0.00 6.8411 -3.6541 -3.6541
6025 20.42 87.36 0.00 6.7833 -2.5615 -2.5615
6050 20.66 87.00 0.00 5.4112 -1.8445 -1.8445
6075 20.89 86.60 0.00 7.1045 -2.2346 -2.2346
6100 20.89 86.60 0.00 7.1045 -2.2346 -2.2346
6125 21.27 86.17 0.00 11.0010 -0.1875 -0.1875
6150 21.83 85.73 0.00 16.5262 -0.2950 -0.2950
6175 21.83 85.73 0.00 16.5262 -0.2950 -0.2950
6200 22.62 85.29 0.00 21.2715 -0.2760 -0.2760
6225 23.43 84.81 0.00 18.9314 -1.3353 -1.3353
6250 24.06 84.22 0.00 13.6717 -0.8596 -0.8596
6275 24.06 84.22 0.00 13.6717 -0.8596 -0.8596
6300 24.47 83.48 0.00 8.7097 0.1687 0.1687
6325 24.73 82.56 0.00 4.6404 -0.3480 -0.3480
6350 24.73 82.56 0.00 4.6404 -0.3480 -0.3480
6375 24.84 81.54 0.00 1.9838 -0.5950 -0.5950
6400 24.88 80.55 0.00 0.3870 0.1059 0.1059
6425 24.88 80.55 0.00 0.3870 0.1059 0.1059
6450 24.92 79.61 0.00 1.7585 0.4585 0.4585
6475 25.01 78.96 0.00 3.6183 -0.1528 -0.1528
6500 25.01 78.96 0.00 3.6183 -0.1528 -0.1528
6525 25.22 78.10 0.00 6.5778 -0.9201 -0.9201
6550 25.49 77.22 0.00 6.4424 -2.4414 -2.4414
6575 25.72 76.29 0.00 4.9371 -2.5183 -2.5183
6600 25.72 76.29 0.00 4.9371 -2.5183 -2.5183
6625 25.92 75.32 0.00 5.8236 -2.4039 -2.4039
6650 26.14 74.08 0.00 5.3468 -5.1409 -5.1409
6675 26.43 72.68 0.00 8.7654 -2.6837 -2.6837
6700 26.43 72.68 0.00 8.7654 -2.6837 -2.6837
6725 26.84 71.31 0.00 10.5751 0.3089 0.3089
6750 27.30 70.13 0.00 12.0658 0.4457 0.4457
6775 27.30 70.13 0.00 12.0658 0.4457 0.4457
6800 27.81 69.16 0.00 13.4714 -0.5043 -0.5043
6825 28.32 68.38 0.00 11.7824 -1.7297 -1.7297
6850 28.32 68.38 0.00 11.7824 -1.7297 -1.7297
6875 28.73 67.61 0.00 9.3157 -1.2533 -1.2533
6900 29.07 66.85 0.00 8.0668 0.9634 0.9634
6925 29.07 66.85 0.00 8.0668 0.9634 0.9634
6950 29.33 66.04 0.00 5.6570 0.4703 0.4703
6975 29.56 65.18 0.00 6.4590 1.0193 1.0193
7000 29.56 65.18 0.00 6.4590 1.0193 1.0193
7025 29.85 64.38 0.00 7.3727 0.3223 0.3223
7050 30.18 63.66 0.00 8.5510 0.9404 0.9404
7075 30.51 63.12 0.00 7.9587 1.1386 1.1386
7100 30.51 63.12 0.00 7.9587 1.1386 1.1386
7125 30.78 62.65 0.00 5.8935 1.1660 1.1660
7150 31.00 62.22 0.00 5.3965 1.3137 1.3137
7175 31.00 62.22 0.00 5.3965 1.3137 1.3137
7200 31.20 61.71 0.00 5.0691 -0.3141 -0.3141
7225 31.45 61.32 0.00 6.9232 1.0126 1.0126
7250 31.74 61.16 0.00 7.0827 -0.3739 -0.3739
7275 31.74 61.16 0.00 7.0827 -0.3739 -0.3739
7300 32.06 60.97 0.00 8.4960 2.4189 2.4189
7325 32.31 60.76 0.00 8.7226 2.8506 2.8506
7350 32.31 60.76 0.00 8.7226 2.8506 2.8506
7375 32.69 60.40 0.00 9.2827 1.0913 1.0913
7400 33.03 60.06 0.00 8.0086 0.1140 0.1140
7425 33.03 60.06 0.00 8.0086 0.1140 0.1140
7450 33.32 59.74 0.00 6.5773 -0.1522 -0.1522
7475 33.50 59.40 0.00 3.5549 -0.7156 -0.7156
7500 33.62 59.01 0.00 2.3298 0.3763 0.3763
7525 33.62 59.01 0.00 2.3298 0.3763 0.3763
7550 33.68 58.62 0.00 0.9490 -0.5425 -0.5425
7575 33.73 58.29 0.00 2.2061 -0.0461 -0.0461
7600 33.73 58.29 0.00 2.2061 -0.0461 -0.0461
7625 33.86 58.02 0.00 3.2623 -0.4346 -0.4346
7650 34.02 57.74 0.00 4.6298 0.8368 0.8368
7675 34.02 57.74 0.00 4.6298 0.8368 0.8368
7700 34.23 57.44 0.00 5.6842 1.4412 1.4412
7725 34.45 57.07 0.00 5.0550 0.2294 0.2294
7750 34.64 56.61 0.00 4.9243 0.2000 0.2000
7775 34.64 56.61 0.00 4.9243 0.2000 0.2000
7800 34.81 56.00 0.00 3.5361 -1.3033 -1.3033
7825 34.93 55.25 0.00 2.4870 -0.8851 -0.8851
7850 34.93 55.25 0.00 2.4870 -0.8851 -0.8851
7875 35.02 54.52 0.00 3.0966 0.0620 0.0620
7900 35.20 53.87 0.00 4.9348 2.5702 2.5702
7925 35.41 53.31 0.00 5.1145 2.3926 2.3926
7950 35.41 53.31 0.00 5.1145 2.3926 2.3926
7975 35.61 52.84 0.00 4.9395 2.1705 2.1705
8000 35.79 52.35 0.00 4.0662 0.5816 0.5816
8025 35.79 52.35 0.00 4.0662 0.5816 0.5816
8050 35.87 51.79 0.00 1.1368 -1.0966 -1.0966
8075 35.87 51.79 0.00 1.1368 -1.0966 -1.0966
8100 35.89 51.33 0.00 0.9450 1.0284 1.0284
8125 35.96 50.66 0.00 1.7067 0.8566 0.8566
8150 36.05 49.99 0.00 2.3969 -1.2023 -1.2023
8175 36.05 49.99 0.00 2.3969 -1.2023 -1.2023
8200 36.16 49.30 0.00 3.2695 -0.8802 -0.8802
8225 36.32 48.67 0.00 3.8510 -0.5994 -0.5994
8250 36.43 48.09 0.00 2.4520 -0.3147 -0.3147
8275 36.43 48.09 0.00 2.4520 -0.3147 -0.3147
8300 36.52 47.50 0.00 1.8968 0.0035 0.0035
8325 36.57 46.82 0.00 0.5108 -0.7140 -0.7140
8350 36.57 46.82 0.00 0.5108 -0.7140 -0.7140
8375 36.55 46.01 0.00 -0.3744 -0.8634 -0.8634
8400 36.50 45.16 0.00 -2.6723 -3.1489 -3.1489
8425 36.50 45.16 0.00 -2.6723 -3.1489 -3.1489
8450 36.41 44.22 0.00 -1.2974 -0.5667 -0.5667
8475 36.36 43.24 0.00 -1.5647 -1.2237 -1.2237
8500 36.32 42.33 0.00 -0.9763 -1.6339 -1.6339
8525 36.32 42.33 0.00 -0.9763 -1.6339 -1.6339
8550 36.25 41.49 0.00 -1.8873 -3.5794 -3.5794
8575 36.16 40.76 0.00 -2.5118 -3.6007 -3.6007
8600 36.16 40.76 0.00 -2.5118 -3.6007 -3.6007
8625 36.03 40.11 0.00 -3.2386 -3.5645 -3.5645
8650 35.96 39.55 0.00 -1.1118 -1.0297 -1.0297
8675 35.96 39.55 0.00 -1.1118 -1.0297 -1.0297
8700 35.91 39.06 0.00 -0.9347 -2.2757 -2.2757
8725 35.93 38.60 0.00 0.7481 -1.7644 -1.7644
8750 35.95 38.13 0.00 0.1235 -2.5858 -2.5858
8775 35.95 38.13 0.00 0.1235 -2.5858 -2.5858
8800 35.95 37.69 0.00 0.0570 -1.8187 -1.8187
8825 35.91 37.39 0.00 -1.3775 -1.6947 -1.6947
8850 35.91 37.39 0.00 -1.3775 -1.6947 -1.6947
8875 35.87 37.22 0.00 -0.1008 -0.2633 -0.2633
8900 35.89 37.20 0.00 0.0927 -1.5335 -1.5335
8925 35.91 37.12 0.00 1.4758 -0.8154 -0.8154
8950 35.91 37.12 0.00 1.4758 -0.8154 -0.8154
8975 35.95 36.98 0.00 0.2034 -3.2936 -3.2936
9000 35.95 36.98 0.00 0.2034 -3.2936 -3.2936
9025 36.00 36.69 0.00 1.7372 1.1378 1.1378
9050 36.03 36.22 0.00 0.1482 0.3042 0.3042
9075 36.03 35.70 0.00 0.2936 -0.8908 -0.8908
9100 36.03 35.70 0.00 0.2936 -0.8908 -0.8908
9125 36.03 35.23 0.00 -0.5667 -2.9356 -2.9356
9150 36.00 34.80 0.00 -0.7967 -2.7087 -2.7087
9175 35.95 34.37 0.00 -1.5007 -2.2637 -2.2637
9200 35.95 34.37 0.00 -1.5007 -2.2637 -2.2637
9225 35.89 33.79 0.00 -1.4241 -1.4452 -1.4452
9250 35.80 33.09 0.00 -2.6677 -3.3092 -3.3092
9275 35.80 33.09 0.00 -2.6677 -3.3092 -3.3092
9300 35.68 32.31 0.00 -3.0564 -4.9575 -4.9575
9325 35.55 31.56 0.00 -3.5056 -5.2636 -5.2636
9350 35.55 31.56 0.00 -3.5056 -5.2636 -5.2636
9375 35.41 30.89 0.00 -3.3398 -3.3112 -3.3112
9400 35.29 30.42 0.00 -3.4138 -2.8459 -2.8459
9425 35.29 30.42 0.00 -3.4138 -2.8459 -2.8459
9450 35.13 30.07 0.00 -4.0747 -2.3683 -2.3683
9475 34.95 29.88 0.00 -4.7963 -3.9652 -3.9652
9500 34.70 29.71 0.00 -6.8761 -5.0502 -5.0502
9525 34.70 29.71 0.00 -6.8761 -5.0502 -5.0502
9550 34.38 29.46 0.00 -8.9604 -6.1494 -6.1494
9575 34.02 29.17 0.00 -9.0317 -4.1095 -4.1095
9600 34.02 29.17 0.00 -9.0317 -4.1095 -4.1095
9625 33.59 28.88 0.00 -11.1107 -5.9825 -5.9825
9650 33.25 28.74 0.00 -12.1216 -7.8690 -7.8690
9675 32.66 28.71 0.00 -16.3803 -11.8395 -11.8395
9700 32.66 28.71 0.00 -16.3803 -11.8395 -11.8395
9725 31.83 28.75 0.00 -23.9597 -17.3880 -17.3880
9750 30.65 28.82 0.00 -32.1032 -27.4193 -27.4193
9775 30.65 28.82 0.00 -32.1032 -27.4193 -27.4193
9800 29.53 28.89 0.00 -24.9163 -15.7013 -15.7013
9825 28.73 28.78 0.00 -17.6725 -8.7648 -8.7648
9850 28.05 28.62 0.00 -15.5469 -7.6825 -7.6825
9875 28.05 28.62 0.00 -15.5469 -7.6825 -7.6825
9900 27.63 28.37 0.00 -7.8387 -2.7644 -2.7644
9925 27.41 28.03 0.00 -3.3630 -3.5109 -3.5109
9950 27.41 28.03 0.00 -3.3630 -3.5109 -3.5109
9975 27.41 27.64 0.00 1.8195 -2.7147 -2.7147
10000 27.56 27.22 0.00 4.3692 -1.2231 -1.2231
10025 27.56 27.22 0.00 4.3692 -1.2231 -1.2231
10050 27.72 26.81 0.00 3.6987 -1.1917 -1.1917
10075 27.87 26.39 0.00 3.5286 0.3988 0.3988
10100 27.87 26.39 0.00 3.5286 0.3988 0.3988
10125 27.96 25.92 0.00 1.7986 -0.6523 -0.6523
10150 28.09 25.29 0.00 3.1993 3.1465 3.1465
10175 28.09 25.29 0.00 3.1993 3.1465 3.1465
10200 28.14 24.50 0.00 0.7084 2.2135 2.2135
10225 28.14 23.68 0.00 -0.6538 0.4159 0.4159
10250 28.14 23.68 0.00 -0.6538 0.4159 0.4159
10275 28.09 22.97 0.00 -2.1141 -3.3582 -3.3582
10300 27.96 22.41 0.00 -3.4785 -4.5473 -4.5473
10325 27.96 22.41 0.00 -3.4785 -4.5473 -4.5473
10350 27.83 21.97 0.00 -2.9069 -2.7521 -2.7521
10375 27.72 21.50 0.00 -2.7351 -1.0799 -1.0799
10400 27.59 21.03 0.00 -3.4397 -2.1586 -2.1586
10425 27.59 21.03 0.00 -3.4397 -2.1586 -2.1586
10450 27.48 20.70 0.00 -4.0012 -3.2559 -3.2559
10475 27.28 20.26 0.00 -5.7171 -4.5766 -4.5766
10500 27.06 19.85 0.00 -5.4272 -3.7401 -3.7401
10525 27.06 19.85 0.00 -5.4272 -3.7401 -3.7401
10550 26.88 19.43 0.00 -4.3648 -4.9258 -4.9258
10575 26.73 19.07 0.00 -2.5870 -3.5171 -3.5171
10600 26.73 19.07 0.00 -2.5870 -3.5171 -3.5171
10625 26.67 18.82 0.00 -0.8603 -2.1091 -2.1091
10650 26.69 18.65 0.00 1.1749 0.1512 0.1512
10675 26.69 18.65 0.00 1.1749 0.1512 0.1512
10700 26.71 18.53 0.00 0.6802 -1.9002 -1.9002
10725 26.73 18.39 0.00 -0.3599 0.3813 0.3813
10750 26.66 18.23 0.00 -2.9556 -0.8941 -0.8941
10775 26.66 18.23 0.00 -2.9556 -0.8941 -0.8941
10800 26.49 17.96 0.00 -4.9379 -4.7302 -4.7302
10825 26.23 17.60 0.00 -7.3875 -8.0949 -8.0949
10850 26.23 17.60 0.00 -7.3875 -8.0949 -8.0949
10875 25.92 17.16 0.00 -8.2365 -8.0541 -8.0541
10900 25.57 16.66 0.00 -8.9298 -6.9756 -6.9756
10925 25.57 16.66 0.00 -8.9298 -6.9756 -6.9756
10950 25.18 16.12 0.00 -11.0327 -8.5037 -8.5037
10975 24.62 15.61 0.00 -15.6416 -11.6448 -11.6448
11000 23.82 15.08 0.00 -23.4589 -15.5509 -15.5509
11025 23.82 15.08 0.00 -23.4589 -15.5509 -15.5509
11050 22.66 14.50 0.00 -31.7343 -21.0726 -21.0726
11075 21.29 13.93 0.00 -35.5040 -23.0232 -23.0232
11100 21.29 13.93 0.00 -35.5040 -23.0232 -23.0232
11125 19.85 13.41 0.00 -35.8706 -27.2688 -27.2688
11150 18.82 13.03 0.00 -33.4182 -28.0057 -28.0057
11175 17.59 12.48 0.00 -28.0493 -29.1947 -29.1947
11200 17.59 12.48 0.00 -28.0493 -29.1947 -29.1947
11225 16.64 12.00 0.00 -21.8598 -24.7660 -24.7660
11250 15.94 11.61 0.00 -14.2984 -20.9352 -20.9352
11275 15.94 11.61 0.00 -14.2984 -20.9352 -20.9352
11300 15.61 11.57 0.00 -5.2564 -9.2214 -9.2214
11325 15.59 12.04 0.00 1.2678 -5.5549 -5.5549
11350 15.59 12.04 0.00 1.2678 -5.5549 -5.5549
11375 15.74 12.60 0.00 6.2812 -0.3213 -0.3213
11400 16.02 12.99 0.00 6.4828 -2.4026 -2.4026
11425 16.02 12.99 0.00 6.4828 -2.4026 -2.4026
11450 16.31 13.29 0.00 7.1397 -1.0822 -1.0822
11475 16.52 13.62 0.00 3.7635 3.1056 3.1056
11500 16.56 13.68 0.00 -0.7758 0.5909 0.5909
11525 16.56 13.68 0.00 -0.7758 0.5909 0.5909
11550 16.46 13.55 0.00 -3.4551 -0.7877 -0.7877
11575 16.39 13.54 0.00 -1.0486 -1.1757 -1.1757
11600 16.39 13.54 0.00 -1.0486 -1.1757 -1.1757
11625 16.39 13.64 0.00 0.5612 0.1000 0.1000
11650 16.40 13.75 0.00 0.2041 2.9091 2.9091
11675 16.40 13.75 0.00 0.2041 2.9091 2.9091
11700 16.40 14.01 0.00 0.1630 2.2243 2.2243
11725 16.42 14.37 0.00 -0.5246 0.4005 0.4005
11750 16.29 14.63 0.00 -4.7113 -4.4093 -4.4093
11775 16.29 14.63 0.00 -4.7113 -4.4093 -4.4093
11800 16.04 14.63 0.00 -7.9422 -7.7839 -7.7839
11825 15.61 14.54 0.00 -11.6914 -12.3615 -12.3615
11850 15.61 14.54 0.00 -11.6914 -12.3615 -12.3615
11875 15.16 14.55 0.00 -11.4339 -9.7633 -9.7633
11900 14.69 14.43 0.00 -11.5841 -11.3722 -11.3722
11925 14.69 14.43 0.00 -11.5841 -11.3722 -11.3722
11950 14.19 14.20 0.00 -10.9725 -12.1134 -12.1134
11975 13.98 14.12 0.00 -5.5601 -11.0740 -11.0740
12000 13.98 14.12 0.00 -5.5601 -11.0740 -11.0740
12025 13.78 14.03 0.00 -4.2364 -7.7927 -7.7927
12050 13.70 14.14 0.00 -0.4960 -0.7435 -0.7435
12075 13.76 14.46 0.00 2.4844 3.0993 3.0993
12100 13.76 14.46 0.00 2.4844 3.0993 3.0993
12125 13.86 14.98 0.00 2.1193 0.0848 0.0848
12150 13.90 15.34 0.00 0.4833 -0.5768 -0.5768
12175 13.90 15.34 0.00 0.4833 -0.5768 -0.5768
12200 13.84 15.64 0.00 -2.6651 1.0326 1.0326
12225 13.94 15.94 0.00 6.4788 2.3205 2.3205
12250 14.19 15.92 0.00 5.5959 2.0040 2.0040
12275 14.19 15.92 0.00 5.5959 2.0040 2.0040
12300 14.39 16.19 0.00 4.9891 4.2205 4.2205
12325 14.57 16.58 0.00 4.1567 3.7957 3.7957
12350 14.57 16.58 0.00 4.1567 3.7957 3.7957
12375 14.73 16.89 0.00 3.4911 2.8823 2.8823
12400 14.82 17.01 0.00 1.5161 0.4755 0.4755
12425 14.96 16.96 0.00 5.1015 6.1858 6.1858
12450 14.96 16.96 0.00 5.1015 6.1858 6.1858
12475 15.22 17.09 0.00 6.5678 8.2549 8.2549
12500 15.45 17.46 0.00 6.0306 6.0424 6.0424
12525 15.45 17.46 0.00 6.0306 6.0424 6.0424
12550 15.76 18.05 0.00 8.6186 6.8629 6.8629
12575 16.05 18.58 0.00 6.5942 5.1036 5.1036
12600 16.05 18.58 0.00 6.5942 5.1036 5.1036
12625 16.33 18.83 0.00 8.2366 4.6784 4.6784
12650 16.85 18.80 0.00 15.3247 14.1612 14.1612
12675 16.85 18.80 0.00 15.3247 14.1612 14.1612
12700 17.51 18.63 0.00 16.3168 14.6894 14.6894
12725 17.99 18.69 0.00 16.1736 11.5925 11.5925
12750 17.99 18.69 0.00 16.1736 11.5925 11.5925
12775 18.55 19.06 0.00 12.6684 10.4931 10.4931
12800 18.93 19.72 0.00 7.9358 5.5992 5.5992
12825 19.26 20.41 0.00 8.6951 8.7277 8.7277
12850 19.26 20.41 0.00 8.6951 8.7277 8.7277
12875 19.64 21.23 0.00 9.4891 9.1619 9.1619
12900 20.02 22.01 0.00 9.1917 7.1996 7.1996
12925 20.02 22.01 0.00 9.1917 7.1996 7.1996
12950 20.34 22.67 0.00 7.6678 6.9434 6.9434
12975 20.59 23.28 0.00 4.9930 5.1501 5.1501
13000 20.59 23.28 0.00 4.9930 5.1501 5.1501
13025 20.80 23.88 0.00 5.9468 5.8244 5.8244
13050 21.12 24.49 0.00 8.8185 8.6723 8.6723
13075 21.12 24.49 0.00 8.8185 8.6723 8.6723
13100 21.46 25.22 0.00 8.9585 9.7346 9.7346
13125 21.83 26.05 0.00 9.3728 10.6168 10.6168
13150 22.25 27.03 0.00 11.0935 10.6036 10.6036
13175 22.25 27.03 0.00 11.0935 10.6036 10.6036
13200 22.76 28.34 0.00 14.3081 12.1310 12.1310
13225 23.50 29.75 0.00 21.9311 18.6188 18.6188
13250 24.42 31.02 0.00 22.9629 15.0473 15.0473
13275 24.42 31.02 0.00 22.9629 15.0473 15.0473
13300 25.31 31.92 0.00 21.7024 13.2673 13.2673
13325 26.18 32.50 0.00 21.4782 13.8832 13.8832
13350 26.18 32.50 0.00 21.4782 13.8832 13.8832
13375 27.10 33.19 0.00 24.6978 14.9627 14.9627
13400 28.20 34.24 0.00 28.9808 15.5969 15.5969
13425 28.20 34.24 0.00 28.9808 15.5969 15.5969
13450 29.36 35.44 0.00 28.5506 16.0943 16.0943
13475 30.45 36.43 0.00 26.1532 17.6697 17.6697
13500 30.45 36.43 0.00 26.1532 17.6697 17.6697
13525 31.36 37.20 0.00 19.9738 13.6783 13.6783
13550 32.01 37.59 0.00 13.8145 9.0538 9.0538
13575 32.01 37.59 0.00 13.8145 9.0538 9.0538
13600 32.39 37.72 0.00 12.5760 5.8596 5.8596
13625 32.87 37.80 0.00 11.6353 5.0704 5.0704
13650 33.34 37.85 0.00 12.3874 4.9898 4.9898
13675 33.34 37.85 0.00 12.3874 4.9898 4.9898
13700 33.88 38.06 0.00 13.9178 6.2324 6.2324
13725 34.54 38.39 0.00 18.2082 7.2838 7.2838
13750 35.39 38.94 0.00 23.7459 9.2632 9.2632
13775 35.39 38.94 0.00 23.7459 9.2632 9.2632
13800 36.46 39.56 0.00 28.3029 11.3772 11.3772
13825 37.62 40.12 0.00 28.2703 9.6354 9.6354
13850 37.62 40.12 0.00 28.2703 9.6354 9.6354
13875 38.77 40.64 0.00 29.6582 10.2496 10.2496
13900 40.05 41.30 0.00 34.0963 12.5120 12.5120
13925 40.05 41.30 0.00 34.0963 12.5120 12.5120
13950 41.55 42.27 0.00 39.5811 14.3465 14.3465
13975 43.24 43.54 0.00 43.8077 16.5026 16.5026
14000 43.24 43.54 0.00 43.8077 16.5026 16.5026
14025 45.06 44.93 0.00 46.0724 18.2030 18.2030
14050 46.80 46.41 0.00 41.5250 17.3055 17.3055
14075 46.80 46.41 0.00 41.5250 17.3055 17.3055
14100 48.31 47.74 0.00 34.4730 17.6008 17.6008
14125 49.41 48.92 0.00 22.6498 12.3464 12.3464
14150 50.05 49.77 0.00 12.4580 10.6839 10.6839
14175 50.05 49.77 0.00 12.4580 10.6839 10.6839
14200 50.38 50.50 0.00 6.0669 9.3549 9.3549
14225 50.49 51.18 0.00 1.4623 4.2343 4.2343
14250 50.49 51.18 0.00 1.4623 4.2343 4.2343
14275 50.54 51.94 0.00 1.4591 2.6987 2.6987
14300 50.65 52.90 0.00 2.9811 3.1601 3.1601
14325 50.75 53.79 0.00 3.6965 3.7916 3.7916
14350 50.75 53.79 0.00 3.6965 3.7916 3.7916
14375 50.99 55.32 0.00 7.9356 5.7218 5.7218
14400 51.41 57.26 0.00 12.2732 8.3557 8.3557
14425 51.41 57.26 0.00 12.2732 8.3557 8.3557
14450 51.99 59.24 0.00 15.3236 6.7840 6.7840
14475 52.65 61.19 0.00 17.2598 6.5820 6.5820
14500 52.65 61.19 0.00 17.2598 6.5820 6.5820
14525 53.42 63.17 0.00 20.6166 8.4518 8.4518
14550 54.35 65.25 0.00 25.0049 10.0750 10.0750
14575 55.52 67.12 0.00 30.9566 10.7801 10.7801
14600 55.52 67.12 0.00 30.9566 10.7801 10.7801
14625 56.87 68.94 0.00 35.2877 10.9265 10.9265
14650 58.33 70.52 0.00 36.9319 8.5742 8.5742
14675 58.33 70.52 0.00 36.9319 8.5742 8.5742
14700 59.81 72.08 0.00 35.9738 8.3191 8.3191
14725 61.18 73.20 0.00 33.7443 5.7503 5.7503
14750 61.18 73.20 0.00 33.7443 5.7503 5.7503
14775 62.51 73.90 0.00 32.6297 4.7455 4.7455
14800 63.73 74.70 0.00 29.1766 1.9635 1.9635
14825 64.80 75.47 0.00 25.4030 1.0820 1.0820
14850 64.80 75.47 0.00 25.4030 1.0820 1.0820
14875 65.77 76.08 0.00 22.8752 2.3629 2.3629
14900 66.57 76.43 0.00 18.6688 2.4394 2.4394
14925 66.57 76.43 0.00 18.6688 2.4394 2.4394
14950 67.20 76.78 0.00 13.8942 2.4102 2.4102
14975 67.65 77.02 0.00 10.7784 4.4461 4.4461
15000 68.06 77.18 0.00 9.6484 5.3465 5.3465
15025 68.06 77.18 0.00 9.6484 5.3465 5.3465
15050 68.46 77.30 0.00 10.7807 5.5083 5.5083
15075 68.97 77.46 0.00 13.0277 5.9138 5.9138
15100 68.97 77.46 0.00 13.0277 5.9138 5.9138
15125 69.40 77.56 0.00 15.4124 4.6317 4.6317
15150 70.13 77.59 0.00 19.4001 2.7540 2.7540
15175 70.13 77.59 0.00 19.4001 2.7540 2.7540
15200 71.00 77.80 0.00 23.9766 2.1616 2.1616
15225 72.08 78.35 0.00 29.1495 2.6317 2.6317
15250 72.08 78.35 0.00 29.1495 2.6317 2.6317
15275 73.51 79.31 0.00 40.3748 3.6578 3.6578
15300 75.38 80.71 0.00 50.5855 2.7028 2.7028
15325 75.38 80.71 0.00 50.5855 2.7028 2.7028
15350 77.68 82.57 0.00 60.9088 -0.1424 -0.1424
15375 80.17 84.42 0.00 62.3738 -1.1659 -1.1659
15400 82.55 85.95 0.00 56.0754 -4.9514 -4.9514
15425 82.55 85.95 0.00 56.0754 -4.9514 -4.9514
15450 84.51 86.87 0.00 43.1864 -2.4978 -2.4978
15475 85.86 87.59 0.00 26.8231 -1.7795 -1.7795
15500 85.86 87.59 0.00 26.8231 -1.7795 -1.7795
15525 86.58 87.95 0.00 12.3824 -1.6026 -1.6026
15550 86.81 88.30 0.00 1.5550 -0.6756 -0.6756
15575 86.65 88.72 0.00 -6.9121 1.0482 1.0482
15600 86.65 88.72 0.00 -6.9121 1.0482 1.0482
15625 86.32 89.11 0.00 -8.1825 2.9362 2.9362
15650 86.06 89.53 0.00 -6.1216 2.5930 2.5930
15675 86.06 89.53 0.00 -6.1216 2.5930 2.5930
15700 85.82 89.80 0.00 -5.7898 1.5069 1.5069
15725 85.55 89.91 0.00 -7.5809 1.4644 1.4644
15750 85.55 89.91 0.00 -7.5809 1.4644 1.4644
15775 85.20 89.82 0.00 -9.8832 3.2188 3.2188
15800 84.76 89.55 0.00 -11.3597 2.1235 2.1235
15825 84.26 89.22 0.00 -13.6663 1.1491 1.1491
15850 84.26 89.22 0.00 -13.6663 1.1491 1.1491
15875 83.65 88.97 0.00 -15.4884 -0.3559 -0.3559
15900 83.17 88.90 0.00 -16.1073 -1.2756 -1.2756
15925 83.17 88.90 0.00 -16.1073 -1.2756 -1.2756
15950 82.57 88.74 0.00 -13.6385 -0.0664 -0.0664
15975 82.14 88.56 0.00 -8.9605 -0.2102 -0.2102
16000 81.91 88.39 0.00 -4.2496 0.3841 0.3841
16025 81.91 88.39 0.00 -4.2496 0.3841 0.3841
16050 81.78 88.11 0.00 -3.3864 -0.0990 -0.0990
16075 81.65 87.74 0.00 -3.2674 0.4029 0.4029
16100 81.65 87.74 0.00 -3.2674 0.4029 0.4029
16125 81.51 87.48 0.00 -2.9781 0.5737 0.5737
16150 81.47 87.30 0.00 -0.0825 1.2229 1.2229
16175 81.47 87.30 0.00 -0.0825 1.2229 1.2229
16200 81.51 87.17 0.00 1.5098 -0.4180 -0.4180
16225 81.65 87.06 0.00 4.4564 0.4553 0.4553
16250 81.65 87.06 0.00 4.4564 0.4553 0.4553
16275 81.82 86.94 0.00 4.0883 -0.7253 -0.7253
16300 82.01 86.79 0.00 5.5295 3.1316 3.1316
16325 82.01 86.79 0.00 5.5295 3.1316 3.1316
16350 82.24 86.59 0.00 6.1047 4.1097 4.1097
16375 82.49 86.36 0.00 5.6691 3.3652 3.3652
16400 82.49 86.36 0.00 5.6691 3.3652 3.3652
16425 82.67 85.96 0.00 3.1952 2.9446 2.9446
16450 82.76 85.44 0.00 2.8629 3.3691 3.3691
16475 82.90 84.89 0.00 4.0882 4.9010 4.9010
16500 82.90 84.89 0.00 4.0882 4.9010 4.9010
16525 83.09 84.42 0.00 5.2454 4.3898 4.3898
16550 83.30 84.03 0.00 4.2982 3.6273 3.6273
16575 83.30 84.03 0.00 4.2982 3.6273 3.6273
16600 83.40 83.72 0.00 1.4444 1.9460 1.9460
16625 83.34 83.46 0.00 -3.1501 1.1774 1.1774
16650 83.34 83.46 0.00 -3.1501 1.1774 1.1774
16675 83.17 83.09 0.00 -4.9077 2.7808 2.7808
16700 83.01 82.76 0.00 -5.3036 2.7935 2.7935
16725 82.80 82.21 0.00 -5.0402 2.3473 2.3473
16750 82.61 81.66 0.00 -4.4650 1.6255 1.6255
16775 82.61 81.66 0.00 -4.4650 1.6255 1.6255
16800 82.43 81.03 0.00 -3.9647 0.9506 0.9506
16825 82.30 80.33 0.00 -3.2488 -0.0477 -0.0477
16850 82.30 80.33 0.00 -3.2488 -0.0477 -0.0477
16875 82.18 79.58 0.00 -3.1143 2.0979 2.0979
16900 82.18 79.58 0.00 -3.1143 2.0979 2.0979
16925 82.01 78.83 0.00 -4.6455 2.6191 2.6191
16950 81.78 78.16 0.00 -6.8953 2.6142 2.6142
16975 81.43 77.48 0.00 -9.1003 1.6872 1.6872
17000 81.43 77.48 0.00 -9.1003 1.6872 1.6872
17025 81.11 76.92 0.00 -7.5713 1.1609 1.1609
17050 80.90 76.44 0.00 -3.5094 2.5772 2.5772
17075 80.82 75.95 0.00 -1.2483 1.4751 1.4751
17100 80.82 75.95 0.00 -1.2483 1.4751 1.4751
17125 80.80 75.38 0.00 0.5735 1.9723 1.9723
17150 80.84 74.76 0.00 0.5797 1.6754 1.6754
17175 80.84 74.76 0.00 0.5797 1.6754 1.6754
17200 80.84 74.12 0.00 0.1101 1.8345 1.8345
17225 80.86 73.49 0.00 1.3467 1.4938 1.4938
17250 81.07 72.88 0.00 7.0063 1.5622 1.5622
17275 81.07 72.88 0.00 7.0063 1.5622 1.5622
17300 81.45 72.30 0.00 11.9437 1.7195 1.7195
17325 81.45 72.30 0.00 11.9437 1.7195 1.7195
17350 82.03 71.77 0.00 14.7677 2.3493 2.3493
17375 82.51 71.26 0.00 10.0755 0.9651 0.9651
17400 82.80 70.75 0.00 5.1214 4.4636 4.4636
17425 82.80 70.75 0.00 5.1214 4.4636 4.4636
17450 82.90 70.25 0.00 1.3636 5.8059 5.8059
17475 82.92 69.86 0.00 0.4370 5.3567 5.3567
17500 82.92 69.86 0.00 0.4370 5.3567 5.3567
17525 82.94 69.24 0.00 1.0047 3.0622 3.0622
17550 82.99 68.64 0.00 0.7163 1.2945 1.2945
17575 82.99 68.64 0.00 0.7163 1.2945 1.2945
17600 83.01 68.01 0.00 0.7556 1.6569 1.6569
17625 82.98 67.47 0.00 -2.2799 0.9252 0.9252
17650 82.80 66.97 0.00 -5.3141 0.6113 0.6113
17675 82.80 66.97 0.00 -5.3141 0.6113 0.6113
17700 82.51 66.52 0.00 -8.4821 0.6774 0.6774
17725 82.51 66.52 0.00 -8.4821 0.6774 0.6774
17750 82.16 66.01 0.00 -8.6946 2.2257 2.2257
17775 81.82 65.46 0.00 -8.8100 1.4450 1.4450
17800 81.45 64.88 0.00 -8.9647 2.1626 2.1626
17825 81.09 64.31 0.00 -9.7154 2.1751 2.1751
17850 81.09 64.31 0.00 -9.7154 2.1751 2.1751
17875 80.63 63.61 0.00 -13.0657 0.9363 0.9363
17900 79.98 63.02 0.00 -17.4963 0.0020 0.0020
17925 79.98 63.02 0.00 -17.4963 0.0020 0.0020
17950 79.22 62.40 0.00 -20.2873 2.6752 2.6752
17975 78.37 61.69 0.00 -20.9574 4.3606 4.3606
18000 78.37 61.69 0.00 -20.9574 4.3606 4.3606
18025 77.56 61.00 0.00 -20.2136 3.8374 3.8374
18050 76.78 60.46 0.00 -19.0297 1.9843 1.9843
18075 76.07 59.86 0.00 -17.0191 0.3833 0.3833
18100 76.07 59.86 0.00 -17.0191 0.3833 0.3833
18125 75.51 59.23 0.00 -12.2328 1.0475 1.0475
18150 75.08 58.63 0.00 -9.4786 -0.9672 -0.9672
18175 75.08 58.63 0.00 -9.4786 -0.9672 -0.9672
18200 74.77 58.08 0.00 -7.1409 -2.5876 -2.5876
18225 74.60 57.67 0.00 -4.8167 -1.2639 -1.2639
18250 74.60 57.67 0.00 -4.8167 -1.2639 -1.2639
18275 74.47 57.19 0.00 -2.0557 -1.4379 -1.4379
18300 74.45 56.68 0.00 -0.0718 -0.5075 -0.5075
18325 74.45 56.18 0.00 0.7499 0.7516 0.7516
18350 74.45 56.18 0.00 0.7499 0.7516 0.7516
18375 74.54 55.72 0.00 2.6673 1.0613 1.0613
18400 74.65 55.24 0.00 2.9434 1.4011 1.4011
18425 74.65 55.24 0.00 2.9434 1.4011 1.4011
18450 74.73 54.60 0.00 0.7538 0.7218 0.7218
18475 74.73 53.80 0.00 0.1654 3.4393 3.4393
18500 74.73 53.80 0.00 0.1654 3.4393 3.4393
18525 74.71 52.77 0.00 -1.0610 3.7617 3.7617
18550 74.71 52.77 0.00 -1.0610 3.7617 3.7617
18575 74.65 51.44 0.00 -1.2945 0.7269 0.7269
18600 74.58 49.88 0.00 -2.0784 -2.6501 -2.6501
18625 74.49 48.47 0.00 -2.6039 -3.4575 -3.4575
18650 74.49 48.47 0.00 -2.6039 -3.4575 -3.4575
18675 74.41 47.37 0.00 -1.5440 -2.2767 -2.2767
18700 74.32 46.46 0.00 -3.5299 -1.8532 -1.8532
18725 74.14 45.41 0.00 -4.4033 0.8285 0.8285
18750 74.14 45.41 0.00 -4.4033 0.8285 0.8285
18775 73.92 44.38 0.00 -6.6616 0.6446 0.6446
18800 73.58 43.64 0.00 -8.1235 -0.3544 -0.3544
18825 73.58 43.64 0.00 -8.1235 -0.3544 -0.3544
18850 73.31 42.93 0.00 -5.6638 1.0494 1.0494
18875 73.16 42.27 0.00 -3.0370 0.3446 0.3446
18900 73.09 41.80 0.00 -1.4209 -1.3338 -1.3338
18925 73.09 41.80 0.00 -1.4209 -1.3338 -1.3338
18950 73.03 41.58 0.00 -1.3983 -2.8394 -2.8394
18975 72.99 41.50 0.00 -0.7159 -1.9038 -1.9038
19000 72.99 41.50 0.00 -0.7159 -1.9038 -1.9038
19025 72.90 41.55 0.00 -3.4217 -3.1080 -3.1080
19050 72.81 41.60 0.00 -2.0284 2.1785 2.1785
19075 72.81 41.60 0.00 -2.0284 2.1785 2.1785
19100 72.72 41.65 0.00 -3.4688 1.3562 1.3562
19125 72.55 41.70 0.00 -3.5668 0.5509 0.5509
19150 72.37 41.70 0.00 -5.2581 -1.2584 -1.2584
19175 72.37 41.70 0.00 -5.2581 -1.2584 -1.2584
19200 72.19 41.61 0.00 -4.4785 -1.0187 -1.0187
19225 72.02 41.60 0.00 -3.8007 -1.0618 -1.0618
19250 72.02 41.60 0.00 -3.8007 -1.0618 -1.0618
19275 71.88 41.55 0.00 -3.6583 0.4300 0.4300
19300 71.69 41.44 0.00 -5.6553 -0.8708 -0.8708
19325 71.38 41.26 0.00 -9.3998 -1.5412 -1.5412
19350 71.38 41.26 0.00 -9.3998 -1.5412 -1.5412
19375 70.91 40.93 0.00 -12.4028 -3.0435 -3.0435
19400 70.40 40.60 0.00 -12.6197 -1.6860 -1.6860
19425 70.40 40.60 0.00 -12.6197 -1.6860 -1.6860
19450 69.93 40.21 0.00 -11.0361 -0.8115 -0.8115
19475 69.55 39.76 0.00 -8.1735 -0.3118 -0.3118
19500 69.55 39.76 0.00 -8.1735 -0.3118 -0.3118
19525 69.26 39.33 0.00 -6.7290 -1.2105 -1.2105
19550 69.04 38.99 0.00 -4.3660 -2.4182 -2.4182
19575 68.93 38.71 0.00 -2.0890 -2.7687 -2.7687
19600 68.93 38.71 0.00 -2.0890 -2.7687 -2.7687
19625 68.82 38.45 0.00 -3.2726 -2.7672 -2.7672
19650 68.70 38.23 0.00 -2.1389 0.3744 0.3744
19675 68.70 38.23 0.00 -2.1389 0.3744 0.3744
19700 68.62 38.06 0.00 -2.0883 0.7440 0.7440
19725 68.55 37.99 0.00 -1.2676 -0.7591 -0.7591
19750 68.55 37.99 0.00 -1.2676 -0.7591 -0.7591
19775 68.52 37.97 0.00 -1.4929 -2.7495 -2.7495
19800 68.46 37.95 0.00 -0.7376 -2.7180 -2.7180
19825 68.46 37.95 0.00 -0.7376 -2.7180 -2.7180
19850 68.44 37.93 0.00 -0.8639 -2.5973 -2.5973
19875 68.44 37.95 0.00 0.4662 0.4764 0.4764
19900 68.44 38.01 0.00 -0.5203 -0.1400 -0.1400
19925 68.44 38.01 0.00 -0.5203 -0.1400 -0.1400
19950 68.41 38.18 0.00 -1.0944 -0.4214 -0.4214
19975 68.34 38.61 0.00 -1.8330 -0.9883 -0.9883
20000 68.34 38.61 0.00 -1.8330 -0.9883 -0.9883
20025 68.23 39.16 0.00 -3.7390 -1.4182 -1.4182
20050 68.01 39.79 0.00 -6.3430 -1.7187 -1.7187
20075 67.74 40.62 0.00 -6.3952 -2.2401 -2.2401
20100 67.74 40.62 0.00 -6.3952 -2.2401 -2.2401
20125 67.47 41.51 0.00 -7.3624 -3.8933 -3.8933
20150 67.15 42.39 0.00 -8.2056 -4.0095 -4.0095
20175 67.15 42.39 0.00 -8.2056 -4.0095 -4.0095
20200 66.77 43.34 0.00 -10.3071 -4.6750 -4.6750
20225 66.38 44.59 0.00 -9.2212 -4.1082 -4.1082
20250 66.38 44.59 0.00 -9.2212 -4.1082 -4.1082
20275 66.09 46.06 0.00 -6.2306 -3.1031 -3.1031
20300 65.87 47.35 0.00 -5.0867 -0.4303 -0.4303
20325 65.66 48.30 0.00 -5.4466 0.0284 0.0284
20350 65.66 48.30 0.00 -5.4466 0.0284 0.0284
20375 65.41 48.80 0.00 -6.7356 -1.7214 -1.7214
20400 65.41 48.80 0.00 -6.7356 -1.7214 -1.7214
20425 65.11 49.01 0.00 -8.6055 -3.0346 -3.0346
20450 64.64 49.05 0.00 -13.4818 -4.9675 -4.9675
20475 63.89 49.04 0.00 -23.8939 -7.1930 -7.1930
20500 63.89 49.04 0.00 -23.8939 -7.1930 -7.1930
20525 62.42 49.03 0.00 -45.8647 -12.1290 -12.1290
20550 60.78 49.07 0.00 -59.0785 -15.9687 -15.9687
20575 58.12 49.17 0.00 -70.4853 -21.2112 -21.2112
20600 58.12 49.17 0.00 -70.4853 -21.2112 -21.2112
20625 55.19 49.17 0.00 -74.1292 -27.2475 -27.2475
20650 52.13 49.07 0.00 -77.5313 -27.9056 -27.9056
20675 52.13 49.07 0.00 -77.5313 -27.9056 -27.9056
20700 49.02 48.98 0.00 -76.8303 -22.4217 -22.4217
20725 46.02 49.09 0.00 -74.0109 -21.5436 -21.5436
20750 46.02 49.09 0.00 -74.0109 -21.5436 -21.5436
20775 43.25 49.66 0.00 -64.3583 -20.5119 -20.5119
20800 41.11 50.80 0.00 -45.4661 -14.6639 -14.6639
20825 39.82 52.30 0.00 -23.4686 -8.5811 -8.5811
20850 39.82 52.30 0.00 -23.4686 -8.5811 -8.5811
20875 39.28 53.99 0.00 -7.8984 -4.8334 -4.8334
20900 39.26 55.68 0.00 3.5978 0.4962 0.4962
20925 39.26 55.68 0.00 3.5978 0.4962 0.4962
20950 39.49 57.37 0.00 6.1548 -2.0145 -2.0145
20975 39.68 58.80 0.00 3.6250 -1.9416 -1.9416
21000 39.68 58.80 0.00 3.6250 -1.9416 -1.9416
21025 39.75 59.92 0.00 0.1944 -2.5097 -2.5097
21050 39.68 60.71 0.00 -2.8990 -2.4422 -2.4422
21075 39.54 61.34 0.00 -3.6753 0.6950 0.6950
21100 39.54 61.34 0.00 -3.6753 0.6950 0.6950
21125 39.35 62.10 0.00 -5.4881 1.8963 1.8963
21150 39.08 63.13 0.00 -7.1662 1.6934 1.6934
21175 39.08 63.13 0.00 -7.1662 1.6934 1.6934
21200 38.78 64.26 0.00 -7.8800 1.2134 1.2134
21225 38.45 65.36 0.00 -8.5071 0.4584 0.4584
21250 38.06 66.16 0.00 -10.7647 0.6242 0.6242
21275 38.06 66.16 0.00 -10.7647 0.6242 0.6242
21300 37.54 66.74 0.00 -13.9079 0.5880 0.5880
21325 37.08 67.13 0.00 -16.3684 -0.8690 -0.8690
21350 37.08 67.13 0.00 -16.3684 -0.8690 -0.8690
21375 36.32 67.85 0.00 -19.9361 -4.2493 -4.2493
21400 35.54 68.88 0.00 -19.1758 -3.3957 -3.3957
21425 35.54 68.88 0.00 -19.1758 -3.3957 -3.3957
21450 34.91 70.24 0.00 -13.4101 -2.1147 -2.1147
21475 34.50 71.66 0.00 -8.1595 -1.7673 -1.7673
21500 34.29 72.83 0.00 -4.3530 -0.1890 -0.1890
21525 34.29 72.83 0.00 -4.3530 -0.1890 -0.1890
21550 34.09 73.58 0.00 -5.7701 1.8695 1.8695
21575 34.09 73.58 0.00 -5.7701 1.8695 1.8695
21600 33.80 74.29 0.00 -8.6409 2.2046 2.2046
21625 33.39 75.06 0.00 -10.3944 1.4739 1.4739
21650 33.00 76.11 0.00 -8.9773 0.9315 0.9315
21675 33.00 76.11 0.00 -8.9773 0.9315 0.9315
21700 32.76 77.35 0.00 -3.9558 -0.6071 -0.6071
21725 32.73 78.39 0.00 0.5709 -0.3337 -0.3337
21750 32.73 78.39 0.00 0.5709 -0.3337 -0.3337
21775 32.74 79.05 0.00 0.7624 -2.2629 -2.2629
21800 32.76 79.28 0.00 -0.2112 0.0430 0.0430
21825 32.69 79.44 0.00 -3.1158 0.3279 0.3279
21850 32.69 79.44 0.00 -3.1158 0.3279 0.3279
21875 32.49 79.53 0.00 -6.8886 0.6837 0.6837
21900 32.12 79.67 0.00 -10.4613 1.8202 1.8202
21925 32.12 79.67 0.00 -10.4613 1.8202 1.8202
21950 31.56 79.81 0.00 -16.7577 0.1879 0.1879
21975 30.76 79.95 0.00 -21.4167 0.5072 0.5072
22000 29.71 80.07 0.00 -30.6071 -1.5018 -1.5018
22025 29.71 80.07 0.00 -30.6071 -1.5018 -1.5018
22050 28.29 80.21 0.00 -37.2205 1.4559 1.4559
22075 26.69 80.26 0.00 -40.9115 -1.0063 -1.0063
22100 26.69 80.26 0.00 -40.9115 -1.0063 -1.0063
22125 25.16 80.17 0.00 -35.3195 -2.2159 -2.2159
22150 24.25 80.17 0.00 -27.5870 -2.0909 -2.0909
22175 24.25 80.17 0.00 -27.5870 -2.0909 -2.0909
22200 23.37 80.24 0.00 -19.3389 -2.8523 -2.8523
22225 22.79 80.56 0.00 -12.2211 -3.7912 -3.7912
22250 22.38 81.03 0.00 -9.3022 -3.5889 -3.5889
22275 22.38 81.03 0.00 -9.3022 -3.5889 -3.5889
22300 21.99 81.54 0.00 -10.9893 -3.9782 -3.9782
22325 21.46 81.94 0.00 -14.2102 -1.2482 -1.2482
22350 21.46 81.94 0.00 -14.2102 -1.2482 -1.2482
22375 20.81 82.25 0.00 -17.5022 0.1623 0.1623
22400 20.09 82.63 0.00 -18.0358 2.2878 2.2878
22425 20.09 82.63 0.00 -18.0358 2.2878 2.2878
22450 19.41 83.13 0.00 -15.3869 0.7995 0.7995
22475 18.97 83.70 0.00 -9.1007 0.9640 0.9640
22500 18.66 84.25 0.00 -6.8523 0.0463 0.0463
22525 18.66 84.25 0.00 -6.8523 0.0463 0.0463
22550 18.35 84.75 0.00 -9.1159 1.3277 1.3277
22575 17.80 85.10 0.00 -17.1212 2.2873 2.2873
22600 17.80 85.10 0.00 -17.1212 2.2873 2.2873
22625 17.01 85.43 0.00 -21.3715 4.4361 4.4361
22650 16.07 85.53 0.00 -24.0548 1.4322 1.4322
22675 16.07 85.53 0.00 -24.0548 1.4322 1.4322
22700 15.22 85.62 0.00 -19.5938 2.1178 2.1178
22725 14.53 85.74 0.00 -14.7114 -2.8125 -2.8125
22750 14.53 85.74 0.00 -14.7114 -2.8125 -2.8125
22775 14.19 85.82 0.00 -5.1765 0.4206 0.4206
22800 14.23 85.84 0.00 4.5112 -0.9319 -0.9319
22825 14.23 85.84 0.00 4.5112 -0.9319 -0.9319
22850 14.49 86.07 0.00 6.2830 -0.6861 -0.6861
22875 14.73 85.98 0.00 5.3150 -1.5225 -1.5225
22900 14.82 85.92 0.00 1.5914 -1.4735 -1.4735
22925 14.82 85.92 0.00 1.5914 -1.4735 -1.4735
22950 14.84 85.72 0.00 -0.3508 -2.5544 -2.5544
22975 14.84 85.57 0.00 0.2467 -2.1989 -2.1989
23000 14.84 85.57 0.00 0.2467 -2.1989 -2.1989
23025 14.94 85.31 0.00 4.0257 -2.3504 -2.3504
23050 15.14 85.16 0.00 6.0699 -2.5643 -2.5643
23075 15.43 84.99 0.00 8.1699 -3.4554 -3.4554
23100 15.43 84.99 0.00 8.1699 -3.4554 -3.4554
23125 15.76 84.72 0.00 8.4277 -4.5064 -4.5064
23150 16.02 84.37 0.00 3.3985 -5.3999 -5.3999
23175 16.02 84.37 0.00 3.3985 -5.3999 -5.3999
23200 15.94 83.76 0.00 -4.6298 -5.9784 -5.9784
23225 15.70 83.10 0.00 -7.1557 -7.6347 -7.6347
23250 15.70 83.10 0.00 -7.1557 -7.6347 -7.6347
23275 15.43 82.53 0.00 -5.9410 -8.4150 -8.4150
23300 15.29 82.23 0.00 -1.2516 -3.5156 -3.5156
23325 15.35 82.12 0.00 3.5891 -3.3550 -3.3550
23350 15.35 82.12 0.00 3.5891 -3.3550 -3.3550
23375 15.65 82.08 0.00 9.5123 -1.1514 -1.1514
23400 16.11 82.08 0.00 12.4479 -1.2946 -1.2946
23425 16.11 82.08 0.00 12.4479 -1.2946 -1.2946
23450 16.37 82.23 0.00 1.8454 -6.9042 -6.9042
23475 16.23 82.27 0.00 -4.4205 -6.8503 -6.8503
23500 16.23 82.27 0.00 -4.4205 -6.8503 -6.8503
23525 16.05 82.19 0.00 -4.8684 -6.8340 -6.8340
23550 15.98 82.08 0.00 1.1725 -4.4430 -4.4430
23575 16.33 82.25 0.00 12.7717 -2.6720 -2.6720
23600 16.33 82.25 0.00 12.7717 -2.6720 -2.6720
23625 16.85 82.65 0.00 13.7427 -0.6664 -0.6664
23650 17.31 82.94 0.00 16.1559 0.9992 0.9992
23675 17.31 82.94 0.00 16.1559 0.9992 0.9992
23700 17.93 83.10 0.00 14.4902 -3.4917 -3.4917
23725 17.93 83.10 0.00 14.4902 -3.4917 -3.4917
23750 18.45 83.10 0.00 11.0520 -4.2454 -4.2454
23775 18.72 83.03 0.00 5.3749 1.8779 1.8779
23800 18.93 83.08 0.00 5.0584 4.1389 4.1389
23825 19.08 83.19 0.00 3.1512 2.2102 2.2102
23850 19.08 83.19 0.00 3.1512 2.2102 2.2102
23875 19.29 83.33 0.00 7.2385 0.7336 0.7336
23900 19.77 83.66 0.00 14.8083 0.4814 0.4814
23925 19.77 83.66 0.00 14.8083 0.4814 0.4814
23950 20.55 83.91 0.00 23.0964 6.7929 6.7929
23975 21.67 84.19 0.00 29.3228 9.9181 9.9181
24000 21.67 84.19 0.00 29.3228 9.9181 9.9181
24025 22.87 84.36 0.00 31.7570 13.5595 13.5595
24050 24.36 84.67 0.00 40.1803 17.7386 17.7386
24075 26.01 85.05 0.00 40.8683 20.4227 20.4227
24100 26.01 85.05 0.00 40.8683 20.4227 20.4227
24125 27.57 85.17 0.00 38.2214 23.0765 23.0765
24150 28.96 85.19 0.00 31.6283 19.4977 19.4977
24175 28.96 85.19 0.00 31.6283 19.4977 19.4977
24200 30.18 85.18 0.00 30.4397 11.4647 11.4647
24225 31.50 85.26 0.00 34.8791 13.1373 13.1373
24250 32.87 85.16 0.00 33.0432 11.9910 11.9910
24275 32.87 85.16 0.00 33.0432 11.9910 11.9910
24300 34.07 84.69 0.00 27.3865 12.3410 12.3410
24325 34.97 83.94 0.00 20.0875 9.6421 9.6421
24350 34.97 83.94 0.00 20.0875 9.6421 9.6421
24375 35.64 83.13 0.00 15.6659 5.5121 5.5121
24400 36.30 82.21 0.00 17.5127 3.5409 3.5409
24425 36.30 82.21 0.00 17.5127 3.5409 3.5409
24450 37.07 81.38 0.00 20.3365 1.9973 1.9973
24475 38.08 80.50 0.00 27.4704 3.1673 3.1673
24500 38.08 80.50 0.00 27.4704 3.1673 3.1673
24525 38.96 79.64 0.00 30.2716 2.9162 2.9162
24550 40.27 78.21 0.00 33.9295 6.3264 6.3264
24575 41.51 76.47 0.00 28.9392 5.0789 5.0789
24600 41.51 76.47 0.00 28.9392 5.0789 5.0789
24625 42.55 74.60 0.00 25.0263 4.0591 4.0591
24650 43.62 72.83 0.00 28.0291 3.5460 3.5460
24675 43.62 72.83 0.00 28.0291 3.5460 3.5460
24700 44.86 71.25 0.00 32.7355 3.3061 3.3061
24725 46.25 69.90 0.00 36.0490 6.3201 6.3201
24750 47.77 68.80 0.00 37.7745 9.1908 9.1908
24775 47.77 68.80 0.00 37.7745 9.1908 9.1908
24800 49.16 67.58 0.00 33.1220 9.9640 9.9640
24825 50.38 66.34 0.00 28.9621 11.4170 11.4170
24850 50.38 66.34 0.00 28.9621 11.4170 11.4170
24875 51.36 65.23 0.00 21.4106 8.9269 8.9269
24900 51.99 64.26 0.00 12.1453 5.5468 5.5468
24925 51.99 64.26 0.00 12.1453 5.5468 5.5468
24950 52.23 63.52 0.00 2.9657 4.0600 4.0600
24975 52.20 63.07 0.00 -2.2307 3.4147 3.4147
25000 52.20 63.07 0.00 -2.2307 3.4147 3.4147
25025 52.08 62.87 0.00 -3.1892 2.7090 2.7090
25050 51.97 62.75 0.00 -2.5696 0.3877 0.3877
25075 51.97 62.75 0.00 -2.5696 0.3877 0.3877
25100 51.94 62.69 0.00 0.2539 1.3653 1.3653
25125 51.94 62.73 0.00 -0.3307 2.4481 2.4481
25150 51.87 62.84 0.00 -2.9175 1.6268 1.6268
25175 51.87 62.84 0.00 -2.9175 1.6268 1.6268
25200 51.71 63.05 0.00 -3.8456 0.9826 0.9826
25225 51.61 63.14 0.00 -1.7467 -0.3834 -0.3834
25250 51.61 63.14 0.00 -1.7467 -0.3834 -0.3834
25275 51.59 63.07 0.00 0.6157 -2.1479 -2.1479
25300 51.69 63.04 0.00 5.1406 -0.3395 -0.3395
25325 52.09 63.11 0.00 14.1631 0.5679 0.5679
25350 52.09 63.11 0.00 14.1631 0.5679 0.5679
25375 52.93 63.25 0.00 24.8497 2.2962 2.2962
25400 54.05 63.08 0.00 28.9417 5.6046 5.6046
25425 54.05 63.08 0.00 28.9417 5.6046 5.6046
25450 55.24 62.65 0.00 30.0319 10.7547 10.7547
25475 56.41 62.08 0.00 28.5549 12.4553 12.4553
25500 57.50 61.41 0.00 26.7222 12.1202 12.1202
25525 57.50 61.41 0.00 26.7222 12.1202 12.1202
25550 58.50 60.65 0.00 24.4226 10.2511 10.2511
25575 59.51 59.95 0.00 25.1631 10.0183 10.0183
25600 59.51 59.95 0.00 25.1631 10.0183 10.0183
25625 60.51 59.49 0.00 25.5401 9.2150 9.2150
25650 61.54 59.16 0.00 24.8925 12.6717 12.6717
25675 61.54 59.16 0.00 24.8925 12.6717 12.6717
25700 62.46 58.76 0.00 21.7102 13.3094 13.3094
25725 63.20 58.45 0.00 15.9504 11.8111 11.8111
25750 63.77 58.34 0.00 14.4655 10.1632 10.1632
25775 63.77 58.34 0.00 14.4655 10.1632 10.1632
25800 64.43 58.58 0.00 17.5385 12.0433 12.0433
25825 65.14 59.04 0.00 17.9784 13.0062 13.0062
25850 65.14 59.04 0.00 17.9784 13.0062 13.0062
25875 65.87 59.55 0.00 18.5576 13.3769 13.3769
25900 66.63 60.09 0.00 18.6154 13.4678 13.4678
25925 66.63 60.09 0.00 18.6154 13.4678 13.4678
25950 67.34 60.20 0.00 18.0974 11.5493 11.5493
25975 68.06 59.93 0.00 17.8089 10.6745 10.6745
26000 68.06 59.93 0.00 17.8089 10.6745 10.6745
26025 68.73 59.41 0.00 15.9080 9.1353 9.1353
26050 69.18 58.89 0.00 14.0196 7.2765 7.2765
26075 69.69 58.14 0.00 12.6472 5.4166 5.4166
26100 69.69 58.14 0.00 12.6472 5.4166 5.4166
26125 70.20 57.44 0.00 13.1511 5.2211 5.2211
26150 70.20 57.44 0.00 13.1511 5.2211 5.2211
26175 70.75 56.81 0.00 13.3686 6.9632 6.9632
26200 71.22 56.21 0.00 10.7492 6.8637 6.8637
26225 71.66 55.69 0.00 11.1925 11.4215 11.4215
26250 71.66 55.69 0.00 11.1925 11.4215 11.4215
26275 72.04 55.22 0.00 8.5106 10.1168 10.1168
26300 72.32 54.76 0.00 6.2580 9.7060 9.7060
26325 72.32 54.76 0.00 6.2580 9.7060 9.7060
26350 72.54 54.46 0.00 5.1637 8.8209 8.8209
26375 72.74 54.24 0.00 5.0814 9.7562 9.7562
26400 72.99 53.98 0.00 6.8784 12.5564 12.5564
26425 72.99 53.98 0.00 6.8784 12.5564 12.5564
26450 73.27 53.64 0.00 7.2311 15.9339 15.9339
26475 73.53 53.37 0.00 5.2941 16.7457 16.7457
26500 73.53 53.37 0.00 5.2941 16.7457 16.7457
26525 73.66 53.21 0.00 2.3098 16.7853 16.7853
26550 73.69 53.13 0.00 -0.0221 17.0444 17.0444
26575 73.69 53.13 0.00 -0.0221 17.0444 17.0444
26600 73.64 53.11 0.00 -2.2391 15.7452 15.7452
26625 73.49 53.08 0.00 -4.3483 14.6486 14.6486
26650 73.27 52.92 0.00 -5.9705 10.5775 10.5775
26675 73.27 52.92 0.00 -5.9705 10.5775 10.5775
26700 73.05 52.55 0.00 -5.5566 6.8804 6.8804
26725 72.87 51.97 0.00 -3.7981 2.2893 2.2893
26750 72.74 51.28 0.00 -2.6717 -2.3171 -2.3171
26775 72.74 51.28 0.00 -2.6717 -2.3171 -2.3171
26800 72.65 50.58 0.00 -2.0559 -5.2488 -5.2488
26825 72.57 50.16 0.00 -3.0421 -4.8254 -4.8254
26850 72.57 50.16 0.00 -3.0421 -4.8254 -4.8254
26875 72.37 49.86 0.00 -5.9523 -4.6155 -4.6155
26900 72.11 49.86 0.00 -6.2472 -1.7439 -1.7439
26925 71.84 49.87 0.00 -7.5083 -1.6084 -1.6084
26950 71.84 49.87 0.00 -7.5083 -1.6084 -1.6084
26975 71.57 49.79 0.00 -5.9626 -1.2173 -1.2173
27000 71.57 49.79 0.00 -5.9626 -1.2173 -1.2173
27025 71.40 49.71 0.00 -2.7054 -0.6194 -0.6194
27050 71.37 49.61 0.00 -0.0102 -0.4822 -0.4822
27075 71.37 49.55 0.00 -0.2967 -1.7456 -1.7456
27100 71.37 49.55 0.00 -0.2967 -1.7456 -1.7456
27125 71.35 49.57 0.00 -0.1562 -1.3428 -1.3428
27150 71.38 49.73 0.00 1.3670 -0.8917 -0.8917
27175 71.38 49.73 0.00 1.3670 -0.8917 -0.8917
27200 71.46 49.94 0.00 1.8350 -0.5872 -0.5872
27225 71.53 50.11 0.00 1.8894 0.2913 0.2913
27250 71.53 50.11 0.00 1.8894 0.2913 0.2913
27275 71.58 50.22 0.00 1.1141 0.3144 0.3144
27300 71.60 50.24 0.00 0.1313 -0.5929 -0.5929
27325 71.60 50.24 0.00 0.1313 -0.5929 -0.5929
27350 71.62 50.18 0.00 0.3594 0.1333 0.1333
27375 71.62 50.12 0.00 -0.1701 -0.0069 -0.0069
27400 71.58 50.11 0.00 -1.5879 -0.9898 -0.9898
27425 71.58 50.11 0.00 -1.5879 -0.9898 -0.9898
27450 71.53 50.15 0.00 -0.5468 1.0335 1.0335
27475 71.49 50.15 0.00 -1.3691 -0.0125 -0.0125
27500 71.49 50.15 0.00 -1.3691 -0.0125 -0.0125
27525 71.40 50.12 0.00 -2.5506 -2.4294 -2.4294
27550 71.31 50.01 0.00 -2.7418 -4.2185 -4.2185
27575 71.20 49.86 0.00 -3.6410 -5.6647 -5.6647
27600 71.20 49.86 0.00 -3.6410 -5.6647 -5.6647
27625 71.00 49.66 0.00 -6.5776 -7.0596 -7.0596
27650 70.65 49.42 0.00 -10.0072 -7.4467 -7.4467
27675 70.65 49.42 0.00 -10.0072 -7.4467 -7.4467
27700 70.20 49.16 0.00 -12.3536 -8.1372 -8.1372
27725 69.66 48.94 0.00 -13.7777 -9.3099 -9.3099
27750 69.11 48.74 0.00 -12.9185 -7.9329 -7.9329
27775 69.11 48.74 0.00 -12.9185 -7.9329 -7.9329
27800 68.64 48.63 0.00 -11.1157 -5.6142 -5.6142
27825 68.28 48.53 0.00 -8.0883 -2.5040 -2.5040
27850 68.28 48.53 0.00 -8.0883 -2.5040 -2.5040
27875 67.99 48.27 0.00 -6.7131 -2.9291 -2.9291
27900 67.72 47.95 0.00 -7.1466 -5.6449 -5.6449
27925 67.72 47.95 0.00 -7.1466 -5.6449 -5.6449
27950 67.38 47.54 0.00 -9.4982 -9.3955 -9.3955
27975 66.93 47.08 0.00 -12.1155 -12.0852 -12.0852
28000 66.41 46.53 0.00 -13.1654 -11.8556 -11.8556
28025 66.41 46.53 0.00 -13.1654 -11.8556 -11.8556
28050 65.87 45.97 0.00 -14.1708 -12.0761 -12.0761
28075 65.28 45.43 0.00 -14.4665 -12.4319 -12.4319
28100 65.28 45.43 0.00 -14.4665 -12.4319 -12.4319
28125 64.77 45.00 0.00 -11.9337 -9.3729 -9.3729
28150 64.45 44.78 0.00 -10.2411 -8.7456 -8.7456
28175 64.09 44.53 0.00 -7.8061 -6.1704 -6.1704
28200 64.09 44.53 0.00 -7.8061 -6.1704 -6.1704
28225 63.80 44.21 0.00 -6.7040 -6.1897 -6.1897
28250 63.52 43.62 0.00 -5.0882 -7.7628 -7.7628
28275 63.52 43.62 0.00 -5.0882 -7.7628 -7.7628
28300 63.38 42.95 0.00 -2.7739 -6.8758 -6.8758
28325 63.38 42.95 0.00 -2.7739 -6.8758 -6.8758
28350 63.38 42.16 0.00 2.2243 -3.6210 -3.6210
28375 63.61 41.34 0.00 8.2915 -1.5124 -1.5124
28400 64.00 40.66 0.00 14.9480 1.0031 1.0031
28425 64.00 40.66 0.00 14.9480 1.0031 1.0031
28450 64.73 39.74 0.00 19.5041 2.6282 2.6282
28475 65.50 38.87 0.00 18.4791 3.9045 3.9045
28500 65.50 38.87 0.00 18.4791 3.9045 3.9045
28525 66.23 38.15 0.00 18.0780 6.9037 6.9037
28550 66.95 37.62 0.00 18.1646 11.8150 11.8150
28575 66.95 37.62 0.00 18.1646 11.8150 11.8150
28600 67.65 37.32 0.00 16.2456 11.8784 11.8784
28625 68.14 36.99 0.00 9.7116 7.9706 7.9706
28650 68.35 36.51 0.00 2.9162 5.8922 5.8922
28675 68.35 36.51 0.00 2.9162 5.8922 5.8922
28700 68.32 36.04 0.00 -3.0590 3.2357 3.2357
28725 68.08 35.70 0.00 -7.5146 -0.1108 -0.1108
28750 67.70 35.37 0.00 -10.0453 -2.4953 -2.4953
28775 67.70 35.37 0.00 -10.0453 -2.4953 -2.4953
28800 67.33 35.08 0.00 -9.2121 -0.4529 -0.4529
28825 66.95 34.74 0.00 -9.0102 -2.3381 -2.3381
28850 66.95 34.74 0.00 -9.0102 -2.3381 -2.3381
28875 66.61 34.43 0.00 -8.8854 -4.5564 -4.5564
28900 66.21 34.11 0.00 -10.0718 -8.1963 -8.1963
28925 66.21 34.11 0.00 -10.0718 -8.1963 -8.1963
28950 65.80 33.82 0.00 -10.8898 -9.4510 -9.4510
28975 65.37 33.51 0.00 -10.2603 -7.7991 -7.7991
29000 64.96 33.13 0.00 -10.0806 -6.6998 -6.6998
29025 64.96 33.13 0.00 -10.0806 -6.6998 -6.6998
29050 64.52 32.77 0.00 -12.0601 -6.9356 -6.9356
29075 64.13 32.49 0.00 -13.9762 -7.9474 -7.9474
29100 64.13 32.49 0.00 -13.9762 -7.9474 -7.9474
29125 63.38 32.06 0.00 -14.7436 -9.3378 -9.3378
29150 62.95 31.81 0.00 -14.2455 -10.3914 -10.3914
29175 62.40 31.49 0.00 -13.4109 -10.9914 -10.9914
29200 62.40 31.49 0.00 -13.4109 -10.9914 -10.9914
29225 61.85 31.24 0.00 -13.8420 -11.6920 -11.6920
29250 61.29 30.99 0.00 -14.1753 -12.1321 -12.1321
29275 61.29 30.99 0.00 -14.1753 -12.1321 -12.1321
29300 60.78 30.80 0.00 -12.3833 -10.9588 -10.9588
29325 60.28 30.65 0.00 -12.2179 -10.8131 -10.8131
29350 60.28 30.65 0.00 -12.2179 -10.8131 -10.8131
29375 59.79 30.56 0.00 -12.7655 -9.2278 -9.2278
29400 59.29 30.50 0.00 -11.5498 -7.5137 -7.5137
29425 59.29 30.50 0.00 -11.5498 -7.5137 -7.5137
29450 58.89 30.36 0.00 -9.2952 -11.5939 -11.5939
29475 58.63 30.20 0.00 -4.8686 -10.8193 -10.8193
29500 58.43 30.27 0.00 -4.8326 -9.0787 -9.0787
29525 58.43 30.27 0.00 -4.8326 -9.0787 -9.0787
29550 58.24 30.63 0.00 -5.5650 -4.4327 -4.4327
29575 57.87 30.98 0.00 -11.1773 -6.5180 -6.5180
29600 57.87 30.98 0.00 -11.1773 -6.5180 -6.5180
29625 57.36 31.13 0.00 -13.7289 -8.5497 -8.5497
29650 56.80 31.19 0.00 -13.3739 -9.7086 -9.7086
29675 56.80 31.19 0.00 -13.3739 -9.7086 -9.7086
29700 56.34 31.18 0.00 -10.1582 -7.1001 -7.1001
29725 56.01 31.13 0.00 -6.9403 -6.0500 -6.0500
29750 55.80 31.09 0.00 -4.6675 -5.0633 -5.0633
29775 55.80 31.09 0.00 -4.6675 -5.0633 -5.0633
29800 55.64 31.07 0.00 -4.0038 -3.8038 -3.8038
29825 55.43 31.06 0.00 -5.9054 -3.5386 -3.5386
29850 55.43 31.06 0.00 -5.9054 -3.5386 -3.5386
29875 55.22 31.04 0.00 -8.0618 -4.6352 -4.6352
29900 54.82 31.01 0.00 -10.9515 -6.2841 -6.2841
29925 54.82 31.01 0.00 -10.9515 -6.2841 -6.2841
29950 54.30 30.89 0.00 -14.1148 -8.7392 -8.7392
29975 53.70 30.59 0.00 -15.8445 -10.0427 -10.0427
30000 53.06 30.23 0.00 -15.7670 -10.3434 -10.3434
30025 53.06 30.23 0.00 -15.7670 -10.3434 -10.3434
30050 52.46 29.84 0.00 -14.3448 -9.1953 -9.1953
30075 51.96 29.52 0.00 -11.1979 -5.8214 -5.8214
30100 51.96 29.52 0.00 -11.1979 -5.8214 -5.8214
30125 51.55 29.30 0.00 -9.9668 -7.7933 -7.7933
30150 51.22 29.10 0.00 -6.9323 -4.1971 -4.1971
30175 51.22 29.10 0.00 -6.9323 -4.1971 -4.1971
30200 50.94 29.02 0.00 -7.3701 -4.9437 -4.9437
30225 50.61 29.06 0.00 -8.5404 -6.0837 -6.0837
30250 50.30 29.17 0.00 -7.4530 -7.1387 -7.1387
30275 50.30 29.17 0.00 -7.4530 -7.1387 -7.1387
30300 50.05 29.24 0.00 -5.5536 -7.5980 -7.5980
30325 49.88 29.20 0.00 -3.3140 -6.6870 -6.6870
30350 49.88 29.20 0.00 -3.3140 -6.6870 -6.6870
30375 49.84 29.09 0.00 0.4894 -1.3354 -1.3354
30400 49.91 29.00 0.00 2.9267 0.3773 0.3773
30425 50.09 28.97 0.00 4.8021 2.1414 2.1414
30450 50.09 28.97 0.00 4.8021 2.1414 2.1414
30475 50.26 29.09 0.00 3.8288 1.8824 1.8824
30500 50.37 29.28 0.00 1.6370 1.6830 1.6830
30525 50.37 29.28 0.00 1.6370 1.6830 1.6830
30550 50.35 29.51 0.00 -1.6275 -0.4368 -0.4368
30575 50.28 29.68 0.00 -2.6712 -1.4223 -1.4223
30600 50.28 29.68 0.00 -2.6712 -1.4223 -1.4223
30625 50.12 29.90 0.00 -4.2075 -3.3169 -3.3169
30650 49.84 30.10 0.00 -7.1585 -5.7985 -5.7985
30675 49.84 30.10 0.00 -7.1585 -5.7985 -5.7985
30700 49.48 30.34 0.00 -10.1068 -8.4225 -8.4225
30725 49.13 30.63 0.00 -11.8442 -8.5165 -8.5165
30750 48.64 31.19 0.00 -12.8663 -9.3237 -9.3237
30775 48.64 31.19 0.00 -12.8663 -9.3237 -9.3237
30800 48.17 31.88 0.00 -10.3192 -7.2959 -7.2959
30825 47.89 32.64 0.00 -4.9066 -3.2507 -3.2507
30850 47.89 32.64 0.00 -4.9066 -3.2507 -3.2507
30875 47.82 33.49 0.00 0.1105 -0.7432 -0.7432
30900 47.82 33.49 0.00 0.1105 -0.7432 -0.7432
30925 47.89 34.33 0.00 2.5284 -0.2853 -0.2853
30950 47.96 34.88 0.00 1.5144 -2.3350 -2.3350
30975 48.01 35.58 0.00 1.1494 -1.9143 -1.9143
31000 48.04 36.90 0.00 0.2336 0.0137 0.0137
31025 48.04 36.90 0.00 0.2336 0.0137 0.0137
31050 48.03 38.27 0.00 -0.5908 -1.2839 -1.2839
31075 48.03 39.36 0.00 0.8575 -1.5340 -1.5340
31100 48.11 40.07 0.00 2.6409 -0.9267 -0.9267
31125 48.11 40.07 0.00 2.6409 -0.9267 -0.9267
31150 48.22 40.34 0.00 2.9224 -0.6657 -0.6657
31175 48.36 40.48 0.00 3.7550 1.4723 1.4723
31200 48.36 40.48 0.00 3.7550 1.4723 1.4723
31225 48.36 40.48 0.00 3.7550 1.4723 1.4723
31250 48.53 40.79 0.00 4.4350 3.0226 3.0226
31275 48.69 41.35 0.00 4.0705 1.5452 1.5452
31300 48.87 42.14 0.00 4.1504 1.7016 1.7016
31325 49.01 43.02 0.00 3.5275 1.8677 1.8677
31350 49.01 43.02 0.00 3.5275 1.8677 1.8677
31375 49.13 43.74 0.00 2.6269 2.5803 2.5803
31400 49.18 44.26 0.00 0.3196 -0.0264 -0.0264
31425 49.18 44.26 0.00 0.3196 -0.0264 -0.0264
31450 49.18 44.65 0.00 0.0710 2.2614 2.2614
31475 49.16 45.03 0.00 -0.7090 0.9018 0.9018
31500 49.14 45.36 0.00 -0.2374 0.3210 0.3210
31525 49.14 45.36 0.00 -0.2374 0.3210 0.3210
31550 49.18 45.91 0.00 1.0680 -0.2253 -0.2253
31575 49.23 46.62 0.00 1.8212 -1.1241 -1.1241
31600 49.23 46.62 0.00 1.8212 -1.1241 -1.1241
31625 49.32 47.44 0.00 2.3139 -0.6831 -0.6831
31650 49.42 48.17 0.00 2.4779 -0.4983 -0.4983
31675 49.42 48.17 0.00 2.4779 -0.4983 -0.4983
31700 49.48 48.77 0.00 0.5515 -1.6520 -1.6520
31725 49.44 49.31 0.00 -1.8988 -2.1247 -2.1247
31750 49.32 49.88 0.00 -4.1066 -2.6205 -2.6205
31775 49.32 49.88 0.00 -4.1066 -2.6205 -2.6205
31800 49.14 50.53 0.00 -4.2950 -2.4449 -2.4449
31825 48.99 51.20 0.00 -3.3207 -2.8879 -2.8879
31850 48.99 51.20 0.00 -3.3207 -2.8879 -2.8879
31875 48.88 51.83 0.00 -2.2774 -4.3276 -4.3276
31900 48.85 52.41 0.00 -0.2386 -3.9311 -3.9311
31925 48.85 52.41 0.00 -0.2386 -3.9311 -3.9311
