%#        Time[ms]        X[pixel],        Y[pixel],        Z[pixel],  dX/dt[pixel/s],  dY/dt[pixel/s],  dZ/dt[pixel/s] 
0 50.00 50.00 0.00 -0.3344 -0.7118 -0.7118
25 50.00 49.88 0.00 -0.3292 -1.6719 -1.6719
50 49.97 49.72 0.00 -1.2046 -2.2807 -2.2807
75 49.88 49.30 0.00 -2.9461 -2.2610 -2.2610
100 49.88 49.30 0.00 -2.9461 -2.2610 -2.2610
125 49.76 48.77 0.00 -2.7320 -0.3936 -0.3936
150 49.69 48.30 0.00 -1.0327 -0.8897 -0.8897
175 49.69 48.30 0.00 -1.0327 -0.8897 -0.8897
200 49.69 47.95 0.00 0.6142 -1.3829 -1.3829
225 49.74 47.75 0.00 1.4104 -0.7500 -0.7500
250 49.79 47.67 0.00 1.3493 1.2629 1.2629
275 49.79 47.67 0.00 1.3493 1.2629 1.2629
300 49.83 47.51 0.00 0.8013 2.2106 2.2106
325 49.88 47.38 0.00 1.2736 2.1360 2.1360
350 49.88 47.38 0.00 1.2736 2.1360 2.1360
375 49.91 47.35 0.00 0.9711 -1.0612 -1.0612
400 49.95 47.38 0.00 1.0051 1.0957 1.0957
425 49.95 47.38 0.00 1.0051 1.0957 1.0957
450 49.98 47.56 0.00 0.6046 1.6498 1.6498
475 50.02 47.75 0.00 0.6681 1.3997 1.3997
500 50.03 47.93 0.00 0.6407 0.5729 0.5729
525 50.03 47.93 0.00 0.6407 0.5729 0.5729
550 50.02 48.07 0.00 -1.7734 -1.1254 -1.1254
575 49.88 48.09 0.00 -4.2979 -1.0284 -1.0284
600 49.88 48.09 0.00 -4.2979 -1.0284 -1.0284
625 49.69 48.09 0.00 -5.5275 -1.8110 -1.8110
650 49.49 48.09 0.00 -6.0879 -2.5639 -2.5639
675 49.49 48.09 0.00 -6.0879 -2.5639 -2.5639
700 49.27 48.18 0.00 -5.8788 -3.8123 -3.8123
725 49.06 48.35 0.00 -4.9624 -3.5954 -3.5954
750 48.83 48.46 0.00 -6.1306 -2.5602 -2.5602
775 48.83 48.46 0.00 -6.1306 -2.5602 -2.5602
800 48.57 48.44 0.00 -6.2628 -0.7117 -0.7117
825 48.27 48.35 0.00 -8.9258 -3.9601 -3.9601
850 48.27 48.35 0.00 -8.9258 -3.9601 -3.9601
875 47.85 48.09 0.00 -11.5634 -3.1235 -3.1235
900 47.28 47.75 0.00 -15.6716 -3.2013 -3.2013
925 46.61 47.50 0.00 -16.6411 -4.8985 -4.8985
950 46.61 47.50 0.00 -16.6411 -4.8985 -4.8985
975 46.00 47.45 0.00 -14.3211 -6.3174 -6.3174
1000 45.51 47.55 0.00 -11.1276 -6.6853 -6.6853
1025 45.51 47.55 0.00 -11.1276 -6.6853 -6.6853
1050 45.14 47.67 0.00 -8.4210 -4.5603 -4.5603
1075 44.74 47.64 0.00 -10.8569 -3.2263 -3.2263
1100 44.74 47.64 0.00 -10.8569 -3.2263 -3.2263
1125 44.30 47.42 0.00 -10.4492 -3.6420 -3.6420
1150 43.95 47.19 0.00 -8.1558 -5.3352 -5.3352
1175 43.95 47.19 0.00 -8.1558 -5.3352 -5.3352
1200 43.64 47.05 0.00 -7.9129 -4.1757 -4.1757
1225 43.36 47.12 0.00 -5.6029 -0.7323 -0.7323
1250 43.36 47.12 0.00 -5.6029 -0.7323 -0.7323
1275 43.15 47.36 0.00 -6.0551 0.2632 0.2632
1300 42.83 47.59 0.00 -9.2155 -0.6725 -0.6725
1325 42.41 47.71 0.00 -10.6334 -1.1368 -1.1368
1350 42.41 47.71 0.00 -10.6334 -1.1368 -1.1368
1375 41.99 47.71 0.00 -10.5782 -2.2566 -2.2566
1400 41.55 47.55 0.00 -11.4297 -1.8797 -1.8797
1425 41.55 47.55 0.00 -11.4297 -1.8797 -1.8797
1450 41.04 47.42 0.00 -12.7427 -2.3214 -2.3214
1475 40.53 47.31 0.00 -13.1433 -3.7611 -3.7611
1500 40.05 47.22 0.00 -10.7226 -3.2215 -3.2215
1525 40.05 47.22 0.00 -10.7226 -3.2215 -3.2215
1550 39.65 47.16 0.00 -10.5530 -1.9296 -1.9296
1575 39.30 47.12 0.00 -11.8720 -1.4163 -1.4163
1600 39.30 47.12 0.00 -11.8720 -1.4163 -1.4163
1625 38.78 47.01 0.00 -13.8379 -2.3408 -2.3408
1650 38.22 46.81 0.00 -13.8679 -3.1494 -3.1494
1675 37.74 46.54 0.00 -10.4731 -2.8028 -2.8028
1700 37.74 46.54 0.00 -10.4731 -2.8028 -2.8028
1725 37.35 46.23 0.00 -9.0399 -0.6091 -0.6091
1750 37.35 46.23 0.00 -9.0399 -0.6091 -0.6091
1775 37.07 45.98 0.00 -6.5310 0.4414 0.4414
1800 36.83 45.73 0.00 -5.7319 -0.6985 -0.6985
1825 36.59 45.55 0.00 -6.5208 -2.8764 -2.8764
1850 36.59 45.55 0.00 -6.5208 -2.8764 -2.8764
1875 36.30 45.45 0.00 -6.9005 -2.3772 -2.3772
1900 36.05 45.36 0.00 -5.5900 -2.7953 -2.7953
1925 36.05 45.36 0.00 -5.5900 -2.7953 -2.7953
1950 35.91 45.25 0.00 -2.0778 -2.9406 -2.9406
1975 35.91 45.09 0.00 0.7351 -1.5539 -1.5539
2000 35.95 44.88 0.00 0.7680 -0.9980 -0.9980
2025 35.95 44.88 0.00 0.7680 -0.9980 -0.9980
2050 35.95 44.56 0.00 -0.4019 0.8455 0.8455
2075 35.87 44.16 0.00 -2.4468 -0.4033 -0.4033
2100 35.87 44.16 0.00 -2.4468 -0.4033 -0.4033
2125 35.79 43.88 0.00 -2.3174 -0.7422 -0.7422
2150 35.66 43.71 0.00 -3.7331 -1.0587 -1.0587
2175 35.66 43.71 0.00 -3.7331 -1.0587 -1.0587
2200 35.47 43.58 0.00 -6.3391 -1.0653 -1.0653
2225 35.09 43.38 0.00 -11.2728 -2.6675 -2.6675
2250 35.09 43.38 0.00 -11.2728 -2.6675 -2.6675
2275 34.55 43.08 0.00 -14.0459 -3.8142 -3.8142
2300 33.96 42.71 0.00 -14.9323 -4.4222 -4.4222
2325 33.53 42.41 0.00 -13.9222 -5.8813 -5.8813
2350 33.53 42.41 0.00 -13.9222 -5.8813 -5.8813
2375 32.98 42.08 0.00 -14.5241 -3.7748 -3.7748
2400 32.40 41.94 0.00 -13.5824 -0.1629 -0.1629
2425 32.40 41.94 0.00 -13.5824 -0.1629 -0.1629
2450 31.86 42.03 0.00 -13.9287 0.4535 0.4535
2475 31.29 42.13 0.00 -14.6876 -1.2394 -1.2394
2500 31.29 42.13 0.00 -14.6876 -1.2394 -1.2394
2525 30.71 42.11 0.00 -14.3142 -2.4676 -2.4676
2550 30.20 41.90 0.00 -11.0935 -3.5344 -3.5344
2575 29.89 41.64 0.00 -6.2741 -2.4360 -2.4360
2600 29.89 41.64 0.00 -6.2741 -2.4360 -2.4360
2625 29.67 41.37 0.00 -4.2152 -0.6122 -0.6122
2650 29.56 41.19 0.00 -2.5951 -0.6051 -0.6051
2675 29.45 41.15 0.00 -2.4393 -1.4114 -1.4114
2700 29.45 41.15 0.00 -2.4393 -1.4114 -1.4114
2725 29.35 41.18 0.00 -3.3946 -1.6482 -1.6482
2750 29.25 41.22 0.00 -1.2064 -0.7872 -0.7872
2775 29.25 41.22 0.00 -1.2064 -0.7872 -0.7872
2800 29.25 41.14 0.00 0.5390 -0.0493 -0.0493
2825 29.35 40.97 0.00 3.3075 0.2759 0.2759
2850 29.35 40.97 0.00 3.3075 0.2759 0.2759
2875 29.44 40.77 0.00 1.6196 -2.2246 -2.2246
2900 29.51 40.59 0.00 1.1905 0.6432 0.6432
2925 29.51 40.59 0.00 1.1905 0.6432 0.6432
2950 29.45 40.44 0.00 -1.9107 0.3438 0.3438
2975 29.40 40.37 0.00 -1.5088 -0.4232 -0.4232
3000 29.33 40.29 0.00 -1.7371 -3.3268 -3.3268
3025 29.33 40.29 0.00 -1.7371 -3.3268 -3.3268
3050 29.24 40.14 0.00 -3.9925 -4.3418 -4.3418
3075 29.04 39.75 0.00 -4.6622 -2.4104 -2.4104
3100 29.04 39.75 0.00 -4.6622 -2.4104 -2.4104
3125 28.93 39.33 0.00 -1.6418 -2.2036 -2.2036
3150 28.93 38.89 0.00 0.7302 -2.5027 -2.5027
3175 29.02 38.56 0.00 2.6021 -1.1216 -1.1216
3200 29.02 38.56 0.00 2.6021 -1.1216 -1.1216
3225 29.07 38.40 0.00 1.0954 0.2193 0.2193
3250 29.04 38.38 0.00 -2.0607 -0.5815 -0.5815
3275 29.04 38.38 0.00 -2.0607 -0.5815 -0.5815
3300 28.93 38.32 0.00 -3.4041 -1.6590 -1.6590
3325 28.78 38.20 0.00 -3.1973 -2.3154 -2.3154
3350 28.78 38.20 0.00 -3.1973 -2.3154 -2.3154
3375 28.71 38.05 0.00 -1.0757 -2.1543 -2.1543
3400 28.71 37.90 0.00 0.7384 -2.3877 -2.3877
3425 28.71 37.90 0.00 0.7384 -2.3877 -2.3877
3450 28.78 37.74 0.00 2.2538 1.0522 1.0522
3475 28.89 37.60 0.00 2.3985 2.4741 2.4741
3500 28.89 37.60 0.00 2.3985 2.4741 2.4741
3525 28.93 37.47 0.00 0.5428 1.4202 1.4202
3550 28.89 37.30 0.00 -2.4271 -1.2364 -1.2364
3575 28.76 37.10 0.00 -3.4418 -2.8160 -2.8160
3600 28.76 37.10 0.00 -3.4418 -2.8160 -2.8160
3625 28.60 36.85 0.00 -4.3810 -4.4199 -4.4199
3650 28.47 36.62 0.00 -1.9188 -1.5458 -1.5458
3675 28.47 36.62 0.00 -1.9188 -1.5458 -1.5458
3700 28.47 36.46 0.00 0.9392 -0.2656 -0.2656
3725 28.58 36.37 0.00 3.9359 0.3375 0.3375
3750 28.80 36.38 0.00 5.8383 1.3940 1.3940
3775 28.80 36.38 0.00 5.8383 1.3940 1.3940
3800 29.02 36.38 0.00 4.7433 1.7690 1.7690
3825 29.15 36.35 0.00 2.7850 1.7776 1.7776
3850 29.15 36.35 0.00 2.7850 1.7776 1.7776
3875 29.22 36.24 0.00 0.9204 0.8579 0.8579
3900 29.22 36.17 0.00 0.1460 -0.9112 -0.9112
3925 29.24 36.04 0.00 0.8056 -0.0783 -0.0783
3950 29.24 36.04 0.00 0.8056 -0.0783 -0.0783
3975 29.29 35.97 0.00 1.7592 -2.9022 -2.9022
4000 29.44 35.90 0.00 4.7337 1.7087 1.7087
4025 29.44 35.90 0.00 4.7337 1.7087 1.7087
4050 29.65 35.85 0.00 5.5131 2.2417 2.2417
4075 29.89 35.83 0.00 6.2494 2.1335 2.1335
4100 29.89 35.83 0.00 6.2494 2.1335 2.1335
4125 30.13 35.74 0.00 4.8818 0.5614 0.5614
4150 30.24 35.58 0.00 1.7453 -0.1473 -0.1473
4175 30.25 35.34 0.00 0.3360 -0.6492 -0.6492
4200 30.25 35.34 0.00 0.3360 -0.6492 -0.6492
4225 30.31 35.10 0.00 2.1151 -0.8016 -0.8016
4250 30.49 34.96 0.00 6.9081 -0.9663 -0.9663
4275 30.49 34.96 0.00 6.9081 -0.9663 -0.9663
4300 30.91 34.98 0.00 11.4126 0.4954 0.4954
4325 31.34 35.07 0.00 10.2872 2.2280 2.2280
4350 31.34 35.07 0.00 10.2872 2.2280 2.2280
4375 31.68 35.08 0.00 7.3020 3.5040 3.5040
4400 31.90 34.98 0.00 4.1130 1.9243 1.9243
4425 32.01 34.82 0.00 1.5638 0.4383 0.4383
4450 32.01 34.82 0.00 1.5638 0.4383 0.4383
4475 32.04 34.65 0.00 0.7853 -0.3875 -0.3875
4500 32.10 34.52 0.00 1.5266 0.1871 0.1871
4525 32.10 34.52 0.00 1.5266 0.1871 0.1871
4550 32.19 34.43 0.00 3.7206 0.0885 0.0885
4575 32.19 34.43 0.00 3.7206 0.0885 0.0885
4600 32.42 34.42 0.00 6.7721 3.3188 3.3188
4625 32.71 34.49 0.00 7.1900 3.4057 3.4057
4650 33.00 34.57 0.00 7.2417 3.6167 3.6167
4675 33.00 34.57 0.00 7.2417 3.6167 3.6167
4700 33.27 34.62 0.00 6.4843 2.4178 2.4178
4725 33.46 34.65 0.00 6.5603 1.1653 1.1653
4750 33.77 34.69 0.00 8.6873 0.8783 0.8783
4775 33.77 34.69 0.00 8.6873 0.8783 0.8783
4800 34.23 34.76 0.00 13.4780 2.0195 2.0195
4825 34.23 34.76 0.00 13.4780 2.0195 2.0195
4850 34.89 34.93 0.00 18.3019 2.3289 2.3289
4875 35.64 35.27 0.00 18.0451 2.4717 2.4717
4900 36.27 35.60 0.00 14.4380 4.1494 4.1494
4925 36.27 35.60 0.00 14.4380 4.1494 4.1494
4950 36.76 35.91 0.00 10.3336 3.8045 3.8045
4975 37.01 36.09 0.00 4.1253 3.4688 3.4688
5000 37.10 36.19 0.00 1.4566 2.5708 2.5708
5025 37.10 36.19 0.00 1.4566 2.5708 2.5708
5050 37.17 36.23 0.00 2.1530 1.0935 1.0935
5075 37.31 36.32 0.00 4.4687 0.4083 0.4083
5100 37.47 36.45 0.00 3.4364 -1.1976 -1.1976
5125 37.47 36.45 0.00 3.4364 -1.1976 -1.1976
5150 37.65 36.51 0.00 5.0660 3.0724 3.0724
5175 37.65 36.51 0.00 5.0660 3.0724 3.0724
5200 37.83 36.50 0.00 4.1750 2.2366 2.2366
5225 37.97 36.43 0.00 3.3285 2.0718 2.0718
5250 38.08 36.30 0.00 1.7287 -0.1253 -0.1253
5275 38.08 36.30 0.00 1.7287 -0.1253 -0.1253
5300 38.11 36.16 0.00 0.5652 -1.2083 -1.2083
5325 38.13 36.01 0.00 0.5290 -2.2677 -2.2677
5350 38.13 36.01 0.00 0.5290 -2.2677 -2.2677
5375 38.18 35.89 0.00 2.0771 -0.4465 -0.4465
5400 38.32 35.83 0.00 4.6919 0.6567 0.6567
5425 38.52 35.84 0.00 7.3955 1.5706 1.5706
5450 38.52 35.84 0.00 7.3955 1.5706 1.5706
5475 38.85 35.86 0.00 9.0528 1.9321 1.9321
5500 39.24 35.87 0.00 9.4406 1.8360 1.8360
5525 39.24 35.87 0.00 9.4406 1.8360 1.8360
5550 39.58 35.83 0.00 7.5610 1.9267 1.9267
5575 39.84 35.74 0.00 5.9911 1.5261 1.5261
5600 39.84 35.74 0.00 5.9911 1.5261 1.5261
5625 40.09 35.67 0.00 7.0497 0.9325 0.9325
5650 40.46 35.68 0.00 10.5231 0.6855 0.6855
5675 40.99 35.80 0.00 15.0744 0.5907 0.5907
5700 40.99 35.80 0.00 15.0744 0.5907 0.5907
5725 41.60 35.99 0.00 15.5298 1.7078 1.7078
5750 42.20 36.15 0.00 14.2945 2.9435 2.9435
5775 42.20 36.15 0.00 14.2945 2.9435 2.9435
5800 42.67 36.28 0.00 9.9028 4.2815 4.2815
5825 42.95 36.32 0.00 5.1834 3.9869 3.9869
5850 42.95 36.32 0.00 5.1834 3.9869 3.9869
5875 43.11 36.38 0.00 3.3108 2.8331 2.8331
5900 43.25 36.53 0.00 4.2757 0.6367 0.6367
5925 43.25 36.53 0.00 4.2757 0.6367 0.6367
5950 43.50 36.78 0.00 7.6586 0.3856 0.3856
5975 43.80 37.06 0.00 6.3696 1.2305 1.2305
6000 43.99 37.24 0.00 3.9499 3.0295 3.0295
6025 43.99 37.24 0.00 3.9499 3.0295 3.0295
6050 44.09 37.30 0.00 2.1534 2.6599 2.6599
6075 44.16 37.35 0.00 1.9845 1.5642 1.5642
6100 44.16 37.35 0.00 1.9845 1.5642 1.5642
6125 44.32 37.61 0.00 5.3245 2.2660 2.2660
6150 44.67 38.17 0.00 10.4818 2.1476 2.1476
6175 44.67 38.17 0.00 10.4818 2.1476 2.1476
6200 45.21 38.95 0.00 15.3533 4.8460 4.8460
6225 45.93 39.62 0.00 19.4472 5.3216 5.3216
6250 46.54 39.93 0.00 19.7923 4.0222 4.0222
6275 46.54 39.93 0.00 19.7923 4.0222 4.0222
6300 47.31 40.09 0.00 19.4956 3.8386 3.8386
6325 48.04 40.11 0.00 17.3817 1.6859 1.6859
6350 48.04 40.11 0.00 17.3817 1.6859 1.6859
6375 48.78 40.13 0.00 18.9604 4.3605 4.3605
6400 49.56 40.26 0.00 19.6683 4.0358 4.0358
6425 50.33 40.51 0.00 18.5663 3.6959 3.6959
6450 50.33 40.51 0.00 18.5663 3.6959 3.6959
6475 50.98 40.72 0.00 14.6883 2.4874 2.4874
6500 51.47 40.85 0.00 10.5884 1.8236 1.8236
6525 51.47 40.85 0.00 10.5884 1.8236 1.8236
6550 51.76 40.76 0.00 5.3031 -0.0690 -0.0690
6575 51.87 40.54 0.00 1.1717 0.1720 0.1720
6600 51.87 40.54 0.00 1.1717 0.1720 0.1720
6625 51.87 40.35 0.00 -0.7682 -0.6974 -0.6974
6650 51.90 40.15 0.00 2.1437 0.3592 0.3592
6675 51.90 40.15 0.00 2.1437 0.3592 0.3592
6700 52.18 40.10 0.00 11.2844 2.0148 2.0148
6725 52.86 40.36 0.00 20.4058 6.1520 6.1520
6750 53.79 40.55 0.00 24.9647 7.5682 7.5682
6775 53.79 40.55 0.00 24.9647 7.5682 7.5682
6800 54.86 40.72 0.00 27.4637 6.5230 6.5230
6825 55.89 41.06 0.00 24.4654 5.6217 5.6217
6850 55.89 41.06 0.00 24.4654 5.6217 5.6217
6875 56.80 41.33 0.00 22.3718 4.9518 4.9518
6900 57.66 41.61 0.00 20.0704 1.4878 1.4878
6925 57.66 41.61 0.00 20.0704 1.4878 1.4878
6950 58.43 41.78 0.00 18.8134 2.6415 2.6415
6975 59.08 42.08 0.00 14.6702 1.9573 1.9573
7000 59.45 42.27 0.00 11.3280 2.2068 2.2068
7025 59.45 42.27 0.00 11.3280 2.2068 2.2068
7050 59.84 42.60 0.00 8.0470 2.3344 2.3344
7075 60.07 42.87 0.00 4.3929 3.0878 3.0878
7100 60.07 42.87 0.00 4.3929 3.0878 3.0878
7125 60.16 43.35 0.00 1.9104 2.2259 2.2259
7150 60.28 44.09 0.00 3.4918 3.6084 3.6084
7175 60.51 45.10 0.00 6.8525 3.6471 3.6471
7200 60.51 45.10 0.00 6.8525 3.6471 3.6471
7225 60.83 46.04 0.00 8.7301 1.5721 1.5721
7250 61.18 46.94 0.00 8.6884 0.9950 0.9950
7275 61.18 46.94 0.00 8.6884 0.9950 0.9950
7300 61.45 47.72 0.00 4.7770 0.5821 0.5821
7325 61.59 48.19 0.00 4.0664 1.4086 1.4086
7350 61.59 48.19 0.00 4.0664 1.4086 1.4086
7375 61.85 48.62 0.00 8.6562 2.4183 2.4183
7400 62.35 49.18 0.00 14.6862 3.1106 3.1106
7425 62.35 49.18 0.00 14.6862 3.1106 3.1106
7450 62.99 49.77 0.00 16.1343 0.7596 0.7596
7475 63.64 50.19 0.00 17.2741 3.2305 3.2305
7500 64.41 50.43 0.00 19.4229 2.9325 2.9325
7525 64.41 50.43 0.00 19.4229 2.9325 2.9325
7550 65.21 50.53 0.00 20.4713 3.5652 3.5652
7575 66.04 50.54 0.00 20.4764 3.0356 3.0356
7600 66.88 50.55 0.00 23.0870 3.8310 3.8310
7625 66.88 50.55 0.00 23.0870 3.8310 3.8310
7650 67.85 50.47 0.00 23.4892 1.5969 1.5969
7675 67.85 50.47 0.00 23.4892 1.5969 1.5969
7700 68.73 50.29 0.00 22.3181 0.7493 0.7493
7725 69.62 50.15 0.00 21.2544 1.3198 1.3198
7750 70.40 50.09 0.00 19.1622 1.2386 1.2386
7775 70.40 50.09 0.00 19.1622 1.2386 1.2386
7800 70.96 50.08 0.00 17.9658 1.8202 1.8202
7825 71.53 50.15 0.00 11.8367 1.1883 1.1883
7850 71.53 50.15 0.00 11.8367 1.1883 1.1883
7875 71.86 50.12 0.00 5.5659 0.9999 0.9999
7900 71.95 50.09 0.00 0.1637 0.4405 0.4405
7925 71.95 50.09 0.00 0.1637 0.4405 0.4405
7950 71.89 50.16 0.00 -2.0862 0.7843 0.7843
7975 71.82 50.36 0.00 -0.9504 0.8047 0.8047
8000 71.82 50.66 0.00 0.4077 0.8793 0.8793
8025 71.82 50.66 0.00 0.4077 0.8793 0.8793
8050 71.82 51.04 0.00 -0.2926 0.7694 0.7694
8075 71.79 51.58 0.00 -1.3867 -1.0321 -1.0321
8100 71.79 51.58 0.00 -1.3867 -1.0321 -1.0321
8125 71.77 52.24 0.00 0.8573 1.9673 1.9673
8150 71.88 52.86 0.00 3.6610 0.7320 0.7320
8175 71.88 52.86 0.00 3.6610 0.7320 0.7320
8200 72.13 53.33 0.00 8.1754 1.4250 1.4250
8225 72.52 53.72 0.00 11.3761 0.6883 0.6883
8250 73.18 54.13 0.00 19.6340 1.6601 1.6601
8275 73.18 54.13 0.00 19.6340 1.6601 1.6601
8300 74.12 54.64 0.00 26.2749 2.3494 2.3494
8325 75.30 55.23 0.00 31.3661 2.9070 2.9070
8350 76.61 55.92 0.00 32.7103 1.5103 1.5103
8375 76.61 55.92 0.00 32.7103 1.5103 1.5103
8400 77.88 56.59 0.00 30.8948 -0.7190 -0.7190
8425 77.88 56.59 0.00 30.8948 -0.7190 -0.7190
8450 79.03 57.10 0.00 27.7383 -1.2129 -1.2129
8475 80.06 57.41 0.00 24.6230 -0.5097 -0.5097
8500 80.97 57.58 0.00 21.5658 0.2490 0.2490
8525 80.97 57.58 0.00 21.5658 0.2490 0.2490
8550 81.76 57.76 0.00 18.0445 -0.1007 -0.1007
8575 82.34 57.97 0.00 12.3542 -1.4233 -1.4233
8600 82.34 57.97 0.00 12.3542 -1.4233 -1.4233
8625 82.76 58.32 0.00 10.5555 1.2038 1.2038
8650 83.05 58.67 0.00 9.1946 -0.8756 -0.8756
8675 83.05 58.67 0.00 9.1946 -0.8756 -0.8756
8700 83.46 59.15 0.00 10.9700 2.1854 2.1854
8725 83.93 59.73 0.00 11.8583 0.4885 0.4885
8750 84.49 60.44 0.00 15.7862 0.8021 0.8021
8775 84.49 60.44 0.00 15.7862 0.8021 0.8021
8800 85.24 61.26 0.00 20.2292 -0.9069 -0.9069
8825 86.08 62.04 0.00 22.1795 -2.8067 -2.8067
8850 86.08 62.04 0.00 22.1795 -2.8067 -2.8067
8875 87.09 62.94 0.00 26.1640 -1.4486 -1.4486
8900 88.15 64.01 0.00 27.1247 -2.6020 -2.6020
8925 88.15 64.01 0.00 27.1247 -2.6020 -2.6020
8950 89.31 65.18 0.00 29.9354 -1.5055 -1.5055
8975 90.52 66.33 0.00 30.8113 -1.5446 -1.5446
9000 91.71 67.12 0.00 28.3147 -1.5371 -1.5371
9025 91.71 67.12 0.00 28.3147 -1.5371 -1.5371
9050 92.80 67.59 0.00 26.5472 2.0759 2.0759
9075 93.71 67.90 0.00 19.4915 1.0029 1.0029
9100 93.71 67.90 0.00 19.4915 1.0029 1.0029
9125 94.36 68.25 0.00 13.9964 3.0943 3.0943
9150 94.77 68.60 0.00 8.6401 3.7364 3.7364
9175 94.77 68.60 0.00 8.6401 3.7364 3.7364
9200 95.05 68.86 0.00 6.1918 1.7619 1.7619
9225 95.28 68.95 0.00 5.1230 2.7592 2.7592
9250 95.40 69.02 0.00 1.7637 0.7868 0.7868
9275 95.40 69.02 0.00 1.7637 0.7868 0.7868
9300 95.45 68.96 0.00 2.1128 1.8479 1.8479
9325 95.61 68.95 0.00 5.2933 1.9054 1.9054
9350 95.61 68.95 0.00 5.2933 1.9054 1.9054
9375 96.04 68.97 0.00 13.3960 2.2342 2.2342
9400 96.50 68.97 0.00 16.5966 1.6098 1.6098
9425 97.18 69.11 0.00 15.8182 3.2354 3.2354
9450 97.18 69.11 0.00 15.8182 3.2354 3.2354
9475 97.61 69.21 0.00 7.5487 2.7526 2.7526
9500 97.78 69.17 0.00 2.0203 2.2937 2.2937
9525 97.78 69.17 0.00 2.0203 2.2937 2.2937
9550 97.68 68.99 0.00 -5.8793 0.0420 0.0420
9575 97.23 68.64 0.00 -13.6935 -0.0655 -0.0655
9600 97.23 68.64 0.00 -13.6935 -0.0655 -0.0655
9625 96.55 68.18 0.00 -18.7159 -0.7340 -0.7340
9650 95.74 67.38 0.00 -20.3984 -0.6273 -0.6273
9675 95.74 67.38 0.00 -20.3984 -0.6273 -0.6273
9700 94.90 66.46 0.00 -21.4024 -0.9688 -0.9688
9725 94.06 65.58 0.00 -21.0807 -0.0671 -0.0671
9750 93.19 64.84 0.00 -21.7612 -0.8492 -0.8492
9775 93.19 64.84 0.00 -21.7612 -0.8492 -0.8492
9800 92.26 64.37 0.00 -25.0412 0.6619 0.6619
9825 91.16 64.02 0.00 -28.8791 2.1824 2.1824
9850 91.16 64.02 0.00 -28.8791 2.1824 2.1824
9875 89.98 63.74 0.00 -28.6131 1.1512 1.1512
9900 88.97 63.47 0.00 -23.4105 -1.9488 -1.9488
9925 88.23 63.26 0.00 -14.2046 -3.0349 -3.0349
9950 88.23 63.26 0.00 -14.2046 -3.0349 -3.0349
9975 87.91 63.07 0.00 -4.8743 -3.1446 -3.1446
10000 87.81 63.03 0.00 -1.4885 -3.6261 -3.6261
10025 87.81 63.03 0.00 -1.4885 -3.6261 -3.6261
10050 87.75 63.23 0.00 -1.1260 -3.9900 -3.9900
10075 87.77 63.82 0.00 1.1615 -3.0250 -3.0250
10100 87.81 64.61 0.00 1.1588 -2.3727 -2.3727
10125 87.81 64.61 0.00 1.1588 -2.3727 -2.3727
10150 87.89 65.32 0.00 2.1942 -2.2882 -2.2882
10175 87.97 65.98 0.00 2.0684 -2.3059 -2.3059
10200 87.97 65.98 0.00 2.0684 -2.3059 -2.3059
10225 88.01 66.44 0.00 0.6851 -2.3921 -2.3921
10250 87.99 66.81 0.00 -0.2852 -1.1108 -1.1108
10275 87.99 66.81 0.00 -0.2852 -1.1108 -1.1108
10300 87.97 67.06 0.00 -1.8505 -1.3239 -1.3239
10325 87.83 67.30 0.00 -3.5404 -0.9710 -0.9710
10350 87.83 67.30 0.00 -3.5404 -0.9710 -0.9710
10375 87.69 67.65 0.00 -3.2091 -1.2809 -1.2809
10400 87.61 67.82 0.00 -1.7816 -1.3332 -1.3332
10425 87.61 67.82 0.00 -1.7816 -1.3332 -1.3332
10450 87.53 67.70 0.00 -2.6289 -1.2730 -1.2730
10475 87.37 67.54 0.00 -4.8738 -0.7461 -0.7461
10500 87.13 67.53 0.00 -5.4175 0.2915 0.2915
10525 87.13 67.53 0.00 -5.4175 0.2915 0.2915
10550 86.97 67.53 0.00 -3.2052 2.4174 2.4174
10575 86.87 67.56 0.00 -2.5869 -0.2069 -0.2069
10600 86.79 67.69 0.00 -1.7698 -2.2060 -2.2060
10625 86.79 67.69 0.00 -1.7698 -2.2060 -2.2060
10650 86.67 67.88 0.00 -3.3174 -3.9058 -3.9058
10675 86.67 67.88 0.00 -3.3174 -3.9058 -3.9058
10700 86.54 68.11 0.00 -3.7774 -2.6925 -2.6925
10725 86.34 68.24 0.00 -5.7875 -1.5036 -1.5036
10750 86.06 68.27 0.00 -7.5890 -1.1043 -1.1043
10775 86.06 68.27 0.00 -7.5890 -1.1043 -1.1043
10800 85.69 68.23 0.00 -10.0624 -3.5067 -3.5067
10825 85.31 68.33 0.00 -9.2284 -3.5558 -3.5558
10850 85.31 68.33 0.00 -9.2284 -3.5558 -3.5558
10875 84.94 68.49 0.00 -8.5759 -5.2204 -5.2204
10900 84.69 68.77 0.00 -5.1470 -3.4121 -3.4121
10925 84.69 68.77 0.00 -5.1470 -3.4121 -3.4121
10950 84.49 69.10 0.00 -4.6057 -4.2359 -4.2359
10975 84.37 69.27 0.00 -3.9377 -3.5615 -3.5615
11000 84.18 69.50 0.00 -5.7254 -3.5440 -3.5440
11025 84.18 69.50 0.00 -5.7254 -3.5440 -3.5440
11050 83.89 69.66 0.00 -8.6728 -2.3081 -2.3081
11075 83.44 69.74 0.00 -12.3697 -0.7862 -0.7862
11100 82.90 69.79 0.00 -14.5140 -2.1574 -2.1574
11125 82.90 69.79 0.00 -14.5140 -2.1574 -2.1574
11150 82.30 69.84 0.00 -14.5627 -4.5238 -4.5238
11175 81.80 69.97 0.00 -11.2964 -3.7944 -3.7944
11200 81.80 69.97 0.00 -11.2964 -3.7944 -3.7944
11225 81.41 70.14 0.00 -8.1771 -3.5200 -3.5200
11250 81.15 70.39 0.00 -6.4171 -3.2360 -3.2360
11275 80.94 70.59 0.00 -4.6874 -2.9554 -2.9554
11300 80.94 70.59 0.00 -4.6874 -2.9554 -2.9554
11325 80.73 70.54 0.00 -5.0667 -3.7148 -3.7148
11350 80.52 70.36 0.00 -5.9710 -2.8731 -2.8731
11375 80.52 70.36 0.00 -5.9710 -2.8731 -2.8731
11400 80.23 70.15 0.00 -7.2932 -3.5512 -3.5512
11425 79.98 69.95 0.00 -5.2665 -0.6327 -0.6327
11450 79.98 69.95 0.00 -5.2665 -0.6327 -0.6327
11475 79.79 69.85 0.00 -4.6421 -0.3742 -0.3742
11500 79.60 69.81 0.00 -4.9158 -0.7429 -0.7429
11525 79.60 69.81 0.00 -4.9158 -0.7429 -0.7429
11550 79.39 69.76 0.00 -5.4343 -1.2963 -1.2963
11575 79.17 69.66 0.00 -5.6384 -1.7104 -1.7104
11600 79.17 69.66 0.00 -5.6384 -1.7104 -1.7104
11625 78.94 69.45 0.00 -6.0343 -1.1935 -1.1935
11650 78.69 69.17 0.00 -6.1331 0.6030 0.6030
11675 78.45 68.86 0.00 -6.2159 0.4501 0.4501
11700 78.45 68.86 0.00 -6.2159 0.4501 0.4501
11725 78.20 68.56 0.00 -6.4046 0.0704 0.0704
11750 77.94 68.44 0.00 -7.0318 -0.6850 -0.6850
11775 77.69 68.47 0.00 -8.1007 -1.3659 -1.3659
11800 77.69 68.47 0.00 -8.1007 -1.3659 -1.3659
11825 77.38 68.52 0.00 -8.0572 -2.1073 -2.1073
11850 77.04 68.65 0.00 -8.8988 -2.8473 -2.8473
11875 77.04 68.65 0.00 -8.8988 -2.8473 -2.8473
11900 76.65 68.62 0.00 -10.4926 -2.1257 -2.1257
11925 76.18 68.53 0.00 -12.2573 -2.5093 -2.5093
11950 76.18 68.53 0.00 -12.2573 -2.5093 -2.5093
11975 75.66 68.39 0.00 -13.0580 -0.7977 -0.7977
12000 75.16 68.32 0.00 -11.4065 -1.6221 -1.6221
12025 74.84 68.42 0.00 -6.1530 1.5021 1.5021
12050 74.84 68.42 0.00 -6.1530 1.5021 1.5021
12075 74.69 68.62 0.00 -2.1610 0.4375 0.4375
12100 74.65 68.87 0.00 -0.5395 -1.1007 -1.1007
12125 74.65 68.87 0.00 -0.5395 -1.1007 -1.1007
12150 74.60 69.13 0.00 -2.1053 -1.6440 -1.6440
12175 74.45 69.14 0.00 -5.3491 -1.9156 -1.9156
12200 74.45 69.14 0.00 -5.3491 -1.9156 -1.9156
12225 74.16 69.06 0.00 -8.3158 -1.1853 -1.1853
12250 73.82 68.94 0.00 -7.9949 -0.2696 -0.2696
12275 73.55 68.91 0.00 -6.4249 -1.3289 -1.3289
12300 73.55 68.91 0.00 -6.4249 -1.3289 -1.3289
12325 73.31 68.96 0.00 -5.5672 -1.3097 -1.3097
12350 73.07 69.08 0.00 -6.3789 -1.4400 -1.4400
12375 73.07 69.08 0.00 -6.3789 -1.4400 -1.4400
12400 72.76 69.20 0.00 -8.6976 -0.6546 -0.6546
12425 72.35 69.22 0.00 -11.2395 -0.0617 -0.0617
12450 72.35 69.22 0.00 -11.2395 -0.0617 -0.0617
12475 71.77 69.19 0.00 -16.9675 -0.4879 -0.4879
12500 71.20 69.08 0.00 -20.3877 0.4800 0.4800
12525 71.20 69.08 0.00 -20.3877 0.4800 0.4800
12550 70.33 68.90 0.00 -21.9589 1.0530 1.0530
12575 69.49 68.75 0.00 -19.6808 1.7076 1.7076
12600 68.79 68.56 0.00 -16.5556 -0.3059 -0.3059
12625 68.79 68.56 0.00 -16.5556 -0.3059 -0.3059
12650 68.28 68.42 0.00 -9.9308 2.7078 2.7078
12675 67.94 68.30 0.00 -7.9381 1.1019 1.1019
12700 67.94 68.30 0.00 -7.9381 1.1019 1.1019
12725 67.61 68.22 0.00 -8.2859 -0.3720 -0.3720
12750 67.22 68.09 0.00 -11.1245 -1.1542 -1.1542
12775 66.75 67.92 0.00 -12.6102 -1.6633 -1.6633
12800 66.75 67.92 0.00 -12.6102 -1.6633 -1.6633
12825 66.21 67.62 0.00 -13.4775 -0.8618 -0.8618
12850 65.71 67.35 0.00 -12.1563 0.0396 0.0396
12875 65.71 67.35 0.00 -12.1563 0.0396 0.0396
12900 65.25 67.14 0.00 -10.7676 0.4285 0.4285
12925 64.89 67.03 0.00 -7.3811 0.7317 0.7317
12950 64.89 67.03 0.00 -7.3811 0.7317 0.7317
12975 64.68 66.97 0.00 -4.1467 -0.3049 -0.3049
13000 64.50 66.90 0.00 -4.7592 -1.9168 -1.9168
13025 64.29 66.79 0.00 -6.0000 -1.9251 -1.9251
13050 64.29 66.79 0.00 -6.0000 -1.9251 -1.9251
13075 64.00 66.64 0.00 -7.7309 -2.6787 -2.6787
13100 63.72 66.51 0.00 -6.8353 -3.0747 -3.0747
13125 63.72 66.51 0.00 -6.8353 -3.0747 -3.0747
13150 63.48 66.37 0.00 -5.0666 -1.4895 -1.4895
13175 63.31 66.22 0.00 -4.0363 -2.8706 -2.8706
13200 63.31 66.22 0.00 -4.0363 -2.8706 -2.8706
13225 63.20 66.08 0.00 -1.7555 -0.4075 -0.4075
13250 63.17 65.97 0.00 -0.2344 -0.6730 -0.6730
13275 63.18 65.92 0.00 0.2825 -0.6143 -0.6143
13300 63.18 65.92 0.00 0.2825 -0.6143 -0.6143
13325 63.18 65.85 0.00 0.1021 -0.2311 -0.2311
13350 63.17 65.72 0.00 -0.8816 -0.5282 -0.5282
13375 63.17 65.72 0.00 -0.8816 -0.5282 -0.5282
13400 63.11 65.51 0.00 -1.4520 0.1941 0.1941
13425 63.08 65.21 0.00 -0.3275 1.6386 1.6386
13450 63.08 65.21 0.00 -0.3275 1.6386 1.6386
13475 63.09 64.87 0.00 1.2656 1.4469 1.4469
13500 63.20 64.52 0.00 2.6347 2.3144 2.3144
13525 63.22 64.21 0.00 -0.1318 2.4838 2.4838
13550 63.22 64.21 0.00 -0.1318 2.4838 2.4838
13575 63.18 63.97 0.00 -2.0026 2.6101 2.6101
13600 63.09 63.73 0.00 -2.0238 2.2256 2.2256
13625 63.09 63.73 0.00 -2.0238 2.2256 2.2256
13650 63.01 63.50 0.00 -2.2250 0.9648 0.9648
13675 62.95 63.27 0.00 -0.7292 0.1140 0.1140
13700 62.95 63.27 0.00 -0.7292 0.1140 0.1140
13725 62.92 63.04 0.00 -1.6744 -1.3599 -1.3599
13750 62.77 62.81 0.00 -4.6940 -1.5558 -1.5558
13775 62.77 62.81 0.00 -4.6940 -1.5558 -1.5558
13800 62.51 62.63 0.00 -7.4071 -0.1250 -0.1250
13825 62.19 62.51 0.00 -8.1374 -1.0788 -1.0788
13850 61.92 62.42 0.00 -5.8348 -2.3313 -2.3313
13875 61.92 62.42 0.00 -5.8348 -2.3313 -2.3313
13900 61.73 62.31 0.00 -4.1990 -2.3874 -2.3874
13925 61.59 62.26 0.00 -3.6148 -2.4570 -2.4570
13950 61.59 62.26 0.00 -3.6148 -2.4570 -2.4570
13975 61.43 62.13 0.00 -3.8084 -1.0027 -1.0027
14000 61.29 61.95 0.00 -3.2656 -0.9644 -0.9644
14025 61.29 61.95 0.00 -3.2656 -0.9644 -0.9644
14050 61.16 61.79 0.00 -3.4442 -1.2974 -1.2974
14075 61.04 61.62 0.00 -3.1304 -1.2564 -1.2564
14100 60.93 61.51 0.00 -3.1009 -1.1418 -1.1418
14125 60.83 61.33 0.00 -2.2701 -1.2500 -1.2500
14150 60.83 61.33 0.00 -2.2701 -1.2500 -1.2500
14175 60.78 61.14 0.00 -1.1413 -1.4849 -1.4849
14200 60.72 60.93 0.00 -1.7237 -1.7138 -1.7138
14225 60.72 60.93 0.00 -1.7237 -1.7138 -1.7138
14250 60.62 60.74 0.00 -2.6657 -1.5187 -1.5187
14275 60.49 60.52 0.00 -3.8337 -0.0001 -0.0001
14300 60.49 60.52 0.00 -3.8337 -0.0001 -0.0001
14325 60.30 60.29 0.00 -5.2497 -1.9264 -1.9264
14350 60.12 60.08 0.00 -4.0044 0.7008 0.7008
14375 60.12 60.08 0.00 -4.0044 0.7008 0.7008
14400 59.93 59.85 0.00 -5.1818 -0.4311 -0.4311
14425 59.72 59.70 0.00 -5.8566 -1.4564 -1.4564
14450 59.72 59.70 0.00 -5.8566 -1.4564 -1.4564
14475 59.40 59.59 0.00 -9.2707 -2.9698 -2.9698
14500 58.98 59.50 0.00 -10.7167 -3.8478 -3.8478
14525 58.98 59.50 0.00 -10.7167 -3.8478 -3.8478
14550 58.50 59.48 0.00 -12.8504 -4.4254 -4.4254
14575 58.01 59.43 0.00 -11.7197 -3.7651 -3.7651
14600 57.57 59.32 0.00 -10.4539 -2.8540 -2.8540
14625 57.57 59.32 0.00 -10.4539 -2.8540 -2.8540
14650 57.20 59.13 0.00 -8.1760 -2.1201 -2.1201
14675 56.94 58.99 0.00 -5.7368 -2.7082 -2.7082
14700 56.75 58.85 0.00 -4.4461 -3.0577 -3.0577
14725 56.75 58.85 0.00 -4.4461 -3.0577 -3.0577
14750 56.61 58.74 0.00 -3.0407 -2.3082 -2.3082
14775 56.61 58.74 0.00 -3.0407 -2.3082 -2.3082
14800 56.48 58.62 0.00 -3.4142 -3.0522 -3.0522
14825 56.33 58.36 0.00 -3.9991 -4.1132 -4.1132
14850 56.15 57.92 0.00 -5.2562 -4.3274 -4.3274
14875 56.15 57.92 0.00 -5.2562 -4.3274 -4.3274
14900 55.98 57.36 0.00 -6.2310 -3.3870 -3.3870
14925 55.73 56.61 0.00 -5.5032 -2.2851 -2.2851
14950 55.52 56.01 0.00 -5.1506 -2.4841 -2.4841
14975 55.52 56.01 0.00 -5.1506 -2.4841 -2.4841
15000 55.38 55.52 0.00 -2.4663 0.1006 0.1006
15025 55.31 55.12 0.00 -1.4301 -0.3375 -0.3375
15050 55.31 55.12 0.00 -1.4301 -0.3375 -0.3375
15075 55.24 54.56 0.00 -2.1033 -0.1707 -0.1707
15100 55.14 53.93 0.00 -3.4941 -1.4863 -1.4863
15125 55.14 53.93 0.00 -3.4941 -1.4863 -1.4863
15150 54.94 53.30 0.00 -5.3823 -3.0562 -3.0562
15175 54.73 52.83 0.00 -4.6771 -2.7319 -2.7319
15200 54.59 52.48 0.00 -2.1069 -0.1107 -0.1107
15225 54.59 52.48 0.00 -2.1069 -0.1107 -0.1107
15250 54.58 52.22 0.00 0.4551 0.8741 0.8741
15275 54.63 51.97 0.00 1.7701 0.5000 0.5000
15300 54.63 51.97 0.00 1.7701 0.5000 0.5000
15325 54.66 51.82 0.00 -0.3948 0.7160 0.7160
15350 54.59 51.66 0.00 -2.4164 0.9135 0.9135
15375 54.59 51.66 0.00 -2.4164 0.9135 0.9135
15400 54.44 51.45 0.00 -4.5620 -0.8254 -0.8254
15425 54.23 51.29 0.00 -6.2026 -1.9759 -1.9759
15450 54.23 51.29 0.00 -6.2026 -1.9759 -1.9759
15475 53.95 51.13 0.00 -6.7948 -2.4041 -2.4041
15500 53.70 51.08 0.00 -5.6460 -1.3321 -1.3321
15525 53.70 51.08 0.00 -5.6460 -1.3321 -1.3321
15550 53.53 51.03 0.00 -3.5011 -0.1422 -0.1422
15575 53.44 50.98 0.00 -1.8807 -0.3663 -0.3663
15600 53.44 50.98 0.00 -1.8807 -0.3663 -0.3663
15625 53.37 50.87 0.00 -2.3823 -0.1066 -0.1066
15650 53.21 50.68 0.00 -4.4884 -1.5127 -1.5127
15675 53.00 50.37 0.00 -6.4211 -0.6694 -0.6694
15700 53.00 50.37 0.00 -6.4211 -0.6694 -0.6694
15725 52.69 50.05 0.00 -8.4222 -1.9610 -1.9610
15750 52.34 49.77 0.00 -8.8930 -2.0732 -2.0732
15775 51.99 49.47 0.00 -8.2718 -2.4470 -2.4470
15800 51.99 49.47 0.00 -8.2718 -2.4470 -2.4470
15825 51.73 49.21 0.00 -5.8201 -2.3901 -2.3901
15850 51.59 48.95 0.00 -1.6651 -1.7698 -1.7698
15875 51.59 48.95 0.00 -1.6651 -1.7698 -1.7698
15900 51.61 48.58 0.00 1.1080 -1.4512 -1.4512
15925 51.66 48.19 0.00 1.4698 -0.7873 -0.7873
15950 51.66 48.19 0.00 1.4698 -0.7873 -0.7873
15975 51.69 47.75 0.00 0.1971 0.3372 0.3372
16000 51.68 47.38 0.00 0.0340 1.2683 1.2683
16025 51.68 47.38 0.00 0.0340 1.2683 1.2683
16050 51.73 47.10 0.00 2.1985 1.2921 1.2921
16075 51.87 46.91 0.00 4.1662 1.0540 1.0540
16100 52.06 46.66 0.00 4.8132 1.0039 1.0039
16125 52.06 46.66 0.00 4.8132 1.0039 1.0039
16150 52.25 46.36 0.00 4.6568 0.6174 0.6174
16175 52.41 45.90 0.00 3.7684 0.8137 0.8137
16200 52.41 45.90 0.00 3.7684 0.8137 0.8137
16225 52.53 45.43 0.00 3.0379 2.1846 2.1846
16250 52.60 44.95 0.00 0.7155 0.3743 0.3743
16275 52.60 44.95 0.00 0.7155 0.3743 0.3743
16300 52.62 44.49 0.00 0.4805 3.1515 3.1515
16325 52.62 44.03 0.00 -0.3778 3.4601 3.4601
16350 52.62 44.03 0.00 -0.3778 3.4601 3.4601
16375 52.60 43.62 0.00 -0.2436 1.7293 1.7293
16400 52.64 43.34 0.00 1.1442 0.5267 0.5267
16425 52.67 43.07 0.00 0.9755 0.2701 0.2701
16450 52.67 43.07 0.00 0.9755 0.2701 0.2701
16475 52.69 42.84 0.00 -0.2098 -0.1748 -0.1748
16500 52.62 42.50 0.00 -2.3617 0.0292 0.0292
16525 52.62 42.50 0.00 -2.3617 0.0292 0.0292
16550 52.50 42.13 0.00 -3.8598 -0.2793 -0.2793
16575 52.32 41.77 0.00 -3.4251 -0.0342 -0.0342
16600 52.32 41.77 0.00 -3.4251 -0.0342 -0.0342
16625 52.23 41.51 0.00 -2.1903 -0.1508 -0.1508
16650 52.15 41.27 0.00 -1.7257 -0.1183 -0.1183
16675 52.15 41.27 0.00 -1.7257 -0.1183 -0.1183
16700 52.11 41.17 0.00 -0.7208 0.8539 0.8539
16725 52.08 41.13 0.00 -1.0925 -0.0128 -0.0128
16750 52.02 41.10 0.00 -1.6963 -0.5350 -0.5350
16775 52.02 41.10 0.00 -1.6963 -0.5350 -0.5350
16800 51.94 40.99 0.00 -1.9669 -0.9524 -0.9524
16825 51.89 40.79 0.00 -1.2681 -0.6761 -0.6761
16850 51.87 40.53 0.00 0.5809 -0.2930 -0.2930
16875 51.87 40.53 0.00 0.5809 -0.2930 -0.2930
16900 51.90 40.26 0.00 0.5020 -2.7406 -2.7406
16925 51.94 39.95 0.00 1.7407 0.8891 0.8891
16950 51.94 39.95 0.00 1.7407 0.8891 0.8891
16975 52.01 39.61 0.00 1.4281 1.3619 1.3619
17000 52.08 39.27 0.00 2.2032 1.5803 1.5803
17025 52.08 39.27 0.00 2.2032 1.5803 1.5803
17050 52.15 38.86 0.00 0.9764 0.0363 0.0363
17075 52.11 38.28 0.00 -1.5341 -0.9998 -0.9998
17100 52.01 37.54 0.00 -3.2101 -1.8461 -1.8461
17125 52.01 37.54 0.00 -3.2101 -1.8461 -1.8461
17150 51.89 36.75 0.00 -3.2049 -0.9596 -0.9596
17175 51.82 35.95 0.00 -0.5805 -0.2333 -0.2333
17200 51.82 35.95 0.00 -0.5805 -0.2333 -0.2333
17225 51.85 35.24 0.00 1.7070 -0.4137 -0.4137
17250 51.94 34.82 0.00 3.5412 0.2664 0.2664
17275 51.94 34.82 0.00 3.5412 0.2664 0.2664
17300 52.11 34.38 0.00 4.9726 1.3964 1.3964
17325 52.30 34.03 0.00 4.3092 1.7119 1.7119
17350 52.46 33.67 0.00 3.2209 1.2969 1.2969
17375 52.46 33.67 0.00 3.2209 1.2969 1.2969
17400 52.55 33.28 0.00 1.7962 -0.3787 -0.3787
17425 52.58 32.93 0.00 0.8086 -1.3835 -1.3835
17450 52.58 32.93 0.00 0.8086 -1.3835 -1.3835
17475 52.64 32.60 0.00 1.1036 -0.5879 -0.5879
17500 52.69 32.23 0.00 1.5913 0.5185 0.5185
17525 52.76 31.82 0.00 2.2333 0.3469 0.3469
17550 52.76 31.82 0.00 2.2333 0.3469 0.3469
17575 52.88 31.30 0.00 3.5164 0.5472 0.5472
17600 53.02 30.76 0.00 3.5531 0.1462 0.1462
17625 53.02 30.76 0.00 3.5531 0.1462 0.1462
17650 53.18 30.28 0.00 3.5241 2.0999 2.0999
17675 53.26 29.91 0.00 1.5063 0.9579 0.9579
17700 53.26 29.91 0.00 1.5063 0.9579 0.9579
17725 53.30 29.59 0.00 0.1623 0.6030 0.6030
17750 53.26 29.27 0.00 -0.9721 -0.6590 -0.6590
17775 53.26 29.27 0.00 -0.9721 -0.6590 -0.6590
17800 53.25 28.95 0.00 0.2850 -0.2611 -0.2611
17825 53.30 28.61 0.00 1.9936 1.2056 1.2056
17850 53.30 28.61 0.00 1.9936 1.2056 1.2056
17875 53.44 28.20 0.00 3.9657 2.1799 2.1799
17900 53.60 27.73 0.00 3.7486 0.9610 0.9610
17925 53.74 27.31 0.00 3.2594 1.0753 1.0753
17950 53.74 27.31 0.00 3.2594 1.0753 1.0753
17975 53.84 26.93 0.00 2.1732 1.4319 1.4319
18000 53.91 26.66 0.00 2.6844 2.1690 2.1690
18025 54.07 26.32 0.00 4.7205 2.7236 2.7236
18050 54.07 26.32 0.00 4.7205 2.7236 2.7236
18075 54.28 25.86 0.00 5.9717 1.1939 1.1939
18100 54.56 25.28 0.00 7.2669 1.1784 1.1784
18125 54.56 25.28 0.00 7.2669 1.1784 1.1784
18150 54.84 24.63 0.00 6.4499 0.5957 0.5957
18175 55.07 23.83 0.00 5.3572 1.4743 1.4743
18200 55.07 23.83 0.00 5.3572 1.4743 1.4743
18225 55.26 23.04 0.00 4.7069 3.9672 3.9672
18250 55.42 22.28 0.00 2.9950 1.7323 1.7323
18275 55.54 21.53 0.00 3.5842 4.3515 4.3515
18300 55.54 21.53 0.00 3.5842 4.3515 4.3515
18325 55.66 20.94 0.00 2.6752 4.0611 4.0611
18350 55.75 20.53 0.00 1.8127 2.3629 2.3629
18375 55.75 20.53 0.00 1.8127 2.3629 2.3629
18400 55.80 20.21 0.00 0.8768 0.0268 0.0268
18425 55.82 19.84 0.00 0.0447 -1.7059 -1.7059
18450 55.82 19.84 0.00 0.0447 -1.7059 -1.7059
18475 55.80 19.40 0.00 -0.4478 -1.8090 -1.8090
18500 55.80 18.94 0.00 0.7325 -0.1062 -0.1062
18525 55.87 18.44 0.00 2.0499 -0.4764 -0.4764
18550 55.87 18.44 0.00 2.0499 -0.4764 -0.4764
18575 56.03 17.96 0.00 4.8509 1.7780 1.7780
18600 56.26 17.55 0.00 6.1215 2.4435 2.4435
18625 56.26 17.55 0.00 6.1215 2.4435 2.4435
18650 56.57 17.10 0.00 9.1612 4.3125 4.3125
18675 56.96 16.61 0.00 9.6128 4.3658 4.3658
18700 56.96 16.61 0.00 9.6128 4.3658 4.3658
18725 57.34 16.01 0.00 9.7725 3.9363 3.9363
18750 57.76 15.31 0.00 10.9872 4.5598 4.5598
18775 58.24 14.55 0.00 11.8425 5.4928 5.4928
18800 58.24 14.55 0.00 11.8425 5.4928 5.4928
18825 58.61 13.90 0.00 12.5413 5.8680 5.8680
18850 59.15 13.04 0.00 15.2146 7.5020 7.5020
18875 59.15 13.04 0.00 15.2146 7.5020 7.5020
18900 59.81 12.20 0.00 16.3411 9.7639 9.7639
18925 60.44 11.50 0.00 14.8211 9.0299 9.0299
18950 60.44 11.50 0.00 14.8211 9.0299 9.0299
18975 60.93 11.01 0.00 11.0850 7.4783 7.4783
19000 61.29 10.59 0.00 7.0909 6.1919 6.1919
19025 61.29 10.59 0.00 7.0909 6.1919 6.1919
19050 61.45 10.18 0.00 2.1137 3.9145 3.9145
19075 61.45 9.84 0.00 -1.2747 3.5340 3.5340
19100 61.34 9.61 0.00 -3.4097 2.1731 2.1731
19125 61.34 9.61 0.00 -3.4097 2.1731 2.1731
19150 61.18 9.58 0.00 -3.9547 1.0564 1.0564
19175 61.04 9.63 0.00 -3.7152 0.4709 0.4709
19200 61.04 9.63 0.00 -3.7152 0.4709 0.4709
19225 60.85 9.79 0.00 -6.1371 -1.6821 -1.6821
19250 60.60 10.06 0.00 -5.9464 -0.9105 -0.9105
19275 60.37 10.32 0.00 -5.4892 -2.5037 -2.5037
19300 60.37 10.32 0.00 -5.4892 -2.5037 -2.5037
19325 60.21 10.56 0.00 -3.1278 -2.8264 -2.8264
19350 60.10 10.76 0.00 -1.8640 -2.7979 -2.7979
19375 60.10 10.76 0.00 -1.8640 -2.7979 -2.7979
19400 60.05 10.88 0.00 -1.5660 -3.3856 -3.3856
19425 59.95 10.93 0.00 -2.6772 -2.2371 -2.2371
19450 59.95 10.93 0.00 -2.6772 -2.2371 -2.2371
19475 59.88 10.91 0.00 -2.0503 0.6066 0.6066
19500 59.77 10.94 0.00 -2.4930 -0.9590 -0.9590
19525 59.77 10.94 0.00 -2.4930 -0.9590 -0.9590
19550 59.72 11.00 0.00 -1.1150 -1.8208 -1.8208
19575 59.66 10.97 0.00 -1.4028 -2.1760 -2.1760
19600 59.61 10.88 0.00 -1.7030 -0.8050 -0.8050
19625 59.61 10.88 0.00 -1.7030 -0.8050 -0.8050
19650 59.52 10.68 0.00 -2.1264 -0.5734 -0.5734
19675 59.47 10.40 0.00 -1.6756 1.4256 1.4256
19700 59.40 10.15 0.00 -0.7478 -0.3282 -0.3282
19725 59.40 10.15 0.00 -0.7478 -0.3282 -0.3282
19750 59.42 9.98 0.00 0.0777 -0.5920 -0.5920
19775 59.38 9.90 0.00 -1.1432 -0.3234 -0.3234
19800 59.38 9.90 0.00 -1.1432 -0.3234 -0.3234
19825 59.29 9.86 0.00 -3.1550 -0.8340 -0.8340
19850 59.14 9.82 0.00 -3.8873 -1.3568 -1.3568
19875 59.14 9.82 0.00 -3.8873 -1.3568 -1.3568
19900 58.98 9.72 0.00 -3.7028 -2.7514 -2.7514
19925 58.84 9.58 0.00 -3.7014 -3.1713 -3.1713
19950 58.70 9.46 0.00 -3.5995 -3.2650 -3.2650
19975 58.70 9.46 0.00 -3.5995 -3.2650 -3.2650
20000 58.56 9.38 0.00 -3.5371 -3.6666 -3.6666
20025 58.43 9.32 0.00 -1.8442 -2.4079 -2.4079
20050 58.43 9.32 0.00 -1.8442 -2.4079 -2.4079
20075 58.43 9.34 0.00 0.2487 -0.2359 -0.2359
20100 58.43 9.41 0.00 0.1883 -0.8907 -0.8907
20125 58.43 9.41 0.00 0.1883 -0.8907 -0.8907
20150 58.43 9.51 0.00 -1.2125 -1.1772 -1.1772
20175 58.31 9.58 0.00 -3.4274 -2.5505 -2.5505
20200 58.31 9.58 0.00 -3.4274 -2.5505 -2.5505
20225 58.19 9.65 0.00 -3.0370 -1.9174 -1.9174
20250 58.08 9.70 0.00 -2.2932 -0.5219 -0.5219
20275 58.01 9.80 0.00 -1.3884 0.1374 0.1374
20300 58.01 9.80 0.00 -1.3884 0.1374 0.1374
20325 57.96 9.95 0.00 -1.7077 -1.6829 -1.6829
20350 57.84 10.17 0.00 -3.4102 -2.5583 -2.5583
20375 57.84 10.17 0.00 -3.4102 -2.5583 -2.5583
20400 57.73 10.32 0.00 -3.5338 -1.4318 -1.4318
20425 57.59 10.52 0.00 -4.1731 -0.9955 -0.9955
20450 57.59 10.52 0.00 -4.1731 -0.9955 -0.9955
20475 57.40 10.78 0.00 -4.8042 -2.1582 -2.1582
20500 57.19 11.12 0.00 -5.7253 -3.3323 -3.3323
20525 57.19 11.12 0.00 -5.7253 -3.3323 -3.3323
20550 56.92 11.49 0.00 -7.0279 -3.8407 -3.8407
20575 56.64 11.87 0.00 -7.2886 -5.0076 -5.0076
20600 56.36 12.19 0.00 -5.8633 -3.1324 -3.1324
20625 56.36 12.19 0.00 -5.8633 -3.1324 -3.1324
20650 56.15 12.45 0.00 -5.0513 -4.8217 -4.8217
20675 56.12 12.57 0.00 2.2249 2.9046 2.9046
20700 56.12 12.57 0.00 2.2249 2.9046 2.9046
20725 56.24 12.65 0.00 2.5660 2.6960 2.6960
20750 56.26 12.82 0.00 -1.8902 -0.1451 -0.1451
20775 56.08 13.03 0.00 -5.9209 -3.2875 -3.2875
20800 56.08 13.03 0.00 -5.9209 -3.2875 -3.2875
20825 55.78 13.21 0.00 -8.0636 -4.3089 -4.3089
20850 55.78 13.21 0.00 -8.0636 -4.3089 -4.3089
20875 55.49 13.34 0.00 -6.7732 -3.7556 -3.7556
20900 55.29 13.36 0.00 -4.0442 -1.4688 -1.4688
20925 55.14 13.34 0.00 -3.8717 -2.9033 -2.9033
20950 55.14 13.34 0.00 -3.8717 -2.9033 -2.9033
20975 55.01 13.37 0.00 -2.7042 -1.5950 -1.5950
21000 54.93 13.43 0.00 -2.9664 -1.2161 -1.2161
21025 54.93 13.43 0.00 -2.9664 -1.2161 -1.2161
21050 54.75 13.58 0.00 -5.0083 -1.1707 -1.1707
21075 54.45 13.77 0.00 -9.3401 -2.5589 -2.5589
21100 53.93 14.01 0.00 -15.0921 -5.2503 -5.2503
21125 53.93 14.01 0.00 -15.0921 -5.2503 -5.2503
21150 53.26 14.20 0.00 -17.1609 -6.8861 -6.8861
21175 52.60 14.33 0.00 -16.5190 -7.1449 -7.1449
21200 52.60 14.33 0.00 -16.5190 -7.1449 -7.1449
21225 52.02 14.42 0.00 -12.6716 -4.0000 -4.0000
21250 51.57 14.49 0.00 -10.5652 -5.2574 -5.2574
21275 51.27 14.57 0.00 -5.5865 -0.5104 -0.5104
21300 51.27 14.57 0.00 -5.5865 -0.5104 -0.5104
21325 51.08 14.79 0.00 -5.1062 2.9551 2.9551
21350 50.86 15.16 0.00 -6.0686 4.2992 4.2992
21375 50.86 15.16 0.00 -6.0686 4.2992 4.2992
21400 50.56 15.61 0.00 -7.9345 1.5517 1.5517
21425 50.24 16.02 0.00 -7.7619 -2.1851 -2.1851
21450 50.24 16.02 0.00 -7.7619 -2.1851 -2.1851
21475 49.95 16.28 0.00 -6.7736 -4.2183 -4.2183
21500 49.76 16.42 0.00 -3.8331 -1.9576 -1.9576
21525 49.76 16.42 0.00 -3.8331 -1.9576 -1.9576
21550 49.62 16.50 0.00 -2.5131 -1.3963 -1.3963
21575 49.55 16.66 0.00 -1.2340 -0.9992 -0.9992
21600 49.55 16.66 0.00 -1.2340 -0.9992 -0.9992
21625 49.53 16.93 0.00 0.1480 0.6899 0.6899
21650 49.56 17.19 0.00 0.7437 2.4211 2.4211
21675 49.58 17.47 0.00 0.0836 4.2000 4.2000
21700 49.58 17.47 0.00 0.0836 4.2000 4.2000
21725 49.49 17.79 0.00 -3.7051 1.5806 1.5806
21750 49.32 18.15 0.00 -4.1700 -0.9725 -0.9725
21775 49.32 18.15 0.00 -4.1700 -0.9725 -0.9725
21800 49.18 18.49 0.00 -2.9879 -2.3271 -2.3271
21825 49.14 18.83 0.00 0.8013 -0.6428 -0.6428
21850 49.20 19.22 0.00 1.0469 -2.1783 -2.1783
21875 49.20 19.22 0.00 1.0469 -2.1783 -2.1783
21900 49.27 19.60 0.00 2.4921 1.7100 1.7100
21925 49.30 19.98 0.00 0.2033 0.7332 0.7332
21950 49.30 19.98 0.00 0.2033 0.7332 0.7332
21975 49.27 20.62 0.00 -2.1367 -0.4719 -0.4719
22000 49.11 21.43 0.00 -4.6403 -1.2785 -1.2785
22025 48.90 22.29 0.00 -5.7831 -2.4123 -2.4123
22050 48.90 22.29 0.00 -5.7831 -2.4123 -2.4123
22075 48.62 23.00 0.00 -7.1137 -2.6811 -2.6811
22100 48.62 23.00 0.00 -7.1137 -2.6811 -2.6811
22125 48.34 23.58 0.00 -6.6133 -1.2419 -1.2419
22150 48.08 24.00 0.00 -7.1361 -2.0984 -2.0984
22175 47.75 24.41 0.00 -9.2486 -3.9192 -3.9192
22200 47.75 24.41 0.00 -9.2486 -3.9192 -3.9192
22225 47.29 24.82 0.00 -12.5904 -4.4008 -4.4008
22250 46.67 25.22 0.00 -18.0313 -6.0126 -6.0126
22275 46.67 25.22 0.00 -18.0313 -6.0126 -6.0126
22300 45.91 25.59 0.00 -18.2018 -5.5578 -5.5578
22325 45.27 25.89 0.00 -14.8712 -5.8423 -5.8423
22350 44.69 26.13 0.00 -14.9142 -6.0378 -6.0378
22375 44.69 26.13 0.00 -14.9142 -6.0378 -6.0378
22400 44.04 26.35 0.00 -17.3170 -5.9695 -5.9695
22425 43.27 26.60 0.00 -19.7390 -6.8210 -6.8210
22450 43.27 26.60 0.00 -19.7390 -6.8210 -6.8210
22475 42.52 26.79 0.00 -18.3393 -5.1567 -5.1567
22500 41.74 26.93 0.00 -19.4395 -6.1550 -6.1550
22525 41.74 26.93 0.00 -19.4395 -6.1550 -6.1550
22550 41.04 26.97 0.00 -16.6441 -2.4242 -2.4242
22575 40.42 27.01 0.00 -14.4949 -2.0369 -2.0369
22600 39.93 27.07 0.00 -10.5454 -0.4855 -0.4855
22625 39.93 27.07 0.00 -10.5454 -0.4855 -0.4855
22650 39.63 27.27 0.00 -5.6266 -1.4598 -1.4598
22675 39.63 27.27 0.00 -5.6266 -1.4598 -1.4598
22700 39.52 27.49 0.00 -1.7235 -2.4633 -2.4633
22725 39.47 27.68 0.00 -1.4691 -2.7703 -2.7703
22750 39.42 27.87 0.00 -1.3434 -0.2115 -0.2115
22775 39.42 27.87 0.00 -1.3434 -0.2115 -0.2115
22800 39.31 28.11 0.00 -3.6721 0.1047 0.1047
22825 39.14 28.47 0.00 -4.0041 -0.0743 -0.0743
22850 39.14 28.47 0.00 -4.0041 -0.0743 -0.0743
22875 39.00 28.86 0.00 -3.8134 0.6761 0.6761
22900 38.84 29.27 0.00 -4.0099 0.9020 0.9020
22925 38.62 29.67 0.00 -6.5811 0.6505 0.6505
22950 38.62 29.67 0.00 -6.5811 0.6505 0.6505
22975 38.27 30.11 0.00 -11.1124 -1.2794 -1.2794
23000 37.74 30.68 0.00 -14.1546 -2.6844 -2.6844
23025 37.19 31.33 0.00 -13.8111 -3.1164 -3.1164
23050 37.19 31.33 0.00 -13.8111 -3.1164 -3.1164
23075 36.71 32.14 0.00 -9.3950 -1.4006 -1.4006
23100 36.44 33.08 0.00 -5.2414 0.0046 0.0046
23125 36.44 33.08 0.00 -5.2414 0.0046 0.0046
23150 36.25 34.22 0.00 -4.4526 -2.8746 -2.8746
23175 36.12 35.45 0.00 -2.5359 1.4537 1.4537
23200 36.12 35.45 0.00 -2.5359 1.4537 1.4537
23225 35.98 36.58 0.00 -4.0116 0.5495 0.5495
23250 35.87 37.43 0.00 -2.1864 0.2172 0.2172
23275 35.87 37.43 0.00 -2.1864 0.2172 0.2172
23300 35.79 37.98 0.00 -2.3046 -1.4953 -1.4953
23325 35.71 38.36 0.00 -0.9492 -2.1616 -2.1616
23350 35.71 38.36 0.00 -0.9492 -2.1616 -2.1616
23375 35.71 38.69 0.00 0.4511 -2.4708 -2.4708
23400 35.75 39.05 0.00 1.1509 -2.2473 -2.2473
23425 35.79 39.34 0.00 0.6998 -1.2495 -1.2495
23450 35.79 39.34 0.00 0.6998 -1.2495 -1.2495
23475 35.80 39.83 0.00 0.5220 0.5396 0.5396
23500 35.77 40.46 0.00 -2.3341 1.1172 1.1172
23525 35.57 41.32 0.00 -5.6806 0.5785 0.5785
23550 35.57 41.32 0.00 -5.6806 0.5785 0.5785
23575 35.29 42.34 0.00 -7.8555 0.1913 0.1913
23600 35.02 43.31 0.00 -6.1551 -0.8724 -0.8724
23625 35.02 43.31 0.00 -6.1551 -0.8724 -0.8724
23650 34.77 44.09 0.00 -6.3357 -1.7024 -1.7024
23675 34.45 44.71 0.00 -8.9878 -1.5364 -1.5364
23700 34.45 44.71 0.00 -8.9878 -1.5364 -1.5364
23725 34.04 45.35 0.00 -11.6160 -0.1979 -0.1979
23750 33.48 46.00 0.00 -14.9393 -1.1563 -1.1563
23775 32.87 46.78 0.00 -15.1782 -0.0252 -0.0252
23800 32.87 46.78 0.00 -15.1782 -0.0252 -0.0252
23825 32.24 47.52 0.00 -16.0818 -1.3379 -1.3379
23850 31.59 48.13 0.00 -16.4351 -2.0978 -2.0978
23875 31.59 48.13 0.00 -16.4351 -2.0978 -2.0978
23900 30.96 48.53 0.00 -15.6207 -3.1915 -3.1915
23925 30.34 48.79 0.00 -15.7759 -4.5134 -4.5134
23950 30.34 48.79 0.00 -15.7759 -4.5134 -4.5134
23975 29.71 48.96 0.00 -15.0917 -3.7328 -3.7328
24000 29.16 49.01 0.00 -13.0087 -3.4882 -3.4882
24025 29.16 49.01 0.00 -13.0087 -3.4882 -3.4882
24050 28.71 49.06 0.00 -10.4760 -4.0588 -4.0588
24075 28.31 49.07 0.00 -10.7254 -2.4495 -2.4495
24100 27.83 49.13 0.00 -12.3984 -1.1363 -1.1363
24125 27.83 49.13 0.00 -12.3984 -1.1363 -1.1363
24150 27.32 49.22 0.00 -13.2740 -0.9248 -0.9248
24175 26.77 49.30 0.00 -13.5861 -1.7784 -1.7784
24200 26.23 49.31 0.00 -12.8361 -1.5595 -1.5595
24225 26.23 49.31 0.00 -12.8361 -1.5595 -1.5595
24250 25.77 49.28 0.00 -11.1239 -1.0984 -1.0984
24275 25.44 49.33 0.00 -11.7926 -1.4276 -1.4276
24300 25.44 49.33 0.00 -11.7926 -1.4276 -1.4276
24325 24.90 49.52 0.00 -14.5163 -1.3714 -1.3714
24350 24.90 49.52 0.00 -14.5163 -1.3714 -1.3714
24375 24.27 49.80 0.00 -15.8912 0.4960 0.4960
24400 23.62 50.21 0.00 -16.5186 0.7828 0.7828
24425 22.94 50.72 0.00 -16.5670 1.2570 1.2570
24450 22.94 50.72 0.00 -16.5670 1.2570 1.2570
24475 22.38 51.35 0.00 -12.1575 2.8870 2.8870
24500 21.97 52.00 0.00 -10.2447 1.5283 1.5283
24525 21.59 52.54 0.00 -8.0448 1.4744 1.4744
24550 21.59 52.54 0.00 -8.0448 1.4744 1.4744
24575 21.34 53.05 0.00 -5.1819 1.5395 1.5395
24600 21.23 53.63 0.00 -1.9486 1.5544 1.5544
24625 21.23 53.63 0.00 -1.9486 1.5544 1.5544
24650 21.14 54.28 0.00 -2.3719 0.6953 0.6953
24675 21.08 54.99 0.00 -0.3945 1.9393 1.9393
24700 21.08 54.99 0.00 -0.3945 1.9393 1.9393
24725 21.14 55.66 0.00 2.1517 0.3687 0.3687
24750 21.23 56.17 0.00 2.1311 -0.5459 -0.5459
24775 21.19 56.77 0.00 -2.7840 -1.1326 -1.1326
24800 21.19 56.77 0.00 -2.7840 -1.1326 -1.1326
24825 21.04 57.70 0.00 -3.7923 1.2530 1.2530
24850 20.91 58.88 0.00 -2.6020 2.0358 2.0358
24875 20.91 58.88 0.00 -2.6020 2.0358 2.0358
24900 20.89 59.81 0.00 0.1197 1.5193 1.5193
24925 20.91 60.72 0.00 0.1191 1.7088 1.7088
24950 20.91 60.72 0.00 0.1191 1.7088 1.7088
24975 20.78 61.59 0.00 -5.5630 0.9115 0.9115
25000 20.38 62.55 0.00 -12.9010 3.1015 3.1015
25025 20.38 62.55 0.00 -12.9010 3.1015 3.1015
25050 19.58 63.59 0.00 -23.8264 4.2066 4.2066
25075 18.74 64.42 0.00 -29.6100 6.3712 6.3712
25100 17.51 65.91 0.00 -29.5129 8.5434 8.5434
25125 17.51 65.91 0.00 -29.5129 8.5434 8.5434
25150 16.56 67.65 0.00 -19.6210 7.7308 7.7308
25175 15.98 68.99 0.00 -11.6441 3.9630 3.9630
25200 15.98 68.99 0.00 -11.6441 3.9630 3.9630
25225 15.66 69.94 0.00 -5.9969 3.8341 3.8341
25250 15.39 70.78 0.00 -7.4610 4.0754 4.0754
25275 15.39 70.78 0.00 -7.4610 4.0754 4.0754
25300 15.10 71.51 0.00 -7.2630 5.7786 5.7786
25325 14.84 72.11 0.00 -6.0675 4.6128 4.6128
25350 14.69 72.67 0.00 -2.5169 3.2733 3.2733
25375 14.69 72.67 0.00 -2.5169 3.2733 3.2733
25400 14.71 73.16 0.00 2.7001 3.3686 3.3686
25425 14.92 73.57 0.00 6.9462 1.1023 1.1023
25450 14.92 73.57 0.00 6.9462 1.1023 1.1023
25475 15.22 73.82 0.00 6.7764 -0.2905 -0.2905
25500 15.43 73.78 0.00 4.6796 0.9593 0.9593
25525 15.57 73.57 0.00 3.2329 0.9824 0.9824
25550 15.57 73.57 0.00 3.2329 0.9824 0.9824
25575 15.70 73.33 0.00 3.0237 -2.0434 -2.0434
25600 15.84 73.12 0.00 3.8535 1.5672 1.5672
25625 15.84 73.12 0.00 3.8535 1.5672 1.5672
25650 16.02 72.96 0.00 5.0880 0.8689 0.8689
25675 16.27 72.85 0.00 6.6258 0.0898 0.0898
25700 16.27 72.85 0.00 6.6258 0.0898 0.0898
25725 16.58 72.80 0.00 9.4128 0.5607 0.5607
25750 17.08 72.70 0.00 12.8791 -2.2116 -2.2116
25775 17.47 72.47 0.00 7.6172 -2.2739 -2.2739
25800 17.47 72.47 0.00 7.6172 -2.2739 -2.2739
25825 17.70 72.14 0.00 5.3040 0.7330 0.7330
25850 17.82 71.89 0.00 3.3191 -0.3145 -0.3145
25875 17.82 71.89 0.00 3.3191 -0.3145 -0.3145
25900 17.95 71.64 0.00 3.4410 -0.2834 -0.2834
25925 18.14 71.58 0.00 6.1828 -0.8806 -0.8806
25950 18.14 71.58 0.00 6.1828 -0.8806 -0.8806
25975 18.43 71.62 0.00 7.8826 1.3623 1.3623
26000 18.76 71.70 0.00 7.8848 2.1622 2.1622
26025 18.76 71.70 0.00 7.8848 2.1622 2.1622
26050 19.04 71.72 0.00 6.0468 1.7790 1.7790
26075 19.16 71.77 0.00 0.4782 1.2211 1.2211
26100 19.16 71.77 0.00 0.4782 1.2211 1.2211
26125 19.01 71.91 0.00 -6.5789 2.1100 2.1100
26150 18.62 72.29 0.00 -11.5248 2.3833 2.3833
26175 18.14 72.72 0.00 -10.6083 3.8996 3.8996
26200 18.14 72.72 0.00 -10.6083 3.8996 3.8996
26225 17.86 73.13 0.00 -5.1402 -0.1746 -0.1746
26250 17.80 73.51 0.00 1.3769 1.6056 1.6056
26275 17.80 73.51 0.00 1.3769 1.6056 1.6056
26300 17.93 73.82 0.00 4.0781 -0.8433 -0.8433
26325 18.07 74.06 0.00 3.0738 0.6457 0.6457
26350 18.09 74.19 0.00 -1.4781 0.6723 0.6723
26375 18.09 74.19 0.00 -1.4781 0.6723 0.6723
26400 17.95 74.20 0.00 -4.9953 0.9785 0.9785
26425 17.72 74.17 0.00 -5.0072 0.4981 0.4981
26450 17.72 74.17 0.00 -5.0072 0.4981 0.4981
26475 17.60 74.14 0.00 -1.8731 -0.5626 -0.5626
26500 17.62 74.06 0.00 2.4591 -2.3057 -2.3057
26525 17.80 74.04 0.00 5.1679 -2.2022 -2.2022
26550 17.80 74.04 0.00 5.1679 -2.2022 -2.2022
26575 18.05 74.00 0.00 6.8635 -0.2843 -0.2843
26600 18.30 74.10 0.00 5.4363 1.0105 1.0105
26625 18.30 74.10 0.00 5.4363 1.0105 1.0105
26650 18.43 74.23 0.00 4.4621 3.0811 3.0811
26675 18.60 74.41 0.00 3.2582 3.3745 3.3745
26700 18.60 74.41 0.00 3.2582 3.3745 3.3745
26725 18.68 74.63 0.00 1.8713 2.8307 2.8307
26750 18.74 74.91 0.00 0.7541 1.6831 1.6831
26775 18.76 75.25 0.00 0.7500 2.0401 2.0401
26800 18.76 75.25 0.00 0.7500 2.0401 2.0401
26825 18.83 75.64 0.00 2.8428 2.0781 2.0781
26850 19.03 75.97 0.00 5.9862 0.5531 0.5531
26875 19.03 75.97 0.00 5.9862 0.5531 0.5531
26900 19.31 76.26 0.00 6.8210 3.0655 3.0655
26925 19.48 76.59 0.00 2.9570 3.6722 3.6722
26950 19.48 76.59 0.00 2.9570 3.6722 3.6722
26975 19.60 76.96 0.00 3.1448 4.0500 4.0500
27000 19.71 77.34 0.00 2.8353 1.3125 1.3125
27025 19.83 77.69 0.00 2.5705 -0.0325 -0.0325
27050 19.83 77.69 0.00 2.5705 -0.0325 -0.0325
27075 19.92 77.87 0.00 2.5408 0.7320 0.7320
27100 20.04 77.91 0.00 2.6775 -0.2722 -0.2722
27125 20.04 77.91 0.00 2.6775 -0.2722 -0.2722
27150 20.15 77.86 0.00 2.8391 -0.2279 -0.2279
27175 20.30 77.85 0.00 4.2564 0.2310 0.2310
27200 20.30 77.85 0.00 4.2564 0.2310 0.2310
27225 20.49 77.88 0.00 5.7133 0.2043 0.2043
27250 20.81 77.95 0.00 9.3859 0.3590 0.3590
27275 20.81 77.95 0.00 9.3859 0.3590 0.3590
27300 21.27 78.02 0.00 12.1288 0.4219 0.4219
27325 21.76 78.05 0.00 12.6314 -0.1842 -0.1842
27350 22.29 78.00 0.00 13.0373 -0.6595 -0.6595
27375 22.29 78.00 0.00 13.0373 -0.6595 -0.6595
27400 22.64 77.95 0.00 10.8826 -1.3191 -1.3191
27425 23.04 77.81 0.00 9.1565 0.3427 0.3427
27450 23.04 77.81 0.00 9.1565 0.3427 0.3427
27475 23.32 77.72 0.00 6.7042 -1.8149 -1.8149
27500 23.63 77.68 0.00 8.0273 3.0075 3.0075
27525 23.63 77.68 0.00 8.0273 3.0075 3.0075
27550 23.95 77.69 0.00 7.9142 2.3325 2.3325
27575 24.31 77.70 0.00 10.0490 1.7668 1.7668
27600 24.75 77.72 0.00 11.0164 1.0282 1.0282
27625 24.75 77.72 0.00 11.0164 1.0282 1.0282
27650 25.16 77.70 0.00 9.1246 1.3561 1.3561
27675 25.42 77.63 0.00 4.8070 4.2035 4.2035
27700 25.51 77.55 0.00 1.4948 3.7597 3.7597
27725 25.51 77.55 0.00 1.4948 3.7597 3.7597
27750 25.55 77.47 0.00 0.4030 1.7712 1.7712
27775 25.57 77.43 0.00 0.8843 0.4441 0.4441
27800 25.57 77.43 0.00 0.8843 0.4441 0.4441
27825 25.62 77.41 0.00 2.1050 0.5343 0.5343
27850 25.62 77.41 0.00 2.1050 0.5343 0.5343
27875 25.77 77.42 0.00 4.9088 0.4796 0.4796
27900 26.03 77.39 0.00 7.1649 -1.4324 -1.4324
27925 26.32 77.27 0.00 7.3703 -1.0719 -1.0719
27950 26.32 77.27 0.00 7.3703 -1.0719 -1.0719
27975 26.60 77.09 0.00 6.1756 -0.5575 -0.5575
28000 26.78 76.87 0.00 3.2658 0.8231 0.8231
28025 26.78 76.87 0.00 3.2658 0.8231 0.8231
28050 26.77 76.69 0.00 -1.6405 -0.5872 -0.5872
28075 26.67 76.60 0.00 -2.9194 2.4404 2.4404
28100 26.56 76.60 0.00 -1.9657 1.2170 1.2170
28125 26.56 76.60 0.00 -1.9657 1.2170 1.2170
28150 26.55 76.73 0.00 0.3060 0.0552 0.0552
28175 26.62 76.95 0.00 2.4145 -0.8287 -0.8287
28200 26.62 76.95 0.00 2.4145 -0.8287 -0.8287
28225 26.80 77.21 0.00 6.6161 -1.3456 -1.3456
28250 27.12 77.30 0.00 7.9334 -1.8741 -1.8741
28275 27.50 77.34 0.00 10.2908 -0.8126 -0.8126
28300 27.50 77.34 0.00 10.2908 -0.8126 -0.8126
28325 27.89 77.40 0.00 9.3164 -0.1447 -0.1447
28350 28.20 77.50 0.00 6.4868 2.3109 2.3109
28375 28.20 77.50 0.00 6.4868 2.3109 2.3109
28400 28.43 77.66 0.00 6.1069 3.1525 3.1525
28425 28.74 77.87 0.00 8.9166 2.7645 2.7645
28450 29.15 78.05 0.00 10.8171 1.7122 1.7122
28475 29.15 78.05 0.00 10.8171 1.7122 1.7122
28500 29.65 78.16 0.00 13.2105 0.3141 0.3141
28525 30.18 78.18 0.00 13.0329 -0.2286 -0.2286
28550 30.18 78.18 0.00 13.0329 -0.2286 -0.2286
28575 30.65 78.08 0.00 10.4899 1.8327 1.8327
28600 31.00 77.90 0.00 7.0041 0.3442 0.3442
28625 31.00 77.90 0.00 7.0041 0.3442 0.3442
28650 31.21 77.65 0.00 4.5068 3.9060 3.9060
28675 31.36 77.44 0.00 3.6492 3.2566 3.2566
28700 31.36 77.44 0.00 3.6492 3.2566 3.2566
28725 31.54 77.25 0.00 5.0786 1.3233 1.3233
28750 31.81 77.07 0.00 8.0430 0.2473 0.2473
28775 32.22 76.85 0.00 11.9142 -1.1116 -1.1116
28800 32.22 76.85 0.00 11.9142 -1.1116 -1.1116
28825 32.76 76.52 0.00 13.9406 -1.6234 -1.6234
28850 33.32 76.14 0.00 13.4235 0.1483 0.1483
28875 33.32 76.14 0.00 13.4235 0.1483 0.1483
28900 33.77 75.75 0.00 10.1478 1.3620 1.3620
28925 34.13 75.34 0.00 8.2018 1.3833 1.3833
28950 34.13 75.34 0.00 8.2018 1.3833 1.3833
28975 34.48 74.96 0.00 9.8403 0.3690 0.3690
29000 34.82 74.63 0.00 11.9825 -0.7592 -0.7592
29025 34.82 74.63 0.00 11.9825 -0.7592 -0.7592
29050 35.39 74.19 0.00 16.3395 -0.7617 -0.7617
29075 36.11 73.77 0.00 17.8888 -0.6089 -0.6089
29100 36.80 73.36 0.00 16.3949 0.1261 0.1261
29125 36.80 73.36 0.00 16.3949 0.1261 0.1261
29150 37.37 72.97 0.00 12.8957 -1.3235 -1.3235
29175 37.74 72.56 0.00 6.9476 -2.0180 -2.0180
29200 37.74 72.56 0.00 6.9476 -2.0180 -2.0180
29225 37.90 72.00 0.00 3.4860 -0.1545 -0.1545
29250 38.08 71.49 0.00 4.4650 2.1237 2.1237
29275 38.27 71.02 0.00 5.7581 1.1556 1.1556
29300 38.27 71.02 0.00 5.7581 1.1556 1.1556
29325 38.52 70.66 0.00 6.3547 0.9572 0.9572
29350 38.75 70.37 0.00 4.8222 0.0043 0.0043
29375 38.75 70.37 0.00 4.8222 0.0043 0.0043
29400 38.87 70.08 0.00 1.9115 1.0801 1.0801
29425 38.91 69.92 0.00 -0.0493 2.7028 2.7028
29450 38.89 69.93 0.00 -0.6622 2.3721 2.3721
29475 38.89 69.93 0.00 -0.6622 2.3721 2.3721
29500 38.85 70.17 0.00 -0.9001 0.6153 0.6153
29525 38.80 70.47 0.00 -1.4258 0.5006 0.5006
29550 38.80 70.47 0.00 -1.4258 0.5006 0.5006
29575 38.78 70.89 0.00 -0.5586 0.4914 0.4914
29600 38.80 71.30 0.00 1.9931 1.6993 1.6993
29625 38.80 71.30 0.00 1.9931 1.6993 1.6993
29650 38.96 71.64 0.00 4.8170 1.3263 1.3263
29675 39.19 71.87 0.00 6.3794 0.2482 0.2482
29700 39.19 71.87 0.00 6.3794 0.2482 0.2482
29725 39.40 72.01 0.00 3.7327 -0.4880 -0.4880
29750 39.47 72.04 0.00 1.7437 0.3165 0.3165
29775 39.52 72.04 0.00 1.0705 0.1122 0.1122
29800 39.52 72.04 0.00 1.0705 0.1122 0.1122
29825 39.58 71.88 0.00 2.2623 -0.1675 -0.1675
29850 39.72 71.70 0.00 3.8096 0.5650 0.5650
29875 39.88 71.41 0.00 4.5048 0.2896 0.2896
29900 39.88 71.41 0.00 4.5048 0.2896 0.2896
29925 40.09 71.13 0.00 4.8986 -0.6381 -0.6381
29950 40.25 70.81 0.00 3.8096 -1.0098 -1.0098
29975 40.25 70.81 0.00 3.8096 -1.0098 -1.0098
30000 40.41 70.56 0.00 4.1130 -0.3648 -0.3648
30025 40.62 70.34 0.00 6.8759 2.0582 2.0582
30050 40.62 70.34 0.00 6.8759 2.0582 2.0582
30075 41.00 70.16 0.00 10.3415 1.6507 1.6507
30100 41.48 70.02 0.00 14.0928 1.8225 1.8225
30125 42.13 69.93 0.00 17.3665 2.2776 2.2776
30150 42.13 69.93 0.00 17.3665 2.2776 2.2776
30175 42.87 69.83 0.00 19.0269 1.3488 1.3488
30200 43.67 69.79 0.00 20.5997 0.4733 0.4733
30225 43.67 69.79 0.00 20.5997 0.4733 0.4733
30250 44.57 69.80 0.00 23.4874 -0.7220 -0.7220
30275 45.51 69.86 0.00 23.0487 -2.7723 -2.7723
30300 45.51 69.86 0.00 23.0487 -2.7723 -2.7723
30325 46.23 69.84 0.00 15.1053 -2.0066 -2.0066
30350 46.72 69.79 0.00 10.1728 3.2809 3.2809
30375 46.72 69.79 0.00 10.1728 3.2809 3.2809
30400 46.93 69.61 0.00 3.5796 0.9531 0.9531
30425 47.10 69.46 0.00 4.6232 3.5920 3.5920
30450 47.24 69.36 0.00 4.6699 2.2081 2.2081
30475 47.24 69.36 0.00 4.6699 2.2081 2.2081
30500 47.45 69.20 0.00 6.2082 0.8120 0.8120
30525 47.71 69.02 0.00 5.7809 -0.5140 -0.5140
30550 47.71 69.02 0.00 5.7809 -0.5140 -0.5140
30575 47.92 68.84 0.00 5.0734 0.2165 0.2165
30600 48.06 68.50 0.00 2.6349 -1.4058 -1.4058
30625 48.06 68.50 0.00 2.6349 -1.4058 -1.4058
30650 48.17 68.08 0.00 2.8022 0.7634 0.7634
30675 48.27 67.53 0.00 2.9051 -0.0796 -0.0796
30700 48.50 66.98 0.00 7.2727 0.0222 0.0222
30725 48.50 66.98 0.00 7.2727 0.0222 0.0222
30750 48.87 66.42 0.00 9.8252 -0.2837 -0.2837
30775 49.28 65.96 0.00 11.1691 1.3817 1.3817
30800 49.28 65.96 0.00 11.1691 1.3817 1.3817
30825 49.76 65.55 0.00 11.6482 1.4772 1.4772
30850 50.19 65.11 0.00 10.0517 0.0660 0.0660
30875 50.47 64.57 0.00 5.3733 0.2242 0.2242
30900 50.47 64.57 0.00 5.3733 0.2242 0.2242
30925 50.61 63.97 0.00 1.8492 0.7362 0.7362
30950 50.65 63.30 0.00 0.6755 -0.2806 -0.2806
30975 50.65 63.30 0.00 0.6755 -0.2806 -0.2806
31000 50.72 62.69 0.00 3.2985 0.5781 0.5781
31025 50.94 62.15 0.00 6.7824 2.0289 2.0289
31050 50.94 62.15 0.00 6.7824 2.0289 2.0289
31075 51.31 61.69 0.00 9.7502 0.8510 0.8510
31100 51.68 61.18 0.00 9.0886 1.6540 1.6540
31125 51.68 61.18 0.00 9.0886 1.6540 1.6540
31150 51.99 60.47 0.00 6.7772 1.4185 1.4185
31175 52.29 59.75 0.00 8.7984 1.6951 1.6951
31200 52.76 58.98 0.00 14.4345 2.2044 2.2044
31225 52.76 58.98 0.00 14.4345 2.2044 2.2044
31250 53.53 58.35 0.00 20.5950 2.3156 2.3156
31275 54.35 57.97 0.00 19.8387 2.4391 2.4391
31300 54.35 57.97 0.00 19.8387 2.4391 2.4391
31325 54.89 57.81 0.00 17.6591 3.7725 3.7725
31350 55.52 57.71 0.00 13.6290 4.1249 4.1249
31375 55.52 57.71 0.00 13.6290 4.1249 4.1249
31400 55.92 57.62 0.00 8.6072 2.8125 2.8125
31425 56.19 57.60 0.00 5.4447 2.9023 2.9023
31450 56.34 57.73 0.00 3.1304 1.6652 1.6652
31475 56.34 57.73 0.00 3.1304 1.6652 1.6652
31500 56.40 57.97 0.00 -0.1486 0.9636 0.9636
31525 56.36 58.30 0.00 -1.2435 0.8329 0.8329
31550 56.36 58.30 0.00 -1.2435 0.8329 0.8329
31575 56.27 58.64 0.00 -2.7560 0.4840 0.4840
31600 56.15 58.83 0.00 -2.6705 0.4320 0.4320
31625 56.10 58.97 0.00 -1.0556 1.5963 1.5963
31650 56.10 58.97 0.00 -1.0556 1.5963 1.5963
31675 56.05 59.00 0.00 -1.4098 0.3416 0.3416
31700 56.01 59.07 0.00 -0.6926 0.4837 0.4837
31725 56.01 59.07 0.00 -0.6926 0.4837 0.4837
31750 55.98 59.12 0.00 -0.8541 -0.4905 -0.4905
31775 55.96 59.16 0.00 -0.0583 -0.0127 -0.0127
31800 55.96 59.16 0.00 -0.0583 -0.0127 -0.0127
31825 55.94 59.05 0.00 -0.5699 -0.1949 -0.1949
31850 55.94 58.83 0.00 0.6580 0.9366 0.9366
31875 56.01 58.62 0.00 2.0386 0.2186 0.2186
31900 56.01 58.62 0.00 2.0386 0.2186 0.2186
31925 56.15 58.39 0.00 4.5675 -0.4849 -0.4849
31950 56.40 58.13 0.00 6.8124 0.2439 0.2439
31975 56.40 58.13 0.00 6.8124 0.2439 0.2439
32000 56.64 57.80 0.00 5.8479 0.4077 0.4077
32025 56.87 57.45 0.00 5.5948 1.6887 1.6887
32050 56.87 57.45 0.00 5.5948 1.6887 1.6887
32075 57.05 57.04 0.00 3.5141 1.1377 1.1377
32100 57.13 56.76 0.00 2.6036 0.2365 0.2365
32125 57.22 56.40 0.00 1.4083 0.2479 0.2479
32150 57.22 56.40 0.00 1.4083 0.2479 0.2479
32175 57.27 56.19 0.00 1.4044 0.7681 0.7681
32200 57.31 56.05 0.00 0.6340 0.7397 0.7397
32225 57.31 56.05 0.00 0.6340 0.7397 0.7397
32250 57.34 55.92 0.00 1.1027 2.0078 2.0078
32275 57.36 55.78 0.00 0.2680 1.6245 1.6245
32300 57.36 55.78 0.00 0.2680 1.6245 1.6245
32325 57.38 55.59 0.00 0.3531 1.2694 1.2694
32350 57.36 55.42 0.00 -1.6432 -0.6605 -0.6605
32375 57.26 55.21 0.00 -2.2933 -1.2942 -1.2942
32400 57.26 55.21 0.00 -2.2933 -1.2942 -1.2942
32425 57.19 55.07 0.00 -2.1108 -2.0183 -2.0183
32450 57.15 54.93 0.00 0.1240 -0.3564 -0.3564
32475 57.15 54.93 0.00 0.1240 -0.3564 -0.3564
32500 57.20 54.82 0.00 2.3393 0.0582 0.0582
32525 57.31 54.73 0.00 2.3819 -1.3202 -1.3202
32550 57.31 54.73 0.00 2.3819 -1.3202 -1.3202
32575 57.41 54.66 0.00 2.7701 -0.6085 -0.6085
32600 57.48 54.58 0.00 1.5448 -0.1101 -0.1101
32625 57.48 54.58 0.00 1.5448 -0.1101 -0.1101
32650 57.55 54.52 0.00 1.5341 0.0938 0.0938
32675 57.57 54.42 0.00 -0.2919 -0.2616 -0.2616
32700 57.54 54.24 0.00 -0.8162 0.2186 0.2186
32725 57.54 54.24 0.00 -0.8162 0.2186 0.2186
32750 57.52 54.03 0.00 -0.5130 -0.3555 -0.3555
32775 57.54 53.84 0.00 1.0437 -0.0077 -0.0077
32800 57.54 53.84 0.00 1.0437 -0.0077 -0.0077
32825 57.57 53.65 0.00 1.3037 1.4771 1.4771
32850 57.64 53.51 0.00 1.0005 1.8491 1.8491
32875 57.66 53.38 0.00 0.7208 1.3640 1.3640
32900 57.66 53.38 0.00 0.7208 1.3640 1.3640
32925 57.69 53.16 0.00 0.7381 2.9775 2.9775
32950 57.68 52.95 0.00 -0.7128 1.4624 1.4624
32975 57.68 52.95 0.00 -0.7128 1.4624 1.4624
33000 57.64 52.74 0.00 -1.1439 0.6757 0.6757
33025 57.59 52.53 0.00 -1.5744 -0.1303 -0.1303
33050 57.59 52.53 0.00 -1.5744 -0.1303 -0.1303
33075 57.52 52.32 0.00 -1.8658 -1.0234 -1.0234
33100 57.47 52.09 0.00 -0.7815 1.4184 1.4184
33125 57.40 51.81 0.00 -2.6532 2.2225 2.2225
33150 57.40 51.81 0.00 -2.6532 2.2225 2.2225
33175 57.22 51.63 0.00 -5.5814 1.1896 1.1896
33200 56.94 51.60 0.00 -7.5430 0.3792 0.3792
33225 56.94 51.60 0.00 -7.5430 0.3792 0.3792
33250 56.62 51.55 0.00 -8.3770 -0.4685 -0.4685
33275 56.27 51.48 0.00 -8.3573 -0.4004 -0.4004
33300 56.27 51.48 0.00 -8.3573 -0.4004 -0.4004
33325 55.96 51.34 0.00 -7.6412 -0.9134 -0.9134
33350 55.70 51.16 0.00 -6.2050 -2.1326 -2.1326
33375 55.45 50.94 0.00 -5.6923 -2.8423 -2.8423
33400 55.45 50.94 0.00 -5.6923 -2.8423 -2.8423
33425 55.24 50.75 0.00 -5.1063 -2.1519 -2.1519
33450 55.05 50.62 0.00 -4.5094 -0.9274 -0.9274
33475 54.89 50.54 0.00 -4.2499 -0.0968 -0.0968
33500 54.89 50.54 0.00 -4.2499 -0.0968 -0.0968
33525 54.73 50.43 0.00 -3.2228 -0.2669 -0.2669
33550 54.66 50.29 0.00 -1.2391 1.2698 1.2698
33575 54.66 50.29 0.00 -1.2391 1.2698 1.2698
33600 54.63 50.19 0.00 -1.1790 -0.5266 -0.5266
33625 54.59 50.06 0.00 -0.5679 -1.4542 -1.4542
33650 54.59 50.06 0.00 -0.5679 -1.4542 -1.4542
33675 54.58 49.96 0.00 0.0026 -1.4453 -1.4453
33700 54.58 49.87 0.00 -0.3304 -0.9311 -0.9311
33725 54.58 49.87 0.00 -0.3304 -0.9311 -0.9311
33750 54.54 49.78 0.00 -1.3133 1.2104 1.2104
33775 54.47 49.70 0.00 -2.3027 1.2714 1.2714
33800 54.47 49.70 0.00 -2.3027 1.2714 1.2714
33825 54.35 49.63 0.00 -2.9055 0.4048 0.4048
33850 54.24 49.56 0.00 -2.3646 0.0618 0.0618
33875 54.24 49.56 0.00 -2.3646 0.0618 0.0618
33900 54.16 49.50 0.00 -2.0982 0.1798 0.1798
33925 54.09 49.52 0.00 -1.5498 -0.1769 -0.1769
33950 53.98 49.52 0.00 -3.4147 -1.0645 -1.0645
33975 53.98 49.52 0.00 -3.4147 -1.0645 -1.0645
34000 53.81 49.57 0.00 -5.2228 -1.8137 -1.8137
34025 53.58 49.66 0.00 -6.2804 -2.6638 -2.6638
34050 53.28 49.77 0.00 -7.8635 -4.1407 -4.1407
34075 53.28 49.77 0.00 -7.8635 -4.1407 -4.1407
