%#        Time[ms]        X[pixel],        Y[pixel],        Z[pixel],  dX/dt[pixel/s],  dY/dt[pixel/s],  dZ/dt[pixel/s] 
0 50.00 50.00 0.00 4.2951 4.9395 4.9395
25 50.21 49.30 0.00 5.4287 2.9292 2.9292
50 50.44 48.77 0.00 5.7175 0.3393 0.3393
75 50.44 48.77 0.00 5.7175 0.3393 0.3393
100 50.59 48.46 0.00 2.4338 -5.4815 -5.4815
125 50.65 48.33 0.00 1.4876 -1.4153 -1.4153
150 50.65 48.33 0.00 1.4876 -1.4153 -1.4153
175 50.66 48.28 0.00 -0.8940 2.3600 2.3600
200 50.58 48.32 0.00 -2.7324 3.8912 3.8912
225 50.47 48.42 0.00 -2.3981 3.8683 3.8683
250 50.47 48.42 0.00 -2.3981 3.8683 3.8683
275 50.44 48.66 0.00 0.0422 2.0389 2.0389
300 50.52 49.04 0.00 3.3101 0.9837 0.9837
325 50.52 49.04 0.00 3.3101 0.9837 0.9837
350 50.68 49.49 0.00 4.1918 0.4966 0.4966
375 50.80 49.78 0.00 2.3307 -1.3153 -1.3153
400 50.80 49.78 0.00 2.3307 -1.3153 -1.3153
425 50.87 49.91 0.00 1.1595 -0.9478 -0.9478
450 50.93 49.89 0.00 1.4576 0.4611 0.4611
475 51.01 49.80 0.00 2.9616 1.3536 1.3536
500 51.01 49.80 0.00 2.9616 1.3536 1.3536
525 51.19 49.75 0.00 5.1226 1.7097 1.7097
550 51.40 49.73 0.00 8.0330 2.8146 2.8146
575 51.40 49.73 0.00 8.0330 2.8146 2.8146
600 51.76 49.73 0.00 8.8909 -0.7312 -0.7312
625 52.08 49.69 0.00 6.8638 -3.0084 -3.0084
650 52.08 49.69 0.00 6.8638 -3.0084 -3.0084
675 52.30 49.58 0.00 5.9113 0.2617 0.2617
700 52.57 49.42 0.00 6.2136 2.0915 2.0915
725 52.57 49.42 0.00 6.2136 2.0915 2.0915
750 52.83 49.20 0.00 7.9135 3.2638 3.2638
775 53.28 48.96 0.00 13.2440 5.1762 5.1762
800 53.28 48.96 0.00 13.2440 5.1762 5.1762
825 53.86 48.74 0.00 14.8908 2.2380 2.2380
850 54.45 48.64 0.00 14.2191 2.0651 2.0651
875 54.96 48.64 0.00 11.5122 3.1182 3.1182
900 54.96 48.64 0.00 11.5122 3.1182 3.1182
925 55.21 48.83 0.00 1.2271 -0.0971 -0.0971
950 54.96 49.22 0.00 -9.1642 -1.5656 -1.5656
975 54.96 49.22 0.00 -9.1642 -1.5656 -1.5656
1000 54.52 49.44 0.00 -11.8672 1.9369 1.9369
1025 54.10 49.42 0.00 -8.5323 3.1532 3.1532
1050 54.00 49.28 0.00 1.3223 4.0112 4.0112
1075 54.00 49.28 0.00 1.3223 4.0112 4.0112
1100 54.26 49.06 0.00 9.5218 3.0407 3.0407
1125 54.79 48.77 0.00 14.1529 3.3600 3.3600
1150 54.79 48.77 0.00 14.1529 3.3600 3.3600
1175 55.38 48.38 0.00 14.9479 4.4236 4.4236
1200 55.89 47.88 0.00 11.3187 3.0513 3.0513
1225 55.89 47.88 0.00 11.3187 3.0513 3.0513
1250 56.26 47.38 0.00 7.9869 4.6338 4.6338
1275 56.52 46.90 0.00 5.8887 3.2997 3.2997
1300 56.78 46.46 0.00 7.4562 2.5819 2.5819
1325 56.78 46.46 0.00 7.4562 2.5819 2.5819
1350 57.12 46.05 0.00 8.5086 0.9237 0.9237
1375 57.36 45.75 0.00 8.3521 -0.1131 -0.1131
1400 57.36 45.75 0.00 8.3521 -0.1131 -0.1131
1425 57.69 45.36 0.00 8.3368 -1.4461 -1.4461
1450 58.01 44.97 0.00 7.2796 -1.4535 -1.4535
1475 58.01 44.97 0.00 7.2796 -1.4535 -1.4535
1500 58.26 44.67 0.00 5.8676 -2.7448 -2.7448
1525 58.50 44.42 0.00 6.9975 -0.1827 -0.1827
1550 58.82 44.16 0.00 7.9603 0.8730 0.8730
1575 58.82 44.16 0.00 7.9603 0.8730 0.8730
1600 59.14 43.89 0.00 7.8572 0.7398 0.7398
1625 59.47 43.66 0.00 9.0499 1.1154 1.1154
1650 59.47 43.66 0.00 9.0499 1.1154 1.1154
1675 59.86 43.44 0.00 9.4919 0.4609 0.4609
1700 60.21 43.23 0.00 9.1964 0.7686 0.7686
1725 60.21 43.23 0.00 9.1964 0.7686 0.7686
1750 60.56 43.00 0.00 7.9035 1.4937 1.4937
1775 60.81 42.73 0.00 4.9315 1.0952 1.0952
1800 60.95 42.50 0.00 2.4147 2.4133 2.4133
1825 60.95 42.50 0.00 2.4147 2.4133 2.4133
1850 60.97 42.37 0.00 -1.0674 0.3888 0.3888
1875 60.86 42.45 0.00 -3.1508 -1.3164 -1.3164
1900 60.86 42.45 0.00 -3.1508 -1.3164 -1.3164
1925 60.70 42.60 0.00 -4.4645 -3.1170 -3.1170
1950 60.70 42.60 0.00 -4.4645 -3.1170 -3.1170
1975 60.53 42.83 0.00 -3.6033 -4.0754 -4.0754
2000 60.49 43.09 0.00 1.2384 -1.0544 -1.0544
2025 60.69 43.24 0.00 6.4183 0.8693 0.8693
2050 60.69 43.24 0.00 6.4183 0.8693 0.8693
2075 60.93 43.30 0.00 8.8361 2.1377 2.1377
2100 61.29 43.42 0.00 8.6653 2.6275 2.6275
2125 61.29 43.42 0.00 8.6653 2.6275 2.6275
2150 61.59 43.58 0.00 6.9069 1.9966 1.9966
2175 61.84 43.78 0.00 5.6562 1.7983 1.7983
2200 62.07 43.96 0.00 6.1202 1.4033 1.4033
2225 62.07 43.96 0.00 6.1202 1.4033 1.4033
2250 62.35 44.12 0.00 7.7335 1.5168 1.5168
2275 62.67 44.20 0.00 8.0644 2.2274 2.2274
2300 62.99 44.16 0.00 7.3830 0.0810 0.0810
2325 62.99 44.16 0.00 7.3830 0.0810 0.0810
2350 63.27 43.89 0.00 6.9446 1.5451 1.5451
2375 63.48 43.53 0.00 4.4823 0.2830 0.2830
2400 63.48 43.53 0.00 4.4823 0.2830 0.2830
2425 63.61 43.20 0.00 2.3417 0.0373 0.0373
2450 63.68 42.94 0.00 1.2153 0.1062 0.1062
2475 63.70 42.77 0.00 0.3583 -0.5242 -0.5242
2500 63.70 42.77 0.00 0.3583 -0.5242 -0.5242
2525 63.77 42.79 0.00 3.2728 2.4937 2.4937
2550 64.02 42.89 0.00 8.1454 2.9957 2.9957
2575 64.02 42.89 0.00 8.1454 2.9957 2.9957
2600 64.41 42.93 0.00 10.6602 2.0487 2.0487
2625 64.82 42.88 0.00 9.5296 2.2124 2.2124
2650 64.82 42.88 0.00 9.5296 2.2124 2.2124
2675 65.14 42.70 0.00 6.9587 2.6829 2.6829
2700 65.36 42.45 0.00 4.6138 2.9584 2.9584
2725 65.36 42.45 0.00 4.6138 2.9584 2.9584
2750 65.48 42.25 0.00 3.8922 3.0054 3.0054
2775 65.64 42.02 0.00 4.5452 2.3404 2.3404
2800 65.89 41.84 0.00 6.8876 2.9216 2.9216
2825 65.89 41.84 0.00 6.8876 2.9216 2.9216
2850 66.21 41.62 0.00 9.2359 1.0135 1.0135
2875 66.73 41.31 0.00 16.3047 3.5086 3.5086
2900 66.73 41.31 0.00 16.3047 3.5086 3.5086
2925 67.51 41.05 0.00 20.0955 6.3740 6.3740
2950 68.32 40.86 0.00 20.7123 6.9382 6.9382
2975 69.09 40.61 0.00 18.5205 3.4764 3.4764
3000 69.09 40.61 0.00 18.5205 3.4764 3.4764
3025 69.76 40.27 0.00 15.4440 -0.8983 -0.8983
3050 70.35 39.89 0.00 14.0660 -1.8270 -1.8270
3075 70.35 39.89 0.00 14.0660 -1.8270 -1.8270
3100 70.89 39.53 0.00 13.4611 -0.8461 -0.8461
3125 71.42 39.27 0.00 12.7726 0.7841 0.7841
3150 71.42 39.27 0.00 12.7726 0.7841 0.7841
3175 71.86 39.18 0.00 10.0430 1.7086 1.7086
3200 72.19 39.28 0.00 6.4074 1.4961 1.4961
3225 72.19 39.28 0.00 6.4074 1.4961 1.4961
3250 72.35 39.37 0.00 2.9495 0.9898 0.9898
3275 72.39 39.34 0.00 -0.3262 1.9398 1.9398
3300 72.39 39.34 0.00 -0.3262 1.9398 1.9398
3325 72.33 39.17 0.00 -2.0820 1.4781 1.4781
3350 72.22 38.99 0.00 -3.1728 -0.9592 -0.9592
3375 72.13 38.78 0.00 -1.3969 -0.2614 -0.2614
3400 72.13 38.78 0.00 -1.3969 -0.2614 -0.2614
3425 72.11 38.70 0.00 0.0476 -0.8292 -0.8292
3450 72.13 38.74 0.00 0.5223 -1.6481 -1.6481
3475 72.11 38.88 0.00 -0.9518 -2.3320 -2.3320
3500 72.11 38.88 0.00 -0.9518 -2.3320 -2.3320
3525 72.02 39.00 0.00 -3.0143 -2.1868 -2.1868
3550 71.88 39.07 0.00 -4.1978 -1.4019 -1.4019
3575 71.88 39.07 0.00 -4.1978 -1.4019 -1.4019
3600 71.71 39.06 0.00 -4.0443 -0.0247 -0.0247
3625 71.71 39.06 0.00 -4.0443 -0.0247 -0.0247
3650 71.57 39.01 0.00 -3.6325 -0.9407 -0.9407
3675 71.46 38.96 0.00 -2.1140 -1.2911 -1.2911
3700 71.38 38.90 0.00 -2.0148 -2.2771 -2.2771
3725 71.38 38.90 0.00 -2.0148 -2.2771 -2.2771
3750 71.31 38.91 0.00 -1.6538 -1.8417 -1.8417
3775 71.24 38.97 0.00 -1.9366 -1.4039 -1.4039
3800 71.16 39.05 0.00 -1.6937 -1.1493 -1.1493
3825 71.16 39.05 0.00 -1.6937 -1.1493 -1.1493
3850 71.11 39.11 0.00 -0.8569 -1.1833 -1.1833
3875 71.07 39.17 0.00 -1.2619 -3.2544 -3.2544
3900 71.07 39.17 0.00 -1.2619 -3.2544 -3.2544
3925 71.06 39.17 0.00 0.0230 0.3570 0.3570
3950 71.04 39.18 0.00 -0.6364 0.0204 0.0204
3975 71.04 39.14 0.00 -0.0572 -0.0472 -0.0472
4000 71.04 39.14 0.00 -0.0572 -0.0472 -0.0472
4025 71.02 39.14 0.00 -0.4259 -1.3121 -1.3121
4050 70.98 39.12 0.00 -1.1381 -0.6684 -0.6684
4075 70.98 39.12 0.00 -1.1381 -0.6684 -0.6684
4100 70.91 39.14 0.00 -2.3750 0.1716 0.1716
4125 70.85 39.17 0.00 -0.4083 0.7707 0.7707
4150 70.87 39.11 0.00 0.8413 -0.2497 -0.2497
4175 70.87 39.11 0.00 0.8413 -0.2497 -0.2497
4200 70.89 38.99 0.00 -0.3075 -1.1234 -1.1234
4225 70.89 38.99 0.00 -0.3075 -1.1234 -1.1234
4250 70.82 38.78 0.00 -2.4186 -1.6950 -1.6950
4275 70.69 38.40 0.00 -3.6172 -2.2431 -2.2431
4300 70.55 37.93 0.00 -2.8316 -1.1755 -1.1755
4325 70.55 37.93 0.00 -2.8316 -1.1755 -1.1755
4350 70.45 37.49 0.00 -2.3286 -1.0787 -1.0787
4375 70.36 37.08 0.00 -2.3207 -0.4135 -0.4135
4400 70.36 37.08 0.00 -2.3207 -0.4135 -0.4135
4425 70.24 36.74 0.00 -4.0106 -2.0917 -2.0917
4450 70.11 36.53 0.00 -4.0280 0.4731 0.4731
4475 70.11 36.53 0.00 -4.0280 0.4731 0.4731
4500 69.91 36.35 0.00 -5.7302 -0.2029 -0.2029
4525 69.67 36.26 0.00 -6.3159 -1.5977 -1.5977
4550 69.67 36.26 0.00 -6.3159 -1.5977 -1.5977
4575 69.42 36.28 0.00 -6.2121 -3.4365 -3.4365
4600 69.42 36.28 0.00 -6.2121 -3.4365 -3.4365
4625 69.00 36.25 0.00 -5.0077 -2.4846 -2.4846
4650 68.79 36.16 0.00 -5.3747 -1.4269 -1.4269
4675 68.79 36.16 0.00 -5.3747 -1.4269 -1.4269
4700 68.52 36.08 0.00 -7.7555 -3.2300 -3.2300
4725 68.16 36.02 0.00 -10.0917 -4.7511 -4.7511
4750 68.16 36.02 0.00 -10.0917 -4.7511 -4.7511
4775 67.69 36.01 0.00 -12.3578 -6.0128 -6.0128
4800 67.18 36.04 0.00 -11.9074 -5.2128 -5.2128
4825 66.81 36.08 0.00 -8.3150 -3.5119 -3.5119
4850 66.81 36.08 0.00 -8.3150 -3.5119 -3.5119
4875 66.57 36.07 0.00 -4.0338 -2.4832 -2.4832
4900 66.57 36.07 0.00 -4.0338 -2.4832 -2.4832
4925 66.50 36.01 0.00 -0.1499 -2.0037 -2.0037
4950 66.55 35.91 0.00 1.8244 -1.7936 -1.7936
4975 66.55 35.91 0.00 1.8244 -1.7936 -1.7936
5000 66.66 35.73 0.00 3.5314 0.9283 0.9283
5025 66.79 35.59 0.00 2.4265 1.2834 1.2834
5050 66.84 35.53 0.00 0.7817 0.3535 0.3535
5075 66.84 35.53 0.00 0.7817 0.3535 0.3535
5100 66.82 35.51 0.00 -0.6588 -0.5113 -0.5113
5125 66.79 35.49 0.00 -0.6100 -1.4646 -1.4646
5150 66.82 35.53 0.00 1.8281 -1.2459 -1.2459
5175 66.82 35.53 0.00 1.8281 -1.2459 -1.2459
5200 66.99 35.52 0.00 4.9897 2.0954 2.0954
5225 67.17 35.47 0.00 4.1717 1.2854 1.2854
5250 67.17 35.47 0.00 4.1717 1.2854 1.2854
5275 67.29 35.40 0.00 2.5036 1.1952 1.1952
5300 67.31 35.27 0.00 -0.4135 0.6823 0.6823
5325 67.31 35.27 0.00 -0.4135 0.6823 0.6823
5350 67.27 35.13 0.00 -1.3461 0.2261 0.2261
5375 67.22 35.17 0.00 -1.5439 -0.0544 -0.0544
5400 67.22 35.17 0.00 -1.5439 -0.0544 -0.0544
5425 67.17 35.33 0.00 -1.0912 -0.0408 -0.0408
5450 67.15 35.41 0.00 -0.3591 -1.0198 -1.0198
5475 67.15 35.35 0.00 0.5968 -0.9449 -0.9449
5500 67.15 35.35 0.00 0.5968 -0.9449 -0.9449
5525 67.15 35.24 0.00 -0.6342 -3.2973 -3.2973
5550 67.15 35.08 0.00 0.3020 0.0091 0.0091
5575 67.15 35.08 0.00 0.3020 0.0091 0.0091
5600 67.11 35.00 0.00 -1.6962 -0.6227 -0.6227
5625 67.02 35.03 0.00 -2.6872 -0.3331 -0.3331
5650 67.02 35.03 0.00 -2.6872 -0.3331 -0.3331
5675 66.90 35.11 0.00 -3.7126 -2.0733 -2.0733
5700 66.75 35.14 0.00 -2.8090 -1.8226 -1.8226
5725 66.66 35.15 0.00 -2.6584 -0.8414 -0.8414
5750 66.66 35.15 0.00 -2.6584 -0.8414 -0.8414
5775 66.54 35.15 0.00 -3.2182 -1.1712 -1.1712
5800 66.43 35.12 0.00 -1.6976 -1.3519 -1.3519
5825 66.43 35.12 0.00 -1.6976 -1.3519 -1.3519
5850 66.41 35.08 0.00 0.0473 -1.7825 -1.7825
5875 66.45 35.06 0.00 1.3656 -1.4021 -1.4021
5900 66.45 35.06 0.00 1.3656 -1.4021 -1.4021
5925 66.57 35.07 0.00 4.4141 -0.6348 -0.6348
5950 66.75 35.18 0.00 4.2609 -0.9329 -0.9329
5975 66.86 35.31 0.00 3.2720 0.0280 0.0280
6000 66.86 35.31 0.00 3.2720 0.0280 0.0280
6025 66.95 35.38 0.00 1.7183 0.3733 0.3733
6050 67.02 35.30 0.00 1.4329 -0.0523 -0.0523
6075 67.02 35.30 0.00 1.4329 -0.0523 -0.0523
6100 67.04 35.16 0.00 -0.3540 -1.9215 -1.9215
6125 67.02 34.97 0.00 0.3057 0.5888 0.5888
6150 67.04 34.81 0.00 0.0715 1.4638 1.4638
6175 67.04 34.81 0.00 0.0715 1.4638 1.4638
6200 67.06 34.85 0.00 1.2070 1.0770 1.0770
6225 67.11 34.96 0.00 0.4389 -0.1017 -0.1017
6250 67.11 34.96 0.00 0.4389 -0.1017 -0.1017
6275 67.09 35.00 0.00 -0.7334 -0.6760 -0.6760
6300 67.02 34.95 0.00 -2.3973 -0.6870 -0.6870
6325 66.93 34.86 0.00 -2.0205 1.7047 1.7047
6350 66.93 34.86 0.00 -2.0205 1.7047 1.7047
6375 66.86 34.74 0.00 -2.1297 0.2424 0.2424
6400 66.86 34.74 0.00 -2.1297 0.2424 0.2424
6425 66.77 34.65 0.00 -1.8852 -0.7531 -0.7531
6450 66.70 34.55 0.00 -1.4775 -1.7655 -1.7655
6475 66.66 34.52 0.00 -0.7609 -0.6748 -0.6748
6500 66.66 34.52 0.00 -0.7609 -0.6748 -0.6748
6525 66.64 34.52 0.00 -0.5403 0.5333 0.5333
6550 66.63 34.56 0.00 -0.2324 0.4447 0.4447
6575 66.63 34.56 0.00 -0.2324 0.4447 0.4447
6600 66.61 34.58 0.00 -0.9746 -1.3010 -1.3010
6625 66.54 34.54 0.00 -2.1149 -2.0761 -2.0761
6650 66.54 34.54 0.00 -2.1149 -2.0761 -2.0761
6675 66.47 34.45 0.00 -1.3309 -0.2644 -0.2644
6700 66.41 34.37 0.00 -1.8735 -1.3298 -1.3298
6725 66.38 34.20 0.00 -0.1937 1.1440 1.1440
6750 66.38 34.20 0.00 -0.1937 1.1440 1.1440
6775 66.38 34.06 0.00 -0.2306 0.4896 0.4896
6800 66.38 34.00 0.00 0.4550 0.1609 0.1609
6825 66.38 34.00 0.00 0.4550 0.1609 0.1609
6850 66.38 34.02 0.00 -0.5792 -1.1457 -1.1457
6875 66.32 33.98 0.00 -1.8687 -0.8184 -0.8184
6900 66.21 33.91 0.00 -3.1932 -0.5109 -0.5109
6925 66.21 33.91 0.00 -3.1932 -0.5109 -0.5109
6950 66.11 33.76 0.00 -2.0619 0.9904 0.9904
6975 66.07 33.58 0.00 -0.1293 0.4161 0.4161
7000 66.07 33.58 0.00 -0.1293 0.4161 0.4161
7025 66.09 33.44 0.00 0.7900 -0.1652 -0.1652
7050 66.11 33.44 0.00 0.1800 -0.5751 -0.5751
7075 66.11 33.58 0.00 -0.2605 -0.1127 -0.1127
7100 66.11 33.58 0.00 -0.2605 -0.1127 -0.1127
7125 66.09 33.80 0.00 -0.8218 0.3095 0.3095
7150 66.09 33.80 0.00 -0.8218 0.3095 0.3095
7175 66.02 34.00 0.00 -2.1846 -0.6000 -0.6000
7200 65.89 34.12 0.00 -4.2121 -1.9322 -1.9322
7225 65.66 34.16 0.00 -6.2230 -3.0128 -3.0128
7250 65.66 34.16 0.00 -6.2230 -3.0128 -3.0128
7275 65.41 34.11 0.00 -6.8414 -3.9845 -3.9845
7300 65.12 34.05 0.00 -6.9671 -4.0249 -4.0249
7325 65.12 34.05 0.00 -6.9671 -4.0249 -4.0249
7350 64.86 34.00 0.00 -5.8910 -2.8646 -2.8646
7375 64.70 34.01 0.00 -3.6700 -1.5421 -1.5421
7400 64.57 34.03 0.00 -2.0774 -1.5579 -1.5579
7425 64.57 34.03 0.00 -2.0774 -1.5579 -1.5579
7450 64.53 34.00 0.00 -0.9840 -1.3797 -1.3797
7475 64.46 33.90 0.00 -1.9100 -1.4204 -1.4204
7500 64.46 33.90 0.00 -1.9100 -1.4204 -1.4204
7525 64.37 33.71 0.00 -2.7277 -0.5989 -0.5989
7550 64.27 33.50 0.00 -2.5760 1.4371 1.4371
7575 64.27 33.50 0.00 -2.5760 1.4371 1.4371
7600 64.18 33.34 0.00 -2.8403 0.9044 0.9044
7625 64.11 33.19 0.00 -0.8338 0.3070 0.3070
7650 64.11 33.19 0.00 -0.8338 0.3070 0.3070
7675 64.20 33.11 0.00 3.8270 0.5585 0.5585
7700 64.34 33.14 0.00 3.2285 -0.8723 -0.8723
7725 64.43 33.19 0.00 2.0183 1.0397 1.0397
7750 64.43 33.19 0.00 2.0183 1.0397 1.0397
7775 64.48 33.21 0.00 0.6050 1.3547 1.3547
7800 64.50 33.15 0.00 0.3965 0.6690 0.6690
7825 64.50 33.15 0.00 0.3965 0.6690 0.6690
7850 64.50 33.01 0.00 0.1484 -0.5840 -0.5840
7875 64.48 32.87 0.00 -0.7707 -1.5688 -1.5688
7900 64.48 32.87 0.00 -0.7707 -1.5688 -1.5688
7925 64.43 32.80 0.00 -1.4346 -0.5517 -0.5517
7950 64.36 32.76 0.00 -2.1504 0.6326 0.6326
7975 64.27 32.73 0.00 -1.5002 -0.4938 -0.4938
8000 64.27 32.73 0.00 -1.5002 -0.4938 -0.4938
8025 64.25 32.71 0.00 -0.2144 0.8482 0.8482
8050 64.23 32.75 0.00 -1.1167 -0.6516 -0.6516
8075 64.23 32.75 0.00 -1.1167 -0.6516 -0.6516
8100 64.23 32.75 0.00 -1.1167 -0.6516 -0.6516
8125 64.00 32.86 0.00 -4.1574 -2.8378 -2.8378
8150 64.00 32.86 0.00 -4.1574 -2.8378 -2.8378
8175 63.84 32.79 0.00 -4.0849 -2.4439 -2.4439
8200 63.72 32.63 0.00 -2.3303 -0.0122 -0.0122
8225 63.63 32.44 0.00 -2.0501 -0.7169 -0.7169
8250 63.63 32.44 0.00 -2.0501 -0.7169 -0.7169
8275 63.57 32.28 0.00 -1.2290 -0.7521 -0.7521
8300 63.57 32.28 0.00 -1.2290 -0.7521 -0.7521
8325 63.54 32.22 0.00 -0.6205 -0.8462 -0.8462
8350 63.52 32.23 0.00 -0.6945 -0.6507 -0.6507
8375 63.50 32.25 0.00 -0.4877 -0.0829 -0.0829
8400 63.50 32.25 0.00 -0.4877 -0.0829 -0.0829
8425 63.50 32.27 0.00 0.2202 -0.1180 -0.1180
8450 63.50 32.29 0.00 -0.1047 -1.1988 -1.1988
8475 63.48 32.33 0.00 -0.7636 -1.6187 -1.6187
8500 63.48 32.33 0.00 -0.7636 -1.6187 -1.6187
8525 63.43 32.37 0.00 -1.1919 -1.1495 -1.1495
8550 63.40 32.43 0.00 -0.2601 0.1460 0.1460
8575 63.43 32.47 0.00 1.0668 1.0667 1.0667
8600 63.43 32.47 0.00 1.0668 1.0667 1.0667
8625 63.45 32.47 0.00 0.5946 -1.2947 -1.2947
8650 63.50 32.47 0.00 1.5028 0.8056 0.8056
8675 63.50 32.47 0.00 1.5028 0.8056 0.8056
8700 63.52 32.46 0.00 -0.3608 -0.6071 -0.6071
8725 63.48 32.47 0.00 -1.0582 -0.4096 -0.4096
8750 63.48 32.47 0.00 -1.0582 -0.4096 -0.4096
8775 63.40 32.41 0.00 -2.5179 -2.1469 -2.1469
8800 63.33 32.26 0.00 -1.4534 -2.2739 -2.2739
8825 63.33 32.26 0.00 -1.4534 -2.2739 -2.2739
8850 63.29 32.04 0.00 -0.8884 -2.0644 -2.0644
8875 63.25 31.76 0.00 -1.2324 0.2772 0.2772
8900 63.25 31.76 0.00 -1.2324 0.2772 0.2772
8925 63.13 31.59 0.00 -3.9137 -0.7068 -0.7068
8950 62.92 31.50 0.00 -5.7203 -1.2146 -1.2146
8975 62.92 31.50 0.00 -5.7203 -1.2146 -1.2146
9000 62.72 31.51 0.00 -4.3891 -1.0708 -1.0708
9025 62.60 31.55 0.00 -2.0292 0.0547 0.0547
9050 62.56 31.53 0.00 -0.5707 0.4464 0.4464
9075 62.56 31.53 0.00 -0.5707 0.4464 0.4464
9100 62.53 31.50 0.00 -1.8199 -1.0710 -1.0710
9125 62.42 31.50 0.00 -2.5246 -0.9228 -0.9228
9150 62.33 31.48 0.00 -2.6186 -1.8124 -1.8124
9175 62.33 31.48 0.00 -2.6186 -1.8124 -1.8124
9200 62.24 31.45 0.00 -1.2872 -0.9784 -0.9784
9225 62.24 31.43 0.00 0.2294 0.3278 0.3278
9250 62.24 31.43 0.00 0.2294 0.3278 0.3278
9275 62.26 31.43 0.00 0.2365 0.2713 0.2713
9300 62.24 31.43 0.00 -0.3796 -0.0731 -0.0731
9325 62.24 31.43 0.00 -0.3796 -0.0731 -0.0731
9350 62.24 31.49 0.00 0.4992 1.9189 1.9189
9375 62.26 31.59 0.00 0.7090 0.8420 0.8420
9400 62.31 31.72 0.00 1.2052 -0.2262 -0.2262
9425 62.31 31.72 0.00 1.2052 -0.2262 -0.2262
9450 62.37 31.88 0.00 1.3777 -2.0753 -2.0753
9475 62.42 31.92 0.00 1.2103 -1.1757 -1.1757
9500 62.42 31.92 0.00 1.2103 -1.1757 -1.1757
9525 62.44 31.86 0.00 0.2997 1.1062 1.1062
9550 62.42 31.80 0.00 -0.7748 1.8987 1.8987
9575 62.42 31.80 0.00 -0.7748 1.8987 1.8987
9600 62.38 31.80 0.00 -0.8818 0.6977 0.6977
9625 62.35 31.86 0.00 -0.5217 -0.8682 -0.8682
9650 62.37 31.94 0.00 0.7489 -0.1404 -0.1404
9675 62.37 31.94 0.00 0.7489 -0.1404 -0.1404
9700 62.42 32.00 0.00 1.4478 1.0840 1.0840
9725 62.42 32.00 0.00 1.4478 1.0840 1.0840
9750 62.47 31.96 0.00 1.3551 1.1061 1.1061
9775 62.53 31.89 0.00 1.6364 0.4305 0.4305
9800 62.60 31.75 0.00 2.2581 -0.4526 -0.4526
9825 62.60 31.75 0.00 2.2581 -0.4526 -0.4526
9850 62.72 31.57 0.00 3.5076 0.5969 0.5969
9875 62.85 31.42 0.00 2.3232 0.9214 0.9214
9900 62.85 31.42 0.00 2.3232 0.9214 0.9214
9925 62.88 31.32 0.00 0.0516 0.4884 0.4884
9950 62.81 31.20 0.00 -2.7128 0.2956 0.2956
9975 62.81 31.20 0.00 -2.7128 0.2956 0.2956
10000 62.60 31.11 0.00 -6.0347 -3.7783 -3.7783
10025 62.40 31.10 0.00 -4.0675 -0.8413 -0.8413
10050 62.26 31.17 0.00 -3.1847 -2.3480 -2.3480
10075 62.26 31.17 0.00 -3.1847 -2.3480 -2.3480
10100 62.21 31.29 0.00 0.1973 -1.0856 -1.0856
10125 62.23 31.39 0.00 0.1155 -2.1784 -2.1784
10150 62.23 31.39 0.00 0.1155 -2.1784 -2.1784
10175 62.19 31.39 0.00 -1.4856 -1.6850 -1.6850
10200 62.10 31.33 0.00 -2.3641 -1.4449 -1.4449
10225 62.03 31.26 0.00 -1.1946 -0.2674 -0.2674
10250 62.03 31.26 0.00 -1.1946 -0.2674 -0.2674
10275 61.98 31.20 0.00 -1.0666 -2.4087 -2.4087
10300 61.96 31.14 0.00 -0.1777 -0.7887 -0.7887
10325 61.96 31.14 0.00 -0.1777 -0.7887 -0.7887
10350 61.96 31.18 0.00 -0.3541 -0.5032 -0.5032
10375 61.94 31.30 0.00 -0.6812 -0.0097 -0.0097
10400 61.89 31.44 0.00 -1.5948 -1.0316 -1.0316
10425 61.89 31.44 0.00 -1.5948 -1.0316 -1.0316
10450 61.80 31.55 0.00 -2.3568 -1.3463 -1.3463
10475 61.80 31.55 0.00 -2.3568 -1.3463 -1.3463
10500 61.69 31.55 0.00 -3.3349 0.4405 0.4405
10525 61.54 31.54 0.00 -3.8427 0.7755 0.7755
10550 61.41 31.54 0.00 -3.1226 -0.2093 -0.2093
10575 61.41 31.54 0.00 -3.1226 -0.2093 -0.2093
10600 61.32 31.53 0.00 -1.0486 -0.0501 -0.0501
10625 61.29 31.47 0.00 -1.0885 -2.5827 -2.5827
10650 61.29 31.47 0.00 -1.0885 -2.5827 -2.5827
10675 61.31 31.37 0.00 1.1762 0.6879 0.6879
10700 61.36 31.33 0.00 1.3013 0.2825 0.2825
10725 61.39 31.35 0.00 1.2848 0.3405 0.3405
10750 61.39 31.35 0.00 1.2848 0.3405 0.3405
10775 61.41 31.38 0.00 -0.2769 -0.1680 -0.1680
10800 61.41 31.38 0.00 -0.2769 -0.1680 -0.1680
10825 61.36 31.43 0.00 -1.8034 -2.1994 -2.1994
10850 61.29 31.41 0.00 -1.7837 -2.5495 -2.5495
10875 61.27 31.37 0.00 0.2119 -0.6222 -0.6222
10900 61.27 31.37 0.00 0.2119 -0.6222 -0.6222
10925 61.29 31.31 0.00 0.7876 -0.4236 -0.4236
10950 61.34 31.23 0.00 1.8500 0.1541 0.1541
10975 61.34 31.23 0.00 1.8500 0.1541 0.1541
11000 61.41 31.18 0.00 1.5842 0.0199 0.0199
11025 61.43 31.14 0.00 -0.3904 0.3593 0.3593
11050 61.36 31.11 0.00 -2.7052 -0.1084 -0.1084
11075 61.36 31.11 0.00 -2.7052 -0.1084 -0.1084
11100 61.22 31.05 0.00 -4.2046 -1.3767 -1.3767
11125 61.02 31.02 0.00 -4.6725 -3.3778 -3.3778
11150 61.02 31.02 0.00 -4.6725 -3.3778 -3.3778
11175 60.88 30.99 0.00 -2.6191 -3.0677 -3.0677
11200 60.85 30.95 0.00 -0.2167 -1.8335 -1.8335
11225 60.85 30.95 0.00 -0.2167 -1.8335 -1.8335
11250 60.85 30.85 0.00 -0.0592 -1.3562 -1.3562
11275 60.85 30.69 0.00 0.4680 0.5918 0.5918
11300 60.86 30.57 0.00 0.0528 0.6568 0.6568
11325 60.86 30.57 0.00 0.0528 0.6568 0.6568
11350 60.83 30.53 0.00 -1.0725 -0.6739 -0.6739
11375 60.83 30.53 0.00 -1.0725 -0.6739 -0.6739
11400 60.78 30.57 0.00 -1.9074 -1.7026 -1.7026
11425 60.69 30.61 0.00 -2.1649 -2.6317 -2.6317
11450 60.60 30.62 0.00 -1.8096 -2.8036 -2.8036
11475 60.60 30.62 0.00 -1.8096 -2.8036 -2.8036
11500 60.56 30.56 0.00 -0.5245 -1.0740 -1.0740
11525 60.56 30.48 0.00 -0.0517 -0.3769 -0.3769
11550 60.56 30.48 0.00 -0.0517 -0.3769 -0.3769
11575 60.55 30.38 0.00 -0.2047 -0.0344 -0.0344
11600 60.55 30.32 0.00 -0.2861 2.4092 2.4092
11625 60.49 30.30 0.00 -1.7804 2.0252 2.0252
11650 60.49 30.30 0.00 -1.7804 2.0252 2.0252
11675 60.42 30.28 0.00 -1.9737 1.2839 1.2839
11700 60.37 30.31 0.00 -0.8773 0.0049 0.0049
11725 60.37 30.31 0.00 -0.8773 0.0049 0.0049
11750 60.35 30.31 0.00 -0.1173 -1.7593 -1.7593
11775 60.35 30.25 0.00 0.4751 -2.3317 -2.3317
11800 60.37 30.14 0.00 0.2279 -1.4113 -1.4113
11825 60.37 30.14 0.00 0.2279 -1.4113 -1.4113
11850 60.37 30.04 0.00 -0.6076 0.3046 0.3046
11875 60.32 29.93 0.00 -0.9955 0.8890 0.8890
11900 60.32 29.93 0.00 -0.9955 0.8890 0.8890
11925 60.30 29.85 0.00 -0.5129 1.9828 1.9828
11950 60.28 29.79 0.00 -0.2349 -0.5535 -0.5535
11975 60.28 29.79 0.00 0.0862 -1.4022 -1.4022
12000 60.28 29.79 0.00 0.0862 -1.4022 -1.4022
12025 60.26 29.81 0.00 -0.6152 -1.6546 -1.6546
12050 60.23 29.81 0.00 -1.5978 -0.2595 -0.2595
12075 60.23 29.81 0.00 -1.5978 -0.2595 -0.2595
12100 60.16 29.79 0.00 -1.2285 2.5505 2.5505
12125 60.12 29.73 0.00 -1.2926 2.1459 2.1459
12150 60.12 29.73 0.00 -1.2926 2.1459 2.1459
12175 60.07 29.67 0.00 -1.1666 0.8357 0.8357
12200 60.03 29.63 0.00 -0.3836 -0.3123 -0.3123
12225 60.03 29.63 0.00 -0.3836 -0.3123 -0.3123
12250 60.03 29.61 0.00 0.1223 -0.0660 -0.0660
12275 60.03 29.63 0.00 0.1005 0.8615 0.8615
12300 60.02 29.70 0.00 -0.4710 1.4296 1.4296
12325 60.02 29.70 0.00 -0.4710 1.4296 1.4296
12350 60.00 29.78 0.00 -0.8523 -0.0072 -0.0072
12375 59.98 29.82 0.00 -0.0261 -1.0354 -1.0354
12400 59.98 29.82 0.00 -0.0261 -1.0354 -1.0354
12425 59.98 29.84 0.00 0.3663 -2.4072 -2.4072
12450 59.98 29.84 0.00 0.3663 -2.4072 -2.4072
12475 60.00 29.80 0.00 -0.0056 -2.7341 -2.7341
12500 60.00 29.74 0.00 0.8306 -0.6759 -0.6759
12525 60.03 29.69 0.00 0.4287 0.7090 0.7090
12550 60.03 29.69 0.00 -0.4189 -0.4717 -0.4717
12575 60.03 29.69 0.00 -0.4189 -0.4717 -0.4717
12600 59.98 29.80 0.00 -1.3688 -2.1646 -2.1646
12625 59.91 29.96 0.00 -1.7831 -3.2031 -3.2031
12650 59.91 29.96 0.00 -1.7831 -3.2031 -3.2031
12675 59.86 30.08 0.00 -1.3166 -2.1614 -2.1614
12700 59.86 30.12 0.00 0.5805 1.2619 1.2619
12725 59.89 30.10 0.00 1.5564 0.9246 0.9246
12750 59.89 30.10 0.00 1.5564 0.9246 0.9246
12775 59.98 30.04 0.00 1.9587 0.8261 0.8261
12800 60.02 29.96 0.00 0.5980 0.1355 0.1355
12825 60.02 29.96 0.00 0.5980 0.1355 0.1355
12850 60.00 29.92 0.00 -1.1010 0.2013 0.2013
12875 59.93 29.92 0.00 -1.9023 -0.0924 -0.0924
12900 59.93 29.92 0.00 -1.9023 -0.0924 -0.0924
12925 59.84 29.98 0.00 -2.1178 -0.9337 -0.9337
12950 59.77 30.01 0.00 -1.9308 -2.7373 -2.7373
12975 59.77 30.01 0.00 -1.9308 -2.7373 -2.7373
13000 59.70 29.99 0.00 -1.6428 -2.5449 -2.5449
13025 59.65 29.91 0.00 -1.0474 -1.2672 -1.2672
13050 59.65 29.91 0.00 -1.0474 -1.2672 -1.2672
13075 59.61 29.85 0.00 -1.4474 -1.5580 -1.5580
13100 59.54 29.69 0.00 -1.2119 -0.9633 -0.9633
13125 59.49 29.57 0.00 -2.0162 -1.2638 -1.2638
13150 59.49 29.57 0.00 -2.0162 -1.2638 -1.2638
13175 59.38 29.56 0.00 -2.5321 -1.6182 -1.6182
13200 59.28 29.60 0.00 -3.2376 -1.5725 -1.5725
13225 59.28 29.60 0.00 -3.2376 -1.5725 -1.5725
13250 59.12 29.65 0.00 -4.4969 -1.8841 -1.8841
13275 58.92 29.65 0.00 -5.0256 -1.8197 -1.8197
13300 58.77 29.58 0.00 -2.8866 0.2758 0.2758
13325 58.77 29.58 0.00 -2.8866 0.2758 0.2758
13350 58.68 29.44 0.00 -1.6681 -0.7084 -0.7084
13375 58.68 29.44 0.00 -1.6681 -0.7084 -0.7084
13400 58.64 29.28 0.00 -0.3343 -0.0421 -0.0421
13425 58.64 29.16 0.00 -0.0872 0.2908 0.2908
13450 58.64 29.08 0.00 -0.2956 0.5831 0.5831
13475 58.64 29.08 0.00 -0.2956 0.5831 0.5831
13500 58.63 29.02 0.00 -0.5609 0.5207 0.5207
13525 58.63 29.02 0.00 -0.5609 0.5207 0.5207
13550 58.59 28.96 0.00 -0.9276 -0.6234 -0.6234
13575 58.54 28.92 0.00 -0.9595 -1.4929 -1.4929
13600 58.52 28.88 0.00 -0.3423 -1.1068 -1.1068
13625 58.52 28.88 0.00 -0.3423 -1.1068 -1.1068
13650 58.54 28.86 0.00 0.5482 -0.2677 -0.2677
13675 58.54 28.80 0.00 0.8033 -0.4946 -0.4946
13700 58.54 28.80 0.00 0.8033 -0.4946 -0.4946
13725 58.61 28.68 0.00 1.1712 1.5051 1.5051
13750 58.59 28.62 0.00 -0.9239 0.2335 0.2335
13775 58.52 28.60 0.00 -2.4580 0.1652 0.1652
13800 58.52 28.60 0.00 -2.4580 0.1652 0.1652
13825 58.38 28.56 0.00 -3.6588 -1.3831 -1.3831
13850 58.24 28.51 0.00 -3.5244 -1.7042 -1.7042
13875 58.15 28.43 0.00 -3.0035 -1.5021 -1.5021
13900 58.15 28.43 0.00 -3.0035 -1.5021 -1.5021
13925 58.05 28.27 0.00 -2.0284 -0.7454 -0.7454
13950 57.98 28.07 0.00 -1.7575 -1.4955 -1.4955
13975 57.98 28.07 0.00 -1.7575 -1.4955 -1.4955
14000 57.92 27.88 0.00 -0.9919 -0.7140 -0.7140
14025 57.89 27.72 0.00 -0.8426 -0.0730 -0.0730
14050 57.84 27.62 0.00 -1.6391 0.2190 0.2190
14075 57.84 27.62 0.00 -1.6391 0.2190 0.2190
14100 57.75 27.56 0.00 -2.5995 -0.3737 -0.3737
14125 57.75 27.56 0.00 -2.5995 -0.3737 -0.3737
14150 57.59 27.53 0.00 -4.7374 -2.2257 -2.2257
14175 57.36 27.49 0.00 -6.1079 -3.0906 -3.0906
14200 57.12 27.44 0.00 -6.2882 -3.3289 -3.3289
14225 57.12 27.44 0.00 -6.2882 -3.3289 -3.3289
14250 56.90 27.32 0.00 -4.3580 -2.0148 -2.0148
14275 56.76 27.20 0.00 -2.7392 -3.4749 -3.4749
14300 56.76 27.20 0.00 -2.7392 -3.4749 -3.4749
14325 56.71 27.08 0.00 -0.1033 0.2089 0.2089
14350 56.71 27.06 0.00 -0.2227 -0.8644 -0.8644
14375 56.71 27.14 0.00 0.3345 -0.3475 -0.3475
14400 56.71 27.14 0.00 0.3345 -0.3475 -0.3475
14425 56.71 27.29 0.00 0.0912 -1.5495 -1.5495
14450 56.71 27.41 0.00 -0.2179 -0.8793 -0.8793
14475 56.71 27.41 0.00 -0.2179 -0.8793 -0.8793
14500 56.69 27.51 0.00 -0.4606 -0.6441 -0.6441
14525 56.69 27.53 0.00 0.2588 1.3376 1.3376
14550 56.69 27.53 0.00 0.2588 1.3376 1.3376
14575 56.69 27.53 0.00 0.0810 0.3053 0.3053
14600 56.71 27.49 0.00 0.3163 -0.1661 -0.1661
14625 56.73 27.53 0.00 0.5221 -0.0366 -0.0366
14650 56.73 27.53 0.00 0.5221 -0.0366 -0.0366
14675 56.76 27.67 0.00 1.2040 0.9109 0.9109
14700 56.83 27.92 0.00 1.7945 1.6207 1.6207
14725 56.83 27.92 0.00 1.7945 1.6207 1.6207
14750 56.90 28.20 0.00 2.2561 1.2086 1.2086
14775 57.01 28.42 0.00 2.1833 0.3564 0.3564
14800 57.01 28.42 0.00 2.1833 0.3564 0.3564
14825 57.08 28.56 0.00 1.4206 -0.3113 -0.3113
14850 57.08 28.58 0.00 -0.4055 -0.4445 -0.4445
14875 57.08 28.58 0.00 -0.4055 -0.4445 -0.4445
14900 57.06 28.52 0.00 -1.1428 0.6349 0.6349
14925 56.99 28.44 0.00 -1.7346 -1.1050 -1.1050
14950 56.99 28.40 0.00 0.8031 2.5528 2.5528
14975 56.99 28.40 0.00 0.8031 2.5528 2.5528
15000 57.01 28.44 0.00 0.6516 0.3568 0.3568
15025 57.05 28.52 0.00 0.7660 -0.1566 -0.1566
15050 57.05 28.52 0.00 0.7660 -0.1566 -0.1566
15075 57.05 28.60 0.00 -0.5443 -1.9901 -1.9901
15100 56.99 28.58 0.00 -1.1886 -0.7112 -0.7112
15125 56.94 28.46 0.00 -1.4275 0.2763 0.2763
15150 56.94 28.46 0.00 -1.4275 0.2763 0.2763
15175 56.90 28.26 0.00 -0.8903 0.9295 0.9295
15200 56.87 28.06 0.00 -0.6657 -0.1915 -0.1915
15225 56.87 28.06 0.00 -0.6657 -0.1915 -0.1915
15250 56.85 27.90 0.00 -0.7035 -1.1822 -1.1822
15275 56.80 27.82 0.00 -0.9560 -1.2799 -1.2799
15300 56.80 27.82 0.00 -0.9560 -1.2799 -1.2799
15325 56.76 27.84 0.00 -0.7415 0.1295 0.1295
15350 56.75 27.90 0.00 -0.2721 1.0923 1.0923
15375 56.75 27.90 0.00 -0.2721 1.0923 1.0923
15400 56.75 27.96 0.00 -0.1078 0.7608 0.7608
15425 56.75 27.96 0.00 -0.3642 -0.2712 -0.2712
15450 56.71 27.92 0.00 -1.1236 -0.9288 -0.9288
15475 56.71 27.92 0.00 -1.1236 -0.9288 -0.9288
15500 56.64 27.86 0.00 -1.8377 -1.0432 -1.0432
15525 56.57 27.82 0.00 -2.0002 -0.6419 -0.6419
15550 56.57 27.82 0.00 -2.0002 -0.6419 -0.6419
15575 56.50 27.78 0.00 -1.2024 1.1018 1.1018
15600 56.43 27.74 0.00 -1.7114 -1.9919 -1.9919
15625 56.43 27.72 0.00 0.4858 1.6825 1.6825
15650 56.43 27.72 0.00 0.4858 1.6825 1.6825
15675 56.43 27.77 0.00 -0.4045 -0.0245 -0.0245
15700 56.40 27.85 0.00 -0.7162 -0.0187 -0.0187
15725 56.40 27.85 0.00 -0.7162 -0.0187 -0.0187
15750 56.34 27.93 0.00 -1.6111 -1.3912 -1.3912
15775 56.29 27.93 0.00 -1.4438 -0.6918 -0.6918
15800 56.29 27.93 0.00 -1.4438 -0.6918 -0.6918
15825 56.24 27.89 0.00 -1.1338 -0.1330 -0.1330
15850 56.20 27.79 0.00 -0.5069 0.5095 0.5095
15875 56.19 27.73 0.00 -0.5328 -0.5001 -0.5001
15900 56.19 27.73 0.00 -0.5328 -0.5001 -0.5001
15925 56.17 27.71 0.00 -0.3034 -0.1714 -0.1714
15950 56.17 27.71 0.00 -0.3034 -0.1714 -0.1714
15975 56.17 27.75 0.00 0.1396 0.7516 0.7516
16000 56.17 27.85 0.00 0.1160 0.4391 0.4391
16025 56.17 27.91 0.00 0.2891 -0.1625 -0.1625
16050 56.17 27.91 0.00 0.2891 -0.1625 -0.1625
16075 56.19 27.97 0.00 -0.0307 -1.2304 -1.2304
16100 56.17 27.96 0.00 -0.9913 -1.6652 -1.6652
16125 56.10 27.88 0.00 -2.0568 -1.2632 -1.2632
16150 56.10 27.88 0.00 -2.0568 -1.2632 -1.2632
16175 56.01 27.82 0.00 -1.9492 0.2543 0.2543
16200 55.96 27.82 0.00 -1.7247 0.5772 0.5772
16225 55.96 27.82 0.00 -1.7247 0.5772 0.5772
16250 55.92 27.78 0.00 -0.6125 1.2262 1.2262
16275 55.87 27.74 0.00 -1.2627 -2.4457 -2.4457
16300 55.87 27.74 0.00 -1.2627 -2.4457 -2.4457
16325 55.87 27.66 0.00 -0.0723 0.1469 0.1469
16350 55.82 27.64 0.00 -1.8428 -1.1041 -1.1041
16375 55.71 27.66 0.00 -3.1026 -0.7444 -0.7444
16400 55.71 27.66 0.00 -3.1026 -0.7444 -0.7444
16425 55.56 27.68 0.00 -4.3075 -2.4453 -2.4453
16450 55.38 27.71 0.00 -4.2652 -2.6166 -2.6166
16475 55.38 27.71 0.00 -4.2652 -2.6166 -2.6166
16500 55.24 27.67 0.00 -2.7204 -1.6516 -1.6516
16525 55.19 27.63 0.00 -0.8796 -0.2128 -0.2128
16550 55.17 27.55 0.00 -0.2511 -0.4419 -0.4419
16575 55.17 27.55 0.00 -0.2511 -0.4419 -0.4419
16600 55.19 27.51 0.00 0.7403 -0.3086 -0.3086
16625 55.21 27.49 0.00 0.8185 -0.6992 -0.6992
16650 55.21 27.49 0.00 0.8185 -0.6992 -0.6992
16675 55.24 27.51 0.00 0.8572 0.4482 0.4482
16700 55.26 27.55 0.00 -0.2823 0.3027 0.3027
16725 55.26 27.55 0.00 -0.2823 0.3027 0.3027
16750 55.22 27.61 0.00 -1.5189 -0.7754 -0.7754
16775 55.14 27.65 0.00 -2.0381 -1.8821 -1.8821
16800 55.07 27.65 0.00 -1.4438 -1.7603 -1.7603
16825 55.07 27.65 0.00 -1.4438 -1.7603 -1.7603
16850 55.03 27.59 0.00 -0.4283 -0.8262 -0.8262
16875 55.05 27.51 0.00 0.8005 0.3526 0.3526
16900 55.05 27.51 0.00 0.8005 0.3526 0.3526
16925 55.10 27.41 0.00 1.6933 1.0214 1.0214
16950 55.15 27.31 0.00 0.2592 -1.1109 -1.1109
16975 55.15 27.31 0.00 0.2592 -1.1109 -1.1109
17000 55.15 27.20 0.00 0.0646 -0.4583 -0.4583
17025 55.17 27.14 0.00 -0.0509 1.1784 1.1784
17050 55.17 27.14 0.00 -0.0509 1.1784 1.1784
17075 55.12 27.12 0.00 -1.1373 0.2319 0.2319
17100 55.08 27.14 0.00 -1.3341 -0.6208 -0.6208
17125 55.08 27.14 0.00 -1.3341 -0.6208 -0.6208
17150 55.01 27.10 0.00 -1.5623 -2.0157 -2.0157
17175 54.94 27.02 0.00 -1.6553 -1.0966 -1.0966
17200 54.89 26.86 0.00 -1.4656 0.3746 0.3746
17225 54.89 26.86 0.00 -1.4656 0.3746 0.3746
17250 54.86 26.66 0.00 -0.3627 1.3041 1.3041
17275 54.87 26.41 0.00 1.4437 0.3861 0.3861
17300 54.87 26.41 0.00 1.4437 0.3861 0.3861
17325 54.96 26.18 0.00 2.0854 -0.8835 -0.8835
17350 55.01 25.99 0.00 1.0243 -0.8180 -0.8180
17375 55.01 25.91 0.00 -1.1982 -0.9396 -0.9396
17400 55.01 25.91 0.00 -1.1982 -0.9396 -0.9396
17425 54.93 25.98 0.00 -2.2993 0.8551 0.8551
17450 54.82 26.20 0.00 -3.1475 1.1677 1.1677
17475 54.82 26.20 0.00 -3.1475 1.1677 1.1677
17500 54.66 26.50 0.00 -3.9766 -0.6008 -0.6008
17525 54.54 26.68 0.00 -2.2556 -0.9195 -0.9195
17550 54.54 26.68 0.00 -2.2556 -0.9195 -0.9195
17575 54.51 26.72 0.00 0.2174 -0.6776 -0.6776
17600 54.58 26.72 0.00 1.9772 -1.1003 -1.1003
17625 54.66 26.68 0.00 2.5812 -0.7429 -0.7429
17650 54.66 26.68 0.00 2.5812 -0.7429 -0.7429
17675 54.72 26.68 0.00 0.5122 -2.8713 -2.8713
17700 54.73 26.66 0.00 0.9222 1.1953 1.1953
17725 54.73 26.66 0.00 0.9222 1.1953 1.1953
17750 54.75 26.70 0.00 -0.4580 0.2184 0.2184
17775 54.72 26.74 0.00 -0.9885 -0.2075 -0.2075
17800 54.72 26.74 0.00 -0.9885 -0.2075 -0.2075
17825 54.66 26.80 0.00 -1.9938 -0.8691 -0.8691
17850 54.56 26.81 0.00 -2.6051 -1.9588 -1.9588
17875 54.45 26.75 0.00 -2.8175 -1.4022 -1.4022
17900 54.45 26.75 0.00 -2.8175 -1.4022 -1.4022
17925 54.35 26.62 0.00 -2.4601 -0.2337 -0.2337
17950 54.26 26.44 0.00 -2.1332 -1.2550 -1.2550
17975 54.26 26.44 0.00 -2.1332 -1.2550 -1.2550
18000 54.19 26.26 0.00 -1.3069 -1.2897 -1.2897
18025 54.16 26.13 0.00 -1.0868 -0.4912 -0.4912
18050 54.16 26.13 0.00 -1.0868 -0.4912 -0.4912
18075 54.10 26.09 0.00 -1.4518 1.7368 1.7368
18100 53.96 26.04 0.00 -4.9110 -1.1339 -1.1339
18125 53.96 26.04 0.00 -4.9110 -1.1339 -1.1339
18150 53.70 26.10 0.00 -7.7102 -4.7653 -4.7653
18175 53.44 26.25 0.00 -5.2366 -3.8154 -3.8154
18200 53.32 26.31 0.00 -1.9194 -1.8018 -1.8018
18225 53.32 26.31 0.00 -1.9194 -1.8018 -1.8018
18250 53.28 26.31 0.00 -0.0945 -1.0167 -1.0167
18275 53.32 26.25 0.00 2.0373 0.1402 0.1402
18300 53.32 26.25 0.00 2.0373 0.1402 0.1402
18325 53.44 26.15 0.00 3.4041 -0.7774 -0.7774
18350 53.60 26.00 0.00 4.0752 -0.0443 -0.0443
18375 53.68 25.85 0.00 0.9195 -3.7597 -3.7597
18400 53.68 25.85 0.00 0.9195 -3.7597 -3.7597
18425 53.72 25.77 0.00 0.5322 0.3695 0.3695
18450 53.68 25.83 0.00 -1.3368 0.1740 0.1740
18475 53.68 25.83 0.00 -1.3368 0.1740 0.1740
18500 53.63 25.96 0.00 -0.5954 1.2982 1.2982
18525 53.63 26.06 0.00 0.2476 0.6818 0.6818
18550 53.63 26.06 0.00 0.2476 0.6818 0.6818
18575 53.70 26.14 0.00 2.3650 1.7188 1.7188
18600 53.81 26.16 0.00 2.8672 1.5728 1.5728
18625 53.93 26.12 0.00 2.8101 2.9026 2.9026
18650 53.93 26.12 0.00 2.8101 2.9026 2.9026
18675 54.00 26.10 0.00 1.0907 1.6654 1.6654
18700 54.02 26.12 0.00 0.3143 1.8363 1.8363
18725 54.02 26.12 0.00 0.3143 1.8363 1.8363
18750 54.02 26.14 0.00 -0.1502 1.4289 1.4289
18775 54.02 26.20 0.00 -0.3648 1.8766 1.8766
18800 53.98 26.26 0.00 -0.5447 1.3759 1.3759
18825 53.98 26.26 0.00 -0.5447 1.3759 1.3759
18850 53.96 26.26 0.00 -0.8959 0.0831 0.0831
18875 53.96 26.26 0.00 -0.8959 0.0831 0.0831
18900 53.93 26.20 0.00 -1.3012 -1.0171 -1.0171
18925 53.86 26.04 0.00 -2.1017 -1.4749 -1.4749
18950 53.75 25.85 0.00 -3.2117 -1.5608 -1.5608
18975 53.75 25.85 0.00 -3.2117 -1.5608 -1.5608
19000 53.65 25.63 0.00 -1.8698 -0.0375 -0.0375
19025 53.58 25.44 0.00 -2.1586 -2.6818 -2.6818
19050 53.54 25.26 0.00 0.1351 -0.5478 -0.5478
19075 53.54 25.26 0.00 0.1351 -0.5478 -0.5478
19100 53.56 25.15 0.00 -0.0341 -1.6847 -1.6847
19125 53.53 25.09 0.00 -0.4255 -1.6807 -1.6807
19150 53.53 25.09 0.00 -0.4255 -1.6807 -1.6807
19175 53.51 25.09 0.00 -0.9601 -2.1709 -2.1709
19200 53.46 25.05 0.00 -1.6356 -2.3011 -2.3011
19225 53.46 25.05 0.00 -1.6356 -2.3011 -2.3011
19250 53.39 25.03 0.00 -2.3203 -2.0657 -2.0657
19275 53.32 25.01 0.00 -1.4972 -0.6861 -0.6861
19300 53.32 25.01 0.00 -1.4972 -0.6861 -0.6861
19325 53.30 24.97 0.00 -0.0131 0.0139 0.0139
19350 53.30 24.95 0.00 0.5841 -0.3713 -0.3713
19375 53.33 24.99 0.00 0.8850 -0.2184 -0.2184
19400 53.33 24.99 0.00 0.8850 -0.2184 -0.2184
19425 53.35 25.03 0.00 0.5609 0.2046 0.2046
19450 53.39 25.09 0.00 0.7431 1.4901 1.4901
19475 53.39 25.09 0.00 0.7431 1.4901 1.4901
19500 53.40 25.15 0.00 0.3736 1.2387 1.2387
19525 53.39 25.18 0.00 -0.9161 -0.2174 -0.2174
19550 53.39 25.18 0.00 -0.9161 -0.2174 -0.2174
19575 53.33 25.13 0.00 -1.7967 -0.9410 -0.9410
19600 53.26 25.05 0.00 -1.8688 -0.4868 -0.4868
19625 53.20 24.99 0.00 -0.9890 0.0048 0.0048
19650 53.20 24.99 0.00 -0.9890 0.0048 0.0048
19675 53.20 24.93 0.00 -0.2684 0.1236 0.1236
19700 53.16 24.91 0.00 -0.2502 -1.8106 -1.8106
19725 53.16 24.91 0.00 -0.2502 -1.8106 -1.8106
19750 53.20 24.91 0.00 0.9717 0.7778 0.7778
19775 53.21 24.95 0.00 0.0033 -0.4650 -0.4650
19800 53.21 24.95 0.00 0.0033 -0.4650 -0.4650
19825 53.21 25.03 0.00 0.8332 0.5082 0.5082
19850 53.23 25.07 0.00 -0.0921 -1.9133 -1.9133
19875 53.21 25.10 0.00 -0.4812 -1.0217 -1.0217
19900 53.21 25.10 0.00 -0.4812 -1.0217 -1.0217
19925 53.16 25.10 0.00 -1.3028 -0.3212 -0.3212
19950 53.14 25.05 0.00 -0.6144 1.0161 1.0161
19975 53.14 25.05 0.00 -0.6144 1.0161 1.0161
20000 53.11 25.03 0.00 -0.3877 0.4252 0.4252
20025 53.11 25.01 0.00 0.0720 -0.2090 -0.2090
20050 53.13 25.03 0.00 0.4175 -0.2023 -0.2023
20075 53.13 25.03 0.00 0.4175 -0.2023 -0.2023
20100 53.14 25.08 0.00 0.1469 0.6565 0.6565
20125 53.13 25.12 0.00 -0.3805 0.7058 0.7058
20150 53.13 25.12 0.00 -0.3805 0.7058 0.7058
20175 53.09 25.16 0.00 -1.5863 -0.8773 -0.8773
20200 53.00 25.18 0.00 -2.0374 -2.1202 -2.1202
20225 52.93 25.16 0.00 -1.8303 -2.6993 -2.6993
20250 52.93 25.16 0.00 -1.8303 -2.6993 -2.6993
20275 52.86 25.10 0.00 -2.0421 -3.3256 -3.3256
20300 52.79 25.04 0.00 -1.5406 -2.4953 -2.4953
20325 52.79 25.04 0.00 -1.5406 -2.4953 -2.4953
20350 52.72 24.98 0.00 -2.1522 -4.4417 -4.4417
20375 52.72 24.98 0.00 -2.1522 -4.4417 -4.4417
20400 52.69 24.92 0.00 0.1020 1.2404 1.2404
20425 52.69 24.85 0.00 -0.2085 0.1030 0.1030
20450 52.69 24.83 0.00 0.1911 -0.8874 -0.8874
20475 52.69 24.83 0.00 0.1911 -0.8874 -0.8874
20500 52.65 24.81 0.00 -1.2790 -2.1149 -2.1149
20525 52.58 24.71 0.00 -2.4847 -2.5202 -2.5202
20550 52.58 24.71 0.00 -2.4847 -2.5202 -2.5202
20575 52.46 24.56 0.00 -2.7906 -1.8609 -1.8609
20600 52.39 24.38 0.00 -1.7090 0.4606 0.4606
20625 52.39 24.38 0.00 -1.7090 0.4606 0.4606
20650 52.30 24.17 0.00 -1.9954 -0.7438 -0.7438
20675 52.25 24.00 0.00 -0.7954 -0.0462 -0.0462
20700 52.27 23.92 0.00 0.8925 0.4928 0.4928
20725 52.27 23.92 0.00 0.8925 0.4928 0.4928
20750 52.36 23.88 0.00 2.7785 1.7486 1.7486
20775 52.44 23.88 0.00 1.6666 1.4459 1.4459
20800 52.44 23.92 0.00 -1.0938 0.3719 0.3719
20825 52.44 23.92 0.00 -1.0938 0.3719 0.3719
20850 52.34 23.92 0.00 -3.4419 -1.9444 -1.9444
20875 52.34 23.92 0.00 -3.4419 -1.9444 -1.9444
20900 52.08 23.82 0.00 -3.3617 -3.7583 -3.7583
20925 52.08 23.82 0.00 -3.3617 -3.7583 -3.7583
20950 52.01 23.77 0.00 -1.0106 -1.5779 -1.5779
20975 52.01 23.77 0.00 -1.0106 -1.5779 -1.5779
21000 51.96 23.73 0.00 -1.0775 -2.8448 -2.8448
21025 51.97 23.61 0.00 1.0132 0.7178 0.7178
21050 51.97 23.61 0.00 1.0132 0.7178 0.7178
21075 52.01 23.50 0.00 0.1433 -0.8416 -0.8416
21100 52.01 23.40 0.00 0.1062 -1.4035 -1.4035
21125 52.01 23.27 0.00 -0.5949 -2.7931 -2.7931
21150 52.01 23.27 0.00 -0.5949 -2.7931 -2.7931
21175 51.96 23.15 0.00 -1.5850 -2.4720 -2.4720
21200 51.85 23.00 0.00 -2.5648 -1.4671 -1.4671
21225 51.76 22.83 0.00 -2.2492 -0.5085 -0.5085
21250 51.76 22.83 0.00 -2.2492 -0.5085 -0.5085
21275 51.68 22.68 0.00 -1.8869 -0.7507 -0.7507
21300 51.62 22.66 0.00 -1.5122 -0.1662 -0.1662
21325 51.62 22.66 0.00 -1.5122 -0.1662 -0.1662
21350 51.54 22.73 0.00 -1.9460 0.0232 0.0232
21375 51.47 22.79 0.00 -1.7202 0.4834 0.4834
21400 51.47 22.79 0.00 -1.7202 0.4834 0.4834
21425 51.40 22.88 0.00 -1.5121 0.3568 0.3568
21450 51.36 22.94 0.00 -1.0820 -0.3339 -0.3339
21475 51.36 22.94 0.00 -1.0820 -0.3339 -0.3339
21500 51.31 23.02 0.00 -1.0819 -0.7616 -0.7616
21525 51.26 23.11 0.00 -1.9069 -1.5258 -1.5258
21550 51.20 23.17 0.00 -1.4689 -0.2544 -0.2544
21575 51.20 23.17 0.00 -1.4689 -0.2544 -0.2544
21600 51.12 23.26 0.00 -2.5789 -2.7982 -2.7982
21625 51.06 23.26 0.00 -0.4575 0.3694 0.3694
21650 51.06 23.26 0.00 -0.4575 0.3694 0.3694
21675 51.05 23.36 0.00 -0.5141 -0.4855 -0.4855
21700 51.03 23.49 0.00 -0.2440 -0.5757 -0.5757
21725 51.03 23.49 0.00 -0.2440 -0.5757 -0.5757
21750 50.99 23.59 0.00 -1.4102 -2.3525 -2.3525
21775 50.93 23.61 0.00 -1.5804 -1.4678 -1.4678
21800 50.86 23.59 0.00 -1.9715 -0.6865 -0.6865
21825 50.86 23.59 0.00 -1.9715 -0.6865 -0.6865
21850 50.79 23.51 0.00 -1.3295 1.6561 1.6561
21875 50.72 23.34 0.00 -2.1397 0.1820 0.1820
21900 50.72 23.34 0.00 -2.1397 0.1820 0.1820
21925 50.61 23.20 0.00 -2.9195 -1.8014 -1.8014
21950 50.47 23.15 0.00 -4.4617 -3.9010 -3.9010
21975 50.28 23.13 0.00 -4.5002 -4.5984 -4.5984
22000 50.28 23.13 0.00 -4.5002 -4.5984 -4.5984
22025 50.14 23.15 0.00 -2.5044 -2.6940 -2.6940
22050 50.09 23.13 0.00 -0.6842 -1.4739 -1.4739
22075 50.09 23.13 0.00 -0.6842 -1.4739 -1.4739
22100 50.07 23.07 0.00 -0.3054 -1.1688 -1.1688
22125 50.03 22.96 0.00 -1.3034 -1.5395 -1.5395
22150 50.03 22.96 0.00 -1.3034 -1.5395 -1.5395
22175 49.97 22.88 0.00 -1.6780 -1.6629 -1.6629
22200 49.93 22.77 0.00 -0.6402 0.0165 0.0165
22225 49.93 22.77 0.00 -0.6402 0.0165 0.0165
22250 49.91 22.69 0.00 -0.3330 -1.7025 -1.7025
22275 49.97 22.58 0.00 2.2530 2.6040 2.6040
22300 50.03 22.54 0.00 1.3518 1.2218 1.2218
22325 50.03 22.54 0.00 1.3518 1.2218 1.2218
22350 50.09 22.61 0.00 1.1011 1.2045 1.2045
22375 50.09 22.67 0.00 -0.7182 -1.5834 -1.5834
22400 50.09 22.67 0.00 -0.7182 -1.5834 -1.5834
22425 50.02 22.71 0.00 -2.1270 -1.7627 -1.7627
22450 49.95 22.73 0.00 -2.6946 -1.8357 -1.8357
22475 49.88 22.67 0.00 -0.8062 0.8810 0.8810
22500 49.88 22.67 0.00 -0.8062 0.8810 0.8810
22525 49.90 22.56 0.00 0.8854 1.0817 1.0817
22550 49.90 22.56 0.00 0.8854 1.0817 1.0817
22575 49.97 22.50 0.00 2.2295 1.1007 1.1007
22600 50.03 22.52 0.00 1.5816 0.4383 0.4383
22625 50.07 22.61 0.00 0.3023 0.7218 0.7218
22650 50.07 22.61 0.00 0.3023 0.7218 0.7218
22675 50.05 22.73 0.00 -1.1657 0.6771 0.6771
22700 50.00 22.86 0.00 -1.2622 0.1592 0.1592
22725 50.00 22.86 0.00 -1.2622 0.1592 0.1592
22750 49.95 22.94 0.00 -0.7824 -1.2596 -1.2596
22775 49.93 22.94 0.00 -0.4913 -1.9549 -1.9549
22800 49.91 22.90 0.00 -0.5095 -1.3994 -1.3994
22825 49.91 22.90 0.00 -0.5095 -1.3994 -1.3994
22850 49.90 22.88 0.00 -0.2164 -0.3769 -0.3769
22875 49.90 22.82 0.00 -0.0106 -0.0760 -0.0760
22900 49.90 22.82 0.00 -0.0106 -0.0760 -0.0760
22925 49.90 22.75 0.00 0.5632 -0.1534 -0.1534
22950 49.97 22.69 0.00 1.6120 2.3028 2.3028
22975 49.97 22.69 0.00 1.6120 2.3028 2.3028
23000 49.98 22.67 0.00 0.0433 0.3344 0.3344
23025 49.95 22.67 0.00 -1.6293 -1.0375 -1.0375
23050 49.83 22.65 0.00 -3.6369 -3.1926 -3.1926
23075 49.83 22.65 0.00 -3.6369 -3.1926 -3.1926
23100 49.67 22.56 0.00 -3.4773 -1.7032 -1.7032
23125 49.55 22.39 0.00 -2.7657 -0.7576 -0.7576
23150 49.55 22.39 0.00 -2.7657 -0.7576 -0.7576
23175 49.46 22.16 0.00 -2.0634 -0.1911 -0.1911
23200 49.37 21.91 0.00 -1.8808 -0.6322 -0.6322
23225 49.37 21.91 0.00 -1.8808 -0.6322 -0.6322
23250 49.34 21.78 0.00 -1.2413 -0.1591 -0.1591
23275 49.28 21.74 0.00 -1.0296 0.5229 0.5229
23300 49.28 21.74 0.00 -1.0296 0.5229 0.5229
23325 49.21 21.82 0.00 -2.5562 -0.2001 -0.2001
23350 49.04 21.99 0.00 -5.4175 -2.3103 -2.3103
23375 48.83 22.18 0.00 -4.8508 -2.5211 -2.5211
23400 48.83 22.18 0.00 -4.8508 -2.5211 -2.5211
23425 48.69 22.31 0.00 -2.6298 -2.7919 -2.7919
23450 48.64 22.31 0.00 -0.6946 -2.3672 -2.3672
23475 48.64 22.26 0.00 0.4478 -1.1185 -1.1185
23500 48.64 22.26 0.00 0.4478 -1.1185 -1.1185
23525 48.66 22.24 0.00 0.2582 -0.7965 -0.7965
23550 48.66 22.24 0.00 0.2430 0.7737 0.7737
23575 48.66 22.24 0.00 0.2430 0.7737 0.7737
23600 48.64 22.26 0.00 -0.7641 -1.6177 -1.6177
23625 48.69 22.26 0.00 1.7873 2.8687 2.8687
23650 48.69 22.26 0.00 1.7873 2.8687 2.8687
23675 48.73 22.31 0.00 0.1620 0.0893 0.0893
23700 48.69 22.37 0.00 -1.1024 -1.0364 -1.0364
23725 48.69 22.37 0.00 -1.1024 -1.0364 -1.0364
23750 48.62 22.39 0.00 -2.5925 -3.3892 -3.3892
23775 48.52 22.33 0.00 -1.8988 -1.6294 -1.6294
23800 48.52 22.33 0.00 -1.8988 -1.6294 -1.6294
23825 48.46 22.22 0.00 -1.1494 -0.7392 -0.7392
23850 48.46 22.05 0.00 0.2854 1.3915 1.3915
23875 48.46 21.86 0.00 0.0929 -0.1598 -0.1598
23900 48.46 21.86 0.00 0.0929 -0.1598 -0.1598
23925 48.46 21.73 0.00 0.0388 -0.0253 -0.0253
23950 48.46 21.56 0.00 -0.1416 0.1074 0.1074
23975 48.46 21.56 0.00 -0.1416 0.1074 0.1074
24000 48.45 21.48 0.00 -0.2282 0.7131 0.7131
24025 48.45 21.43 0.00 -0.1741 1.1238 1.1238
24050 48.43 21.43 0.00 -0.5988 0.2608 0.2608
24075 48.43 21.43 0.00 -0.5988 0.2608 0.2608
24100 48.38 21.43 0.00 -1.4921 -0.9004 -0.9004
24125 48.38 21.43 0.00 -1.4921 -0.9004 -0.9004
24150 48.31 21.39 0.00 -2.0262 -1.4716 -1.4716
24175 48.31 21.39 0.00 -2.0262 -1.4716 -1.4716
24200 48.20 21.20 0.00 -0.1985 0.4978 0.4978
24225 48.20 21.20 0.00 -0.1985 0.4978 0.4978
24250 48.22 21.11 0.00 0.6233 -0.1724 -0.1724
24275 48.24 21.05 0.00 1.0208 -1.1218 -1.1218
24300 48.24 21.05 0.00 1.0208 -1.1218 -1.1218
24325 48.31 21.00 0.00 1.0789 0.3121 0.3121
24350 48.29 21.07 0.00 -0.6362 -0.6706 -0.6706
24375 48.24 21.17 0.00 -1.8236 -1.1949 -1.1949
24400 48.24 21.17 0.00 -1.8236 -1.1949 -1.1949
24425 48.15 21.22 0.00 -2.7945 -2.7718 -2.7718
24450 48.04 21.19 0.00 -2.7058 -2.4206 -2.4206
24475 47.96 21.11 0.00 -1.6741 -1.0201 -1.0201
24500 47.96 21.11 0.00 -1.6741 -1.0201 -1.0201
24525 47.92 20.96 0.00 -0.7712 -0.0915 -0.0915
24550 47.89 20.81 0.00 -0.3922 -0.4572 -0.4572
24575 47.89 20.81 0.00 -0.3922 -0.4572 -0.4572
24600 47.87 20.70 0.00 -0.8703 -1.4816 -1.4816
24625 47.84 20.66 0.00 -1.0276 -1.3185 -1.3185
24650 47.84 20.66 0.00 -1.0276 -1.3185 -1.3185
24675 47.80 20.66 0.00 -0.6091 -0.1283 -0.1283
24700 47.77 20.68 0.00 -0.4290 0.1608 0.1608
24725 47.77 20.68 0.00 -0.4290 0.1608 0.1608
24750 47.75 20.68 0.00 -0.9943 -1.3894 -1.3894
24775 47.70 20.63 0.00 -1.3577 -1.9338 -1.9338
24800 47.66 20.57 0.00 -1.6302 -2.0445 -2.0445
24825 47.66 20.57 0.00 -1.6302 -2.0445 -2.0445
24850 47.59 20.48 0.00 -1.3842 -1.1366 -1.1366
24875 47.56 20.42 0.00 -0.4637 0.0889 0.0889
24900 47.56 20.42 0.00 -0.4637 0.0889 0.0889
24925 47.56 20.37 0.00 0.5351 0.8092 0.8092
24950 47.56 20.33 0.00 -0.7829 -3.1033 -3.1033
24975 47.56 20.33 0.00 -0.7829 -3.1033 -3.1033
25000 47.57 20.29 0.00 1.0565 1.3539 1.3539
25025 47.57 20.29 0.00 -0.8189 -0.3551 -0.3551
25050 47.54 20.29 0.00 -0.4761 -0.0390 -0.0390
25075 47.54 20.29 0.00 -0.4761 -0.0390 -0.0390
25100 47.52 20.29 0.00 -0.8426 -2.0398 -2.0398
25125 47.49 20.22 0.00 -0.8765 -1.7057 -1.7057
25150 47.49 20.22 0.00 -0.8765 -1.7057 -1.7057
25175 47.42 20.11 0.00 -2.0850 -1.4936 -1.4936
25200 47.33 20.01 0.00 -2.2662 1.3925 1.3925
25225 47.33 20.01 0.00 -2.2662 1.3925 1.3925
25250 47.21 19.90 0.00 -3.8326 -0.1979 -0.1979
25275 47.07 19.83 0.00 -3.0225 -1.6430 -1.6430
25300 47.07 19.83 0.00 -3.0225 -1.6430 -1.6430
25325 47.00 19.85 0.00 -0.5864 -1.5246 -1.5246
25350 47.03 19.89 0.00 1.3350 -0.5251 -0.5251
25375 47.10 19.98 0.00 2.0879 0.7677 0.7677
25400 47.10 19.98 0.00 2.0879 0.7677 0.7677
25425 47.17 20.05 0.00 1.1935 0.5752 0.5752
25450 47.17 20.07 0.00 -0.7032 -0.2741 -0.2741
25475 47.17 20.07 0.00 -0.7032 -0.2741 -0.2741
25500 47.12 20.02 0.00 -1.6231 -0.0358 -0.0358
25525 47.07 19.98 0.00 -1.0526 0.4723 0.4723
25550 47.05 19.94 0.00 -0.3473 0.7192 0.7192
25575 47.05 19.94 0.00 -0.3473 0.7192 0.7192
25600 47.05 19.94 0.00 0.6027 0.1750 0.1750
25625 47.08 19.92 0.00 0.8004 0.2451 0.2451
25650 47.08 19.92 0.00 0.8004 0.2451 0.2451
25675 47.08 19.89 0.00 -0.1046 -1.4483 -1.4483
25700 47.12 19.87 0.00 0.6351 1.5654 1.5654
25725 47.12 19.87 0.00 0.6351 1.5654 1.5654
25750 47.10 19.87 0.00 -0.1399 0.4488 0.4488
25775 47.10 19.92 0.00 -0.5067 0.1142 0.1142
25800 47.05 19.94 0.00 -1.8331 -1.7510 -1.7510
25825 47.05 19.94 0.00 -1.8331 -1.7510 -1.7510
25850 46.96 19.89 0.00 -2.0200 -0.8656 -0.8656
25875 46.96 19.89 0.00 -2.0200 -0.8656 -0.8656
25900 46.87 19.81 0.00 -1.9392 0.0029 0.0029
25925 46.80 19.67 0.00 -1.7836 -0.5277 -0.5277
25950 46.74 19.52 0.00 -2.0397 -2.1105 -2.1105
25975 46.74 19.52 0.00 -2.0397 -2.1105 -2.1105
26000 46.65 19.37 0.00 -1.7849 -1.8855 -1.8855
26025 46.58 19.26 0.00 -1.7549 -1.1195 -1.1195
26050 46.58 19.26 0.00 -1.7549 -1.1195 -1.1195
26075 46.51 19.19 0.00 -2.2907 -0.7722 -0.7722
26100 46.40 19.10 0.00 -2.6560 -1.1668 -1.1668
26125 46.30 19.02 0.00 -2.6908 -2.0253 -2.0253
26150 46.30 19.02 0.00 -2.6908 -2.0253 -2.0253
26175 46.19 18.86 0.00 -2.5508 -2.7822 -2.7822
26200 46.19 18.86 0.00 -2.5508 -2.7822 -2.7822
26225 45.97 18.46 0.00 -2.7528 -2.8656 -2.8656
26250 45.97 18.46 0.00 -2.7528 -2.8656 -2.8656
26275 45.88 18.24 0.00 -1.5315 -1.1935 -1.1935
26300 45.84 18.02 0.00 -1.0390 -0.9987 -0.9987
26325 45.84 18.02 0.00 -1.0390 -0.9987 -0.9987
26350 45.79 17.87 0.00 -1.7421 -2.7890 -2.7890
26375 45.79 17.87 0.00 -1.7421 -2.7890 -2.7890
26400 45.76 17.72 0.00 -0.3742 0.5948 0.5948
26425 45.70 17.67 0.00 -1.3826 -0.6857 -0.6857
26450 45.70 17.67 0.00 -1.3826 -0.6857 -0.6857
26475 45.65 17.67 0.00 -1.3541 -0.5218 -0.5218
26500 45.60 17.69 0.00 -1.7854 -2.2373 -2.2373
26525 45.53 17.67 0.00 -1.2964 -1.2213 -1.2213
26550 45.53 17.67 0.00 -1.2964 -1.2213 -1.2213
26575 45.48 17.60 0.00 -0.7991 -0.4542 -0.4542
26600 45.49 17.53 0.00 0.9189 1.9250 1.9250
26625 45.49 17.53 0.00 0.9189 1.9250 1.9250
26650 45.55 17.49 0.00 1.3943 0.9261 0.9261
26675 45.60 17.49 0.00 1.3056 0.8799 0.8799
26700 45.62 17.54 0.00 0.0210 -0.2213 -0.2213
26725 45.62 17.54 0.00 0.0210 -0.2213 -0.2213
26750 45.60 17.62 0.00 -0.7102 -0.1603 -0.1603
26775 45.58 17.76 0.00 -0.6574 0.2086 0.2086
26800 45.55 17.89 0.00 -0.9220 -0.8121 -0.8121
26825 45.55 17.89 0.00 -0.9220 -0.8121 -0.8121
26850 45.51 18.04 0.00 -0.9675 -1.8345 -1.8345
26875 45.48 18.17 0.00 -0.4675 -1.5209 -1.5209
26900 45.48 18.17 0.00 -0.4675 -1.5209 -1.5209
26925 45.48 18.32 0.00 -0.3242 -0.8672 -0.8672
26950 45.48 18.45 0.00 0.7268 1.0355 1.0355
26975 45.49 18.61 0.00 -0.4348 -1.9305 -1.9305
27000 45.49 18.61 0.00 -0.4348 -1.9305 -1.9305
27025 45.49 18.72 0.00 0.8090 1.1955 1.1955
27050 45.49 18.72 0.00 0.8090 1.1955 1.1955
27075 45.48 18.82 0.00 -1.5464 -1.5586 -1.5586
27100 45.39 18.93 0.00 -2.6099 -2.0039 -2.0039
27125 45.28 19.04 0.00 -3.6153 -3.5092 -3.5092
27150 45.28 19.04 0.00 -3.6153 -3.5092 -3.5092
27175 45.13 19.14 0.00 -4.2640 -4.5761 -4.5761
27200 44.95 19.16 0.00 -4.0201 -3.6151 -3.6151
27225 44.95 19.16 0.00 -4.0201 -3.6151 -3.6151
27250 44.83 19.09 0.00 -2.6528 -1.5818 -1.5818
27275 44.74 18.96 0.00 -1.4659 -1.1614 -1.1614
27300 44.72 18.83 0.00 -0.2032 -1.2407 -1.2407
27325 44.72 18.83 0.00 -0.2032 -1.2407 -1.2407
27350 44.71 18.70 0.00 -0.6947 -1.8975 -1.8975
27375 44.62 18.59 0.00 -3.4479 -3.0686 -3.0686
27400 44.62 18.59 0.00 -3.4479 -3.0686 -3.0686
27425 44.41 18.49 0.00 -6.3702 -2.9589 -2.9589
27450 44.16 18.49 0.00 -5.8762 -1.8235 -1.8235
27475 43.99 18.52 0.00 -3.1946 -2.1996 -2.1996
27500 43.99 18.52 0.00 -3.1946 -2.1996 -2.1996
27525 43.92 18.54 0.00 -0.6201 -2.2255 -2.2255
27550 43.94 18.50 0.00 0.6312 -1.2985 -1.2985
27575 43.94 18.50 0.00 0.6312 -1.2985 -1.2985
27600 43.99 18.41 0.00 1.6826 0.8529 0.8529
27625 43.99 18.41 0.00 1.6826 0.8529 0.8529
27650 44.04 18.37 0.00 0.9196 -0.9633 -0.9633
27675 44.11 18.31 0.00 2.4553 2.7484 2.7484
27700 44.18 18.31 0.00 0.9562 1.3018 1.3018
27725 44.18 18.31 0.00 0.9562 1.3018 1.3018
27750 44.18 18.35 0.00 0.0275 0.1121 0.1121
27775 44.18 18.44 0.00 -0.4462 -1.5972 -1.5972
27800 44.18 18.44 0.00 -0.4462 -1.5972 -1.5972
27825 44.16 18.53 0.00 0.1110 -1.2757 -1.2757
27850 44.20 18.62 0.00 0.9584 0.1350 0.1350
27875 44.27 18.60 0.00 1.9675 3.5298 3.5298
27900 44.27 18.60 0.00 1.9675 3.5298 3.5298
27925 44.30 18.53 0.00 0.7617 1.6946 1.6946
27950 44.29 18.45 0.00 -0.7641 -1.0483 -1.0483
27975 44.25 18.40 0.00 -1.3571 -1.1684 -1.1684
28000 44.25 18.40 0.00 -1.3571 -1.1684 -1.1684
28025 44.20 18.42 0.00 -1.0905 0.5600 0.5600
28050 44.16 18.51 0.00 -1.0322 0.5966 0.5966
28075 44.16 18.51 0.00 -1.0322 0.5966 0.5966
28100 44.13 18.57 0.00 -0.8783 -0.1407 -0.1407
28125 44.08 18.59 0.00 -1.1481 -1.8491 -1.8491
28150 44.04 18.59 0.00 -1.0105 -1.4489 -1.4489
28175 44.04 18.59 0.00 -1.0105 -1.4489 -1.4489
28200 44.01 18.55 0.00 -0.8863 -0.5206 -0.5206
28225 43.99 18.48 0.00 -0.5730 0.6631 0.6631
28250 43.99 18.48 0.00 -0.5730 0.6631 0.6631
28275 43.94 18.41 0.00 -1.2448 -1.0471 -1.0471
28300 43.92 18.37 0.00 -0.4180 0.8268 0.8268
28325 43.92 18.37 0.00 -0.4180 0.8268 0.8268
28350 43.87 18.39 0.00 -1.7985 -1.7303 -1.7303
28375 43.78 18.45 0.00 -2.3522 -2.5848 -2.5848
28400 43.78 18.45 0.00 -2.3522 -2.5848 -2.5848
28425 43.66 18.47 0.00 -3.6715 -4.3777 -4.3777
28450 43.50 18.47 0.00 -3.9473 -3.6423 -3.6423
28475 43.36 18.42 0.00 -2.4451 -1.2915 -1.2915
28500 43.36 18.42 0.00 -2.4451 -1.2915 -1.2915
28525 43.31 18.33 0.00 -0.9776 -0.0524 -0.0524
28550 43.29 18.22 0.00 -0.1765 -0.1248 -0.1248
28575 43.29 18.22 0.00 -0.1765 -0.1248 -0.1248
28600 43.29 18.15 0.00 0.2816 0.3872 0.3872
28625 43.31 18.17 0.00 0.5698 0.8071 0.8071
28650 43.31 18.17 0.00 0.5698 0.8071 0.8071
28675 43.32 18.24 0.00 0.3930 0.8418 0.8418
28700 43.32 18.26 0.00 0.2910 -0.0584 -0.0584
28725 43.32 18.24 0.00 -0.3303 -1.0606 -1.0606
28750 43.32 18.24 0.00 -0.3303 -1.0606 -1.0606
28775 43.29 18.15 0.00 -1.5610 -2.0777 -2.0777
28800 43.22 17.97 0.00 -1.5938 -1.2590 -1.2590
28825 43.22 17.97 0.00 -1.5938 -1.2590 -1.2590
28850 43.17 17.77 0.00 -1.8657 -2.8313 -2.8313
28875 43.13 17.55 0.00 0.2229 0.1535 0.1535
28900 43.13 17.55 0.00 0.2229 0.1535 0.1535
28925 43.17 17.38 0.00 0.9030 1.2791 1.2791
28950 43.20 17.29 0.00 1.2368 0.6986 0.6986
28975 43.20 17.29 0.00 1.2368 0.6986 0.6986
29000 43.27 17.29 0.00 1.6430 -0.0394 -0.0394
29025 43.34 17.27 0.00 1.7627 -1.3893 -1.3893
29050 43.39 17.17 0.00 1.2043 -2.4952 -2.4952
29075 43.39 17.17 0.00 1.2043 -2.4952 -2.4952
29100 43.48 16.97 0.00 2.3387 0.8477 0.8477
29125 43.55 16.75 0.00 1.4597 0.5732 0.5732
29150 43.55 16.75 0.00 1.4597 0.5732 0.5732
29175 43.59 16.57 0.00 0.5284 -0.1360 -0.1360
29200 43.59 16.49 0.00 0.0878 -0.4854 -0.4854
29225 43.59 16.46 0.00 -0.3552 0.1101 0.1101
29250 43.59 16.46 0.00 -0.3552 0.1101 0.1101
29275 43.57 16.57 0.00 -0.6709 1.2342 1.2342
29300 43.55 16.77 0.00 -0.4492 0.8125 0.8125
29325 43.55 16.77 0.00 -0.4492 0.8125 0.8125
29350 43.52 16.97 0.00 -0.6318 -0.7925 -0.7925
29375 43.48 17.12 0.00 -1.0140 -1.8695 -1.8695
29400 43.48 17.12 0.00 -1.0140 -1.8695 -1.8695
29425 43.43 17.21 0.00 -1.3343 -1.0344 -1.0344
29450 43.34 17.30 0.00 -2.8451 -2.8127 -2.8127
29475 43.34 17.30 0.00 -2.8451 -2.8127 -2.8127
29500 43.29 17.32 0.00 -0.9525 1.6835 1.6835
29525 43.25 17.38 0.00 -1.4021 0.2074 0.2074
29550 43.20 17.47 0.00 -1.5826 -1.0659 -1.0659
29575 43.20 17.47 0.00 -1.5826 -1.0659 -1.0659
29600 43.11 17.62 0.00 -2.7335 -3.4692 -3.4692
29625 42.97 17.77 0.00 -3.9581 -3.8982 -3.8982
29650 42.97 17.77 0.00 -3.9581 -3.8982 -3.8982
29675 42.78 17.80 0.00 -5.7093 -4.3407 -4.3407
29700 42.52 17.73 0.00 -7.0618 -2.9791 -2.9791
29725 42.18 17.43 0.00 -8.9536 -4.8754 -4.8754
29750 42.18 17.43 0.00 -8.9536 -4.8754 -4.8754
29775 41.81 17.02 0.00 -9.3609 -5.6308 -5.6308
29800 41.41 16.58 0.00 -10.1524 -6.6569 -6.6569
29825 41.41 16.58 0.00 -10.1524 -6.6569 -6.6569
29850 41.00 16.27 0.00 -9.7676 -5.0275 -5.0275
29875 40.65 16.03 0.00 -8.7654 -4.1709 -4.1709
29900 40.65 16.03 0.00 -8.7654 -4.1709 -4.1709
29925 40.30 15.84 0.00 -8.4430 -5.4526 -5.4526
29950 40.02 15.57 0.00 -6.1272 -4.9601 -4.9601
29975 40.02 15.57 0.00 -6.1272 -4.9601 -4.9601
30000 39.84 15.27 0.00 -3.3041 -4.1036 -4.1036
30025 39.79 14.93 0.00 0.2809 -0.2901 -0.2901
30050 39.79 14.93 0.00 0.2809 -0.2901 -0.2901
30075 39.81 14.62 0.00 0.1227 -1.7945 -1.7945
30100 39.81 14.30 0.00 -0.9696 1.6792 1.6792
30125 39.58 14.04 0.00 -8.7789 -4.3792 -4.3792
30150 39.58 14.04 0.00 -8.7789 -4.3792 -4.3792
30175 39.07 13.83 0.00 -14.7636 -6.8703 -6.8703
30200 38.43 13.68 0.00 -16.2868 -8.9454 -8.9454
30225 37.97 13.56 0.00 -14.6019 -8.3533 -8.3533
30250 37.97 13.56 0.00 -14.6019 -8.3533 -8.3533
30275 37.46 13.45 0.00 -12.0077 -7.7094 -7.7094
30300 37.05 13.26 0.00 -8.9430 -4.2436 -4.2436
30325 37.05 13.26 0.00 -8.9430 -4.2436 -4.2436
30350 36.69 13.03 0.00 -8.6714 -5.3528 -5.3528
30375 36.37 12.80 0.00 -7.7399 -3.8944 -3.8944
30400 36.37 12.80 0.00 -7.7399 -3.8944 -3.8944
30425 36.07 12.60 0.00 -7.3778 -3.4721 -3.4721
30450 35.80 12.48 0.00 -6.1335 -2.8659 -2.8659
30475 35.80 12.48 0.00 -6.1335 -2.8659 -2.8659
30500 35.61 12.42 0.00 -4.0080 -2.3549 -2.3549
30525 35.50 12.39 0.00 -2.3731 -3.2911 -3.2911
30550 35.50 12.39 0.00 -2.3731 -3.2911 -3.2911
30575 35.45 12.41 0.00 -0.4400 -2.8643 -2.8643
30600 35.47 12.46 0.00 0.6771 -2.2600 -2.2600
30625 35.50 12.55 0.00 0.6176 -2.3313 -2.3313
30650 35.50 12.55 0.00 0.6176 -2.3313 -2.3313
30675 35.55 12.65 0.00 2.2115 1.6810 1.6810
30700 35.66 12.84 0.00 2.6034 2.8456 2.8456
30725 35.75 13.12 0.00 2.3519 2.4584 2.4584
30750 35.75 13.12 0.00 2.3519 2.4584 2.4584
30775 35.84 13.50 0.00 1.8204 1.5526 1.5526
30800 35.84 13.50 0.00 1.8204 1.5526 1.5526
30825 35.89 13.82 0.00 1.7108 -0.0495 -0.0495
30850 35.98 14.08 0.00 1.8124 -0.1787 -0.1787
30875 36.09 14.18 0.00 3.2358 2.8403 2.8403
30900 36.09 14.18 0.00 3.2358 2.8403 2.8403
30925 36.20 14.14 0.00 2.6409 1.9207 1.9207
30950 36.30 14.10 0.00 2.3737 2.5851 2.5851
30975 36.30 14.10 0.00 2.3737 2.5851 2.5851
31000 36.36 14.15 0.00 0.7044 2.0278 2.0278
31025 36.36 14.20 0.00 -0.5042 1.6492 1.6492
31050 36.36 14.20 0.00 -0.5042 1.6492 1.6492
31075 36.30 14.28 0.00 -1.8672 0.6478 0.6478
31100 36.23 14.39 0.00 -1.4446 0.1915 0.1915
31125 36.18 14.45 0.00 -1.1503 -1.0114 -1.0114
31150 36.18 14.45 0.00 -1.1503 -1.0114 -1.0114
31175 36.14 14.43 0.00 -0.9542 -1.8318 -1.8318
31200 36.12 14.36 0.00 -0.3090 -0.6813 -0.6813
31225 36.12 14.36 0.00 -0.3090 -0.6813 -0.6813
31250 36.07 14.31 0.00 -1.8678 -3.9898 -3.9898
31275 36.05 14.26 0.00 0.4053 1.9781 1.9781
31300 36.05 14.26 0.00 0.4053 1.9781 1.9781
31325 36.05 14.26 0.00 -0.6395 0.1297 0.1297
31350 36.03 14.33 0.00 -0.2283 0.0648 0.0648
31375 36.00 14.40 0.00 -1.0238 -2.1966 -2.1966
31400 36.00 14.40 0.00 -1.0238 -2.1966 -2.1966
31425 35.95 14.41 0.00 -1.2409 -1.1516 -1.1516
31450 35.95 14.41 0.00 -1.2409 -1.1516 -1.1516
31475 35.89 14.43 0.00 -1.8287 -0.8934 -0.8934
31500 35.80 14.47 0.00 -2.4122 -0.3213 -0.3213
31525 35.70 14.85 0.00 -1.9620 1.0902 1.0902
31550 35.70 14.85 0.00 -1.9620 1.0902 1.0902
31575 35.70 15.71 0.00 0.4054 3.4116 3.4116
31600 35.71 16.76 0.00 0.6406 2.8874 2.8874
31625 35.71 16.76 0.00 0.6406 2.8874 2.8874
31650 35.70 17.78 0.00 -0.9830 1.5021 1.5021
31675 35.66 18.43 0.00 -1.6214 1.9829 1.9829
31700 35.57 19.06 0.00 -2.1950 0.7124 0.7124
31725 35.57 19.06 0.00 -2.1950 0.7124 0.7124
31750 35.48 19.51 0.00 -1.8513 -1.5301 -1.5301
31775 35.45 19.97 0.00 -0.5315 -1.2031 -1.2031
31800 35.45 19.97 0.00 -0.5315 -1.2031 -1.2031
31825 35.47 20.47 0.00 1.0704 0.0416 0.0416
31850 35.47 20.47 0.00 1.0704 0.0416 0.0416
31875 35.52 20.97 0.00 0.5390 -0.9416 -0.9416
31900 35.55 21.49 0.00 2.1916 2.4319 2.4319
31925 35.66 22.11 0.00 2.1172 1.5041 1.5041
31950 35.66 22.11 0.00 2.1172 1.5041 1.5041
31975 35.73 22.78 0.00 2.4417 1.0835 1.0835
32000 35.84 23.42 0.00 1.9482 0.5719 0.5719
32025 35.84 23.42 0.00 1.9482 0.5719 0.5719
32050 35.87 23.99 0.00 0.5568 0.3202 0.3202
32075 35.86 24.48 0.00 -1.0057 -0.2968 -0.2968
32100 35.80 24.91 0.00 -1.0909 1.7345 1.7345
32125 35.80 24.91 0.00 -1.0909 1.7345 1.7345
32150 35.77 25.37 0.00 -0.9674 1.4310 1.4310
32175 35.77 25.93 0.00 0.4364 1.1961 1.1961
32200 35.77 25.93 0.00 0.4364 1.1961 1.1961
32225 35.82 26.62 0.00 1.9777 2.0927 2.0927
32250 35.93 27.35 0.00 3.5340 3.7057 3.7057
32275 36.05 27.91 0.00 3.0077 2.5440 2.5440
32300 36.05 27.91 0.00 3.0077 2.5440 2.5440
32325 36.16 28.14 0.00 2.1564 1.1060 1.1060
32350 36.21 28.10 0.00 0.1645 0.6245 0.6245
32375 36.21 28.10 0.00 0.1645 0.6245 0.6245
32400 36.16 27.93 0.00 -1.8106 -0.2228 -0.2228
32425 36.16 27.93 0.00 -1.8106 -0.2228 -0.2228
32450 35.87 27.34 0.00 -5.1276 -3.1890 -3.1890
32475 35.87 27.34 0.00 -5.1276 -3.1890 -3.1890
32500 35.70 26.90 0.00 -3.4116 -0.3104 -0.3104
32525 35.70 26.90 0.00 -3.4116 -0.3104 -0.3104
32550 35.57 26.56 0.00 -3.5530 -1.7480 -1.7480
32575 35.43 26.41 0.00 -3.8565 -2.9173 -2.9173
32600 35.30 26.38 0.00 -4.0883 -3.7617 -3.7617
32625 35.30 26.38 0.00 -4.0883 -3.7617 -3.7617
32650 35.13 26.43 0.00 -4.4888 -3.9917 -3.9917
32675 34.95 26.42 0.00 -4.4174 -3.2076 -3.2076
32700 34.95 26.42 0.00 -4.4174 -3.2076 -3.2076
32725 34.81 26.31 0.00 -2.9191 -0.6759 -0.6759
32750 34.72 26.14 0.00 -2.3366 -1.7223 -1.7223
32775 34.64 26.03 0.00 -1.0726 -1.5185 -1.5185
32800 34.64 26.03 0.00 -1.0726 -1.5185 -1.5185
32825 34.61 26.05 0.00 -0.9607 -0.6348 -0.6348
32850 34.57 26.15 0.00 -0.5416 0.2076 0.2076
32875 34.57 26.15 0.00 -0.5416 0.2076 0.2076
32900 34.55 26.33 0.00 -0.4610 -0.2030 -0.2030
32925 34.52 26.46 0.00 -1.5421 -0.9375 -0.9375
32950 34.41 26.53 0.00 -3.4355 -2.0681 -2.0681
32975 34.41 26.53 0.00 -3.4355 -2.0681 -2.0681
33000 34.22 26.54 0.00 -6.4594 -2.3613 -2.3613
33025 34.22 26.54 0.00 -6.4594 -2.3613 -2.3613
33050 33.86 26.58 0.00 -10.3102 -3.5829 -3.5829
33075 33.32 26.71 0.00 -15.4110 -7.0711 -7.0711
33100 33.32 26.71 0.00 -15.4110 -7.0711 -7.0711
33125 32.67 26.89 0.00 -16.4417 -5.5052 -5.5052
33150 32.01 27.15 0.00 -16.1383 -4.7791 -4.7791
33175 32.01 27.15 0.00 -16.1383 -4.7791 -4.7791
33200 31.45 27.38 0.00 -12.7288 -4.1900 -4.1900
33225 30.98 27.60 0.00 -11.7141 -5.8639 -5.8639
33250 30.49 27.76 0.00 -11.8767 -1.5567 -1.5567
33275 30.04 27.87 0.00 -10.9824 -1.8814 -1.8814
33300 30.04 27.87 0.00 -10.9824 -1.8814 -1.8814
33325 29.65 27.97 0.00 -8.3687 -0.9172 -0.9172
33350 29.42 28.05 0.00 -4.8560 -0.9288 -0.9288
33375 29.42 28.05 0.00 -4.8560 -0.9288 -0.9288
33400 29.36 28.17 0.00 -0.5135 0.9053 0.9053
33425 29.36 28.17 0.00 -0.5135 0.9053 0.9053
33450 29.45 28.36 0.00 3.6176 1.4986 1.4986
33475 29.62 28.60 0.00 3.8943 1.1685 1.1685
33500 29.75 28.78 0.00 2.7038 2.4944 2.4944
33525 29.75 28.78 0.00 2.7038 2.4944 2.4944
33550 29.80 28.90 0.00 0.8227 1.5086 1.5086
33575 29.80 29.01 0.00 -0.0280 -0.0628 -0.0628
33600 29.82 29.13 0.00 0.3161 -0.6864 -0.6864
33625 29.82 29.13 0.00 0.3161 -0.6864 -0.6864
33650 29.84 29.28 0.00 0.7538 1.2430 1.2430
33675 29.84 29.46 0.00 -0.6510 -1.0851 -1.0851
33700 29.84 29.46 0.00 -0.6510 -1.0851 -1.0851
33725 29.84 29.58 0.00 0.2675 3.6288 3.6288
33750 29.78 29.72 0.00 -2.8467 1.1019 1.1019
33775 29.78 29.72 0.00 -2.8467 1.1019 1.1019
33800 29.58 29.93 0.00 -6.2659 -0.8878 -0.8878
33825 29.22 30.13 0.00 -11.0091 -3.9437 -3.9437
33850 28.76 30.29 0.00 -10.7546 -4.7581 -4.7581
33875 28.76 30.29 0.00 -10.7546 -4.7581 -4.7581
33900 28.36 30.42 0.00 -9.6589 -5.3579 -5.3579
33925 28.12 30.49 0.00 -7.4594 -2.5847 -2.5847
33950 28.12 30.49 0.00 -7.4594 -2.5847 -2.5847
33975 27.79 30.64 0.00 -5.7823 -1.5633 -1.5633
34000 27.61 30.81 0.00 -4.1621 -1.3887 -1.3887
34025 27.61 30.81 0.00 -4.1621 -1.3887 -1.3887
34050 27.45 31.04 0.00 -4.2750 -1.4945 -1.4945
34075 27.23 31.27 0.00 -6.5834 -1.4834 -1.4834
34100 27.23 31.27 0.00 -6.5834 -1.4834 -1.4834
34125 26.93 31.45 0.00 -7.4139 -1.0247 -1.0247
34150 26.66 31.55 0.00 -6.3267 -2.1160 -2.1160
34175 26.47 31.59 0.00 -6.4634 -4.0709 -4.0709
34200 26.47 31.59 0.00 -6.4634 -4.0709 -4.0709
34225 26.20 31.63 0.00 -7.2969 -3.5460 -3.5460
34250 25.83 31.74 0.00 -10.9308 -3.6461 -3.6461
34275 25.83 31.74 0.00 -10.9308 -3.6461 -3.6461
34300 25.25 31.79 0.00 -17.2147 -5.6341 -5.6341
34325 24.45 31.80 0.00 -20.2432 -5.9949 -5.9949
34350 23.71 31.76 0.00 -18.2805 -5.8387 -5.8387
34375 23.71 31.76 0.00 -18.2805 -5.8387 -5.8387
34400 23.06 31.68 0.00 -14.4582 -6.6335 -6.6335
34425 22.57 31.61 0.00 -10.9764 -5.4860 -5.4860
34450 22.57 31.61 0.00 -10.9764 -5.4860 -5.4860
34475 22.15 31.53 0.00 -9.2607 -5.1263 -5.1263
34500 21.80 31.44 0.00 -9.3714 -6.2160 -6.2160
34525 21.80 31.44 0.00 -9.3714 -6.2160 -6.2160
34550 21.44 31.26 0.00 -9.1321 -4.5932 -4.5932
34575 21.04 31.08 0.00 -10.0606 -6.4346 -6.4346
34600 20.66 30.93 0.00 -9.4392 -5.3811 -5.3811
34625 20.66 30.93 0.00 -9.4392 -5.3811 -5.3811
34650 20.32 30.82 0.00 -7.2793 -4.1456 -4.1456
34675 20.13 30.74 0.00 -3.5629 -2.5082 -2.5082
34700 20.13 30.74 0.00 -3.5629 -2.5082 -2.5082
34725 20.06 30.75 0.00 -1.4701 -1.4916 -1.4916
34750 20.02 30.81 0.00 -1.4189 -1.0587 -1.0587
34775 20.02 30.81 0.00 -1.4189 -1.0587 -1.0587
34800 19.88 30.88 0.00 -3.9498 -2.1869 -2.1869
34825 19.73 30.90 0.00 -6.3690 -2.5128 -2.5128
34850 19.43 30.83 0.00 -7.6835 -2.1162 -2.1162
34875 19.43 30.83 0.00 -7.6835 -2.1162 -2.1162
34900 19.08 30.69 0.00 -8.8441 -5.0851 -5.0851
34925 18.82 30.53 0.00 -5.4805 -0.4805 -0.4805
34950 18.82 30.53 0.00 -5.4805 -0.4805 -0.4805
34975 18.64 30.47 0.00 -3.7018 -1.7799 -1.7799
35000 18.57 30.51 0.00 -0.7395 -0.9122 -0.9122
35025 18.55 30.59 0.00 -0.5207 -0.8165 -0.8165
35050 18.55 30.59 0.00 -0.5207 -0.8165 -0.8165
35075 18.49 30.71 0.00 -2.5368 -0.7123 -0.7123
35100 18.32 30.87 0.00 -5.1342 -1.9175 -1.9175
35125 18.32 30.87 0.00 -5.1342 -1.9175 -1.9175
35150 18.11 31.12 0.00 -5.5829 -1.3633 -1.3633
35175 17.84 31.44 0.00 -6.6956 -1.9318 -1.9318
35200 17.84 31.44 0.00 -6.6956 -1.9318 -1.9318
35225 17.57 31.70 0.00 -6.1639 -3.2581 -3.2581
35250 17.39 31.87 0.00 -2.7291 -2.4115 -2.4115
35275 17.39 31.87 0.00 -2.7291 -2.4115 -2.4115
35300 17.35 32.13 0.00 0.4558 -0.9209 -0.9209
35325 17.39 32.52 0.00 1.4462 1.1097 1.1097
35350 17.39 32.52 0.00 1.4462 1.1097 1.1097
35375 17.43 33.06 0.00 0.3662 -0.0462 -0.0462
35400 17.39 33.40 0.00 -2.3781 -2.2197 -2.2197
35425 17.31 33.66 0.00 -1.5319 -0.9673 -0.9673
35450 17.31 33.66 0.00 -1.5319 -0.9673 -0.9673
35475 17.26 33.92 0.00 -1.4126 -0.3515 -0.3515
35500 17.16 34.07 0.00 -3.1482 -1.3029 -1.3029
35525 17.16 34.07 0.00 -3.1482 -1.3029 -1.3029
35550 17.06 34.16 0.00 -1.6828 1.7081 1.7081
35575 16.97 34.24 0.00 -2.7430 -0.3805 -0.3805
35600 16.83 34.32 0.00 -4.3274 -2.6801 -2.6801
35625 16.83 34.32 0.00 -4.3274 -2.6801 -2.6801
35650 16.54 34.29 0.00 -9.6495 -5.0000 -5.0000
35675 16.04 34.24 0.00 -13.9886 -5.4959 -5.4959
35700 16.04 34.24 0.00 -13.9886 -5.4959 -5.4959
35725 15.45 34.12 0.00 -14.2323 -6.1362 -6.1362
35750 15.08 33.98 0.00 -11.1829 -6.1059 -6.1059
35775 15.08 33.98 0.00 -11.1829 -6.1059 -6.1059
35800 14.75 33.94 0.00 -7.3251 -4.2432 -4.2432
35825 14.55 34.33 0.00 -3.4765 -5.1910 -5.1910
35850 14.45 34.79 0.00 -1.5238 -4.3534 -4.3534
35875 14.45 34.79 0.00 -1.5238 -4.3534 -4.3534
35900 14.39 34.99 0.00 -1.9208 -5.2421 -5.2421
35925 14.31 34.90 0.00 -2.1390 -2.9712 -2.9712
35950 14.31 34.90 0.00 -2.1390 -2.9712 -2.9712
35975 14.19 34.64 0.00 -2.8589 -0.7281 -0.7281
36000 14.18 34.82 0.00 2.2312 1.1965 1.1965
36025 14.37 35.55 0.00 3.4969 0.3201 0.3201
36050 14.37 35.55 0.00 3.4969 0.3201 0.3201
36075 14.29 36.03 0.00 -4.0449 0.2365 0.2365
36100 14.12 36.05 0.00 -5.1998 1.3730 1.3730
36125 14.12 36.05 0.00 -5.1998 1.3730 1.3730
36150 13.92 35.99 0.00 -3.7139 -0.7295 -0.7295
36175 13.82 36.06 0.00 -1.9967 -1.5859 -1.5859
36200 13.82 36.06 0.00 -1.9967 -1.5859 -1.5859
36225 13.72 36.32 0.00 -2.4212 -0.3703 -0.3703
36250 13.60 36.65 0.00 -3.9855 -0.1872 -0.1872
36275 13.60 36.65 0.00 -3.9855 -0.1872 -0.1872
36300 13.44 37.02 0.00 -4.1000 -0.1913 -0.1913
36325 13.25 37.40 0.00 -4.8348 -0.3045 -0.3045
36350 13.09 37.73 0.00 -3.5195 3.7311 3.7311
36375 13.09 37.73 0.00 -3.5195 3.7311 3.7311
36400 12.97 37.98 0.00 -2.9284 3.5338 3.5338
36425 12.97 37.98 0.00 -2.9284 3.5338 3.5338
36450 12.89 38.23 0.00 -1.2877 3.0426 3.0426
36475 12.87 38.53 0.00 -0.5592 1.3264 1.3264
36500 12.87 38.75 0.00 0.8577 2.1767 2.1767
36525 12.87 38.75 0.00 0.8577 2.1767 2.1767
36550 12.89 39.04 0.00 -0.1346 1.6587 1.6587
36575 12.87 39.29 0.00 -2.4584 1.4574 1.4574
36600 12.47 39.50 0.00 -13.0640 7.3862 7.3862
36625 12.47 39.50 0.00 -13.0640 7.3862 7.3862
36650 12.47 39.50 0.00 -13.0640 7.3862 7.3862
36675 11.71 39.58 0.00 -2.7520 5.4304 5.4304
36700 11.71 39.58 0.00 -2.7520 5.4304 5.4304
36725 11.85 39.82 0.00 6.5345 -3.4919 -3.4919
36750 12.15 40.23 0.00 7.9723 0.0575 0.0575
36775 12.15 40.23 0.00 7.9723 0.0575 0.0575
36800 12.43 40.61 0.00 4.8244 4.6703 4.6703
36825 12.51 40.90 0.00 1.4086 5.6397 5.6397
36850 12.59 41.18 0.00 1.9778 4.9321 4.9321
36875 12.59 41.18 0.00 1.9778 4.9321 4.9321
36900 12.67 41.47 0.00 2.6002 3.4785 3.4785
36925 12.79 41.79 0.00 3.3016 2.6104 2.6104
36950 12.79 41.79 0.00 3.3016 2.6104 2.6104
36975 13.01 42.13 0.00 6.6356 5.0016 5.0016
37000 13.31 42.47 0.00 7.8643 4.7251 4.7251
37025 13.31 42.47 0.00 7.8643 4.7251 4.7251
37050 13.64 42.75 0.00 8.7254 5.5915 5.5915
37075 14.00 43.08 0.00 8.9946 6.8564 6.8564
37100 14.33 43.40 0.00 7.6259 5.6182 5.6182
37125 14.33 43.40 0.00 7.6259 5.6182 5.6182
37150 14.57 43.73 0.00 4.8044 4.2818 4.2818
37175 14.71 44.03 0.00 3.2030 3.1770 3.1770
37200 14.71 44.03 0.00 3.2030 3.1770 3.1770
37225 14.84 44.36 0.00 3.5646 1.8782 1.8782
37250 15.02 44.74 0.00 5.2089 1.4756 1.4756
37275 15.27 45.16 0.00 6.3962 2.9866 2.9866
37300 15.27 45.16 0.00 6.3962 2.9866 2.9866
37325 15.45 45.43 0.00 6.0622 2.5073 2.5073
37350 15.45 45.43 0.00 6.0622 2.5073 2.5073
37375 15.76 45.74 0.00 8.3515 6.6302 6.6302
37400 16.05 45.99 0.00 6.4470 5.4844 5.4844
37425 16.29 46.18 0.00 5.4033 4.6978 4.6978
37450 16.29 46.18 0.00 5.4033 4.6978 4.6978
37475 16.46 46.44 0.00 4.0363 1.9612 1.9612
37500 16.62 46.82 0.00 3.3456 1.8671 1.8671
37525 16.62 46.82 0.00 3.3456 1.8671 1.8671
37550 16.79 47.19 0.00 5.5194 4.0727 4.0727
37575 17.06 47.52 0.00 7.2047 3.4468 3.4468
37600 17.06 47.52 0.00 7.2047 3.4468 3.4468
37625 17.35 47.78 0.00 7.0579 3.6534 3.6534
37650 17.62 47.97 0.00 6.2580 4.6955 4.6955
37675 17.84 48.14 0.00 5.5377 4.3898 4.3898
37700 17.84 48.14 0.00 5.5377 4.3898 4.3898
37725 18.05 48.34 0.00 4.6782 3.7920 3.7920
37750 18.22 48.58 0.00 4.2460 3.8433 3.8433
37775 18.22 48.58 0.00 4.2460 3.8433 3.8433
37800 18.37 48.85 0.00 3.8484 2.3764 2.3764
37825 18.55 49.18 0.00 4.3508 3.9649 3.9649
37850 18.55 49.18 0.00 4.3508 3.9649 3.9649
37875 18.70 49.51 0.00 3.1882 1.4094 1.4094
37900 18.87 49.71 0.00 5.1879 4.8797 4.8797
37925 18.87 49.71 0.00 5.1879 4.8797 4.8797
37950 19.06 49.87 0.00 4.4388 3.5805 3.5805
37975 19.24 49.95 0.00 4.2639 3.5600 3.5600
38000 19.39 50.02 0.00 3.9716 2.0874 2.0874
38025 19.39 50.02 0.00 3.9716 2.0874 2.0874
38050 19.56 50.07 0.00 3.8702 0.8903 0.8903
38075 19.66 50.11 0.00 3.2997 0.8207 0.8207
38100 19.66 50.11 0.00 3.2997 0.8207 0.8207
38125 19.79 50.11 0.00 3.2754 2.3835 2.3835
38150 19.90 50.20 0.00 2.4343 1.2539 1.2539
38175 20.02 50.35 0.00 3.9576 2.2267 2.2267
38200 20.02 50.35 0.00 3.9576 2.2267 2.2267
38225 20.21 50.53 0.00 5.0750 1.9050 1.9050
38250 20.45 50.67 0.00 6.3747 2.7334 2.7334
38275 20.45 50.67 0.00 6.3747 2.7334 2.7334
38300 20.72 50.74 0.00 6.5797 2.8696 2.8696
38325 20.97 50.74 0.00 6.3448 3.0127 3.0127
38350 21.23 50.73 0.00 6.4357 3.3528 3.3528
38375 21.23 50.73 0.00 6.4357 3.3528 3.3528
38400 21.44 50.80 0.00 4.9171 1.2081 1.2081
38425 21.68 50.90 0.00 7.2688 4.2606 4.2606
38450 21.68 50.90 0.00 7.2688 4.2606 4.2606
38475 22.02 51.08 0.00 9.3685 3.7727 3.7727
38500 22.53 51.33 0.00 14.8051 3.9211 3.9211
38525 22.53 51.33 0.00 14.8051 3.9211 3.9211
38550 23.21 51.54 0.00 17.4196 3.6795 3.6795
38575 23.86 51.66 0.00 15.4171 4.2122 4.2122
38600 23.86 51.66 0.00 15.4171 4.2122 4.2122
38625 24.40 51.65 0.00 12.0248 4.9148 4.9148
38650 24.81 51.55 0.00 9.0223 4.3243 4.3243
38675 24.81 51.55 0.00 9.0223 4.3243 4.3243
38700 25.07 51.51 0.00 5.5850 3.0513 3.0513
38725 25.23 51.52 0.00 3.2785 1.9837 1.9837
38750 25.35 51.58 0.00 2.2621 0.7927 0.7927
38775 25.35 51.58 0.00 2.2621 0.7927 0.7927
38800 25.42 51.71 0.00 1.8950 0.6132 0.6132
38825 25.51 51.79 0.00 2.7989 2.1065 2.1065
38850 25.51 51.79 0.00 2.7989 2.1065 2.1065
38875 25.62 51.92 0.00 4.0306 2.3452 2.3452
38900 25.84 52.19 0.00 6.0436 3.5017 3.5017
38925 26.07 52.52 0.00 5.3121 1.5971 1.5971
38950 26.07 52.52 0.00 5.3121 1.5971 1.5971
38975 26.29 52.83 0.00 5.7481 5.6935 5.6935
39000 26.51 53.11 0.00 4.9818 5.9333 5.9333
39025 26.51 53.11 0.00 4.9818 5.9333 5.9333
39050 26.71 53.34 0.00 5.6164 5.0024 5.0024
39075 26.97 53.56 0.00 6.2309 2.6305 2.6305
39100 26.97 53.56 0.00 6.2309 2.6305 2.6305
39125 27.21 53.88 0.00 5.8440 1.7581 1.7581
39150 27.45 54.20 0.00 6.7224 1.9753 1.9753
39175 27.78 54.54 0.00 8.4086 4.2594 4.2594
39200 27.78 54.54 0.00 8.4086 4.2594 4.2594
39225 28.11 54.93 0.00 8.7759 4.2372 4.2372
39250 28.51 55.36 0.00 11.1106 5.7783 5.7783
39275 28.51 55.36 0.00 11.1106 5.7783 5.7783
39300 28.98 55.70 0.00 12.0447 6.5999 6.5999
39325 29.44 55.82 0.00 11.0541 6.6030 6.6030
39350 29.85 55.88 0.00 10.0468 6.0729 6.0729
39375 29.85 55.88 0.00 10.0468 6.0729 6.0729
39400 30.36 56.04 0.00 15.3501 8.3148 8.3148
39425 30.36 56.04 0.00 15.3501 8.3148 8.3148
39450 31.05 56.36 0.00 17.3651 3.4824 3.4824
39475 31.70 56.38 0.00 15.1407 -2.4330 -2.4330
39500 32.26 56.23 0.00 12.6657 -0.4868 -0.4868
39525 32.26 56.23 0.00 12.6657 -0.4868 -0.4868
39550 32.64 56.04 0.00 7.8317 0.3331 0.3331
39575 32.91 55.92 0.00 7.0825 2.1441 2.1441
39600 33.23 55.83 0.00 8.8088 1.7427 1.7427
39625 33.23 55.83 0.00 8.8088 1.7427 1.7427
39650 33.53 55.89 0.00 11.0201 0.4714 0.4714
39675 34.02 56.08 0.00 12.2686 0.6175 0.6175
39700 34.02 56.08 0.00 12.2686 0.6175 0.6175
39725 34.52 56.20 0.00 12.5139 1.1200 1.1200
39750 34.52 56.20 0.00 12.5139 1.1200 1.1200
39775 34.93 56.17 0.00 8.7613 0.0632 0.0632
39800 35.20 56.03 0.00 5.5223 1.1898 1.1898
39825 35.34 55.93 0.00 2.4502 0.5822 0.5822
39850 35.34 55.93 0.00 2.4502 0.5822 0.5822
39875 35.36 55.89 0.00 -0.5247 1.3515 1.3515
39900 35.30 55.91 0.00 -1.8110 2.1234 2.1234
39925 35.23 55.91 0.00 -1.6359 1.7415 1.7415
39950 35.23 55.91 0.00 -1.6359 1.7415 1.7415
39975 35.18 55.91 0.00 -0.7445 0.2897 0.2897
40000 35.23 55.85 0.00 1.8212 0.4494 0.4494
40025 35.23 55.85 0.00 1.8212 0.4494 0.4494
40050 35.32 55.68 0.00 3.3189 -0.5328 -0.5328
40075 35.48 55.45 0.00 3.8941 2.7795 2.7795
40100 35.48 55.45 0.00 3.8941 2.7795 2.7795
40125 35.61 55.25 0.00 2.3056 3.4370 3.4370
40150 35.68 55.11 0.00 1.8705 2.4154 2.4154
40175 35.68 55.11 0.00 1.8705 2.4154 2.4154
40200 35.73 55.00 0.00 0.9789 0.4815 0.4815
40225 35.79 54.93 0.00 1.1378 0.3900 0.3900
40250 35.89 54.81 0.00 4.0108 2.0742 2.0742
40275 35.89 54.81 0.00 4.0108 2.0742 2.0742
40300 36.14 54.65 0.00 8.1539 2.0579 2.0579
40325 36.55 54.53 0.00 11.4519 3.0945 3.0945
40350 36.55 54.53 0.00 11.4519 3.0945 3.0945
40375 37.08 54.43 0.00 13.1260 4.0759 4.0759
40400 37.62 54.43 0.00 13.8210 6.6107 6.6107
40425 38.04 54.40 0.00 14.4523 8.6204 8.6204
40450 38.04 54.40 0.00 14.4523 8.6204 8.6204
40475 38.69 54.50 0.00 18.4941 6.3802 6.3802
40500 39.61 54.87 0.00 24.5423 6.4645 6.4645
40525 40.55 55.15 0.00 21.3692 5.1389 5.1389
40550 40.55 55.15 0.00 21.3692 5.1389 5.1389
40575 41.18 55.32 0.00 11.4939 3.1997 3.1997
40600 41.43 55.34 0.00 4.7467 3.5392 3.5392
40625 41.43 55.34 0.00 4.7467 3.5392 3.5392
40650 41.62 55.34 0.00 5.9942 3.5768 3.5768
40675 41.99 55.25 0.00 9.7097 -0.3726 -0.3726
40700 41.99 55.25 0.00 9.7097 -0.3726 -0.3726
40725 42.39 55.06 0.00 10.6911 1.0327 1.0327
40750 42.80 54.89 0.00 8.8089 2.5550 2.5550
40775 42.80 54.89 0.00 8.8089 2.5550 2.5550
40800 43.02 54.73 0.00 3.8072 0.4238 0.4238
40825 43.08 54.59 0.00 0.5114 2.1561 2.1561
40850 43.08 54.59 0.00 0.5114 2.1561 2.1561
40875 43.06 54.36 0.00 -1.5670 2.7580 2.7580
40900 42.94 54.12 0.00 -3.3416 1.4791 1.4791
40925 42.83 53.96 0.00 -1.7297 1.8888 1.8888
40950 42.83 53.96 0.00 -1.7297 1.8888 1.8888
40975 42.83 53.85 0.00 0.5923 0.6080 0.6080
41000 42.90 53.73 0.00 2.3703 0.5075 0.5075
41025 42.90 53.73 0.00 2.3703 0.5075 0.5075
41050 43.04 53.64 0.00 4.0158 1.0799 1.0799
41075 43.17 53.61 0.00 2.5159 0.4008 0.4008
41100 43.17 53.61 0.00 2.5159 0.4008 0.4008
41125 43.20 53.57 0.00 -0.0838 -0.6226 -0.6226
41150 43.18 53.46 0.00 -0.7403 1.0189 1.0189
41175 43.13 53.30 0.00 -1.4150 -0.6501 -0.6501
41200 43.13 53.30 0.00 -1.4150 -0.6501 -0.6501
41225 43.13 53.18 0.00 1.0481 2.1226 2.1226
41250 43.18 53.02 0.00 0.9975 0.4031 0.4031
41275 43.24 52.87 0.00 1.5648 -0.2394 -0.2394
41300 43.24 52.87 0.00 1.5648 -0.2394 -0.2394
41325 43.27 52.75 0.00 0.3175 -0.6432 -0.6432
41350 43.22 52.64 0.00 -2.1401 -0.4447 -0.4447
41375 43.22 52.64 0.00 -2.1401 -0.4447 -0.4447
41400 43.08 52.44 0.00 -4.2399 1.0138 1.0138
41425 43.08 52.44 0.00 -4.2399 1.0138 1.0138
41450 42.90 52.19 0.00 -4.2024 2.8456 2.8456
41475 42.80 51.88 0.00 -1.2544 2.5185 2.5185
41500 42.87 51.54 0.00 3.4774 0.3338 0.3338
41525 42.87 51.54 0.00 3.4774 0.3338 0.3338
41550 43.06 51.24 0.00 5.2123 -1.4275 -1.4275
41575 43.27 50.95 0.00 5.0470 2.1408 2.1408
41600 43.27 50.95 0.00 5.0470 2.1408 2.1408
41625 43.43 50.68 0.00 3.0363 3.5361 3.5361
41650 43.55 50.49 0.00 3.4135 4.7477 4.7477
41675 43.80 50.29 0.00 8.1952 8.4212 8.4212
41700 43.80 50.29 0.00 8.1952 8.4212 8.4212
41725 44.09 50.15 0.00 6.6251 6.2418 6.2418
41750 44.34 49.95 0.00 5.7842 4.3483 4.3483
41775 44.34 49.95 0.00 5.7842 4.3483 4.3483
41800 44.57 49.72 0.00 6.5389 2.8908 2.8908
41825 44.86 49.56 0.00 11.6127 4.4397 4.4397
41850 45.37 49.38 0.00 12.9991 4.5151 4.5151
41875 45.37 49.38 0.00 12.9991 4.5151 4.5151
41900 45.86 49.26 0.00 11.5464 4.3304 4.3304
41925 46.26 49.21 0.00 8.1629 2.7444 2.7444
41950 46.26 49.21 0.00 8.1629 2.7444 2.7444
