%#        Time[ms]        X[pixel],        Y[pixel],        Z[pixel],  dX/dt[pixel/s],  dY/dt[pixel/s],  dZ/dt[pixel/s] 
0 50.00 50.00 0.00 1.9731 -1.3641 -1.3641
25 50.07 50.16 0.00 1.2107 -1.1766 -1.1766
50 50.07 50.37 0.00 -0.7751 0.0067 0.0067
75 50.07 50.37 0.00 -0.7751 0.0067 0.0067
100 50.07 50.63 0.00 0.7514 -1.3605 -1.3605
125 50.12 50.65 0.00 1.4862 -1.2000 -1.2000
150 50.19 50.56 0.00 1.6560 0.0490 0.0490
175 50.19 50.56 0.00 1.6560 0.0490 0.0490
200 50.23 50.42 0.00 0.3564 1.9529 1.9529
225 50.23 50.28 0.00 -0.1656 1.9940 1.9940
250 50.23 50.28 0.00 -0.1656 1.9940 1.9940
275 50.23 50.28 0.00 -0.0990 1.6513 1.6513
300 50.21 50.40 0.00 -0.4871 0.0680 0.0680
325 50.21 50.40 0.00 -0.4871 0.0680 0.0680
350 50.17 50.52 0.00 -0.9311 -0.5701 -0.5701
375 50.16 50.56 0.00 -0.6466 2.0772 2.0772
400 50.16 50.56 0.00 -0.6466 2.0772 2.0772
425 50.12 50.54 0.00 -1.0222 0.9998 0.9998
450 50.09 50.52 0.00 -0.6027 -0.0414 -0.0414
475 50.07 50.52 0.00 0.0243 -0.4667 -0.4667
500 50.07 50.52 0.00 0.0243 -0.4667 -0.4667
525 50.05 50.65 0.00 -0.6899 -2.0670 -2.0670
550 50.05 50.98 0.00 0.4625 -1.6689 -1.6689
575 50.05 50.98 0.00 0.4625 -1.6689 -1.6689
600 50.10 51.36 0.00 2.1860 -1.4754 -1.4754
625 50.26 52.10 0.00 5.2217 0.6295 0.6295
650 50.52 53.02 0.00 6.9309 1.3622 1.3622
675 50.52 53.02 0.00 6.9309 1.3622 1.3622
700 50.82 53.81 0.00 7.3736 4.4369 4.4369
725 51.08 54.40 0.00 6.4712 3.7699 3.7699
750 51.08 54.40 0.00 6.4712 3.7699 3.7699
775 51.33 55.12 0.00 5.7089 3.0832 3.0832
800 51.50 55.97 0.00 3.8113 0.1833 0.1833
825 51.64 56.90 0.00 2.8367 -2.5005 -2.5005
850 51.64 56.90 0.00 2.8367 -2.5005 -2.5005
875 51.75 57.89 0.00 2.8080 -2.3390 -2.3390
900 51.87 58.49 0.00 2.7790 -1.2160 -1.2160
925 51.87 58.49 0.00 2.7790 -1.2160 -1.2160
950 51.99 58.75 0.00 3.8063 -0.4014 -0.4014
975 52.20 58.80 0.00 5.7756 0.6035 0.6035
1000 52.20 58.80 0.00 5.7756 0.6035 0.6035
1025 52.48 58.89 0.00 8.3202 0.4579 0.4579
1050 52.86 59.26 0.00 10.7354 0.3857 0.3857
1075 52.86 59.26 0.00 10.7354 0.3857 0.3857
1100 53.37 60.21 0.00 13.3425 1.1232 1.1232
1125 53.96 61.24 0.00 15.6926 1.8753 1.8753
1150 54.63 62.11 0.00 17.6089 -0.6388 -0.6388
1175 54.63 62.11 0.00 17.6089 -0.6388 -0.6388
1200 55.42 62.62 0.00 21.2091 0.8351 0.8351
1225 56.34 62.91 0.00 24.3724 -1.3602 -1.3602
1250 56.34 62.91 0.00 24.3724 -1.3602 -1.3602
1275 57.31 63.16 0.00 22.7519 -2.1171 -2.1171
1300 58.08 63.41 0.00 17.1794 -2.2473 -2.2473
1325 58.61 63.79 0.00 11.1490 -1.2954 -1.2954
1350 58.61 63.79 0.00 11.1490 -1.2954 -1.2954
1375 58.87 64.13 0.00 7.6975 -0.8496 -0.8496
1400 59.08 64.52 0.00 3.8227 1.1547 1.1547
1425 59.08 64.52 0.00 3.8227 1.1547 1.1547
1450 59.14 64.71 0.00 0.5955 2.1131 2.1131
1475 59.15 64.79 0.00 0.0417 1.6789 1.6789
1500 59.15 64.79 0.00 0.0417 1.6789 1.6789
1525 59.12 64.75 0.00 -0.9072 0.5509 0.5509
1550 59.08 64.84 0.00 -0.4023 -0.1045 -0.1045
1575 59.08 64.84 0.00 -0.4023 -0.1045 -0.1045
1600 59.12 65.19 0.00 1.4061 0.7735 0.7735
1625 59.21 65.76 0.00 2.3709 0.1459 0.1459
1650 59.24 66.42 0.00 -0.3670 -1.9743 -1.9743
1675 59.24 66.42 0.00 -0.3670 -1.9743 -1.9743
1700 59.19 66.97 0.00 -1.8945 0.3038 0.3038
1725 59.07 67.56 0.00 -3.4629 -0.9955 -0.9955
1750 59.07 67.56 0.00 -3.4629 -0.9955 -0.9955
1775 58.96 68.29 0.00 -2.0908 -1.3554 -1.3554
1800 58.92 68.93 0.00 0.3540 -1.5551 -1.5551
1825 58.92 68.93 0.00 0.3540 -1.5551 -1.5551
1850 59.01 69.56 0.00 3.0871 -2.5197 -2.5197
1875 59.21 70.39 0.00 6.3317 -1.3826 -1.3826
1900 59.51 71.34 0.00 7.5180 -0.7375 -0.7375
1925 59.51 71.34 0.00 7.5180 -0.7375 -0.7375
1950 59.77 71.99 0.00 5.8665 1.0216 1.0216
1975 59.93 72.37 0.00 4.6765 2.3251 2.3251
2000 59.93 72.37 0.00 4.6765 2.3251 2.3251
2025 60.09 72.78 0.00 2.2158 2.2369 2.2369
2050 60.14 72.98 0.00 1.3355 2.3843 2.3843
2075 60.14 72.98 0.00 1.3355 2.3843 2.3843
2100 60.19 73.07 0.00 1.6234 2.3238 2.3238
2125 60.26 73.05 0.00 2.2554 2.2656 2.2656
2150 60.35 72.95 0.00 2.6146 -1.1030 -1.1030
2175 60.35 72.95 0.00 2.6146 -1.1030 -1.1030
2200 60.48 72.84 0.00 3.1805 0.9012 0.9012
2225 60.55 72.73 0.00 0.6874 1.0558 1.0558
2250 60.55 72.73 0.00 0.6874 1.0558 1.0558
2275 60.53 72.49 0.00 -0.8151 1.9803 1.9803
2300 60.49 72.19 0.00 -1.1344 0.7606 0.7606
2325 60.49 72.19 0.00 -1.1344 0.7606 0.7606
2350 60.46 71.77 0.00 -0.9025 -0.6382 -0.6382
2375 60.42 71.28 0.00 -0.9935 -0.2801 -0.2801
2400 60.37 70.77 0.00 -0.8884 -0.3008 -0.3008
2425 60.37 70.77 0.00 -0.8884 -0.3008 -0.3008
2450 60.33 70.32 0.00 -0.9933 -0.9072 -0.9072
2475 60.32 70.03 0.00 -0.4641 -0.3594 -0.3594
2500 60.32 70.03 0.00 -0.4641 -0.3594 -0.3594
2525 60.28 69.85 0.00 -1.4327 0.2980 0.2980
2550 60.23 69.64 0.00 -1.1876 1.7053 1.7053
2575 60.18 69.38 0.00 -1.4213 1.0400 1.0400
2600 60.18 69.38 0.00 -1.4213 1.0400 1.0400
2625 60.12 69.15 0.00 -0.7866 -0.9087 -0.9087
2650 60.16 68.92 0.00 2.5542 0.5914 0.5914
2675 60.16 68.92 0.00 2.5542 0.5914 0.5914
2700 60.39 68.76 0.00 7.2267 1.7229 1.7229
2725 60.39 68.76 0.00 7.2267 1.7229 1.7229
2750 60.70 68.67 0.00 8.3405 2.0120 2.0120
2775 60.99 68.71 0.00 5.8309 1.3246 1.3246
2800 61.15 68.72 0.00 2.9414 0.8566 0.8566
2825 61.20 68.72 0.00 1.9077 0.3627 0.3627
2850 61.20 68.72 0.00 1.9077 0.3627 0.3627
2875 61.32 68.54 0.00 2.0668 2.3134 2.3134
2900 61.32 68.54 0.00 2.0668 2.3134 2.3134
2925 61.46 68.40 0.00 5.4783 2.6613 2.6613
2950 61.71 68.37 0.00 9.3527 2.4039 2.4039
2975 62.12 68.41 0.00 9.6298 2.6508 2.6508
3000 62.12 68.41 0.00 9.6298 2.6508 2.6508
3025 62.40 68.50 0.00 5.3415 1.5060 1.5060
3050 62.49 68.61 0.00 0.1531 1.8367 1.8367
3075 62.37 68.59 0.00 -5.1350 1.5739 1.5739
3100 62.37 68.59 0.00 -5.1350 1.5739 1.5739
3125 62.08 68.64 0.00 -7.4842 -1.2536 -1.2536
3150 62.08 68.64 0.00 -7.4842 -1.2536 -1.2536
3175 61.80 68.73 0.00 -6.7411 0.1376 0.1376
3200 61.57 68.80 0.00 -5.3593 -0.9004 -0.9004
3225 61.36 68.86 0.00 -4.8407 -0.8267 -0.8267
3250 61.15 68.91 0.00 -6.1934 -2.1742 -2.1742
3275 61.15 68.91 0.00 -6.1934 -2.1742 -2.1742
3300 60.83 68.93 0.00 -8.8140 -2.1800 -2.1800
3325 60.44 68.96 0.00 -10.3091 -1.8666 -1.8666
3350 60.44 68.96 0.00 -10.3091 -1.8666 -1.8666
3375 60.03 68.97 0.00 -10.2590 -1.8420 -1.8420
3400 59.61 68.93 0.00 -10.3272 -3.1621 -3.1621
3425 59.61 68.93 0.00 -10.3272 -3.1621 -3.1621
3450 59.15 68.96 0.00 -12.4233 -4.4780 -4.4780
3475 58.59 69.15 0.00 -15.3319 -5.3202 -5.3202
3500 58.59 69.15 0.00 -15.3319 -5.3202 -5.3202
3525 57.92 69.50 0.00 -17.5683 -6.0694 -6.0694
3550 57.24 69.81 0.00 -16.5201 -5.3014 -5.3014
3575 57.24 69.81 0.00 -16.5201 -5.3014 -5.3014
3600 56.59 70.09 0.00 -16.0728 -4.7067 -4.7067
3625 55.91 70.41 0.00 -17.9925 -6.8983 -6.8983
3650 55.12 70.78 0.00 -20.4194 -4.6431 -4.6431
3675 55.12 70.78 0.00 -20.4194 -4.6431 -4.6431
3700 54.51 71.06 0.00 -20.9275 -4.9670 -4.9670
3725 53.63 71.45 0.00 -22.1168 -4.8915 -4.8915
3750 53.63 71.45 0.00 -22.1168 -4.8915 -4.8915
3775 52.74 71.98 0.00 -22.1268 -5.4465 -5.4465
3800 51.90 72.52 0.00 -20.2270 -5.3171 -5.3171
3825 51.90 72.52 0.00 -20.2270 -5.3171 -5.3171
3850 51.15 72.88 0.00 -17.6604 -6.0557 -6.0557
3875 50.47 73.03 0.00 -17.3065 -4.5332 -4.5332
3900 49.74 73.15 0.00 -19.2719 -4.7806 -4.7806
3925 48.83 73.33 0.00 -25.0039 -3.8614 -3.8614
3950 48.83 73.33 0.00 -25.0039 -3.8614 -3.8614
3975 47.75 73.66 0.00 -27.7563 -4.0932 -4.0932
4000 46.65 74.03 0.00 -26.2817 -3.1839 -3.1839
4025 46.65 74.03 0.00 -26.2817 -3.1839 -3.1839
4050 45.67 74.35 0.00 -23.1244 -2.8690 -2.8690
4075 44.83 74.70 0.00 -19.9134 -2.6202 -2.6202
4100 44.83 74.70 0.00 -19.9134 -2.6202 -2.6202
4125 44.11 75.10 0.00 -16.5005 -2.2059 -2.2059
4150 43.52 75.41 0.00 -13.7010 -3.2654 -3.2654
4175 43.52 75.41 0.00 -13.7010 -3.2654 -3.2654
4200 43.01 75.62 0.00 -12.3495 0.0383 0.0383
4225 42.50 75.85 0.00 -12.4405 -0.6450 -0.6450
4250 42.04 76.28 0.00 -10.5687 -2.6478 -2.6478
4275 42.04 76.28 0.00 -10.5687 -2.6478 -2.6478
4300 41.76 76.77 0.00 -8.5457 -2.9327 -2.9327
4325 41.44 77.47 0.00 -7.5444 -1.8332 -1.8332
4350 41.44 77.47 0.00 -7.5444 -1.8332 -1.8332
4375 41.18 78.13 0.00 -6.7239 0.5397 0.5397
4400 40.93 78.82 0.00 -5.9268 1.0731 1.0731
4425 40.93 78.82 0.00 -5.9268 1.0731 1.0731
4450 40.69 79.42 0.00 -5.8916 0.7492 0.7492
4475 40.46 79.93 0.00 -6.3205 0.5943 0.5943
4500 40.09 80.61 0.00 -11.1291 1.1184 1.1184
4525 40.09 80.61 0.00 -11.1291 1.1184 1.1184
4550 39.49 81.78 0.00 -17.3024 2.9469 2.9469
4575 38.62 83.12 0.00 -23.9867 4.6420 4.6420
4600 38.62 83.12 0.00 -23.9867 4.6420 4.6420
4625 37.54 84.36 0.00 -29.9163 5.7029 5.7029
4650 37.54 84.36 0.00 -29.9163 5.7029 5.7029
4675 36.02 85.27 0.00 -43.5212 4.7574 4.7574
4700 33.96 85.91 0.00 -55.7911 10.0331 10.0331
4725 31.56 86.35 0.00 -61.6796 12.0604 12.0604
4750 31.56 86.35 0.00 -61.6796 12.0604 12.0604
4775 29.18 86.67 0.00 -56.8449 9.3358 9.3358
4800 27.15 86.83 0.00 -45.9553 5.0146 5.0146
4825 25.62 86.94 0.00 -33.3814 2.0212 2.0212
4850 25.62 86.94 0.00 -33.3814 2.0212 2.0212
4875 24.49 86.93 0.00 -24.4080 -0.5029 -0.5029
4900 23.78 86.87 0.00 -13.4983 -2.8829 -2.8829
4925 23.78 86.87 0.00 -13.4983 -2.8829 -2.8829
4950 23.41 86.64 0.00 -6.1668 -4.5243 -4.5243
4975 23.34 86.37 0.00 0.5582 -3.7384 -3.7384
5000 23.43 86.12 0.00 2.7247 -3.3313 -3.3313
5025 23.43 86.12 0.00 2.7247 -3.3313 -3.3313
5050 23.54 85.94 0.00 2.7090 -3.2188 -3.2188
5075 23.56 85.86 0.00 -1.1559 -1.5976 -1.5976
5100 23.56 85.86 0.00 -1.1559 -1.5976 -1.5976
5125 23.37 85.85 0.00 -7.9572 -0.7475 -0.7475
5150 22.81 85.92 0.00 -17.1232 1.0045 1.0045
5175 22.81 85.92 0.00 -17.1232 1.0045 1.0045
5200 21.99 86.10 0.00 -24.3663 2.3372 2.3372
5225 20.78 86.39 0.00 -32.6824 5.3897 5.3897
5250 19.73 86.70 0.00 -35.9730 7.5136 7.5136
5275 19.73 86.70 0.00 -35.9730 7.5136 7.5136
5300 18.22 87.28 0.00 -38.2851 9.8692 9.8692
5325 16.72 88.10 0.00 -37.4961 11.0982 11.0982
5350 16.72 88.10 0.00 -37.4961 11.0982 11.0982
5375 15.25 89.01 0.00 -34.7943 12.3431 12.3431
5400 14.00 89.73 0.00 -29.7789 9.8319 9.8319
5425 14.00 89.73 0.00 -29.7789 9.8319 9.8319
5450 13.07 90.19 0.00 -19.2588 4.2727 4.2727
5475 12.51 90.40 0.00 -10.0882 2.0461 2.0461
5500 12.51 90.40 0.00 -10.0882 2.0461 2.0461
5525 12.37 90.44 0.00 0.4188 -2.6175 -2.6175
5550 12.59 90.39 0.00 7.6051 -4.6684 -4.6684
5575 12.97 90.30 0.00 10.8906 -2.3520 -2.3520
5600 12.97 90.30 0.00 10.8906 -2.3520 -2.3520
5625 13.46 90.22 0.00 11.8091 -3.2103 -3.2103
5650 13.46 90.22 0.00 11.8091 -3.2103 -3.2103
5675 13.90 90.03 0.00 11.2777 -3.5930 -3.5930
5700 14.37 89.83 0.00 10.7942 -3.7350 -3.7350
5725 14.37 89.83 0.00 10.7942 -3.7350 -3.7350
5750 14.67 89.57 0.00 6.1404 -1.4120 -1.4120
5775 14.96 89.33 0.00 8.8561 1.2869 1.2869
5800 15.35 89.02 0.00 11.0498 -2.1885 -2.1885
5825 15.94 88.73 0.00 15.7174 -4.6904 -4.6904
5850 15.94 88.73 0.00 15.7174 -4.6904 -4.6904
5875 16.48 88.37 0.00 12.3369 -3.3203 -3.3203
5900 16.93 88.02 0.00 10.6275 -1.8372 -1.8372
5925 16.93 88.02 0.00 10.6275 -1.8372 -1.8372
5950 17.45 87.64 0.00 15.7375 -2.5035 -2.5035
5975 18.18 87.23 0.00 17.2748 -5.0493 -5.0493
6000 18.18 87.23 0.00 17.2748 -5.0493 -5.0493
6025 18.83 86.62 0.00 17.3355 -2.4096 -2.4096
6050 19.43 86.15 0.00 20.3431 -0.9272 -0.9272
6075 20.19 85.36 0.00 18.7864 -3.8137 -3.8137
6100 20.19 85.36 0.00 18.7864 -3.8137 -3.8137
6125 20.91 84.65 0.00 16.8048 -2.6527 -2.6527
6150 21.51 84.10 0.00 14.3837 0.0672 0.0672
6175 22.08 83.71 0.00 14.2193 -1.0347 -1.0347
6200 22.08 83.71 0.00 14.2193 -1.0347 -1.0347
6225 22.64 83.25 0.00 14.2867 -2.8439 -2.8439
6250 22.64 83.25 0.00 14.2867 -2.8439 -2.8439
6275 23.17 82.77 0.00 12.1335 -4.2744 -4.2744
6300 23.17 82.77 0.00 12.1335 -4.2744 -4.2744
6325 23.62 82.25 0.00 10.0405 -0.6881 -0.6881
6350 23.91 81.72 0.00 5.7960 0.7370 0.7370
6375 24.10 81.27 0.00 4.7836 1.2589 1.2589
6400 24.29 80.85 0.00 4.6628 -0.8370 -0.8370
6425 24.29 80.85 0.00 4.6628 -0.8370 -0.8370
6450 24.55 80.41 0.00 7.2444 -2.6683 -2.6683
6475 24.83 79.86 0.00 6.9470 -2.2366 -2.2366
6500 25.12 79.23 0.00 7.8009 -0.8791 -0.8791
6525 25.12 79.23 0.00 7.8009 -0.8791 -0.8791
6550 25.47 78.52 0.00 10.2365 -1.8556 -1.8556
6575 26.03 77.73 0.00 15.7505 -3.9792 -3.9792
6600 26.03 77.73 0.00 15.7505 -3.9792 -3.9792
6625 26.71 76.71 0.00 17.5660 -4.6660 -4.6660
6650 27.43 75.57 0.00 18.2507 -3.7381 -3.7381
6675 27.96 74.56 0.00 17.9136 -4.3087 -4.3087
6700 27.96 74.56 0.00 17.9136 -4.3087 -4.3087
6725 28.84 72.71 0.00 17.0823 -3.7308 -3.7308
6750 29.33 71.62 0.00 16.5063 -4.2405 -4.2405
6775 29.33 71.62 0.00 16.5063 -4.2405 -4.2405
6800 30.02 70.28 0.00 17.3679 -2.0818 -2.0818
6825 30.82 68.64 0.00 15.0132 -1.0485 -1.0485
6850 30.82 68.64 0.00 15.0132 -1.0485 -1.0485
6875 31.23 67.78 0.00 13.8107 1.1568 1.1568
6900 31.70 66.79 0.00 9.9666 1.1337 1.1337
6925 31.70 66.79 0.00 9.9666 1.1337 1.1337
6950 32.04 65.92 0.00 8.1159 0.9114 0.9114
6975 32.31 65.21 0.00 5.8694 -0.4741 -0.4741
7000 32.31 65.21 0.00 5.8694 -0.4741 -0.4741
7025 32.51 64.65 0.00 3.8368 -1.9179 -1.9179
7050 32.58 64.10 0.00 0.9642 -0.5027 -0.5027
7075 32.60 63.58 0.00 0.0656 -0.6572 -0.6572
7100 32.60 63.58 0.00 0.0656 -0.6572 -0.6572
7125 32.62 63.11 0.00 0.7899 -1.1267 -1.1267
7150 32.69 62.70 0.00 2.8650 -1.1883 -1.1883
7175 32.69 62.70 0.00 2.8650 -1.1883 -1.1883
7200 32.83 62.25 0.00 3.8594 -1.4473 -1.4473
7225 33.01 61.73 0.00 4.5406 -1.3645 -1.3645
7250 33.21 61.16 0.00 5.1761 -1.0747 -1.0747
7275 33.21 61.16 0.00 5.1761 -1.0747 -1.0747
7300 33.41 60.54 0.00 4.9890 -1.3834 -1.3834
7325 33.64 59.90 0.00 6.3626 0.6679 0.6679
7350 33.89 59.27 0.00 7.0452 -2.1284 -2.1284
7375 33.89 59.27 0.00 7.0452 -2.1284 -2.1284
7400 34.22 58.58 0.00 7.6517 -0.1571 -0.1571
7425 34.22 58.58 0.00 7.6517 -0.1571 -0.1571
7450 34.48 57.94 0.00 6.5447 0.0717 0.0717
7475 34.72 57.32 0.00 5.6398 -0.2406 -0.2406
7500 34.72 57.32 0.00 5.6398 -0.2406 -0.2406
7525 34.95 56.72 0.00 5.7003 -0.0871 -0.0871
7550 35.13 56.15 0.00 3.6300 -2.5585 -2.5585
7575 35.23 55.55 0.00 1.7231 -0.8359 -0.8359
7600 35.23 55.55 0.00 1.7231 -0.8359 -0.8359
7625 35.27 55.11 0.00 1.5443 0.4897 0.4897
7650 35.36 54.62 0.00 2.4607 -0.3231 -0.3231
7675 35.47 54.21 0.00 2.9665 -0.6162 -0.6162
7700 35.47 54.21 0.00 2.9665 -0.6162 -0.6162
7725 35.59 53.88 0.00 3.4407 0.3962 0.3962
7750 35.73 53.52 0.00 2.9664 0.3449 0.3449
7775 35.73 53.52 0.00 2.9664 0.3449 0.3449
7800 35.84 53.17 0.00 3.4095 0.3385 0.3385
7825 36.00 52.77 0.00 3.9185 -0.7130 -0.7130
7850 36.00 52.77 0.00 3.9185 -0.7130 -0.7130
7875 36.16 52.26 0.00 4.2470 -0.5033 -0.5033
7900 36.28 51.66 0.00 2.4044 -3.0839 -3.0839
7925 36.28 51.66 0.00 2.4044 -3.0839 -3.0839
7950 36.37 51.00 0.00 2.3583 -0.4269 -0.4269
7975 36.46 50.42 0.00 1.3209 -0.5836 -0.5836
8000 36.50 49.84 0.00 1.6464 -0.7458 -0.7458
8025 36.50 49.84 0.00 1.6464 -0.7458 -0.7458
8050 36.60 49.28 0.00 3.0320 -1.2636 -1.2636
8075 36.76 48.70 0.00 4.7042 -2.3623 -2.3623
8100 36.76 48.70 0.00 4.7042 -2.3623 -2.3623
8125 36.96 48.01 0.00 4.4508 -4.0608 -4.0608
8150 37.14 47.18 0.00 4.4114 -2.0417 -2.0417
8175 37.14 47.18 0.00 4.4114 -2.0417 -2.0417
8200 37.28 46.37 0.00 2.6196 -1.3512 -1.3512
8225 37.35 45.59 0.00 1.9806 -0.7318 -0.7318
8250 37.40 45.06 0.00 1.6276 -1.1473 -1.1473
8275 37.40 45.06 0.00 1.6276 -1.1473 -1.1473
8300 37.46 44.23 0.00 0.5673 -2.1165 -2.1165
8325 37.47 43.62 0.00 0.1154 -1.8944 -1.8944
8350 37.47 43.62 0.00 0.1154 -1.8944 -1.8944
8375 37.46 43.11 0.00 -0.6393 -1.4597 -1.4597
8400 37.44 42.73 0.00 -0.4375 -1.5273 -1.5273
8425 37.44 42.16 0.00 0.5033 -1.9834 -1.9834
8450 37.44 42.16 0.00 0.5033 -1.9834 -1.9834
8475 37.42 41.43 0.00 -1.3295 -4.5151 -4.5151
8500 37.35 40.52 0.00 -1.8142 -1.3570 -1.3570
8525 37.35 40.52 0.00 -1.8142 -1.3570 -1.3570
8550 37.26 39.64 0.00 -3.2605 -0.6170 -0.6170
8575 37.12 38.95 0.00 -3.0365 -0.2788 -0.2788
8600 37.03 38.45 0.00 -1.6091 -1.5491 -1.5491
8625 37.03 38.45 0.00 -1.6091 -1.5491 -1.5491
8650 36.99 38.09 0.00 -0.4748 -2.9708 -2.9708
8675 36.94 37.69 0.00 -1.5303 -3.8324 -3.8324
8700 36.94 37.69 0.00 -1.5303 -3.8324 -3.8324
8725 36.91 37.09 0.00 -1.3357 -2.0924 -2.0924
8750 36.82 36.36 0.00 -2.2888 -3.3288 -3.3288
8775 36.82 36.36 0.00 -2.2888 -3.3288 -3.3288
8800 36.73 35.64 0.00 -2.6586 -3.9206 -3.9206
8825 36.60 35.01 0.00 -3.1967 -2.7402 -2.7402
8850 36.60 35.01 0.00 -3.1967 -2.7402 -2.7402
8875 36.50 34.63 0.00 -2.3466 -0.7582 -0.7582
8900 36.41 34.50 0.00 -1.5817 0.4447 0.4447
8925 36.39 34.52 0.00 -0.3731 0.3485 0.3485
8950 36.39 34.52 0.00 -0.3731 0.3485 0.3485
8975 36.36 34.48 0.00 -0.8631 -1.0979 -1.0979
9000 36.34 34.40 0.00 -0.5471 0.1074 0.1074
9025 36.34 34.40 0.00 -0.5471 0.1074 0.1074
9050 36.28 34.20 0.00 -1.5971 -1.4825 -1.4825
9075 36.23 34.00 0.00 -2.1298 0.3339 0.3339
9100 36.23 34.00 0.00 -2.1298 0.3339 0.3339
9125 36.09 33.79 0.00 -4.3978 -0.5591 -0.5591
9150 35.87 33.70 0.00 -5.7832 -1.4451 -1.4451
9175 35.61 33.71 0.00 -6.7671 -2.6733 -2.6733
9200 35.61 33.71 0.00 -6.7671 -2.6733 -2.6733
9225 35.36 33.72 0.00 -6.1972 -2.6575 -2.6575
9250 35.14 33.75 0.00 -4.5602 -1.3623 -1.3623
9275 35.14 33.75 0.00 -4.5602 -1.3623 -1.3623
9300 35.00 33.69 0.00 -3.1787 -1.7926 -1.7926
9325 34.88 33.56 0.00 -2.3824 -2.5256 -2.5256
9350 34.88 33.56 0.00 -2.3824 -2.5256 -2.5256
9375 34.81 33.37 0.00 -1.8635 -2.2426 -2.2426
9400 34.72 33.13 0.00 -2.3402 -2.5797 -2.5797
9425 34.59 32.81 0.00 -3.8492 -2.6606 -2.6606
9450 34.59 32.81 0.00 -3.8492 -2.6606 -2.6606
9475 34.43 32.46 0.00 -3.4825 -1.6374 -1.6374
9500 34.30 32.12 0.00 -3.4525 -2.8428 -2.8428
9525 34.30 32.12 0.00 -3.4525 -2.8428 -2.8428
9550 34.18 31.78 0.00 -3.1585 -1.5946 -1.5946
9575 34.00 31.44 0.00 -4.6193 -3.4209 -3.4209
9600 34.00 31.44 0.00 -4.6193 -3.4209 -3.4209
9625 33.84 31.07 0.00 -3.9814 -0.3713 -0.3713
9650 33.68 30.67 0.00 -4.3169 -0.8868 -0.8868
9675 33.48 30.33 0.00 -5.4513 -1.3339 -1.3339
9700 33.48 30.33 0.00 -5.4513 -1.3339 -1.3339
9725 33.27 30.02 0.00 -5.2116 -2.3329 -2.3329
9750 33.07 29.70 0.00 -4.8527 -3.0903 -3.0903
9775 33.07 29.70 0.00 -4.8527 -3.0903 -3.0903
9800 32.85 29.37 0.00 -5.2658 -2.6650 -2.6650
9825 32.64 29.00 0.00 -6.3865 -2.9914 -2.9914
9850 32.64 29.00 0.00 -6.3865 -2.9914 -2.9914
9875 32.33 28.50 0.00 -7.7624 -5.0788 -5.0788
9900 32.03 27.98 0.00 -7.8243 -5.4146 -5.4146
9925 31.79 27.57 0.00 -8.1625 -5.6799 -5.6799
9950 31.79 27.57 0.00 -8.1625 -5.6799 -5.6799
9975 31.47 27.01 0.00 -7.8028 -5.3248 -5.3248
10000 31.16 26.48 0.00 -7.1711 -5.2391 -5.2391
10025 31.16 26.48 0.00 -7.1711 -5.2391 -5.2391
10050 30.92 26.06 0.00 -5.1301 -3.2829 -3.2829
10075 30.74 25.69 0.00 -4.1423 -3.3326 -3.3326
10100 30.74 25.69 0.00 -4.1423 -3.3326 -3.3326
10125 30.56 25.30 0.00 -5.2569 -5.8961 -5.8961
10150 30.38 24.85 0.00 -3.4659 -3.3917 -3.3917
10175 30.25 24.32 0.00 -3.5058 -3.5965 -3.5965
10200 30.25 24.32 0.00 -3.5058 -3.5965 -3.5965
10225 30.11 23.81 0.00 -3.0930 -3.0706 -3.0706
10250 30.04 23.54 0.00 -0.8722 -2.5637 -2.5637
10275 30.04 23.54 0.00 -0.8722 -2.5637 -2.5637
10300 30.04 23.38 0.00 -0.1196 -3.1615 -3.1615
10325 30.04 23.38 0.00 -0.1196 -3.1615 -3.1615
10350 30.00 23.32 0.00 -1.6476 -2.7850 -2.7850
10375 29.93 23.14 0.00 -1.4965 -0.0924 -0.0924
10400 29.82 22.82 0.00 -3.5914 -2.2493 -2.2493
10425 29.82 22.82 0.00 -3.5914 -2.2493 -2.2493
10450 29.65 22.44 0.00 -4.3642 -3.2803 -3.2803
10475 29.44 22.08 0.00 -5.9724 -4.5636 -4.5636
10500 29.20 21.79 0.00 -5.8598 -3.6936 -3.6936
10525 29.20 21.79 0.00 -5.8598 -3.6936 -3.6936
10550 28.94 21.60 0.00 -6.2593 -2.9101 -2.9101
10575 28.74 21.47 0.00 -4.6221 -1.8039 -1.8039
10600 28.74 21.47 0.00 -4.6221 -1.8039 -1.8039
10625 28.51 21.35 0.00 -6.9569 -4.3131 -4.3131
10650 28.25 21.18 0.00 -9.8112 -4.3888 -4.3888
10675 28.25 21.18 0.00 -9.8112 -4.3888 -4.3888
10700 27.67 20.88 0.00 -17.3850 -8.5821 -8.5821
10725 26.93 20.45 0.00 -18.7380 -5.9314 -5.9314
10750 26.12 20.01 0.00 -20.8942 -6.6943 -6.6943
10775 26.12 20.01 0.00 -20.8942 -6.6943 -6.6943
10800 25.27 19.69 0.00 -21.5111 -7.1847 -7.1847
10825 24.32 19.43 0.00 -25.3219 -9.7283 -9.7283
10850 24.32 19.43 0.00 -25.3219 -9.7283 -9.7283
10875 23.19 19.19 0.00 -30.6189 -10.8015 -10.8015
10900 21.70 19.02 0.00 -41.7544 -17.4433 -17.4433
10925 21.70 19.02 0.00 -41.7544 -17.4433 -17.4433
10950 19.90 18.71 0.00 -46.0514 -16.6310 -16.6310
10975 18.03 18.34 0.00 -46.3824 -18.6172 -18.6172
11000 16.40 17.94 0.00 -36.1248 -14.7882 -14.7882
11025 16.40 17.94 0.00 -36.1248 -14.7882 -14.7882
11050 15.31 17.56 0.00 -21.0510 -6.1161 -6.1161
11075 14.86 17.17 0.00 -6.8887 -0.0118 -0.0118
11100 14.78 16.85 0.00 1.6869 3.6932 3.6932
11125 14.78 16.85 0.00 1.6869 3.6932 3.6932
11150 15.00 16.69 0.00 6.8856 3.4693 3.4693
11175 15.33 16.67 0.00 8.7609 2.5421 2.5421
11200 15.33 16.67 0.00 8.7609 2.5421 2.5421
11225 15.68 16.58 0.00 8.2070 -0.7262 -0.7262
11250 16.04 16.37 0.00 9.6133 3.9853 3.9853
11275 16.04 16.37 0.00 9.6133 3.9853 3.9853
11300 16.39 16.14 0.00 7.2267 2.6485 2.6485
11325 16.54 15.85 0.00 2.2675 1.6121 1.6121
11350 16.54 15.85 0.00 2.2675 1.6121 1.6121
11375 16.58 15.54 0.00 0.8720 -0.0310 -0.0310
11400 16.64 15.24 0.00 1.2198 -1.4798 -1.4798
11425 16.64 15.01 0.00 0.0568 -1.9864 -1.9864
11450 16.64 15.01 0.00 0.0568 -1.9864 -1.9864
11475 16.62 14.54 0.00 -1.6265 -1.0381 -1.0381
11500 16.44 13.89 0.00 -5.3702 -2.4501 -2.4501
11525 16.44 13.89 0.00 -5.3702 -2.4501 -2.4501
11550 16.13 12.84 0.00 -9.7607 -4.2334 -4.2334
11575 15.66 11.69 0.00 -12.2429 -4.7956 -4.7956
11600 15.66 11.69 0.00 -12.2429 -4.7956 -4.7956
11625 15.22 10.69 0.00 -11.1488 -5.4400 -5.4400
11650 14.82 9.82 0.00 -7.9389 -4.5267 -4.5267
11675 14.57 9.13 0.00 -5.3372 -5.3770 -5.3770
11700 14.57 9.13 0.00 -5.3372 -5.3770 -5.3770
11725 14.37 8.64 0.00 -4.2199 -3.0736 -3.0736
11750 14.16 8.30 0.00 -7.1832 -9.0925 -9.0925
11775 14.16 8.30 0.00 -7.1832 -9.0925 -9.0925
11800 13.88 7.91 0.00 -6.2650 -4.3350 -4.3350
11825 13.70 7.64 0.00 -3.7918 -2.1912 -2.1912
11850 13.64 7.54 0.00 -0.3152 -1.2991 -1.2991
11875 13.64 7.54 0.00 -0.3152 -1.2991 -1.2991
11900 13.68 7.53 0.00 2.5273 0.2804 0.2804
11925 13.80 7.61 0.00 2.7240 -0.3534 -0.3534
11950 13.80 7.61 0.00 2.7240 -0.3534 -0.3534
11975 13.92 7.74 0.00 3.2681 2.4096 2.4096
12000 14.10 7.88 0.00 4.9256 4.0014 4.0014
12025 14.10 7.88 0.00 4.9256 4.0014 4.0014
12050 14.33 8.20 0.00 7.5578 4.4508 4.4508
12075 14.76 8.76 0.00 12.5416 7.8456 7.8456
12100 14.76 8.76 0.00 12.5416 7.8456 7.8456
12125 15.39 9.61 0.00 17.9171 11.4102 11.4102
12150 16.27 10.85 0.00 24.2834 16.0264 16.0264
12175 17.28 12.37 0.00 24.6722 16.8115 16.8115
12200 17.28 12.37 0.00 24.6722 16.8115 16.8115
12225 18.18 13.97 0.00 21.0990 15.8269 15.8269
12250 18.70 15.07 0.00 14.4548 13.2353 13.2353
12275 18.70 15.07 0.00 14.4548 13.2353 13.2353
12300 19.01 16.27 0.00 4.1745 5.5865 5.5865
12325 19.03 17.07 0.00 -1.8986 5.9729 5.9729
12350 18.82 17.67 0.00 -7.1755 3.4485 3.4485
12375 18.82 17.67 0.00 -7.1755 3.4485 3.4485
12400 18.53 18.25 0.00 -6.2681 2.7823 2.7823
12425 18.32 19.02 0.00 -4.4341 1.3812 1.3812
12450 18.32 19.02 0.00 -4.4341 1.3812 1.3812
12475 18.16 19.78 0.00 -3.8558 0.1221 0.1221
12500 18.03 20.41 0.00 -3.1461 1.3936 1.3936
12525 18.03 20.41 0.00 -3.1461 1.3936 1.3936
12550 17.93 20.72 0.00 -2.3327 1.1898 1.1898
12575 17.84 20.78 0.00 -2.0626 -1.3143 -1.3143
12600 17.84 20.78 0.00 -2.0626 -1.3143 -1.3143
12625 17.78 20.71 0.00 -1.1045 -1.7441 -1.7441
12650 17.76 20.69 0.00 -0.7206 -1.8426 -1.8426
12675 17.70 20.66 0.00 -1.1532 -1.4461 -1.4461
12700 17.70 20.66 0.00 -1.1532 -1.4461 -1.4461
12725 17.72 20.70 0.00 1.3791 -0.6946 -0.6946
12750 17.80 20.75 0.00 2.0070 -0.7682 -0.7682
12775 17.80 20.75 0.00 2.0070 -0.7682 -0.7682
12800 17.89 20.74 0.00 2.8390 -0.7265 -0.7265
12825 17.99 20.79 0.00 2.1089 -2.2741 -2.2741
12850 17.99 20.79 0.00 2.1089 -2.2741 -2.2741
12875 18.16 20.93 0.00 5.8724 3.4579 3.4579
12900 18.49 21.10 0.00 9.0590 5.2624 5.2624
12925 18.93 21.46 0.00 13.2870 6.8549 6.8549
12950 18.93 21.46 0.00 13.2870 6.8549 6.8549
12975 19.50 22.13 0.00 14.0405 7.3511 7.3511
13000 19.92 22.79 0.00 13.2976 7.0530 7.0530
13025 19.92 22.79 0.00 13.2976 7.0530 7.0530
13050 20.36 23.69 0.00 9.3393 5.5597 5.5597
13075 20.68 24.37 0.00 7.9631 6.3901 6.3901
13100 20.99 24.86 0.00 7.5323 4.9278 4.9278
13125 20.99 24.86 0.00 7.5323 4.9278 4.9278
13150 21.34 25.36 0.00 10.0497 5.5843 5.5843
13175 21.91 26.10 0.00 17.0259 8.3955 8.3955
13200 21.91 26.10 0.00 17.0259 8.3955 8.3955
13225 22.81 27.37 0.00 25.4217 10.0762 10.0762
13250 23.91 29.01 0.00 28.1319 11.9142 11.9142
13275 23.91 29.01 0.00 28.1319 11.9142 11.9142
13300 25.01 30.55 0.00 26.1580 11.3288 11.3288
13325 25.90 31.71 0.00 19.7285 8.5903 8.5903
13350 26.58 32.42 0.00 15.4653 5.9305 5.9305
13375 26.58 32.42 0.00 15.4653 5.9305 5.9305
13400 27.23 32.90 0.00 17.1526 5.0376 5.0376
13425 27.98 33.34 0.00 21.3793 2.1108 2.1108
13450 27.98 33.34 0.00 21.3793 2.1108 2.1108
13475 29.07 33.83 0.00 30.7008 7.4469 7.4469
13500 30.44 34.37 0.00 35.6081 9.3498 9.3498
13525 30.44 34.37 0.00 35.6081 9.3498 9.3498
13550 31.86 34.91 0.00 34.9718 8.3450 8.3450
13575 33.18 35.32 0.00 30.8539 6.9957 6.9957
13600 33.18 35.32 0.00 30.8539 6.9957 6.9957
13625 34.27 35.48 0.00 24.8624 5.9611 5.9611
13650 35.13 35.36 0.00 19.3081 3.9438 3.9438
13675 35.13 35.36 0.00 19.3081 3.9438 3.9438
13700 35.75 35.06 0.00 14.2446 2.6172 2.6172
13725 36.30 34.80 0.00 13.5634 2.4384 2.4384
13750 36.96 34.73 0.00 18.9506 2.3563 2.3563
13775 36.96 34.73 0.00 18.9506 2.3563 2.3563
13800 37.85 34.97 0.00 23.8505 1.9560 1.9560
13825 38.62 35.26 0.00 26.2901 2.5444 2.5444
13850 38.62 35.26 0.00 26.2901 2.5444 2.5444
13875 39.68 35.81 0.00 26.4542 4.7653 4.7653
13900 40.71 36.51 0.00 25.2553 6.0385 6.0385
13925 40.71 36.51 0.00 25.2553 6.0385 6.0385
13950 41.71 37.41 0.00 24.5768 6.3751 6.3751
13975 42.67 38.52 0.00 24.1350 7.7751 7.7751
14000 42.67 38.52 0.00 24.1350 7.7751 7.7751
14025 43.55 39.63 0.00 20.7277 6.0317 6.0317
14050 44.37 40.55 0.00 20.0205 8.6325 8.6325
14075 45.16 41.39 0.00 19.7805 8.0054 8.0054
14100 45.95 42.24 0.00 19.2520 5.2064 5.2064
14125 45.95 42.24 0.00 19.2520 5.2064 5.2064
14150 46.74 43.20 0.00 20.4334 4.4943 4.4943
14175 47.59 44.33 0.00 21.6082 4.0419 4.0419
14200 47.59 44.33 0.00 21.6082 4.0419 4.0419
14225 48.41 45.51 0.00 19.8393 5.4687 5.4687
14250 49.16 46.74 0.00 18.1628 6.3278 6.3278
14275 49.16 46.74 0.00 18.1628 6.3278 6.3278
14300 49.88 48.06 0.00 17.4306 6.0470 6.0470
14325 50.58 49.56 0.00 17.7742 6.9820 6.9820
14350 51.29 50.94 0.00 17.4637 7.9453 7.9453
14375 51.29 50.94 0.00 17.4637 7.9453 7.9453
14400 51.97 52.13 0.00 17.3150 6.5501 6.5501
14425 52.67 53.46 0.00 17.1924 6.0549 6.0549
14450 52.67 53.46 0.00 17.1924 6.0549 6.0549
14475 53.33 55.22 0.00 16.9101 6.9582 6.9582
14500 54.00 57.28 0.00 15.4932 8.4231 8.4231
14525 54.00 57.28 0.00 15.4932 8.4231 8.4231
14550 54.56 58.91 0.00 13.5544 5.7420 5.7420
14575 55.15 60.19 0.00 15.6965 9.5181 9.5181
14600 55.71 61.32 0.00 12.6839 6.5373 6.5373
14625 55.71 61.32 0.00 12.6839 6.5373 6.5373
14650 56.06 61.99 0.00 10.6489 5.8709 5.8709
14675 56.47 62.71 0.00 10.0254 5.8186 5.8186
14700 56.47 62.71 0.00 10.0254 5.8186 5.8186
14725 56.90 63.25 0.00 12.2582 5.2492 5.2492
14750 57.48 63.66 0.00 16.0792 3.5302 3.5302
14775 57.48 63.66 0.00 16.0792 3.5302 3.5302
14800 58.22 64.10 0.00 20.2105 2.9735 2.9735
14825 59.12 64.70 0.00 23.2746 3.1401 3.1401
14850 59.12 64.70 0.00 23.2746 3.1401 3.1401
14875 60.14 65.29 0.00 26.8931 2.6300 2.6300
14900 61.31 65.88 0.00 30.7162 -0.0001 -0.0001
14925 62.70 66.38 0.00 37.7505 -0.8964 -0.8964
14950 62.70 66.38 0.00 37.7505 -0.8964 -0.8964
14975 64.37 67.03 0.00 45.2157 -2.1792 -2.1792
15000 64.37 67.03 0.00 45.2157 -2.1792 -2.1792
15025 66.39 67.92 0.00 52.6910 -3.9188 -3.9188
15050 68.66 69.64 0.00 59.5999 -4.8306 -4.8306
15075 71.09 71.14 0.00 61.4983 -6.6256 -6.6256
15100 71.09 71.14 0.00 61.4983 -6.6256 -6.6256
15125 73.58 72.77 0.00 62.2944 -9.2805 -9.2805
15150 75.97 74.18 0.00 57.7005 -7.6325 -7.6325
15175 75.97 74.18 0.00 57.7005 -7.6325 -7.6325
15200 78.05 75.50 0.00 46.9437 -7.7733 -7.7733
15225 79.56 76.67 0.00 31.8369 -4.2168 -4.2168
15250 80.46 77.63 0.00 17.0258 -1.0429 -1.0429
15275 80.46 77.63 0.00 17.0258 -1.0429 -1.0429
15300 80.86 78.56 0.00 6.4400 0.4430 0.4430
15325 80.96 79.45 0.00 0.9632 1.7844 1.7844
15350 80.96 79.45 0.00 0.9632 1.7844 1.7844
15375 81.03 80.35 0.00 3.4087 1.0256 1.0256
15400 81.40 81.14 0.00 13.1926 -0.2643 -0.2643
15425 81.97 81.75 0.00 21.3310 -4.1724 -4.1724
15450 81.97 81.75 0.00 21.3310 -4.1724 -4.1724
15475 82.98 82.90 0.00 27.1246 -6.2467 -6.2467
15500 84.06 84.17 0.00 27.3012 -8.8439 -8.8439
15525 84.06 84.17 0.00 27.3012 -8.8439 -8.8439
15550 85.08 85.39 0.00 23.0677 -10.0992 -10.0992
15575 85.82 86.29 0.00 15.1664 -6.5345 -6.5345
15600 85.82 86.29 0.00 15.1664 -6.5345 -6.5345
15625 86.14 87.04 0.00 3.0245 -4.1326 -4.1326
15650 86.06 87.80 0.00 -4.6523 -4.1734 -4.1734
15675 85.81 88.55 0.00 -6.6947 -2.7982 -2.7982
15700 85.81 88.55 0.00 -6.6947 -2.7982 -2.7982
15725 85.55 89.18 0.00 -5.9879 -3.3715 -3.3715
15750 85.31 89.67 0.00 -6.4186 -1.0296 -1.0296
15775 84.94 89.92 0.00 -11.0670 0.0105 0.0105
15800 84.94 89.92 0.00 -11.0670 0.0105 0.0105
15825 84.37 89.87 0.00 -16.1021 2.7326 2.7326
15850 83.67 89.57 0.00 -17.3416 3.7742 3.7742
15875 83.67 89.57 0.00 -17.3416 3.7742 3.7742
15900 82.99 89.13 0.00 -16.6543 2.2994 2.2994
15925 82.99 89.13 0.00 -16.6543 2.2994 2.2994
15950 82.36 88.66 0.00 -16.1587 1.3191 1.3191
15975 81.74 88.25 0.00 -14.6234 1.4461 1.4461
16000 81.20 87.85 0.00 -12.6327 0.7713 0.7713
16025 81.20 87.85 0.00 -12.6327 0.7713 0.7713
16050 80.76 87.39 0.00 -9.7310 0.9564 0.9564
16075 80.44 86.83 0.00 -7.4548 1.9238 1.9238
16100 80.44 86.83 0.00 -7.4548 1.9238 1.9238
16125 80.19 86.27 0.00 -5.4366 2.5492 2.5492
16150 80.04 85.66 0.00 -3.3436 3.5714 3.5714
16175 80.04 85.66 0.00 -3.3436 3.5714 3.5714
16200 79.94 85.13 0.00 -1.1711 1.5793 1.5793
16225 79.94 84.82 0.00 0.5093 3.9896 3.9896
16250 80.00 84.47 0.00 2.1311 4.4686 4.4686
16275 80.00 84.47 0.00 2.1311 4.4686 4.4686
16300 80.21 84.29 0.00 7.6170 3.3885 3.3885
16325 80.69 84.29 0.00 15.5873 0.5153 0.5153
16350 81.49 84.47 0.00 21.7821 -0.3061 -0.3061
16375 81.49 84.47 0.00 21.7821 -0.3061 -0.3061
16400 82.38 84.77 0.00 21.6623 1.7436 1.7436
16425 83.13 85.14 0.00 16.6848 4.0056 4.0056
16450 83.13 85.14 0.00 16.6848 4.0056 4.0056
16475 83.60 85.51 0.00 9.0628 4.2318 4.2318
16500 83.81 85.81 0.00 3.4472 4.7094 4.7094
16525 83.93 85.98 0.00 2.3948 3.9882 3.9882
16550 83.93 85.98 0.00 2.3948 3.9882 3.9882
16575 84.02 86.11 0.00 3.0100 2.3686 2.3686
16600 84.10 86.22 0.00 1.0047 1.8892 1.8892
16625 84.10 86.22 0.00 1.0047 1.8892 1.8892
16650 84.06 86.24 0.00 -2.1494 4.9818 4.9818
16675 83.95 86.12 0.00 -3.8322 4.5985 4.5985
16700 83.95 86.12 0.00 -3.8322 4.5985 4.5985
16725 83.71 85.80 0.00 -7.2216 2.1764 2.1764
16750 83.42 85.41 0.00 -6.9266 5.7492 5.7492
16775 83.42 85.41 0.00 -6.9266 5.7492 5.7492
16800 83.11 84.98 0.00 -7.9618 4.9802 4.9802
16825 82.82 84.47 0.00 -6.4312 3.8017 3.8017
16850 82.59 83.86 0.00 -5.7735 3.5901 3.5901
16875 82.59 83.86 0.00 -5.7735 3.5901 3.5901
16900 82.41 83.27 0.00 -5.5761 3.7511 3.7511
16925 82.20 82.40 0.00 -5.2072 2.5363 2.5363
16950 82.20 82.40 0.00 -5.2072 2.5363 2.5363
16975 82.03 81.46 0.00 -4.3156 3.7737 3.7737
17000 81.80 80.27 0.00 -6.2616 4.9672 4.9672
17025 81.59 79.03 0.00 -4.8505 9.0334 9.0334
17050 81.59 79.03 0.00 -4.8505 9.0334 9.0334
17075 81.38 77.90 0.00 -5.2829 7.6424 7.6424
17100 81.38 77.90 0.00 -5.2829 7.6424 7.6424
17125 81.20 76.83 0.00 -3.2422 6.8884 6.8884
17150 81.15 75.80 0.00 -0.4712 5.7902 5.7902
17175 81.20 74.90 0.00 3.0016 5.4508 5.4508
17200 81.20 74.90 0.00 3.0016 5.4508 5.4508
17225 81.43 74.12 0.00 7.0828 7.0058 7.0058
17250 81.43 74.12 0.00 7.0828 7.0058 7.0058
17275 82.26 72.56 0.00 13.5327 8.7525 8.7525
17300 82.26 72.56 0.00 13.5327 8.7525 8.7525
17325 82.86 71.81 0.00 16.2257 8.3900 8.3900
17350 82.86 71.81 0.00 16.2257 8.3900 8.3900
17375 83.52 71.13 0.00 16.0372 6.6498 6.6498
17400 84.06 70.46 0.00 11.5900 5.6120 5.6120
17425 84.37 69.77 0.00 5.2384 5.7971 5.7971
17450 84.37 69.77 0.00 5.2384 5.7971 5.7971
17475 84.51 69.05 0.00 2.2497 7.4953 7.4953
17500 84.67 68.39 0.00 7.1544 8.6530 8.6530
17525 84.67 68.39 0.00 7.1544 8.6530 8.6530
17550 85.20 67.89 0.00 15.6938 10.8924 10.8924
17575 85.81 67.54 0.00 13.9165 11.0725 11.0725
17600 86.22 67.20 0.00 7.7546 10.0339 10.0339
17625 86.22 67.20 0.00 7.7546 10.0339 10.0339
17650 86.36 66.81 0.00 1.0787 6.8286 6.8286
17675 86.28 66.35 0.00 -3.6973 3.4981 3.4981
17700 86.28 66.35 0.00 -3.6973 3.4981 3.4981
17725 86.06 65.86 0.00 -6.3954 2.7736 2.7736
17750 85.75 65.38 0.00 -8.7267 0.8082 0.8082
17775 85.75 65.38 0.00 -8.7267 0.8082 0.8082
17800 85.47 65.01 0.00 -8.8080 3.5745 3.5745
17825 85.10 64.66 0.00 -9.4098 2.4408 2.4408
17850 85.10 64.66 0.00 -9.4098 2.4408 2.4408
17875 84.73 64.41 0.00 -9.4385 0.7194 0.7194
17900 84.35 64.17 0.00 -8.7123 -0.4009 -0.4009
17925 84.04 63.86 0.00 -7.6330 -0.0039 -0.0039
17950 84.04 63.86 0.00 -7.6330 -0.0039 -0.0039
17975 83.77 63.50 0.00 -6.2173 0.6528 0.6528
18000 83.52 63.10 0.00 -6.3921 2.1247 2.1247
18025 83.52 63.10 0.00 -6.3921 2.1247 2.1247
18050 83.25 62.69 0.00 -7.2676 1.6656 1.6656
18075 82.92 62.20 0.00 -8.5854 1.6454 1.6454
18100 82.53 61.62 0.00 -10.2411 1.1353 1.1353
18125 82.53 61.62 0.00 -10.2411 1.1353 1.1353
18150 82.09 60.85 0.00 -12.3847 1.2926 1.2926
18175 81.57 59.96 0.00 -13.0928 2.4330 2.4330
18200 81.57 59.96 0.00 -13.0928 2.4330 2.4330
18225 81.03 59.11 0.00 -13.5710 2.2838 2.2838
18250 80.50 58.22 0.00 -12.8118 4.4201 4.4201
18275 80.50 58.22 0.00 -12.8118 4.4201 4.4201
18300 80.00 57.25 0.00 -12.3831 4.4779 4.4779
18325 79.53 56.17 0.00 -11.3753 5.9943 5.9943
18350 79.03 55.02 0.00 -13.3708 4.8448 4.8448
18375 79.03 55.02 0.00 -13.3708 4.8448 4.8448
18400 78.50 53.89 0.00 -12.9760 4.5022 4.5022
18425 78.50 53.89 0.00 -12.9760 4.5022 4.5022
18450 78.00 52.83 0.00 -12.8045 2.8146 2.8146
18475 77.56 51.88 0.00 -8.9357 3.0491 3.0491
18500 77.32 51.07 0.00 -4.3456 3.7849 3.7849
18525 77.32 51.07 0.00 -4.3456 3.7849 3.7849
18550 77.19 50.40 0.00 -2.4438 1.9821 1.9821
18575 77.15 49.93 0.00 -1.1877 1.1753 1.1753
18600 77.09 49.33 0.00 -1.1544 -0.3506 -0.3506
18625 77.09 49.33 0.00 -1.1544 -0.3506 -0.3506
18650 77.08 48.74 0.00 -0.0935 -0.3852 -0.3852
18675 77.08 48.28 0.00 0.2613 -0.5296 -0.5296
18700 77.08 48.28 0.00 0.2613 -0.5296 -0.5296
18725 77.08 47.94 0.00 -1.2690 -0.0517 -0.0517
18750 76.93 47.76 0.00 -4.4990 -0.3733 -0.3733
18775 76.74 47.49 0.00 -5.2834 -1.8626 -1.8626
18800 76.74 47.49 0.00 -5.2834 -1.8626 -1.8626
18825 76.51 47.06 0.00 -5.4195 -0.8859 -0.8859
18850 76.51 47.06 0.00 -5.4195 -0.8859 -0.8859
18875 76.31 46.48 0.00 -5.9371 -0.8610 -0.8610
18900 75.95 45.91 0.00 -10.3438 -2.4776 -2.4776
18925 75.95 45.91 0.00 -10.3438 -2.4776 -2.4776
18950 75.42 45.23 0.00 -15.4920 -1.9821 -1.9821
18975 74.64 44.45 0.00 -21.9750 -1.7226 -1.7226
19000 73.66 43.57 0.00 -25.3869 0.1004 0.1004
19025 73.66 43.57 0.00 -25.3869 0.1004 0.1004
19050 72.70 42.79 0.00 -22.9286 3.3574 3.3574
19075 71.89 42.09 0.00 -17.7749 4.6272 4.6272
19100 71.37 41.59 0.00 -9.8148 5.0539 5.0539
19125 71.37 41.59 0.00 -9.8148 5.0539 5.0539
19150 71.15 41.29 0.00 -2.5412 4.7584 4.7584
19175 71.20 41.07 0.00 2.9988 2.6673 2.6673
19200 71.20 41.07 0.00 2.9988 2.6673 2.6673
19225 71.38 40.87 0.00 4.6754 -0.3845 -0.3845
19250 71.53 40.61 0.00 3.1227 -1.8267 -1.8267
19275 71.53 40.61 0.00 3.1227 -1.8267 -1.8267
19300 71.58 40.44 0.00 1.1457 -1.6759 -1.6759
19325 71.57 40.23 0.00 -1.6621 -2.4443 -2.4443
19350 71.57 40.23 0.00 -1.6621 -2.4443 -2.4443
19375 71.49 40.05 0.00 -1.8137 0.3747 0.3747
19400 71.42 39.98 0.00 -1.4028 0.6520 0.6520
19425 71.42 39.98 0.00 -1.4028 0.6520 0.6520
19450 71.40 39.94 0.00 -0.1152 -0.3009 -0.3009
19475 71.38 39.87 0.00 -0.5601 -0.6507 -0.6507
19500 71.38 39.87 0.00 -0.5601 -0.6507 -0.6507
19525 71.35 39.71 0.00 -1.3814 -0.3267 -0.3267
19550 71.22 39.47 0.00 -4.3338 -0.7701 -0.7701
19575 71.02 39.24 0.00 -5.7212 1.4457 1.4457
19600 71.02 39.24 0.00 -5.7212 1.4457 1.4457
19625 70.69 39.29 0.00 -9.6109 0.7529 0.7529
19650 70.27 39.46 0.00 -11.1295 -0.4028 -0.4028
19675 69.82 39.53 0.00 -10.4706 -0.4521 -0.4521
19700 69.82 39.53 0.00 -10.4706 -0.4521 -0.4521
19725 69.49 39.41 0.00 -7.2475 -1.7449 -1.7449
19750 69.49 39.41 0.00 -7.2475 -1.7449 -1.7449
19775 69.15 39.59 0.00 -9.5315 0.8056 0.8056
19800 68.77 39.58 0.00 -8.5547 0.9048 0.9048
19825 68.52 39.35 0.00 -5.9897 -0.5187 -0.5187
19850 68.52 39.35 0.00 -5.9897 -0.5187 -0.5187
19875 68.32 39.19 0.00 -4.2043 -0.8338 -0.8338
19900 68.06 38.96 0.00 -8.0997 -4.5533 -4.5533
19925 68.06 38.96 0.00 -8.0997 -4.5533 -4.5533
19950 67.69 38.81 0.00 -9.8872 -4.2655 -4.2655
19975 67.26 38.73 0.00 -11.8303 -3.2177 -3.2177
20000 67.26 38.73 0.00 -11.8303 -3.2177 -3.2177
20025 66.73 38.58 0.00 -12.5566 -2.5026 -2.5026
20050 66.32 38.72 0.00 -9.2073 -1.4185 -1.4185
20075 65.96 39.03 0.00 -8.4506 -2.0942 -2.0942
20100 65.96 39.03 0.00 -8.4506 -2.0942 -2.0942
20125 65.75 39.23 0.00 -6.5869 -2.5517 -2.5517
20150 65.62 39.26 0.00 -1.2517 -0.4779 -0.4779
20175 65.62 39.26 0.00 -1.2517 -0.4779 -0.4779
20200 65.68 39.25 0.00 2.4853 -1.0199 -1.0199
20225 65.78 39.63 0.00 2.0711 -1.6050 -1.6050
20250 65.86 40.49 0.00 2.1573 -2.3235 -2.3235
20275 65.86 40.49 0.00 2.1573 -2.3235 -2.3235
20300 65.89 41.89 0.00 -0.6896 -2.3349 -2.3349
20325 65.78 43.29 0.00 -3.5866 -2.3181 -2.3181
20350 65.78 43.29 0.00 -3.5866 -2.3181 -2.3181
20375 65.52 44.24 0.00 -8.9661 -4.2017 -4.2017
20400 64.98 44.92 0.00 -17.1844 -7.3297 -7.3297
20425 64.98 44.92 0.00 -17.1844 -7.3297 -7.3297
20450 64.07 45.73 0.00 -25.7086 -10.1315 -10.1315
20475 62.81 46.63 0.00 -35.6261 -12.1660 -12.1660
20500 62.81 46.63 0.00 -35.6261 -12.1660 -12.1660
20525 61.11 47.49 0.00 -45.9319 -15.4530 -15.4530
20550 59.14 48.33 0.00 -51.0009 -13.6367 -13.6367
20575 57.08 49.11 0.00 -51.2587 -11.3423 -11.3423
20600 57.08 49.11 0.00 -51.2587 -11.3423 -11.3423
20625 55.08 49.73 0.00 -48.6667 -10.6727 -10.6727
20650 53.14 50.16 0.00 -48.6535 -11.3206 -11.3206
20675 53.14 50.16 0.00 -48.6535 -11.3206 -11.3206
20700 51.22 50.51 0.00 -47.5888 -9.8075 -9.8075
20725 49.34 50.93 0.00 -47.3785 -8.5720 -8.5720
20750 47.45 51.69 0.00 -46.6133 -8.1543 -8.1543
20775 47.45 51.69 0.00 -46.6133 -8.1543 -8.1543
20800 45.79 52.86 0.00 -37.9666 -7.2194 -7.2194
20825 44.90 53.65 0.00 -25.4200 -7.1049 -7.1049
20850 44.90 53.65 0.00 -25.4200 -7.1049 -7.1049
20875 44.25 54.51 0.00 -11.7325 -7.4684 -7.4684
20900 43.97 55.15 0.00 -4.6775 -4.5228 -4.5228
20925 43.81 56.10 0.00 -4.3296 -2.7756 -2.7756
20950 43.81 56.10 0.00 -4.3296 -2.7756 -2.7756
20975 43.59 57.88 0.00 -6.7400 -2.0442 -2.0442
21000 43.29 60.38 0.00 -8.3775 -2.1801 -2.1801
21025 43.29 60.38 0.00 -8.3775 -2.1801 -2.1801
21050 42.92 62.26 0.00 -9.2494 -1.7004 -1.7004
21075 42.55 63.69 0.00 -9.0641 -2.2378 -2.2378
21100 42.55 63.69 0.00 -9.0641 -2.2378 -2.2378
21125 42.22 64.61 0.00 -7.7749 -1.6682 -1.6682
21150 41.95 65.40 0.00 -6.0609 -3.8805 -3.8805
21175 41.95 65.40 0.00 -6.0609 -3.8805 -3.8805
21200 41.73 66.27 0.00 -5.4094 -2.0952 -2.0952
21225 41.48 67.04 0.00 -7.2785 -2.6184 -2.6184
21250 41.48 67.04 0.00 -7.2785 -2.6184 -2.6184
21275 41.11 67.93 0.00 -10.7238 -2.8215 -2.8215
21300 40.58 68.80 0.00 -14.5825 -4.1023 -4.1023
21325 39.91 69.47 0.00 -18.5840 -3.3297 -3.3297
21350 39.91 69.47 0.00 -18.5840 -3.3297 -3.3297
21375 39.12 70.08 0.00 -20.2655 -2.1086 -2.1086
21400 38.29 70.67 0.00 -20.7530 -0.7617 -0.7617
21425 38.29 70.67 0.00 -20.7530 -0.7617 -0.7617
21450 37.46 71.39 0.00 -20.6422 -1.4817 -1.4817
21475 36.69 72.45 0.00 -18.8906 -1.5779 -1.5779
21500 35.89 73.67 0.00 -20.8465 -2.1101 -2.1101
21525 35.89 73.67 0.00 -20.8465 -2.1101 -2.1101
21550 35.02 74.76 0.00 -21.6909 -1.0856 -1.0856
21575 34.11 75.64 0.00 -24.3284 -0.6558 -0.6558
21600 34.11 75.64 0.00 -24.3284 -0.6558 -0.6558
21625 33.03 76.36 0.00 -27.5064 0.6468 0.6468
21650 32.21 76.82 0.00 -28.2249 1.0021 1.0021
21675 31.09 77.60 0.00 -27.2057 0.7147 0.7147
21700 31.09 77.60 0.00 -27.2057 0.7147 0.7147
21725 30.11 78.60 0.00 -23.4257 -1.8298 -1.8298
21750 30.11 78.60 0.00 -23.4257 -1.8298 -1.8298
21775 29.29 79.58 0.00 -17.8720 -0.0867 -0.0867
21800 28.67 80.34 0.00 -14.9264 -3.2974 -3.2974
21825 28.01 80.83 0.00 -16.9648 -0.8308 -0.8308
21850 28.01 80.83 0.00 -16.9648 -0.8308 -0.8308
21875 27.28 81.14 0.00 -19.8923 -0.1493 -0.1493
21900 26.49 81.40 0.00 -19.1698 -0.0948 -0.0948
21925 25.73 81.60 0.00 -19.0652 -3.4475 -3.4475
21950 25.73 81.60 0.00 -19.0652 -3.4475 -3.4475
21975 24.96 81.73 0.00 -19.5501 -3.7550 -3.7550
22000 24.18 81.84 0.00 -19.7810 -2.1433 -2.1433
22025 24.18 81.84 0.00 -19.7810 -2.1433 -2.1433
22050 23.17 81.97 0.00 -30.2971 -2.3573 -2.3573
22075 21.65 82.10 0.00 -42.5099 3.3792 3.3792
22100 21.65 82.10 0.00 -42.5099 3.3792 3.3792
22125 19.90 82.09 0.00 -43.8566 3.3983 3.3983
22150 18.24 82.11 0.00 -39.0777 -0.1975 -0.1975
22175 18.24 82.11 0.00 -39.0777 -0.1975 -0.1975
22200 16.89 82.14 0.00 -30.6308 -3.0251 -3.0251
22225 15.72 82.20 0.00 -27.8215 -4.8742 -4.8742
22250 15.72 82.20 0.00 -27.8215 -4.8742 -4.8742
22275 14.71 82.39 0.00 -24.4385 -4.4576 -4.4576
22300 13.80 82.55 0.00 -21.2055 -4.2051 -4.2051
22325 13.09 82.82 0.00 -15.7078 -4.8531 -4.8531
22350 13.09 82.82 0.00 -15.7078 -4.8531 -4.8531
22375 12.71 83.15 0.00 -5.2289 -4.8518 -4.8518
22400 12.79 83.65 0.00 6.6625 -9.2869 -9.2869
22425 12.79 83.65 0.00 6.6625 -9.2869 -9.2869
22450 13.33 84.20 0.00 16.9407 -7.8140 -7.8140
22475 13.92 84.56 0.00 21.0612 -7.2077 -7.2077
22500 14.82 85.04 0.00 23.0042 -6.6821 -6.6821
22525 14.82 85.04 0.00 23.0042 -6.6821 -6.6821
22550 15.57 85.41 0.00 15.5841 -4.2036 -4.2036
22575 16.07 85.76 0.00 11.4361 0.5579 0.5579
22600 16.07 85.76 0.00 11.4361 0.5579 0.5579
22625 16.50 86.00 0.00 10.7006 -1.7622 -1.7622
22650 16.95 86.16 0.00 10.5125 -2.3854 -2.3854
22675 16.95 86.16 0.00 10.5125 -2.3854 -2.3854
22700 17.30 86.28 0.00 8.1712 0.9300 0.9300
22725 17.59 86.28 0.00 5.7746 0.9965 0.9965
22750 17.74 86.20 0.00 3.4449 2.2518 2.2518
22775 17.74 86.20 0.00 3.4449 2.2518 2.2518
22800 17.84 86.05 0.00 1.2516 1.4208 1.4208
22825 17.86 85.83 0.00 0.3071 1.1880 1.1880
22850 17.86 85.83 0.00 0.3071 1.1880 1.1880
22875 17.86 85.57 0.00 -0.3516 1.0438 1.0438
22900 17.86 85.35 0.00 0.4213 -0.3947 -0.3947
22925 17.86 85.35 0.00 0.4213 -0.3947 -0.3947
22950 17.87 85.13 0.00 0.4912 -2.4688 -2.4688
22975 17.91 84.89 0.00 0.9469 -2.6693 -2.6693
23000 17.91 84.63 0.00 -0.3752 -0.7370 -0.7370
23025 17.91 84.63 0.00 -0.3752 -0.7370 -0.7370
23050 17.87 84.39 0.00 -1.4293 -1.2516 -1.2516
23075 17.87 84.39 0.00 -1.4293 -1.2516 -1.2516
23100 17.80 84.18 0.00 -1.9107 -1.7904 -1.7904
23125 17.74 83.99 0.00 -1.1213 -2.4064 -2.4064
23150 17.70 83.79 0.00 -0.5846 -3.2434 -3.2434
23175 17.70 83.79 0.00 -0.5846 -3.2434 -3.2434
23200 17.66 83.56 0.00 -2.4867 -1.7742 -1.7742
23225 17.55 83.37 0.00 -3.8218 -0.1762 -0.1762
23250 17.55 83.37 0.00 -3.8218 -0.1762 -0.1762
23275 17.37 83.15 0.00 -4.0712 -0.7251 -0.7251
23300 17.26 83.00 0.00 -2.7000 -0.9028 -0.9028
23325 17.16 82.91 0.00 -2.7400 -0.2811 -0.2811
23350 17.16 82.91 0.00 -2.7400 -0.2811 -0.2811
23375 16.99 82.88 0.00 -5.3439 1.7960 1.7960
23400 16.79 82.86 0.00 -4.1595 1.8072 1.8072
23425 16.79 82.86 0.00 -4.1595 1.8072 1.8072
23450 16.70 82.81 0.00 -1.2401 -1.2776 -1.2776
23475 16.72 82.77 0.00 2.1492 -2.0338 -2.0338
23500 16.72 82.77 0.00 2.1492 -2.0338 -2.0338
23525 16.83 82.66 0.00 2.8454 -2.5354 -2.5354
23550 16.99 82.57 0.00 4.6395 -0.0191 -0.0191
23575 17.16 82.45 0.00 4.0222 0.7893 0.7893
23600 17.16 82.45 0.00 4.0222 0.7893 0.7893
23625 17.35 82.38 0.00 5.3529 -0.2499 -0.2499
23650 17.57 82.28 0.00 5.0849 -1.5738 -1.5738
23675 17.57 82.28 0.00 5.0849 -1.5738 -1.5738
23700 17.82 82.18 0.00 7.5265 -1.8441 -1.8441
23725 18.12 82.00 0.00 7.6301 -2.9308 -2.9308
23750 18.49 81.68 0.00 10.4985 -0.9911 -0.9911
23775 18.49 81.68 0.00 10.4985 -0.9911 -0.9911
23800 18.95 81.25 0.00 11.5496 -2.7855 -2.7855
23825 19.45 80.82 0.00 12.6331 -2.3931 -2.3931
23850 19.45 80.82 0.00 12.6331 -2.3931 -2.3931
23875 19.85 80.38 0.00 8.5091 -1.7973 -1.7973
23900 20.13 79.98 0.00 5.8392 0.0619 0.0619
23925 20.13 79.98 0.00 5.8392 0.0619 0.0619
23950 20.30 79.54 0.00 3.5721 0.4000 0.4000
23975 20.47 79.08 0.00 5.3374 -0.9700 -0.9700
24000 20.47 79.08 0.00 5.3374 -0.9700 -0.9700
24025 20.80 78.62 0.00 10.2129 -3.5268 -3.5268
24050 21.17 78.23 0.00 14.4468 -5.2617 -5.2617
24075 21.97 77.66 0.00 22.8146 -6.2760 -6.2760
24100 21.97 77.66 0.00 22.8146 -6.2760 -6.2760
24125 23.00 76.97 0.00 28.0580 -6.3467 -6.3467
24150 24.32 76.24 0.00 36.5317 -4.4464 -4.4464
24175 24.32 76.24 0.00 36.5317 -4.4464 -4.4464
24200 25.90 75.42 0.00 42.0880 -3.8014 -3.8014
24225 27.81 74.62 0.00 50.7649 -4.1360 -4.1360
24250 30.04 73.88 0.00 58.8881 -3.9558 -3.9558
24275 30.04 73.88 0.00 58.8881 -3.9558 -3.9558
24300 32.53 73.33 0.00 62.8151 -4.6195 -4.6195
24325 34.95 72.93 0.00 59.1161 -3.1004 -3.1004
24350 34.95 72.93 0.00 59.1161 -3.1004 -3.1004
24375 37.14 72.69 0.00 51.1226 2.3593 2.3593
24400 38.91 72.58 0.00 39.9745 4.1358 4.1358
24425 38.91 72.58 0.00 39.9745 4.1358 4.1358
24450 40.28 72.61 0.00 29.5853 6.5090 6.5090
24475 41.22 72.79 0.00 19.6500 9.6003 9.6003
24500 41.81 72.89 0.00 12.2528 9.9039 9.9039
24525 41.81 72.89 0.00 12.2528 9.9039 9.9039
24550 42.18 72.94 0.00 7.2807 9.4836 9.4836
24575 42.45 73.13 0.00 5.7259 7.1918 7.1918
24600 42.45 73.13 0.00 5.7259 7.1918 7.1918
24625 42.62 73.22 0.00 3.6592 4.6420 4.6420
24650 42.78 73.35 0.00 4.3596 4.0102 4.0102
24675 42.78 73.35 0.00 4.3596 4.0102 4.0102
24700 42.90 73.35 0.00 2.4216 2.9570 2.9570
24725 43.04 73.20 0.00 4.5100 4.8736 4.8736
24750 43.25 73.03 0.00 6.3258 3.9140 3.9140
24775 43.25 73.03 0.00 6.3258 3.9140 3.9140
24800 43.52 72.88 0.00 9.8009 3.9170 3.9170
24825 44.04 72.79 0.00 15.2173 0.7028 0.7028
24850 44.04 72.79 0.00 15.2173 0.7028 0.7028
24875 44.78 72.58 0.00 20.3268 -0.3587 -0.3587
24900 45.69 72.41 0.00 23.8973 -1.2551 -1.2551
24925 46.79 71.97 0.00 28.7382 1.3580 1.3580
24950 46.79 71.97 0.00 28.7382 1.3580 1.3580
24975 48.04 71.48 0.00 33.2200 1.5706 1.5706
25000 49.37 70.90 0.00 33.0877 0.2432 0.2432
25025 49.37 70.90 0.00 33.0877 0.2432 0.2432
25050 50.65 70.38 0.00 30.3066 1.1251 1.1251
25075 51.69 69.97 0.00 24.1305 0.9428 0.9428
25100 51.69 69.97 0.00 24.1305 0.9428 0.9428
25125 52.57 69.56 0.00 20.6563 3.1226 3.1226
25150 53.26 69.28 0.00 14.8038 1.2143 1.2143
25175 53.26 69.28 0.00 14.8038 1.2143 1.2143
25200 53.70 69.06 0.00 7.9266 3.7511 3.7511
25225 53.89 68.73 0.00 2.7700 4.3484 4.3484
25250 53.93 68.32 0.00 0.5094 3.1269 3.1269
25275 53.93 68.32 0.00 0.5094 3.1269 3.1269
25300 54.05 67.91 0.00 4.7201 3.2463 3.2463
25325 54.40 67.50 0.00 12.5837 1.1641 1.1641
25350 54.40 67.50 0.00 12.5837 1.1641 1.1641
25375 55.14 67.04 0.00 20.2241 2.1548 2.1548
25400 56.03 66.51 0.00 24.0061 2.9490 2.9490
25425 56.03 66.51 0.00 24.0061 2.9490 2.9490
25450 57.13 65.85 0.00 30.4427 4.7485 4.7485
25475 58.64 65.06 0.00 44.1291 5.1064 5.1064
25500 58.64 65.06 0.00 44.1291 5.1064 5.1064
25525 60.81 64.09 0.00 56.6823 -1.1903 -1.1903
25550 62.93 63.11 0.00 50.1895 -5.2071 -5.2071
25575 64.30 62.41 0.00 43.2300 -1.1578 -1.1578
25600 64.30 62.41 0.00 43.2300 -1.1578 -1.1578
25625 65.62 61.66 0.00 25.3279 2.8181 2.8181
25650 66.18 60.96 0.00 9.1132 14.9865 14.9865
25675 66.18 60.96 0.00 9.1132 14.9865 14.9865
25700 66.32 60.29 0.00 0.3752 14.7664 14.7664
25725 66.30 59.70 0.00 0.2353 11.6127 11.6127
25750 66.30 59.70 0.00 0.2353 11.6127 11.6127
25775 66.36 59.20 0.00 1.5406 3.1252 3.1252
25800 66.50 58.87 0.00 4.1752 -0.4029 -0.4029
25825 66.50 58.87 0.00 4.1752 -0.4029 -0.4029
25850 66.61 58.55 0.00 2.2861 0.3916 0.3916
25875 66.64 58.32 0.00 -1.3501 2.0702 2.0702
25900 66.45 58.27 0.00 -6.1355 2.5884 2.5884
25925 66.45 58.27 0.00 -6.1355 2.5884 2.5884
25950 66.18 58.33 0.00 -7.0618 3.0901 3.0901
25975 65.98 58.40 0.00 -2.7822 0.9142 0.9142
26000 65.98 58.40 0.00 -2.7822 0.9142 0.9142
26025 65.98 58.46 0.00 0.8858 0.7702 0.7702
26050 66.04 58.49 0.00 1.4605 -1.2035 -1.2035
26075 66.11 58.56 0.00 2.7950 -0.1718 -0.1718
26100 66.11 58.56 0.00 2.7950 -0.1718 -0.1718
26125 66.23 58.58 0.00 2.5734 -0.7947 -0.7947
26150 66.34 58.48 0.00 3.4980 0.8144 0.8144
26175 66.34 58.48 0.00 3.4980 0.8144 0.8144
26200 66.55 58.32 0.00 6.0591 1.3626 1.3626
26225 66.84 58.16 0.00 7.6320 0.4046 0.4046
26250 66.84 58.16 0.00 7.6320 0.4046 0.4046
26275 67.17 58.00 0.00 8.3908 -0.3701 -0.3701
26300 67.60 57.83 0.00 12.6406 1.6181 1.6181
26325 67.60 57.83 0.00 12.6406 1.6181 1.6181
26350 68.14 57.66 0.00 13.0697 0.3995 0.3995
26375 68.50 57.53 0.00 11.3798 0.4375 0.4375
26400 68.91 57.39 0.00 9.5296 2.3998 2.3998
26425 69.18 57.27 0.00 5.4993 1.6511 1.6511
26450 69.18 57.27 0.00 5.4993 1.6511 1.6511
26475 69.46 57.11 0.00 8.5929 3.6989 3.6989
26500 69.95 56.94 0.00 13.3492 1.8889 1.8889
26525 69.95 56.94 0.00 13.3492 1.8889 1.8889
26550 70.45 56.75 0.00 11.7495 1.5670 1.5670
26575 70.82 56.52 0.00 7.6000 1.7110 1.7110
26600 70.82 56.52 0.00 7.6000 1.7110 1.7110
26625 71.00 56.34 0.00 2.0583 2.6695 2.6695
26650 71.06 56.25 0.00 2.2310 3.9379 3.9379
26675 71.06 56.25 0.00 2.2310 3.9379 3.9379
26700 71.20 56.16 0.00 4.8108 2.4599 2.4599
26725 71.47 55.97 0.00 7.3268 1.6487 1.6487
26750 71.47 55.97 0.00 7.3268 1.6487 1.6487
26775 71.71 55.68 0.00 5.0374 0.8712 0.8712
26800 71.93 55.32 0.00 5.7024 2.7448 2.7448
26825 72.15 54.91 0.00 5.7166 3.2088 3.2088
26850 72.15 54.91 0.00 5.7166 3.2088 3.2088
26875 72.35 54.48 0.00 4.1417 1.8410 1.8410
26900 72.48 54.09 0.00 2.8438 2.7984 2.7984
26925 72.48 54.09 0.00 2.8438 2.7984 2.7984
26950 72.61 53.79 0.00 3.2881 2.3211 2.3211
26975 72.88 53.50 0.00 9.7512 4.4682 4.4682
27000 73.44 53.14 0.00 16.0302 4.8238 4.8238
27025 73.44 53.14 0.00 16.0302 4.8238 4.8238
27050 74.12 52.73 0.00 16.8352 3.1937 3.1937
27075 74.67 52.29 0.00 11.7690 2.1709 2.1709
27100 74.67 52.29 0.00 11.7690 2.1709 2.1709
27125 74.99 51.90 0.00 5.2742 3.4684 3.4684
27150 75.03 51.63 0.00 -0.3613 2.1155 2.1155
27175 75.03 51.63 0.00 -0.3613 2.1155 2.1155
27200 74.97 51.27 0.00 -1.4805 4.8412 4.8412
27225 75.01 50.96 0.00 1.9077 7.1787 7.1787
27250 75.01 50.96 0.00 1.9077 7.1787 7.1787
27275 75.08 50.60 0.00 2.7090 6.7923 6.7923
27300 75.23 50.28 0.00 3.0570 4.5567 4.5567
27325 75.30 49.95 0.00 1.3770 1.4814 1.4814
27350 75.30 49.95 0.00 1.3770 1.4814 1.4814
27375 75.29 49.63 0.00 -1.0167 -0.1820 -0.1820
27400 75.21 49.32 0.00 -2.5494 1.1388 1.1388
27425 75.21 49.32 0.00 -2.5494 1.1388 1.1388
27450 75.04 49.09 0.00 -5.3789 0.6429 0.6429
27475 74.82 48.95 0.00 -5.6347 0.7374 0.7374
27500 74.56 48.88 0.00 -6.7128 0.1840 0.1840
27525 74.56 48.88 0.00 -6.7128 0.1840 0.1840
27550 74.30 48.88 0.00 -6.8824 -0.9716 -0.9716
27575 74.03 48.92 0.00 -7.0908 -2.6175 -2.6175
27600 74.03 48.92 0.00 -7.0908 -2.6175 -2.6175
27625 73.73 48.94 0.00 -6.6581 -2.6511 -2.6511
27650 73.51 48.96 0.00 -5.7576 -3.3504 -3.3504
27675 73.51 48.96 0.00 -5.7576 -3.3504 -3.3504
27700 73.22 49.04 0.00 -7.7766 -4.6513 -4.6513
27725 72.85 49.11 0.00 -10.9520 -4.5303 -4.5303
27750 72.85 49.11 0.00 -10.9520 -4.5303 -4.5303
27775 72.32 49.13 0.00 -13.4789 -4.9196 -4.9196
27800 71.82 49.18 0.00 -11.9017 -1.4980 -1.4980
27825 71.37 49.13 0.00 -11.0148 -1.2803 -1.2803
27850 71.37 49.13 0.00 -11.0148 -1.2803 -1.2803
27875 71.00 49.09 0.00 -7.9004 -1.3160 -1.3160
27900 70.80 49.06 0.00 -3.1246 -1.7629 -1.7629
27925 70.80 49.06 0.00 -3.1246 -1.7629 -1.7629
27950 70.75 48.97 0.00 -1.3553 -2.6379 -2.6379
27975 70.75 48.86 0.00 0.6859 -2.3409 -2.3409
28000 70.76 48.70 0.00 -0.1487 -0.6039 -0.6039
28025 70.76 48.70 0.00 -0.1487 -0.6039 -0.6039
28050 70.69 48.51 0.00 -2.5557 0.0029 0.0029
28075 70.56 48.19 0.00 -3.8484 -0.3018 -0.3018
28100 70.56 48.19 0.00 -3.8484 -0.3018 -0.3018
28125 70.36 47.76 0.00 -5.2483 -0.6748 -0.6748
28150 70.13 47.19 0.00 -6.2811 -0.6797 -0.6797
28175 70.13 47.19 0.00 -6.2811 -0.6797 -0.6797
28200 69.91 46.64 0.00 -5.4521 -0.9491 -0.9491
28225 69.69 46.12 0.00 -5.7628 -1.6284 -1.6284
28250 69.42 45.64 0.00 -7.1263 -1.9559 -1.9559
28275 69.42 45.64 0.00 -7.1263 -1.9559 -1.9559
28300 69.11 45.24 0.00 -8.4395 -1.1712 -1.1712
28325 68.70 44.87 0.00 -11.2678 -0.9743 -0.9743
28350 68.16 44.43 0.00 -15.6621 -0.9058 -0.9058
28375 68.16 44.43 0.00 -15.6621 -0.9058 -0.9058
28400 67.43 43.89 0.00 -18.1727 1.2606 1.2606
28425 66.75 43.26 0.00 -17.0985 2.6296 2.6296
28450 66.75 43.26 0.00 -17.0985 2.6296 2.6296
28475 66.09 42.64 0.00 -15.5846 2.1615 2.1615
28500 65.57 42.13 0.00 -11.8011 1.5798 1.5798
28525 65.57 42.13 0.00 -11.8011 1.5798 1.5798
28550 65.18 41.58 0.00 -8.1945 -2.1027 -2.1027
28575 64.93 41.00 0.00 -5.2997 -3.6369 -3.6369
28600 64.93 41.00 0.00 -5.2997 -3.6369 -3.6369
28625 64.71 40.25 0.00 -5.4882 -3.4387 -3.4387
28650 64.55 39.06 0.00 -2.7465 -1.0199 -1.0199
28675 64.55 39.06 0.00 -2.7465 -1.0199 -1.0199
28700 64.46 37.66 0.00 -2.3144 -0.1402 -0.1402
28725 64.39 36.82 0.00 -2.9313 1.6325 1.6325
28750 64.30 36.08 0.00 -1.7988 1.7392 1.7392
28775 64.30 36.08 0.00 -1.7988 1.7392 1.7392
28800 64.23 35.65 0.00 -0.9893 8.7041 8.7041
28825 64.07 35.58 0.00 -7.4697 15.5676 15.5676
28850 64.07 35.58 0.00 -7.4697 15.5676 15.5676
28875 63.59 35.99 0.00 -13.0982 6.0561 6.0561
28900 63.17 36.26 0.00 -9.3413 -1.8992 -1.8992
28925 63.17 36.26 0.00 -9.3413 -1.8992 -1.8992
28950 62.86 36.19 0.00 -6.8076 -5.3776 -5.3776
28975 62.58 35.81 0.00 -7.3522 -5.6380 -5.6380
29000 62.23 35.40 0.00 -9.7313 -4.7149 -4.7149
29025 62.23 35.40 0.00 -9.7313 -4.7149 -4.7149
29050 61.89 34.96 0.00 -7.1908 0.7456 0.7456
29075 61.61 34.55 0.00 -7.4136 1.6759 1.6759
29100 61.61 34.55 0.00 -7.4136 1.6759 1.6759
29125 61.34 34.10 0.00 -6.1748 0.6058 0.6058
29150 61.09 33.63 0.00 -6.1375 0.2882 0.2882
29175 61.09 33.63 0.00 -6.1375 0.2882 0.2882
29200 60.88 33.03 0.00 -4.5888 0.3067 0.3067
29225 60.70 32.61 0.00 -3.8924 -1.0317 -1.0317
29250 60.70 32.61 0.00 -3.8924 -1.0317 -1.0317
29275 60.60 32.19 0.00 -2.0620 2.6482 2.6482
29300 60.51 31.70 0.00 -2.7323 2.3461 2.3461
29325 60.51 31.70 0.00 -2.7323 2.3461 2.3461
29350 60.33 31.17 0.00 -5.4524 -0.5742 -0.5742
29375 60.00 30.66 0.00 -9.5969 -3.1558 -3.1558
29400 59.58 30.26 0.00 -11.1337 -4.4040 -4.4040
29425 59.22 30.04 0.00 -12.0229 -4.8548 -4.8548
29450 59.22 30.04 0.00 -12.0229 -4.8548 -4.8548
29475 58.73 29.76 0.00 -12.2132 -4.2550 -4.2550
29500 58.73 29.76 0.00 -12.2132 -4.2550 -4.2550
29525 58.20 29.51 0.00 -14.2056 -4.4340 -4.4340
29550 57.55 29.32 0.00 -17.4509 -4.6619 -4.6619
29575 56.76 29.17 0.00 -21.6182 -3.6578 -3.6578
29600 56.76 29.17 0.00 -21.6182 -3.6578 -3.6578
29625 55.73 29.07 0.00 -28.6855 -4.2206 -4.2206
29650 54.61 28.97 0.00 -26.7841 0.0379 0.0379
29675 54.61 28.97 0.00 -26.7841 0.0379 0.0379
29700 53.60 29.00 0.00 -24.3402 0.6635 0.6635
29725 52.71 29.10 0.00 -21.0564 -1.1316 -1.1316
29750 51.89 29.24 0.00 -20.1133 -1.9209 -1.9209
29775 51.89 29.24 0.00 -20.1133 -1.9209 -1.9209
29800 51.17 29.41 0.00 -16.3579 -2.2912 -2.2912
29825 50.58 29.61 0.00 -13.2679 -3.8232 -3.8232
29850 50.58 29.61 0.00 -13.2679 -3.8232 -3.8232
29875 50.16 29.83 0.00 -8.3909 -3.6143 -3.6143
29900 49.91 30.11 0.00 -4.2748 -4.2565 -4.2565
29925 49.83 30.44 0.00 -1.3649 -3.5844 -3.5844
29950 49.83 30.44 0.00 -1.3649 -3.5844 -3.5844
29975 49.79 30.75 0.00 -0.1724 -0.5515 -0.5515
30000 49.83 31.01 0.00 0.8360 0.7930 0.7930
30025 49.83 31.01 0.00 0.8360 0.7930 0.7930
30050 49.84 31.25 0.00 0.9350 0.8109 0.8109
30075 49.91 31.45 0.00 1.8260 0.8674 0.8674
30100 49.91 31.45 0.00 1.8260 0.8674 0.8674
30125 50.00 31.56 0.00 2.1993 0.2646 0.2646
30150 50.09 31.63 0.00 2.7665 0.1031 0.1031
30175 50.09 31.63 0.00 2.7665 0.1031 0.1031
30200 50.21 31.62 0.00 2.5271 -0.3930 -0.3930
30225 50.26 31.56 0.00 1.8434 -1.2573 -1.2573
30250 50.26 31.56 0.00 1.8434 -1.2573 -1.2573
30275 50.38 31.51 0.00 2.9137 2.1326 2.1326
30300 50.44 31.52 0.00 1.0561 1.4619 1.4619
30325 50.47 31.62 0.00 0.6224 0.5240 0.5240
30350 50.47 31.62 0.00 0.6224 0.5240 0.5240
30375 50.45 31.69 0.00 -1.0847 -1.8479 -1.8479
30400 50.40 31.71 0.00 -1.4310 -0.7900 -0.7900
30425 50.40 31.71 0.00 -1.4310 -0.7900 -0.7900
30450 50.28 31.71 0.00 -3.9410 -1.7162 -1.7162
30475 50.12 31.67 0.00 -4.3848 -0.2019 -0.2019
30500 49.91 31.73 0.00 -5.2021 -1.9427 -1.9427
30525 49.91 31.73 0.00 -5.2021 -1.9427 -1.9427
30550 49.74 31.80 0.00 -4.0178 -2.3407 -2.3407
30575 49.56 31.91 0.00 -4.9031 -2.4024 -2.4024
30600 49.56 31.91 0.00 -4.9031 -2.4024 -2.4024
30625 49.32 32.13 0.00 -6.6945 -1.9172 -1.9172
30650 49.01 32.44 0.00 -8.7617 -2.8471 -2.8471
30675 49.01 32.44 0.00 -8.7617 -2.8471 -2.8471
30700 48.60 32.84 0.00 -10.4695 -5.0943 -5.0943
30725 48.22 33.33 0.00 -9.0456 -6.0215 -6.0215
30750 47.91 33.84 0.00 -6.7216 -5.4489 -5.4489
30775 47.91 33.84 0.00 -6.7216 -5.4489 -5.4489
30800 47.71 34.45 0.00 -3.0933 -4.4814 -4.4814
30825 47.68 35.30 0.00 0.2759 -2.4053 -2.4053
30850 47.68 35.30 0.00 0.2759 -2.4053 -2.4053
30875 47.75 36.08 0.00 3.1493 -2.2108 -2.2108
30900 47.98 36.73 0.00 6.1686 1.2960 1.2960
30925 47.98 36.73 0.00 6.1686 1.2960 1.2960
30950 48.22 37.30 0.00 5.9278 0.6892 0.6892
30975 48.43 37.88 0.00 4.7970 1.1605 1.1605
31000 48.59 38.30 0.00 3.6637 0.5823 0.5823
31025 48.59 38.30 0.00 3.6637 0.5823 0.5823
31050 48.73 38.61 0.00 3.3142 0.0054 0.0054
31075 48.81 38.75 0.00 3.1759 -0.7936 -0.7936
31100 48.92 38.84 0.00 1.8473 -0.4007 -0.4007
31125 48.92 38.84 0.00 1.8473 -0.4007 -0.4007
31150 48.97 38.82 0.00 0.8417 0.9134 0.9134
31175 48.99 38.81 0.00 -0.0449 0.4398 0.4398
31200 48.99 38.81 0.00 -0.0449 0.4398 0.4398
31225 48.99 38.79 0.00 0.3917 0.5665 0.5665
31250 49.02 38.72 0.00 1.1548 0.7343 0.7343
31275 49.02 38.72 0.00 1.1548 0.7343 0.7343
31300 49.07 38.66 0.00 1.3102 0.9076 0.9076
31325 49.09 38.59 0.00 0.0099 -0.1929 -0.1929
31350 49.09 38.59 0.00 0.0099 -0.1929 -0.1929
31375 49.09 38.52 0.00 -0.5153 -0.8468 -0.8468
31400 49.06 38.52 0.00 -0.4144 -1.1792 -1.1792
31425 49.06 38.52 0.00 -0.4144 -1.1792 -1.1792
31450 49.06 38.57 0.00 -0.5631 -1.0474 -1.0474
31475 49.01 38.72 0.00 -1.1037 0.2753 0.2753
31500 49.01 38.72 0.00 -1.1037 0.2753 0.2753
31525 48.95 39.00 0.00 -1.7293 -1.0321 -1.0321
31550 48.94 39.45 0.00 0.6406 1.7081 1.7081
31575 48.97 40.00 0.00 0.1917 1.5343 1.5343
31600 48.97 40.00 0.00 0.1917 1.5343 1.5343
31625 49.01 40.66 0.00 1.5069 1.7754 1.7754
31650 49.07 41.33 0.00 1.8263 0.7710 0.7710
31675 49.14 42.13 0.00 1.7790 0.5001 0.5001
31700 49.14 42.13 0.00 1.7790 0.5001 0.5001
31725 49.20 42.69 0.00 1.4035 0.8228 0.8228
31750 49.28 43.49 0.00 2.9635 2.5464 2.5464
31775 49.28 43.49 0.00 2.9635 2.5464 2.5464
31800 49.48 44.21 0.00 5.4920 3.1840 3.1840
31825 49.67 44.88 0.00 4.6822 0.8051 0.8051
31850 49.67 44.88 0.00 4.6822 0.8051 0.8051
31875 49.84 45.23 0.00 4.1633 1.7632 1.7632
31900 49.95 45.44 0.00 1.6362 1.7200 1.7200
31925 49.95 45.44 0.00 1.6362 1.7200 1.7200
