%#        Time[ms]        X[pixel],        Y[pixel],        Z[pixel],  dX/dt[pixel/s],  dY/dt[pixel/s],  dZ/dt[pixel/s] 
0 50.00 50.00 0.00 -9.8335 -6.9280 -6.9280
25 49.55 50.12 0.00 -11.3044 -3.7657 -3.7657
50 49.14 50.33 0.00 -9.4677 2.2751 2.2751
75 48.83 50.54 0.00 -7.1382 6.9866 6.9866
100 48.83 50.54 0.00 -7.1382 6.9866 6.9866
125 48.60 50.80 0.00 -4.5513 9.7763 9.7763
150 48.46 51.13 0.00 -2.9369 4.9200 4.9200
175 48.46 51.13 0.00 -2.9369 4.9200 4.9200
200 48.36 51.47 0.00 -2.3168 -0.8428 -0.8428
225 48.25 51.54 0.00 -2.5697 -3.6585 -3.6585
250 48.15 51.29 0.00 -2.5084 -5.1306 -5.1306
275 48.15 51.29 0.00 -2.5084 -5.1306 -5.1306
300 48.11 50.99 0.00 0.4958 1.0828 1.0828
325 48.18 50.91 0.00 2.4563 4.7967 4.7967
350 48.18 50.91 0.00 2.4563 4.7967 4.7967
375 48.29 51.01 0.00 2.6539 6.5327 6.5327
400 48.43 51.24 0.00 3.6052 5.9539 5.9539
425 48.43 51.24 0.00 3.6052 5.9539 5.9539
450 48.62 51.47 0.00 5.5952 3.1396 3.1396
475 48.81 51.62 0.00 4.2444 -0.9691 -0.9691
500 48.81 51.62 0.00 4.2444 -0.9691 -0.9691
525 48.87 51.55 0.00 -1.3203 -2.3721 -2.3721
550 48.69 51.34 0.00 -6.3122 -2.3677 -2.3677
575 48.34 51.10 0.00 -9.7636 -3.2132 -3.2132
600 48.34 51.10 0.00 -9.7636 -3.2132 -3.2132
625 47.94 50.91 0.00 -9.7604 -5.6519 -5.6519
650 47.59 50.91 0.00 -7.7882 -4.9074 -4.9074
675 47.59 50.91 0.00 -7.7882 -4.9074 -4.9074
700 47.33 50.98 0.00 -6.5486 -4.0512 -4.0512
725 47.14 50.98 0.00 -5.9982 -4.1253 -4.1253
750 46.93 50.80 0.00 -4.6531 -3.3925 -3.3925
775 46.93 50.80 0.00 -4.6531 -3.3925 -3.3925
800 46.75 50.52 0.00 -4.4076 -4.1075 -4.1075
825 46.60 50.21 0.00 -3.7461 -3.6053 -3.6053
850 46.60 50.21 0.00 -3.7461 -3.6053 -3.6053
875 46.44 49.95 0.00 -4.4115 -4.7370 -4.7370
900 46.25 49.79 0.00 -4.6839 -2.0127 -2.0127
925 46.25 49.79 0.00 -4.6839 -2.0127 -2.0127
950 45.98 49.65 0.00 -8.6026 -2.1807 -2.1807
975 45.53 49.53 0.00 -12.7674 -2.4842 -2.4842
1000 45.53 49.53 0.00 -12.7674 -2.4842 -2.4842
1025 44.97 49.25 0.00 -14.2597 -3.3624 -3.3624
1050 44.46 48.88 0.00 -11.7084 -4.4124 -4.4124
1075 44.46 48.88 0.00 -11.7084 -4.4124 -4.4124
1100 43.99 48.53 0.00 -12.0103 -4.9061 -4.9061
1125 43.52 48.19 0.00 -12.0156 -1.7174 -1.7174
1150 42.97 47.93 0.00 -14.1493 -2.0078 -2.0078
1175 42.97 47.93 0.00 -14.1493 -2.0078 -2.0078
1200 42.39 47.77 0.00 -15.9214 -2.5886 -2.5886
1225 41.60 47.75 0.00 -21.6094 -1.6244 -1.6244
1250 40.76 47.80 0.00 -20.3198 0.1907 0.1907
1275 40.76 47.80 0.00 -20.3198 0.1907 0.1907
1300 40.05 47.80 0.00 -15.6959 -0.2038 -0.2038
1325 39.54 47.73 0.00 -11.4798 -1.9334 -1.9334
1350 39.54 47.73 0.00 -11.4798 -1.9334 -1.9334
1375 39.08 47.53 0.00 -11.1391 -3.3391 -3.3391
1400 38.69 47.35 0.00 -8.9527 -5.4386 -5.4386
1425 38.69 47.35 0.00 -8.9527 -5.4386 -5.4386
1450 38.38 47.26 0.00 -7.5547 -5.7819 -5.7819
1475 38.13 47.30 0.00 -4.7992 -3.0230 -3.0230
1500 38.13 47.30 0.00 -4.7992 -3.0230 -3.0230
1525 38.00 47.38 0.00 -4.1735 -1.9512 -1.9512
1550 37.81 47.42 0.00 -5.3662 -0.4339 -0.4339
1575 37.63 47.38 0.00 -3.4126 0.0993 0.0993
1600 37.63 47.38 0.00 -3.4126 0.0993 0.0993
1625 37.51 47.24 0.00 -3.8018 -0.6723 -0.6723
1650 37.33 46.96 0.00 -4.3888 -0.0406 -0.0406
1675 37.33 46.96 0.00 -4.3888 -0.0406 -0.0406
1700 37.15 46.60 0.00 -4.2437 -0.3572 -0.3572
1725 36.92 46.27 0.00 -7.2466 -2.0401 -2.0401
1750 36.59 45.95 0.00 -9.1303 -2.3006 -2.3006
1775 36.59 45.95 0.00 -9.1303 -2.3006 -2.3006
1800 36.20 45.63 0.00 -9.7143 -2.1923 -2.1923
1825 35.82 45.25 0.00 -8.9802 -1.2238 -1.2238
1850 35.82 45.25 0.00 -8.9802 -1.2238 -1.2238
1875 35.47 44.84 0.00 -9.4981 -1.1278 -1.1278
1900 35.00 44.37 0.00 -12.6290 -0.4851 -0.4851
1925 35.00 44.37 0.00 -12.6290 -0.4851 -0.4851
1950 34.50 43.96 0.00 -12.2452 -0.3223 -0.3223
1975 34.04 43.64 0.00 -11.2717 -2.4562 -2.4562
2000 33.66 43.40 0.00 -7.9026 -0.5414 -0.5414
2025 33.66 43.40 0.00 -7.9026 -0.5414 -0.5414
2050 33.41 43.24 0.00 -5.6357 -1.0598 -1.0598
2075 33.21 43.14 0.00 -4.2218 -0.3990 -0.3990
2100 33.21 43.14 0.00 -4.2218 -0.3990 -0.3990
2125 32.98 43.10 0.00 -8.1449 1.8003 1.8003
2150 32.57 43.06 0.00 -11.4046 2.9174 2.9174
2175 32.57 43.06 0.00 -11.4046 2.9174 2.9174
2200 31.99 42.93 0.00 -15.3012 1.2413 1.2413
2225 31.39 42.71 0.00 -14.9619 -0.7762 -0.7762
2250 31.39 42.71 0.00 -14.9619 -0.7762 -0.7762
2275 30.85 42.52 0.00 -11.6873 -2.2695 -2.2695
2300 30.60 42.44 0.00 -7.0288 -2.7311 -2.7311
2325 30.40 42.38 0.00 -4.7686 -1.7049 -1.7049
2350 30.40 42.38 0.00 -4.7686 -1.7049 -1.7049
2375 30.22 42.33 0.00 -4.8910 -0.3739 -0.3739
2400 29.93 42.21 0.00 -8.4150 -0.6021 -0.6021
2425 29.93 42.21 0.00 -8.4150 -0.6021 -0.6021
2450 29.58 42.10 0.00 -8.8268 -2.5991 -2.5991
2475 29.22 42.06 0.00 -9.7568 -2.8487 -2.8487
2500 28.80 42.05 0.00 -9.6699 -0.6363 -0.6363
2525 28.80 42.05 0.00 -9.6699 -0.6363 -0.6363
2550 28.58 41.96 0.00 -2.8181 2.8364 2.8364
2575 28.60 41.83 0.00 2.7972 0.6326 0.6326
2600 28.60 41.83 0.00 2.7972 0.6326 0.6326
2625 28.82 41.76 0.00 6.5374 0.1090 0.1090
2650 29.07 41.66 0.00 5.9149 -0.2247 -0.2247
2675 29.07 41.66 0.00 5.9149 -0.2247 -0.2247
2700 29.25 41.48 0.00 3.7754 -0.3280 -0.3280
2725 29.35 41.29 0.00 1.7645 -0.8271 -0.8271
2750 29.44 41.04 0.00 2.5923 0.9903 0.9903
2775 29.44 41.04 0.00 2.5923 0.9903 0.9903
2800 29.58 40.64 0.00 4.0349 -0.1312 -0.1312
2825 29.76 40.21 0.00 5.2282 -0.6891 -0.6891
2850 29.76 40.21 0.00 5.2282 -0.6891 -0.6891
2875 30.00 39.75 0.00 5.8691 -0.6233 -0.6233
2900 30.20 39.29 0.00 4.4321 0.9868 0.9868
2925 30.20 39.29 0.00 4.4321 0.9868 0.9868
2950 30.31 38.82 0.00 1.5302 0.6373 0.6373
2975 30.29 38.40 0.00 -1.9518 0.1954 0.1954
3000 30.13 38.04 0.00 -4.6579 -1.1817 -1.1817
3025 30.13 38.04 0.00 -4.6579 -1.1817 -1.1817
3050 29.91 37.78 0.00 -5.4811 -2.4272 -2.4272
3075 29.73 37.57 0.00 -3.9069 -0.5709 -0.5709
3100 29.73 37.57 0.00 -3.9069 -0.5709 -0.5709
3125 29.64 37.41 0.00 -2.7853 0.7703 0.7703
3150 29.55 37.28 0.00 -2.0587 -0.3057 -0.3057
3175 29.55 37.28 0.00 -2.0587 -0.3057 -0.3057
3200 29.47 37.22 0.00 -1.9886 -0.9873 -0.9873
3225 29.38 37.18 0.00 -2.3244 -3.0633 -3.0633
3250 29.38 37.18 0.00 -2.3244 -3.0633 -3.0633
3275 29.25 37.18 0.00 -3.8815 -2.9956 -2.9956
3300 29.09 37.14 0.00 -3.8023 -0.5641 -0.5641
3325 29.09 37.14 0.00 -3.8023 -0.5641 -0.5641
3350 28.98 37.06 0.00 -1.6127 0.1128 0.1128
3375 28.96 37.01 0.00 0.4620 -0.8620 -0.8620
3400 29.04 36.97 0.00 2.4421 -1.3666 -1.3666
3425 29.04 36.97 0.00 2.4421 -1.3666 -1.3666
3450 29.15 36.90 0.00 2.8781 -0.3937 -0.3937
3475 29.25 36.80 0.00 1.8576 -0.1525 -0.1525
3500 29.25 36.80 0.00 1.8576 -0.1525 -0.1525
3525 29.27 36.67 0.00 0.2840 0.1201 0.1201
3550 29.29 36.52 0.00 0.5391 -0.3803 -0.3803
3575 29.31 36.40 0.00 0.9108 -0.8897 -0.8897
3600 29.31 36.40 0.00 0.9108 -0.8897 -0.8897
3625 29.42 36.25 0.00 3.1089 -1.3374 -1.3374
3650 29.60 36.08 0.00 6.3652 -0.3364 -0.3364
3675 29.91 35.87 0.00 8.0199 0.7034 0.7034
3700 29.91 35.87 0.00 8.0199 0.7034 0.7034
3725 30.20 35.68 0.00 6.6801 0.4916 0.4916
3750 30.40 35.46 0.00 3.3919 0.1112 0.1112
3775 30.40 35.46 0.00 3.3919 0.1112 0.1112
3800 30.45 35.27 0.00 0.2129 -1.3815 -1.3815
3825 30.40 35.15 0.00 -2.2532 -2.6576 -2.6576
3850 30.40 35.15 0.00 -2.2532 -2.6576 -2.6576
3875 30.29 34.99 0.00 -2.6205 -0.8813 -0.8813
3900 30.24 34.86 0.00 -2.1247 -1.3903 -1.3903
3925 30.24 34.86 0.00 -2.1247 -1.3903 -1.3903
3950 30.15 34.71 0.00 -1.5856 -1.9708 -1.9708
3975 30.11 34.60 0.00 -0.5010 -1.5055 -1.5055
4000 30.11 34.58 0.00 -0.1089 -0.9413 -0.9413
4025 30.11 34.58 0.00 -0.1089 -0.9413 -0.9413
4050 30.11 34.58 0.00 0.0049 0.4216 0.4216
4075 30.11 34.56 0.00 -0.1363 0.0138 0.0138
4100 30.11 34.56 0.00 -0.1363 0.0138 0.0138
4125 30.11 34.58 0.00 0.0225 -0.7460 -0.7460
4150 30.09 34.61 0.00 -0.4656 -0.7401 -0.7401
4175 30.07 34.63 0.00 -0.6542 -1.6754 -1.6754
4200 30.07 34.63 0.00 -0.6542 -1.6754 -1.6754
4225 30.11 34.62 0.00 2.0374 0.6815 0.6815
4250 30.27 34.68 0.00 5.3591 1.7393 1.7393
4275 30.27 34.68 0.00 5.3591 1.7393 1.7393
4300 30.62 34.89 0.00 10.6184 3.1461 3.1461
4325 31.20 35.23 0.00 16.7349 4.6265 4.6265
4350 31.20 35.23 0.00 16.7349 4.6265 4.6265
4375 31.88 35.58 0.00 16.6671 4.1966 4.1966
4400 32.48 35.71 0.00 13.6944 3.0733 3.0733
4425 32.48 35.71 0.00 13.6944 3.0733 3.0733
4450 32.96 35.66 0.00 11.5169 2.8922 2.8922
4475 33.34 35.53 0.00 7.4471 2.2267 2.2267
4500 33.34 35.53 0.00 7.4471 2.2267 2.2267
4525 33.53 35.39 0.00 4.1840 2.4845 2.4845
4550 33.68 35.30 0.00 2.8334 2.4746 2.4746
4575 33.77 35.29 0.00 2.2445 2.5104 2.5104
4600 33.77 35.29 0.00 2.2445 2.5104 2.5104
4625 33.86 35.27 0.00 2.3675 2.4694 2.4694
4650 33.96 35.22 0.00 2.7524 1.7766 1.7766
4675 34.02 35.17 0.00 1.2091 0.3028 0.3028
4700 34.02 35.17 0.00 1.2091 0.3028 0.3028
4725 34.04 35.08 0.00 0.2293 0.7583 0.7583
4750 34.02 34.95 0.00 -0.4409 -2.1932 -2.1932
4775 34.02 34.95 0.00 -0.4409 -2.1932 -2.1932
4800 34.05 34.80 0.00 1.3824 0.4897 0.4897
4825 34.14 34.73 0.00 2.6144 0.7299 0.7299
4850 34.29 34.79 0.00 4.0125 1.1960 1.1960
4875 34.29 34.79 0.00 4.0125 1.1960 1.1960
4900 34.45 34.90 0.00 3.8402 0.0974 0.0974
4925 34.61 34.98 0.00 4.2239 0.3068 0.3068
4950 34.61 34.98 0.00 4.2239 0.3068 0.3068
4975 34.81 35.00 0.00 6.2868 -0.0818 -0.0818
5000 35.14 34.98 0.00 9.6155 1.3245 1.3245
5025 35.14 34.98 0.00 9.6155 1.3245 1.3245
5050 35.61 34.93 0.00 12.9647 0.8119 0.8119
5075 36.14 34.95 0.00 13.7651 -0.2849 -0.2849
5100 36.14 34.95 0.00 13.7651 -0.2849 -0.2849
5125 36.57 35.05 0.00 7.1426 -3.3717 -3.3717
5150 36.67 34.92 0.00 1.6673 0.9311 0.9311
5175 36.67 34.92 0.00 1.6673 0.9311 0.9311
5200 36.76 34.83 0.00 3.2455 6.0924 6.0924
5225 36.98 35.02 0.00 5.9765 2.3034 2.3034
5250 37.23 35.26 0.00 6.5682 -0.0788 -0.0788
5275 37.23 35.26 0.00 6.5682 -0.0788 -0.0788
5300 37.53 35.41 0.00 7.7842 1.9875 1.9875
5325 37.77 35.47 0.00 8.7844 1.2392 1.2392
5350 37.77 35.47 0.00 8.7844 1.2392 1.2392
5375 38.18 35.49 0.00 10.3266 3.9688 3.9688
5400 38.50 35.46 0.00 6.6478 5.2656 5.2656
5425 38.73 35.25 0.00 6.2280 7.8285 7.8285
5450 38.73 35.25 0.00 6.2280 7.8285 7.8285
5475 39.01 35.09 0.00 7.4646 4.6588 4.6588
5500 39.38 35.17 0.00 10.5531 1.6793 1.6793
5525 39.38 35.17 0.00 10.5531 1.6793 1.6793
5550 39.86 35.43 0.00 12.5185 1.2299 1.2299
5575 40.41 35.78 0.00 14.7915 3.3385 3.3385
5600 40.41 35.78 0.00 14.7915 3.3385 3.3385
5625 41.04 36.08 0.00 16.1189 3.4333 3.4333
5650 41.71 36.27 0.00 16.8971 3.5501 3.5501
5675 42.36 36.44 0.00 14.9386 3.3266 3.3266
5700 42.36 36.44 0.00 14.9386 3.3266 3.3266
5725 42.80 36.50 0.00 8.4900 3.4720 3.4720
5750 43.01 36.53 0.00 4.1530 3.3917 3.3917
5775 43.01 36.53 0.00 4.1530 3.3917 3.3917
5800 43.15 36.64 0.00 3.3576 1.3456 1.3456
5825 43.31 36.97 0.00 4.5172 -1.8641 -1.8641
5850 43.52 37.31 0.00 5.0673 -0.9772 -0.9772
5875 43.52 37.31 0.00 5.0673 -0.9772 -0.9772
5900 43.69 37.54 0.00 4.2303 -2.0935 -2.0935
5925 43.83 37.63 0.00 2.9521 2.4230 2.4230
5950 43.83 37.63 0.00 2.9521 2.4230 2.4230
5975 43.88 37.63 0.00 0.8693 2.2919 2.2919
6000 43.95 37.74 0.00 2.3641 1.5726 1.5726
6025 43.95 37.74 0.00 2.3641 1.5726 1.5726
6050 44.13 38.06 0.00 6.0215 0.8150 0.8150
6075 44.53 38.49 0.00 12.3319 -1.4411 -1.4411
6100 45.18 38.92 0.00 18.1231 -3.4362 -3.4362
6125 45.18 38.92 0.00 18.1231 -3.4362 -3.4362
6150 45.97 39.21 0.00 20.1029 -0.4625 -0.4625
6175 46.79 39.34 0.00 20.8557 0.8265 0.8265
6200 46.79 39.34 0.00 20.8557 0.8265 0.8265
6225 47.43 39.39 0.00 22.4218 0.6311 0.6311
6250 47.43 39.39 0.00 22.4218 0.6311 0.6311
6275 48.36 39.48 0.00 23.0507 0.3669 0.3669
6300 49.30 39.66 0.00 23.8071 1.3847 1.3847
6325 50.26 40.07 0.00 24.1920 0.6292 0.6292
6350 50.26 40.07 0.00 24.1920 0.6292 0.6292
6375 51.05 40.60 0.00 16.3259 -0.1583 -0.1583
6400 51.55 41.01 0.00 10.7976 2.9489 2.9489
6425 51.89 41.20 0.00 6.5230 2.5263 2.5263
6450 51.89 41.20 0.00 6.5230 2.5263 2.5263
6475 52.06 41.25 0.00 4.5269 1.0819 1.0819
6500 52.25 41.30 0.00 4.0191 1.6049 1.6049
6525 52.25 41.30 0.00 4.0191 1.6049 1.6049
6550 52.39 41.39 0.00 3.3360 0.3930 0.3930
6575 52.55 41.48 0.00 4.9016 0.3360 0.3360
6600 52.55 41.48 0.00 4.9016 0.3360 0.3360
6625 52.85 41.64 0.00 8.9260 -0.5550 -0.5550
6650 53.30 41.92 0.00 12.9699 -1.3081 -1.3081
6675 53.93 42.16 0.00 16.7328 -0.1087 -0.1087
6700 53.93 42.16 0.00 16.7328 -0.1087 -0.1087
6725 54.54 42.35 0.00 14.2539 0.3860 0.3860
6750 55.01 42.42 0.00 10.1951 2.0452 2.0452
6775 55.01 42.42 0.00 10.1951 2.0452 2.0452
6800 55.31 42.44 0.00 6.0562 2.8496 2.8496
6825 55.31 42.44 0.00 6.0562 2.8496 2.8496
6850 55.52 42.49 0.00 5.1653 2.5232 2.5232
6875 55.80 42.63 0.00 8.6028 2.0955 2.0955
6900 56.13 42.82 0.00 12.2929 1.6742 1.6742
6925 56.13 42.82 0.00 12.2929 1.6742 1.6742
6950 56.99 43.29 0.00 19.9402 1.2196 1.2196
6975 57.85 43.68 0.00 22.0231 2.7858 2.7858
7000 58.50 43.90 0.00 21.4325 1.3503 1.3503
7025 58.50 43.90 0.00 21.4325 1.3503 1.3503
7050 59.33 44.11 0.00 19.6800 3.0859 3.0859
7075 60.02 44.26 0.00 16.0140 2.9690 2.9690
7100 60.02 44.26 0.00 16.0140 2.9690 2.9690
7125 60.60 44.43 0.00 14.1797 2.9265 2.9265
7150 61.13 44.59 0.00 12.6550 1.9933 1.9933
7175 61.66 44.74 0.00 14.1843 1.7409 1.7409
7200 61.66 44.74 0.00 14.1843 1.7409 1.7409
7225 62.26 44.98 0.00 14.9529 0.3374 0.3374
7250 62.83 45.16 0.00 13.8369 0.7826 0.7826
7275 62.83 45.16 0.00 13.8369 0.7826 0.7826
7300 63.31 45.33 0.00 10.7503 -0.0569 -0.0569
7325 63.68 45.47 0.00 8.0991 0.6513 0.6513
7350 63.68 45.47 0.00 8.0991 0.6513 0.6513
7375 63.93 45.66 0.00 5.7683 0.7709 0.7709
7400 64.16 46.05 0.00 5.8503 1.7054 1.7054
7425 64.16 46.05 0.00 5.8503 1.7054 1.7054
7450 64.43 46.66 0.00 6.9873 1.9809 1.9809
7475 64.73 47.47 0.00 8.0048 1.4528 1.4528
7500 65.03 48.27 0.00 7.0388 0.7130 0.7130
7525 65.03 48.27 0.00 7.0388 0.7130 0.7130
7550 65.28 49.12 0.00 5.9977 0.0056 0.0056
7575 65.53 50.19 0.00 6.6568 1.1192 1.1192
7600 65.84 51.31 0.00 8.4441 2.1635 2.1635
7625 65.84 51.31 0.00 8.4441 2.1635 2.1635
7650 66.14 52.22 0.00 10.9263 2.7200 2.7200
7675 66.66 53.48 0.00 14.3114 2.9382 2.9382
7700 66.66 53.48 0.00 14.3114 2.9382 2.9382
7725 67.24 54.58 0.00 13.9652 1.2319 1.2319
7750 67.76 55.28 0.00 12.6870 1.1507 1.1507
7775 67.76 55.28 0.00 12.6870 1.1507 1.1507
7800 68.21 55.62 0.00 9.9412 0.9486 0.9486
7825 68.21 55.62 0.00 9.9412 0.9486 0.9486
7850 68.53 55.78 0.00 7.4879 1.4984 1.4984
7875 68.77 55.87 0.00 4.8708 1.0625 1.0625
7900 68.97 55.92 0.00 4.9047 1.4758 1.4758
7925 68.97 55.92 0.00 4.9047 1.4758 1.4758
7950 69.20 55.98 0.00 6.8421 1.7355 1.7355
7975 69.53 55.96 0.00 9.2218 1.0844 1.0844
8000 69.53 55.96 0.00 9.2218 1.0844 1.0844
8025 70.04 55.92 0.00 14.6443 1.9920 1.9920
8050 70.71 55.85 0.00 18.5196 1.2821 1.2821
8075 71.57 55.77 0.00 22.8187 0.6023 0.6023
8100 71.57 55.77 0.00 22.8187 0.6023 0.6023
8125 72.55 55.70 0.00 26.4299 0.2337 0.2337
8150 73.68 55.64 0.00 28.6173 -0.7271 -0.7271
8175 74.99 55.64 0.00 35.5264 2.9197 2.9197
8200 74.99 55.64 0.00 35.5264 2.9197 2.9197
8225 76.44 55.65 0.00 36.7926 1.4664 1.4664
8250 77.96 55.79 0.00 38.4853 1.9226 1.9226
8275 77.96 55.79 0.00 38.4853 1.9226 1.9226
8300 79.39 55.95 0.00 33.8012 -1.2277 -1.2277
8325 80.55 56.06 0.00 25.9209 -2.9122 -2.9122
8350 81.34 56.14 0.00 15.9246 -2.1999 -2.1999
8375 81.34 56.14 0.00 15.9246 -2.1999 -2.1999
8400 81.74 56.18 0.00 6.0672 0.5104 0.5104
8425 81.74 56.35 0.00 -2.3865 1.8817 1.8817
8450 81.74 56.35 0.00 -2.3865 1.8817 1.8817
8475 81.59 56.75 0.00 -4.5144 1.7455 1.7455
8500 81.40 57.21 0.00 -4.3288 0.4147 0.4147
8525 81.40 57.21 0.00 -4.3288 0.4147 0.4147
8550 81.30 57.57 0.00 -2.8689 -0.1654 -0.1654
8575 81.20 57.99 0.00 -2.5598 -0.7100 -0.7100
8600 81.20 57.99 0.00 -2.5598 -0.7100 -0.7100
8625 81.09 58.30 0.00 -2.1904 -0.6101 -0.6101
8650 81.03 58.52 0.00 -1.0558 -0.5196 -0.5196
8675 81.07 58.78 0.00 2.2918 -0.6991 -0.6991
8700 81.07 58.78 0.00 2.2918 -0.6991 -0.6991
8725 81.28 59.10 0.00 7.6050 -1.9733 -1.9733
8750 81.76 59.46 0.00 14.1368 0.5029 0.5029
8775 81.76 59.46 0.00 14.1368 0.5029 0.5029
8800 82.40 59.90 0.00 17.1821 -0.0028 -0.0028
8825 83.25 60.25 0.00 24.5368 -0.2718 -0.2718
8850 83.25 60.25 0.00 24.5368 -0.2718 -0.2718
8875 84.39 60.54 0.00 31.3608 -2.6276 -2.6276
8900 85.75 60.89 0.00 34.8490 -4.5798 -4.5798
8925 85.75 60.89 0.00 34.8490 -4.5798 -4.5798
8950 87.19 61.41 0.00 36.3943 -4.4019 -4.4019
8975 88.67 62.12 0.00 36.7956 -1.9445 -1.9445
9000 90.10 63.02 0.00 35.2936 -2.3654 -2.3654
9025 90.10 63.02 0.00 35.2936 -2.3654 -2.3654
9050 91.40 63.99 0.00 30.9692 -2.5996 -2.5996
9075 92.57 64.83 0.00 28.0413 -1.6341 -1.6341
9100 92.57 64.83 0.00 28.0413 -1.6341 -1.6341
9125 93.61 65.58 0.00 24.6568 -2.1139 -2.1139
9150 94.56 66.19 0.00 23.2573 -2.2078 -2.2078
9175 94.56 66.19 0.00 23.2573 -2.2078 -2.2078
9200 95.45 66.67 0.00 21.9206 -2.2907 -2.2907
9225 96.27 67.11 0.00 19.7812 -3.0535 -3.0535
9250 96.84 67.53 0.00 17.5779 -3.7769 -3.7769
9275 96.84 67.53 0.00 17.5779 -3.7769 -3.7769
9300 97.42 68.12 0.00 12.8793 -3.2612 -3.2612
9325 97.89 68.88 0.00 10.9182 -1.9809 -1.9809
9350 98.28 69.57 0.00 9.5803 -0.0437 -0.0437
9375 98.28 69.57 0.00 9.5803 -0.0437 -0.0437
9400 98.67 70.19 0.00 10.2496 -0.8936 -0.8936
9425 99.08 70.64 0.00 8.8340 -2.1150 -2.1150
9450 99.08 70.64 0.00 8.8340 -2.1150 -2.1150
9475 99.27 71.04 0.00 1.8133 -2.2699 -2.2699
9500 99.12 71.25 0.00 -6.9157 0.9708 0.9708
9525 99.12 71.25 0.00 -6.9157 0.9708 0.9708
9550 98.71 71.19 0.00 -12.5859 1.8128 1.8128
9575 98.11 70.99 0.00 -15.5995 0.9499 0.9499
9600 98.11 70.99 0.00 -15.5995 0.9499 0.9499
9625 97.42 70.72 0.00 -19.2197 0.4655 0.4655
9650 96.61 70.22 0.00 -19.9171 0.2930 0.2930
9675 95.85 69.68 0.00 -18.8977 0.8274 0.8274
9700 95.85 69.68 0.00 -18.8977 0.8274 0.8274
9725 95.17 69.16 0.00 -15.3196 1.9778 1.9778
9750 94.61 68.77 0.00 -13.5205 0.5730 0.5730
9775 94.61 68.77 0.00 -13.5205 0.5730 0.5730
9800 94.11 68.44 0.00 -11.7575 1.5255 1.5255
9825 93.65 68.22 0.00 -10.9722 0.3273 0.3273
9850 93.65 68.22 0.00 -10.9722 0.3273 0.3273
9875 93.23 68.06 0.00 -10.5448 -1.7577 -1.7577
9900 92.86 67.94 0.00 -7.7099 1.8932 1.8932
9925 92.59 67.75 0.00 -6.5192 0.5896 0.5896
9950 92.59 67.75 0.00 -6.5192 0.5896 0.5896
9975 92.37 67.62 0.00 -5.2094 -0.3369 -0.3369
10000 92.16 67.53 0.00 -5.2867 -2.2209 -2.2209
10025 92.16 67.53 0.00 -5.2867 -2.2209 -2.2209
10050 92.00 67.44 0.00 -4.9269 -2.6312 -2.6312
10075 91.81 67.36 0.00 -4.8993 -3.1726 -3.1726
10100 91.81 67.36 0.00 -4.8993 -3.1726 -3.1726
10125 91.63 67.35 0.00 -3.9874 -0.4057 -0.4057
10150 91.48 67.43 0.00 -3.2919 -0.3183 -0.3183
10175 91.48 67.43 0.00 -3.2919 -0.3183 -0.3183
10200 91.34 67.60 0.00 -4.0829 -0.8989 -0.8989
10225 91.16 67.82 0.00 -5.0128 -0.5917 -0.5917
10250 90.89 68.00 0.00 -7.5018 -1.1469 -1.1469
10275 90.89 68.00 0.00 -7.5018 -1.1469 -1.1469
10300 90.59 68.25 0.00 -7.3836 -1.4985 -1.4985
10325 90.26 68.60 0.00 -8.3764 -3.0749 -3.0749
10350 90.26 68.60 0.00 -8.3764 -3.0749 -3.0749
10375 89.96 68.77 0.00 -7.7095 -2.1396 -2.1396
10400 89.57 68.81 0.00 -11.0184 -2.7066 -2.7066
10425 89.01 68.78 0.00 -16.0841 -4.5245 -4.5245
10450 89.01 68.78 0.00 -16.0841 -4.5245 -4.5245
10475 88.31 68.91 0.00 -17.2496 -3.9805 -3.9805
10500 87.69 69.24 0.00 -14.6603 -2.7298 -2.7298
10525 87.69 69.24 0.00 -14.6603 -2.7298 -2.7298
10550 87.17 69.46 0.00 -11.7322 -1.5042 -1.5042
10575 86.77 69.49 0.00 -9.2333 -1.6698 -1.6698
10600 86.40 69.35 0.00 -8.8369 -2.0379 -2.0379
10625 86.40 69.35 0.00 -8.8369 -2.0379 -2.0379
10650 86.06 69.12 0.00 -8.2606 -3.4202 -3.4202
10675 85.75 68.92 0.00 -7.3951 -0.5602 -0.5602
10700 85.75 68.92 0.00 -7.3951 -0.5602 -0.5602
10725 85.45 68.71 0.00 -8.0324 -0.6588 -0.6588
10750 85.14 68.56 0.00 -7.7764 0.0762 0.0762
10775 85.14 68.56 0.00 -7.7764 0.0762 0.0762
10800 84.82 68.51 0.00 -7.2990 -1.0861 -1.0861
10825 84.59 68.53 0.00 -5.4122 -1.1053 -1.1053
10850 84.59 68.53 0.00 -5.4122 -1.1053 -1.1053
10875 84.43 68.52 0.00 -4.9835 -1.1053 -1.1053
10900 84.24 68.46 0.00 -4.8266 -1.1393 -1.1393
10925 84.04 68.35 0.00 -5.2026 -1.2799 -1.2799
10950 84.04 68.35 0.00 -5.2026 -1.2799 -1.2799
10975 83.85 68.25 0.00 -3.8122 -1.5497 -1.5497
11000 83.73 68.19 0.00 -3.3330 -0.5556 -0.5556
11025 83.73 68.19 0.00 -3.3330 -0.5556 -0.5556
11050 83.58 68.14 0.00 -3.7517 -1.3798 -1.3798
11075 83.40 68.19 0.00 -5.2240 -0.0486 -0.0486
11100 83.40 68.19 0.00 -5.2240 -0.0486 -0.0486
11125 83.09 68.23 0.00 -9.4958 -1.5454 -1.5454
11150 82.67 68.34 0.00 -10.4575 -2.1384 -2.1384
11175 82.24 68.38 0.00 -11.2941 -2.9122 -2.9122
11200 82.24 68.38 0.00 -11.2941 -2.9122 -2.9122
11225 81.82 68.43 0.00 -10.1933 -1.9153 -1.9153
11250 81.41 68.47 0.00 -9.9326 -0.7539 -0.7539
11275 81.41 68.47 0.00 -9.9326 -0.7539 -0.7539
11300 80.99 68.52 0.00 -10.5675 -2.0005 -2.0005
11325 80.53 68.65 0.00 -11.9822 -3.7072 -3.7072
11350 80.53 68.65 0.00 -11.9822 -3.7072 -3.7072
11375 80.06 68.85 0.00 -12.5474 -4.2918 -4.2918
11400 79.56 69.05 0.00 -11.5279 -4.4813 -4.4813
11425 79.56 69.05 0.00 -11.5279 -4.4813 -4.4813
11450 79.19 69.19 0.00 -7.9836 -3.1775 -3.1775
11475 78.94 69.29 0.00 -5.1178 -2.4568 -2.4568
11500 78.94 69.29 0.00 -5.1178 -2.4568 -2.4568
11525 78.81 69.30 0.00 -2.6927 -3.0777 -3.0777
11550 78.73 69.29 0.00 -1.4021 -2.2915 -2.2915
11575 78.66 69.25 0.00 -2.4243 -3.9617 -3.9617
11600 78.66 69.25 0.00 -2.4243 -3.9617 -3.9617
11625 78.54 69.25 0.00 -2.2227 -0.6759 -0.6759
11650 78.41 69.28 0.00 -4.2257 0.0979 0.0979
11675 78.28 69.31 0.00 -4.1159 -0.6286 -0.6286
11700 78.28 69.31 0.00 -4.1159 -0.6286 -0.6286
11725 78.13 69.29 0.00 -4.1552 -0.7796 -0.7796
11750 77.92 69.22 0.00 -5.7044 -1.4587 -1.4587
11775 77.64 69.10 0.00 -7.9589 -1.6175 -1.6175
11800 77.64 69.10 0.00 -7.9589 -1.6175 -1.6175
11825 77.26 68.99 0.00 -10.3664 -0.6631 -0.6631
11850 76.79 68.82 0.00 -12.2252 -1.1360 -1.1360
11875 76.79 68.82 0.00 -12.2252 -1.1360 -1.1360
11900 76.31 68.72 0.00 -12.0424 -2.2504 -2.2504
11925 75.94 68.80 0.00 -7.6149 -0.8793 -0.8793
11950 75.94 68.80 0.00 -7.6149 -0.8793 -0.8793
11975 75.71 69.12 0.00 -3.9790 -0.9536 -0.9536
12000 75.58 69.40 0.00 -3.2618 -2.3979 -2.3979
12025 75.58 69.40 0.00 -3.2618 -2.3979 -2.3979
12050 75.42 69.57 0.00 -4.3443 -1.8340 -1.8340
12075 75.19 69.62 0.00 -6.3412 -1.6627 -1.6627
12100 75.19 69.62 0.00 -6.3412 -1.6627 -1.6627
12125 74.90 69.63 0.00 -7.8294 -2.8153 -2.8153
12150 74.60 69.60 0.00 -6.9653 -0.4462 -0.4462
12175 74.32 69.62 0.00 -7.5154 -0.4023 -0.4023
12200 74.32 69.62 0.00 -7.5154 -0.4023 -0.4023
12225 74.03 69.66 0.00 -7.3926 -0.6836 -0.6836
12250 73.71 69.73 0.00 -8.2145 -1.1072 -1.1072
12275 73.71 69.73 0.00 -8.2145 -1.1072 -1.1072
12300 73.36 69.69 0.00 -9.2015 -0.6669 -0.6669
12325 72.92 69.60 0.00 -12.1238 -0.9915 -0.9915
12350 72.92 69.60 0.00 -12.1238 -0.9915 -0.9915
12375 72.37 69.41 0.00 -14.8335 1.8725 1.8725
12400 71.88 69.27 0.00 -17.0422 1.8283 1.8283
12425 71.88 69.27 0.00 -17.0422 1.8283 1.8283
12450 71.18 69.06 0.00 -17.3047 2.6252 2.6252
12475 70.51 68.85 0.00 -16.4478 2.4266 2.4266
12500 70.51 68.85 0.00 -16.4478 2.4266 2.4266
12525 69.91 68.70 0.00 -13.5016 2.4533 2.4533
12550 69.42 68.60 0.00 -12.1090 1.6807 1.6807
12575 68.97 68.49 0.00 -10.2710 1.8288 1.8288
12600 68.97 68.49 0.00 -10.2710 1.8288 1.8288
12625 68.57 68.31 0.00 -9.9278 0.5939 0.5939
12650 68.19 68.16 0.00 -9.5111 -0.2631 -0.2631
12675 67.81 68.00 0.00 -8.9628 -1.2459 -1.2459
12700 67.81 68.00 0.00 -8.9628 -1.2459 -1.2459
12725 67.49 67.94 0.00 -7.5927 0.7887 0.7887
12750 67.20 67.95 0.00 -7.0950 0.5699 0.5699
12775 67.20 67.95 0.00 -7.0950 0.5699 0.5699
12800 66.95 67.94 0.00 -5.7161 0.1361 0.1361
12825 66.73 67.86 0.00 -5.1411 -2.0576 -2.0576
12850 66.73 67.86 0.00 -5.1411 -2.0576 -2.0576
12875 66.54 67.77 0.00 -5.4832 -2.8177 -2.8177
12900 66.29 67.63 0.00 -6.5525 -1.5703 -1.5703
12925 66.02 67.48 0.00 -6.4184 -0.4612 -0.4612
12950 66.02 67.48 0.00 -6.4184 -0.4612 -0.4612
12975 65.77 67.29 0.00 -6.1498 -1.0532 -1.0532
13000 65.77 67.29 0.00 -6.1498 -1.0532 -1.0532
13025 65.55 67.14 0.00 -5.5224 -1.1151 -1.1151
13050 65.32 66.94 0.00 -5.7972 -0.5088 -0.5088
13075 65.07 66.74 0.00 -6.7493 0.1544 0.1544
13100 65.07 66.74 0.00 -6.7493 0.1544 0.1544
13125 64.77 66.50 0.00 -8.0388 0.2092 0.2092
13150 64.41 66.16 0.00 -9.5156 -0.3135 -0.3135
13175 64.04 65.80 0.00 -9.1901 -0.1606 -0.1606
13200 64.04 65.80 0.00 -9.1901 -0.1606 -0.1606
13225 63.64 65.41 0.00 -9.9633 -1.3203 -1.3203
13250 63.31 65.10 0.00 -7.5783 2.5450 2.5450
13275 63.31 65.10 0.00 -7.5783 2.5450 2.5450
13300 63.09 64.95 0.00 -7.1616 1.9164 1.9164
13325 62.85 64.77 0.00 -5.3859 1.0740 1.0740
13350 62.85 64.77 0.00 -5.3859 1.0740 1.0740
13375 62.63 64.57 0.00 -5.0768 -0.9451 -0.9451
13400 62.46 64.30 0.00 -4.4716 -2.0665 -2.0665
13425 62.30 64.08 0.00 -2.6981 -3.5250 -3.5250
13450 62.30 64.08 0.00 -2.6981 -3.5250 -3.5250
13475 62.24 64.03 0.00 -1.1935 -0.6026 -0.6026
13500 62.24 64.03 0.00 -1.1935 -0.6026 -0.6026
13525 62.15 64.06 0.00 -3.1618 -0.2312 -0.2312
13550 61.98 64.04 0.00 -4.6495 -0.5488 -0.5488
13575 61.80 63.95 0.00 -4.2691 -0.4454 -0.4454
13600 61.80 63.95 0.00 -4.2691 -0.4454 -0.4454
13625 61.64 63.81 0.00 -3.8152 -1.5631 -1.5631
13650 61.46 63.68 0.00 -4.7025 -2.2695 -2.2695
13675 61.46 63.68 0.00 -4.7025 -2.2695 -2.2695
13700 61.20 63.57 0.00 -8.1239 -2.7766 -2.7766
13725 60.78 63.49 0.00 -12.0897 -4.2284 -4.2284
13750 60.25 63.47 0.00 -13.8394 -3.3247 -3.3247
13775 60.25 63.47 0.00 -13.8394 -3.3247 -3.3247
13800 59.66 63.41 0.00 -14.7357 -5.3144 -5.3144
13825 59.10 63.33 0.00 -13.5894 -2.9162 -2.9162
13850 59.10 63.33 0.00 -13.5894 -2.9162 -2.9162
13875 58.61 63.17 0.00 -11.6146 -2.9024 -2.9024
13900 58.20 63.00 0.00 -9.0604 -3.5618 -3.5618
13925 57.92 62.80 0.00 -5.6905 -3.5379 -3.5379
13950 57.92 62.80 0.00 -5.6905 -3.5379 -3.5379
13975 57.75 62.64 0.00 -3.6087 -2.9463 -2.9463
14000 57.62 62.39 0.00 -2.9638 -2.2265 -2.2265
14025 57.62 62.39 0.00 -2.9638 -2.2265 -2.2265
14050 57.52 62.09 0.00 -2.1057 -0.8843 -0.8843
14075 57.48 61.84 0.00 -1.5419 -1.6020 -1.6020
14100 57.48 61.84 0.00 -1.5419 -1.6020 -1.6020
14125 57.41 61.31 0.00 -1.7567 -2.2912 -2.2912
14150 57.29 60.77 0.00 -4.0614 -2.2688 -2.2688
14175 57.06 60.36 0.00 -6.3861 -1.1681 -1.1681
14200 57.06 60.36 0.00 -6.3861 -1.1681 -1.1681
14225 56.76 60.16 0.00 -7.9902 -0.9156 -0.9156
14250 56.76 60.16 0.00 -7.9902 -0.9156 -0.9156
14275 56.47 60.16 0.00 -7.0412 -2.8188 -2.8188
14300 56.24 60.25 0.00 -4.5567 -3.6724 -3.6724
14325 56.15 60.25 0.00 -1.1973 -0.2890 -0.2890
14350 56.15 60.25 0.00 -1.1973 -0.2890 -0.2890
14375 56.13 60.09 0.00 -0.0179 0.2285 0.2285
14400 56.13 59.91 0.00 -0.6382 0.8962 0.8962
14425 56.03 59.77 0.00 -3.3536 -1.3702 -1.3702
14450 56.03 59.77 0.00 -3.3536 -1.3702 -1.3702
14475 55.89 59.67 0.00 -3.8749 -2.8828 -2.8828
14500 55.71 59.56 0.00 -4.3061 -3.5781 -3.5781
14525 55.57 59.44 0.00 -3.1468 -2.4857 -2.4857
14550 55.57 59.44 0.00 -3.1468 -2.4857 -2.4857
14575 55.49 59.28 0.00 -1.8817 -0.5560 -0.5560
14600 55.49 59.28 0.00 -1.8817 -0.5560 -0.5560
14625 55.43 59.00 0.00 -1.2630 -0.0653 -0.0653
14650 55.40 58.70 0.00 -0.5960 0.1116 0.1116
14675 55.40 58.70 0.00 -0.5960 0.1116 0.1116
14700 55.33 58.49 0.00 -2.4744 0.1641 0.1641
14725 55.17 58.34 0.00 -4.4026 -1.9589 -1.9589
14750 55.17 58.34 0.00 -4.4026 -1.9589 -1.9589
14775 55.00 58.20 0.00 -4.4655 -1.5072 -1.5072
14800 54.86 58.06 0.00 -2.7863 -1.1835 -1.1835
14825 54.86 58.06 0.00 -2.7863 -1.1835 -1.1835
14850 54.77 57.89 0.00 -1.9303 -1.0042 -1.0042
14875 54.72 57.76 0.00 -1.6843 -0.9602 -0.9602
14900 54.65 57.61 0.00 -1.6800 -0.3778 -0.3778
14925 54.65 57.61 0.00 -1.6800 -0.3778 -0.3778
14950 54.58 57.45 0.00 -1.6161 -1.9303 -1.9303
14975 54.54 57.33 0.00 -0.2650 -0.4396 -0.4396
15000 54.52 57.27 0.00 -1.0572 0.1757 0.1757
15025 54.52 57.27 0.00 -1.0572 0.1757 0.1757
15050 54.45 57.27 0.00 -2.2521 0.8202 0.8202
15075 54.33 57.20 0.00 -3.2305 0.8749 0.8749
15100 54.21 57.03 0.00 -2.8791 0.1144 0.1144
15125 54.21 57.03 0.00 -2.8791 0.1144 0.1144
15150 54.09 56.80 0.00 -3.1795 -1.7369 -1.7369
15175 54.09 56.80 0.00 -3.1795 -1.7369 -1.7369
15200 53.95 56.48 0.00 -3.2790 -1.8339 -1.8339
15225 53.82 56.20 0.00 -2.6833 -2.6757 -2.6757
15250 53.75 55.96 0.00 -1.7097 -3.0786 -3.0786
15275 53.75 55.96 0.00 -1.7097 -3.0786 -3.0786
15300 53.68 55.71 0.00 -1.4359 -2.4900 -2.4900
15325 53.63 55.54 0.00 -1.1227 -1.4840 -1.4840
15350 53.63 55.54 0.00 -1.1227 -1.4840 -1.4840
15375 53.60 55.34 0.00 -0.9671 -0.1701 -0.1701
15400 53.56 55.10 0.00 -1.1520 -0.4830 -0.4830
15425 53.56 55.10 0.00 -1.1520 -0.4830 -0.4830
15450 53.49 54.77 0.00 -1.6244 -1.3310 -1.3310
15475 53.40 54.37 0.00 -2.3949 -2.0545 -2.0545
15500 53.32 54.02 0.00 -2.6004 -1.2529 -1.2529
15525 53.32 54.02 0.00 -2.6004 -1.2529 -1.2529
15550 53.21 53.77 0.00 -1.9082 -1.4424 -1.4424
15575 53.18 53.67 0.00 -0.3803 1.5800 1.5800
15600 53.18 53.61 0.00 0.0736 1.0021 1.0021
15625 53.18 53.61 0.00 0.0736 1.0021 1.0021
15650 53.21 53.53 0.00 1.4856 0.3129 0.3129
15675 53.21 53.53 0.00 1.4856 0.3129 0.3129
15700 53.28 53.28 0.00 1.4853 -0.9576 -0.9576
15725 53.32 52.90 0.00 0.0973 -0.9627 -0.9627
15750 53.28 52.36 0.00 -1.4698 -1.0564 -1.0564
15775 53.28 52.36 0.00 -1.4698 -1.0564 -1.0564
15800 53.21 51.85 0.00 -1.6959 0.4651 0.4651
15825 53.13 51.41 0.00 -2.3653 0.7886 0.7886
15850 53.06 51.05 0.00 -1.2513 0.2726 0.2726
15875 53.06 51.05 0.00 -1.2513 0.2726 0.2726
15900 53.02 50.77 0.00 -0.8625 -0.2053 -0.2053
15925 53.02 50.77 0.00 -0.8625 -0.2053 -0.2053
15950 52.99 50.52 0.00 -0.4313 -0.1141 -0.1141
15975 52.99 50.26 0.00 -0.2722 0.5075 0.5075
16000 52.95 49.95 0.00 -1.0916 -0.0641 -0.0641
16025 52.95 49.95 0.00 -1.0916 -0.0641 -0.0641
16050 52.88 49.58 0.00 -2.5526 -0.9821 -0.9821
16075 52.74 49.14 0.00 -3.7834 -1.1809 -1.1809
16100 52.74 49.14 0.00 -3.7834 -1.1809 -1.1809
16125 52.58 48.74 0.00 -4.0173 -1.8604 -1.8604
16150 52.41 48.39 0.00 -4.1654 -0.9115 -0.9115
16175 52.22 48.06 0.00 -4.8963 -1.9769 -1.9769
16200 52.22 48.06 0.00 -4.8963 -1.9769 -1.9769
16225 52.06 47.64 0.00 -3.8207 0.2390 0.2390
16250 51.92 47.15 0.00 -3.1373 -0.6669 -0.6669
16275 51.92 47.15 0.00 -3.1373 -0.6669 -0.6669
16300 51.83 46.64 0.00 -2.2341 -1.2551 -1.2551
16325 51.73 46.08 0.00 -2.3600 -1.6897 -1.6897
16350 51.62 45.56 0.00 -3.0577 -1.4809 -1.4809
16375 51.62 45.56 0.00 -3.0577 -1.4809 -1.4809
16400 51.52 45.21 0.00 -3.8705 -1.6745 -1.6745
16425 51.38 44.82 0.00 -2.6855 0.0742 0.0742
16450 51.38 44.82 0.00 -2.6855 0.0742 0.0742
16475 51.29 44.54 0.00 -1.6674 -0.4363 -0.4363
16500 51.29 44.54 0.00 -1.6674 -0.4363 -0.4363
16525 51.27 44.30 0.00 0.7401 -0.0877 -0.0877
16550 51.33 44.03 0.00 1.3475 0.1596 0.1596
16575 51.41 43.79 0.00 2.3532 0.5341 0.5341
16600 51.41 43.79 0.00 2.3532 0.5341 0.5341
16625 51.50 43.58 0.00 1.9774 0.2850 0.2850
16650 51.57 43.31 0.00 2.1471 0.3658 0.3658
16675 51.57 43.31 0.00 2.1471 0.3658 0.3658
16700 51.66 43.01 0.00 2.3851 0.2438 0.2438
16725 51.78 42.64 0.00 3.4754 0.3195 0.3195
16750 51.94 42.17 0.00 3.8651 1.9515 1.9515
16775 51.94 42.17 0.00 3.8651 1.9515 1.9515
16800 52.09 41.57 0.00 3.9153 0.6132 0.6132
16825 52.25 40.92 0.00 4.2386 2.7445 2.7445
16850 52.41 40.28 0.00 3.0011 2.8733 2.8733
16875 52.41 40.28 0.00 3.0011 2.8733 2.8733
16900 52.48 39.73 0.00 1.1144 1.6510 1.6510
16925 52.48 39.31 0.00 -0.3257 1.0667 1.0667
16950 52.48 39.31 0.00 -0.3257 1.0667 1.0667
16975 52.43 38.86 0.00 -2.0794 0.5531 0.5531
17000 52.34 38.38 0.00 -1.8030 0.0084 0.0084
17025 52.34 38.38 0.00 -1.8030 0.0084 0.0084
17050 52.27 37.87 0.00 -1.6800 0.3125 0.3125
17075 52.20 37.42 0.00 -1.4453 0.0512 0.0512
17100 52.20 37.42 0.00 -1.4453 0.0512 0.0512
17125 52.16 37.07 0.00 -1.2857 0.5241 0.5241
17150 52.11 36.84 0.00 -1.1023 0.4243 0.4243
17175 52.06 36.53 0.00 -1.5884 -0.4534 -0.4534
17200 52.06 36.53 0.00 -1.5884 -0.4534 -0.4534
17225 52.01 36.17 0.00 -1.4412 -0.4404 -0.4404
17250 51.94 35.80 0.00 -1.4481 -0.7187 -0.7187
17275 51.94 35.80 0.00 -1.4481 -0.7187 -0.7187
17300 51.89 35.42 0.00 -1.3210 -1.3950 -1.3950
17325 51.87 35.03 0.00 -0.1577 -1.1554 -1.1554
17350 51.87 34.54 0.00 0.2794 -0.7846 -0.7846
17375 51.87 34.54 0.00 0.2794 -0.7846 -0.7846
17400 51.87 33.91 0.00 0.0793 -1.0143 -1.0143
17425 51.90 33.27 0.00 1.4223 1.3788 1.3788
17450 51.90 33.27 0.00 1.4223 1.3788 1.3788
17475 51.97 32.62 0.00 1.7354 0.9185 0.9185
17500 52.08 31.98 0.00 3.1924 1.5914 1.5914
17525 52.08 31.98 0.00 3.1924 1.5914 1.5914
17550 52.20 31.29 0.00 3.0242 1.0027 1.0027
17575 52.32 30.58 0.00 3.4058 0.8756 0.8756
17600 52.32 30.58 0.00 3.4058 0.8756 0.8756
17625 52.43 29.87 0.00 2.1321 0.4868 0.4868
17650 52.51 29.24 0.00 1.9681 0.8356 0.8356
17675 52.57 28.66 0.00 0.3978 -0.8037 -0.8037
17700 52.57 28.66 0.00 0.3978 -0.8037 -0.8037
17725 52.55 28.16 0.00 -0.2352 -0.7373 -0.7373
17750 52.55 27.83 0.00 0.2480 0.7864 0.7864
17775 52.55 27.83 0.00 0.2480 0.7864 0.7864
17800 52.58 27.64 0.00 0.8980 1.6253 1.6253
17825 52.64 27.53 0.00 2.0480 2.3732 2.3732
17850 52.64 27.53 0.00 2.0480 2.3732 2.3732
17875 52.78 27.36 0.00 4.0781 2.5457 2.5457
17900 52.99 27.14 0.00 6.2628 1.0199 1.0199
17925 53.32 26.88 0.00 9.7591 1.9479 1.9479
17950 53.32 26.88 0.00 9.7591 1.9479 1.9479
17975 53.67 26.69 0.00 11.9693 1.6335 1.6335
18000 54.23 26.57 0.00 15.0749 1.0512 1.0512
18025 54.23 26.57 0.00 15.0749 1.0512 1.0512
18050 54.87 26.49 0.00 17.0087 2.4959 2.4959
18075 55.56 26.22 0.00 16.1514 3.5768 3.5768
18100 56.17 25.79 0.00 15.4296 4.2598 4.2598
18125 56.17 25.79 0.00 15.4296 4.2598 4.2598
18150 56.78 25.25 0.00 14.7966 4.7069 4.7069
18175 57.33 24.61 0.00 13.0969 2.2931 2.2931
18200 57.33 24.61 0.00 13.0969 2.2931 2.2931
18225 57.78 23.92 0.00 9.4792 0.4858 0.4858
18250 58.06 23.23 0.00 5.5697 1.1240 1.1240
18275 58.06 23.23 0.00 5.5697 1.1240 1.1240
18300 58.22 22.70 0.00 2.9044 1.5094 1.5094
18325 58.27 22.24 0.00 -0.0534 0.6800 0.6800
18350 58.24 21.79 0.00 -1.4795 0.6591 0.6591
18375 58.24 21.79 0.00 -1.4795 0.6591 0.6591
18400 58.17 21.31 0.00 -1.6126 0.6386 0.6386
18425 58.10 20.81 0.00 -1.9172 0.3545 0.3545
18450 58.10 20.81 0.00 -1.9172 0.3545 0.3545
18475 58.01 20.38 0.00 -2.1245 0.3940 0.3940
18500 57.92 19.94 0.00 -2.3496 -0.6044 -0.6044
18525 57.84 19.44 0.00 -2.3584 -1.8173 -1.8173
18550 57.84 19.44 0.00 -2.3584 -1.8173 -1.8173
18575 57.73 18.92 0.00 -2.4502 -1.9688 -1.9688
18600 57.64 18.43 0.00 -2.0141 -1.2859 -1.2859
18625 57.64 18.43 0.00 -2.0141 -1.2859 -1.2859
18650 57.59 17.95 0.00 -0.9895 -0.2131 -0.2131
18675 57.59 17.48 0.00 1.3961 0.3596 0.3596
18700 57.59 17.48 0.00 1.3961 0.3596 0.3596
18725 57.73 16.93 0.00 4.1459 1.8990 1.8990
18750 57.85 16.53 0.00 4.3149 1.4280 1.4280
18775 57.85 16.53 0.00 4.3149 1.4280 1.4280
18800 58.03 16.04 0.00 4.4459 2.5177 2.5177
18825 58.19 15.58 0.00 3.6297 2.4709 2.4709
18850 58.19 15.58 0.00 3.6297 2.4709 2.4709
18875 58.31 15.08 0.00 2.7902 1.9538 1.9538
18900 58.40 14.56 0.00 1.8218 1.5607 1.5607
18925 58.49 14.08 0.00 2.2698 2.7126 2.7126
18950 58.49 14.08 0.00 2.2698 2.7126 2.7126
18975 58.54 13.64 0.00 0.8120 0.8427 0.8427
19000 58.56 13.29 0.00 0.0237 1.5241 1.5241
19025 58.56 13.29 0.00 0.0237 1.5241 1.5241
19050 58.54 13.05 0.00 -0.5413 1.3733 1.3733
19075 58.52 12.85 0.00 -0.7762 1.1328 1.1328
19100 58.49 12.77 0.00 -0.4470 -0.1634 -0.1634
19125 58.49 12.77 0.00 -0.4470 -0.1634 -0.1634
19150 58.49 12.75 0.00 -0.0796 -0.4656 -0.4656
19175 58.49 12.77 0.00 0.0893 0.5033 0.5033
19200 58.49 12.77 0.00 0.0893 0.5033 0.5033
19225 58.47 12.77 0.00 -1.0517 1.4889 1.4889
19250 58.38 12.82 0.00 -3.2420 -0.3070 -0.3070
19275 58.38 12.82 0.00 -3.2420 -0.3070 -0.3070
19300 58.24 12.82 0.00 -3.0659 -0.6018 -0.6018
19325 58.17 12.91 0.00 -0.9301 0.2389 0.2389
19350 58.19 13.11 0.00 1.3534 0.1481 0.1481
19375 58.19 13.11 0.00 1.3534 0.1481 0.1481
19400 58.27 13.28 0.00 2.7124 2.2415 2.2415
19425 58.43 13.38 0.00 4.3509 2.5322 2.5322
19450 58.43 13.38 0.00 4.3509 2.5322 2.5322
19475 58.61 13.37 0.00 4.5917 1.9454 1.9454
19500 58.82 13.29 0.00 5.5298 3.8819 3.8819
19525 58.82 13.29 0.00 5.5298 3.8819 3.8819
19550 58.96 13.14 0.00 4.3443 3.8046 3.8046
19575 59.10 12.91 0.00 2.8514 2.3975 2.3975
19600 59.19 12.67 0.00 1.8224 2.1116 2.1116
19625 59.19 12.67 0.00 1.8224 2.1116 2.1116
19650 59.21 12.41 0.00 -0.1338 0.8361 0.8361
19675 59.19 12.14 0.00 -0.3816 0.6365 0.6365
19700 59.19 12.14 0.00 -0.3816 0.6365 0.6365
19725 59.17 11.90 0.00 -1.0991 0.3069 0.3069
19750 59.08 11.64 0.00 -2.1653 -0.6652 -0.6652
19775 59.00 11.38 0.00 -2.2192 -0.8194 -0.8194
19800 59.00 11.38 0.00 -2.2192 -0.8194 -0.8194
19825 58.91 11.10 0.00 -2.0938 0.7522 0.7522
19850 58.80 10.88 0.00 -3.7323 -1.3738 -1.3738
19875 58.80 10.88 0.00 -3.7323 -1.3738 -1.3738
19900 58.64 10.74 0.00 -3.9412 -1.4379 -1.4379
19925 58.49 10.68 0.00 -3.7714 -1.8312 -1.8312
19950 58.49 10.68 0.00 -3.7714 -1.8312 -1.8312
19975 58.36 10.67 0.00 -2.5607 -2.9518 -2.9518
20000 58.31 10.69 0.00 -1.0734 -2.0129 -2.0129
20025 58.31 10.69 0.00 -1.0734 -2.0129 -2.0129
20050 58.27 10.71 0.00 -0.4492 -1.0881 -1.0881
20075 58.24 10.65 0.00 -1.5235 -1.3918 -1.3918
20100 58.24 10.65 0.00 -1.5235 -1.3918 -1.3918
20125 58.17 10.55 0.00 -1.6440 0.0358 0.0358
20150 58.12 10.47 0.00 -1.1553 0.4862 0.4862
20175 58.10 10.45 0.00 0.1597 -0.5682 -0.5682
20200 58.10 10.45 0.00 0.1597 -0.5682 -0.5682
20225 58.13 10.51 0.00 1.5547 -1.1780 -1.1780
20250 58.20 10.59 0.00 2.6771 -1.0459 -1.0459
20275 58.20 10.59 0.00 2.6771 -1.0459 -1.0459
20300 58.36 10.79 0.00 4.2488 0.0027 0.0027
20325 58.56 11.05 0.00 4.8587 0.7179 0.7179
20350 58.56 11.05 0.00 4.8587 0.7179 0.7179
20375 58.68 11.29 0.00 2.3574 0.8330 0.8330
20400 58.71 11.45 0.00 0.0496 0.6166 0.6166
20425 58.68 11.51 0.00 -1.4082 0.4258 0.4258
20450 58.68 11.51 0.00 -1.4082 0.4258 0.4258
20475 58.61 11.54 0.00 -1.9355 -0.3861 -0.3861
20500 58.52 11.62 0.00 -2.7529 -2.4118 -2.4118
20525 58.43 11.79 0.00 -1.0263 -0.5161 -0.5161
20550 58.43 11.79 0.00 -1.0263 -0.5161 -0.5161
20575 58.40 12.01 0.00 -1.0171 0.8406 0.8406
20600 58.40 12.01 0.00 -1.0171 0.8406 0.8406
20625 58.29 12.22 0.00 -3.7828 -0.6515 -0.6515
20650 58.10 12.42 0.00 -5.5959 -0.9359 -0.9359
20675 57.82 12.57 0.00 -7.8591 -2.7688 -2.7688
20700 57.82 12.57 0.00 -7.8591 -2.7688 -2.7688
20725 57.47 12.64 0.00 -9.5658 -3.5742 -3.5742
20750 57.08 12.66 0.00 -9.3480 -2.7820 -2.7820
20775 56.69 12.61 0.00 -10.4055 -2.5924 -2.5924
20800 56.69 12.61 0.00 -10.4055 -2.5924 -2.5924
20825 56.22 12.60 0.00 -11.6239 -3.2544 -3.2544
20850 55.78 12.67 0.00 -10.6194 -2.9658 -2.9658
20875 55.78 12.67 0.00 -10.6194 -2.9658 -2.9658
20900 55.40 12.78 0.00 -9.0708 -2.3171 -2.3171
20925 55.00 12.91 0.00 -11.1742 -2.8023 -2.8023
20950 54.45 13.08 0.00 -15.1580 -4.3017 -4.3017
20975 54.45 13.08 0.00 -15.1580 -4.3017 -4.3017
21000 53.81 13.25 0.00 -16.0986 -4.9304 -4.9304
21025 53.20 13.31 0.00 -14.7895 -4.7145 -4.7145
21050 53.20 13.31 0.00 -14.7895 -4.7145 -4.7145
21075 52.69 13.34 0.00 -10.9462 -4.3416 -4.3416
21100 52.43 13.34 0.00 -7.9781 -4.0403 -4.0403
21125 52.43 13.34 0.00 -7.9781 -4.0403 -4.0403
21150 52.20 13.37 0.00 -3.8554 -2.2353 -2.2353
21175 52.08 13.43 0.00 -3.6505 -5.3569 -5.3569
21200 51.94 13.49 0.00 -3.7584 -0.9459 -0.9459
21225 51.94 13.49 0.00 -3.7584 -0.9459 -0.9459
21250 51.68 13.69 0.00 -8.0947 -1.7643 -1.7643
21275 51.68 13.69 0.00 -8.0947 -1.7643 -1.7643
21300 51.26 14.03 0.00 -12.1321 -2.2978 -2.2978
21325 50.70 14.55 0.00 -14.7451 -3.0411 -3.0411
21350 50.07 15.24 0.00 -16.9684 -5.3642 -5.3642
21375 50.07 15.24 0.00 -16.9684 -5.3642 -5.3642
21400 49.39 16.29 0.00 -15.2453 -8.7147 -8.7147
21425 49.06 17.54 0.00 -4.9394 -1.3581 -1.3581
21450 49.06 17.54 0.00 -4.9394 -1.3581 -1.3581
21475 48.88 18.70 0.00 -4.1169 -0.6718 -0.6718
21500 48.69 19.47 0.00 -5.5991 -0.3281 -0.3281
21525 48.45 19.93 0.00 -5.2812 -0.4769 -0.4769
21550 48.45 19.93 0.00 -5.2812 -0.4769 -0.4769
21575 48.29 20.24 0.00 -3.4456 -2.0372 -2.0372
21600 48.18 20.51 0.00 -1.6181 -2.9561 -2.9561
21625 48.18 20.51 0.00 -1.6181 -2.9561 -2.9561
21650 48.15 20.76 0.00 -0.8779 -1.9918 -1.9918
21675 48.13 20.95 0.00 -0.3026 -1.0822 -1.0822
21700 48.13 21.12 0.00 0.4449 0.0224 0.0224
21725 48.13 21.12 0.00 0.4449 0.0224 0.0224
21750 48.17 21.22 0.00 0.3123 0.9771 0.9771
21775 48.15 21.18 0.00 -0.2244 0.6238 0.6238
21800 48.15 21.18 0.00 -0.2244 0.6238 0.6238
21825 48.15 21.02 0.00 -0.4435 2.0615 2.0615
21850 48.11 20.89 0.00 -0.6350 1.2241 1.2241
21875 48.11 20.89 0.00 -0.6350 1.2241 1.2241
21900 48.11 20.81 0.00 -0.0934 0.8720 0.8720
21925 48.11 20.76 0.00 0.5631 0.5295 0.5295
21950 48.13 20.74 0.00 0.0866 1.2414 1.2414
21975 48.13 20.74 0.00 0.0866 1.2414 1.2414
22000 48.10 20.76 0.00 -1.7323 0.8614 0.8614
22025 47.99 20.83 0.00 -2.8282 2.0127 2.0127
22050 47.99 20.83 0.00 -2.8282 2.0127 2.0127
22075 47.85 20.95 0.00 -4.3370 -1.1552 -1.1552
22100 47.66 21.15 0.00 -5.1928 -2.0522 -2.0522
22125 47.66 21.15 0.00 -5.1928 -2.0522 -2.0522
22150 47.42 21.53 0.00 -6.1870 -2.7427 -2.7427
22175 47.15 21.99 0.00 -6.8535 -1.6349 -1.6349
22200 47.15 21.99 0.00 -6.8535 -1.6349 -1.6349
22225 46.87 22.42 0.00 -6.8760 -1.4613 -1.4613
22250 46.63 22.87 0.00 -5.7981 -1.9714 -1.9714
22275 46.44 23.36 0.00 -3.5552 -1.4760 -1.4760
22300 46.44 23.36 0.00 -3.5552 -1.4760 -1.4760
22325 46.33 23.93 0.00 -2.3524 -1.8364 -1.8364
22350 46.19 24.51 0.00 -4.4514 -3.2679 -3.2679
22375 46.19 24.51 0.00 -4.4514 -3.2679 -3.2679
22400 46.02 25.09 0.00 -4.4540 -1.0828 -1.0828
22425 45.81 25.55 0.00 -5.9234 -0.8154 -0.8154
22450 45.56 25.90 0.00 -5.7921 -0.6916 -0.6916
22475 45.56 25.90 0.00 -5.7921 -0.6916 -0.6916
22500 45.32 26.16 0.00 -6.6545 -2.0433 -2.0433
22525 44.99 26.40 0.00 -9.5443 -4.1111 -4.1111
22550 44.99 26.40 0.00 -9.5443 -4.1111 -4.1111
22575 44.57 26.73 0.00 -10.9227 -4.4028 -4.4028
22600 44.09 27.11 0.00 -12.5466 -3.7814 -3.7814
22625 43.69 27.40 0.00 -13.9166 -3.7251 -3.7251
22650 43.69 27.40 0.00 -13.9166 -3.7251 -3.7251
22675 43.06 27.87 0.00 -16.3399 -3.7207 -3.7207
22700 42.39 28.30 0.00 -16.8131 -3.4214 -3.4214
22725 42.39 28.30 0.00 -16.8131 -3.4214 -3.4214
22750 41.73 28.71 0.00 -16.0028 -3.8458 -3.8458
22775 41.16 29.00 0.00 -13.1855 -1.8350 -1.8350
22800 41.16 29.00 0.00 -13.1855 -1.8350 -1.8350
22825 40.67 29.25 0.00 -11.9374 -1.7112 -1.7112
22850 40.19 29.57 0.00 -11.2398 -2.5414 -2.5414
22875 40.19 29.57 0.00 -11.2398 -2.5414 -2.5414
22900 39.77 30.00 0.00 -10.9746 -3.7937 -3.7937
22925 39.31 30.50 0.00 -11.2018 -3.5375 -3.5375
22950 38.85 31.00 0.00 -11.9024 -4.6756 -4.6756
22975 38.85 31.00 0.00 -11.9024 -4.6756 -4.6756
23000 38.43 31.47 0.00 -9.6254 -1.3843 -1.3843
23025 38.06 31.90 0.00 -8.8768 -1.2268 -1.2268
23050 38.06 31.90 0.00 -8.8768 -1.2268 -1.2268
23075 37.76 32.33 0.00 -6.4179 -0.5042 -0.5042
23100 37.53 32.78 0.00 -5.1640 -1.1829 -1.1829
23125 37.38 33.23 0.00 -2.8286 -0.8736 -0.8736
23150 37.38 33.23 0.00 -2.8286 -0.8736 -0.8736
23175 37.28 33.63 0.00 -2.8173 -1.1258 -1.1258
23200 37.28 33.63 0.00 -2.8173 -1.1258 -1.1258
23225 37.17 34.04 0.00 -2.5204 0.8994 0.8994
23250 37.05 34.46 0.00 -3.2564 0.3261 0.3261
23275 37.05 34.46 0.00 -3.2564 0.3261 0.3261
23300 36.91 34.91 0.00 -4.1647 -0.0749 -0.0749
23325 36.75 35.54 0.00 -3.5587 2.5413 2.5413
23350 36.71 36.53 0.00 0.9511 10.7807 10.7807
23375 36.71 36.53 0.00 0.9511 10.7807 10.7807
23400 36.75 37.68 0.00 0.6282 11.3738 11.3738
23425 36.73 38.59 0.00 -0.6927 9.2179 9.2179
23450 36.73 38.59 0.00 -0.6927 9.2179 9.2179
23475 36.71 39.65 0.00 -0.2902 4.6576 4.6576
23500 36.71 40.43 0.00 0.0320 0.9737 0.9737
23525 36.67 40.95 0.00 -1.8849 -2.4160 -2.4160
23550 36.67 40.95 0.00 -1.8849 -2.4160 -2.4160
23575 36.53 41.36 0.00 -3.8516 -2.4633 -2.4633
23600 36.34 41.74 0.00 -6.0970 -2.2724 -2.2724
23625 36.34 41.74 0.00 -6.0970 -2.2724 -2.2724
23650 36.05 42.19 0.00 -6.9381 -2.1750 -2.1750
23675 35.82 42.63 0.00 -5.7664 -1.6854 -1.6854
23700 35.59 42.96 0.00 -5.7710 -1.7416 -1.7416
23725 35.59 42.96 0.00 -5.7710 -1.7416 -1.7416
23750 35.30 43.28 0.00 -8.2597 -3.0204 -3.0204
23775 34.91 43.61 0.00 -10.8899 -1.2697 -1.2697
23800 34.91 43.61 0.00 -10.8899 -1.2697 -1.2697
23825 34.39 44.01 0.00 -13.9358 -2.4222 -2.4222
23850 33.80 44.45 0.00 -15.4613 -3.2287 -3.2287
23875 33.12 44.92 0.00 -17.5466 -3.0756 -3.0756
23900 33.12 44.92 0.00 -17.5466 -3.0756 -3.0756
23925 32.37 45.45 0.00 -20.1596 -1.1670 -1.1670
23950 31.54 46.08 0.00 -20.6287 -0.1765 -0.1765
23975 31.54 46.08 0.00 -20.6287 -0.1765 -0.1765
24000 30.74 46.75 0.00 -19.2488 1.3113 1.3113
24025 30.00 47.37 0.00 -17.9888 1.3353 1.3353
24050 30.00 47.37 0.00 -17.9888 1.3353 1.3353
24075 29.33 47.97 0.00 -16.8342 1.7523 1.7523
24100 28.60 48.53 0.00 -18.7484 -0.7495 -0.7495
24125 28.60 48.53 0.00 -18.7484 -0.7495 -0.7495
24150 27.89 49.12 0.00 -17.3576 1.9709 1.9709
24175 27.15 49.69 0.00 -18.7214 3.5216 3.5216
24200 26.62 50.05 0.00 -17.3766 4.3220 4.3220
24225 26.62 50.05 0.00 -17.3766 4.3220 4.3220
24250 25.97 50.47 0.00 -15.7906 3.8981 3.8981
24275 25.40 50.98 0.00 -12.5477 3.2980 3.2980
24300 25.40 50.98 0.00 -12.5477 3.2980 3.2980
24325 25.09 51.69 0.00 -4.8492 2.1993 2.1993
24350 25.01 52.61 0.00 0.0235 5.0863 5.0863
24375 25.01 52.61 0.00 0.0235 5.0863 5.0863
24400 25.05 53.64 0.00 1.3838 5.0969 5.0969
24425 25.10 54.54 0.00 0.8435 3.6978 3.6978
24450 25.09 55.44 0.00 -1.5565 2.9353 2.9353
24475 25.09 55.44 0.00 -1.5565 2.9353 2.9353
24500 24.99 56.43 0.00 -2.8182 2.5572 2.5572
24525 24.88 57.51 0.00 -2.4562 2.6775 2.6775
24550 24.88 57.51 0.00 -2.4562 2.6775 2.6775
24575 24.83 58.56 0.00 -0.9714 1.8829 1.8829
24600 24.81 59.58 0.00 0.0497 2.1498 2.1498
24625 24.81 59.58 0.00 0.0497 2.1498 2.1498
24650 24.83 60.41 0.00 0.5616 0.4432 0.4432
24675 24.81 61.13 0.00 -1.4056 -0.3726 -0.3726
24700 24.71 61.72 0.00 -2.8372 1.6353 1.6353
24725 24.71 61.72 0.00 -2.8372 1.6353 1.6353
24750 24.55 62.23 0.00 -4.5765 2.1338 2.1338
24775 24.31 62.73 0.00 -6.4621 2.4148 2.4148
24800 24.31 62.73 0.00 -6.4621 2.4148 2.4148
24825 24.03 63.23 0.00 -7.5402 2.0181 2.0181
24850 23.78 63.60 0.00 -8.4865 1.3335 1.3335
24875 23.43 64.07 0.00 -9.2912 2.0416 2.0416
24900 23.43 64.07 0.00 -9.2912 2.0416 2.0416
24925 23.04 64.50 0.00 -9.3006 1.7679 1.7679
24950 22.66 64.85 0.00 -9.6375 1.8356 1.8356
24975 22.66 64.85 0.00 -9.6375 1.8356 1.8356
25000 22.27 65.21 0.00 -9.8286 1.3143 1.3143
25025 21.83 65.60 0.00 -11.6214 1.2232 1.2232
25050 21.83 65.60 0.00 -11.6214 1.2232 1.2232
25075 21.33 66.00 0.00 -13.0690 2.6780 2.6780
25100 20.80 66.41 0.00 -14.0503 2.8539 2.8539
25125 20.21 66.88 0.00 -14.6149 2.9012 2.9012
25150 20.21 66.88 0.00 -14.6149 2.9012 2.9012
25175 19.64 67.33 0.00 -14.5272 3.0139 3.0139
25200 19.03 67.83 0.00 -15.7443 2.3706 2.3706
25225 19.03 67.83 0.00 -15.7443 2.3706 2.3706
25250 18.41 68.40 0.00 -15.6892 2.3220 2.3220
25275 17.76 68.96 0.00 -16.4069 3.0844 3.0844
25300 17.76 68.96 0.00 -16.4069 3.0844 3.0844
25325 17.10 69.47 0.00 -16.0492 1.8254 1.8254
25350 16.56 69.82 0.00 -12.4737 3.0457 3.0457
25375 16.15 70.10 0.00 -8.1494 0.8263 0.8263
25400 16.15 70.10 0.00 -8.1494 0.8263 0.8263
25425 15.96 70.31 0.00 -3.0118 0.1909 0.1909
25450 15.92 70.46 0.00 0.7771 -1.8540 -1.8540
25475 15.92 70.46 0.00 0.7771 -1.8540 -1.8540
25500 16.02 70.55 0.00 3.0555 -2.6473 -2.6473
25525 16.11 70.60 0.00 2.0767 -2.1321 -2.1321
25550 16.11 70.60 0.00 2.0767 -2.1321 -2.1321
25575 16.23 70.61 0.00 3.2632 -0.2799 -0.2799
25600 16.37 70.55 0.00 3.6279 -1.0049 -1.0049
25625 16.37 70.55 0.00 3.6279 -1.0049 -1.0049
25650 16.56 70.44 0.00 5.2393 -0.9309 -0.9309
25675 16.79 70.35 0.00 5.9990 0.1290 0.1290
25700 17.06 70.30 0.00 7.3210 0.0386 0.0386
25725 17.06 70.30 0.00 7.3210 0.0386 0.0386
25750 17.28 70.25 0.00 6.5008 -0.1470 -0.1470
25775 17.47 70.22 0.00 4.2532 0.3662 0.3662
25800 17.47 70.22 0.00 4.2532 0.3662 0.3662
25825 17.59 70.23 0.00 1.6149 0.8890 0.8890
25850 17.60 70.27 0.00 0.5184 0.6559 0.6559
25875 17.62 70.38 0.00 0.4244 0.1387 0.1387
25900 17.62 70.38 0.00 0.4244 0.1387 0.1387
25925 17.62 70.53 0.00 -0.5783 1.3011 1.3011
25950 17.55 70.73 0.00 -2.2444 -0.1462 -0.1462
25975 17.55 70.73 0.00 -2.2444 -0.1462 -0.1462
26000 17.47 71.04 0.00 -2.2705 3.7693 3.7693
26025 17.37 71.55 0.00 -2.7704 3.9812 3.9812
26050 17.37 71.55 0.00 -2.7704 3.9812 3.9812
26075 17.30 72.11 0.00 -0.5145 3.3867 3.3867
26100 17.33 72.57 0.00 1.9134 1.3924 1.3924
26125 17.47 72.94 0.00 3.6047 0.2098 0.2098
26150 17.47 72.94 0.00 3.6047 0.2098 0.2098
26175 17.60 73.31 0.00 3.5110 -0.5427 -0.5427
26200 17.74 73.55 0.00 3.4487 1.1199 1.1199
26225 17.74 73.55 0.00 3.4487 1.1199 1.1199
26250 17.87 73.74 0.00 3.0782 0.2208 0.2208
26275 17.97 73.92 0.00 2.1624 1.0063 1.0063
26300 17.97 73.92 0.00 2.1624 1.0063 1.0063
26325 18.05 74.09 0.00 1.9301 2.8665 2.8665
26350 18.16 74.25 0.00 3.1880 2.6191 2.6191
26375 18.32 74.38 0.00 4.5734 1.1618 1.1618
26400 18.32 74.38 0.00 4.5734 1.1618 1.1618
26425 18.57 74.50 0.00 6.8384 -0.0364 -0.0364
26450 18.80 74.65 0.00 7.8850 0.2422 0.2422
26475 18.80 74.65 0.00 7.8850 0.2422 0.2422
26500 19.12 74.98 0.00 8.4658 1.5323 1.5323
26525 19.41 75.44 0.00 6.4307 4.0150 4.0150
26550 19.58 75.96 0.00 3.1800 2.6216 2.6216
26575 19.58 75.96 0.00 3.1800 2.6216 2.6216
26600 19.67 76.44 0.00 1.7379 5.3118 5.3118
26625 19.71 76.80 0.00 0.5802 3.1721 3.1721
26650 19.71 76.80 0.00 0.5802 3.1721 3.1721
26675 19.73 77.01 0.00 1.0648 1.3178 1.3178
26700 19.79 77.18 0.00 1.2433 -0.0864 -0.0864
26725 19.79 77.18 0.00 1.2433 -0.0864 -0.0864
26750 19.83 77.34 0.00 0.3437 -0.0706 -0.0706
26775 19.81 77.51 0.00 -0.6471 -0.8534 -0.8534
26800 19.81 77.51 0.00 -0.6471 -0.8534 -0.8534
26825 19.75 77.63 0.00 -2.2369 1.8530 1.8530
26850 19.66 77.70 0.00 -2.3846 0.5925 0.5925
26875 19.58 77.70 0.00 -1.2545 -0.9257 -0.9257
26900 19.58 77.70 0.00 -1.2545 -0.9257 -0.9257
26925 19.54 77.69 0.00 -0.8102 -2.2161 -2.2161
26950 19.50 77.59 0.00 -1.2837 -1.4527 -1.4527
26975 19.50 77.59 0.00 -1.2837 -1.4527 -1.4527
27000 19.45 77.52 0.00 -0.8522 -0.5628 -0.5628
27025 19.45 77.44 0.00 0.7740 -1.7276 -1.7276
27050 19.45 77.44 0.00 0.7740 -1.7276 -1.7276
27075 19.54 77.36 0.00 3.0974 -3.8712 -3.8712
27100 19.67 77.23 0.00 3.1347 -3.3857 -3.3857
27125 19.83 77.05 0.00 4.5408 -2.7684 -2.7684
27150 19.83 77.05 0.00 4.5408 -2.7684 -2.7684
27175 20.04 76.82 0.00 6.0285 -2.2429 -2.2429
27200 20.34 76.62 0.00 9.1176 -1.1155 -1.1155
27225 20.83 76.51 0.00 13.6638 -0.1772 -0.1772
27250 20.83 76.51 0.00 13.6638 -0.1772 -0.1772
27275 21.50 76.51 0.00 18.0967 -1.6062 -1.6062
27300 21.50 76.51 0.00 18.0967 -1.6062 -1.6062
27325 22.32 76.65 0.00 22.2960 -4.3097 -4.3097
27350 23.02 76.83 0.00 23.2136 -6.9282 -6.9282
27375 23.90 77.08 0.00 20.6867 -5.5013 -5.5013
27400 23.90 77.08 0.00 20.6867 -5.5013 -5.5013
27425 24.57 77.27 0.00 14.2014 -0.3980 -0.3980
27450 24.57 77.27 0.00 14.2014 -0.3980 -0.3980
27475 25.09 77.34 0.00 12.4885 3.7056 3.7056
27500 25.59 77.34 0.00 12.2563 4.5673 4.5673
27525 26.05 77.34 0.00 11.4790 4.9947 4.9947
27550 26.05 77.34 0.00 11.4790 4.9947 4.9947
27575 26.47 77.35 0.00 9.5571 4.7609 4.7609
27600 26.77 77.33 0.00 6.1798 4.5002 4.5002
27625 27.01 77.28 0.00 5.4974 2.9370 2.9370
27650 27.01 77.28 0.00 5.4974 2.9370 2.9370
27675 27.23 77.21 0.00 5.6555 -0.6287 -0.6287
27700 27.41 77.13 0.00 3.6407 -3.7336 -3.7336
27725 27.50 77.04 0.00 0.7951 -3.2198 -3.2198
27750 27.50 77.04 0.00 0.7951 -3.2198 -3.2198
27775 27.46 76.97 0.00 -1.2438 -1.7321 -1.7321
27800 27.35 76.86 0.00 -4.4528 -0.2172 -0.2172
27825 27.35 76.86 0.00 -4.4528 -0.2172 -0.2172
27850 27.17 76.74 0.00 -4.2299 0.6222 0.6222
27875 27.17 76.74 0.00 -4.2299 0.6222 0.6222
27900 27.02 76.62 0.00 -3.3119 0.9214 0.9214
27925 26.93 76.51 0.00 -1.1353 -1.6547 -1.6547
27950 26.93 76.51 0.00 -1.1353 -1.6547 -1.6547
27975 26.91 76.43 0.00 -0.0572 -2.5438 -2.5438
28000 26.93 76.30 0.00 0.3145 -2.7374 -2.7374
28025 26.91 76.17 0.00 -0.4157 -1.7447 -1.7447
28050 26.91 76.17 0.00 -0.4157 -1.7447 -1.7447
28075 26.91 76.07 0.00 0.3535 -0.4946 -0.4946
28100 26.95 76.01 0.00 1.0363 0.3118 0.3118
28125 26.95 76.01 0.00 1.0363 0.3118 0.3118
28150 26.97 76.01 0.00 0.5802 -0.3530 -0.3530
28175 27.01 76.03 0.00 0.9116 -0.9883 -0.9883
28200 27.04 76.05 0.00 1.0131 -1.2024 -1.2024
28225 27.04 76.05 0.00 1.0131 -1.2024 -1.2024
28250 27.08 75.99 0.00 0.7844 -0.4666 -0.4666
28275 27.13 75.91 0.00 1.3793 -0.1145 -0.1145
28300 27.21 75.90 0.00 2.5140 0.4260 0.4260
28325 27.21 75.90 0.00 2.5140 0.4260 0.4260
28350 27.32 75.96 0.00 2.5376 1.0593 1.0593
28375 27.43 76.14 0.00 3.2305 2.0619 2.0619
28400 27.43 76.14 0.00 3.2305 2.0619 2.0619
28425 27.59 76.34 0.00 4.0234 3.0775 3.0775
28450 27.59 76.34 0.00 4.0234 3.0775 3.0775
28475 27.78 76.40 0.00 5.2679 1.2904 1.2904
28500 28.01 76.37 0.00 6.2843 2.0071 2.0071
28525 28.27 76.27 0.00 6.2255 1.3928 1.3928
28550 28.27 76.27 0.00 6.2255 1.3928 1.3928
28575 28.53 76.10 0.00 6.8746 2.1986 2.1986
28600 28.85 75.90 0.00 9.6312 1.2174 1.2174
28625 29.29 75.69 0.00 11.2041 0.1236 0.1236
28650 29.29 75.69 0.00 11.2041 0.1236 0.1236
28675 29.75 75.48 0.00 11.1220 -0.3331 -0.3331
28700 30.13 75.31 0.00 8.3937 1.3088 1.3088
28725 30.13 75.31 0.00 8.3937 1.3088 1.3088
28750 30.38 75.13 0.00 6.0619 1.3450 1.3450
28775 30.65 74.97 0.00 6.9276 0.8068 0.8068
28800 30.65 74.97 0.00 6.9276 0.8068 0.8068
28825 30.98 74.77 0.00 8.7158 -0.8982 -0.8982
28850 31.32 74.53 0.00 8.9832 -0.5714 -0.5714
28875 31.59 74.35 0.00 8.9339 -0.4609 -0.4609
28900 31.59 74.35 0.00 8.9339 -0.4609 -0.4609
28925 31.92 74.08 0.00 6.8163 0.3920 0.3920
28950 32.12 73.86 0.00 4.1232 0.4257 0.4257
28975 32.12 73.86 0.00 4.1232 0.4257 0.4257
29000 32.21 73.71 0.00 1.0519 0.9949 0.9949
29025 32.28 73.62 0.00 3.1328 1.3103 1.3103
29050 32.28 73.62 0.00 3.1328 1.3103 1.3103
29075 32.48 73.54 0.00 5.7764 -1.5190 -1.5190
29100 32.78 73.43 0.00 8.3302 -0.4016 -0.4016
29125 32.78 73.43 0.00 8.3302 -0.4016 -0.4016
29150 33.10 73.33 0.00 8.2809 0.8532 0.8532
29175 33.45 73.20 0.00 8.8337 1.2695 1.2695
29200 33.77 73.05 0.00 7.0266 3.7650 3.7650
29225 33.77 73.05 0.00 7.0266 3.7650 3.7650
29250 33.95 72.87 0.00 2.5227 2.9738 2.9738
29275 34.02 72.67 0.00 2.5248 4.0233 4.0233
29300 34.02 72.67 0.00 2.5248 4.0233 4.0233
29325 34.32 72.49 0.00 11.0768 0.7458 0.7458
29350 34.86 72.29 0.00 14.4161 -2.9225 -2.9225
29375 35.48 72.13 0.00 16.4216 -2.0015 -2.0015
29400 35.48 72.13 0.00 16.4216 -2.0015 -2.0015
29425 36.07 72.04 0.00 13.0305 -0.8622 -0.8622
29450 36.52 71.91 0.00 11.0306 2.6328 2.6328
29475 36.52 71.91 0.00 11.0306 2.6328 2.6328
29500 36.94 71.79 0.00 10.0282 2.4421 2.4421
29525 37.37 71.64 0.00 11.9234 1.8598 1.8598
29550 37.37 71.64 0.00 11.9234 1.8598 1.8598
29575 37.95 71.47 0.00 15.7708 -0.3191 -0.3191
29600 38.66 71.28 0.00 18.6320 -1.4519 -1.4519
29625 39.37 71.06 0.00 16.8645 0.5532 0.5532
29650 39.37 71.06 0.00 16.8645 0.5532 0.5532
29675 39.98 70.81 0.00 14.3137 1.8706 1.8706
29700 40.37 70.62 0.00 11.9367 2.8560 2.8560
29725 40.37 70.62 0.00 11.9367 2.8560 2.8560
29750 40.74 70.42 0.00 7.9484 1.3404 1.3404
29775 41.02 70.23 0.00 7.0749 4.4980 4.4980
29800 41.02 70.23 0.00 7.0749 4.4980 4.4980
29825 41.34 70.08 0.00 7.9551 3.3396 3.3396
29850 41.62 69.95 0.00 5.8262 5.5862 5.5862
29875 41.80 69.78 0.00 3.9025 8.9755 8.9755
29900 41.80 69.78 0.00 3.9025 8.9755 8.9755
29925 41.90 69.58 0.00 1.5428 6.0059 6.0059
29950 41.92 69.37 0.00 0.6472 3.2298 3.2298
29975 41.92 69.37 0.00 0.6472 3.2298 3.2298
30000 42.01 69.13 0.00 3.1300 2.6638 2.6638
30025 42.16 68.88 0.00 5.1282 1.4873 1.4873
30050 42.43 68.67 0.00 6.9032 1.4953 1.4953
30075 42.43 68.67 0.00 6.9032 1.4953 1.4953
30100 42.74 68.53 0.00 8.8512 1.9139 1.9139
30125 43.15 68.38 0.00 11.0453 2.3108 2.3108
30150 43.15 68.38 0.00 11.0453 2.3108 2.3108
30175 43.64 68.21 0.00 12.7714 2.6826 2.6826
30200 44.18 68.03 0.00 13.1980 2.8059 2.8059
30225 44.18 68.03 0.00 13.1980 2.8059 2.8059
30250 44.69 67.81 0.00 13.1512 2.4479 2.4479
30275 45.21 67.59 0.00 12.5547 1.4585 1.4585
30300 45.21 67.59 0.00 12.5547 1.4585 1.4585
30325 45.69 67.33 0.00 11.5639 1.6189 1.6189
30350 46.12 67.06 0.00 10.4139 2.8630 2.8630
30375 46.12 67.06 0.00 10.4139 2.8630 2.8630
30400 46.53 66.74 0.00 10.1982 3.2275 3.2275
30425 46.93 66.45 0.00 9.6798 4.1205 4.1205
30450 47.21 66.27 0.00 9.4431 3.5601 3.5601
30475 47.21 66.27 0.00 9.4431 3.5601 3.5601
30500 47.57 66.06 0.00 8.9932 3.3221 3.3221
30525 47.94 65.77 0.00 8.9149 2.3936 2.3936
30550 48.36 65.50 0.00 12.1832 2.0969 2.0969
30575 48.36 65.50 0.00 12.1832 2.0969 2.0969
30600 49.07 65.14 0.00 22.0595 7.0504 7.0504
30625 50.05 64.84 0.00 24.1662 10.1344 10.1344
30650 50.05 64.84 0.00 24.1662 10.1344 10.1344
30675 50.91 64.56 0.00 19.7977 8.6564 8.6564
30700 51.62 64.35 0.00 17.3512 7.8563 7.8563
30725 51.62 64.35 0.00 17.3512 7.8563 7.8563
30750 52.34 64.12 0.00 18.2293 6.6811 6.6811
30775 53.06 63.85 0.00 17.0570 5.1419 5.1419
30800 53.06 63.85 0.00 17.0570 5.1419 5.1419
30825 53.67 63.61 0.00 13.5342 4.9897 4.9897
30850 54.07 63.38 0.00 8.0002 4.7186 4.7186
30875 54.24 63.17 0.00 2.0366 3.0947 3.0947
30900 54.24 63.17 0.00 2.0366 3.0947 3.0947
30925 54.24 62.94 0.00 -1.9745 3.1057 3.1057
30950 54.10 62.73 0.00 -4.0875 1.3835 1.3835
30975 54.10 62.73 0.00 -4.0875 1.3835 1.3835
31000 53.95 62.53 0.00 -3.0724 2.7006 2.7006
31025 53.86 62.37 0.00 -1.6219 0.6661 0.6661
31050 53.84 62.28 0.00 -0.4413 -0.4485 -0.4485
31075 53.84 62.28 0.00 -0.4413 -0.4485 -0.4485
31100 53.81 62.18 0.00 -0.8334 -1.3199 -1.3199
31125 53.77 62.12 0.00 -1.4009 -1.1827 -1.1827
31150 53.77 62.12 0.00 -1.4009 -1.1827 -1.1827
31175 53.68 62.07 0.00 -2.3012 -1.9729 -1.9729
31200 53.60 61.96 0.00 -2.3197 -0.6844 -0.6844
31225 53.60 61.96 0.00 -2.3197 -0.6844 -0.6844
31250 53.51 61.86 0.00 -2.0631 -1.2959 -1.2959
31275 53.46 61.73 0.00 -1.3030 -1.5746 -1.5746
31300 53.42 61.59 0.00 -0.6518 -1.5165 -1.5165
31325 53.42 61.59 0.00 -0.6518 -1.5165 -1.5165
31350 53.40 61.43 0.00 -0.0916 -0.8676 -0.8676
31375 53.40 61.43 0.00 -0.0916 -0.8676 -0.8676
31400 53.44 61.26 0.00 0.7238 -0.6929 -0.6929
31425 53.47 61.03 0.00 1.5266 -0.3743 -0.3743
31450 53.58 60.75 0.00 2.6895 -0.5732 -0.5732
31475 53.58 60.75 0.00 2.6895 -0.5732 -0.5732
31500 53.68 60.47 0.00 3.2126 -0.5033 -0.5033
31525 53.82 60.13 0.00 3.6323 0.7971 0.7971
31550 53.82 60.13 0.00 3.6323 0.7971 0.7971
31575 54.00 59.76 0.00 4.3451 0.7497 0.7497
31600 54.19 59.39 0.00 5.5335 3.2190 3.2190
31625 54.40 59.06 0.00 5.1155 2.3330 2.3330
31650 54.40 59.06 0.00 5.1155 2.3330 2.3330
31675 54.63 58.78 0.00 5.8903 2.4411 2.4411
31700 54.86 58.50 0.00 4.9278 1.4702 1.4702
31725 54.86 58.50 0.00 4.9278 1.4702 1.4702
31750 55.03 58.20 0.00 3.8865 2.8158 2.8158
31775 55.19 57.87 0.00 4.5569 2.7342 2.7342
31800 55.43 57.49 0.00 6.9781 2.9682 2.9682
31825 55.43 57.49 0.00 6.9781 2.9682 2.9682
31850 55.73 57.17 0.00 7.7913 1.8311 1.8311
31875 55.73 57.17 0.00 7.7913 1.8311 1.8311
31900 56.05 56.89 0.00 7.5152 1.1995 1.1995
31925 56.27 56.68 0.00 4.4406 1.5415 1.5415
31950 56.40 56.49 0.00 2.9471 2.5741 2.5741
31975 56.40 56.49 0.00 2.9471 2.5741 2.5741
32000 56.54 56.28 0.00 3.9609 2.4778 2.4778
32025 56.73 56.07 0.00 5.2585 1.5657 1.5657
32050 56.89 55.93 0.00 5.0855 0.7204 0.7204
32075 56.89 55.93 0.00 5.0855 0.7204 0.7204
32100 57.05 55.72 0.00 3.0190 0.2324 0.2324
32125 57.12 55.54 0.00 0.6689 0.5733 0.5733
32150 57.12 55.54 0.00 0.6689 0.5733 0.5733
32175 57.06 55.40 0.00 -1.7798 -0.6083 -0.6083
32200 57.03 55.28 0.00 -0.2101 2.5025 2.5025
32225 57.03 55.28 0.00 -0.2101 2.5025 2.5025
32250 57.05 55.19 0.00 0.6137 0.7708 0.7708
32275 57.13 55.07 0.00 3.0297 0.9080 0.9080
32300 57.22 54.93 0.00 1.3953 -0.5189 -0.5189
32325 57.22 54.93 0.00 1.3953 -0.5189 -0.5189
32350 57.22 54.79 0.00 -0.3633 -0.2830 -0.2830
32375 57.15 54.65 0.00 -2.5110 -0.3670 -0.3670
32400 57.15 54.65 0.00 -2.5110 -0.3670 -0.3670
32425 57.05 54.48 0.00 -2.1616 1.0602 1.0602
32450 56.99 54.34 0.00 -1.2040 -0.2465 -0.2465
32475 56.99 54.34 0.00 -1.2040 -0.2465 -0.2465
32500 56.98 54.23 0.00 0.3399 -1.0820 -1.0820
32525 57.01 54.13 0.00 1.0452 -0.6634 -0.6634
32550 57.03 54.04 0.00 0.2147 0.1478 0.1478
32575 57.03 54.04 0.00 0.2147 0.1478 0.1478
32600 57.03 54.00 0.00 -0.4576 0.0073 0.0073
32625 57.03 53.99 0.00 0.0381 -0.1153 -0.1153
32650 57.03 53.99 0.00 0.0381 -0.1153 -0.1153
32675 57.05 53.92 0.00 0.9314 -0.0048 -0.0048
32700 57.10 53.85 0.00 1.5180 0.0430 0.0430
32725 57.10 53.85 0.00 1.5180 0.0430 0.0430
32750 57.15 53.76 0.00 1.3853 1.4615 1.4615
32775 57.13 53.60 0.00 -1.2176 -0.0939 -0.0939
32800 57.10 53.55 0.00 -0.6327 2.4278 2.4278
32825 57.10 53.55 0.00 -0.6327 2.4278 2.4278
32850 57.06 53.55 0.00 -0.9253 0.6182 0.6182
32875 57.08 53.51 0.00 1.3491 0.2591 0.2591
32900 57.08 53.51 0.00 1.3491 0.2591 0.2591
32925 57.13 53.46 0.00 0.5342 -0.6503 -0.6503
32950 57.12 53.36 0.00 -0.6436 0.2224 0.2224
32975 57.12 53.36 0.00 -0.6436 0.2224 0.2224
33000 57.05 53.27 0.00 -2.2514 -0.6009 -0.6009
33025 56.96 53.18 0.00 -2.2143 0.6070 0.6070
33050 56.87 53.09 0.00 -2.2952 -0.7584 -0.7584
33075 56.87 53.09 0.00 -2.2952 -0.7584 -0.7584
33100 56.78 53.02 0.00 -1.7832 -1.1006 -1.1006
33125 56.69 52.94 0.00 -2.8571 -0.7360 -0.7360
33150 56.69 52.94 0.00 -2.8571 -0.7360 -0.7360
33175 56.55 52.87 0.00 -4.1162 -1.1885 -1.1885
33200 56.34 52.74 0.00 -5.7369 -1.7172 -1.7172
33225 56.34 52.74 0.00 -5.7369 -1.7172 -1.7172
33250 56.12 52.57 0.00 -6.1291 -2.0147 -2.0147
33275 55.85 52.39 0.00 -5.9814 -2.6502 -2.6502
33300 55.66 52.20 0.00 -4.2350 -1.7119 -1.7119
33325 55.66 52.20 0.00 -4.2350 -1.7119 -1.7119
33350 55.50 52.06 0.00 -3.6919 -2.6519 -2.6519
33375 55.42 51.92 0.00 -1.5260 0.7893 0.7893
33400 55.42 51.92 0.00 -1.5260 0.7893 0.7893
33425 55.35 51.85 0.00 -2.3151 0.0690 0.0690
33450 55.22 51.80 0.00 -3.4414 -0.4068 -0.4068
33475 55.05 51.69 0.00 -4.9169 -1.0184 -1.0184
33500 55.05 51.69 0.00 -4.9169 -1.0184 -1.0184
33525 54.82 51.59 0.00 -6.1438 -1.9976 -1.9976
33550 54.56 51.47 0.00 -6.0809 -2.5538 -2.5538
33575 54.56 51.47 0.00 -6.0809 -2.5538 -2.5538
33600 54.40 51.38 0.00 -5.1853 -1.9662 -1.9662
33625 54.21 51.26 0.00 -4.7568 -2.2588 -2.2588
33650 54.21 51.26 0.00 -4.7568 -2.2588 -2.2588
33675 54.03 51.15 0.00 -4.2554 -2.4087 -2.4087
33700 53.84 51.10 0.00 -5.5211 -2.1728 -2.1728
33725 53.56 51.06 0.00 -7.4991 -2.4874 -2.4874
33750 53.56 51.06 0.00 -7.4991 -2.4874 -2.4874
33775 53.21 51.03 0.00 -9.5266 -2.9677 -2.9677
33800 52.83 50.92 0.00 -9.3525 -4.2916 -4.2916
33825 52.83 50.92 0.00 -9.3525 -4.2916 -4.2916
33850 52.48 50.80 0.00 -8.2062 -5.6309 -5.6309
33875 52.20 50.72 0.00 -6.3671 -5.7167 -5.7167
33900 52.20 50.72 0.00 -6.3671 -5.7167 -5.7167
33925 51.97 50.58 0.00 -5.5963 -4.9780 -4.9780
33950 51.76 50.42 0.00 -4.4474 -2.7992 -2.7992
33975 51.76 50.42 0.00 -4.4474 -2.7992 -2.7992
34000 51.61 50.30 0.00 -3.6031 -1.3816 -1.3816
34025 51.47 50.21 0.00 -3.6342 -1.5616 -1.5616
34050 51.31 50.16 0.00 -4.2103 -2.0956 -2.0956
34075 51.31 50.16 0.00 -4.2103 -2.0956 -2.0956
