%#        Time[ms]        X[pixel],        Y[pixel],        Z[pixel],  dX/dt[pixel/s],  dY/dt[pixel/s],  dZ/dt[pixel/s] 
0 50.00 50.00 0.00 -5.0637 -3.3566 -3.3566
25 49.86 49.93 0.00 -2.4098 -0.8828 -0.8828
50 49.86 49.93 0.00 -2.4098 -0.8828 -0.8828
75 49.77 50.04 0.00 -2.5257 -7.3406 -7.3406
100 49.69 49.82 0.00 -1.5624 -9.1457 -9.1457
125 49.69 49.82 0.00 -1.5624 -9.1457 -9.1457
150 49.63 49.16 0.00 -2.1850 -8.2544 -8.2544
175 49.51 48.30 0.00 -4.6745 -9.4420 -9.4420
200 49.37 47.63 0.00 -2.2950 -2.4096 -2.4096
225 49.37 47.63 0.00 -2.2950 -2.4096 -2.4096
250 49.28 47.94 0.00 -2.6139 -2.4290 -2.4290
275 49.14 48.93 0.00 -4.3799 -1.2644 -1.2644
300 49.14 48.93 0.00 -4.3799 -1.2644 -1.2644
325 49.02 49.71 0.00 -1.5147 5.8619 5.8619
350 49.07 50.18 0.00 2.9328 8.0021 8.0021
375 49.21 50.61 0.00 3.2685 1.9911 1.9911
400 49.21 50.61 0.00 3.2685 1.9911 1.9911
425 49.28 50.54 0.00 0.2616 -4.2404 -4.2404
450 49.23 50.14 0.00 -1.7884 -4.7577 -4.7577
475 49.23 50.14 0.00 -1.7884 -4.7577 -4.7577
500 49.11 49.78 0.00 -3.8763 -3.9084 -3.9084
525 48.97 49.61 0.00 -2.4687 -4.8672 -4.8672
550 49.02 49.66 0.00 4.4348 -1.4583 -1.4583
575 49.02 49.66 0.00 4.4348 -1.4583 -1.4583
600 49.35 49.71 0.00 10.5171 1.1311 1.1311
625 49.84 49.77 0.00 13.1853 2.8771 2.8771
650 49.84 49.77 0.00 13.1853 2.8771 2.8771
675 50.38 49.61 0.00 13.1347 3.0827 3.0827
700 50.86 49.18 0.00 10.2910 1.3866 1.3866
725 50.86 49.18 0.00 10.2910 1.3866 1.3866
750 51.17 48.64 0.00 6.4373 -0.8975 -0.8975
775 51.50 48.21 0.00 10.7224 0.1876 0.1876
800 51.50 48.21 0.00 10.7224 0.1876 0.1876
825 52.08 47.90 0.00 15.7467 3.1530 3.1530
850 52.72 47.86 0.00 16.6844 5.1825 5.1825
875 53.40 48.04 0.00 17.3954 6.9222 6.9222
900 53.40 48.04 0.00 17.3954 6.9222 6.9222
925 53.89 48.32 0.00 15.2462 3.0668 3.0668
950 54.47 48.68 0.00 13.7275 -2.4070 -2.4070
975 54.47 48.68 0.00 13.7275 -2.4070 -2.4070
1000 54.94 48.73 0.00 10.3112 -7.3425 -7.3425
1025 55.28 48.51 0.00 7.3840 -6.9887 -6.9887
1050 55.56 48.13 0.00 7.1522 -3.3501 -3.3501
1075 55.56 48.13 0.00 7.1522 -3.3501 -3.3501
1100 55.84 47.78 0.00 7.0033 -1.6035 -1.6035
1125 56.20 47.54 0.00 10.6069 1.2261 1.2261
1150 56.20 47.54 0.00 10.6069 1.2261 1.2261
1175 56.71 47.39 0.00 13.6100 3.3720 3.3720
1200 57.24 47.24 0.00 12.6924 2.8078 2.8078
1225 57.24 47.24 0.00 12.6924 2.8078 2.8078
1250 57.75 47.02 0.00 13.3480 3.8786 3.8786
1275 58.31 46.68 0.00 14.4066 4.4683 4.4683
1300 58.87 46.31 0.00 13.5112 3.7450 3.7450
1325 58.87 46.31 0.00 13.5112 3.7450 3.7450
1350 59.38 45.98 0.00 12.0368 3.8469 3.8469
1375 59.81 45.79 0.00 10.1378 3.3072 3.3072
1400 59.81 45.79 0.00 10.1378 3.3072 3.3072
1425 60.18 45.56 0.00 7.9533 1.9273 1.9273
1450 60.51 45.28 0.00 9.1786 3.8846 3.8846
1475 60.51 45.28 0.00 9.1786 3.8846 3.8846
1500 60.88 44.94 0.00 8.9410 3.9149 3.9149
1525 61.20 44.53 0.00 7.5996 2.5764 2.5764
1550 61.20 44.53 0.00 7.5996 2.5764 2.5764
1575 61.45 44.00 0.00 4.8585 1.1801 1.1801
1600 61.54 43.51 0.00 0.7541 -0.6258 -0.6258
1625 61.48 43.20 0.00 -2.2324 -1.1531 -1.1531
1650 61.48 43.20 0.00 -2.2324 -1.1531 -1.1531
1675 61.38 43.02 0.00 -2.8554 0.5473 0.5473
1700 61.31 42.99 0.00 -1.7827 1.8831 1.8831
1725 61.25 42.99 0.00 -1.0343 2.0776 2.0776
1750 61.25 42.99 0.00 -1.0343 2.0776 2.0776
1775 61.23 42.93 0.00 -0.0760 1.0168 1.0168
1800 61.27 42.84 0.00 1.3459 -0.0839 -0.0839
1825 61.27 42.84 0.00 1.3459 -0.0839 -0.0839
1850 61.32 42.69 0.00 1.2581 -0.9864 -0.9864
1875 61.36 42.67 0.00 0.5471 -1.2389 -1.2389
1900 61.36 42.67 0.00 0.5471 -1.2389 -1.2389
1925 61.39 42.84 0.00 1.1566 0.5598 0.5598
1950 61.43 43.06 0.00 1.0275 -0.7779 -0.7779
1975 61.52 43.31 0.00 2.8690 2.0963 2.0963
2000 61.52 43.31 0.00 2.8690 2.0963 2.0963
2025 61.66 43.57 0.00 3.2374 2.4343 2.4343
2050 61.66 43.57 0.00 3.2374 2.4343 2.4343
2075 61.76 43.79 0.00 2.6079 1.7311 1.7311
2100 61.80 43.91 0.00 -0.4022 -0.7106 -0.7106
2125 61.75 43.88 0.00 -1.1294 -2.0150 -2.0150
2150 61.75 43.88 0.00 -1.1294 -2.0150 -2.0150
2175 61.78 43.73 0.00 2.3133 0.1674 0.1674
2200 61.98 43.54 0.00 5.9128 2.4764 2.4764
2225 62.26 43.31 0.00 7.6925 1.9834 1.9834
2250 62.26 43.31 0.00 7.6925 1.9834 1.9834
2275 62.56 43.10 0.00 7.4961 1.3397 1.3397
2300 62.85 42.91 0.00 6.6037 1.1534 1.1534
2325 62.85 42.91 0.00 6.6037 1.1534 1.1534
2350 63.08 42.64 0.00 5.3866 1.9460 1.9460
2375 63.27 42.34 0.00 4.5554 2.3088 2.3088
2400 63.27 42.34 0.00 4.5554 2.3088 2.3088
2425 63.47 42.04 0.00 4.9073 2.9304 2.9304
2450 63.68 41.72 0.00 5.9380 2.6658 2.6658
2475 63.68 41.72 0.00 5.9380 2.6658 2.6658
2500 63.88 41.49 0.00 6.4709 1.1285 1.1285
2525 64.16 41.18 0.00 8.5812 0.6678 0.6678
2550 64.66 40.97 0.00 14.0277 3.3865 3.3865
2575 64.66 40.97 0.00 14.0277 3.3865 3.3865
2600 65.27 40.90 0.00 16.2255 3.5773 3.5773
2625 65.27 40.90 0.00 16.2255 3.5773 3.5773
2650 65.95 40.74 0.00 16.9342 4.6619 4.6619
2675 66.55 40.49 0.00 13.9485 3.2663 3.2663
2700 67.06 40.25 0.00 12.5631 4.5267 4.5267
2725 67.06 40.25 0.00 12.5631 4.5267 4.5267
2750 67.61 40.03 0.00 14.1065 7.8980 7.8980
2775 68.25 40.06 0.00 17.1398 6.5463 6.5463
2800 68.99 40.16 0.00 18.8039 2.0360 2.0360
2825 68.99 40.16 0.00 18.8039 2.0360 2.0360
2850 69.71 40.16 0.00 18.0046 -0.1430 -0.1430
2875 70.38 40.11 0.00 14.8993 -0.3426 -0.3426
2900 70.38 40.11 0.00 14.8993 -0.3426 -0.3426
2925 70.84 40.09 0.00 9.5491 0.0883 0.0883
2950 71.09 40.00 0.00 4.3620 0.7406 0.7406
2975 71.09 40.00 0.00 4.3620 0.7406 0.7406
3000 71.18 39.88 0.00 0.7459 0.7132 0.7132
3025 71.22 39.79 0.00 1.4686 1.6379 1.6379
3050 71.22 39.79 0.00 1.4686 1.6379 1.6379
3075 71.35 39.72 0.00 4.3180 -0.4900 -0.4900
3100 71.60 39.69 0.00 7.9465 1.9652 1.9652
3125 71.60 39.69 0.00 7.9465 1.9652 1.9652
3150 71.91 39.62 0.00 7.0795 0.7475 0.7475
3175 72.13 39.55 0.00 4.5725 -0.0735 -0.0735
3200 72.21 39.47 0.00 1.2673 -0.7833 -0.7833
3225 72.21 39.47 0.00 1.2673 -0.7833 -0.7833
3250 72.19 39.33 0.00 -1.2447 -0.6571 -0.6571
3275 72.17 39.26 0.00 -0.6065 0.8082 0.8082
3300 72.17 39.26 0.00 -0.6065 0.8082 0.8082
3325 72.19 39.09 0.00 0.9242 1.5635 1.5635
3350 72.26 38.74 0.00 3.6120 1.8186 1.8186
3375 72.26 38.74 0.00 3.6120 1.8186 1.8186
3400 72.52 38.25 0.00 7.3751 1.0824 1.0824
3425 72.85 37.88 0.00 9.0746 -0.5706 -0.5706
3450 73.18 37.61 0.00 7.7501 -1.1373 -1.1373
3475 73.18 37.61 0.00 7.7501 -1.1373 -1.1373
3500 73.42 37.40 0.00 3.9593 -0.6841 -0.6841
3525 73.47 37.27 0.00 -0.1330 0.6522 0.6522
3550 73.36 37.20 0.00 -3.7088 0.4868 0.4868
3575 73.36 37.20 0.00 -3.7088 0.4868 0.4868
3600 73.20 37.19 0.00 -4.6781 1.5085 1.5085
3625 72.99 37.16 0.00 -4.6751 -0.2435 -0.2435
3650 72.99 37.16 0.00 -4.6751 -0.2435 -0.2435
3675 72.88 37.15 0.00 -1.3248 0.5465 0.5465
3700 72.87 37.21 0.00 -0.6907 -0.8257 -0.8257
3725 72.87 37.21 0.00 -0.6907 -0.8257 -0.8257
3750 72.83 37.36 0.00 -0.4795 -0.5578 -0.5578
3775 72.77 37.54 0.00 -2.5146 -1.3756 -1.3756
3800 72.77 37.54 0.00 -2.5146 -1.3756 -1.3756
3825 72.61 37.68 0.00 -4.4343 -1.1380 -1.1380
3850 72.43 37.71 0.00 -5.1118 -0.0222 -0.0222
3875 72.21 37.77 0.00 -5.2394 -0.9495 -0.9495
3900 72.21 37.77 0.00 -5.2394 -0.9495 -0.9495
3925 72.04 37.83 0.00 -2.9498 -1.1783 -1.1783
3950 71.99 37.89 0.00 -1.0032 -1.3424 -1.3424
3975 71.99 37.89 0.00 -1.0032 -1.3424 -1.3424
4000 71.99 37.97 0.00 0.4803 -1.1310 -1.1310
4025 71.99 38.09 0.00 -0.0922 -0.8378 -0.8378
4050 71.97 38.12 0.00 -0.7547 -0.5784 -0.5784
4075 71.97 38.12 0.00 -0.7547 -0.5784 -0.5784
4100 71.88 38.13 0.00 -4.0628 -0.7548 -0.7548
4125 71.88 38.13 0.00 -4.0628 -0.7548 -0.7548
4150 71.66 38.05 0.00 -5.9976 -0.5449 -0.5449
4175 71.37 37.89 0.00 -8.2203 -2.6512 -2.6512
4200 71.04 37.74 0.00 -7.3409 -0.9911 -0.9911
4225 71.04 37.74 0.00 -7.3409 -0.9911 -0.9911
4250 70.80 37.67 0.00 -5.6757 -0.3750 -0.3750
4275 70.60 37.68 0.00 -3.9108 -1.2278 -1.2278
4300 70.49 37.73 0.00 -2.4624 -1.8196 -1.8196
4325 70.49 37.73 0.00 -2.4624 -1.8196 -1.8196
4350 70.36 37.76 0.00 -3.8737 -2.9728 -2.9728
4375 70.13 37.71 0.00 -7.0885 -3.3812 -3.3812
4400 70.13 37.71 0.00 -7.0885 -3.3812 -3.3812
4425 69.75 37.56 0.00 -11.7212 -3.4326 -3.4326
4450 69.17 37.32 0.00 -16.0172 -4.1852 -4.1852
4475 68.48 37.09 0.00 -17.0584 -3.4129 -3.4129
4500 68.48 37.09 0.00 -17.0584 -3.4129 -3.4129
4525 67.83 36.91 0.00 -15.3504 -2.8775 -2.8775
4550 67.31 36.75 0.00 -12.2966 -2.2158 -2.2158
4575 67.31 36.75 0.00 -12.2966 -2.2158 -2.2158
4600 66.90 36.61 0.00 -8.8686 -1.9145 -1.9145
4625 66.55 36.44 0.00 -8.3968 -3.0727 -3.0727
4650 66.55 36.44 0.00 -8.3968 -3.0727 -3.0727
4675 66.16 36.21 0.00 -10.9826 -5.2637 -5.2637
4700 65.68 35.96 0.00 -12.8917 -5.0185 -5.0185
4725 65.68 35.96 0.00 -12.8917 -5.0185 -5.0185
4750 65.12 35.66 0.00 -13.9962 -5.5505 -5.5505
4775 64.64 35.41 0.00 -10.6387 -1.7767 -1.7767
4800 64.30 35.25 0.00 -7.4057 -0.9839 -0.9839
4825 64.30 35.25 0.00 -7.4057 -0.9839 -0.9839
4850 64.13 35.24 0.00 -4.2927 0.9206 0.9206
4875 64.05 35.32 0.00 -1.1804 0.2959 0.2959
4900 64.05 35.32 0.00 -1.1804 0.2959 0.2959
4925 64.04 35.42 0.00 0.6843 -0.0285 -0.0285
4950 64.14 35.49 0.00 3.1811 1.0186 1.0186
4975 64.14 35.49 0.00 3.1811 1.0186 1.0186
5000 64.29 35.54 0.00 3.9261 0.7311 0.7311
5025 64.43 35.57 0.00 3.2423 0.2437 0.2437
5050 64.52 35.61 0.00 1.7420 0.4519 0.4519
5075 64.52 35.61 0.00 1.7420 0.4519 0.4519
5100 64.59 35.70 0.00 1.2379 0.4227 0.4227
5125 64.62 35.85 0.00 0.9749 0.4296 0.4296
5150 64.62 35.85 0.00 0.9749 0.4296 0.4296
5175 64.66 35.95 0.00 0.9503 -0.2018 -0.2018
5200 64.70 36.00 0.00 0.9224 -0.1193 -0.1193
5225 64.73 35.98 0.00 1.0908 -0.0464 -0.0464
5250 64.73 35.98 0.00 1.0908 -0.0464 -0.0464
5275 64.73 35.94 0.00 -0.8304 -1.4334 -1.4334
5300 64.73 35.87 0.00 0.8108 2.5294 2.5294
5325 64.73 35.87 0.00 0.8108 2.5294 2.5294
5350 64.75 35.81 0.00 0.1551 1.7419 1.7419
5375 64.78 35.79 0.00 0.9943 0.7798 0.7798
5400 64.78 35.79 0.00 0.9943 0.7798 0.7798
5425 64.80 35.83 0.00 0.1143 -1.1106 -1.1106
5450 64.80 35.83 0.00 -0.0330 -1.6626 -1.6626
5475 64.77 35.77 0.00 -0.5457 -0.7876 -0.7876
5500 64.77 35.77 0.00 -0.5457 -0.7876 -0.7876
5525 64.80 35.71 0.00 0.9410 1.3870 1.3870
5550 64.84 35.67 0.00 1.4661 0.7301 0.7301
5575 64.84 35.67 0.00 1.4661 0.7301 0.7301
5600 64.93 35.65 0.00 2.3976 0.1509 0.1509
5625 65.03 35.66 0.00 2.1557 0.5512 0.5512
5650 65.09 35.70 0.00 1.3283 1.6433 1.6433
5675 65.09 35.70 0.00 1.3283 1.6433 1.6433
5700 65.12 35.77 0.00 0.3481 1.5893 1.5893
5725 65.16 35.81 0.00 1.4891 2.0544 2.0544
5750 65.16 35.81 0.00 1.4891 2.0544 2.0544
5775 65.25 35.79 0.00 2.5883 0.0506 0.0506
5800 65.34 35.71 0.00 2.0099 -1.3577 -1.3577
5825 65.34 35.71 0.00 2.0099 -1.3577 -1.3577
5850 65.41 35.63 0.00 2.4416 0.2668 0.2668
5875 65.53 35.60 0.00 2.3124 1.3689 1.3689
5900 65.53 35.60 0.00 2.3124 1.3689 1.3689
5925 65.61 35.71 0.00 2.9274 0.5313 0.5313
5950 65.77 35.84 0.00 4.1702 1.0677 1.0677
5975 65.77 35.84 0.00 4.1702 1.0677 1.0677
6000 65.87 35.87 0.00 1.4284 -0.9027 -0.9027
6025 65.86 35.86 0.00 -1.5611 -1.3403 -1.3403
6050 65.78 35.74 0.00 -2.2857 0.1255 0.1255
6075 65.78 35.74 0.00 -2.2857 0.1255 0.1255
6100 65.66 35.65 0.00 -2.9533 -1.1033 -1.1033
6125 65.62 35.64 0.00 0.4082 -0.9981 -0.9981
6150 65.62 35.64 0.00 0.4082 -0.9981 -0.9981
6175 65.66 35.65 0.00 0.9808 -1.8311 -1.8311
6200 65.68 35.73 0.00 0.2622 -1.1605 -1.1605
6225 65.68 35.73 0.00 0.2622 -1.1605 -1.1605
6250 65.68 35.77 0.00 0.1191 -1.3842 -1.3842
6275 65.70 35.77 0.00 0.6132 -0.7808 -0.7808
6300 65.75 35.73 0.00 1.2204 -0.6327 -0.6327
6325 65.75 35.73 0.00 1.2204 -0.6327 -0.6327
6350 65.75 35.63 0.00 -0.7400 -2.7837 -2.7837
6375 65.73 35.50 0.00 -0.0156 -0.1797 -0.1797
6400 65.73 35.50 0.00 -0.0156 -0.1797 -0.1797
6425 65.73 35.44 0.00 0.0833 0.2259 0.2259
6450 65.73 35.48 0.00 -0.0365 -0.6842 -0.6842
6475 65.73 35.48 0.00 -0.0365 -0.6842 -0.6842
6500 65.73 35.57 0.00 0.2846 -0.1028 -0.1028
6525 65.82 35.53 0.00 3.2911 -0.5855 -0.5855
6550 65.82 35.53 0.00 3.2911 -0.5855 -0.5855
6575 65.91 35.45 0.00 1.6057 -2.1640 -2.1640
6600 66.00 35.31 0.00 2.0454 -0.4668 -0.4668
6625 66.00 35.31 0.00 2.0454 -0.4668 -0.4668
6650 65.98 35.20 0.00 -1.8171 1.1246 1.1246
6675 65.91 35.14 0.00 -1.1916 4.0868 4.0868
6700 65.89 35.22 0.00 -0.7542 0.9899 0.9899
6725 65.87 35.28 0.00 0.1091 -0.5089 -0.5089
6750 65.87 35.28 0.00 0.1091 -0.5089 -0.5089
6775 65.87 35.34 0.00 0.3205 -0.8865 -0.8865
6800 65.89 35.39 0.00 0.0574 -0.3463 -0.3463
6825 65.89 35.39 0.00 0.0574 -0.3463 -0.3463
6850 65.87 35.36 0.00 -0.4548 -0.9380 -0.9380
6875 65.86 35.28 0.00 -1.0596 -1.3789 -1.3789
6900 65.86 35.28 0.00 -1.0596 -1.3789 -1.3789
6925 65.78 35.13 0.00 -0.7606 -1.4395 -1.4395
6950 65.75 34.98 0.00 -1.5357 -0.4079 -0.4079
6975 65.75 34.98 0.00 -1.5357 -0.4079 -0.4079
7000 65.66 34.88 0.00 -2.0985 -0.4504 -0.4504
7025 65.57 34.85 0.00 -2.8356 -0.8174 -0.8174
7050 65.57 34.85 0.00 -2.8356 -0.8174 -0.8174
7075 65.46 34.84 0.00 -2.4245 -0.7789 -0.7789
7100 65.37 34.78 0.00 -2.0740 -1.0922 -1.0922
7125 65.34 34.71 0.00 0.2735 1.5467 1.5467
7150 65.34 34.71 0.00 0.2735 1.5467 1.5467
7175 65.36 34.65 0.00 0.3159 0.1950 0.1950
7200 65.37 34.63 0.00 0.6567 -0.1010 -0.1010
7225 65.37 34.63 0.00 0.6567 -0.1010 -0.1010
7250 65.39 34.63 0.00 0.2975 -0.0723 -0.0723
7275 65.39 34.68 0.00 -0.2030 -0.1621 -0.1621
7300 65.39 34.68 0.00 -0.2030 -0.1621 -0.1621
7325 65.37 34.76 0.00 -0.6832 -0.3526 -0.3526
7350 65.32 34.90 0.00 -1.5016 -0.5038 -0.5038
7375 65.27 35.00 0.00 -1.3592 0.2570 0.2570
7400 65.27 35.00 0.00 -1.3592 0.2570 0.2570
7425 65.25 34.96 0.00 0.6163 0.0151 0.0151
7450 65.32 34.88 0.00 2.2238 -0.7079 -0.7079
7475 65.32 34.88 0.00 2.2238 -0.7079 -0.7079
7500 65.59 34.75 0.00 9.0608 2.9929 2.9929
7525 65.93 34.72 0.00 7.8719 0.8770 0.8770
7550 65.93 34.72 0.00 7.8719 0.8770 0.8770
7575 66.16 34.67 0.00 3.3651 -1.6108 -1.6108
7600 66.14 34.57 0.00 -1.7477 0.1644 0.1644
7625 66.04 34.40 0.00 -3.1035 -0.1841 -0.1841
7650 66.04 34.40 0.00 -3.1035 -0.1841 -0.1841
7675 65.91 34.22 0.00 -3.1975 -0.8189 -0.8189
7700 65.82 34.05 0.00 -1.7257 -0.0645 -0.0645
7725 65.82 34.05 0.00 -1.7257 -0.0645 -0.0645
7750 65.75 33.91 0.00 -1.3568 -1.4167 -1.4167
7775 65.71 33.88 0.00 -1.5016 -1.6739 -1.6739
7800 65.62 33.90 0.00 -2.5585 -1.1825 -1.1825
7825 65.62 33.90 0.00 -2.5585 -1.1825 -1.1825
7850 65.48 34.02 0.00 -2.9182 0.5400 0.5400
7875 65.39 34.10 0.00 -1.2635 1.1762 1.1762
7900 65.39 34.10 0.00 -1.2635 1.1762 1.1762
7925 65.34 34.11 0.00 -1.3834 -0.7728 -0.7728
7950 65.30 34.11 0.00 -1.9025 -1.6876 -1.6876
7975 65.30 34.11 0.00 -1.9025 -1.6876 -1.6876
8000 65.21 34.09 0.00 -1.7475 -1.1684 -1.1684
8025 65.12 34.08 0.00 -3.1724 -3.1064 -3.1064
8050 65.03 34.01 0.00 -1.1139 0.7310 0.7310
8075 65.03 34.01 0.00 -1.1139 0.7310 0.7310
8100 64.98 33.97 0.00 -2.2340 -0.3205 -0.3205
8125 64.91 33.95 0.00 -1.4014 -0.5145 -0.5145
8150 64.91 33.95 0.00 -1.4014 -0.5145 -0.5145
8175 64.84 33.96 0.00 -2.5526 -2.0277 -2.0277
8200 64.73 33.90 0.00 -2.0487 -0.5382 -0.5382
8225 64.73 33.90 0.00 -2.0487 -0.5382 -0.5382
8250 64.64 33.81 0.00 -2.8080 0.1574 0.1574
8275 64.55 33.68 0.00 -1.5094 1.7030 1.7030
8300 64.48 33.57 0.00 -1.9038 -0.5327 -0.5327
8325 64.48 33.57 0.00 -1.9038 -0.5327 -0.5327
8350 64.45 33.51 0.00 -0.5543 -0.9879 -0.9879
8375 64.43 33.51 0.00 -0.3652 -0.5084 -0.5084
8400 64.43 33.51 0.00 -0.3652 -0.5084 -0.5084
8425 64.43 33.51 0.00 0.1393 0.2183 0.2183
8450 64.43 33.53 0.00 -0.4486 0.0827 0.0827
8475 64.43 33.53 0.00 -0.4486 0.0827 0.0827
8500 64.37 33.49 0.00 -1.5234 -0.8458 -0.8458
8525 64.29 33.42 0.00 -2.4618 -1.3012 -1.3012
8550 64.29 33.42 0.00 -2.4618 -1.3012 -1.3012
8575 64.20 33.35 0.00 -2.2215 -1.4708 -1.4708
8600 64.11 33.25 0.00 -2.1035 0.2017 0.2017
8625 64.02 33.18 0.00 -1.6410 0.1974 0.1974
8650 64.02 33.18 0.00 -1.6410 0.1974 0.1974
8675 64.00 33.06 0.00 -0.5855 1.4023 1.4023
8700 63.97 32.95 0.00 -0.5598 0.0098 0.0098
8725 63.97 32.95 0.00 -0.5598 0.0098 0.0098
8750 63.98 32.89 0.00 0.6048 0.0393 0.0393
8775 63.97 32.83 0.00 -0.8884 -2.3009 -2.3009
8800 63.93 32.83 0.00 -0.8471 -1.2798 -1.2798
8825 63.93 32.83 0.00 -0.8471 -1.2798 -1.2798
8850 63.86 32.82 0.00 -2.0245 -0.9438 -0.9438
8875 63.80 32.72 0.00 -1.4558 1.2288 1.2288
8900 63.80 32.72 0.00 -1.4558 1.2288 1.2288
8925 63.75 32.63 0.00 -1.4942 -0.0863 -0.0863
8950 63.68 32.57 0.00 -1.7110 -0.5400 -0.5400
8975 63.63 32.55 0.00 -0.9877 0.0055 0.0055
9000 63.63 32.55 0.00 -0.9877 0.0055 0.0055
9025 63.59 32.59 0.00 -1.0178 -0.0695 -0.0695
9050 63.59 32.59 0.00 -1.0178 -0.0695 -0.0695
9075 63.54 32.71 0.00 -1.6733 -0.5661 -0.5661
9100 63.41 32.76 0.00 -3.5970 -1.2763 -1.2763
9125 63.25 32.75 0.00 -4.5650 -1.6396 -1.6396
9150 63.25 32.75 0.00 -4.5650 -1.6396 -1.6396
9175 63.02 32.64 0.00 -5.9327 -1.8737 -1.8737
9200 62.81 32.55 0.00 -5.0070 -0.3540 -0.3540
9225 62.81 32.55 0.00 -5.0070 -0.3540 -0.3540
9250 62.62 32.44 0.00 -5.0299 -2.6830 -2.6830
9275 62.51 32.25 0.00 -0.8257 0.2771 0.2771
9300 62.51 32.15 0.00 0.6559 -0.7252 -0.7252
9325 62.51 32.15 0.00 0.6559 -0.7252 -0.7252
9350 62.58 32.17 0.00 2.8583 -0.7580 -0.7580
9375 62.65 32.19 0.00 1.3090 -1.9151 -1.9151
9400 62.65 32.19 0.00 1.3090 -1.9151 -1.9151
9425 62.69 32.13 0.00 0.2515 0.1068 0.1068
9450 62.63 32.03 0.00 -1.7031 0.3704 0.3704
9475 62.60 31.86 0.00 -0.2051 1.8421 1.8421
9500 62.60 31.86 0.00 -0.2051 1.8421 1.8421
9525 62.60 31.68 0.00 -0.3064 -0.7458 -0.7458
9550 62.60 31.68 0.00 -0.3064 -0.7458 -0.7458
9575 62.60 31.58 0.00 0.2275 -0.9662 -0.9662
9600 62.62 31.60 0.00 0.3200 -0.2265 -0.2265
9625 62.63 31.64 0.00 0.9809 1.0795 1.0795
9650 62.63 31.64 0.00 0.9809 1.0795 1.0795
9675 62.69 31.70 0.00 1.6667 1.4241 1.4241
9700 62.72 31.71 0.00 -0.0161 -0.2564 -0.2564
9725 62.72 31.71 0.00 -0.0161 -0.2564 -0.2564
9750 62.67 31.66 0.00 -2.1731 -0.9966 -0.9966
9775 62.54 31.58 0.00 -3.4848 -1.1412 -1.1412
9800 62.40 31.51 0.00 -3.4719 -0.6654 -0.6654
9825 62.40 31.51 0.00 -3.4719 -0.6654 -0.6654
9850 62.31 31.48 0.00 -1.7420 1.1849 1.1849
9875 62.23 31.44 0.00 -2.0867 -1.7203 -1.7203
9900 62.23 31.44 0.00 -2.0867 -1.7203 -1.7203
9925 62.19 31.42 0.00 -0.1885 0.7192 0.7192
9950 62.17 31.38 0.00 -0.7745 -0.1984 -0.1984
9975 62.17 31.38 0.00 -0.7745 -0.1984 -0.1984
10000 62.12 31.35 0.00 -1.7527 -0.4918 -0.4918
10025 62.01 31.21 0.00 -3.3891 -2.1959 -2.1959
10050 61.85 31.06 0.00 -4.3186 -2.1803 -2.1803
10075 61.85 31.06 0.00 -4.3186 -2.1803 -2.1803
10100 61.68 30.89 0.00 -4.2029 -1.6051 -1.6051
10125 61.54 30.74 0.00 -2.8345 -0.0918 -0.0918
10150 61.54 30.74 0.00 -2.8345 -0.0918 -0.0918
10175 61.45 30.65 0.00 -1.7240 -0.9532 -0.9532
10200 61.43 30.61 0.00 -0.0389 -0.8173 -0.8173
10225 61.43 30.61 0.00 0.2212 -0.4639 -0.4639
10250 61.43 30.61 0.00 0.2212 -0.4639 -0.4639
10275 61.45 30.63 0.00 0.3009 0.3452 0.3452
10300 61.46 30.65 0.00 0.0170 0.6199 0.6199
10325 61.46 30.65 0.00 0.0170 0.6199 0.6199
10350 61.45 30.67 0.00 -0.4226 -0.8857 -0.8857
10375 61.41 30.65 0.00 -1.0886 -1.9172 -1.9172
10400 61.41 30.65 0.00 -1.0886 -1.9172 -1.9172
10425 61.34 30.63 0.00 -2.3529 -1.6647 -1.6647
10450 61.25 30.64 0.00 -1.9459 -0.4085 -0.4085
10475 61.25 30.64 0.00 -1.9459 -0.4085 -0.4085
10500 61.20 30.68 0.00 -0.7486 0.5803 0.5803
10525 61.22 30.72 0.00 0.5335 -0.8681 -0.8681
10550 61.22 30.72 0.00 0.5335 -0.8681 -0.8681
10575 61.29 30.77 0.00 3.1908 1.1208 1.1208
10600 61.41 30.83 0.00 2.2720 0.9383 0.9383
10625 61.43 30.85 0.00 -0.1505 0.4002 0.4002
10650 61.43 30.85 0.00 -0.1505 0.4002 0.4002
10675 61.36 30.89 0.00 -3.3375 -1.0760 -1.0760
10700 61.18 30.87 0.00 -4.5329 -2.1804 -2.1804
10725 61.00 30.82 0.00 -4.4704 -2.0009 -2.0009
10750 61.00 30.82 0.00 -4.4704 -2.0009 -2.0009
10775 60.88 30.79 0.00 -2.5095 0.0716 0.0716
10800 60.81 30.77 0.00 -1.3354 0.2269 0.2269
10825 60.81 30.77 0.00 -1.3354 0.2269 0.2269
10850 60.78 30.81 0.00 -0.0143 -0.3229 -0.3229
10875 60.81 30.85 0.00 0.7997 -0.4910 -0.4910
10900 60.81 30.85 0.00 0.7997 -0.4910 -0.4910
10925 60.86 30.89 0.00 1.4177 0.2668 0.2668
10950 60.90 30.89 0.00 1.1393 0.5928 0.5928
10975 60.90 30.89 0.00 1.1393 0.5928 0.5928
11000 60.93 30.90 0.00 0.8215 0.1529 0.1529
11025 60.92 30.88 0.00 -1.2243 -1.4646 -1.4646
11050 60.86 30.87 0.00 -1.4496 -1.5454 -1.5454
11075 60.86 30.87 0.00 -1.4496 -1.5454 -1.5454
11100 60.79 30.85 0.00 -1.7883 -1.3812 -1.3812
11125 60.76 30.83 0.00 -0.2136 0.0870 0.0870
11150 60.78 30.83 0.00 0.6589 0.2202 0.2202
11175 60.78 30.83 0.00 0.6589 0.2202 0.2202
11200 60.81 30.83 0.00 0.5324 -0.2732 -0.2732
11225 60.78 30.77 0.00 -1.1046 -0.7781 -0.7781
11250 60.78 30.77 0.00 -1.1046 -0.7781 -0.7781
11275 60.70 30.77 0.00 -1.6903 1.4342 1.4342
11300 60.62 30.80 0.00 -2.5938 0.7784 0.7784
11325 60.62 30.80 0.00 -2.5938 0.7784 0.7784
11350 60.51 30.82 0.00 -2.7231 -0.4138 -0.4138
11375 60.42 30.82 0.00 -1.9824 -2.0764 -2.0764
11400 60.42 30.82 0.00 -1.9824 -2.0764 -2.0764
11425 60.35 30.77 0.00 -1.7524 -1.8175 -1.8175
11450 60.28 30.71 0.00 -1.1069 -0.0104 -0.0104
11475 60.28 30.71 0.00 -1.1069 -0.0104 -0.0104
11500 60.26 30.63 0.00 -0.4940 0.7296 0.7296
11525 60.26 30.61 0.00 0.3191 0.2546 0.2546
11550 60.26 30.61 0.00 0.3191 0.2546 0.2546
11575 60.30 30.63 0.00 1.0027 0.6976 0.6976
11600 60.33 30.67 0.00 1.1296 1.1344 1.1344
11625 60.39 30.69 0.00 0.8948 1.2327 1.2327
11650 60.39 30.69 0.00 0.8948 1.2327 1.2327
11675 60.40 30.67 0.00 0.4248 0.2679 0.2679
11700 60.39 30.63 0.00 -1.4134 -1.3552 -1.3552
11725 60.39 30.63 0.00 -1.4134 -1.3552 -1.3552
11750 60.32 30.59 0.00 -2.2220 -1.3903 -1.3903
11775 60.23 30.56 0.00 -2.6214 -1.0030 -1.0030
11800 60.14 30.60 0.00 -1.2879 0.2701 0.2701
11825 60.14 30.60 0.00 -1.2879 0.2701 0.2701
11850 60.12 30.58 0.00 -0.2437 0.4409 0.4409
11875 60.14 30.54 0.00 0.7228 1.0357 1.0357
11900 60.14 30.54 0.00 0.7228 1.0357 1.0357
11925 60.14 30.48 0.00 0.4585 -0.8018 -0.8018
11950 60.14 30.44 0.00 -1.0181 -0.3557 -0.3557
11975 60.14 30.44 0.00 -1.0181 -0.3557 -0.3557
12000 60.03 30.46 0.00 -3.8035 -1.0254 -1.0254
12025 59.84 30.51 0.00 -5.6548 -1.3282 -1.3282
12050 59.59 30.50 0.00 -5.5058 -3.2266 -3.2266
12075 59.59 30.50 0.00 -5.5058 -3.2266 -3.2266
12100 59.40 30.49 0.00 -5.1312 -3.7662 -3.7662
12125 59.24 30.37 0.00 -2.3524 -2.2162 -2.2162
12150 59.24 30.37 0.00 -2.3524 -2.2162 -2.2162
12175 59.21 30.18 0.00 -0.5742 -2.6227 -2.6227
12200 59.21 30.02 0.00 0.1802 -4.1251 -4.1251
12225 59.21 30.02 0.00 0.1802 -4.1251 -4.1251
12250 59.21 29.94 0.00 -0.0421 -2.6378 -2.6378
12275 59.17 29.90 0.00 -2.0819 -1.4660 -1.4660
12300 59.07 29.91 0.00 -2.3852 0.8705 0.8705
12325 59.07 29.91 0.00 -2.3852 0.8705 0.8705
12350 59.00 29.91 0.00 -0.9647 0.7270 0.7270
12375 59.00 29.85 0.00 0.5312 -1.8666 -1.8666
12400 59.00 29.85 0.00 0.5312 -1.8666 -1.8666
12425 59.05 29.77 0.00 1.4265 -1.8625 -1.8625
12450 59.10 29.73 0.00 1.1395 -1.5398 -1.5398
12475 59.14 29.75 0.00 1.1267 0.0553 0.0553
12500 59.14 29.75 0.00 1.1267 0.0553 0.0553
12525 59.19 29.78 0.00 1.0291 1.8817 1.8817
12550 59.19 29.78 0.00 1.0291 1.8817 1.8817
12575 59.17 29.88 0.00 -0.5831 -1.5725 -1.5725
12600 59.21 29.94 0.00 1.3694 0.8929 0.8929
12625 59.24 29.98 0.00 0.9954 0.7314 0.7314
12650 59.24 29.98 0.00 0.9954 0.7314 0.7314
12675 59.28 30.04 0.00 0.9759 0.1988 0.1988
12700 59.31 30.11 0.00 0.8114 -0.4788 -0.4788
12725 59.31 30.11 0.00 0.8114 -0.4788 -0.4788
12750 59.33 30.15 0.00 0.5570 -0.8759 -0.8759
12775 59.36 30.13 0.00 0.2946 -0.5971 -0.5971
12800 59.36 30.05 0.00 0.0697 1.9818 1.9818
12825 59.36 30.05 0.00 0.0697 1.9818 1.9818
12850 59.38 29.94 0.00 0.4331 1.1928 1.1928
12875 59.40 29.84 0.00 0.3375 0.5854 0.5854
12900 59.40 29.84 0.00 0.3375 0.5854 0.5854
12925 59.38 29.84 0.00 -1.0027 0.4143 0.4143
12950 59.33 29.88 0.00 -1.1417 1.0969 1.0969
12975 59.33 29.88 0.00 -1.1417 1.0969 1.0969
13000 59.29 29.88 0.00 -0.5999 0.6005 0.6005
13025 59.29 29.84 0.00 -0.1083 -0.7884 -0.7884
13050 59.28 29.78 0.00 -0.6138 -1.4123 -1.4123
13075 59.28 29.78 0.00 -0.6138 -1.4123 -1.4123
13100 59.24 29.72 0.00 -1.1422 -1.1044 -1.1044
13125 59.19 29.68 0.00 -1.3824 0.4203 0.4203
13150 59.19 29.68 0.00 -1.3824 0.4203 0.4203
13175 59.15 29.69 0.00 -0.4138 1.3152 1.3152
13200 59.15 29.67 0.00 0.3006 1.9654 1.9654
13225 59.15 29.67 0.00 0.3006 1.9654 1.9654
13250 59.12 29.63 0.00 -1.5040 -2.1598 -2.1598
13275 59.12 29.53 0.00 0.6592 1.6630 1.6630
13300 59.12 29.53 0.00 0.6592 1.6630 1.6630
13325 59.12 29.43 0.00 -0.9874 -0.0934 -0.0934
13350 59.05 29.41 0.00 -1.8552 -0.0306 -0.0306
13375 58.98 29.45 0.00 -2.0435 0.8347 0.8347
13400 58.98 29.45 0.00 -2.0435 0.8347 0.8347
13425 58.91 29.42 0.00 -2.1536 0.3649 0.3649
13450 58.82 29.32 0.00 -1.8724 -0.1640 -0.1640
13475 58.78 29.24 0.00 -0.4648 1.1434 1.1434
13500 58.78 29.24 0.00 -0.4648 1.1434 1.1434
13525 58.78 29.22 0.00 -0.0540 -0.3451 -0.3451
13550 58.78 29.32 0.00 0.3971 -0.8812 -0.8812
13575 58.78 29.32 0.00 0.3971 -0.8812 -0.8812
13600 58.80 29.42 0.00 0.4049 -0.0434 -0.0434
13625 58.80 29.42 0.00 -0.1312 1.5269 1.5269
13650 58.80 29.42 0.00 -0.1312 1.5269 1.5269
13675 58.78 29.40 0.00 -0.3678 2.2623 2.2623
13700 58.78 29.40 0.00 -0.3641 0.2644 0.2644
13725 58.77 29.38 0.00 -0.5765 -1.1614 -1.1614
13750 58.77 29.38 0.00 -0.5765 -1.1614 -1.1614
13775 58.70 29.29 0.00 -2.2680 -0.9191 -0.9191
13800 58.57 29.13 0.00 -3.2939 0.5524 0.5524
13825 58.57 29.13 0.00 -3.2939 0.5524 0.5524
13850 58.50 28.93 0.00 -0.1262 1.2088 1.2088
13875 58.68 28.81 0.00 6.1839 2.0609 2.0609
13900 58.68 28.81 0.00 6.1839 2.0609 2.0609
13925 58.89 28.78 0.00 5.1660 2.2378 2.2378
13950 59.00 28.82 0.00 -0.0252 2.9567 2.9567
13975 58.84 28.88 0.00 -5.7375 -0.0895 -0.0895
14000 58.84 28.88 0.00 -5.7375 -0.0895 -0.0895
14025 58.57 28.93 0.00 -7.0564 -1.9929 -1.9929
14050 58.29 28.88 0.00 -6.1364 -3.0355 -3.0355
14075 58.29 28.88 0.00 -6.1364 -3.0355 -3.0355
14100 58.12 28.79 0.00 -3.6700 -1.5859 -1.5859
14125 57.99 28.73 0.00 -3.2223 -0.9167 -0.9167
14150 57.99 28.73 0.00 -3.2223 -0.9167 -0.9167
14175 57.89 28.68 0.00 -2.8341 2.1385 2.1385
14200 57.85 28.64 0.00 0.0293 2.2944 2.2944
14225 57.85 28.64 0.00 0.0293 2.2944 2.2944
14250 57.92 28.61 0.00 2.7180 0.9433 0.9433
14275 58.06 28.59 0.00 3.7273 -0.5800 -0.5800
14300 58.06 28.59 0.00 3.7273 -0.5800 -0.5800
14325 58.20 28.59 0.00 2.8837 0.4745 0.4745
14350 58.26 28.56 0.00 0.7326 1.4063 1.4063
14375 58.26 28.54 0.00 -0.4177 1.1094 1.1094
14400 58.26 28.54 0.00 -0.4177 1.1094 1.1094
14425 58.22 28.55 0.00 -1.1145 -0.7585 -0.7585
14450 58.19 28.57 0.00 -0.6907 -0.7947 -0.7947
14475 58.19 28.57 0.00 -0.6907 -0.7947 -0.7947
14500 58.19 28.55 0.00 0.6439 1.2219 1.2219
14525 58.17 28.53 0.00 -1.7069 -2.4835 -2.4835
14550 58.15 28.43 0.00 0.4440 1.2169 1.2169
14575 58.15 28.43 0.00 0.4440 1.2169 1.2169
14600 58.15 28.41 0.00 -0.8475 0.5753 0.5753
14625 58.12 28.45 0.00 -0.3417 0.0335 0.0335
14650 58.12 28.45 0.00 -0.3417 0.0335 0.0335
14675 58.10 28.49 0.00 -0.5168 -1.0590 -1.0590
14700 58.12 28.49 0.00 0.6465 0.6323 0.6323
14725 58.10 28.41 0.00 -1.2283 0.5458 0.5458
14750 58.10 28.41 0.00 -1.2283 0.5458 0.5458
14775 58.01 28.27 0.00 -2.9348 0.6053 0.6053
14800 57.85 28.14 0.00 -4.4296 -1.7339 -1.7339
14825 57.85 28.14 0.00 -4.4296 -1.7339 -1.7339
14850 57.69 28.04 0.00 -3.2271 -1.5855 -1.5855
14875 57.57 27.99 0.00 -3.1377 -1.5168 -1.5168
14900 57.57 27.99 0.00 -3.1377 -1.5168 -1.5168
14925 57.52 27.99 0.00 -0.8776 1.3253 1.3253
14950 57.52 27.97 0.00 -0.2577 1.9680 1.9680
14975 57.50 27.97 0.00 -0.7372 0.5181 0.5181
15000 57.50 27.97 0.00 -0.7372 0.5181 0.5181
15025 57.43 27.99 0.00 -1.5960 -1.4240 -1.4240
15050 57.40 28.01 0.00 -1.2038 -1.4693 -1.4693
15075 57.40 28.01 0.00 -1.2038 -1.4693 -1.4693
15100 57.34 27.97 0.00 -1.0302 -0.7126 -0.7126
15125 57.29 27.96 0.00 -1.4507 -2.5135 -2.5135
15150 57.31 27.91 0.00 1.4328 2.0487 2.0487
15175 57.31 27.91 0.00 1.4328 2.0487 2.0487
15200 57.34 27.93 0.00 0.1407 1.8177 1.8177
15225 57.34 27.93 0.00 0.1407 1.8177 1.8177
15250 57.34 28.03 0.00 0.3502 1.3534 1.3534
15275 57.33 28.15 0.00 -0.7610 -0.4421 -0.4421
15300 57.29 28.31 0.00 -1.0682 -0.9986 -0.9986
15325 57.29 28.31 0.00 -1.0682 -0.9986 -0.9986
15350 57.24 28.47 0.00 -1.3155 -1.8451 -1.8451
15375 57.20 28.52 0.00 -0.6302 1.3141 1.3141
15400 57.20 28.52 0.00 -0.6302 1.3141 1.3141
15425 57.17 28.48 0.00 -1.2875 1.1204 1.1204
15450 57.12 28.42 0.00 -1.2770 0.0627 0.0627
15475 57.12 28.42 0.00 -1.2770 0.0627 0.0627
15500 57.06 28.34 0.00 -1.3552 -0.9829 -0.9829
15525 57.01 28.30 0.00 -1.3940 -0.9187 -0.9187
15550 56.98 28.34 0.00 -0.8692 0.0039 0.0039
15575 56.98 28.34 0.00 -0.8692 0.0039 0.0039
15600 56.92 28.38 0.00 -1.3012 -0.0736 -0.0736
15625 56.85 28.39 0.00 -1.6874 -1.1057 -1.1057
15650 56.85 28.39 0.00 -1.6874 -1.1057 -1.1057
15675 56.76 28.33 0.00 -3.0410 -1.9783 -1.9783
15700 56.64 28.29 0.00 -2.4215 -1.6326 -1.6326
15725 56.64 28.29 0.00 -2.4215 -1.6326 -1.6326
15750 56.57 28.23 0.00 -1.3371 -1.7547 -1.7547
15775 56.57 28.19 0.00 0.6356 -1.4038 -1.4038
15800 56.66 28.13 0.00 2.4671 2.0004 2.0004
15825 56.66 28.13 0.00 2.4671 2.0004 2.0004
15850 56.73 28.11 0.00 1.0867 0.4049 0.4049
15875 56.75 28.13 0.00 -0.5197 0.0507 0.0507
15900 56.75 28.13 0.00 -0.5197 0.0507 0.0507
15925 56.66 28.17 0.00 -2.5460 -1.9225 -1.9225
15950 56.54 28.21 0.00 -3.6858 -2.4217 -2.4217
15975 56.38 28.20 0.00 -4.0380 -1.9493 -1.9493
16000 56.38 28.20 0.00 -4.0380 -1.9493 -1.9493
16025 56.24 28.14 0.00 -3.0058 0.4280 0.4280
16050 56.17 28.06 0.00 -1.0452 -0.0423 -0.0423
16075 56.17 28.06 0.00 -1.0452 -0.0423 -0.0423
16100 56.15 27.94 0.00 0.3483 -1.0933 -1.0933
16125 56.20 27.80 0.00 1.4675 -1.0386 -1.0386
16150 56.20 27.80 0.00 1.4675 -1.0386 -1.0386
16175 56.27 27.70 0.00 2.1764 0.1202 0.1202
16200 56.40 27.68 0.00 3.2780 1.1514 1.1514
16225 56.52 27.64 0.00 2.8065 0.7675 0.7675
16250 56.52 27.64 0.00 2.8065 0.7675 0.7675
16275 56.61 27.55 0.00 1.9949 0.6201 0.6201
16300 56.64 27.55 0.00 -0.0785 1.0561 1.0561
16325 56.61 27.61 0.00 -0.4558 0.7115 0.7115
16350 56.61 27.61 0.00 -0.4558 0.7115 0.7115
16375 56.62 27.65 0.00 0.4100 -0.1323 -0.1323
16400 56.68 27.63 0.00 2.6989 -0.5057 -0.5057
16425 56.68 27.63 0.00 2.6989 -0.5057 -0.5057
16450 56.82 27.57 0.00 2.9284 -0.3272 -0.3272
16475 56.87 27.55 0.00 1.1104 -1.1349 -1.1349
16500 56.87 27.55 0.00 1.1104 -1.1349 -1.1349
16525 56.87 27.59 0.00 -0.6325 -1.5232 -1.5232
16550 56.80 27.65 0.00 -1.9426 -1.7490 -1.7490
16575 56.80 27.65 0.00 -1.9426 -1.7490 -1.7490
16600 56.73 27.63 0.00 -2.1896 -0.6484 -0.6484
16625 56.62 27.53 0.00 -2.6262 -0.1497 -0.1497
16650 56.62 27.53 0.00 -2.6262 -0.1497 -0.1497
16675 56.50 27.40 0.00 -3.5697 0.2145 0.2145
16700 56.33 27.24 0.00 -4.8120 -1.0302 -1.0302
16725 56.15 27.14 0.00 -3.7917 -0.5191 -0.5191
16750 56.15 27.14 0.00 -3.7917 -0.5191 -0.5191
16775 56.05 27.13 0.00 -2.3172 -0.1680 -0.1680
16800 55.98 27.15 0.00 -1.0940 0.4577 0.4577
16825 55.98 27.15 0.00 -1.0940 0.4577 0.4577
16850 55.96 27.15 0.00 -0.4563 0.8638 0.8638
16875 55.91 27.15 0.00 -2.3099 -0.9061 -0.9061
16900 55.77 27.07 0.00 -3.7394 -2.5770 -2.5770
16925 55.77 27.07 0.00 -3.7394 -2.5770 -2.5770
16950 55.57 27.02 0.00 -5.5040 -4.0200 -4.0200
16975 55.35 26.96 0.00 -5.6479 -4.2650 -4.2650
17000 55.35 26.96 0.00 -5.6479 -4.2650 -4.2650
17025 55.15 26.93 0.00 -4.6757 -2.9450 -2.9450
17050 54.96 26.89 0.00 -4.7504 -4.6583 -4.6583
17075 54.96 26.89 0.00 -4.7504 -4.6583 -4.6583
17100 54.82 26.87 0.00 -2.9262 -1.8748 -1.8748
17125 54.73 26.91 0.00 -1.4779 -2.0208 -2.0208
17150 54.72 26.95 0.00 -0.4970 -1.3060 -1.3060
17175 54.72 26.95 0.00 -0.4970 -1.3060 -1.3060
17200 54.70 26.93 0.00 -0.3325 -1.7760 -1.7760
17225 54.70 26.93 0.00 -0.3325 -1.7760 -1.7760
17250 54.68 26.89 0.00 -0.7170 -1.6042 -1.6042
17275 54.68 26.79 0.00 0.5744 0.0794 0.0794
17300 54.73 26.71 0.00 2.4236 1.9884 1.9884
17325 54.73 26.71 0.00 2.4236 1.9884 1.9884
17350 54.84 26.65 0.00 3.4493 2.4380 2.4380
17375 55.01 26.59 0.00 4.3818 4.0566 4.0566
17400 55.15 26.56 0.00 3.2373 2.7249 2.7249
17425 55.15 26.56 0.00 3.2373 2.7249 2.7249
17450 55.29 26.52 0.00 3.3205 2.1440 2.1440
17475 55.40 26.48 0.00 2.0261 1.0770 1.0770
17500 55.40 26.48 0.00 2.0261 1.0770 1.0770
17525 55.42 26.40 0.00 -0.2092 -0.1684 -0.1684
17550 55.38 26.32 0.00 -1.5288 -0.7692 -0.7692
17575 55.38 26.32 0.00 -1.5288 -0.7692 -0.7692
17600 55.29 26.30 0.00 -2.4132 -1.0199 -1.0199
17625 55.22 26.32 0.00 -0.9991 1.5915 1.5915
17650 55.22 26.32 0.00 -0.9991 1.5915 1.5915
17675 55.15 26.34 0.00 -1.7878 -1.2561 -1.2561
17700 55.15 26.30 0.00 0.4179 2.5119 2.5119
17725 55.15 26.30 0.00 0.4179 2.5119 2.5119
17750 55.15 26.28 0.00 0.3685 1.0959 1.0959
17775 55.24 26.24 0.00 2.9978 1.6663 1.6663
17800 55.33 26.20 0.00 1.2408 -0.3060 -0.3060
17825 55.33 26.20 0.00 1.2408 -0.3060 -0.3060
17850 55.28 26.08 0.00 -3.3283 -1.2303 -1.2303
17875 55.14 25.98 0.00 -5.1602 -1.8932 -1.8932
17900 55.14 25.98 0.00 -5.1602 -1.8932 -1.8932
17925 54.94 25.84 0.00 -4.3869 0.1882 0.1882
17950 54.82 25.74 0.00 -2.3059 -0.6664 -0.6664
17975 54.80 25.68 0.00 0.6172 -0.6675 -0.6675
18000 54.80 25.68 0.00 0.6172 -0.6675 -0.6675
18025 54.86 25.78 0.00 1.9611 -0.1633 -0.1633
18050 54.94 25.90 0.00 1.7295 0.7148 0.7148
18075 54.94 25.90 0.00 1.7295 0.7148 0.7148
18100 54.98 26.02 0.00 0.6983 2.2260 2.2260
18125 55.00 26.10 0.00 -0.1358 1.2866 1.2866
18150 55.00 26.10 0.00 -0.1358 1.2866 1.2866
18175 54.98 26.08 0.00 -0.2957 -0.3941 -0.3941
18200 54.94 26.04 0.00 -1.6168 -1.3784 -1.3784
18225 54.94 26.04 0.00 -1.6168 -1.3784 -1.3784
18250 54.84 25.95 0.00 -2.8332 1.3236 1.3236
18275 54.72 25.83 0.00 -3.1605 3.3102 3.3102
18300 54.58 25.77 0.00 -3.6386 0.6290 0.6290
18325 54.58 25.77 0.00 -3.6386 0.6290 0.6290
18350 54.52 25.79 0.00 0.6410 2.9580 2.9580
18375 54.58 25.89 0.00 1.4494 0.4374 0.4374
18400 54.65 25.99 0.00 1.7689 -0.5555 -0.5555
18425 54.65 25.99 0.00 1.7689 -0.5555 -0.5555
18450 54.66 26.01 0.00 -0.1333 -1.8514 -1.8514
18475 54.63 25.91 0.00 -1.4124 -1.7895 -1.7895
18500 54.63 25.91 0.00 -1.4124 -1.7895 -1.7895
18525 54.54 25.77 0.00 -2.9714 -1.2842 -1.2842
18550 54.44 25.63 0.00 -1.7633 0.9837 0.9837
18575 54.44 25.63 0.00 -1.7633 0.9837 0.9837
18600 54.40 25.55 0.00 -1.1171 -0.4832 -0.4832
18625 54.37 25.53 0.00 -0.5736 -1.1297 -1.1297
18650 54.33 25.53 0.00 -0.9094 -0.8617 -0.8617
18675 54.33 25.53 0.00 -0.9094 -0.8617 -0.8617
18700 54.28 25.51 0.00 -1.5147 0.9583 0.9583
18725 54.19 25.47 0.00 -2.7158 2.1522 2.1522
18750 54.19 25.47 0.00 -2.7158 2.1522 2.1522
18775 54.10 25.37 0.00 -1.9387 1.9580 1.9580
18800 54.10 25.37 0.00 -1.9387 1.9580 1.9580
18825 54.03 25.23 0.00 -1.6050 -0.7414 -0.7414
18850 53.96 25.07 0.00 -1.6624 -3.1007 -3.1007
18875 53.91 24.99 0.00 -1.9773 -3.5351 -3.5351
18900 53.91 24.99 0.00 -1.9773 -3.5351 -3.5351
18925 53.88 24.91 0.00 -0.2402 -1.3957 -1.3957
18950 53.89 24.85 0.00 1.1505 -0.8368 -0.8368
18975 53.98 24.78 0.00 1.7846 0.2174 0.2174
19000 53.98 24.78 0.00 1.7846 0.2174 0.2174
19025 54.02 24.74 0.00 1.1606 -0.8571 -0.8571
19050 54.10 24.68 0.00 2.2416 2.4782 2.4782
19075 54.10 24.68 0.00 2.2416 2.4782 2.4782
19100 54.16 24.66 0.00 1.0142 1.0143 1.0143
19125 54.23 24.74 0.00 2.0723 1.8011 1.8011
19150 54.26 24.86 0.00 0.5915 -1.5926 -1.5926
19175 54.26 24.86 0.00 0.5915 -1.5926 -1.5926
19200 54.30 24.94 0.00 0.5254 -1.0205 -1.0205
19225 54.30 24.94 0.00 0.5254 -1.0205 -1.0205
19250 54.28 24.98 0.00 -0.5482 -0.2826 -0.2826
19275 54.26 24.92 0.00 -0.4095 2.2498 2.2498
19300 54.24 24.88 0.00 -0.6856 0.5541 0.5541
19325 54.24 24.88 0.00 -0.6856 0.5541 0.5541
19350 54.24 24.88 0.00 0.5801 0.6090 0.6090
19375 54.30 24.98 0.00 2.1371 0.5382 0.5382
19400 54.30 24.98 0.00 2.1371 0.5382 0.5382
19425 54.40 25.14 0.00 2.2583 0.8709 0.8709
19450 54.45 25.22 0.00 1.0397 0.3234 0.3234
19475 54.45 25.22 0.00 1.0397 0.3234 0.3234
19500 54.45 25.20 0.00 -1.0570 -1.0791 -1.0791
19525 54.35 25.16 0.00 -3.7903 -2.8131 -2.8131
19550 54.19 25.11 0.00 -3.6744 -2.8250 -2.8250
19575 54.19 25.11 0.00 -3.6744 -2.8250 -2.8250
19600 54.07 25.09 0.00 -2.7316 -1.9237 -1.9237
19625 53.96 25.07 0.00 -2.2849 -1.2423 -1.2423
19650 53.91 25.05 0.00 -1.1178 0.4347 0.4347
19675 53.91 25.05 0.00 -1.1178 0.4347 0.4347
19700 53.84 25.03 0.00 -2.9139 -3.3133 -3.3133
19725 53.75 24.95 0.00 -1.5295 0.0751 0.0751
19750 53.75 24.95 0.00 -1.5295 0.0751 0.0751
19775 53.65 24.91 0.00 -3.3768 -1.1815 -1.1815
19800 53.49 24.93 0.00 -4.2454 -1.2516 -1.2516
19825 53.49 24.93 0.00 -4.2454 -1.2516 -1.2516
19850 53.30 24.92 0.00 -5.6684 -3.0332 -3.0332
19875 53.06 24.88 0.00 -6.4381 -3.5703 -3.5703
19900 52.81 24.82 0.00 -5.7872 -3.6400 -3.6400
19925 52.81 24.82 0.00 -5.7872 -3.6400 -3.6400
19950 52.62 24.76 0.00 -3.5879 -1.6913 -1.6913
19975 52.50 24.66 0.00 -2.9151 -2.1307 -2.1307
20000 52.50 24.66 0.00 -2.9151 -2.1307 -2.1307
20025 52.41 24.62 0.00 -1.6115 -1.7481 -1.7481
20050 52.36 24.60 0.00 -1.3569 -0.6494 -0.6494
20075 52.29 24.58 0.00 -1.7454 -0.2282 -0.2282
20100 52.29 24.58 0.00 -1.7454 -0.2282 -0.2282
20125 52.23 24.62 0.00 -1.4776 -0.6043 -0.6043
20150 52.23 24.62 0.00 -1.4776 -0.6043 -0.6043
20175 52.20 24.66 0.00 -0.2892 0.0486 0.0486
20200 52.18 24.71 0.00 -0.5287 -0.7053 -0.7053
20225 52.16 24.66 0.00 -0.1706 -0.5279 -0.5279
20250 52.16 24.66 0.00 -0.1706 -0.5279 -0.5279
20275 52.15 24.60 0.00 -0.8626 -0.4514 -0.4514
20300 52.13 24.54 0.00 -0.2944 0.4911 0.4911
20325 52.13 24.54 0.00 -0.2944 0.4911 0.4911
20350 52.13 24.46 0.00 0.1762 0.8691 0.8691
20375 52.11 24.38 0.00 -0.2410 -1.3530 -1.3530
20400 52.11 24.38 0.00 -0.2410 -1.3530 -1.3530
20425 52.15 24.30 0.00 0.8191 1.8856 1.8856
20450 52.13 24.28 0.00 -0.5554 1.0745 1.0745
20475 52.13 24.30 0.00 0.4756 1.3052 1.3052
20500 52.13 24.30 0.00 0.4756 1.3052 1.3052
20525 52.13 24.36 0.00 -0.8483 -1.5238 -1.5238
20550 52.08 24.36 0.00 -1.1381 -1.5786 -1.5786
20575 52.02 24.30 0.00 -1.6416 -2.2318 -2.2318
20600 52.02 24.30 0.00 -1.6416 -2.2318 -2.2318
20625 52.01 24.26 0.00 0.4679 0.3541 0.3541
20650 52.02 24.24 0.00 0.7188 -0.1179 -0.1179
20675 52.02 24.24 0.00 0.7188 -0.1179 -0.1179
20700 52.06 24.26 0.00 0.7836 -0.4195 -0.4195
20725 52.09 24.34 0.00 0.4788 -0.2772 -0.2772
20750 52.09 24.34 0.00 0.4788 -0.2772 -0.2772
20775 52.09 24.40 0.00 0.1259 0.9408 0.9408
20800 52.09 24.42 0.00 -0.5231 0.4677 0.4677
20825 52.04 24.40 0.00 -1.3287 -1.0160 -1.0160
20850 52.04 24.40 0.00 -1.3287 -1.0160 -1.0160
20875 51.99 24.38 0.00 -1.4193 -2.4023 -2.4023
20900 51.94 24.34 0.00 -1.6709 -1.6309 -1.6309
20925 51.94 24.34 0.00 -1.6709 -1.6309 -1.6309
20950 51.83 24.28 0.00 -2.6355 -0.6508 -0.6508
20975 51.75 24.22 0.00 -2.3414 -0.2101 -0.2101
21000 51.75 24.22 0.00 -2.3414 -0.2101 -0.2101
21025 51.68 24.14 0.00 -0.7861 0.1932 0.1932
21050 51.62 24.06 0.00 -1.5826 -3.4288 -3.4288
21075 51.62 24.06 0.00 -1.5826 -3.4288 -3.4288
21100 51.59 23.93 0.00 -0.5122 -0.7612 -0.7612
21125 51.55 23.85 0.00 -1.9264 -1.0886 -1.0886
21150 51.45 23.85 0.00 -2.8465 -0.9829 -0.9829
21175 51.45 23.85 0.00 -2.8465 -0.9829 -0.9829
21200 51.33 23.89 0.00 -2.8325 -2.5090 -2.5090
21225 51.26 23.92 0.00 -2.3169 -3.1290 -3.1290
21250 51.26 23.92 0.00 -2.3169 -3.1290 -3.1290
21275 51.17 23.88 0.00 -2.2277 -2.0360 -2.0360
21300 51.08 23.81 0.00 -1.9473 0.1839 0.1839
21325 51.08 23.81 0.00 -1.9473 0.1839 0.1839
21350 51.01 23.73 0.00 -2.1110 0.2686 0.2686
21375 50.91 23.71 0.00 -2.2543 -1.4766 -1.4766
21400 50.86 23.69 0.00 -0.2564 -1.0521 -1.0521
21425 50.86 23.69 0.00 -0.2564 -1.0521 -1.0521
21450 50.87 23.69 0.00 0.6668 -0.3995 -0.3995
21475 50.89 23.73 0.00 -0.2311 0.6472 0.6472
21500 50.89 23.73 0.00 -0.2311 0.6472 0.6472
21525 50.86 23.77 0.00 -1.4587 0.4108 0.4108
21550 50.77 23.77 0.00 -2.1736 -1.3694 -1.3694
21575 50.77 23.77 0.00 -2.1736 -1.3694 -1.3694
21600 50.70 23.69 0.00 -1.4609 -1.6123 -1.6123
21625 50.68 23.59 0.00 0.0908 -1.0286 -1.0286
21650 50.70 23.51 0.00 0.8863 0.0766 0.0766
21675 50.70 23.51 0.00 0.8863 0.0766 0.0766
21700 50.73 23.45 0.00 0.6680 0.4376 0.4376
21725 50.77 23.41 0.00 0.4098 0.6613 0.6613
21750 50.77 23.41 0.00 0.4098 0.6613 0.6613
21775 50.77 23.38 0.00 1.0221 0.5175 0.5175
21800 50.86 23.34 0.00 1.6088 3.0755 3.0755
21825 50.86 23.34 0.00 1.6088 3.0755 3.0755
21850 50.86 23.36 0.00 0.0005 1.3469 1.3469
21875 50.84 23.40 0.00 -1.0511 -0.3718 -0.3718
21900 50.73 23.43 0.00 -3.2701 -3.6303 -3.6303
21925 50.73 23.43 0.00 -3.2701 -3.6303 -3.6303
21950 50.61 23.38 0.00 -3.0246 -2.6913 -2.6913
21975 50.51 23.41 0.00 -1.7845 -0.7038 -0.7038
22000 50.51 23.41 0.00 -1.7845 -0.7038 -0.7038
22025 50.47 23.43 0.00 -0.7322 0.1943 0.1943
22050 50.47 23.43 0.00 0.4529 -0.6877 -0.6877
22075 50.47 23.43 0.00 0.4529 -0.6877 -0.6877
22100 50.54 23.39 0.00 2.2032 -0.4946 -0.4946
22125 50.59 23.34 0.00 0.6543 -0.9383 -0.9383
22150 50.56 23.32 0.00 -2.1086 -0.5253 -0.5253
22175 50.56 23.32 0.00 -2.1086 -0.5253 -0.5253
22200 50.45 23.32 0.00 -2.7757 -0.9566 -0.9566
22225 50.33 23.30 0.00 -3.1708 -2.3371 -2.3371
22250 50.33 23.30 0.00 -3.1708 -2.3371 -2.3371
22275 50.23 23.26 0.00 -2.6421 -3.4053 -3.4053
22300 50.12 23.20 0.00 -2.6000 -3.3642 -3.3642
22325 50.12 23.20 0.00 -2.6000 -3.3642 -3.3642
22350 50.02 23.16 0.00 -2.1448 -2.1343 -2.1343
22375 49.97 23.10 0.00 -1.1842 0.4992 0.4992
22400 49.88 23.02 0.00 -2.0644 -2.1643 -2.1643
22425 49.88 23.02 0.00 -2.0644 -2.1643 -2.1643
22450 49.86 22.91 0.00 -0.0824 0.7317 0.7317
22475 49.81 22.91 0.00 -2.0827 -0.1446 -0.1446
22500 49.81 22.91 0.00 -2.0827 -0.1446 -0.1446
22525 49.74 22.91 0.00 -1.6193 0.1957 0.1957
22550 49.67 22.91 0.00 -1.6134 -1.2840 -1.2840
22575 49.63 22.83 0.00 -0.7849 -0.5841 -0.5841
22600 49.63 22.83 0.00 -0.7849 -0.5841 -0.5841
22625 49.58 22.71 0.00 -1.4506 -1.2815 -1.2815
22650 49.51 22.56 0.00 -1.7197 -0.2251 -0.2251
22675 49.51 22.56 0.00 -1.7197 -0.2251 -0.2251
22700 49.44 22.44 0.00 -1.5628 -0.3300 -0.3300
22725 49.42 22.35 0.00 0.0079 1.0047 1.0047
22750 49.42 22.35 0.00 0.0079 1.0047 1.0047
22775 49.42 22.31 0.00 -0.0700 1.5016 1.5016
22800 49.41 22.29 0.00 -0.6168 1.5172 1.5172
22825 49.37 22.27 0.00 -1.3330 1.1613 1.1613
22850 49.37 22.27 0.00 -1.3330 1.1613 1.1613
22875 49.30 22.21 0.00 -1.4243 -0.1450 -0.1450
22900 49.25 22.10 0.00 -1.4325 -1.8764 -1.8764
22925 49.25 22.10 0.00 -1.4325 -1.8764 -1.8764
22950 49.20 22.02 0.00 -1.5447 -1.7978 -1.7978
22975 49.13 21.94 0.00 -1.4054 -0.6634 -0.6634
23000 49.13 21.94 0.00 -1.4054 -0.6634 -0.6634
23025 49.06 21.92 0.00 -2.2796 -2.3944 -2.3944
23050 49.02 21.90 0.00 0.4072 0.1301 0.1301
23075 49.07 21.90 0.00 1.2007 0.9001 0.9001
23100 49.07 21.90 0.00 1.2007 0.9001 0.9001
23125 49.11 21.94 0.00 1.1492 0.5635 0.5635
23150 49.14 22.02 0.00 0.4924 0.2392 0.2392
23175 49.14 22.02 0.00 0.4924 0.2392 0.2392
23200 49.13 22.08 0.00 -1.4407 -1.1178 -1.1178
23225 49.02 22.15 0.00 -3.6521 -1.4613 -1.4613
23250 49.02 22.15 0.00 -3.6521 -1.4613 -1.4613
23275 48.87 22.17 0.00 -3.1184 -2.1613 -2.1613
23300 48.83 22.19 0.00 -0.2191 -1.4449 -1.4449
23325 48.85 22.23 0.00 1.0540 -0.7387 -0.7387
23350 48.85 22.23 0.00 1.0540 -0.7387 -0.7387
23375 48.92 22.23 0.00 1.4432 0.5765 0.5765
23400 48.95 22.25 0.00 0.6507 1.0925 1.0925
23425 48.95 22.25 0.00 0.6507 1.0925 1.0925
23450 48.95 22.25 0.00 0.0438 1.4837 1.4837
23475 48.94 22.25 0.00 -0.6572 0.2967 0.2967
23500 48.94 22.25 0.00 -0.6572 0.2967 0.2967
23525 48.88 22.25 0.00 -1.8292 -1.4532 -1.4532
23550 48.80 22.17 0.00 -2.5758 -2.6552 -2.6552
23575 48.71 22.12 0.00 -2.8279 -2.4878 -2.4878
23600 48.71 22.12 0.00 -2.8279 -2.4878 -2.4878
23625 48.60 22.06 0.00 -2.2367 -1.4483 -1.4483
23650 48.57 22.02 0.00 -0.3240 0.2397 0.2397
23675 48.57 22.02 0.00 -0.3240 0.2397 0.2397
23700 48.55 21.96 0.00 0.3010 -1.5197 -1.5197
23725 48.64 21.85 0.00 2.3503 2.3695 2.3695
23750 48.69 21.77 0.00 0.7957 0.4621 0.4621
23775 48.69 21.77 0.00 0.7957 0.4621 0.4621
23800 48.73 21.75 0.00 0.8156 0.9336 0.9336
23825 48.69 21.73 0.00 -1.5489 -1.5513 -1.5513
23850 48.69 21.73 0.00 -1.5489 -1.5513 -1.5513
23875 48.62 21.65 0.00 -2.2177 -1.2014 -1.2014
23900 48.50 21.56 0.00 -3.0564 -1.2899 -1.2899
23925 48.50 21.56 0.00 -3.0564 -1.2899 -1.2899
23950 48.41 21.44 0.00 -1.6405 0.9031 0.9031
23975 48.38 21.37 0.00 -0.6178 -0.2790 -0.2790
24000 48.38 21.37 0.00 -0.6178 -0.2790 -0.2790
24025 48.39 21.35 0.00 0.8256 -0.3699 -0.3699
24050 48.43 21.35 0.00 1.2997 0.3601 0.3601
24075 48.48 21.33 0.00 1.2388 0.9067 0.9067
24100 48.48 21.33 0.00 1.2388 0.9067 0.9067
24125 48.53 21.29 0.00 0.8856 1.2978 1.2978
24150 48.52 21.27 0.00 -0.9448 0.0887 0.0887
24175 48.52 21.27 0.00 -0.9448 0.0887 0.0887
24200 48.46 21.27 0.00 -1.7726 -1.6407 -1.6407
24225 48.38 21.27 0.00 -2.2571 -2.0097 -2.0097
24250 48.31 21.25 0.00 0.0000 0.0000 0.0000
24275 48.31 21.25 0.00 0.0000 0.0000 0.0000
24300 48.24 21.25 0.00 -1.1027 0.4363 0.4363
24325 48.17 21.25 0.00 -2.2774 -2.6167 -2.6167
24350 48.17 21.25 0.00 -2.2774 -2.6167 -2.6167
24375 48.15 21.22 0.00 1.0833 1.6339 1.6339
24400 48.18 21.20 0.00 0.2189 -0.0713 -0.0713
24425 48.18 21.20 0.00 0.2189 -0.0713 -0.0713
24450 48.18 21.20 0.00 -0.4890 -0.5558 -0.5558
24475 48.11 21.20 0.00 -2.6531 -2.3755 -2.3755
24500 48.11 21.20 0.00 -2.6531 -2.3755 -2.3755
24525 47.99 21.14 0.00 -3.0751 -2.6891 -2.6891
24550 47.85 21.10 0.00 -4.2112 -3.5844 -3.5844
24575 47.70 21.01 0.00 -3.0528 -1.2225 -1.2225
24600 47.70 21.01 0.00 -3.0528 -1.2225 -1.2225
24625 47.59 20.99 0.00 -2.5713 -2.4235 -2.4235
24650 47.56 21.01 0.00 0.4589 -1.6251 -1.6251
24675 47.56 21.01 0.00 0.4589 -1.6251 -1.6251
24700 47.61 21.07 0.00 1.7221 -0.7969 -0.7969
24725 47.70 21.14 0.00 2.1676 0.3757 0.3757
24750 47.70 21.14 0.00 2.1676 0.3757 0.3757
24775 47.77 21.16 0.00 1.2758 -0.2023 -0.2023
24800 47.78 21.18 0.00 0.1870 -1.2814 -1.2814
24825 47.77 21.18 0.00 -0.8511 -1.4445 -1.4445
24850 47.77 21.18 0.00 -0.8511 -1.4445 -1.4445
24875 47.71 21.18 0.00 -1.9738 -1.6684 -1.6684
24900 47.61 21.18 0.00 -2.7520 -1.9526 -1.9526
24925 47.50 21.09 0.00 -2.5906 -0.9121 -0.9121
24950 47.50 21.09 0.00 -2.5906 -0.9121 -0.9121
24975 47.38 20.97 0.00 -2.4226 -2.8905 -2.8905
25000 47.35 20.78 0.00 -0.0070 0.1371 0.1371
25025 47.35 20.78 0.00 -0.0070 0.1371 0.1371
25050 47.33 20.67 0.00 -1.0986 -0.5554 -0.5554
25075 47.33 20.67 0.00 -1.0986 -0.5554 -0.5554
25100 47.28 20.59 0.00 -1.3615 0.3393 0.3393
25125 47.19 20.52 0.00 -2.6443 -0.8379 -0.8379
25150 47.10 20.38 0.00 -3.2094 -1.1246 -1.1246
25175 47.10 20.38 0.00 -3.2094 -1.1246 -1.1246
25200 46.91 20.12 0.00 -5.1943 -3.6772 -3.6772
25225 46.75 19.85 0.00 -3.5672 -2.0228 -2.0228
25250 46.61 19.55 0.00 -3.0189 -2.5183 -2.5183
25275 46.61 19.55 0.00 -3.0189 -2.5183 -2.5183
25300 46.54 19.33 0.00 -1.6048 -0.5916 -0.5916
25325 46.49 19.25 0.00 -1.1331 0.7654 0.7654
25350 46.49 19.25 0.00 -1.1331 0.7654 0.7654
25375 46.47 19.19 0.00 0.0875 1.4568 1.4568
25400 46.49 19.14 0.00 0.4178 1.2647 1.2647
25425 46.49 19.14 0.00 0.4178 1.2647 1.2647
25450 46.47 19.12 0.00 -0.5868 -1.3621 -1.3621
25475 46.46 19.23 0.00 -0.0841 -1.9369 -1.9369
25500 46.47 19.42 0.00 0.7913 -0.0058 -0.0058
25525 46.47 19.42 0.00 0.7913 -0.0058 -0.0058
25550 46.51 19.52 0.00 0.5127 -0.2849 -0.2849
25575 46.51 19.57 0.00 -0.2478 -2.7452 -2.7452
25600 46.51 19.57 0.00 -0.2478 -2.7452 -2.7452
25625 46.54 19.59 0.00 2.1904 1.0914 1.0914
25650 46.61 19.57 0.00 0.9034 -0.3434 -0.3434
25675 46.61 19.57 0.00 0.9034 -0.3434 -0.3434
25700 46.63 19.63 0.00 0.5649 -1.2344 -1.2344
25725 46.61 19.63 0.00 -1.2354 -3.3737 -3.3737
25750 46.61 19.63 0.00 -1.2354 -3.3737 -3.3737
25775 46.53 19.48 0.00 -2.4055 -3.6297 -3.6297
25800 46.42 19.27 0.00 -2.9104 -3.6078 -3.6078
25825 46.42 19.27 0.00 -2.9104 -3.6078 -3.6078
25850 46.35 19.01 0.00 -1.1334 0.1846 0.1846
25875 46.35 18.82 0.00 -0.0122 1.2135 1.2135
25900 46.32 18.89 0.00 -1.3758 -0.9749 -0.9749
25925 46.32 18.89 0.00 -1.3758 -0.9749 -0.9749
25950 46.28 19.08 0.00 -0.4313 -1.5124 -1.5124
25975 46.32 19.20 0.00 1.7169 -1.1220 -1.1220
26000 46.32 19.20 0.00 1.7169 -1.1220 -1.1220
26025 46.39 19.27 0.00 1.5008 -1.6383 -1.6383
26050 46.42 19.18 0.00 0.4222 -0.5667 -0.5667
26075 46.42 19.23 0.00 0.1153 -0.4537 -0.4537
26100 46.42 19.23 0.00 0.1153 -0.4537 -0.4537
26125 46.42 19.33 0.00 -0.1545 1.2191 1.2191
26150 46.39 19.59 0.00 -0.7038 2.8252 2.8252
26175 46.39 19.59 0.00 -0.7038 2.8252 2.8252
26200 46.32 19.90 0.00 -2.5478 1.0276 1.0276
26225 46.23 19.92 0.00 -2.0121 1.8402 1.8402
26250 46.23 19.92 0.00 -2.0121 1.8402 1.8402
26275 46.14 19.77 0.00 -1.8706 -2.8527 -2.8527
26300 46.11 19.69 0.00 -0.4749 -0.3686 -0.3686
26325 46.09 19.67 0.00 -0.1311 -1.0322 -1.0322
26350 46.09 19.67 0.00 -0.1311 -1.0322 -1.0322
26375 46.11 19.60 0.00 0.9067 1.5047 1.5047
26400 46.07 19.41 0.00 -3.1826 0.7565 0.7565
26425 45.83 19.26 0.00 -7.4767 -2.5527 -2.5527
26450 45.83 19.26 0.00 -7.4767 -2.5527 -2.5527
26475 45.56 19.25 0.00 -5.5084 -3.4045 -3.4045
26500 45.49 19.32 0.00 0.2784 -2.0942 -2.0942
26525 45.49 19.32 0.00 0.2784 -2.0942 -2.0942
26550 45.58 19.53 0.00 3.4691 -1.1001 -1.1001
26575 45.67 19.83 0.00 0.9803 1.4342 1.4342
26600 45.67 19.83 0.00 0.9803 1.4342 1.4342
26625 45.63 20.08 0.00 -2.0975 0.0927 0.0927
26650 45.55 20.31 0.00 -1.9732 -1.6903 -1.6903
26675 45.55 20.31 0.00 -1.9732 -1.6903 -1.6903
26700 45.48 20.37 0.00 -1.7837 -0.6561 -0.6561
26725 45.44 20.43 0.00 -0.7482 -1.1678 -1.1678
26750 45.44 20.43 0.00 -0.7482 -1.1678 -1.1678
26775 45.42 20.50 0.00 -0.3150 -1.5399 -1.5399
26800 45.39 20.47 0.00 -0.9373 -2.4914 -2.4914
26825 45.39 20.47 0.00 -0.9373 -2.4914 -2.4914
26850 45.37 20.39 0.00 -0.8434 -0.8361 -0.8361
26875 45.32 20.37 0.00 -1.2130 -0.4020 -0.4020
26900 45.30 20.24 0.00 -0.7625 -1.8111 -1.8111
26925 45.30 20.24 0.00 -0.7625 -1.8111 -1.8111
26950 45.27 19.99 0.00 -0.1419 -0.3129 -0.3129
26975 45.27 19.71 0.00 -0.0138 1.4814 1.4814
27000 45.27 19.50 0.00 -0.5940 1.7980 1.7980
27025 45.27 19.50 0.00 -0.5940 1.7980 1.7980
27050 45.18 19.37 0.00 -3.1482 -1.9437 -1.9437
27075 45.04 19.33 0.00 -3.7524 -4.9163 -4.9163
27100 45.04 19.33 0.00 -3.7524 -4.9163 -4.9163
27125 44.90 19.30 0.00 -2.7839 -4.0239 -4.0239
27150 44.81 19.30 0.00 -1.2807 -2.3230 -2.3230
27175 44.81 19.30 0.00 -1.2807 -2.3230 -2.3230
27200 44.81 19.34 0.00 0.7635 1.0603 1.0603
27225 44.85 19.45 0.00 0.7317 1.1061 1.1061
27250 44.86 19.66 0.00 0.3442 1.1275 1.1275
27275 44.86 19.66 0.00 0.3442 1.1275 1.1275
27300 44.86 19.89 0.00 -0.0093 0.6666 0.6666
27325 44.85 20.02 0.00 -0.7430 -0.3577 -0.3577
27350 44.85 20.02 0.00 -0.7430 -0.3577 -0.3577
27375 44.79 20.00 0.00 -1.2728 -0.8922 -0.8922
27400 44.76 19.93 0.00 -1.4769 -1.1776 -1.1776
27425 44.76 19.93 0.00 -1.4769 -1.1776 -1.1776
27450 44.69 19.80 0.00 -2.0863 -1.7499 -1.7499
27475 44.60 19.74 0.00 -2.3342 -1.9094 -1.9094
27500 44.51 19.72 0.00 -1.6340 -2.1590 -2.1590
27525 44.51 19.72 0.00 -1.6340 -2.1590 -2.1590
27550 44.50 19.63 0.00 0.1108 0.5533 0.5533
27575 44.50 19.50 0.00 -0.3916 -0.3211 -0.3211
27600 44.50 19.50 0.00 -0.3916 -0.3211 -0.3211
27625 44.44 19.33 0.00 -1.2118 -0.4134 -0.4134
27650 44.41 19.12 0.00 -0.7830 1.2090 1.2090
27675 44.37 18.99 0.00 -0.9519 -1.2965 -1.2965
27700 44.37 18.99 0.00 -0.9519 -1.2965 -1.2965
27725 44.37 18.95 0.00 0.1707 -0.8475 -0.8475
27750 44.36 18.99 0.00 -0.4649 -1.1054 -1.1054
27775 44.36 18.99 0.00 -0.4649 -1.1054 -1.1054
27800 44.32 18.93 0.00 -1.3010 -0.5701 -0.5701
27825 44.32 18.93 0.00 -1.3010 -0.5701 -0.5701
27850 44.25 18.78 0.00 -1.6937 0.6899 0.6899
27875 44.18 18.52 0.00 -2.3812 0.3162 0.3162
27900 44.04 18.22 0.00 -3.7302 -1.9622 -1.9622
27925 44.04 18.22 0.00 -3.7302 -1.9622 -1.9622
27950 43.92 17.89 0.00 -2.9812 -2.5174 -2.5174
27975 43.81 17.65 0.00 -2.0926 -1.9019 -1.9019
28000 43.81 17.65 0.00 -2.0926 -1.9019 -1.9019
28025 43.76 17.57 0.00 -0.7602 0.0824 0.0824
28050 43.76 17.54 0.00 0.4139 1.5396 1.5396
28075 43.80 17.46 0.00 0.4515 0.8188 0.8188
28100 43.80 17.46 0.00 0.4515 0.8188 0.8188
28125 43.76 17.26 0.00 -1.1347 -1.8316 -1.8316
28150 43.73 17.07 0.00 -1.8806 -2.6865 -2.6865
28175 43.73 17.07 0.00 -1.8806 -2.6865 -2.6865
28200 43.64 16.85 0.00 -1.9282 -3.0365 -3.0365
28225 43.59 16.76 0.00 -1.4327 -0.5924 -0.5924
28250 43.50 16.76 0.00 -1.5329 -1.6122 -1.6122
28275 43.50 16.76 0.00 -1.5329 -1.6122 -1.6122
28300 43.53 16.78 0.00 1.5190 2.5585 2.5585
28325 43.57 16.91 0.00 1.0349 0.3695 0.3695
28350 43.57 16.91 0.00 1.0349 0.3695 0.3695
28375 43.64 17.11 0.00 1.7256 -0.3182 -0.3182
28400 43.69 17.31 0.00 0.7820 -2.2738 -2.2738
28425 43.69 17.31 0.00 0.7820 -2.2738 -2.2738
28450 43.69 17.48 0.00 -0.6471 -2.5265 -2.5265
28475 43.66 17.52 0.00 -0.1579 -0.2749 -0.2749
28500 43.67 17.56 0.00 0.4917 -0.0397 -0.0397
28525 43.67 17.56 0.00 0.4917 -0.0397 -0.0397
28550 43.71 17.61 0.00 1.2649 0.0317 0.0317
28575 43.74 17.65 0.00 0.7664 0.0185 0.0185
28600 43.74 17.65 0.00 0.7664 0.0185 0.0185
28625 43.76 17.69 0.00 -0.0387 0.2843 0.2843
28650 43.76 17.72 0.00 0.0927 0.8034 0.8034
28675 43.76 17.72 0.00 0.0927 0.8034 0.8034
28700 43.76 17.67 0.00 0.4631 0.6536 0.6536
28725 43.78 17.61 0.00 0.2614 0.0507 0.0507
28750 43.76 17.57 0.00 -1.2119 -0.8116 -0.8116
28775 43.76 17.57 0.00 -1.2119 -0.8116 -0.8116
28800 43.71 17.59 0.00 -0.8577 0.7250 0.7250
28825 43.66 17.65 0.00 -1.7634 -3.0914 -3.0914
28850 43.66 17.65 0.00 -1.7634 -3.0914 -3.0914
28875 43.69 17.65 0.00 2.3722 2.0128 2.0128
28900 43.78 17.67 0.00 1.8823 1.7152 1.7152
28925 43.78 17.67 0.00 1.8823 1.7152 1.7152
28950 43.83 17.65 0.00 0.5746 0.6882 0.6882
28975 43.81 17.67 0.00 -1.1505 -0.1717 -0.1717
29000 43.74 17.67 0.00 -1.6964 -0.1613 -0.1613
29025 43.74 17.67 0.00 -1.6964 -0.1613 -0.1613
29050 43.67 17.67 0.00 -2.1082 -1.1085 -1.1085
29075 43.67 17.67 0.00 -2.1082 -1.1085 -1.1085
29100 43.67 17.67 0.00 0.6809 1.3811 1.3811
29125 43.69 17.58 0.00 0.3086 -0.8270 -0.8270
29150 43.69 17.50 0.00 -0.1288 -0.7453 -0.7453
29175 43.69 17.50 0.00 -0.1288 -0.7453 -0.7453
29200 43.66 17.43 0.00 -1.7835 -0.6309 -0.6309
29225 43.57 17.39 0.00 -1.8694 0.2946 0.2946
29250 43.50 17.34 0.00 -1.3689 0.2109 0.2109
29275 43.50 17.34 0.00 -1.3689 0.2109 0.2109
29300 43.46 17.32 0.00 -1.0880 -0.1979 -0.1979
29325 43.41 17.32 0.00 -1.7987 -0.9707 -0.9707
29350 43.41 17.32 0.00 -1.7987 -0.9707 -0.9707
29375 43.29 17.31 0.00 -2.9960 -1.5494 -1.5494
29400 43.13 17.37 0.00 -5.2307 -3.2327 -3.2327
29425 43.13 17.37 0.00 -5.2307 -3.2327 -3.2327
29450 42.90 17.43 0.00 -4.9545 -3.1469 -3.1469
29475 42.76 17.47 0.00 -3.0052 -1.2630 -1.2630
29500 42.69 17.55 0.00 -0.8757 -1.5659 -1.5659
29525 42.69 17.55 0.00 -0.8757 -1.5659 -1.5659
29550 42.69 17.64 0.00 0.0953 -1.7023 -1.7023
29575 42.67 17.70 0.00 -0.1616 -1.9573 -1.9573
29600 42.67 17.70 0.00 -0.1616 -1.9573 -1.9573
29625 42.69 17.72 0.00 0.3106 -0.7431 -0.7431
29650 42.71 17.66 0.00 0.4964 0.5279 0.5279
29675 42.71 17.66 0.00 0.4964 0.5279 0.5279
29700 42.71 17.51 0.00 -0.6152 0.7037 0.7037
29725 42.64 17.36 0.00 -2.2693 -0.7602 -0.7602
29750 42.53 17.18 0.00 -3.0333 -1.1651 -1.1651
29775 42.53 17.18 0.00 -3.0333 -1.1651 -1.1651
29800 42.43 17.00 0.00 -1.6369 -0.7802 -0.7802
29825 42.41 16.83 0.00 -0.3376 -0.1043 -0.1043
29850 42.41 16.83 0.00 -0.3376 -0.1043 -0.1043
29875 42.39 16.46 0.00 -0.5131 -0.6745 -0.6745
29900 42.31 15.94 0.00 -3.5547 -3.5766 -3.5766
29925 42.06 15.32 0.00 -7.6070 -5.4453 -5.4453
29950 42.06 15.32 0.00 -7.6070 -5.4453 -5.4453
29975 41.69 14.75 0.00 -10.3510 -7.0052 -7.0052
30000 41.69 14.75 0.00 -10.3510 -7.0052 -7.0052
30025 41.23 14.34 0.00 -11.9406 -7.8017 -7.8017
30050 40.76 14.20 0.00 -10.5556 -8.3647 -8.3647
30075 40.46 14.15 0.00 -6.2592 -3.4989 -3.4989
30100 40.46 14.15 0.00 -6.2592 -3.4989 -3.4989
30125 40.23 14.14 0.00 -5.3478 -4.0144 -4.0144
30150 40.23 14.14 0.00 -5.3478 -4.0144 -4.0144
30175 40.00 14.17 0.00 -6.7289 -4.6976 -4.6976
30200 39.60 14.21 0.00 -14.4137 -11.2574 -11.2574
30225 38.69 14.23 0.00 -26.4933 -15.7536 -15.7536
30250 38.69 14.23 0.00 -26.4933 -15.7536 -15.7536
30275 37.47 14.18 0.00 -33.0565 -18.6013 -18.6013
30300 36.11 14.00 0.00 -34.6345 -20.7354 -20.7354
30325 34.81 13.81 0.00 -30.1532 -20.0473 -20.0473
30350 34.81 13.81 0.00 -30.1532 -20.0473 -20.0473
30375 33.79 13.71 0.00 -21.8414 -15.1390 -15.1390
30400 33.25 13.64 0.00 -8.4180 -6.2380 -6.2380
30425 33.25 13.64 0.00 -8.4180 -6.2380 -6.2380
30450 33.19 13.57 0.00 0.1009 -2.4016 -2.4016
30475 33.30 13.51 0.00 3.8955 -0.3133 -0.3133
30500 33.50 13.44 0.00 4.9321 1.8177 1.8177
30525 33.50 13.44 0.00 4.9321 1.8177 1.8177
30550 33.70 13.35 0.00 5.2377 2.2207 2.2207
30575 33.89 13.30 0.00 4.5199 0.4574 0.4574
30600 33.89 13.30 0.00 4.5199 0.4574 0.4574
30625 34.05 13.26 0.00 3.8225 1.1894 1.1894
30650 34.20 13.25 0.00 4.1485 2.7225 2.7225
30675 34.41 13.25 0.00 5.3818 5.0887 5.0887
30700 34.41 13.25 0.00 5.3818 5.0887 5.0887
30725 34.61 13.26 0.00 4.2278 2.4951 2.4951
30750 34.61 13.26 0.00 4.2278 2.4951 2.4951
30775 34.73 13.34 0.00 2.4765 2.5703 2.5703
30800 34.79 13.41 0.00 0.8652 1.4730 1.4730
30825 34.84 13.44 0.00 1.3926 2.0611 2.0611
30850 34.84 13.44 0.00 1.3926 2.0611 2.0611
30875 34.89 13.42 0.00 2.0453 2.3737 2.3737
30900 34.98 13.38 0.00 1.7331 1.6256 1.6256
30925 35.04 13.39 0.00 0.9738 0.2216 0.2216
30950 35.04 13.39 0.00 0.9738 0.2216 0.2216
30975 35.07 13.41 0.00 0.7786 0.5324 0.5324
31000 35.09 13.55 0.00 1.0733 0.8089 0.8089
31025 35.09 13.55 0.00 1.0733 0.8089 0.8089
31050 35.20 13.80 0.00 3.3594 2.1455 2.1455
31075 35.34 14.17 0.00 3.6962 1.6744 1.6744
31100 35.34 14.17 0.00 3.6962 1.6744 1.6744
31125 35.50 14.55 0.00 4.0063 1.6944 1.6944
31150 35.64 14.87 0.00 3.4844 0.9083 0.9083
31175 35.64 14.87 0.00 3.4844 0.9083 0.9083
31200 35.75 15.17 0.00 2.2952 1.0459 1.0459
31225 35.86 15.50 0.00 2.2860 2.4311 2.4311
31250 35.89 15.92 0.00 1.0216 0.5273 0.5273
31275 35.89 15.92 0.00 1.0216 0.5273 0.5273
31300 35.95 16.47 0.00 0.8187 2.5202 2.5202
31325 35.96 17.21 0.00 0.1586 2.1689 2.1689
31350 35.96 17.21 0.00 0.1586 2.1689 2.1689
31375 35.96 17.75 0.00 0.3351 2.3624 2.3624
31400 35.98 18.29 0.00 -0.1032 1.9585 1.9585
31425 35.98 18.29 0.00 -0.1032 1.9585 1.9585
31450 35.95 18.55 0.00 -0.9869 1.7641 1.7641
31475 35.87 18.63 0.00 -1.7809 0.0453 0.0453
31500 35.87 18.63 0.00 -1.7809 0.0453 0.0453
31525 35.84 18.67 0.00 -0.6176 1.2178 1.2178
31550 35.79 18.75 0.00 -2.3044 -1.0391 -1.0391
31575 35.66 18.89 0.00 -3.7493 -0.9722 -0.9722
31600 35.66 18.89 0.00 -3.7493 -0.9722 -0.9722
31625 35.45 19.15 0.00 -5.9060 -1.3706 -1.3706
31650 35.22 19.50 0.00 -5.8728 -0.7657 -0.7657
31675 35.02 19.81 0.00 -3.6645 0.4135 0.4135
31700 35.02 19.81 0.00 -3.6645 0.4135 0.4135
31725 34.95 20.04 0.00 -0.9769 0.2073 0.2073
31750 34.93 20.23 0.00 -0.0320 -0.4825 -0.4825
31775 34.93 20.23 0.00 -0.0320 -0.4825 -0.4825
31800 34.93 20.46 0.00 0.1624 -0.9194 -0.9194
31825 34.97 20.76 0.00 1.4194 0.5644 0.5644
31850 34.97 20.76 0.00 1.4194 0.5644 0.5644
31875 35.05 21.14 0.00 3.8675 2.1793 2.1793
31900 35.30 21.62 0.00 6.9568 5.3721 5.3721
31925 35.30 21.62 0.00 6.9568 5.3721 5.3721
31950 35.59 22.26 0.00 7.1739 3.9117 3.9117
31975 35.87 23.01 0.00 6.9716 5.9903 5.9903
32000 36.14 23.69 0.00 5.9211 4.8930 4.8930
32025 36.14 23.69 0.00 5.9211 4.8930 4.8930
32050 36.30 24.25 0.00 3.0731 2.8307 2.8307
32075 36.39 24.69 0.00 1.8299 2.6978 2.6978
32100 36.39 24.69 0.00 1.8299 2.6978 2.6978
32125 36.44 24.94 0.00 1.2975 3.2147 3.2147
32150 36.48 25.08 0.00 1.1692 2.5841 2.5841
32175 36.55 25.27 0.00 1.9363 2.0480 2.0480
32200 36.55 25.27 0.00 1.9363 2.0480 2.0480
32225 36.64 25.44 0.00 2.1540 1.6641 1.6641
32250 36.73 25.60 0.00 2.0448 1.8868 1.8868
32275 36.73 25.60 0.00 2.0448 1.8868 1.8868
32300 36.78 25.77 0.00 1.3992 1.6462 1.6462
32325 36.82 25.85 0.00 0.4194 0.6774 0.6774
32350 36.82 25.85 0.00 0.4194 0.6774 0.6774
32375 36.80 25.85 0.00 -1.0601 -0.8238 -0.8238
32400 36.73 25.83 0.00 -2.3073 -0.9631 -0.9631
32425 36.73 25.83 0.00 -2.3073 -0.9631 -0.9631
32450 36.62 25.78 0.00 -2.4856 -0.9352 -0.9352
32475 36.52 25.76 0.00 -2.8863 -1.6491 -1.6491
32500 36.41 25.77 0.00 -1.8611 -0.2629 -0.2629
32525 36.41 25.77 0.00 -1.8611 -0.2629 -0.2629
32550 36.36 25.83 0.00 -1.7817 0.7866 0.7866
32575 36.25 25.95 0.00 -3.1398 -0.5214 -0.5214
32600 36.25 25.95 0.00 -3.1398 -0.5214 -0.5214
32625 36.07 26.10 0.00 -5.6838 -1.6180 -1.6180
32650 35.79 26.27 0.00 -6.8190 -2.7474 -2.7474
32675 35.55 26.37 0.00 -5.7502 -2.3807 -2.3807
32700 35.55 26.37 0.00 -5.7502 -2.3807 -2.3807
32725 35.36 26.40 0.00 -3.7060 -0.7596 -0.7596
32750 35.25 26.34 0.00 -2.8304 -0.4534 -0.4534
32775 35.25 26.34 0.00 -2.8304 -0.4534 -0.4534
32800 35.11 26.29 0.00 -3.9982 -1.5303 -1.5303
32825 34.89 26.32 0.00 -6.1707 -1.8323 -1.8323
32850 34.55 26.52 0.00 -9.9670 -2.9268 -2.9268
32875 34.55 26.52 0.00 -9.9670 -2.9268 -2.9268
32900 34.09 26.82 0.00 -12.4664 -3.3417 -3.3417
32925 34.09 26.82 0.00 -12.4664 -3.3417 -3.3417
32950 33.61 27.05 0.00 -11.3119 -3.0294 -3.0294
32975 33.30 27.15 0.00 -9.6377 -3.0865 -3.0865
33000 32.96 27.21 0.00 -7.7417 -3.2080 -3.2080
33025 32.96 27.21 0.00 -7.7417 -3.2080 -3.2080
33050 32.71 27.24 0.00 -5.2974 -2.2905 -2.2905
33075 32.53 27.27 0.00 -4.5050 -2.2090 -2.2090
33100 32.53 27.27 0.00 -4.5050 -2.2090 -2.2090
33125 32.35 27.29 0.00 -4.6866 -0.5944 -0.5944
33150 32.06 27.38 0.00 -8.6787 -2.9779 -2.9779
33175 31.65 27.55 0.00 -11.9788 -0.7714 -0.7714
33200 31.65 27.55 0.00 -11.9788 -0.7714 -0.7714
33225 31.12 27.90 0.00 -13.1445 -2.4604 -2.4604
33250 30.65 28.25 0.00 -10.4497 -3.0354 -3.0354
33275 30.65 28.25 0.00 -10.4497 -3.0354 -3.0354
33300 30.29 28.49 0.00 -7.8338 -4.8303 -4.8303
33325 30.07 28.57 0.00 -4.8024 -3.0286 -3.0286
33350 29.85 28.58 0.00 -5.7076 -2.7976 -2.7976
33375 29.85 28.58 0.00 -5.7076 -2.7976 -2.7976
33400 29.58 28.60 0.00 -8.0640 -1.4867 -1.4867
33425 29.18 28.81 0.00 -10.8118 -2.6539 -2.6539
33450 29.18 28.81 0.00 -10.8118 -2.6539 -2.6539
33475 28.76 29.14 0.00 -9.7452 -2.7477 -2.7477
33500 28.76 29.14 0.00 -9.7452 -2.7477 -2.7477
33525 28.43 29.52 0.00 -7.3414 -1.9539 -1.9539
33550 28.20 29.80 0.00 -4.5517 -0.2395 -0.2395
33575 28.09 29.97 0.00 -2.4845 -0.3745 -0.3745
33600 28.09 29.97 0.00 -2.4845 -0.3745 -0.3745
33625 28.00 30.11 0.00 -2.3914 -1.9936 -1.9936
33650 27.85 30.20 0.00 -4.0907 -3.4226 -3.4226
33675 27.85 30.20 0.00 -4.0907 -3.4226 -3.4226
33700 27.68 30.34 0.00 -4.4881 -3.0085 -3.0085
33725 27.54 30.45 0.00 -4.3649 -2.3998 -2.3998
33750 27.37 30.64 0.00 -4.2376 -1.5395 -1.5395
33775 27.37 30.64 0.00 -4.2376 -1.5395 -1.5395
33800 27.23 30.81 0.00 -2.3137 -1.3214 -1.3214
33825 27.21 30.99 0.00 -0.2054 0.5439 0.5439
33850 27.21 30.99 0.00 -0.2054 0.5439 0.5439
33875 27.23 31.15 0.00 0.6517 1.3143 1.3143
33900 27.26 31.25 0.00 1.5960 2.4246 2.4246
33925 27.34 31.19 0.00 1.4298 1.2723 1.2723
33950 27.34 31.19 0.00 1.4298 1.2723 1.2723
33975 27.37 31.00 0.00 0.4132 0.6212 0.6212
34000 27.32 30.74 0.00 -1.8520 0.5878 0.5878
34025 27.32 30.74 0.00 -1.8520 0.5878 0.5878
34050 27.15 30.46 0.00 -6.0929 -0.4453 -0.4453
34075 26.84 30.28 0.00 -8.6541 -1.8195 -1.8195
34100 26.84 30.28 0.00 -8.6541 -1.8195 -1.8195
34125 26.49 30.15 0.00 -8.4023 -2.0958 -2.0958
34150 26.18 30.09 0.00 -7.5428 -2.1633 -2.1633
34175 25.84 30.00 0.00 -9.3463 -1.8672 -1.8672
34200 25.84 30.00 0.00 -9.3463 -1.8672 -1.8672
34225 25.40 29.92 0.00 -12.0382 -3.3902 -3.3902
34250 24.79 29.83 0.00 -17.7538 -7.4073 -7.4073
34275 24.79 29.83 0.00 -17.7538 -7.4073 -7.4073
34300 23.97 29.82 0.00 -22.5888 -9.1888 -9.1888
34325 23.02 29.86 0.00 -23.6351 -9.5226 -9.5226
34350 23.02 29.86 0.00 -23.6351 -9.5226 -9.5226
34375 22.10 29.94 0.00 -22.5929 -9.0240 -9.0240
34400 21.25 30.04 0.00 -19.9326 -9.6275 -9.6275
34425 20.63 30.10 0.00 -13.4495 -4.0639 -4.0639
34450 20.63 30.10 0.00 -13.4495 -4.0639 -4.0639
34475 20.21 30.12 0.00 -8.6940 -3.3273 -3.3273
34500 20.00 30.14 0.00 -6.6684 -3.2398 -3.2398
34525 19.79 30.12 0.00 -4.2248 -2.9770 -2.9770
34550 19.79 30.12 0.00 -4.2248 -2.9770 -2.9770
34575 19.64 30.15 0.00 -3.3048 -3.4326 -3.4326
34600 19.54 30.18 0.00 -1.8968 -2.4201 -2.4201
34625 19.54 30.18 0.00 -1.8968 -2.4201 -2.4201
34650 19.54 30.26 0.00 0.6088 -0.0798 -0.0798
34675 19.54 30.26 0.00 0.6088 -0.0798 -0.0798
34700 19.52 30.46 0.00 -0.3967 -0.0339 -0.0339
34725 19.56 30.73 0.00 1.5180 1.4017 1.4017
34750 19.62 30.96 0.00 1.3072 0.4683 0.4683
34775 19.62 30.96 0.00 1.3072 0.4683 0.4683
34800 19.67 31.17 0.00 1.8086 1.6962 1.6962
34825 19.77 31.28 0.00 1.9723 1.8692 1.8692
34850 19.77 31.28 0.00 1.9723 1.8692 1.8692
34875 19.77 31.36 0.00 -1.1878 0.1695 0.1695
34900 19.62 31.46 0.00 -5.9862 -0.9022 -0.9022
34925 19.29 31.66 0.00 -8.5857 -1.5642 -1.5642
34950 19.29 31.66 0.00 -8.5857 -1.5642 -1.5642
34975 18.95 32.05 0.00 -8.2054 -1.2999 -1.2999
35000 18.70 32.53 0.00 -5.8812 -0.9401 -0.9401
35025 18.70 32.53 0.00 -5.8812 -0.9401 -0.9401
35050 18.53 32.99 0.00 -2.4781 0.7375 0.7375
35075 18.53 33.59 0.00 1.0450 3.1588 3.1588
35100 18.60 34.02 0.00 1.8852 1.8579 1.8579
35125 18.60 34.02 0.00 1.8852 1.8579 1.8579
35150 18.66 34.22 0.00 0.4058 -0.3974 -0.3974
35175 18.60 34.32 0.00 -1.8675 -1.0253 -1.0253
35200 18.60 34.32 0.00 -1.8675 -1.0253 -1.0253
35225 18.49 34.43 0.00 -3.4138 -0.9360 -0.9360
35250 18.32 34.57 0.00 -4.1539 0.9476 0.9476
35275 18.22 34.68 0.00 -3.0440 1.2909 1.2909
35300 18.22 34.68 0.00 -3.0440 1.2909 1.2909
35325 18.12 34.83 0.00 -1.8911 0.5144 0.5144
35350 18.12 34.83 0.00 -1.8911 0.5144 0.5144
35375 18.07 34.96 0.00 -1.1984 1.2026 1.2026
35400 18.01 35.14 0.00 -1.9830 0.8594 0.8594
35425 17.87 35.29 0.00 -3.8270 2.4210 2.4210
35450 17.87 35.29 0.00 -3.8270 2.4210 2.4210
35475 17.68 35.37 0.00 -5.9787 1.8493 1.8493
35500 17.33 35.38 0.00 -11.1604 -1.2018 -1.2018
35525 17.33 35.38 0.00 -11.1604 -1.2018 -1.2018
35550 16.70 35.40 0.00 -18.4436 -2.4037 -2.4037
35575 15.88 35.44 0.00 -21.6058 -4.1719 -4.1719
35600 15.88 35.44 0.00 -21.6058 -4.1719 -4.1719
35625 15.08 35.47 0.00 -18.4006 -2.8734 -2.8734
35650 14.41 35.53 0.00 -15.8300 -6.2265 -6.2265
35675 14.41 35.53 0.00 -15.8300 -6.2265 -6.2265
35700 13.90 35.52 0.00 -10.8622 -0.5628 -0.5628
35725 13.42 35.49 0.00 -13.0483 -1.9936 -1.9936
35750 13.42 35.49 0.00 -13.0483 -1.9936 -1.9936
35775 12.93 35.48 0.00 -11.4306 -0.3215 -0.3215
35800 12.49 35.48 0.00 -11.0641 -1.6158 -1.6158
35825 12.11 35.49 0.00 -8.4566 -1.8368 -1.8368
35850 12.11 35.49 0.00 -8.4566 -1.8368 -1.8368
35875 11.85 35.48 0.00 -4.9101 -2.2353 -2.2353
35900 11.73 35.39 0.00 -1.9431 -2.0413 -2.0413
35925 11.73 35.39 0.00 -1.9431 -2.0413 -2.0413
35950 11.71 35.32 0.00 -0.3202 -2.3285 -2.3285
35975 11.73 35.31 0.00 1.0869 0.0402 0.0402
36000 11.83 35.36 0.00 3.7368 2.3982 2.3982
36025 11.83 35.36 0.00 3.7368 2.3982 2.3982
36050 12.03 35.46 0.00 5.2854 2.1989 2.1989
36075 12.21 35.52 0.00 6.3045 2.0095 2.0095
36100 12.21 35.52 0.00 6.3045 2.0095 2.0095
36125 12.43 35.72 0.00 4.9212 0.2420 0.2420
36150 12.61 36.00 0.00 3.9446 0.9444 0.9444
36175 12.61 36.00 0.00 3.9446 0.9444 0.9444
36200 12.81 36.50 0.00 6.5196 4.2133 4.2133
36225 13.15 37.42 0.00 9.0871 4.3708 4.3708
36250 13.56 38.79 0.00 10.6956 6.1250 6.1250
36275 13.56 38.79 0.00 10.6956 6.1250 6.1250
36300 14.04 40.09 0.00 11.4741 8.0160 8.0160
36325 14.43 41.13 0.00 9.4440 6.7953 6.7953
36350 14.76 41.82 0.00 7.2651 4.1027 4.1027
36375 14.76 41.82 0.00 7.2651 4.1027 4.1027
36400 14.98 42.15 0.00 4.4319 2.1929 2.1929
36425 15.06 42.33 0.00 0.3333 0.5048 0.5048
36450 15.06 42.33 0.00 0.3333 0.5048 0.5048
36475 15.02 42.50 0.00 -2.1654 2.3559 2.3559
36500 14.92 42.67 0.00 -2.6504 1.4227 1.4227
36525 14.92 42.67 0.00 -2.6504 1.4227 1.4227
36550 14.82 42.81 0.00 -1.9513 0.2101 0.2101
36575 14.76 42.93 0.00 -1.3277 0.1646 0.1646
36600 14.76 42.93 0.00 -1.3277 0.1646 0.1646
36625 14.71 43.00 0.00 -1.7433 -0.4917 -0.4917
36650 14.63 43.07 0.00 -2.3892 -0.6551 -0.6551
36675 14.53 43.10 0.00 -2.2726 -1.6904 -1.6904
36700 14.53 43.10 0.00 -2.2726 -1.6904 -1.6904
36725 14.43 43.15 0.00 -2.3246 -1.7245 -1.7245
36750 14.31 43.32 0.00 -3.6332 -1.8514 -1.8514
36775 14.31 43.32 0.00 -3.6332 -1.8514 -1.8514
36800 14.16 43.58 0.00 -4.3608 -2.0517 -2.0517
36825 14.04 43.82 0.00 -2.9254 -0.9735 -0.9735
36850 14.02 44.11 0.00 0.0449 1.4017 1.4017
36875 14.02 44.11 0.00 0.0449 1.4017 1.4017
36900 14.02 44.42 0.00 0.3552 1.1019 1.1019
36925 14.08 44.73 0.00 1.4618 1.6644 1.6644
36950 14.08 44.73 0.00 1.4618 1.6644 1.6644
36975 14.12 44.95 0.00 1.5707 0.0803 0.0803
37000 14.19 45.14 0.00 1.8824 0.2173 0.2173
37025 14.19 45.14 0.00 1.8824 0.2173 0.2173
37050 14.29 45.30 0.00 3.2363 1.3928 1.3928
37075 14.47 45.37 0.00 4.8031 2.5158 2.5158
37100 14.71 45.46 0.00 6.5143 2.8436 2.8436
37125 14.71 45.46 0.00 6.5143 2.8436 2.8436
37150 15.02 45.66 0.00 8.6798 4.4897 4.4897
37175 15.02 45.66 0.00 8.6798 4.4897 4.4897
37200 15.37 46.04 0.00 8.4609 6.3484 6.3484
37225 15.70 46.54 0.00 8.4277 7.1708 7.1708
37250 16.02 47.03 0.00 7.5474 5.5827 5.5827
37275 16.31 47.43 0.00 7.2722 4.7949 4.7949
37300 16.31 47.43 0.00 7.2722 4.7949 4.7949
37325 16.60 47.71 0.00 6.5577 3.1908 3.1908
37350 16.85 47.93 0.00 6.6784 3.1385 3.1385
37375 16.85 47.93 0.00 6.6784 3.1385 3.1385
37400 17.08 48.11 0.00 4.9798 1.4193 1.4193
37425 17.30 48.27 0.00 5.8976 5.6267 5.6267
37450 17.30 48.27 0.00 5.8976 5.6267 5.6267
37475 17.51 48.47 0.00 4.7753 5.2047 5.2047
37500 17.68 48.65 0.00 4.0605 3.6514 3.6514
37525 17.68 48.65 0.00 4.0605 3.6514 3.6514
37550 17.84 48.90 0.00 3.2430 1.7088 1.7088
37575 17.95 49.23 0.00 3.2589 0.9307 0.9307
37600 18.07 49.46 0.00 4.0901 0.6050 0.6050
37625 18.07 49.46 0.00 4.0901 0.6050 0.6050
37650 18.22 49.71 0.00 3.8565 1.1619 1.1619
37675 18.37 49.90 0.00 3.5631 2.4566 2.4566
37700 18.37 49.90 0.00 3.5631 2.4566 2.4566
37725 18.53 50.13 0.00 4.0959 2.6105 2.6105
37750 18.74 50.44 0.00 6.2454 3.8511 3.8511
37775 18.74 50.44 0.00 6.2454 3.8511 3.8511
37800 19.14 50.83 0.00 13.1441 6.1615 6.1615
37825 19.92 51.25 0.00 24.3304 8.5968 8.5968
37850 21.10 51.57 0.00 31.3191 7.4256 7.4256
37875 21.10 51.57 0.00 31.3191 7.4256 7.4256
37900 22.44 51.73 0.00 33.5787 5.6720 5.6720
37925 23.65 51.87 0.00 27.7749 1.9439 1.9439
37950 23.65 51.87 0.00 27.7749 1.9439 1.9439
37975 24.57 51.93 0.00 19.5417 0.7518 0.7518
38000 25.16 51.75 0.00 10.6354 -7.1019 -7.1019
38025 25.16 51.75 0.00 10.6354 -7.1019 -7.1019
38050 25.38 51.34 0.00 2.6650 -11.4266 -11.4266
38075 25.47 50.90 0.00 2.3704 -8.4669 -8.4669
38100 25.47 50.90 0.00 2.3704 -8.4669 -8.4669
38125 25.55 50.65 0.00 1.2785 -3.2132 -3.2132
38150 25.57 50.56 0.00 -0.3838 -0.1311 -0.1311
38175 25.57 50.56 0.00 -0.3838 -0.1311 -0.1311
38200 25.46 50.53 0.00 -3.9189 0.1413 0.1413
38225 25.23 50.53 0.00 -6.9144 -0.7007 -0.7007
38250 24.96 50.53 0.00 -6.3007 0.6066 0.6066
38275 24.96 50.53 0.00 -6.3007 0.6066 0.6066
38300 24.66 50.54 0.00 -7.9103 -1.4064 -1.4064
38325 24.38 50.57 0.00 -6.3459 0.4593 0.4593
38350 24.38 50.57 0.00 -6.3459 0.4593 0.4593
38375 24.18 50.62 0.00 -3.6629 2.4629 2.4629
38400 24.10 50.71 0.00 -2.6390 0.2399 0.2399
38425 24.01 50.76 0.00 -1.6419 -0.0584 -0.0584
38450 24.01 50.76 0.00 -1.6419 -0.0584 -0.0584
38475 23.97 50.79 0.00 -1.0211 -0.2122 -0.2122
38500 23.91 50.75 0.00 -1.7345 -0.1056 -0.1056
38525 23.91 50.75 0.00 -1.7345 -0.1056 -0.1056
38550 23.88 50.68 0.00 -0.5086 0.3198 0.3198
38575 23.88 50.68 0.00 -0.5086 0.3198 0.3198
38600 23.86 50.48 0.00 -0.9308 -1.8254 -1.8254
38625 23.86 50.48 0.00 -0.9308 -1.8254 -1.8254
38650 23.88 50.31 0.00 1.2548 1.0598 1.0598
38675 23.90 50.18 0.00 -0.5186 0.0013 0.0013
38700 23.90 50.18 0.00 -0.5186 0.0013 0.0013
38725 23.88 50.05 0.00 0.3423 0.2229 0.2229
38750 23.93 50.07 0.00 1.9651 0.0047 0.0047
38775 23.93 50.07 0.00 1.9651 0.0047 0.0047
38800 24.08 50.32 0.00 4.7948 1.0228 1.0228
38825 24.34 50.68 0.00 7.8455 2.1486 2.1486
38850 24.34 50.68 0.00 7.8455 2.1486 2.1486
38875 24.73 51.06 0.00 11.0204 3.7347 3.7347
38900 25.14 51.38 0.00 9.4522 2.4171 2.4171
38925 25.42 51.59 0.00 5.6290 3.2725 3.2725
38950 25.42 51.59 0.00 5.6290 3.2725 3.2725
38975 25.57 51.82 0.00 2.1399 4.0426 4.0426
39000 25.57 52.06 0.00 -0.3533 2.7804 2.7804
39025 25.57 52.06 0.00 -0.3533 2.7804 2.7804
39050 25.57 52.29 0.00 -0.0686 2.0926 2.0926
39075 25.59 52.48 0.00 1.2344 0.7964 0.7964
39100 25.66 52.64 0.00 2.2046 0.1182 0.1182
39125 25.66 52.64 0.00 2.2046 0.1182 0.1182
39150 25.75 52.83 0.00 2.2464 -0.5499 -0.5499
39175 25.86 52.98 0.00 2.8867 1.1396 1.1396
39200 25.86 52.98 0.00 2.8867 1.1396 1.1396
39225 25.94 53.07 0.00 2.4633 -0.1196 -0.1196
39250 26.07 53.18 0.00 3.4804 2.8662 2.8662
39275 26.07 53.18 0.00 3.4804 2.8662 2.8662
39300 26.20 53.21 0.00 3.1507 2.3060 2.3060
39325 26.36 53.26 0.00 5.2838 1.0644 1.0644
39350 26.36 53.26 0.00 5.2838 1.0644 1.0644
39375 26.62 53.40 0.00 6.7725 0.4441 0.4441
39400 27.01 53.55 0.00 12.1206 1.8466 1.8466
39425 27.01 53.55 0.00 12.1206 1.8466 1.8466
39450 27.59 53.71 0.00 15.8718 2.6476 2.6476
39475 28.27 53.84 0.00 17.4950 4.5290 4.5290
39500 28.98 53.91 0.00 17.9134 5.7429 5.7429
39525 28.98 53.91 0.00 17.9134 5.7429 5.7429
39550 29.73 53.98 0.00 18.6539 6.1020 6.1020
39575 30.51 54.22 0.00 19.8366 6.0478 6.0478
39600 31.20 54.57 0.00 15.6843 4.2576 4.2576
39625 31.20 54.57 0.00 15.6843 4.2576 4.2576
39650 31.74 54.89 0.00 12.3224 4.6405 4.6405
39675 32.12 55.22 0.00 7.1405 3.1202 3.1202
39700 32.12 55.22 0.00 7.1405 3.1202 3.1202
39725 32.30 55.40 0.00 3.3164 2.6431 2.6431
39750 32.39 55.54 0.00 1.9922 2.2444 2.2444
39775 32.44 55.58 0.00 1.2457 0.1111 0.1111
39800 32.44 55.58 0.00 1.2457 0.1111 0.1111
39825 32.53 55.56 0.00 2.5020 0.7995 0.7995
39850 32.62 55.58 0.00 1.8887 -0.8323 -0.8323
39875 32.62 55.58 0.00 1.8887 -0.8323 -0.8323
39900 32.73 55.57 0.00 2.9008 3.3910 3.3910
39925 32.73 55.57 0.00 2.9008 3.3910 3.3910
39950 32.83 55.53 0.00 3.1025 1.7911 1.7911
39975 32.94 55.52 0.00 3.8219 0.9904 0.9904
40000 33.09 55.48 0.00 3.3728 -0.0129 -0.0129
40025 33.09 55.48 0.00 3.3728 -0.0129 -0.0129
40050 33.23 55.40 0.00 3.4984 -0.5060 -0.5060
40075 33.37 55.27 0.00 3.6799 -0.5409 -0.5409
40100 33.57 55.10 0.00 5.9405 1.4171 1.4171
40125 33.57 55.10 0.00 5.9405 1.4171 1.4171
40150 33.82 54.96 0.00 5.7894 1.2474 1.2474
40175 34.04 54.80 0.00 5.0413 1.6293 1.6293
40200 34.04 54.80 0.00 5.0413 1.6293 1.6293
40225 34.20 54.71 0.00 3.5537 2.4215 2.4215
40250 34.32 54.66 0.00 3.5825 3.1749 3.1749
40275 34.32 54.66 0.00 3.5825 3.1749 3.1749
40300 34.52 54.67 0.00 5.2126 2.4886 2.4886
40325 34.75 54.62 0.00 6.5298 1.2931 1.2931
40350 34.75 54.62 0.00 6.5298 1.2931 1.2931
40375 35.04 54.53 0.00 7.1041 0.4896 0.4896
40400 35.32 54.43 0.00 6.7660 0.0805 0.0805
40425 35.32 54.43 0.00 6.7660 0.0805 0.0805
40450 35.54 54.33 0.00 5.2064 0.9798 0.9798
40475 35.73 54.19 0.00 4.0112 1.9653 1.9653
40500 35.73 54.19 0.00 4.0112 1.9653 1.9653
40525 35.89 54.06 0.00 4.8286 0.5367 0.5367
40550 36.16 53.96 0.00 7.1923 1.7242 1.7242
40575 36.48 53.88 0.00 9.0605 1.5887 1.5887
40600 36.48 53.88 0.00 9.0605 1.5887 1.5887
40625 36.91 53.85 0.00 11.5150 1.9301 1.9301
40650 37.38 53.80 0.00 12.4708 0.9459 0.9459
40675 37.86 53.75 0.00 10.6537 0.7554 0.7554
40700 37.86 53.75 0.00 10.6537 0.7554 0.7554
40725 38.18 53.65 0.00 6.5706 1.5097 1.5097
40750 38.36 53.58 0.00 6.3151 1.6613 1.6613
40775 38.36 53.58 0.00 6.3151 1.6613 1.6613
40800 38.54 53.57 0.00 2.7339 0.1745 0.1745
40825 38.61 53.68 0.00 2.0371 1.9379 1.9379
40850 38.61 53.68 0.00 2.0371 1.9379 1.9379
40875 38.69 53.93 0.00 2.5684 2.8490 2.8490
40900 38.89 54.34 0.00 6.2482 4.4759 4.4759
40925 38.89 54.34 0.00 6.2482 4.4759 4.4759
40950 39.21 54.70 0.00 8.8830 4.2006 4.2006
40975 39.65 55.04 0.00 12.2434 3.4011 3.4011
41000 40.18 55.35 0.00 13.4305 3.6231 3.6231
41025 40.18 55.35 0.00 13.4305 3.6231 3.6231
41050 40.76 55.56 0.00 15.0218 4.3105 4.3105
41075 41.37 55.73 0.00 15.4364 4.8311 4.8311
41100 41.37 55.73 0.00 15.4364 4.8311 4.8311
41125 41.97 55.87 0.00 15.6780 3.8259 3.8259
41150 42.67 56.04 0.00 17.9074 5.3211 5.3211
41175 43.36 56.17 0.00 17.3049 4.3778 4.3778
41200 43.36 56.17 0.00 17.3049 4.3778 4.3778
41225 44.06 56.24 0.00 16.8971 4.1470 4.1470
41250 44.67 56.21 0.00 14.4687 3.6451 3.6451
41275 44.67 56.21 0.00 14.4687 3.6451 3.6451
41300 45.18 56.10 0.00 11.2053 3.1655 3.1655
41325 45.51 55.93 0.00 6.9149 2.5140 2.5140
41350 45.74 55.72 0.00 5.1088 2.8489 2.8489
41375 45.74 55.72 0.00 5.1088 2.8489 2.8489
41400 45.97 55.47 0.00 6.1758 2.9653 2.9653
41425 46.28 55.17 0.00 8.3946 1.0094 1.0094
41450 46.28 55.17 0.00 8.3946 1.0094 1.0094
41475 46.60 54.82 0.00 7.3135 0.6510 0.6510
41500 46.86 54.40 0.00 5.7253 1.5630 1.5630
41525 46.86 54.40 0.00 5.7253 1.5630 1.5630
41550 46.96 54.03 0.00 2.7406 1.1924 1.1924
41575 46.89 53.44 0.00 -5.6645 -2.6415 -2.6415
41600 46.89 53.44 0.00 -5.6645 -2.6415 -2.6415
41625 46.39 52.80 0.00 -15.2886 -4.9165 -4.9165
41650 45.81 52.20 0.00 -13.4196 -0.8918 -0.8918
41675 45.37 51.71 0.00 -9.4661 -1.2772 -1.2772
41700 45.37 51.71 0.00 -9.4661 -1.2772 -1.2772
41725 45.11 51.27 0.00 -4.6794 -3.5535 -3.5535
41750 45.02 50.87 0.00 -0.5900 -0.5475 -0.5475
41775 45.02 50.87 0.00 -0.5900 -0.5475 -0.5475
41800 45.07 50.48 0.00 2.4833 1.2975 1.2975
41825 45.23 50.11 0.00 4.6402 0.1346 0.1346
41850 45.23 50.11 0.00 4.6402 0.1346 0.1346
41875 45.46 49.73 0.00 6.5025 -0.6678 -0.6678
41900 45.83 49.38 0.00 10.7303 0.0764 0.0764
41925 46.37 49.02 0.00 15.1357 1.0298 1.0298
41950 46.37 49.02 0.00 15.1357 1.0298 1.0298
