%#        Time[ms]        X[pixel],        Y[pixel],        Z[pixel],  dX/dt[pixel/s],  dY/dt[pixel/s],  dZ/dt[pixel/s] 
0 50.00 50.00 0.00 0.6257 -0.2721 -0.2721
25 50.00 50.00 0.00 0.6257 -0.2721 -0.2721
50 50.02 50.05 0.00 0.0553 -0.4418 -0.4418
75 50.00 50.07 0.00 -0.4225 0.2023 0.2023
100 50.00 50.07 0.00 -0.4225 0.2023 0.2023
125 50.00 50.02 0.00 0.2861 0.8087 0.8087
150 50.00 50.02 0.00 0.2861 0.8087 0.8087
175 50.02 49.89 0.00 0.0983 1.0939 1.0939
200 50.00 49.56 0.00 -0.6226 0.8299 0.8299
225 49.97 48.82 0.00 -1.2666 1.3725 1.3725
250 49.97 48.82 0.00 -1.2666 1.3725 1.3725
275 49.93 48.20 0.00 -0.8845 0.2440 0.2440
300 49.91 47.94 0.00 0.0604 -0.2912 -0.2912
325 49.95 47.94 0.00 1.1008 -1.8443 -1.8443
350 49.95 47.94 0.00 1.1008 -1.8443 -1.8443
375 49.91 48.03 0.00 -1.4589 -0.3420 -0.3420
400 49.90 48.04 0.00 -0.0234 -0.1468 -0.1468
425 49.90 48.04 0.00 -0.0234 -0.1468 -0.1468
450 49.90 48.10 0.00 0.0529 -1.3559 -1.3559
475 49.90 48.08 0.00 -0.2377 -0.7068 -0.7068
500 49.91 47.92 0.00 1.2715 0.4771 0.4771
525 49.91 47.92 0.00 1.2715 0.4771 0.4771
550 50.03 47.83 0.00 4.2061 0.8993 0.8993
575 50.28 47.76 0.00 7.6985 0.5816 0.5816
600 50.28 47.76 0.00 7.6985 0.5816 0.5816
625 50.68 47.80 0.00 16.1492 -1.3671 -1.3671
650 51.55 47.88 0.00 24.7422 -3.7384 -3.7384
675 51.55 47.88 0.00 24.7422 -3.7384 -3.7384
700 52.51 47.60 0.00 22.3178 -2.7678 -2.7678
725 53.18 47.31 0.00 12.4575 -0.9615 -0.9615
750 53.40 47.17 0.00 1.4650 0.5780 0.5780
775 53.40 47.17 0.00 1.4650 0.5780 0.5780
800 53.37 46.92 0.00 -0.4856 1.3538 1.3538
825 53.51 46.73 0.00 6.0942 3.4837 3.4837
850 53.51 46.73 0.00 6.0942 3.4837 3.4837
875 53.86 46.25 0.00 9.7159 2.5026 2.5026
900 53.86 46.25 0.00 9.7159 2.5026 2.5026
925 54.30 45.80 0.00 11.3028 1.0364 1.0364
950 54.73 45.37 0.00 10.4409 0.7768 0.7768
975 55.10 44.89 0.00 8.1045 1.1017 1.1017
1000 55.10 44.89 0.00 8.1045 1.1017 1.1017
1025 55.33 44.44 0.00 4.6327 0.8012 0.8012
1050 55.50 44.08 0.00 4.4305 2.3414 2.3414
1075 55.71 43.88 0.00 6.0213 2.3982 2.3982
1100 55.71 43.88 0.00 6.0213 2.3982 2.3982
1125 56.03 43.75 0.00 9.5021 2.5059 2.5059
1150 56.36 43.62 0.00 11.9333 1.5300 1.5300
1175 56.80 43.49 0.00 15.8856 2.0978 2.0978
1200 56.80 43.49 0.00 15.8856 2.0978 2.0978
1225 57.64 43.23 0.00 16.6736 0.1686 0.1686
1250 58.10 43.12 0.00 13.9957 0.1639 0.1639
1275 58.10 43.12 0.00 13.9957 0.1639 0.1639
1300 58.52 43.03 0.00 8.2167 1.0405 1.0405
1325 58.52 43.03 0.00 8.2167 1.0405 1.0405
1350 58.70 42.99 0.00 2.3796 -0.0575 -0.0575
1375 58.77 43.13 0.00 1.9088 2.9974 2.9974
1400 58.84 43.20 0.00 2.5018 1.1487 1.1487
1425 58.84 43.20 0.00 2.5018 1.1487 1.1487
1450 58.98 43.29 0.00 3.1866 -0.1702 -0.1702
1475 59.08 43.36 0.00 2.8592 0.7289 0.7289
1500 59.08 43.36 0.00 2.8592 0.7289 0.7289
1525 59.21 43.34 0.00 3.4956 1.2427 1.2427
1550 59.35 43.28 0.00 3.5139 0.6723 0.6723
1575 59.49 43.19 0.00 2.9240 1.2793 1.2793
1600 59.49 43.19 0.00 2.9240 1.2793 1.2793
1625 59.61 43.10 0.00 3.5927 1.4747 1.4747
1650 59.81 43.06 0.00 6.0229 2.1764 2.1764
1675 59.81 43.06 0.00 6.0229 2.1764 2.1764
1700 60.09 43.02 0.00 7.7597 1.3514 1.3514
1725 60.44 43.00 0.00 9.1436 1.4769 1.4769
1750 60.44 43.00 0.00 9.1436 1.4769 1.4769
1775 60.83 42.94 0.00 10.3887 1.5119 1.5119
1800 61.23 42.86 0.00 9.9400 0.6037 0.6037
1825 61.59 42.83 0.00 8.0429 0.6126 0.6126
1850 61.59 42.83 0.00 8.0429 0.6126 0.6126
1875 61.82 42.76 0.00 4.1792 -0.4992 -0.4992
1900 61.98 42.77 0.00 4.0485 1.9512 1.9512
1925 61.98 42.77 0.00 4.0485 1.9512 1.9512
1950 62.14 42.71 0.00 4.5599 1.3201 1.3201
1975 62.37 42.67 0.00 5.9067 0.3728 0.3728
2000 62.37 42.67 0.00 5.9067 0.3728 0.3728
2025 62.54 42.63 0.00 6.2608 -0.0196 -0.0196
2050 62.79 42.57 0.00 6.2005 0.2452 0.2452
2075 63.06 42.50 0.00 6.4512 0.2737 0.2737
2100 63.06 42.50 0.00 6.4512 0.2737 0.2737
2125 63.31 42.42 0.00 6.1339 0.6137 0.6137
2150 63.54 42.32 0.00 3.3611 0.7991 0.7991
2175 63.54 42.32 0.00 3.3611 0.7991 0.7991
2200 63.61 42.30 0.00 1.8918 1.3148 1.3148
2225 63.68 42.30 0.00 1.7860 1.4129 1.4129
2250 63.75 42.35 0.00 2.1520 1.1600 1.1600
2275 63.75 42.35 0.00 2.1520 1.1600 1.1600
2300 63.82 42.43 0.00 1.4422 0.8416 0.8416
2325 63.86 42.50 0.00 0.1702 -0.2331 -0.2331
2350 63.86 42.50 0.00 0.1702 -0.2331 -0.2331
2375 63.86 42.61 0.00 0.1697 -0.0237 -0.0237
2400 63.84 42.71 0.00 -0.8663 -1.0677 -1.0677
2425 63.84 42.71 0.00 -0.8663 -1.0677 -1.0677
2450 63.80 42.81 0.00 -0.3794 -0.0771 -0.0771
2475 63.84 42.89 0.00 0.9893 1.9668 1.9668
2500 63.91 42.97 0.00 2.3452 -0.1208 -0.1208
2525 63.91 42.97 0.00 2.3452 -0.1208 -0.1208
2550 64.05 43.03 0.00 4.1731 -0.0312 -0.0312
2575 64.21 43.10 0.00 4.0129 0.7220 0.7220
2600 64.21 43.10 0.00 4.0129 0.7220 0.7220
2625 64.36 43.15 0.00 2.7860 1.2369 1.2369
2650 64.46 43.15 0.00 2.6359 1.8252 1.8252
2675 64.46 43.15 0.00 2.6359 1.8252 1.8252
2700 64.52 43.11 0.00 0.5904 -0.1495 -0.1495
2725 64.50 43.06 0.00 -1.4864 0.4730 0.4730
2750 64.43 43.03 0.00 -1.1125 0.2675 0.2675
2775 64.43 43.03 0.00 -1.1125 0.2675 0.2675
2800 64.45 43.01 0.00 1.1852 0.4327 0.4327
2825 64.53 42.93 0.00 2.6906 0.7702 0.7702
2850 64.53 42.93 0.00 2.6906 0.7702 0.7702
2875 64.62 42.82 0.00 2.0274 0.7590 0.7590
2900 64.71 42.64 0.00 2.0012 1.2826 1.2826
2925 64.71 42.64 0.00 2.0012 1.2826 1.2826
2950 64.78 42.53 0.00 3.2524 2.0555 2.0555
2975 64.93 42.33 0.00 3.6434 -0.3341 -0.3341
3000 65.11 42.18 0.00 4.7551 1.6805 1.6805
3025 65.11 42.18 0.00 4.7551 1.6805 1.6805
3050 65.30 42.06 0.00 4.8395 1.2369 1.2369
3075 65.68 41.93 0.00 15.1068 1.7876 1.7876
3100 65.68 41.93 0.00 15.1068 1.7876 1.7876
3125 66.70 41.57 0.00 30.4416 -1.0395 -1.0395
3150 67.99 41.02 0.00 32.3905 -1.6552 -1.6552
3175 67.99 41.02 0.00 32.3905 -1.6552 -1.6552
3200 69.06 40.47 0.00 22.1308 1.3167 1.3167
3225 69.62 40.05 0.00 8.2578 4.3168 4.3168
3250 69.64 39.83 0.00 -3.4500 4.6734 4.6734
3275 69.64 39.83 0.00 -3.4500 4.6734 4.6734
3300 69.38 39.82 0.00 -7.2061 2.9023 2.9023
3325 69.13 39.81 0.00 -5.5159 1.2717 1.2717
3350 69.13 39.81 0.00 -5.5159 1.2717 1.2717
3375 68.97 39.80 0.00 -2.7594 0.2899 0.2899
3400 68.95 39.81 0.00 0.7060 -0.1141 -0.1141
3425 68.95 39.81 0.00 0.7060 -0.1141 -0.1141
3450 69.00 39.81 0.00 1.2109 -0.4304 -0.4304
3475 69.02 39.85 0.00 -0.0519 0.7816 0.7816
3500 69.02 39.85 0.00 -0.0519 0.7816 0.7816
3525 68.99 39.81 0.00 -1.1793 -0.8339 -0.8339
3550 68.99 39.80 0.00 0.3868 0.8130 0.8130
3575 68.99 39.80 0.00 0.3868 0.8130 0.8130
3600 68.99 39.80 0.00 -0.4504 0.2443 0.2443
3625 68.99 39.80 0.00 0.3506 -0.1513 -0.1513
3650 68.99 39.76 0.00 0.4166 0.5483 0.5483
3675 68.99 39.76 0.00 0.4166 0.5483 0.5483
3700 69.02 39.68 0.00 0.8603 0.6708 0.6708
3725 69.06 39.57 0.00 0.6302 0.7536 0.7536
3750 69.08 39.42 0.00 0.3560 1.7076 1.7076
3775 69.08 39.42 0.00 0.3560 1.7076 1.7076
3800 69.04 39.31 0.00 -1.3823 0.7420 0.7420
3825 68.99 39.28 0.00 -1.6567 1.1647 1.1647
3850 68.99 39.28 0.00 -1.6567 1.1647 1.1647
3875 68.90 39.26 0.00 -2.1551 0.2787 0.2787
3900 68.80 39.30 0.00 -2.3904 -0.0015 -0.0015
3925 68.70 39.36 0.00 -3.1636 0.3118 0.3118
3950 68.70 39.36 0.00 -3.1636 0.3118 0.3118
3975 68.53 39.41 0.00 -4.1058 -0.2478 -0.2478
4000 68.53 39.41 0.00 -4.1058 -0.2478 -0.2478
4025 68.37 39.36 0.00 -3.4961 -2.2942 -2.2942
4050 68.26 39.19 0.00 -2.9695 -5.8908 -5.8908
4075 68.12 38.98 0.00 -3.6226 -8.2245 -8.2245
4100 68.12 38.98 0.00 -3.6226 -8.2245 -8.2245
4125 68.03 38.85 0.00 -2.0686 -2.2396 -2.2396
4150 67.90 38.77 0.00 -3.8497 -1.7799 -1.7799
4175 67.90 38.77 0.00 -3.8497 -1.7799 -1.7799
4200 67.74 38.70 0.00 -3.8389 -0.4866 -0.4866
4225 67.63 38.53 0.00 -2.0494 1.1108 1.1108
4250 67.63 38.53 0.00 -2.0494 1.1108 1.1108
4275 67.58 38.30 0.00 -0.9432 1.9291 1.9291
4300 67.54 37.98 0.00 -0.3339 2.0855 2.0855
4325 67.54 37.67 0.00 -0.4341 2.2427 2.2427
4350 67.54 37.67 0.00 -0.4341 2.2427 2.2427
4375 67.49 37.38 0.00 -1.4947 2.4098 2.4098
4400 67.42 37.21 0.00 -2.0036 1.6901 1.6901
4425 67.34 37.23 0.00 -2.2935 0.7149 0.7149
4450 67.34 37.23 0.00 -2.2935 0.7149 0.7149
4475 67.26 37.31 0.00 -3.3527 0.3165 0.3165
4500 67.02 37.50 0.00 -7.4828 -0.2153 -0.2153
4525 67.02 37.50 0.00 -7.4828 -0.2153 -0.2153
4550 66.61 37.61 0.00 -12.5986 -1.6240 -1.6240
4575 66.00 37.59 0.00 -16.3608 -1.4553 -1.4553
4600 66.00 37.59 0.00 -16.3608 -1.4553 -1.4553
4625 65.30 37.60 0.00 -17.4068 -0.7102 -0.7102
4650 65.30 37.60 0.00 -17.4068 -0.7102 -0.7102
4675 64.59 37.51 0.00 -18.2745 -0.5832 -0.5832
4700 63.88 37.46 0.00 -17.0708 1.8648 1.8648
4725 63.22 37.35 0.00 -16.3937 1.7123 1.7123
4750 63.22 37.35 0.00 -16.3937 1.7123 1.7123
4775 62.60 37.11 0.00 -14.7447 2.2346 2.2346
4800 62.07 36.88 0.00 -12.4170 1.7965 1.7965
4825 62.07 36.88 0.00 -12.4170 1.7965 1.7965
4850 61.71 36.63 0.00 -6.4502 0.7290 0.7290
4875 61.59 36.38 0.00 -0.9498 -0.5533 -0.5533
4900 61.59 36.38 0.00 -0.9498 -0.5533 -0.5533
4925 61.64 36.12 0.00 2.0869 0.8984 0.8984
4950 61.71 35.91 0.00 1.8804 1.6146 1.6146
4975 61.80 35.76 0.00 2.0487 2.4411 2.4411
5000 61.91 35.69 0.00 3.7933 2.2672 2.2672
5025 61.91 35.69 0.00 3.7933 2.2672 2.2672
5050 62.10 35.72 0.00 5.2367 1.4101 1.4101
5075 62.37 35.86 0.00 7.3927 0.6874 0.6874
5100 62.37 35.86 0.00 7.3927 0.6874 0.6874
5125 62.72 36.05 0.00 10.3699 0.4287 0.4287
5150 63.24 36.26 0.00 13.5216 0.6453 0.6453
5175 63.24 36.26 0.00 13.5216 0.6453 0.6453
5200 63.75 36.43 0.00 12.2876 0.6833 0.6833
5225 64.16 36.60 0.00 9.1172 0.5023 0.5023
5250 64.16 36.60 0.00 9.1172 0.5023 0.5023
5275 64.41 36.72 0.00 4.5040 -0.7065 -0.7065
5300 64.52 36.85 0.00 4.0677 2.4983 2.4983
5325 64.73 37.10 0.00 5.6654 3.0225 3.0225
5350 64.73 37.10 0.00 5.6654 3.0225 3.0225
5375 65.00 37.39 0.00 6.7368 1.4155 1.4155
5400 65.19 37.57 0.00 4.0412 -0.3679 -0.3679
5425 65.27 37.62 0.00 0.7312 -0.2378 -0.2378
5450 65.27 37.62 0.00 0.7312 -0.2378 -0.2378
5475 65.28 37.60 0.00 -0.1016 0.9940 0.9940
5500 65.28 37.49 0.00 0.4933 2.1573 2.1573
5525 65.28 37.49 0.00 0.4933 2.1573 2.1573
5550 65.28 37.36 0.00 -0.2267 1.3464 1.3464
5575 65.28 37.25 0.00 0.3144 1.4287 1.4287
5600 65.28 37.25 0.00 0.3144 1.4287 1.4287
5625 65.32 37.19 0.00 1.2835 1.5897 1.5897
5650 65.37 37.17 0.00 1.5431 0.7547 0.7547
5675 65.37 37.17 0.00 1.5431 0.7547 0.7547
5700 65.45 37.06 0.00 1.3672 0.3419 0.3419
5725 65.50 36.89 0.00 1.4620 0.0929 0.0929
5750 65.50 36.89 0.00 1.4620 0.0929 0.0929
5775 65.55 36.65 0.00 1.4665 0.6865 0.6865
5800 65.59 36.48 0.00 0.6599 1.2714 1.2714
5825 65.62 36.33 0.00 0.6785 1.1155 1.1155
5850 65.62 36.33 0.00 0.6785 1.1155 1.1155
5875 65.66 36.20 0.00 1.3103 0.7705 0.7705
5900 65.68 36.07 0.00 0.1186 -0.3737 -0.3737
5925 65.68 36.07 0.00 0.1186 -0.3737 -0.3737
5950 65.70 35.99 0.00 0.6111 1.7372 1.7372
5975 65.70 35.97 0.00 -0.0384 0.3014 0.3014
6000 65.70 35.97 0.00 -0.0384 0.3014 0.3014
6025 65.70 35.99 0.00 -0.1994 0.1325 0.1325
6050 65.66 35.98 0.00 -1.5589 -0.3109 -0.3109
6075 65.57 36.02 0.00 -2.2558 -0.7894 -0.7894
6100 65.57 36.02 0.00 -2.2558 -0.7894 -0.7894
6125 65.50 36.00 0.00 -2.9785 -1.6057 -1.6057
6150 65.39 35.98 0.00 -2.3786 -0.6665 -0.6665
6175 65.39 35.98 0.00 -2.3786 -0.6665 -0.6665
6200 65.30 35.95 0.00 -2.1132 -1.1361 -1.1361
6225 65.25 35.90 0.00 -0.4976 -0.4910 -0.4910
6250 65.25 35.80 0.00 -0.1900 -0.3816 -0.3816
6275 65.25 35.80 0.00 -0.1900 -0.3816 -0.3816
6300 65.23 35.73 0.00 -0.2475 0.8597 0.8597
6325 65.23 35.64 0.00 0.2627 1.2024 1.2024
6350 65.23 35.64 0.00 0.2627 1.2024 1.2024
6375 65.25 35.56 0.00 0.2450 -0.6128 -0.6128
6400 65.25 35.51 0.00 -0.4868 -0.8001 -0.8001
6425 65.25 35.51 0.00 -0.4868 -0.8001 -0.8001
6450 65.21 35.40 0.00 -1.2423 -0.1328 -0.1328
6475 65.16 35.29 0.00 -1.2286 -0.0705 -0.0705
6500 65.12 35.18 0.00 -0.9805 -1.9648 -1.9648
6525 65.12 35.18 0.00 -0.9805 -1.9648 -1.9648
6550 65.09 35.05 0.00 -0.6922 -0.2320 -0.2320
6575 65.07 34.95 0.00 -0.3802 1.7876 1.7876
6600 65.07 34.95 0.00 -0.3802 1.7876 1.7876
6625 65.05 34.90 0.00 -0.0805 0.0379 0.0379
6650 65.05 34.90 0.00 -0.4726 -1.1863 -1.1863
6675 64.98 34.84 0.00 -2.1655 -0.7170 -0.7170
6700 64.98 34.84 0.00 -2.1655 -0.7170 -0.7170
6725 64.89 34.77 0.00 -2.4320 0.1640 0.1640
6750 64.87 34.66 0.00 1.7968 0.1322 0.1322
6775 64.87 34.66 0.00 1.7968 0.1322 0.1322
6800 65.00 34.49 0.00 3.6859 0.8246 0.8246
6825 65.00 34.49 0.00 3.6859 0.8246 0.8246
6850 65.16 34.37 0.00 5.6839 2.2267 2.2267
6875 65.34 34.27 0.00 3.3447 1.6856 1.6856
6900 65.34 34.21 0.00 -2.6471 1.3601 1.3601
6925 65.34 34.21 0.00 -2.6471 1.3601 1.3601
6950 65.12 34.17 0.00 -5.8922 0.7467 0.7467
6975 64.91 34.16 0.00 -4.7408 -1.1099 -1.1099
7000 64.91 34.16 0.00 -4.7408 -1.1099 -1.1099
7025 64.75 34.18 0.00 -3.6021 -1.1245 -1.1245
7050 64.62 34.15 0.00 -3.5787 -1.2783 -1.2783
7075 64.62 34.15 0.00 -3.5787 -1.2783 -1.2783
7100 64.48 34.13 0.00 -3.5268 -1.1258 -1.1258
7125 64.37 34.14 0.00 -2.1329 -0.3033 -0.3033
7150 64.37 34.14 0.00 -2.1329 -0.3033 -0.3033
7175 64.30 34.07 0.00 -1.6425 -2.4845 -2.4845
7200 64.27 34.10 0.00 -0.1631 0.2051 0.2051
7225 64.27 34.12 0.00 0.2543 1.6605 1.6605
7250 64.30 34.16 0.00 1.0241 0.3366 0.3366
7275 64.30 34.16 0.00 1.0241 0.3366 0.3366
7300 64.30 34.18 0.00 -1.2672 -0.5236 -0.5236
7325 64.30 34.18 0.00 -1.2672 -0.5236 -0.5236
7350 64.21 34.11 0.00 -2.7280 1.3313 1.3313
7375 64.13 34.07 0.00 -1.8352 1.0556 1.0556
7400 64.11 34.02 0.00 0.7859 0.5897 0.5897
7425 64.11 34.02 0.00 0.7859 0.5897 0.5897
7450 64.14 33.98 0.00 0.6359 -0.9651 -0.9651
7475 64.14 33.92 0.00 -0.7365 0.8286 0.8286
7500 64.14 33.92 0.00 -0.7365 0.8286 0.8286
7525 64.11 33.83 0.00 -0.1962 2.6376 2.6376
7550 64.14 33.77 0.00 1.2097 1.4818 1.4818
7575 64.21 33.71 0.00 2.0867 0.6103 0.6103
7600 64.21 33.71 0.00 2.0867 0.6103 0.6103
7625 64.25 33.69 0.00 -0.2949 -0.5861 -0.5861
7650 64.23 33.69 0.00 -1.1135 -0.5823 -0.5823
7675 64.23 33.69 0.00 -1.1135 -0.5823 -0.5823
7700 64.18 33.69 0.00 -1.2466 -0.5767 -0.5767
7725 64.13 33.72 0.00 -1.3789 -0.6217 -0.6217
7750 64.13 33.72 0.00 -1.3789 -0.6217 -0.6217
7775 64.07 33.74 0.00 -1.1176 -0.9563 -0.9563
7800 64.00 33.64 0.00 -2.1023 -1.7672 -1.7672
7825 63.95 33.65 0.00 -1.2601 2.1055 2.1055
7850 63.95 33.65 0.00 -1.2601 2.1055 2.1055
7875 63.88 33.63 0.00 -1.7017 -0.2051 -0.2051
7900 63.80 33.61 0.00 -1.9484 -1.0877 -1.0877
7925 63.70 33.56 0.00 -3.3769 -1.1123 -1.1123
7950 63.70 33.56 0.00 -3.3769 -1.1123 -1.1123
7975 63.56 33.51 0.00 -3.4032 0.1265 0.1265
8000 63.41 33.42 0.00 -3.6064 -0.7341 -0.7341
8025 63.41 33.42 0.00 -3.6064 -0.7341 -0.7341
8050 63.33 33.31 0.00 -1.6440 1.2030 1.2030
8075 63.25 33.18 0.00 -1.4300 0.6210 0.6210
8100 63.25 33.18 0.00 -1.4300 0.6210 0.6210
8125 63.22 33.09 0.00 -0.5581 1.0931 1.0931
8150 63.20 33.03 0.00 -0.3028 0.4652 0.4652
8175 63.20 33.03 0.00 -0.3028 0.4652 0.4652
8200 63.20 33.02 0.00 0.1779 1.3054 1.3054
8225 63.22 33.03 0.00 0.1549 1.0665 1.0665
8250 63.22 33.03 0.00 0.1549 1.0665 1.0665
8275 63.24 33.11 0.00 0.5775 0.7808 0.7808
8300 63.24 33.24 0.00 -0.3488 0.3789 0.3789
8325 63.20 33.26 0.00 -1.1116 -0.1834 -0.1834
8350 63.20 33.26 0.00 -1.1116 -0.1834 -0.1834
8375 63.17 33.26 0.00 -0.5201 -0.1381 -0.1381
8400 63.13 33.21 0.00 -1.0051 -1.0578 -1.0578
8425 63.13 33.21 0.00 -1.0051 -1.0578 -1.0578
8450 63.11 33.17 0.00 -0.1916 0.2265 0.2265
8475 63.15 33.17 0.00 0.7114 1.6600 1.6600
8500 63.17 33.17 0.00 0.2241 -0.2288 -0.2288
8525 63.17 33.17 0.00 0.2241 -0.2288 -0.2288
8550 63.15 33.19 0.00 -1.0633 -0.9460 -0.9460
8575 63.08 33.21 0.00 -1.9708 -0.0025 -0.0025
8600 63.08 33.21 0.00 -1.9708 -0.0025 -0.0025
8625 62.99 33.23 0.00 -2.2279 0.0640 0.0640
8650 62.92 33.16 0.00 -1.4077 0.5691 0.5691
8675 62.88 33.06 0.00 -1.0497 0.8379 0.8379
8700 62.88 33.06 0.00 -1.0497 0.8379 0.8379
8725 62.85 33.01 0.00 -0.5276 0.7702 0.7702
8750 62.81 32.93 0.00 -1.0349 0.8159 0.8159
8775 62.81 32.93 0.00 -1.0349 0.8159 0.8159
8800 62.76 32.90 0.00 -1.2366 1.4160 1.4160
8825 62.72 32.90 0.00 -0.6085 0.6020 0.6020
8850 62.72 32.90 0.00 -0.6085 0.6020 0.6020
8875 62.70 32.92 0.00 -0.4205 -0.4287 -0.4287
8900 62.70 32.92 0.00 -0.4205 -0.4287 -0.4287
8925 62.67 32.92 0.00 -1.1321 -0.5328 -0.5328
8950 62.62 32.90 0.00 -1.7362 -0.4496 -0.4496
8975 62.54 32.87 0.00 -1.2628 -0.4316 -0.4316
9000 62.49 32.80 0.00 -1.9835 -2.7318 -2.7318
9025 62.49 32.80 0.00 -1.9835 -2.7318 -2.7318
9050 62.42 32.76 0.00 -1.1334 -0.0533 -0.0533
9075 62.38 32.78 0.00 -0.8898 0.2252 0.2252
9100 62.38 32.78 0.00 -0.8898 0.2252 0.2252
9125 62.37 32.84 0.00 -0.2794 -1.6645 -1.6645
9150 62.35 32.86 0.00 -0.6732 -1.5239 -1.5239
9175 62.35 32.86 0.00 -0.6732 -1.5239 -1.5239
9200 62.30 32.84 0.00 -1.4854 -0.4731 -0.4731
9225 62.24 32.80 0.00 -1.6650 -0.5842 -0.5842
9250 62.17 32.71 0.00 -1.5300 -0.4662 -0.4662
9275 62.17 32.71 0.00 -1.5300 -0.4662 -0.4662
9300 62.08 32.62 0.00 -2.7922 0.0019 0.0019
9325 62.08 32.62 0.00 -2.7922 0.0019 0.0019
9350 61.98 32.62 0.00 -1.5526 1.0042 1.0042
9375 61.96 32.61 0.00 -0.1921 -0.4805 -0.4805
9400 61.96 32.57 0.00 0.0719 -0.4220 -0.4220
9425 61.96 32.57 0.00 0.0719 -0.4220 -0.4220
9450 61.96 32.59 0.00 0.0713 0.7749 0.7749
9475 61.96 32.59 0.00 0.0713 0.7749 0.7749
9500 61.96 32.64 0.00 0.1638 0.0052 0.0052
9525 61.94 32.68 0.00 -0.8380 -1.1747 -1.1747
9550 61.89 32.68 0.00 -1.9291 -0.8799 -0.8799
9575 61.89 32.68 0.00 -1.9291 -0.8799 -0.8799
9600 61.76 32.63 0.00 -3.4999 -2.1609 -2.1609
9625 61.66 32.61 0.00 -1.9270 0.0156 0.0156
9650 61.66 32.61 0.00 -1.9270 0.0156 0.0156
9675 61.62 32.62 0.00 -0.8724 1.2904 1.2904
9700 61.55 32.64 0.00 -1.6754 -0.2797 -0.2797
9725 61.55 32.64 0.00 -1.6754 -0.2797 -0.2797
9750 61.52 32.68 0.00 -0.7803 -0.3407 -0.3407
9775 61.50 32.66 0.00 0.4292 -0.4872 -0.4872
9800 61.50 32.66 0.00 0.4292 -0.4872 -0.4872
9825 61.52 32.62 0.00 -0.2034 -0.5264 -0.5264
9850 61.50 32.54 0.00 0.0502 1.6475 1.6475
9875 61.50 32.41 0.00 0.1112 1.4006 1.4006
9900 61.54 32.30 0.00 0.5398 1.2498 1.2498
9925 61.54 32.30 0.00 0.5398 1.2498 1.2498
9950 61.52 32.22 0.00 -0.3093 0.2411 0.2411
9975 61.50 32.19 0.00 -0.6108 -0.1429 -0.1429
10000 61.50 32.19 0.00 -0.6108 -0.1429 -0.1429
10025 61.50 32.19 0.00 -0.1744 0.2453 0.2453
10050 61.50 32.21 0.00 0.1144 -0.0784 -0.0784
10075 61.50 32.21 0.00 0.1144 -0.0784 -0.0784
10100 61.50 32.21 0.00 0.1581 -0.1831 -0.1831
10125 61.50 32.24 0.00 -0.1052 0.5260 0.5260
10150 61.46 32.19 0.00 -0.9904 -1.0410 -1.0410
10175 61.46 32.19 0.00 -0.9904 -1.0410 -1.0410
10200 61.46 32.21 0.00 0.9023 1.9829 1.9829
10225 61.52 32.19 0.00 0.9799 1.2086 1.2086
10250 61.52 32.19 0.00 0.9799 1.2086 1.2086
10275 61.55 32.19 0.00 0.7425 -0.4177 -0.4177
10300 61.55 32.19 0.00 0.7425 -0.4177 -0.4177
10325 61.46 32.21 0.00 -1.6307 -0.4107 -0.4107
10350 61.46 32.21 0.00 -1.6307 -0.4107 -0.4107
10375 61.43 32.19 0.00 -0.5598 -0.6608 -0.6608
10400 61.43 32.19 0.00 -0.5598 -0.6608 -0.6608
10425 61.45 32.08 0.00 1.1230 1.5612 1.5612
10450 61.48 31.96 0.00 0.4435 1.2500 1.2500
10475 61.50 31.85 0.00 0.4486 1.6761 1.6761
10500 61.50 31.85 0.00 0.4486 1.6761 1.6761
10525 61.52 31.77 0.00 0.3673 0.9023 0.9023
10550 61.52 31.77 0.00 0.3673 0.9023 0.9023
10575 61.52 31.73 0.00 0.4741 0.8567 0.8567
10600 61.54 31.73 0.00 0.1735 0.6477 0.6477
10625 61.52 31.73 0.00 -0.7801 -0.4872 -0.4872
10650 61.48 31.74 0.00 -1.3545 -0.8147 -0.8147
10675 61.48 31.74 0.00 -1.3545 -0.8147 -0.8147
10700 61.43 31.72 0.00 -1.5924 -0.4100 -0.4100
10725 61.34 31.65 0.00 -2.2590 -1.4199 -1.4199
10750 61.29 31.61 0.00 -0.8357 1.4735 1.4735
10775 61.29 31.61 0.00 -0.8357 1.4735 1.4735
10800 61.29 31.61 0.00 -0.8357 1.4735 1.4735
10825 61.25 31.55 0.00 -1.5191 0.2783 0.2783
10850 61.20 31.50 0.00 -1.0713 -1.0867 -1.0867
10875 61.15 31.50 0.00 -1.9485 -1.3516 -1.3516
10900 61.04 31.52 0.00 -2.5314 -0.8795 -0.8795
10925 60.93 31.51 0.00 -2.6509 -1.3781 -1.3781
10950 60.93 31.51 0.00 -2.6509 -1.3781 -1.3781
10975 60.93 31.51 0.00 -2.6509 -1.3781 -1.3781
11000 60.88 31.43 0.00 -1.3196 1.1918 1.1918
11025 60.81 31.38 0.00 -1.9266 0.4646 0.4646
11050 60.72 31.34 0.00 -2.2473 0.2884 0.2884
11075 60.72 31.34 0.00 -2.2473 0.2884 0.2884
11100 60.60 31.35 0.00 -3.1020 0.9325 0.9325
11125 60.44 31.43 0.00 -4.6136 0.3060 0.3060
11150 60.30 31.52 0.00 -2.5472 0.1345 0.1345
11175 60.30 31.52 0.00 -2.5472 0.1345 0.1345
11200 60.25 31.58 0.00 -0.6575 -1.2408 -1.2408
11225 60.23 31.60 0.00 -0.6338 -1.4356 -1.4356
11250 60.23 31.60 0.00 -0.6338 -1.4356 -1.4356
11275 60.18 31.55 0.00 -1.8366 -0.3172 -0.3172
11300 60.07 31.47 0.00 -3.1246 -0.6194 -0.6194
11325 59.98 31.51 0.00 -1.3375 1.4845 1.4845
11350 59.98 31.51 0.00 -1.3375 1.4845 1.4845
11375 59.93 31.55 0.00 -1.7178 -0.3938 -0.3938
11400 59.84 31.61 0.00 -1.9199 -0.5719 -0.5719
11425 59.84 31.61 0.00 -1.9199 -0.5719 -0.5719
11450 59.81 31.63 0.00 -1.2527 0.1359 0.1359
11475 59.79 31.58 0.00 -0.0766 0.0955 0.0955
11500 59.79 31.46 0.00 0.6269 0.9197 0.9197
11525 59.79 31.46 0.00 0.6269 0.9197 0.9197
11550 59.84 31.31 0.00 1.0582 2.3644 2.3644
11575 59.88 31.16 0.00 0.8105 1.8703 1.8703
11600 59.88 31.16 0.00 0.8105 1.8703 1.8703
11625 59.89 31.06 0.00 0.1785 1.7526 1.7526
11650 59.89 30.99 0.00 0.1808 1.2536 1.2536
11675 59.89 30.99 0.00 0.1808 1.2536 1.2536
11700 59.91 30.97 0.00 0.6884 0.6979 0.6979
11725 59.93 30.95 0.00 0.2635 -0.1346 -0.1346
11750 59.93 30.95 0.00 0.2635 -0.1346 -0.1346
11775 59.93 30.97 0.00 -0.2668 -0.7833 -0.7833
11800 59.93 30.97 0.00 -0.0744 -0.0734 -0.0734
11825 59.93 30.97 0.00 -0.0744 -0.0734 -0.0734
11850 59.89 30.93 0.00 -0.9986 -2.2029 -2.2029
11875 59.88 30.95 0.00 -0.4572 -0.1272 -0.1272
11900 59.84 31.01 0.00 -1.4124 -1.0823 -1.0823
11925 59.84 31.01 0.00 -1.4124 -1.0823 -1.0823
11950 59.77 31.14 0.00 -1.5699 -2.2248 -2.2248
11975 59.70 31.20 0.00 -1.9027 -1.5989 -1.5989
12000 59.63 31.22 0.00 -1.5605 -1.1419 -1.1419
12025 59.63 31.22 0.00 -1.5605 -1.1419 -1.1419
12050 59.59 31.13 0.00 -0.9219 -1.3846 -1.3846
12075 59.59 31.13 0.00 -0.9219 -1.3846 -1.3846
12100 59.58 31.02 0.00 0.1171 -0.2560 -0.2560
12125 59.58 30.94 0.00 -0.3672 0.0715 0.0715
12150 59.58 30.94 0.00 -0.3672 0.0715 0.0715
12175 59.56 30.88 0.00 -0.3665 0.7465 0.7465
12200 59.54 30.83 0.00 -0.4363 0.2680 0.2680
12225 59.52 30.79 0.00 -0.0675 0.8164 0.8164
12250 59.52 30.79 0.00 -0.0675 0.8164 0.8164
12275 59.52 30.75 0.00 -0.2323 1.1229 1.1229
12300 59.51 30.68 0.00 -0.7157 0.3617 0.3617
12325 59.47 30.62 0.00 -0.7215 -0.4004 -0.4004
12350 59.47 30.62 0.00 -0.7215 -0.4004 -0.4004
12375 59.45 30.55 0.00 -0.8218 -0.9532 -0.9532
12400 59.40 30.41 0.00 -1.2089 0.2805 0.2805
12425 59.40 30.41 0.00 -1.2089 0.2805 0.2805
12450 59.38 30.36 0.00 -0.2336 2.1376 2.1376
12475 59.36 30.23 0.00 -0.2792 0.1620 0.1620
12500 59.36 30.23 0.00 -0.2792 0.1620 0.1620
12525 59.35 30.11 0.00 -0.7840 -0.3927 -0.3927
12550 59.31 29.94 0.00 -1.0158 0.5161 0.5161
12575 59.31 29.94 0.00 -1.0158 0.5161 0.5161
12600 59.28 29.70 0.00 -0.8363 0.9016 0.9016
12625 59.22 29.41 0.00 -0.7942 1.0162 1.0162
12650 59.19 29.13 0.00 -1.2090 1.0196 1.0196
12675 59.19 29.13 0.00 -1.2090 1.0196 1.0196
12700 59.14 28.94 0.00 -1.2636 0.7538 0.7538
12725 59.14 28.94 0.00 -1.2636 0.7538 0.7538
12750 59.08 28.84 0.00 -1.2448 0.0058 0.0058
12775 59.07 28.79 0.00 -0.4568 -0.2986 -0.2986
12800 59.07 28.81 0.00 0.1784 0.5916 0.5916
12825 59.07 28.81 0.00 0.1784 0.5916 0.5916
12850 59.07 28.82 0.00 0.2050 0.0288 0.0288
12875 59.08 28.82 0.00 -0.0002 -1.4557 -1.4557
12900 59.08 28.82 0.00 -0.0002 -1.4557 -1.4557
12925 59.05 28.83 0.00 -1.6331 -1.5234 -1.5234
12950 58.96 28.89 0.00 -1.9608 -0.7274 -0.7274
12975 58.94 29.00 0.00 0.2732 1.6755 1.6755
13000 58.94 29.00 0.00 0.2732 1.6755 1.6755
13025 58.96 29.10 0.00 0.6358 -1.2639 -1.2639
13050 58.96 29.19 0.00 -0.7410 -1.4231 -1.4231
13075 58.96 29.19 0.00 -0.7410 -1.4231 -1.4231
13100 58.92 29.23 0.00 -1.7832 -0.7163 -0.7163
13125 58.85 29.27 0.00 -1.2774 0.2798 0.2798
13150 58.85 29.27 0.00 -1.2774 0.2798 0.2798
13175 58.80 29.27 0.00 -0.9232 0.0107 0.0107
13200 58.80 29.25 0.00 -0.1414 0.6873 0.6873
13225 58.78 29.25 0.00 -0.7765 0.6258 0.6258
13250 58.78 29.25 0.00 -0.7765 0.6258 0.6258
13275 58.73 29.25 0.00 -1.2092 0.4572 0.4572
13300 58.70 29.25 0.00 -0.8262 -0.0159 -0.0159
13325 58.68 29.24 0.00 -0.0350 -0.2060 -0.2060
13350 58.68 29.24 0.00 -0.0350 -0.2060 -0.2060
13375 58.70 29.25 0.00 0.0876 -0.3144 -0.3144
13400 58.68 29.27 0.00 -0.8284 -0.8307 -0.8307
13425 58.68 29.27 0.00 -0.8284 -0.8307 -0.8307
13450 58.63 29.28 0.00 -1.4288 -0.5469 -0.5469
13475 58.54 29.24 0.00 -2.1733 -1.6798 -1.6798
13500 58.54 29.24 0.00 -2.1733 -1.6798 -1.6798
13525 58.50 29.28 0.00 -0.0700 1.6908 1.6908
13550 58.50 29.28 0.00 -0.5144 0.3301 0.3301
13575 58.50 29.28 0.00 -0.5144 0.3301 0.3301
13600 58.47 29.28 0.00 -1.0844 -1.2144 -1.2144
13625 58.38 29.30 0.00 -2.8123 -1.4288 -1.4288
13650 58.27 29.30 0.00 -2.4038 -0.1645 -0.1645
13675 58.27 29.30 0.00 -2.4038 -0.1645 -0.1645
13700 58.19 29.27 0.00 -2.2330 -1.2443 -1.2443
13725 58.13 29.21 0.00 -1.0800 0.9623 0.9623
13750 58.13 29.21 0.00 -1.0800 0.9623 0.9623
13775 58.08 29.17 0.00 -1.0344 0.2721 0.2721
13800 58.05 29.14 0.00 -0.4934 0.7115 0.7115
13825 58.05 29.14 0.00 -0.3317 0.3603 0.3603
13850 58.05 29.14 0.00 -0.3317 0.3603 0.3603
13875 58.05 29.14 0.00 0.0915 0.8649 0.8649
13900 58.05 29.14 0.00 0.0915 0.8649 0.8649
13925 58.06 29.16 0.00 0.4797 0.3087 0.3087
13950 58.05 29.19 0.00 -0.2934 -0.8171 -0.8171
13975 58.05 29.21 0.00 -0.4564 -0.8888 -0.8888
14000 58.05 29.21 0.00 -0.4564 -0.8888 -0.8888
14025 58.01 29.25 0.00 -0.8528 -0.5991 -0.5991
14050 57.96 29.23 0.00 -1.4927 -1.1750 -1.1750
14075 57.96 29.23 0.00 -1.4927 -1.1750 -1.1750
14100 57.96 29.27 0.00 0.6211 1.4497 1.4497
14125 57.96 29.29 0.00 -0.1080 -1.2833 -1.2833
14150 57.96 29.29 0.00 -0.1080 -1.2833 -1.2833
14175 57.94 29.29 0.00 -1.0599 -1.1561 -1.1561
14200 57.87 29.26 0.00 -1.8441 0.2019 0.2019
14225 57.87 29.26 0.00 -1.8441 0.2019 0.2019
14250 57.82 29.22 0.00 -0.7380 0.5012 0.5012
14275 57.80 29.11 0.00 -0.0469 0.5526 0.5526
14300 57.80 28.97 0.00 -0.8961 0.5639 0.5639
14325 57.75 28.84 0.00 -1.0730 1.2707 1.2707
14350 57.75 28.84 0.00 -1.0730 1.2707 1.2707
14375 57.71 28.67 0.00 -0.6733 1.2620 1.2620
14400 57.69 28.52 0.00 -0.2774 1.1781 1.1781
14425 57.69 28.42 0.00 -0.1891 1.1119 1.1119
14450 57.69 28.42 0.00 -0.1891 1.1119 1.1119
14475 57.68 28.38 0.00 -0.3813 0.1621 0.1621
14500 57.68 28.38 0.00 -0.3813 0.1621 0.1621
14525 57.64 28.36 0.00 -1.7204 -0.7203 -0.7203
14550 57.52 28.35 0.00 -3.7114 0.3292 0.3292
14575 57.52 28.35 0.00 -3.7114 0.3292 0.3292
14600 57.38 28.29 0.00 -4.0688 0.3604 0.3604
14625 57.20 28.22 0.00 -3.5412 -1.0502 -1.0502
14650 57.12 28.20 0.00 -2.4690 -0.1290 -0.1290
14675 57.12 28.20 0.00 -2.4690 -0.1290 -0.1290
14700 57.01 28.24 0.00 -3.4433 -1.5492 -1.5492
14725 56.87 28.36 0.00 -3.5504 -1.4059 -1.4059
14750 56.87 28.36 0.00 -3.5504 -1.4059 -1.4059
14775 56.73 28.44 0.00 -3.5980 -1.2657 -1.2657
14800 56.57 28.46 0.00 -3.7515 -1.2461 -1.2461
14825 56.57 28.46 0.00 -3.7515 -1.2461 -1.2461
14850 56.41 28.39 0.00 -3.5919 -1.5401 -1.5401
14875 56.29 28.24 0.00 -2.9145 0.0512 0.0512
14900 56.29 28.24 0.00 -2.9145 0.0512 0.0512
14925 56.19 28.11 0.00 -2.0625 -0.0394 -0.0394
14950 56.13 28.03 0.00 -1.3768 -0.3610 -0.3610
14975 56.08 27.97 0.00 -1.0793 -0.5046 -0.5046
15000 56.08 27.97 0.00 -1.0793 -0.5046 -0.5046
15025 56.06 27.94 0.00 -0.0895 0.5869 0.5869
15050 56.08 27.92 0.00 0.3143 0.1507 0.1507
15075 56.08 27.92 0.00 0.3143 0.1507 0.1507
15100 56.08 27.96 0.00 -0.2815 -0.8025 -0.8025
15125 56.06 27.98 0.00 -0.3673 -0.2657 -0.2657
15150 56.06 27.98 0.00 -0.3673 -0.2657 -0.2657
15175 56.05 27.98 0.00 -0.9025 -1.2463 -1.2463
15200 56.01 27.96 0.00 -0.3111 -0.1288 -0.1288
15225 56.03 27.98 0.00 0.5618 1.2853 1.2853
15250 56.03 27.98 0.00 0.5618 1.2853 1.2853
15275 56.03 28.01 0.00 0.3561 -0.5928 -0.5928
15300 56.03 28.05 0.00 -0.5250 -0.7694 -0.7694
15325 56.03 28.05 0.00 -0.5250 -0.7694 -0.7694
15350 56.01 28.05 0.00 -0.5630 0.3356 0.3356
15375 56.01 28.03 0.00 0.2699 0.6144 0.6144
15400 56.01 28.03 0.00 0.2699 0.6144 0.6144
15425 56.03 27.96 0.00 1.4132 0.9376 0.9376
15450 56.10 27.88 0.00 0.9907 1.1525 1.1525
15475 56.12 27.82 0.00 0.4725 1.6343 1.6343
15500 56.12 27.82 0.00 0.4725 1.6343 1.6343
15525 56.12 27.74 0.00 0.1726 1.3587 1.3587
15550 56.12 27.71 0.00 0.0571 0.5976 0.5976
15575 56.12 27.71 0.00 0.0571 0.5976 0.5976
15600 56.13 27.69 0.00 0.4467 0.7893 0.7893
15625 56.15 27.70 0.00 0.3315 0.3026 0.3026
15650 56.15 27.70 0.00 0.3315 0.3026 0.3026
15675 56.15 27.74 0.00 -0.1703 -0.5634 -0.5634
15700 56.13 27.76 0.00 -0.5552 -0.7892 -0.7892
15725 56.12 27.72 0.00 -0.2530 0.3913 0.3913
15750 56.12 27.72 0.00 -0.2530 0.3913 0.3913
15775 56.10 27.65 0.00 -0.7419 -0.9181 -0.9181
15800 56.10 27.63 0.00 0.9251 2.5604 2.5604
15825 56.10 27.63 0.00 0.9251 2.5604 2.5604
15850 56.13 27.61 0.00 0.3854 0.3597 0.3597
15875 56.13 27.61 0.00 0.1077 -1.0966 -1.0966
15900 56.13 27.61 0.00 0.1077 -1.0966 -1.0966
15925 56.10 27.57 0.00 -1.6602 -1.2991 -1.2991
15950 56.03 27.50 0.00 -1.7554 0.0520 0.0520
15975 55.98 27.38 0.00 -1.1093 -0.8218 -0.8218
16000 55.98 27.38 0.00 -1.1093 -0.8218 -0.8218
16025 55.96 27.29 0.00 -0.4223 0.5709 0.5709
16050 55.91 27.19 0.00 -1.2242 0.5123 0.5123
16075 55.91 27.19 0.00 -1.2242 0.5123 0.5123
16100 55.85 27.10 0.00 -1.3928 0.1294 0.1294
16125 55.80 27.04 0.00 -1.2295 -0.3114 -0.3114
16150 55.77 27.02 0.00 -1.1654 -0.3987 -0.3987
16175 55.77 27.02 0.00 -1.1654 -0.3987 -0.3987
16200 55.70 27.02 0.00 -2.0793 -0.4947 -0.4947
16225 55.59 27.02 0.00 -3.3689 -1.5525 -1.5525
16250 55.59 27.02 0.00 -3.3689 -1.5525 -1.5525
16275 55.47 27.03 0.00 -3.8102 -1.8356 -1.8356
16300 55.31 27.03 0.00 -4.0119 -1.0882 -1.0882
16325 55.31 27.03 0.00 -4.0119 -1.0882 -1.0882
16350 55.17 27.03 0.00 -3.5633 -1.6511 -1.6511
16375 55.07 27.05 0.00 -1.6674 0.0493 0.0493
16400 55.01 27.11 0.00 -1.6211 1.8299 1.8299
16425 55.01 27.11 0.00 -1.6211 1.8299 1.8299
16450 55.01 27.11 0.00 -1.6211 1.8299 1.8299
16475 54.96 27.11 0.00 -1.4329 -0.4911 -0.4911
16500 54.91 27.17 0.00 -1.4264 -1.8588 -1.8588
16525 54.84 27.19 0.00 -2.0031 -1.1401 -1.1401
16550 54.84 27.19 0.00 -2.0031 -1.1401 -1.1401
16575 54.75 27.23 0.00 -1.8014 -0.5324 -0.5324
16600 54.70 27.19 0.00 -0.5631 0.3331 0.3331
16625 54.70 27.13 0.00 -0.3738 0.2853 0.2853
16650 54.68 27.08 0.00 -0.0861 0.6112 0.6112
16675 54.68 27.08 0.00 -0.0861 0.6112 0.6112
16700 54.68 27.08 0.00 -0.1403 0.3118 0.3118
16725 54.68 27.11 0.00 0.4817 0.5745 0.5745
16750 54.68 27.11 0.00 0.4817 0.5745 0.5745
16775 54.72 27.17 0.00 0.6129 0.3529 0.3529
16800 54.72 27.25 0.00 0.0404 -0.2018 -0.2018
16825 54.72 27.25 0.00 0.0404 -0.2018 -0.2018
16850 54.70 27.31 0.00 -0.8443 -0.8067 -0.8067
16875 54.66 27.33 0.00 -0.9608 -0.4964 -0.4964
16900 54.63 27.35 0.00 -0.4154 0.0290 0.0290
16925 54.63 27.35 0.00 -0.4154 0.0290 0.0290
16950 54.59 27.29 0.00 -1.3453 -1.8980 -1.8980
16975 54.56 27.29 0.00 0.0918 1.2133 1.2133
17000 54.56 27.29 0.00 0.0918 1.2133 1.2133
17025 54.58 27.29 0.00 0.0584 0.1382 0.1382
17050 54.58 27.33 0.00 0.4514 -1.2296 -1.2296
17075 54.58 27.33 0.00 0.4514 -1.2296 -1.2296
17100 54.58 27.37 0.00 -0.8121 -1.0929 -1.0929
17125 54.52 27.41 0.00 -0.9838 0.2538 0.2538
17150 54.52 27.41 0.00 -0.9838 0.2538 0.2538
17175 54.51 27.39 0.00 -0.5268 -0.2851 -0.2851
17200 54.51 27.23 0.00 0.5318 1.0471 1.0471
17225 54.51 27.23 0.00 0.5318 1.0471 1.0471
17250 54.51 27.08 0.00 -0.2216 0.9100 0.9100
17275 54.49 26.93 0.00 -0.2305 1.4635 1.4635
17300 54.49 26.83 0.00 -0.1317 0.9141 0.9141
17325 54.49 26.83 0.00 -0.1317 0.9141 0.9141
17350 54.49 26.75 0.00 -0.0829 0.7110 0.7110
17375 54.47 26.73 0.00 -0.4087 0.0644 0.0644
17400 54.47 26.73 0.00 -0.4087 0.0644 0.0644
17425 54.45 26.73 0.00 -1.1402 -0.4066 -0.4066
17450 54.38 26.70 0.00 -1.5782 -0.3352 -0.3352
17475 54.31 26.64 0.00 -2.2403 -0.8587 -0.8587
17500 54.31 26.64 0.00 -2.2403 -0.8587 -0.8587
17525 54.23 26.58 0.00 -2.7298 -0.6722 -0.6722
17550 54.09 26.47 0.00 -3.1584 -2.0201 -2.0201
17575 54.09 26.47 0.00 -3.1584 -2.0201 -2.0201
17600 54.00 26.39 0.00 -1.5450 0.5645 0.5645
17625 53.95 26.35 0.00 -1.4733 -1.0264 -1.0264
17650 53.95 26.35 0.00 -1.4733 -1.0264 -1.0264
17675 53.89 26.43 0.00 -1.1418 -1.2691 -1.2691
17700 53.84 26.49 0.00 -1.1534 -0.8889 -0.8889
17725 53.84 26.49 0.00 -1.1534 -0.8889 -0.8889
17750 53.79 26.51 0.00 -1.3362 -1.0627 -1.0627
17775 53.72 26.41 0.00 -1.6843 -0.8665 -0.8665
17800 53.72 26.41 0.00 -1.6843 -0.8665 -0.8665
17825 53.68 26.24 0.00 -1.1246 0.8414 0.8414
17850 53.65 26.11 0.00 -0.7807 0.5052 0.5052
17875 53.63 25.97 0.00 -0.2206 0.4836 0.4836
17900 53.63 25.97 0.00 -0.2206 0.4836 0.4836
17925 53.63 25.89 0.00 -0.0594 0.4043 0.4043
17950 53.63 25.89 0.00 0.2866 1.1909 1.1909
17975 53.63 25.89 0.00 0.2866 1.1909 1.1909
18000 53.67 25.91 0.00 0.9319 1.2428 1.2428
18025 53.70 25.93 0.00 0.4474 -0.2879 -0.2879
18050 53.70 25.91 0.00 -0.2494 -0.5544 -0.5544
18075 53.70 25.91 0.00 -0.2494 -0.5544 -0.5544
18100 53.68 25.87 0.00 -0.8770 -0.6307 -0.6307
18125 53.61 25.80 0.00 -1.1370 -0.7551 -0.7551
18150 53.61 25.82 0.00 0.5926 1.9370 1.9370
18175 53.61 25.82 0.00 0.5926 1.9370 1.9370
18200 53.63 25.83 0.00 0.4949 -0.2790 -0.2790
18225 53.65 25.95 0.00 -0.1552 -0.9904 -0.9904
18250 53.65 25.95 0.00 -0.1552 -0.9904 -0.9904
18275 53.60 26.05 0.00 -1.2366 -0.3516 -0.3516
18300 53.56 26.09 0.00 -0.7371 0.0787 0.0787
18325 53.56 26.09 0.00 -0.7371 0.0787 0.0787
18350 53.54 26.03 0.00 -0.4619 -0.8703 -0.8703
18375 53.53 25.93 0.00 -0.6841 0.0006 0.0006
18400 53.53 25.93 0.00 -0.6841 0.0006 0.0006
18425 53.49 25.86 0.00 -0.8601 0.3142 0.3142
18450 53.47 25.78 0.00 -0.1971 0.0593 0.0593
18475 53.47 25.78 0.00 -0.1971 0.0593 0.0593
18500 53.47 25.76 0.00 -0.0145 -0.6003 -0.6003
18525 53.46 25.82 0.00 -0.3500 0.0219 0.0219
18550 53.46 25.82 0.00 -0.3500 0.0219 0.0219
18575 53.46 25.86 0.00 -0.2046 -0.2569 -0.2569
18600 53.44 25.88 0.00 -0.2074 -1.4683 -1.4683
18625 53.44 25.88 0.00 -0.2074 -1.4683 -1.4683
18650 53.42 25.88 0.00 -0.6381 -1.1695 -1.1695
18675 53.39 25.88 0.00 -1.5583 -0.8177 -0.8177
18700 53.32 25.86 0.00 -1.0096 -0.5919 -0.5919
18725 53.32 25.86 0.00 -1.0096 -0.5919 -0.5919
18750 53.33 25.92 0.00 1.5186 1.6939 1.6939
18775 53.42 26.01 0.00 1.9693 -0.1949 -0.1949
18800 53.46 26.11 0.00 0.4734 0.0552 0.0552
18825 53.46 26.11 0.00 0.4734 0.0552 0.0552
18850 53.44 26.17 0.00 -1.5070 2.0643 2.0643
18875 53.44 26.17 0.00 -1.5070 2.0643 2.0643
18900 53.33 26.23 0.00 -2.4301 1.4424 1.4424
18925 53.26 26.23 0.00 -0.4083 1.0169 1.0169
18950 53.28 26.19 0.00 0.2399 1.3156 1.3156
18975 53.26 26.19 0.00 -0.4569 1.5622 1.5622
19000 53.26 26.19 0.00 -0.4569 1.5622 1.5622
19025 53.23 26.17 0.00 -1.2090 0.4129 0.4129
19050 53.20 26.11 0.00 -0.8709 0.7671 0.7671
19075 53.18 26.05 0.00 -0.1438 1.2839 1.2839
19100 53.18 26.05 0.00 -0.1438 1.2839 1.2839
19125 53.18 26.03 0.00 -0.1282 1.1254 1.1254
19150 53.16 26.03 0.00 -0.7691 0.0725 0.0725
19175 53.16 26.03 0.00 -0.7691 0.0725 0.0725
19200 53.13 26.01 0.00 -0.8136 0.4547 0.4547
19225 53.06 25.96 0.00 -2.0771 -1.2892 -1.2892
19250 53.06 25.96 0.00 -2.0771 -1.2892 -1.2892
19275 52.99 25.94 0.00 -1.1393 1.3510 1.3510
19300 52.99 25.94 0.00 -1.1393 1.3510 1.3510
19325 52.95 25.86 0.00 -0.9050 0.5711 0.5711
19350 52.92 25.80 0.00 -0.6851 -0.9603 -0.9603
19375 52.88 25.78 0.00 -1.4465 -1.2038 -1.2038
19400 52.88 25.78 0.00 -1.4465 -1.2038 -1.2038
19425 52.81 25.75 0.00 -1.6700 -0.3754 -0.3754
19450 52.76 25.69 0.00 -1.5358 -0.9495 -0.9495
19475 52.76 25.69 0.00 -1.5358 -0.9495 -0.9495
19500 52.69 25.55 0.00 -1.2237 0.0149 0.0149
19525 52.62 25.40 0.00 -2.0003 -0.3908 -0.3908
19550 52.62 25.40 0.00 -2.0003 -0.3908 -0.3908
19575 52.55 25.30 0.00 -2.0084 0.0793 0.0793
19600 52.48 25.19 0.00 -1.4858 -0.3200 -0.3200
19625 52.44 25.09 0.00 -0.6638 -0.5143 -0.5143
19650 52.44 25.09 0.00 -0.6638 -0.5143 -0.5143
19675 52.43 25.05 0.00 -0.3992 -0.1640 -0.1640
19700 52.39 25.07 0.00 -1.2439 -1.2130 -1.2130
19725 52.39 25.07 0.00 -1.2439 -1.2130 -1.2130
19750 52.32 25.11 0.00 -1.7316 -1.3881 -1.3881
19775 52.25 25.17 0.00 -1.6027 -0.5404 -0.5404
19800 52.16 25.15 0.00 -2.7353 -2.5499 -2.5499
19825 52.16 25.15 0.00 -2.7353 -2.5499 -2.5499
19850 52.08 25.17 0.00 -1.5453 0.2643 0.2643
19875 52.08 25.17 0.00 -1.5453 0.2643 0.2643
19900 52.08 25.17 0.00 -1.5453 0.2643 0.2643
19925 51.92 25.21 0.00 -1.8268 -1.6731 -1.6731
19950 51.82 25.25 0.00 -3.2280 -0.6513 -0.6513
19975 51.82 25.25 0.00 -3.2280 -0.6513 -0.6513
20000 51.62 25.27 0.00 -6.0888 0.0925 0.0925
20025 51.38 25.27 0.00 -5.4262 0.6014 0.6014
20050 51.38 25.27 0.00 -5.4262 0.6014 0.6014
20075 51.24 25.21 0.00 -2.5491 0.4473 0.4473
20100 51.24 25.21 0.00 -2.5491 0.4473 0.4473
20125 51.19 25.15 0.00 -0.6822 -0.6658 -0.6658
20150 51.20 25.12 0.00 1.1123 0.1646 0.1646
20175 51.29 25.13 0.00 2.4233 0.1650 0.1650
20200 51.34 25.23 0.00 1.2567 0.0095 0.0095
20225 51.34 25.35 0.00 -0.9811 -0.2428 -0.2428
20250 51.34 25.35 0.00 -0.9811 -0.2428 -0.2428
20275 51.29 25.35 0.00 -1.0318 -0.9434 -0.9434
20300 51.26 25.27 0.00 -0.5190 -0.6484 -0.6484
20325 51.26 25.27 0.00 -0.5190 -0.6484 -0.6484
20350 51.24 25.19 0.00 -0.6935 -0.8383 -0.8383
20375 51.20 25.10 0.00 -0.5497 -0.2363 -0.2363
20400 51.20 25.10 0.00 -0.5497 -0.2363 -0.2363
20425 51.20 25.04 0.00 0.1492 1.1499 1.1499
20450 51.22 25.04 0.00 0.2400 -0.6800 -0.6800
20475 51.22 25.12 0.00 0.1163 -0.2775 -0.2775
20500 51.22 25.12 0.00 0.1163 -0.2775 -0.2775
20525 51.22 25.14 0.00 0.2535 0.8642 0.8642
20550 51.26 25.14 0.00 0.7845 0.2028 0.2028
20575 51.26 25.14 0.00 0.7845 0.2028 0.2028
20600 51.26 25.14 0.00 0.7845 0.2028 0.2028
20625 51.31 24.88 0.00 0.4273 0.7670 0.7670
20650 51.31 24.88 0.00 0.4273 0.7670 0.7670
20675 51.36 24.74 0.00 1.2740 1.2317 1.2317
20700 51.41 24.67 0.00 1.6837 0.5353 0.5353
20725 51.48 24.65 0.00 1.6776 0.6896 0.6896
20750 51.48 24.65 0.00 1.6776 0.6896 0.6896
20775 51.55 24.70 0.00 1.3584 1.3551 1.3551
20800 51.61 24.74 0.00 1.2327 0.2445 0.2445
20825 51.61 24.74 0.00 1.2327 0.2445 0.2445
20850 51.66 24.76 0.00 1.2072 -0.6775 -0.6775
20875 51.69 24.76 0.00 0.4309 -0.4593 -0.4593
20900 51.69 24.76 0.00 0.4309 -0.4593 -0.4593
20925 51.66 24.68 0.00 -0.5012 0.1733 0.1733
20950 51.68 24.70 0.00 0.8242 2.7485 2.7485
20975 51.69 24.68 0.00 0.1852 0.3966 0.3966
21000 51.69 24.68 0.00 0.1852 0.3966 0.3966
21025 51.69 24.72 0.00 -0.3785 -0.9028 -0.9028
21050 51.69 24.72 0.00 -0.3785 -0.9028 -0.9028
21075 51.64 24.72 0.00 -1.3542 -0.6198 -0.6198
21100 51.61 24.70 0.00 -0.6751 0.6340 0.6340
21125 51.61 24.63 0.00 0.1330 0.0032 0.0032
21150 51.61 24.63 0.00 0.1330 0.0032 0.0032
21175 51.62 24.49 0.00 0.3371 0.6933 0.6933
21200 51.62 24.37 0.00 -0.4715 0.7946 0.7946
21225 51.59 24.27 0.00 -0.4576 0.7067 0.7067
21250 51.59 24.27 0.00 -0.4576 0.7067 0.7067
21275 51.57 24.22 0.00 -0.4459 -0.4445 -0.4445
21300 51.55 24.24 0.00 -0.6587 -0.1930 -0.1930
21325 51.55 24.24 0.00 -0.6587 -0.1930 -0.1930
21350 51.52 24.27 0.00 -1.5328 -0.4896 -0.4896
21375 51.45 24.33 0.00 -1.5720 -1.8959 -1.8959
21400 51.45 24.33 0.00 -1.5720 -1.8959 -1.8959
21425 51.40 24.35 0.00 -1.1898 -1.6756 -1.6756
21450 51.31 24.32 0.00 -2.0256 -1.7837 -1.7837
21475 51.29 24.33 0.00 0.3420 3.0752 3.0752
21500 51.29 24.33 0.00 0.3420 3.0752 3.0752
21525 51.29 24.33 0.00 -0.1679 -0.2821 -0.2821
21550 51.26 24.37 0.00 -1.5017 -1.8784 -1.8784
21575 51.26 24.37 0.00 -1.5017 -1.8784 -1.8784
21600 51.19 24.37 0.00 -1.9020 -0.5718 -0.5718
21625 51.17 24.35 0.00 0.4460 1.2396 1.2396
21650 51.17 24.35 0.00 0.4460 1.2396 1.2396
21675 51.19 24.32 0.00 1.1002 -0.1826 -0.1826
21700 51.24 24.22 0.00 0.9639 0.3194 0.3194
21725 51.20 24.14 0.00 -1.5778 -0.0654 -0.0654
21750 51.20 24.14 0.00 -1.5778 -0.0654 -0.0654
21775 51.13 24.06 0.00 -2.2406 0.5411 0.5411
21800 51.06 23.96 0.00 -1.1103 -0.0235 -0.0235
21825 51.06 23.96 0.00 -1.1103 -0.0235 -0.0235
21850 51.03 23.90 0.00 -0.7052 0.7045 0.7045
21875 50.99 23.87 0.00 -1.0431 0.8804 0.8804
21900 50.99 23.87 0.00 -1.0431 0.8804 0.8804
21925 50.93 23.87 0.00 -2.5966 -0.9791 -0.9791
21950 50.79 23.89 0.00 -3.6974 -1.4527 -1.4527
21975 50.79 23.89 0.00 -3.6974 -1.4527 -1.4527
22000 50.59 23.87 0.00 -5.9958 -3.2511 -3.2511
22025 50.35 23.89 0.00 -5.8466 0.1055 0.1055
22050 50.35 23.89 0.00 -5.8466 0.1055 0.1055
22075 50.12 23.85 0.00 -5.6585 1.6233 1.6233
22100 49.90 23.83 0.00 -5.0903 -1.0403 -1.0403
22125 49.76 23.83 0.00 -2.5700 -1.7102 -1.7102
22150 49.76 23.83 0.00 -2.5700 -1.7102 -1.7102
22175 49.72 23.83 0.00 0.0293 -0.5404 -0.5404
22200 49.72 23.81 0.00 0.2847 -1.1554 -1.1554
22225 49.72 23.81 0.00 0.2847 -1.1554 -1.1554
22250 49.76 23.71 0.00 0.6924 1.1374 1.1374
22275 49.76 23.63 0.00 -0.1281 0.4046 0.4046
22300 49.74 23.57 0.00 -0.1779 0.0987 0.0987
22325 49.74 23.57 0.00 -0.1779 0.0987 0.0987
22350 49.74 23.53 0.00 0.3400 0.5559 0.5559
22375 49.79 23.51 0.00 1.2896 1.0420 1.0420
22400 49.79 23.51 0.00 1.2896 1.0420 1.0420
22425 49.84 23.49 0.00 1.2502 0.3098 0.3098
22450 49.86 23.49 0.00 0.0927 -0.8542 -0.8542
22475 49.86 23.49 0.00 0.0927 -0.8542 -0.8542
22500 49.86 23.47 0.00 -0.6466 -0.7341 -0.7341
22525 49.81 23.47 0.00 -0.9570 -0.0073 -0.0073
22550 49.76 23.42 0.00 -1.5603 -1.9280 -1.9280
22575 49.76 23.42 0.00 -1.5603 -1.9280 -1.9280
22600 49.74 23.40 0.00 0.5061 1.3538 1.3538
22625 49.76 23.36 0.00 0.1834 -0.4181 -0.4181
22650 49.76 23.36 0.00 0.1834 -0.4181 -0.4181
22675 49.76 23.34 0.00 -0.1276 -1.3880 -1.3880
22700 49.72 23.28 0.00 -1.1006 -0.5637 -0.5637
22725 49.72 23.28 0.00 -1.1006 -0.5637 -0.5637
22750 49.67 23.18 0.00 -1.5183 -0.4782 -0.4782
22775 49.63 23.02 0.00 -0.7962 -0.0125 -0.0125
22800 49.60 22.86 0.00 -0.9294 0.5562 0.5562
22825 49.60 22.86 0.00 -0.9294 0.5562 0.5562
22850 49.58 22.69 0.00 -0.3995 0.9770 0.9770
22875 49.58 22.53 0.00 0.0806 0.9107 0.9107
22900 49.58 22.53 0.00 0.0806 0.9107 0.9107
22925 49.56 22.45 0.00 -0.4775 0.0465 0.0465
22950 49.53 22.41 0.00 -0.6161 0.2053 0.2053
22975 49.53 22.41 0.00 -0.6161 0.2053 0.2053
23000 49.51 22.39 0.00 -0.7369 -0.8929 -0.8929
23025 49.48 22.39 0.00 -1.3790 -1.8913 -1.8913
23050 49.48 22.39 0.00 -1.3790 -1.8913 -1.8913
23075 49.39 22.45 0.00 -2.0227 -1.1776 -1.1776
23100 49.28 22.49 0.00 -3.6029 -3.8703 -3.8703
23125 49.14 22.55 0.00 -3.1238 -2.0663 -2.0663
23150 49.14 22.55 0.00 -3.1238 -2.0663 -2.0663
23175 49.02 22.63 0.00 -3.2946 -2.4540 -2.4540
23200 48.90 22.74 0.00 -2.4692 -2.3397 -2.3397
23225 48.90 22.74 0.00 -2.4692 -2.3397 -2.3397
23250 48.81 22.86 0.00 -1.7814 -1.5248 -1.5248
23275 48.78 22.98 0.00 -1.0718 -1.1236 -1.1236
23300 48.78 22.98 0.00 -1.0718 -1.1236 -1.1236
23325 48.74 23.02 0.00 -1.4167 -1.2891 -1.2891
23350 48.67 23.02 0.00 -1.0086 0.0579 0.0579
23375 48.64 22.90 0.00 -1.1726 -0.2920 -0.2920
23400 48.64 22.90 0.00 -1.1726 -0.2920 -0.2920
23425 48.62 22.82 0.00 -0.1454 0.1827 0.1827
23450 48.62 22.76 0.00 -0.2346 -0.2699 -0.2699
23475 48.62 22.76 0.00 -0.2346 -0.2699 -0.2699
23500 48.60 22.70 0.00 -0.4366 -0.2101 -0.2101
23525 48.59 22.66 0.00 -0.1376 0.2670 0.2670
23550 48.59 22.66 0.00 -0.1376 0.2670 0.2670
23575 48.59 22.64 0.00 -0.4151 -1.0333 -1.0333
23600 48.57 22.60 0.00 -0.2571 -0.8690 -0.8690
23625 48.57 22.54 0.00 -0.4638 -0.9818 -0.9818
23650 48.55 22.44 0.00 0.2468 0.4509 0.4509
23675 48.55 22.44 0.00 0.2468 0.4509 0.4509
23700 48.59 22.41 0.00 0.7051 1.4865 1.4865
23725 48.59 22.41 0.00 0.7051 1.4865 1.4865
23750 48.60 22.41 0.00 0.3425 -0.7218 -0.7218
23775 48.60 22.43 0.00 -0.6449 -0.9654 -0.9654
23800 48.60 22.43 0.00 -0.6449 -0.9654 -0.9654
23825 48.55 22.41 0.00 -1.2943 0.1789 0.1789
23850 48.53 22.41 0.00 -0.2561 -0.2372 -0.2372
23875 48.53 22.33 0.00 0.8931 0.0377 0.0377
23900 48.53 22.33 0.00 0.8931 0.0377 0.0377
23925 48.57 22.21 0.00 -0.0826 0.7243 0.7243
23950 48.57 22.11 0.00 0.4624 2.0074 2.0074
23975 48.57 22.11 0.00 0.4624 2.0074 2.0074
24000 48.60 21.97 0.00 0.8919 0.9350 0.9350
24025 48.64 21.87 0.00 0.8997 0.9866 0.9866
24050 48.64 21.87 0.00 0.8997 0.9866 0.9866
24075 48.66 21.85 0.00 0.5982 1.4713 1.4713
24100 48.67 21.87 0.00 -0.1081 0.0547 0.0547
24125 48.64 21.91 0.00 -1.2502 -1.1014 -1.1014
24150 48.64 21.91 0.00 -1.2502 -1.1014 -1.1014
24175 48.57 21.93 0.00 -2.1814 -0.3316 -0.3316
24200 48.57 21.93 0.00 -2.1814 -0.3316 -0.3316
24225 48.41 21.87 0.00 -4.3445 -1.7067 -1.7067
24250 48.31 21.87 0.00 -1.2902 1.8865 1.8865
24275 48.27 21.81 0.00 -0.7179 -0.2303 -0.2303
24300 48.25 21.83 0.00 -0.6835 -1.2629 -1.2629
24325 48.25 21.83 0.00 -0.6835 -1.2629 -1.2629
24350 48.18 21.77 0.00 -2.7419 -0.8116 -0.8116
24375 48.03 21.67 0.00 -4.6519 -0.1917 -0.1917
24400 48.03 21.67 0.00 -4.6519 -0.1917 -0.1917
24425 47.82 21.53 0.00 -5.8744 -1.2801 -1.2801
24450 47.64 21.41 0.00 -3.0438 0.3884 0.3884
24475 47.64 21.41 0.00 -3.0438 0.3884 0.3884
24500 47.56 21.30 0.00 -1.2427 -0.4739 -0.4739
24525 47.52 21.22 0.00 -0.8922 -0.8630 -0.8630
24550 47.49 21.22 0.00 -0.8371 -0.3223 -0.3223
24575 47.49 21.22 0.00 -0.8371 -0.3223 -0.3223
24600 47.49 21.24 0.00 0.4548 0.5935 0.5935
24625 47.54 21.26 0.00 1.4058 0.3671 0.3671
24650 47.54 21.26 0.00 1.4058 0.3671 0.3671
24675 47.57 21.29 0.00 0.7097 -0.3107 -0.3107
24700 47.57 21.29 0.00 0.7097 -0.3107 -0.3107
24725 47.57 21.31 0.00 -0.5641 -0.1414 -0.1414
24750 47.54 21.26 0.00 -0.7419 0.3100 0.3100
24775 47.49 21.20 0.00 -1.2354 -1.9207 -1.9207
24800 47.49 21.22 0.00 1.0938 2.4718 2.4718
24825 47.49 21.22 0.00 1.0938 2.4718 2.4718
24850 47.52 21.22 0.00 0.4338 0.1075 0.1075
24875 47.52 21.28 0.00 0.0272 -0.9798 -0.9798
24900 47.52 21.28 0.00 0.0272 -0.9798 -0.9798
24925 47.49 21.34 0.00 -1.7492 -1.5435 -1.5435
24950 47.42 21.34 0.00 -1.2819 -0.0600 -0.0600
24975 47.42 21.34 0.00 -1.2819 -0.0600 -0.0600
25000 47.38 21.30 0.00 -0.7653 -0.9272 -0.9272
25025 47.38 21.20 0.00 0.5309 1.1360 1.1360
25050 47.38 21.06 0.00 -0.2918 0.8463 0.8463
25075 47.38 21.06 0.00 -0.2918 0.8463 0.8463
25100 47.38 20.92 0.00 -0.1299 1.0273 1.0273
25125 47.38 20.82 0.00 0.0250 0.6741 0.6741
25150 47.38 20.76 0.00 -0.0796 0.4703 0.4703
25175 47.38 20.76 0.00 -0.0796 0.4703 0.4703
25200 47.36 20.74 0.00 -0.7887 0.0485 0.0485
25225 47.29 20.70 0.00 -2.6718 -1.4362 -1.4362
25250 47.29 20.70 0.00 -2.6718 -1.4362 -1.4362
25275 47.15 20.66 0.00 -3.5885 -1.5068 -1.5068
25300 46.96 20.60 0.00 -5.6599 -1.2530 -1.2530
25325 46.96 20.60 0.00 -5.6599 -1.2530 -1.2530
25350 46.72 20.50 0.00 -6.6366 -2.2659 -2.2659
25375 46.46 20.35 0.00 -6.2664 -3.9485 -3.9485
25400 46.46 20.35 0.00 -6.2664 -3.9485 -3.9485
25425 46.28 20.27 0.00 -2.9699 -1.1150 -1.1150
25450 46.25 20.23 0.00 -0.5098 1.2926 1.2926
25475 46.25 20.23 0.00 -0.5098 1.2926 1.2926
25500 46.23 20.23 0.00 -0.2015 -1.3367 -1.3367
25525 46.19 20.27 0.00 -1.7756 -2.7264 -2.7264
25550 46.11 20.27 0.00 -2.1154 -1.2147 -1.2147
25575 46.11 20.27 0.00 -2.1154 -1.2147 -1.2147
25600 46.04 20.25 0.00 -1.4324 -0.6264 -0.6264
25625 46.00 20.16 0.00 -0.2115 -0.5800 -0.5800
25650 46.00 20.16 0.00 -0.2115 -0.5800 -0.5800
25675 46.04 20.04 0.00 0.7258 0.0060 0.0060
25700 46.05 19.96 0.00 0.5148 0.4366 0.4366
25725 46.07 19.92 0.00 0.0231 0.5885 0.5885
25750 46.07 19.92 0.00 0.0231 0.5885 0.5885
25775 46.07 19.88 0.00 0.3697 0.8194 0.8194
25800 46.07 19.88 0.00 0.3697 0.8194 0.8194
25825 46.09 19.86 0.00 0.4246 0.4879 0.4879
25850 46.11 19.84 0.00 -0.2047 -0.0785 -0.0785
25875 46.07 19.86 0.00 -1.0006 -1.0350 -1.0350
25900 46.00 19.88 0.00 -1.9000 -1.2388 -1.2388
25925 46.00 19.88 0.00 -1.9000 -1.2388 -1.2388
25950 45.93 19.88 0.00 -1.4645 -0.3608 -0.3608
25975 45.90 19.90 0.00 -0.5762 -0.1855 -0.1855
26000 45.90 19.90 0.00 -0.5762 -0.1855 -0.1855
26025 45.86 19.88 0.00 -1.2904 -2.3170 -2.3170
26050 45.83 19.86 0.00 -0.6348 0.6238 0.6238
26075 45.83 19.86 0.00 -0.6348 0.6238 0.6238
26100 45.83 19.92 0.00 0.0904 1.2326 1.2326
26125 45.83 20.02 0.00 0.1518 -0.5859 -0.5859
26150 45.83 20.02 0.00 0.1518 -0.5859 -0.5859
26175 45.81 20.08 0.00 -1.0934 -1.1527 -1.1527
26200 45.74 20.12 0.00 -1.8113 -0.1517 -0.1517
26225 45.74 20.12 0.00 -1.8113 -0.1517 -0.1517
26250 45.67 20.10 0.00 -2.1618 -0.6968 -0.6968
26275 45.60 20.00 0.00 -0.9579 -0.0815 -0.0815
26300 45.58 19.92 0.00 -0.9543 -0.3440 -0.3440
26325 45.58 19.92 0.00 -0.9543 -0.3440 -0.3440
26350 45.55 19.83 0.00 -0.9972 -0.0754 -0.0754
26375 45.49 19.77 0.00 -1.3068 0.3502 0.3502
26400 45.49 19.77 0.00 -1.3068 0.3502 0.3502
26425 45.44 19.73 0.00 -1.0364 0.5446 0.5446
26450 45.41 19.73 0.00 -1.0478 -0.3495 -0.3495
26475 45.34 19.79 0.00 -2.0570 -1.5523 -1.5523
26500 45.34 19.79 0.00 -2.0570 -1.5523 -1.5523
26525 45.23 19.85 0.00 -3.5973 -1.5855 -1.5855
26550 45.23 19.85 0.00 -3.5973 -1.5855 -1.5855
26575 45.04 19.87 0.00 -5.6445 -1.1478 -1.1478
26600 44.78 19.90 0.00 -6.4484 0.1888 0.1888
26625 44.51 19.87 0.00 -6.5638 -2.8603 -2.8603
26650 44.51 19.87 0.00 -6.5638 -2.8603 -2.8603
26675 44.32 19.83 0.00 -3.4858 -0.6018 -0.6018
26700 44.23 19.83 0.00 -1.7776 -0.4874 -0.4874
26725 44.23 19.83 0.00 -1.7776 -0.4874 -0.4874
26750 44.20 19.87 0.00 -0.7648 -1.1517 -1.1517
26775 44.16 19.89 0.00 -0.8692 -0.7063 -0.7063
26800 44.11 19.87 0.00 -1.1113 -0.6135 -0.6135
26825 44.11 19.87 0.00 -1.1113 -0.6135 -0.6135
26850 44.06 19.82 0.00 -1.4655 -1.2961 -1.2961
26875 44.04 19.70 0.00 -0.3648 0.0108 0.0108
26900 44.04 19.70 0.00 -0.3648 0.0108 0.0108
26925 44.02 19.54 0.00 -0.0986 0.0492 0.0492
26950 44.04 19.44 0.00 0.7864 0.8310 0.8310
26975 44.04 19.44 0.00 0.7864 0.8310 0.8310
27000 44.08 19.36 0.00 0.6526 0.1440 0.1440
27025 44.09 19.32 0.00 0.6925 0.7375 0.7375
27050 44.13 19.32 0.00 1.1750 0.7569 0.7569
27075 44.13 19.32 0.00 1.1750 0.7569 0.7569
27100 44.18 19.36 0.00 0.7245 -0.5682 -0.5682
27125 44.18 19.38 0.00 -0.4431 -0.7140 -0.7140
27150 44.15 19.36 0.00 -0.5436 0.0052 0.0052
27175 44.15 19.36 0.00 -0.5436 0.0052 0.0052
27200 44.15 19.32 0.00 -0.4475 -0.7590 -0.7590
27225 44.11 19.20 0.00 -0.4487 -0.8503 -0.8503
27250 44.11 19.20 0.00 -0.4487 -0.8503 -0.8503
27275 44.15 19.14 0.00 1.2226 1.9865 1.9865
27300 44.18 19.10 0.00 1.2192 0.2986 0.2986
27325 44.18 19.10 0.00 1.2192 0.2986 0.2986
27350 44.22 19.10 0.00 0.0925 -0.8747 -0.8747
27375 44.18 19.08 0.00 -1.2455 -0.5330 -0.5330
27400 44.13 19.02 0.00 -0.9681 -0.0407 -0.0407
27425 44.13 19.02 0.00 -0.9681 -0.0407 -0.0407
27450 44.11 18.92 0.00 -0.3370 -0.5037 -0.5037
27475 44.13 18.75 0.00 0.2210 0.7015 0.7015
27500 44.13 18.75 0.00 0.2210 0.7015 0.7015
27525 44.11 18.59 0.00 -0.2900 0.7105 0.7105
27550 44.09 18.45 0.00 -0.3119 0.6180 0.6180
27575 44.09 18.37 0.00 0.2839 0.5275 0.5275
27600 44.09 18.37 0.00 0.2839 0.5275 0.5275
27625 44.11 18.33 0.00 0.0308 0.5314 0.5314
27650 44.11 18.33 0.00 0.0308 0.5314 0.5314
27675 44.09 18.33 0.00 -0.6873 -0.1398 -0.1398
27700 44.04 18.32 0.00 -1.9713 -1.4724 -1.4724
27725 43.94 18.32 0.00 -2.5912 -1.1411 -1.1411
27750 43.94 18.32 0.00 -2.5912 -1.1411 -1.1411
27775 43.85 18.32 0.00 -1.7248 -0.6861 -0.6861
27800 43.85 18.32 0.00 -1.7248 -0.6861 -0.6861
27825 43.78 18.26 0.00 -1.8294 -2.1836 -2.1836
27850 43.74 18.26 0.00 0.0263 1.9562 1.9562
27875 43.74 18.28 0.00 0.0880 -0.0616 -0.0616
27900 43.74 18.28 0.00 0.0880 -0.0616 -0.0616
27925 43.76 18.34 0.00 -0.1256 -1.6545 -1.6545
27950 43.71 18.38 0.00 -1.2751 -1.4271 -1.4271
27975 43.67 18.42 0.00 -1.1574 -0.0865 -0.0865
28000 43.67 18.42 0.00 -1.1574 -0.0865 -0.0865
28025 43.64 18.46 0.00 -1.0246 -0.7417 -0.7417
28050 43.60 18.41 0.00 -0.0899 0.1172 0.1172
28075 43.60 18.41 0.00 -0.0899 0.1172 0.1172
28100 43.59 18.39 0.00 -0.8791 -0.4105 -0.4105
28125 43.57 18.35 0.00 -0.1660 0.5950 0.5950
28150 43.59 18.35 0.00 0.5228 0.7377 0.7377
28175 43.59 18.35 0.00 0.5228 0.7377 0.7377
28200 43.62 18.39 0.00 1.1440 1.1346 1.1346
28225 43.66 18.44 0.00 0.9508 0.9136 0.9136
28250 43.66 18.44 0.00 0.9508 0.9136 0.9136
28275 43.69 18.50 0.00 0.4342 0.0571 0.0571
28300 43.71 18.56 0.00 0.2600 -0.2606 -0.2606
28325 43.71 18.56 0.00 0.2600 -0.2606 -0.2606
28350 43.69 18.58 0.00 -0.6203 0.2699 0.2699
28375 43.66 18.60 0.00 -1.3558 -1.2402 -1.2402
28400 43.66 18.60 0.00 -1.3558 -1.2402 -1.2402
28425 43.62 18.58 0.00 -0.2797 0.0207 0.0207
28450 43.66 18.60 0.00 1.0344 2.4953 2.4953
28475 43.66 18.60 0.00 1.0344 2.4953 2.4953
28500 43.67 18.62 0.00 0.2567 0.0183 0.0183
28525 43.66 18.66 0.00 -0.7523 -1.4066 -1.4066
28550 43.60 18.64 0.00 -1.8930 -0.7163 -0.7163
28575 43.60 18.64 0.00 -1.8930 -0.7163 -0.7163
28600 43.53 18.58 0.00 -1.6836 -0.5660 -0.5660
28625 43.46 18.47 0.00 -1.8103 -1.6406 -1.6406
28650 43.46 18.47 0.00 -1.8103 -1.6406 -1.6406
28675 43.43 18.31 0.00 -1.0684 -0.3172 -0.3172
28700 43.38 18.12 0.00 -1.4446 0.2259 0.2259
28725 43.32 17.94 0.00 -1.1132 0.4293 0.4293
28750 43.32 17.94 0.00 -1.1132 0.4293 0.4293
28775 43.31 17.79 0.00 -0.3917 0.2939 0.2939
28800 43.27 17.69 0.00 -0.7053 0.0802 0.0802
28825 43.27 17.69 0.00 -0.7053 0.0802 0.0802
28850 43.24 17.63 0.00 -1.5298 -0.6593 -0.6593
28875 43.15 17.56 0.00 -2.5835 -1.8497 -1.8497
28900 43.15 17.56 0.00 -2.5835 -1.8497 -1.8497
28925 42.99 17.50 0.00 -3.9379 -1.6260 -1.6260
28950 42.83 17.43 0.00 -4.1536 -2.2281 -2.2281
28975 42.69 17.37 0.00 -3.2538 -3.1793 -3.1793
29000 42.69 17.37 0.00 -3.2538 -3.1793 -3.1793
29025 42.60 17.36 0.00 -1.4836 0.4813 0.4813
29050 42.53 17.36 0.00 -2.4436 -2.2927 -2.2927
29075 42.53 17.36 0.00 -2.4436 -2.2927 -2.2927
29100 42.38 17.40 0.00 -4.4766 -3.3633 -3.3633
29125 42.20 17.43 0.00 -4.8329 -2.4058 -2.4058
29150 42.20 17.43 0.00 -4.8329 -2.4058 -2.4058
29175 42.02 17.45 0.00 -4.0798 -2.3989 -2.3989
29200 41.88 17.38 0.00 -2.6040 -2.3389 -2.3389
29225 41.88 17.38 0.00 -2.6040 -2.3389 -2.3389
29250 41.81 17.26 0.00 -1.8354 -1.5559 -1.5559
29275 41.81 17.26 0.00 -1.8354 -1.5559 -1.5559
29300 41.74 17.13 0.00 -1.0997 -0.3353 -0.3353
29325 41.73 17.03 0.00 -0.2107 0.0010 0.0010
29350 41.74 16.95 0.00 0.4827 -0.1302 -0.1302
29375 41.76 16.88 0.00 0.1385 -0.2883 -0.2883
29400 41.76 16.88 0.00 0.1385 -0.2883 -0.2883
29425 41.76 16.82 0.00 -0.3662 -0.4345 -0.4345
29450 41.73 16.78 0.00 -0.7133 -0.9344 -0.9344
29475 41.71 16.78 0.00 -0.1165 0.2630 0.2630
29500 41.71 16.78 0.00 -0.1165 0.2630 0.2630
29525 41.69 16.74 0.00 -1.5888 -2.3802 -2.3802
29550 41.69 16.74 0.00 -1.5888 -2.3802 -2.3802
29575 41.64 16.69 0.00 -0.9169 -0.2822 -0.2822
29600 41.62 16.71 0.00 -0.0550 0.8770 0.8770
29625 41.62 16.78 0.00 0.0344 -0.8482 -0.8482
29650 41.62 16.78 0.00 0.0344 -0.8482 -0.8482
29675 41.59 16.80 0.00 -1.2981 -1.0421 -1.0421
29700 41.53 16.77 0.00 -1.6221 0.0663 0.0663
29725 41.44 16.65 0.00 -2.1776 0.0836 0.0836
29750 41.44 16.65 0.00 -2.1776 0.0836 0.0836
29775 41.30 16.25 0.00 -4.3794 2.0186 2.0186
29800 41.08 15.45 0.00 -7.6725 3.8865 3.8865
29825 41.08 15.45 0.00 -7.6725 3.8865 3.8865
29850 40.74 14.29 0.00 -7.9593 3.8052 3.8052
29875 40.74 14.29 0.00 -7.9593 3.8052 3.8052
29900 40.48 13.24 0.00 -5.7852 1.7319 1.7319
29925 40.30 12.53 0.00 -3.5776 -0.8565 -0.8565
29950 40.16 12.18 0.00 -3.1990 -2.7916 -2.7916
29975 40.16 12.18 0.00 -3.1990 -2.7916 -2.7916
30000 40.04 12.14 0.00 -3.5972 -4.8405 -4.8405
30025 39.86 12.19 0.00 -4.8296 -4.8182 -4.8182
30050 39.63 12.25 0.00 -6.4225 -6.2452 -6.2452
30075 39.63 12.25 0.00 -6.4225 -6.2452 -6.2452
30100 39.37 12.25 0.00 -6.9672 -5.5911 -5.5911
30125 39.10 12.24 0.00 -7.0098 -3.5550 -3.5550
30150 39.10 12.24 0.00 -7.0098 -3.5550 -3.5550
30175 38.77 12.24 0.00 -8.4734 -3.7975 -3.7975
30200 38.39 12.27 0.00 -9.9366 -3.1544 -3.1544
30225 37.99 12.25 0.00 -10.2970 -2.2954 -2.2954
30250 37.99 12.25 0.00 -10.2970 -2.2954 -2.2954
30275 37.58 12.22 0.00 -10.3453 -3.0330 -3.0330
30300 37.17 12.11 0.00 -9.5055 -3.0545 -3.0545
30325 37.17 12.11 0.00 -9.5055 -3.0545 -3.0545
30350 36.83 11.88 0.00 -7.7202 -2.1058 -2.1058
30375 36.62 11.69 0.00 -6.5722 -1.8224 -1.8224
30400 36.62 11.69 0.00 -6.5722 -1.8224 -1.8224
30425 36.41 11.44 0.00 -5.3256 -2.2129 -2.2129
30450 36.41 11.44 0.00 -5.3256 -2.2129 -2.2129
30475 36.21 11.19 0.00 -4.4379 -3.3427 -3.3427
30500 36.07 10.99 0.00 -3.0410 -2.1869 -2.1869
30525 35.96 10.85 0.00 -2.2328 -2.1326 -2.1326
30550 35.89 10.83 0.00 -1.9759 -3.5332 -3.5332
30575 35.89 10.83 0.00 -1.9759 -3.5332 -3.5332
30600 35.82 10.89 0.00 -1.8725 -3.9686 -3.9686
30625 35.71 11.01 0.00 -2.4356 -3.8970 -3.8970
30650 35.68 11.24 0.00 0.2437 -0.2068 -0.2068
30675 35.68 11.24 0.00 0.2437 -0.2068 -0.2068
30700 35.71 11.55 0.00 1.4898 -1.7899 -1.7899
30725 35.77 12.00 0.00 0.8465 -2.8407 -2.8407
30750 35.77 12.00 0.00 0.8465 -2.8407 -2.8407
30775 35.77 12.52 0.00 -0.4356 -2.1894 -2.1894
30800 35.77 13.07 0.00 0.0944 -1.1449 -1.1449
30825 35.77 13.07 0.00 0.0944 -1.1449 -1.1449
30850 35.77 13.48 0.00 0.3129 -1.4415 -1.4415
30875 35.79 13.67 0.00 0.2352 -0.2935 -0.2935
30900 35.79 13.67 0.00 0.2352 -0.2935 -0.2935
30925 35.79 13.75 0.00 0.4343 0.4760 0.4760
30950 35.82 13.80 0.00 1.0540 0.5596 0.5596
30975 35.82 13.80 0.00 1.0540 0.5596 0.5596
31000 35.87 13.80 0.00 1.4597 0.7832 0.7832
31025 35.95 13.78 0.00 1.7479 2.3095 2.3095
31050 36.02 13.81 0.00 1.9350 1.7757 1.7757
31075 36.02 13.81 0.00 1.9350 1.7757 1.7757
31100 36.09 13.86 0.00 1.4156 0.4585 0.4585
31125 36.12 13.86 0.00 0.5643 0.4401 0.4401
31150 36.12 13.86 0.00 0.5643 0.4401 0.4401
31175 36.07 13.81 0.00 -1.3764 -1.8098 -1.8098
31200 36.07 13.77 0.00 0.8553 3.2868 3.2868
31225 36.12 13.69 0.00 1.4845 1.6330 1.6330
31250 36.12 13.69 0.00 1.4845 1.6330 1.6330
31275 36.20 13.65 0.00 1.3797 -0.7613 -0.7613
31300 36.20 13.63 0.00 -0.3354 -1.2169 -1.2169
31325 36.20 13.63 0.00 -0.3354 -1.2169 -1.2169
31350 36.18 13.63 0.00 -0.2362 0.4080 0.4080
31375 36.18 13.63 0.00 -0.2362 0.4080 0.4080
31400 36.21 13.76 0.00 0.9597 -0.6516 -0.6516
31425 36.21 13.76 0.00 0.9597 -0.6516 -0.6516
31450 36.23 13.93 0.00 -0.1652 -0.9491 -0.9491
31475 36.23 14.22 0.00 -0.0400 -1.0368 -1.0368
31500 36.23 14.22 0.00 -0.0400 -1.0368 -1.0368
31525 36.21 14.77 0.00 -0.2415 -1.1311 -1.1311
31550 36.21 15.48 0.00 0.1350 -0.5707 -0.5707
31575 36.21 15.48 0.00 0.1350 -0.5707 -0.5707
31600 36.21 16.50 0.00 -0.5350 -2.5340 -2.5340
31625 36.18 17.74 0.00 -1.4532 -2.8228 -2.8228
31650 36.18 17.74 0.00 -1.4532 -2.8228 -2.8228
31675 36.12 18.99 0.00 -0.9021 -3.7442 -3.7442
31700 36.09 20.21 0.00 -0.7358 -4.9436 -4.9436
31725 36.09 20.21 0.00 -0.7358 -4.9436 -4.9436
31750 36.09 21.27 0.00 0.3878 -2.8866 -2.8866
31775 36.16 22.18 0.00 2.3999 0.5497 0.5497
31800 36.25 22.96 0.00 2.7810 -1.1612 -1.1612
31825 36.25 22.96 0.00 2.7810 -1.1612 -1.1612
31850 36.34 23.62 0.00 1.4938 -1.9167 -1.9167
31875 36.36 24.09 0.00 -0.5037 -1.3853 -1.3853
31900 36.32 24.41 0.00 -1.1959 -1.1777 -1.1777
31925 36.32 24.41 0.00 -1.1959 -1.1777 -1.1777
31950 36.25 24.74 0.00 -1.7814 -1.7534 -1.7534
31975 36.20 24.95 0.00 -1.2509 -1.3984 -1.3984
32000 36.20 24.95 0.00 -1.2509 -1.3984 -1.3984
32025 36.16 25.11 0.00 -0.6243 -1.1396 -1.1396
32050 36.14 25.25 0.00 -0.1926 -0.4038 -0.4038
32075 36.14 25.25 0.00 -0.1926 -0.4038 -0.4038
32100 36.14 25.38 0.00 0.2099 -0.0109 -0.0109
32125 36.18 25.52 0.00 0.7045 0.2551 0.2551
32150 36.18 25.52 0.00 0.7045 0.2551 0.2551
32175 36.20 25.68 0.00 0.3506 -0.4590 -0.4590
32200 36.20 25.87 0.00 -0.2257 -1.1438 -1.1438
32225 36.20 25.87 0.00 -0.2257 -1.1438 -1.1438
32250 36.16 26.05 0.00 -1.2539 -1.5107 -1.5107
32275 36.11 26.20 0.00 -2.0263 -2.1141 -2.1141
32300 36.02 26.33 0.00 -1.8467 -1.5840 -1.5840
32325 36.02 26.33 0.00 -1.8467 -1.5840 -1.5840
32350 35.98 26.49 0.00 -0.7700 -0.2021 -0.2021
32375 35.95 26.68 0.00 -0.6722 -1.4767 -1.4767
32400 35.89 26.87 0.00 -1.4333 -1.4436 -1.4436
32425 35.89 26.87 0.00 -1.4333 -1.4436 -1.4436
32450 35.80 27.00 0.00 -2.5374 -1.6770 -1.6770
32475 35.80 27.00 0.00 -2.5374 -1.6770 -1.6770
32500 35.70 27.17 0.00 -3.2588 -1.8903 -1.8903
32525 35.52 27.32 0.00 -4.5926 -1.8701 -1.8701
32550 35.52 27.32 0.00 -4.5926 -1.8701 -1.8701
32575 35.32 27.45 0.00 -5.2094 -2.0654 -2.0654
32600 35.11 27.67 0.00 -5.2495 -2.3524 -2.3524
32625 34.86 27.95 0.00 -7.2801 -2.2597 -2.2597
32650 34.55 28.15 0.00 -7.7894 -1.5376 -1.5376
32675 34.55 28.15 0.00 -7.7894 -1.5376 -1.5376
32700 34.34 28.23 0.00 -6.7361 -0.6978 -0.6978
32725 34.11 28.24 0.00 -5.0531 -1.2160 -1.2160
32750 34.11 28.24 0.00 -5.0531 -1.2160 -1.2160
32775 33.95 28.20 0.00 -3.4938 -1.8598 -1.8598
32800 33.95 28.20 0.00 -3.4938 -1.8598 -1.8598
32825 33.80 28.13 0.00 -3.5059 -1.6598 -1.6598
32850 33.64 28.05 0.00 -5.2447 -2.8503 -2.8503
32875 33.39 27.92 0.00 -6.6984 -2.5700 -2.5700
32900 33.12 27.86 0.00 -6.2559 -0.2614 -0.2614
32925 33.12 27.86 0.00 -6.2559 -0.2614 -0.2614
32950 32.89 27.89 0.00 -5.5477 -1.7416 -1.7416
32975 32.69 27.92 0.00 -4.6179 -2.3207 -2.3207
33000 32.69 27.92 0.00 -4.6179 -2.3207 -2.3207
33025 32.51 27.85 0.00 -4.2978 -2.4658 -2.4658
33050 32.51 27.85 0.00 -4.2978 -2.4658 -2.4658
33075 32.08 27.63 0.00 -6.8568 -2.0921 -2.0921
33100 32.08 27.63 0.00 -6.8568 -2.0921 -2.0921
33125 31.79 27.39 0.00 -7.7615 -1.1110 -1.1110
33150 31.79 27.39 0.00 -7.7615 -1.1110 -1.1110
33175 31.48 27.15 0.00 -7.1757 -1.5792 -1.5792
33200 31.25 26.96 0.00 -5.3776 -1.8141 -1.8141
33225 31.25 26.96 0.00 -5.3776 -1.8141 -1.8141
33250 31.07 26.84 0.00 -3.7640 -2.4386 -2.4386
33275 30.96 26.81 0.00 -2.4375 -2.0224 -2.0224
33300 30.85 26.88 0.00 -2.6934 -2.0759 -2.0759
33325 30.85 26.88 0.00 -2.6934 -2.0759 -2.0759
33350 30.72 27.03 0.00 -3.8969 -2.8190 -2.8190
33375 30.54 27.25 0.00 -4.6970 -3.4063 -3.4063
33400 30.54 27.25 0.00 -4.6970 -3.4063 -3.4063
33425 30.54 27.25 0.00 -4.6970 -3.4063 -3.4063
33450 30.09 27.73 0.00 -8.2800 -4.1763 -4.1763
33475 30.09 27.73 0.00 -8.2800 -4.1763 -4.1763
33500 29.75 28.06 0.00 -8.5437 -1.4502 -1.4502
33525 29.40 28.37 0.00 -9.3533 -1.3639 -1.3639
33550 29.00 28.72 0.00 -9.9640 -2.4743 -2.4743
33575 29.00 28.72 0.00 -9.9640 -2.4743 -2.4743
33600 28.54 29.08 0.00 -12.4698 -4.6229 -4.6229
33625 28.05 29.46 0.00 -12.2346 -3.7892 -3.7892
33650 28.05 29.46 0.00 -12.2346 -3.7892 -3.7892
33675 27.57 29.81 0.00 -11.7449 -4.7452 -4.7452
33700 27.17 30.06 0.00 -8.6833 -3.3450 -3.3450
33725 27.17 30.06 0.00 -8.6833 -3.3450 -3.3450
33750 26.89 30.25 0.00 -6.0461 -3.1377 -3.1377
33775 26.69 30.38 0.00 -4.5166 -2.7419 -2.7419
33800 26.55 30.50 0.00 -3.5481 -2.3549 -2.3549
33825 26.55 30.50 0.00 -3.5481 -2.3549 -2.3549
33850 26.42 30.59 0.00 -2.6693 -1.0785 -1.0785
33875 26.32 30.64 0.00 -2.2453 -1.3871 -1.3871
33900 26.32 30.64 0.00 -2.2453 -1.3871 -1.3871
33925 26.23 30.69 0.00 -2.6263 -1.6490 -1.6490
33950 26.12 30.65 0.00 -2.8567 -1.3400 -1.3400
33975 25.99 30.62 0.00 -2.8854 -1.1671 -1.1671
34000 25.99 30.62 0.00 -2.8854 -1.1671 -1.1671
34025 25.88 30.56 0.00 -2.9212 -2.6516 -2.6516
34050 25.79 30.51 0.00 -1.7514 -0.7858 -0.7858
34075 25.79 30.51 0.00 -1.7514 -0.7858 -0.7858
34100 25.72 30.51 0.00 -2.1142 0.5327 0.5327
34125 25.60 30.48 0.00 -2.8729 -0.3330 -0.3330
34150 25.33 30.50 0.00 -10.6605 -2.2688 -2.2688
34175 25.33 30.50 0.00 -10.6605 -2.2688 -2.2688
34200 24.68 30.46 0.00 -18.8228 -1.9175 -1.9175
34225 24.10 30.44 0.00 -19.1935 -1.7378 -1.7378
34250 24.10 30.44 0.00 -19.1935 -1.7378 -1.7378
34275 23.41 30.37 0.00 -14.9728 -3.1135 -3.1135
34300 23.04 30.24 0.00 -6.0218 -1.3206 -1.3206
34325 23.04 30.24 0.00 -6.0218 -1.3206 -1.3206
34350 22.96 30.12 0.00 -0.1652 -1.2240 -1.2240
34375 22.98 29.97 0.00 0.9030 -0.1263 -0.1263
34400 22.98 29.97 0.00 0.9030 -0.1263 -0.1263
34425 22.98 29.83 0.00 -0.9414 0.9983 0.9983
34450 22.87 29.74 0.00 -4.1160 1.3304 1.3304
34475 22.62 29.73 0.00 -7.0235 0.5552 0.5552
34500 22.62 29.73 0.00 -7.0235 0.5552 0.5552
34525 22.23 29.73 0.00 -11.7446 -0.3352 -0.3352
34550 21.65 29.79 0.00 -17.5870 -0.5706 -0.5706
34575 21.65 29.79 0.00 -17.5870 -0.5706 -0.5706
34600 20.80 29.82 0.00 -23.7186 1.0136 1.0136
34625 19.69 29.89 0.00 -29.2653 -1.2288 -1.2288
34650 19.69 29.89 0.00 -29.2653 -1.2288 -1.2288
34675 18.53 29.97 0.00 -28.4907 0.4259 0.4259
34700 17.51 30.14 0.00 -23.2610 2.9168 2.9168
34725 16.75 30.33 0.00 -15.8426 2.9205 2.9205
34750 16.75 30.33 0.00 -15.8426 2.9205 2.9205
34775 16.33 30.51 0.00 -7.1301 3.1702 3.1702
34800 16.27 30.61 0.00 1.4529 1.4036 1.4036
34825 16.27 30.61 0.00 1.4529 1.4036 1.4036
34850 16.46 30.56 0.00 5.7577 -0.0492 -0.0492
34875 16.70 30.39 0.00 5.7677 1.9615 1.9615
34900 16.89 30.11 0.00 4.1466 2.8468 2.8468
34925 16.89 30.11 0.00 4.1466 2.8468 2.8468
34950 17.04 29.86 0.00 3.4919 3.4811 3.4811
34975 17.04 29.86 0.00 3.4919 3.4811 3.4811
35000 17.08 29.67 0.00 0.2890 2.7196 2.7196
35025 17.02 29.45 0.00 -2.2486 2.6892 2.6892
35050 17.02 29.45 0.00 -2.2486 2.6892 2.6892
35075 16.93 29.28 0.00 -2.2998 2.3023 2.3023
35100 16.91 29.28 0.00 0.0718 0.4766 0.4766
35125 16.91 29.46 0.00 0.0265 -0.3139 -0.3139
35150 16.91 29.46 0.00 0.0265 -0.3139 -0.3139
35175 16.91 29.71 0.00 -0.2448 -0.5526 -0.5526
35200 16.87 30.07 0.00 -1.8573 -0.8370 -0.8370
35225 16.72 30.49 0.00 -4.5647 -2.1628 -2.1628
35250 16.50 31.08 0.00 -5.6127 0.3865 0.3865
35275 16.50 31.08 0.00 -5.6127 0.3865 0.3865
35300 16.50 31.08 0.00 -5.6127 0.3865 0.3865
35325 16.25 31.75 0.00 -6.0331 0.5232 0.5232
35350 16.00 32.55 0.00 -6.9137 -0.5524 -0.5524
35375 15.70 33.23 0.00 -7.7305 -0.1339 -0.1339
35400 15.37 33.77 0.00 -8.6988 -1.0824 -1.0824
35425 15.37 33.77 0.00 -8.6988 -1.0824 -1.0824
35450 15.00 34.17 0.00 -9.5122 -0.8506 -0.8506
35475 15.00 34.17 0.00 -9.5122 -0.8506 -0.8506
35500 14.67 34.42 0.00 -8.0092 0.2236 0.2236
35525 14.33 34.53 0.00 -7.9096 -0.3378 -0.3378
35550 14.04 34.59 0.00 -7.7671 -0.5312 -0.5312
35575 14.04 34.59 0.00 -7.7671 -0.5312 -0.5312
35600 13.70 34.58 0.00 -8.5550 -0.8878 -0.8878
35625 13.41 34.58 0.00 -7.3544 -0.3507 -0.3507
35650 13.05 34.63 0.00 -8.7524 -0.4011 -0.4011
35675 13.05 34.63 0.00 -8.7524 -0.4011 -0.4011
35700 12.73 34.74 0.00 -7.8954 -0.6795 -0.6795
35725 12.49 34.92 0.00 -4.4685 -1.6019 -1.6019
35750 12.49 34.92 0.00 -4.4685 -1.6019 -1.6019
35775 12.39 35.14 0.00 -1.2822 -2.2604 -2.2604
35800 12.37 35.30 0.00 -0.7504 -2.5269 -2.5269
35825 12.37 35.30 0.00 -0.7504 -2.5269 -2.5269
35850 12.37 35.63 0.00 0.5910 1.6774 1.6774
35875 12.39 35.98 0.00 0.1207 0.2219 0.2219
35900 12.41 36.47 0.00 0.9491 -0.3468 -0.3468
35925 12.41 36.47 0.00 0.9491 -0.3468 -0.3468
35950 12.41 37.02 0.00 -0.7012 -0.7271 -0.7271
35975 12.41 37.02 0.00 -0.7012 -0.7271 -0.7271
36000 12.41 37.52 0.00 0.2223 0.9829 0.9829
36025 12.45 38.03 0.00 1.5354 -0.3133 -0.3133
36050 12.45 38.03 0.00 1.5354 -0.3133 -0.3133
36075 12.63 38.43 0.00 6.1211 1.5604 1.5604
36100 12.91 38.80 0.00 7.1259 1.2817 1.2817
36125 13.17 39.14 0.00 6.0900 1.7076 1.7076
36150 13.17 39.14 0.00 6.0900 1.7076 1.7076
36175 13.37 39.46 0.00 4.5433 1.7513 1.7513
36200 13.52 39.74 0.00 3.7771 2.7190 2.7190
36225 13.52 39.74 0.00 3.7771 2.7190 2.7190
36250 13.66 40.02 0.00 2.6361 1.9971 1.9971
36275 13.74 40.23 0.00 2.2963 1.5293 1.5293
36300 13.84 40.35 0.00 2.6011 1.5865 1.5865
36325 13.84 40.35 0.00 2.6011 1.5865 1.5865
36350 13.92 40.40 0.00 0.6044 0.1835 0.1835
36375 13.92 40.40 0.00 0.6044 0.1835 0.1835
36400 13.94 40.32 0.00 1.5490 2.9053 2.9053
36425 14.06 40.10 0.00 3.4497 6.1695 6.1695
36450 14.19 39.86 0.00 3.4872 3.1467 3.1467
36475 14.19 39.86 0.00 3.4872 3.1467 3.1467
36500 14.29 39.75 0.00 1.6296 0.8352 0.8352
36525 14.31 39.71 0.00 -0.3225 -0.9839 -0.9839
36550 14.25 39.67 0.00 -1.8276 -0.7160 -0.7160
36575 14.21 39.55 0.00 -0.9943 -0.7695 -0.7695
36600 14.21 39.55 0.00 -0.9943 -0.7695 -0.7695
36625 14.25 39.30 0.00 1.5847 1.1645 1.1645
36650 14.33 38.98 0.00 2.2084 0.5620 0.5620
36675 14.33 38.98 0.00 2.2084 0.5620 0.5620
36700 14.39 38.72 0.00 1.1678 0.2519 0.2519
36725 14.41 38.53 0.00 -0.0631 0.6494 0.6494
36750 14.41 38.53 0.00 -0.0631 0.6494 0.6494
36775 14.43 38.47 0.00 0.6824 0.6028 0.6028
36800 14.47 38.55 0.00 1.1188 -0.1131 -0.1131
36825 14.47 38.55 0.00 1.1188 -0.1131 -0.1131
36850 14.49 38.80 0.00 0.3532 -1.2045 -1.2045
36875 14.49 39.13 0.00 -0.1156 -0.9406 -0.9406
36900 14.49 39.13 0.00 -0.1156 -0.9406 -0.9406
36925 14.47 39.49 0.00 -1.0502 -2.1258 -2.1258
36950 14.43 39.85 0.00 -0.0016 -1.2485 -1.2485
36975 14.43 39.85 0.00 -0.0016 -1.2485 -1.2485
37000 14.55 40.28 0.00 4.1787 -0.0893 -0.0893
37025 14.78 40.85 0.00 7.3070 -1.7826 -1.7826
37050 15.12 41.64 0.00 8.8570 -2.4600 -2.4600
37075 15.12 41.64 0.00 8.8570 -2.4600 -2.4600
37100 15.45 42.52 0.00 8.0503 -1.6864 -1.6864
37125 15.72 43.28 0.00 6.2923 -0.4207 -0.4207
37150 15.94 43.88 0.00 4.7632 0.7740 0.7740
37175 15.94 43.88 0.00 4.7632 0.7740 0.7740
37200 16.09 44.24 0.00 3.3490 1.1286 1.1286
37225 16.23 44.47 0.00 3.9496 0.4407 0.4407
37250 16.23 44.47 0.00 3.9496 0.4407 0.4407
37275 16.40 44.65 0.00 5.0471 0.3711 0.3711
37300 16.68 44.87 0.00 7.3565 0.5721 0.5721
37325 16.68 44.87 0.00 7.3565 0.5721 0.5721
37350 16.99 45.14 0.00 7.4979 0.7755 0.7755
37375 17.20 45.40 0.00 7.2517 0.8958 0.8958
37400 17.20 45.40 0.00 7.2517 0.8958 0.8958
37425 17.53 45.80 0.00 9.3003 0.0717 0.0717
37450 17.89 46.24 0.00 7.9420 -0.2301 -0.2301
37475 18.03 46.62 0.00 0.5527 -0.4553 -0.4553
37500 18.03 46.62 0.00 0.5527 -0.4553 -0.4553
37525 18.01 47.01 0.00 0.1924 1.7689 1.7689
37550 18.12 47.33 0.00 4.9455 0.5785 0.5785
37575 18.12 47.33 0.00 4.9455 0.5785 0.5785
37600 18.45 47.71 0.00 9.1654 -0.3853 -0.3853
37625 18.83 48.07 0.00 9.4923 0.8495 0.8495
37650 19.22 48.47 0.00 10.1306 0.7052 0.7052
37675 19.22 48.47 0.00 10.1306 0.7052 0.7052
37700 19.64 48.85 0.00 10.3206 -1.0121 -1.0121
37725 19.64 48.85 0.00 10.3206 -1.0121 -1.0121
37750 20.02 49.16 0.00 9.0864 0.2486 0.2486
37775 20.34 49.44 0.00 7.6442 1.5142 1.5142
37800 20.63 49.74 0.00 6.9232 1.5220 1.5220
37825 20.63 49.74 0.00 6.9232 1.5220 1.5220
37850 20.85 50.01 0.00 4.7681 1.1241 1.1241
37875 20.99 50.21 0.00 2.3105 1.7854 1.7854
37900 20.99 50.21 0.00 2.3105 1.7854 1.7854
37925 21.06 50.32 0.00 1.5406 1.2878 1.2878
37950 21.12 50.34 0.00 1.3726 0.5461 0.5461
37975 21.16 50.31 0.00 1.2300 0.8703 0.8703
38000 21.16 50.31 0.00 1.2300 0.8703 0.8703
38025 21.16 50.22 0.00 -0.2584 -0.3744 -0.3744
38050 21.17 50.22 0.00 0.6461 1.9462 1.9462
38075 21.17 50.22 0.00 0.6461 1.9462 1.9462
38100 21.21 50.24 0.00 0.9161 0.8212 0.8212
38125 21.29 50.27 0.00 1.8240 0.8384 0.8384
38150 21.29 50.27 0.00 1.8240 0.8384 0.8384
38175 21.33 50.27 0.00 1.3632 0.4716 0.4716
38200 21.38 50.24 0.00 1.5693 1.1795 1.1795
38225 21.38 50.24 0.00 1.5693 1.1795 1.1795
38250 21.44 50.15 0.00 1.6710 0.3499 0.3499
38275 21.53 50.04 0.00 2.9675 0.9973 0.9973
38300 21.53 50.04 0.00 2.9675 0.9973 0.9973
38325 21.68 49.94 0.00 3.7358 0.9189 0.9189
38350 21.85 49.87 0.00 4.9573 1.3614 1.3614
38375 21.85 49.87 0.00 4.9573 1.3614 1.3614
38400 22.08 49.85 0.00 5.9051 1.2673 1.2673
38425 22.36 49.92 0.00 7.6144 1.3083 1.3083
38450 22.72 50.01 0.00 10.0715 1.6230 1.6230
38475 22.72 50.01 0.00 10.0715 1.6230 1.6230
38500 23.15 50.17 0.00 10.7150 1.0714 1.0714
38525 23.58 50.36 0.00 11.1741 1.4088 1.4088
38550 24.03 50.57 0.00 11.1483 -0.8039 -0.8039
38575 24.03 50.57 0.00 11.1483 -0.8039 -0.8039
38600 24.51 50.89 0.00 11.8784 1.5477 1.5477
38625 24.94 51.13 0.00 9.8196 2.4971 2.4971
38650 24.94 51.13 0.00 9.8196 2.4971 2.4971
38675 25.29 51.37 0.00 8.7432 1.6340 1.6340
38700 25.60 51.61 0.00 6.7823 0.7518 0.7518
38725 25.83 51.80 0.00 5.3386 1.1561 1.1561
38750 25.83 51.80 0.00 5.3386 1.1561 1.1561
38775 26.01 51.93 0.00 4.4167 0.6679 0.6679
38800 26.25 52.00 0.00 6.4556 1.7487 1.7487
38825 26.51 52.04 0.00 6.5889 1.1746 1.1746
38850 26.51 52.04 0.00 6.5889 1.1746 1.1746
38875 26.51 52.04 0.00 6.5889 1.1746 1.1746
38900 26.91 52.09 0.00 5.1685 1.6836 1.6836
38925 26.91 52.09 0.00 5.1685 1.6836 1.6836
38950 27.13 52.13 0.00 5.4242 1.8919 1.8919
38975 27.39 52.22 0.00 6.8583 1.6619 1.6619
39000 27.39 52.22 0.00 6.8583 1.6619 1.6619
39025 27.70 52.35 0.00 8.7613 0.3629 0.3629
39050 28.09 52.48 0.00 9.9211 0.6406 0.6406
39075 28.09 52.48 0.00 9.9211 0.6406 0.6406
39100 28.45 52.59 0.00 8.7545 -0.3199 -0.3199
39125 28.82 52.74 0.00 9.1401 2.8580 2.8580
39150 29.18 52.89 0.00 9.3308 2.0338 2.0338
39175 29.18 52.89 0.00 9.3308 2.0338 2.0338
39200 29.55 53.00 0.00 8.6983 1.0680 1.0680
39225 29.85 53.13 0.00 6.6099 0.5991 0.5991
39250 29.85 53.13 0.00 6.6099 0.5991 0.5991
39275 30.07 53.26 0.00 5.4354 1.2636 1.2636
39300 30.27 53.37 0.00 4.5020 0.2377 0.2377
39325 30.27 53.37 0.00 4.5020 0.2377 0.2377
39350 30.47 53.46 0.00 5.1336 1.0434 1.0434
39375 30.69 53.53 0.00 5.6313 0.3861 0.3861
39400 30.69 53.53 0.00 5.6313 0.3861 0.3861
39425 30.94 53.66 0.00 6.5912 0.6231 0.6231
39450 31.21 53.75 0.00 6.7267 1.2731 1.2731
39475 31.48 53.86 0.00 6.8354 1.4060 1.4060
39500 31.48 53.86 0.00 6.8354 1.4060 1.4060
39525 31.75 53.97 0.00 6.5418 0.9914 0.9914
39550 31.97 54.10 0.00 5.3254 0.0384 0.0384
39575 31.97 54.10 0.00 5.3254 0.0384 0.0384
39600 32.17 54.20 0.00 4.8388 0.6981 0.6981
39625 32.35 54.29 0.00 4.3895 -1.3006 -1.3006
39650 32.35 54.29 0.00 4.3895 -1.3006 -1.3006
39675 32.55 54.47 0.00 5.4000 0.8176 0.8176
39700 32.71 54.56 0.00 4.8698 0.8519 0.8519
39725 32.89 54.65 0.00 5.0338 0.1261 0.1261
39750 32.89 54.65 0.00 5.0338 0.1261 0.1261
39775 33.10 54.76 0.00 5.1532 -0.0725 -0.0725
39800 33.30 54.85 0.00 5.0964 0.2375 0.2375
39825 33.30 54.85 0.00 5.0964 0.2375 0.2375
39850 33.48 54.89 0.00 3.8348 -0.1304 -0.1304
39875 33.62 54.85 0.00 3.9603 1.3041 1.3041
39900 33.80 54.84 0.00 4.8659 0.7483 0.7483
39925 33.80 54.84 0.00 4.8659 0.7483 0.7483
39950 34.05 54.86 0.00 6.9038 1.1763 1.1763
39975 34.05 54.86 0.00 6.9038 1.1763 1.1763
40000 34.34 54.89 0.00 7.5055 0.6117 0.6117
40025 34.64 54.93 0.00 7.2794 0.3549 0.3549
40050 34.64 54.93 0.00 7.2794 0.3549 0.3549
40075 34.93 54.97 0.00 7.1120 0.7118 0.7118
40100 35.22 55.02 0.00 7.0196 0.0246 0.0246
40125 35.48 55.10 0.00 6.9068 -0.0799 -0.0799
40150 35.75 55.19 0.00 6.0129 0.0024 0.0024
40175 35.75 55.19 0.00 6.0129 0.0024 0.0024
40200 35.96 55.19 0.00 4.8955 -1.4087 -1.4087
40225 35.96 55.19 0.00 4.8955 -1.4087 -1.4087
40250 36.16 55.19 0.00 5.3290 0.3141 0.3141
40275 36.37 55.15 0.00 5.0340 -0.7976 -0.7976
40300 36.59 55.14 0.00 5.2430 -0.7189 -0.7189
40325 36.59 55.14 0.00 5.2430 -0.7189 -0.7189
40350 36.78 55.08 0.00 5.4576 -0.5692 -0.5692
40375 37.01 55.05 0.00 6.2145 -0.0979 -0.0979
40400 37.01 55.05 0.00 6.2145 -0.0979 -0.0979
40425 37.31 54.96 0.00 7.7764 0.0479 0.0479
40450 37.67 54.82 0.00 9.6314 1.0223 1.0223
40475 38.08 54.69 0.00 10.0801 0.8088 0.8088
40500 38.08 54.69 0.00 10.0801 0.8088 0.8088
40525 38.38 54.58 0.00 9.7647 0.8353 0.8353
40550 38.77 54.39 0.00 10.5928 1.5979 1.5979
40575 38.77 54.39 0.00 10.5928 1.5979 1.5979
40600 39.24 54.16 0.00 12.4763 2.3374 2.3374
40625 39.75 53.96 0.00 12.6052 2.8017 2.8017
40650 40.21 53.80 0.00 10.3934 1.9730 1.9730
40675 40.21 53.80 0.00 10.3934 1.9730 1.9730
40700 40.58 53.71 0.00 9.3230 2.0998 2.0998
40725 40.58 53.71 0.00 9.3230 2.0998 2.0998
40750 40.93 53.65 0.00 8.0690 1.5271 1.5271
40775 41.25 53.56 0.00 7.8302 1.4274 1.4274
40800 41.59 53.44 0.00 8.2596 2.5953 2.5953
40825 41.59 53.44 0.00 8.2596 2.5953 2.5953
40850 41.90 53.32 0.00 7.8055 1.5592 1.5592
40875 42.22 53.30 0.00 7.7632 2.3746 2.3746
40900 42.48 53.25 0.00 6.1755 2.3808 2.3808
40925 42.48 53.25 0.00 6.1755 2.3808 2.3808
40950 42.69 53.18 0.00 4.3979 2.0573 2.0573
40975 42.80 53.07 0.00 2.2795 2.2431 2.2431
41000 42.88 52.93 0.00 2.0568 2.5330 2.5330
41025 42.88 52.93 0.00 2.0568 2.5330 2.5330
41050 43.01 52.79 0.00 3.6331 2.8189 2.8189
41075 43.18 52.64 0.00 4.6915 1.9535 1.9535
41100 43.18 52.64 0.00 4.6915 1.9535 1.9535
41125 43.41 52.46 0.00 6.3297 1.6727 1.6727
41150 43.69 52.30 0.00 7.3669 1.4207 1.4207
41175 43.69 52.30 0.00 7.3669 1.4207 1.4207
41200 43.97 52.11 0.00 6.9112 0.2781 0.2781
41225 43.97 52.11 0.00 6.9112 0.2781 0.2781
41250 44.16 51.99 0.00 5.8472 -0.5933 -0.5933
41275 44.36 51.80 0.00 4.5448 -0.7810 -0.7810
41300 44.51 51.64 0.00 3.1974 -0.2686 -0.2686
41325 44.51 51.64 0.00 3.1974 -0.2686 -0.2686
41350 44.64 51.47 0.00 3.1461 -0.6404 -0.6404
41375 44.83 51.33 0.00 5.5137 2.2560 2.2560
41400 44.83 51.33 0.00 5.5137 2.2560 2.2560
41425 45.06 51.13 0.00 6.0875 0.2699 0.2699
41450 45.34 50.98 0.00 7.5520 -0.4645 -0.4645
41475 45.63 50.80 0.00 7.2581 -1.1815 -1.1815
41500 45.63 50.80 0.00 7.2581 -1.1815 -1.1815
41525 45.91 50.63 0.00 6.6687 0.1287 0.1287
41550 46.12 50.43 0.00 4.2730 0.6112 0.6112
41575 46.12 50.43 0.00 4.2730 0.6112 0.6112
41600 46.28 50.22 0.00 3.6035 2.7416 2.7416
41625 46.42 50.05 0.00 3.6673 2.7844 2.7844
41650 46.42 50.05 0.00 3.6673 2.7844 2.7844
41675 46.58 49.87 0.00 4.1420 2.6488 2.6488
41700 46.79 49.75 0.00 5.9043 2.7907 2.7907
41725 46.79 49.75 0.00 5.9043 2.7907 2.7907
41750 47.50 49.57 0.00 12.9905 3.6603 3.6603
41775 47.50 49.57 0.00 12.9905 3.6603 3.6603
41800 48.17 49.49 0.00 18.1223 3.1183 3.1183
41825 48.17 49.49 0.00 18.1223 3.1183 3.1183
41850 48.94 49.33 0.00 19.4548 2.4520 2.4520
41875 49.65 49.15 0.00 16.9468 2.8200 2.8200
41900 49.65 49.15 0.00 16.9468 2.8200 2.8200
41925 50.19 49.03 0.00 11.1764 3.2269 3.2269
41950 50.45 48.89 0.00 4.1039 2.9893 2.9893
