%#        Time[ms]        X[pixel],        Y[pixel],        Z[pixel],  dX/dt[pixel/s],  dY/dt[pixel/s],  dZ/dt[pixel/s] 
0 50.00 50.00 0.00 -0.7179 -0.7965 -0.7965
25 49.98 50.02 0.00 -0.4941 0.1555 0.1555
50 49.98 50.02 0.00 -0.4941 0.1555 0.1555
75 49.95 50.05 0.00 -0.4178 -0.5116 -0.5116
100 49.95 50.00 0.00 -0.1922 -0.6239 -0.6239
125 49.95 50.00 0.00 -0.1922 -0.6239 -0.6239
150 49.91 49.91 0.00 -1.4963 -0.9472 -0.9472
175 49.84 49.86 0.00 -1.8766 -0.9779 -0.9779
200 49.84 49.86 0.00 -1.8766 -0.9779 -0.9779
225 49.74 49.79 0.00 -2.9896 -2.5897 -2.5897
250 49.63 49.66 0.00 -2.1752 0.3971 0.3971
275 49.56 49.57 0.00 -1.5275 -0.3026 -0.3026
300 49.56 49.57 0.00 -1.5275 -0.3026 -0.3026
325 49.49 49.48 0.00 -1.8801 -2.6171 -2.6171
350 49.41 49.30 0.00 -2.8314 -0.8822 -0.8822
375 49.41 49.30 0.00 -2.8314 -0.8822 -0.8822
400 49.27 49.12 0.00 -3.6821 -0.4741 -0.4741
425 49.11 48.93 0.00 -3.7042 -0.5224 -0.5224
450 49.01 48.76 0.00 -1.3990 0.1753 0.1753
475 49.01 48.76 0.00 -1.3990 0.1753 0.1753
500 49.07 48.66 0.00 3.7619 1.0723 1.0723
525 49.32 48.46 0.00 7.5012 4.4868 4.4868
550 49.32 48.46 0.00 7.5012 4.4868 4.4868
575 49.65 48.14 0.00 8.3733 5.5446 5.5446
600 50.00 47.83 0.00 9.6173 7.1392 7.1392
625 50.00 47.83 0.00 9.6173 7.1392 7.1392
650 50.44 47.43 0.00 11.3089 8.1453 8.1453
675 50.94 47.02 0.00 13.0862 8.4548 8.4548
700 51.41 46.57 0.00 10.9213 5.7174 5.7174
725 51.41 46.57 0.00 10.9213 5.7174 5.7174
750 51.82 46.17 0.00 9.1496 6.8602 6.8602
775 52.13 45.91 0.00 6.9876 3.6469 3.6469
800 52.13 45.91 0.00 6.9876 3.6469 3.6469
825 52.32 45.77 0.00 6.5111 2.3849 2.3849
850 52.58 45.53 0.00 6.2795 4.3589 4.3589
875 52.58 45.53 0.00 6.2795 4.3589 4.3589
900 52.81 45.29 0.00 6.3594 4.6435 4.6435
925 53.09 44.98 0.00 6.9361 6.3921 6.3921
950 53.35 44.69 0.00 6.8321 5.8246 5.8246
975 53.35 44.69 0.00 6.8321 5.8246 5.8246
1000 53.60 44.49 0.00 5.1573 4.4599 4.4599
1025 53.81 44.32 0.00 5.1861 4.7582 4.7582
1050 53.81 44.32 0.00 5.1861 4.7582 4.7582
1075 53.98 44.21 0.00 4.3854 4.0106 4.0106
1100 54.23 44.17 0.00 6.6443 4.0425 4.0425
1125 54.51 44.04 0.00 6.9813 3.7545 3.7545
1150 54.51 44.04 0.00 6.9813 3.7545 3.7545
1175 54.77 43.91 0.00 5.6219 2.2610 2.2610
1200 54.77 43.91 0.00 5.6219 2.2610 2.2610
1225 55.01 43.80 0.00 7.0884 5.6800 5.6800
1250 55.28 43.74 0.00 6.2405 3.3889 3.3889
1275 55.57 43.64 0.00 8.4160 2.9949 2.9949
1300 55.57 43.64 0.00 8.4160 2.9949 2.9949
1325 55.91 43.60 0.00 7.5166 2.6022 2.6022
1350 56.13 43.62 0.00 4.3482 2.0441 2.0441
1375 56.13 43.62 0.00 4.3482 2.0441 2.0441
1400 56.24 43.62 0.00 3.0949 4.0289 4.0289
1425 56.41 43.54 0.00 4.8678 4.1278 4.1278
1450 56.41 43.54 0.00 4.8678 4.1278 4.1278
1475 56.66 43.46 0.00 6.4886 3.7280 3.7280
1500 56.92 43.37 0.00 6.6875 4.1924 4.1924
1525 57.19 43.29 0.00 6.4697 4.3573 4.3573
1550 57.19 43.29 0.00 6.4697 4.3573 4.3573
1575 57.40 43.27 0.00 5.0254 3.4088 3.4088
1600 57.55 43.25 0.00 5.0972 2.4891 2.4891
1625 57.75 43.19 0.00 4.3777 1.5349 1.5349
1650 57.75 43.19 0.00 4.3777 1.5349 1.5349
1675 57.94 43.10 0.00 6.0613 3.8672 3.8672
1700 58.22 43.07 0.00 7.0466 4.0620 4.0620
1725 58.22 43.07 0.00 7.0466 4.0620 4.0620
1750 58.57 43.01 0.00 9.2432 3.1696 3.1696
1775 58.91 42.97 0.00 7.7425 3.1500 3.1500
1800 59.21 42.94 0.00 6.9629 4.4704 4.4704
1825 59.21 42.94 0.00 6.9629 4.4704 4.4704
1850 59.42 42.94 0.00 4.6260 3.5408 3.5408
1875 59.42 42.94 0.00 4.6260 3.5408 3.5408
1900 59.66 42.84 0.00 7.1121 5.6586 5.6586
1925 60.00 42.72 0.00 9.4355 5.6921 5.6921
1950 60.44 42.62 0.00 11.9868 6.7631 6.7631
1975 60.44 42.62 0.00 11.9868 6.7631 6.7631
2000 60.99 42.55 0.00 14.5055 7.9756 7.9756
2025 61.54 42.50 0.00 13.1156 7.9277 7.9277
2050 61.54 42.50 0.00 13.1156 7.9277 7.9277
2075 62.00 42.43 0.00 10.5559 6.1421 6.1421
2100 62.35 42.37 0.00 7.8791 4.9436 4.9436
2125 62.67 42.25 0.00 8.6686 4.7059 4.7059
2150 62.67 42.25 0.00 8.6686 4.7059 4.7059
2175 63.11 42.16 0.00 11.9903 7.7842 7.7842
2200 63.63 42.07 0.00 13.0086 5.4836 5.4836
2225 63.63 42.07 0.00 13.0086 5.4836 5.4836
2250 64.13 41.96 0.00 12.1284 5.4942 5.4942
2275 64.13 41.96 0.00 12.1284 5.4942 5.4942
2300 64.53 41.87 0.00 8.4282 4.9582 4.9582
2325 64.78 41.81 0.00 5.0533 4.3965 4.3965
2350 64.93 41.77 0.00 4.9867 5.6090 5.6090
2375 64.93 41.77 0.00 4.9867 5.6090 5.6090
2400 65.18 41.68 0.00 6.8504 5.2768 5.2768
2425 65.46 41.56 0.00 6.8414 5.4543 5.4543
2450 65.46 41.56 0.00 6.8414 5.4543 5.4543
2475 65.70 41.46 0.00 6.1880 5.6727 5.6727
2500 65.96 41.38 0.00 7.0416 5.0818 5.0818
2525 65.96 41.38 0.00 7.0416 5.0818 5.0818
2550 66.30 41.31 0.00 9.6226 6.9758 6.9758
2575 66.75 41.21 0.00 11.4585 7.5835 7.5835
2600 67.22 41.18 0.00 11.4887 7.4258 7.4258
2625 67.22 41.18 0.00 11.4887 7.4258 7.4258
2650 67.65 41.05 0.00 11.0948 9.1807 9.1807
2675 68.12 40.95 0.00 11.1329 8.1088 8.1088
2700 68.12 40.95 0.00 11.1329 8.1088 8.1088
2725 68.55 40.90 0.00 10.8633 3.8910 3.8910
2750 68.91 40.86 0.00 7.9433 3.8299 3.8299
2775 69.26 40.83 0.00 9.1270 5.9018 5.9018
2800 69.26 40.83 0.00 9.1270 5.9018 5.9018
2825 69.60 40.73 0.00 7.9190 5.3546 5.3546
2850 69.89 40.57 0.00 7.0937 5.8207 5.8207
2875 69.89 40.57 0.00 7.0937 5.8207 5.8207
2900 70.09 40.39 0.00 3.6671 3.8340 3.8340
2925 70.24 40.21 0.00 3.5980 4.0310 4.0310
2950 70.24 40.21 0.00 3.5980 4.0310 4.0310
2975 70.38 40.06 0.00 4.1148 2.9782 2.9782
3000 70.55 39.97 0.00 3.8496 2.0839 2.0839
3025 70.65 39.91 0.00 2.0256 1.6108 1.6108
3050 70.65 39.91 0.00 2.0256 1.6108 1.6108
3075 70.75 39.83 0.00 3.3855 2.2241 2.2241
3100 70.89 39.69 0.00 3.3840 0.7143 0.7143
3125 70.89 39.69 0.00 3.3840 0.7143 0.7143
3150 71.13 39.33 0.00 6.1215 5.7687 5.7687
3175 71.27 39.16 0.00 4.2545 2.5963 2.5963
3200 71.42 39.01 0.00 3.1247 0.7162 0.7162
3225 71.42 39.01 0.00 3.1247 0.7162 0.7162
3250 71.60 38.87 0.00 6.7130 4.1550 4.1550
3275 71.60 38.87 0.00 6.7130 4.1550 4.1550
3300 72.00 38.64 0.00 11.0700 6.2793 6.2793
3325 72.59 38.38 0.00 18.7599 12.2566 12.2566
3350 73.58 37.91 0.00 26.9658 18.3761 18.3761
3375 73.58 37.91 0.00 26.9658 18.3761 18.3761
3400 74.54 37.39 0.00 21.5796 16.0518 16.0518
3425 75.21 37.00 0.00 14.4673 12.4426 12.4426
3450 75.21 37.00 0.00 14.4673 12.4426 12.4426
3475 75.64 36.87 0.00 8.7715 6.1435 6.1435
3500 75.97 36.91 0.00 8.7706 6.2871 6.2871
3525 75.97 36.91 0.00 8.7706 6.2871 6.2871
3550 76.44 36.99 0.00 12.2539 7.0192 7.0192
3575 76.79 37.04 0.00 6.1591 4.3680 4.3680
3600 76.81 37.08 0.00 -2.1166 1.0331 1.0331
3625 76.81 37.08 0.00 -2.1166 1.0331 1.0331
3650 76.63 37.09 0.00 -5.1564 0.4926 0.4926
3675 76.46 37.22 0.00 -4.0686 -3.2699 -3.2699
3700 76.46 37.22 0.00 -4.0686 -3.2699 -3.2699
3725 76.23 37.35 0.00 -7.6517 -5.7954 -5.7954
3750 75.77 37.43 0.00 -13.1127 -4.6337 -4.6337
3775 75.23 37.44 0.00 -13.9160 -5.4561 -5.4561
3800 75.23 37.44 0.00 -13.9160 -5.4561 -5.4561
3825 74.65 37.36 0.00 -14.1939 -4.7038 -4.7038
3850 74.65 37.36 0.00 -14.1939 -4.7038 -4.7038
3875 74.27 37.23 0.00 -12.3365 -4.7420 -4.7420
3900 73.80 37.05 0.00 -11.0765 -5.2191 -5.2191
3925 73.42 36.92 0.00 -9.0942 -3.1332 -3.1332
3950 73.42 36.92 0.00 -9.0942 -3.1332 -3.1332
3975 73.11 36.83 0.00 -6.8775 -3.3230 -3.3230
4000 72.85 36.73 0.00 -5.8689 -2.8949 -2.8949
4025 72.85 36.73 0.00 -5.8689 -2.8949 -2.8949
4050 72.65 36.60 0.00 -5.8636 -3.0417 -3.0417
4075 72.35 36.45 0.00 -7.2037 -2.0644 -2.0644
4100 72.04 36.24 0.00 -9.1667 -4.1013 -4.1013
4125 72.04 36.24 0.00 -9.1667 -4.1013 -4.1013
4150 71.58 36.03 0.00 -12.4303 -2.1147 -2.1147
4175 71.09 35.95 0.00 -12.2250 -3.6933 -3.6933
4200 70.56 35.90 0.00 -14.2405 -7.8033 -7.8033
4225 70.56 35.90 0.00 -14.2405 -7.8033 -7.8033
4250 69.93 35.86 0.00 -16.3381 -6.9969 -6.9969
4275 69.20 35.74 0.00 -19.6632 -6.7128 -6.7128
4300 69.20 35.74 0.00 -19.6632 -6.7128 -6.7128
4325 68.39 35.61 0.00 -20.0260 -4.6351 -4.6351
4350 67.65 35.42 0.00 -17.5637 -3.3840 -3.3840
4375 67.65 35.42 0.00 -17.5637 -3.3840 -3.3840
4400 67.00 35.20 0.00 -15.1518 -3.4577 -3.4577
4425 66.48 35.00 0.00 -12.2750 -2.5543 -2.5543
4450 66.00 34.89 0.00 -12.0040 -3.5977 -3.5977
4475 66.00 34.89 0.00 -12.0040 -3.5977 -3.5977
4500 65.59 34.85 0.00 -8.2581 -3.3526 -3.3526
4525 65.30 34.84 0.00 -7.2448 -4.9818 -4.9818
4550 65.30 34.84 0.00 -7.2448 -4.9818 -4.9818
4575 65.07 34.80 0.00 -4.6107 -2.6684 -2.6684
4600 64.89 34.75 0.00 -4.9692 -4.0793 -4.0793
4625 64.89 34.75 0.00 -4.9692 -4.0793 -4.0793
4650 64.75 34.71 0.00 -2.1275 0.4926 0.4926
4675 64.70 34.68 0.00 -1.5978 -1.2565 -1.2565
4700 64.70 34.68 0.00 -1.5978 -1.2565 -1.2565
4725 64.64 34.68 0.00 -1.6433 -3.4199 -3.4199
4750 64.55 34.63 0.00 -2.3191 -0.8112 -0.8112
4775 64.48 34.61 0.00 -1.4341 0.4752 0.4752
4800 64.48 34.61 0.00 -1.4341 0.4752 0.4752
4825 64.45 34.55 0.00 -0.2926 1.8074 1.8074
4850 64.48 34.47 0.00 1.2404 2.7113 2.7113
4875 64.48 34.47 0.00 1.2404 2.7113 2.7113
4900 64.55 34.43 0.00 2.4168 1.8785 1.8785
4925 64.68 34.47 0.00 3.5159 2.4886 2.4886
4950 64.68 34.47 0.00 3.5159 2.4886 2.4886
4975 64.86 34.54 0.00 4.8383 2.7020 2.7020
5000 65.09 34.66 0.00 6.2916 2.7819 2.7819
5025 65.34 34.90 0.00 6.3383 2.1651 2.1651
5050 65.34 34.90 0.00 6.3383 2.1651 2.1651
5075 65.64 35.15 0.00 8.4695 2.4556 2.4556
5100 65.91 35.39 0.00 5.4066 1.0562 1.0562
5125 65.91 35.39 0.00 5.4066 1.0562 1.0562
5150 66.07 35.73 0.00 2.9425 1.0273 1.0273
5175 66.12 36.11 0.00 0.0707 -3.6044 -3.6044
5200 66.12 36.11 0.00 0.0707 -3.6044 -3.6044
5225 66.05 36.44 0.00 -2.5055 -3.6361 -3.6361
5250 65.96 36.79 0.00 -2.1780 -1.8178 -1.8178
5275 65.96 36.79 0.00 -2.1780 -1.8178 -1.8178
5300 65.89 37.00 0.00 -1.4772 -0.9920 -0.9920
5325 65.84 37.02 0.00 -1.4862 0.6117 0.6117
5350 65.75 36.99 0.00 -2.0093 -0.2187 -0.2187
5375 65.75 36.99 0.00 -2.0093 -0.2187 -0.2187
5400 65.73 36.95 0.00 -0.1615 -0.2372 -0.2372
5425 65.71 36.95 0.00 -0.4949 -0.5472 -0.5472
5450 65.70 36.93 0.00 -0.8986 -0.1154 -0.1154
5475 65.70 36.93 0.00 -0.8986 -0.1154 -0.1154
5500 65.64 36.90 0.00 -1.2908 -0.7633 -0.7633
5525 65.59 36.75 0.00 -1.1846 -0.4765 -0.4765
5550 65.59 36.75 0.00 -1.1846 -0.4765 -0.4765
5575 65.53 36.50 0.00 -1.8815 -1.3232 -1.3232
5600 65.52 36.14 0.00 1.2597 3.9768 3.9768
5625 65.52 36.14 0.00 1.2597 3.9768 3.9768
5650 65.61 35.75 0.00 2.3099 1.1482 1.1482
5675 65.68 35.40 0.00 1.0529 -1.1527 -1.1527
5700 65.70 35.07 0.00 0.2076 1.9946 1.9946
5725 65.70 35.07 0.00 0.2076 1.9946 1.9946
5750 65.75 34.73 0.00 2.1372 3.1709 3.1709
5775 65.87 34.41 0.00 3.7345 4.1907 4.1907
5800 65.87 34.41 0.00 3.7345 4.1907 4.1907
5825 66.05 34.11 0.00 4.9701 5.3649 5.3649
5850 66.27 33.83 0.00 4.7099 2.4750 2.4750
5875 66.27 33.83 0.00 4.7099 2.4750 2.4750
5900 66.41 33.55 0.00 3.3721 2.2949 2.2949
5925 66.55 33.33 0.00 3.7877 3.8332 3.8332
5950 66.70 33.22 0.00 3.1070 1.7407 1.7407
5975 66.70 33.22 0.00 3.1070 1.7407 1.7407
6000 66.77 33.22 0.00 0.3923 -0.6514 -0.6514
6025 66.73 33.28 0.00 -1.8130 -2.1205 -2.1205
6050 66.73 33.28 0.00 -1.8130 -2.1205 -2.1205
6075 66.70 33.32 0.00 0.6390 2.5443 2.5443
6100 66.72 33.46 0.00 -0.7625 -2.1527 -2.1527
6125 66.72 33.46 0.00 -0.7625 -2.1527 -2.1527
6150 66.66 33.54 0.00 -2.3312 -3.9655 -3.9655
6175 66.52 33.60 0.00 -4.4282 -2.1276 -2.1276
6200 66.52 33.60 0.00 -4.4282 -2.1276 -2.1276
6225 66.27 33.75 0.00 -4.6922 -1.8560 -1.8560
6250 66.16 33.85 0.00 -1.3310 -0.0546 -0.0546
6275 66.14 33.89 0.00 -0.2665 0.1316 0.1316
6300 66.14 33.89 0.00 -0.2665 0.1316 0.1316
6325 66.11 33.93 0.00 -1.3820 -0.0947 -0.0947
6350 66.04 33.98 0.00 -1.9563 0.1407 0.1407
6375 66.04 33.98 0.00 -1.9563 0.1407 0.1407
6400 65.98 34.06 0.00 -1.4217 -1.0867 -1.0867
6425 65.91 34.14 0.00 -2.0465 -1.5717 -1.5717
6450 65.77 34.22 0.00 -3.9071 -2.9040 -2.9040
6475 65.77 34.22 0.00 -3.9071 -2.9040 -2.9040
6500 65.61 34.21 0.00 -4.4106 -4.6106 -4.6106
6525 65.46 34.18 0.00 -2.6865 0.2966 0.2966
6550 65.46 34.18 0.00 -2.6865 0.2966 0.2966
6575 65.36 34.24 0.00 -2.9223 -3.0292 -3.0292
6600 65.36 34.24 0.00 -2.9223 -3.0292 -3.0292
6625 65.12 34.27 0.00 -4.4128 -1.4452 -1.4452
6650 65.12 34.27 0.00 -4.4128 -1.4452 -1.4452
6675 64.96 34.26 0.00 -2.7487 0.1943 0.1943
6700 64.96 34.26 0.00 -2.7487 0.1943 0.1943
6725 64.93 34.16 0.00 -0.1709 0.3443 0.3443
6750 64.93 34.05 0.00 -0.4557 0.2154 0.2154
6775 64.89 33.95 0.00 -0.5539 0.1342 0.1342
6800 64.89 33.95 0.00 -0.5539 0.1342 0.1342
6825 64.91 33.91 0.00 1.2981 1.3616 1.3616
6850 65.02 33.95 0.00 3.7136 2.0516 2.0516
6875 65.02 33.95 0.00 3.7136 2.0516 2.0516
6900 65.16 34.00 0.00 4.7262 2.6058 2.6058
6925 65.30 34.03 0.00 2.4723 0.9388 0.9388
6950 65.30 34.03 0.00 2.4723 0.9388 0.9388
6975 65.34 34.03 0.00 -0.4564 0.1812 0.1812
7000 65.27 33.96 0.00 -1.1209 1.5657 1.5657
7025 65.30 33.97 0.00 1.2048 0.7604 0.7604
7050 65.30 33.97 0.00 1.2048 0.7604 0.7604
7075 65.32 33.99 0.00 0.1917 -3.2656 -3.2656
7100 65.32 33.99 0.00 0.1917 -3.2656 -3.2656
7125 65.25 34.01 0.00 -3.2932 -1.5623 -1.5623
7150 65.12 34.04 0.00 -2.0066 0.0189 0.0189
7175 65.12 34.02 0.00 0.8914 0.5548 0.5548
7200 65.12 34.02 0.00 0.8914 0.5548 0.5548
7225 65.16 33.94 0.00 0.2976 1.2194 1.2194
7250 65.16 33.86 0.00 0.0329 0.5722 0.5722
7275 65.14 33.81 0.00 -0.8964 -0.2954 -0.2954
7300 65.14 33.81 0.00 -0.8964 -0.2954 -0.2954
7325 65.09 33.79 0.00 -1.3722 0.4217 0.4217
7350 64.95 33.87 0.00 -6.2906 -5.0147 -5.0147
7375 64.95 33.87 0.00 -6.2906 -5.0147 -5.0147
7400 64.62 34.06 0.00 -8.3211 -6.9324 -6.9324
7425 64.34 34.17 0.00 -5.8794 -5.1824 -5.1824
7450 64.21 34.18 0.00 -0.4186 -1.0177 -1.0177
7475 64.21 34.18 0.00 -0.4186 -1.0177 -1.0177
7500 64.30 34.19 0.00 2.7640 1.9032 1.9032
7525 64.36 34.17 0.00 0.5137 -1.0539 -1.0539
7550 64.36 34.17 0.00 0.5137 -1.0539 -1.0539
7575 64.32 34.17 0.00 -2.0205 -1.6202 -1.6202
7600 64.21 34.18 0.00 -2.7678 -0.0799 -0.0799
7625 64.21 34.18 0.00 -2.7678 -0.0799 -0.0799
7650 64.11 34.16 0.00 -2.4059 1.0095 1.0095
7675 64.09 34.12 0.00 0.7786 2.3973 2.3973
7700 64.16 34.06 0.00 2.3000 0.5736 0.5736
7725 64.16 34.06 0.00 2.3000 0.5736 0.5736
7750 64.23 33.94 0.00 1.6195 1.9003 1.9003
7775 64.23 33.94 0.00 1.6195 1.9003 1.9003
7800 64.29 33.88 0.00 0.7635 2.1828 2.1828
7825 64.30 33.86 0.00 0.6771 1.1956 1.1956
7850 64.30 33.90 0.00 -0.0315 -0.4979 -0.4979
7875 64.30 33.90 0.00 -0.0315 -0.4979 -0.4979
7900 64.29 33.92 0.00 -0.6554 -0.5413 -0.5413
7925 64.25 33.89 0.00 -1.3707 -1.6097 -1.6097
7950 64.23 33.81 0.00 0.7114 2.8444 2.8444
7975 64.23 33.81 0.00 0.7114 2.8444 2.8444
8000 64.27 33.79 0.00 0.4534 -0.6473 -0.6473
8025 64.29 33.77 0.00 -0.3316 -3.4956 -3.4956
8050 64.29 33.77 0.00 -0.3316 -3.4956 -3.4956
8075 64.20 33.71 0.00 -3.5852 -1.6843 -1.6843
8100 63.98 33.80 0.00 -6.1423 -2.1313 -2.1313
8125 63.98 33.80 0.00 -6.1423 -2.1313 -2.1313
8150 63.80 33.89 0.00 -2.6263 0.7321 0.7321
8175 63.79 33.89 0.00 0.9944 0.1163 0.1163
8200 63.84 33.90 0.00 1.3300 0.1370 0.1370
8225 63.84 33.90 0.00 1.3300 0.1370 0.1370
8250 63.84 33.90 0.00 -1.0027 0.5010 0.5010
8275 63.80 33.91 0.00 -0.9202 0.3741 0.3741
8300 63.80 33.91 0.00 -0.9202 0.3741 0.3741
8325 63.75 34.04 0.00 -1.5144 -1.0663 -1.0663
8350 63.66 34.16 0.00 -2.9743 -1.0573 -1.0573
8375 63.66 34.16 0.00 -2.9743 -1.0573 -1.0573
8400 63.52 34.15 0.00 -3.8873 -0.2284 -0.2284
8425 63.36 33.96 0.00 -3.2359 0.2899 0.2899
8450 63.36 33.96 0.00 -3.2359 0.2899 0.2899
8475 63.29 33.83 0.00 -1.4316 -0.0203 -0.0203
8500 63.27 33.71 0.00 0.2868 -3.5259 -3.5259
8525 63.27 33.71 0.00 0.2868 -3.5259 -3.5259
8550 63.29 33.64 0.00 -0.1321 -1.6453 -1.6453
8575 63.24 33.64 0.00 -1.8812 -0.1720 -0.1720
8600 63.11 33.61 0.00 -3.5287 0.8699 0.8699
8625 63.11 33.61 0.00 -3.5287 0.8699 0.8699
8650 63.02 33.53 0.00 -2.0169 1.8645 1.8645
8675 62.97 33.49 0.00 -0.6973 0.0056 0.0056
8700 62.95 33.46 0.00 -0.6216 -0.3667 -0.3667
8725 62.95 33.46 0.00 -0.6216 -0.3667 -0.3667
8750 62.92 33.48 0.00 -0.9293 -0.3816 -0.3816
8775 62.90 33.52 0.00 -0.0784 -0.5601 -0.5601
8800 62.90 33.52 0.00 -0.0784 -0.5601 -0.5601
8825 62.90 33.58 0.00 0.0749 -0.2258 -0.2258
8850 62.88 33.61 0.00 -0.4093 0.3937 0.3937
8875 62.88 33.61 0.00 -0.4093 0.3937 0.3937
8900 62.85 33.60 0.00 -0.8510 -2.4383 -2.4383
8925 62.86 33.62 0.00 0.6636 2.7978 2.7978
8950 62.86 33.62 0.00 0.6636 2.7978 2.7978
8975 62.85 33.73 0.00 -0.9199 -2.1541 -2.1541
9000 62.81 33.79 0.00 -0.7371 -2.9770 -2.9770
9025 62.81 33.79 0.00 -0.7371 -2.9770 -2.9770
9050 62.76 33.75 0.00 -1.5896 -0.8368 -0.8368
9075 62.72 33.74 0.00 -0.7305 0.9547 0.9547
9100 62.77 33.62 0.00 2.6829 2.9481 2.9481
9125 62.77 33.62 0.00 2.6829 2.9481 2.9481
9150 62.88 33.42 0.00 2.5953 0.2329 0.2329
9175 62.90 33.25 0.00 -0.9795 -2.0270 -2.0270
9200 62.90 33.25 0.00 -0.9795 -2.0270 -2.0270
9225 62.81 33.07 0.00 -2.3344 0.1013 0.1013
9250 62.76 32.92 0.00 -0.3936 1.3745 1.3745
9275 62.79 32.80 0.00 1.6792 0.6192 0.6192
9300 62.79 32.80 0.00 1.6792 0.6192 0.6192
9325 62.86 32.70 0.00 1.5189 -1.9363 -1.9363
9350 62.88 32.61 0.00 -0.2942 -1.1006 -1.1006
9375 62.81 32.35 0.00 -2.4704 -1.3837 -1.3837
9400 62.81 32.35 0.00 -2.4704 -1.3837 -1.3837
9425 62.77 32.06 0.00 -0.3438 4.7328 4.7328
9450 62.74 31.83 0.00 -1.0012 -0.9908 -0.9908
9475 62.74 31.83 0.00 -1.0012 -0.9908 -0.9908
9500 62.67 31.78 0.00 -2.4325 -3.1397 -3.1397
9525 62.67 31.78 0.00 -2.4325 -3.1397 -3.1397
9550 62.54 31.82 0.00 -3.4125 -0.6013 -0.6013
9575 62.46 31.90 0.00 -1.2441 0.5229 0.5229
9600 62.46 31.90 0.00 -1.2441 0.5229 0.5229
9625 62.47 31.88 0.00 1.3271 2.3026 2.3026
9650 62.53 31.84 0.00 1.5020 1.0855 1.0855
9675 62.54 31.82 0.00 -0.2673 0.5708 0.5708
9700 62.53 31.80 0.00 -0.7633 1.2539 1.2539
9725 62.53 31.80 0.00 -0.7633 1.2539 1.2539
9750 62.49 31.82 0.00 -0.6023 -0.3868 -0.3868
9775 62.44 31.88 0.00 -1.8058 -1.1208 -1.1208
9800 62.44 31.88 0.00 -1.8058 -1.1208 -1.1208
9825 62.35 31.94 0.00 -3.0091 -1.6069 -1.6069
9850 62.23 31.99 0.00 -2.7267 -1.5047 -1.5047
9875 62.23 31.99 0.00 -2.7267 -1.5047 -1.5047
9900 62.12 31.91 0.00 -2.0798 -2.4145 -2.4145
9925 62.12 31.91 0.00 -2.0798 -2.4145 -2.4145
9950 62.01 31.90 0.00 -2.1528 -2.9517 -2.9517
9975 62.01 31.90 0.00 -2.1528 -2.9517 -2.9517
10000 61.89 31.92 0.00 -3.9837 -3.6398 -3.6398
10025 61.89 31.92 0.00 -3.9837 -3.6398 -3.6398
10050 61.68 31.91 0.00 -5.4731 -2.0582 -2.0582
10075 61.48 31.94 0.00 -4.1740 -1.4178 -1.4178
10100 61.38 31.90 0.00 -1.8657 -0.2578 -0.2578
10125 61.32 31.87 0.00 -1.7833 -1.6049 -1.6049
10150 61.32 31.87 0.00 -1.7833 -1.6049 -1.6049
10175 61.29 31.85 0.00 -0.1799 -0.7219 -0.7219
10200 61.29 31.85 0.00 -0.1799 -0.7219 -0.7219
10225 61.29 31.83 0.00 0.4958 0.8370 0.8370
10250 61.32 31.85 0.00 0.4559 0.1305 0.1305
10275 61.32 31.87 0.00 -0.1177 -1.1331 -1.1331
10300 61.32 31.87 0.00 -0.1177 -1.1331 -1.1331
10325 61.29 31.87 0.00 -1.0450 -0.0208 -0.0208
10350 61.27 31.85 0.00 -0.3303 -0.1723 -0.1723
10375 61.27 31.85 0.00 -0.3303 -0.1723 -0.1723
10400 61.27 31.79 0.00 -0.0672 -1.9347 -1.9347
10425 61.27 31.75 0.00 0.7583 1.8141 1.8141
10450 61.31 31.81 0.00 0.8628 -0.2066 -0.2066
10475 61.31 31.81 0.00 0.8628 -0.2066 -0.2066
10500 61.36 31.87 0.00 1.2394 -2.8570 -2.8570
10525 61.36 31.83 0.00 -1.1284 -0.7235 -0.7235
10550 61.36 31.83 0.00 -1.1284 -0.7235 -0.7235
10575 61.29 31.77 0.00 -1.7444 0.0276 0.0276
10600 61.27 31.71 0.00 0.2810 0.4400 0.4400
10625 61.29 31.63 0.00 0.7148 0.5736 0.5736
10650 61.29 31.63 0.00 0.7148 0.5736 0.5736
10675 61.29 31.56 0.00 -0.3848 -0.3320 -0.3320
10700 61.27 31.48 0.00 -0.3936 0.4835 0.4835
10725 61.27 31.48 0.00 -0.3936 0.4835 0.4835
10750 61.27 31.42 0.00 0.3385 0.8009 0.8009
10775 61.31 31.40 0.00 0.5865 -0.3328 -0.3328
10800 61.31 31.40 0.00 0.5865 -0.3328 -0.3328
10825 61.29 31.38 0.00 -1.0377 -1.0711 -1.0711
10850 61.22 31.34 0.00 -1.4094 -0.2036 -0.2036
10875 61.22 31.34 0.00 -1.4094 -0.2036 -0.2036
10900 61.20 31.31 0.00 -0.7730 -1.2173 -1.2173
10925 61.15 31.25 0.00 -1.5520 -2.4836 -2.4836
10950 61.13 31.31 0.00 -0.2401 1.3255 1.3255
10975 61.13 31.31 0.00 -0.2401 1.3255 1.3255
11000 61.08 31.43 0.00 -1.1289 -3.3607 -3.3607
11025 61.02 31.51 0.00 -1.8349 -3.1733 -3.1733
11050 61.02 31.51 0.00 -1.8349 -3.1733 -3.1733
11075 60.93 31.55 0.00 -2.4785 -0.4604 -0.4604
11100 60.83 31.57 0.00 -2.5337 -0.0320 -0.0320
11125 60.79 31.54 0.00 0.2246 1.4960 1.4960
11150 60.79 31.54 0.00 0.2246 1.4960 1.4960
11175 60.83 31.48 0.00 0.6067 -0.1095 -0.1095
11200 60.81 31.42 0.00 -1.1073 -0.0235 -0.0235
11225 60.81 31.42 0.00 -1.1073 -0.0235 -0.0235
11250 60.74 31.40 0.00 -1.4436 0.3508 0.3508
11275 60.70 31.40 0.00 -1.0539 -1.0656 -1.0656
11300 60.70 31.40 0.00 -1.0539 -1.0656 -1.0656
11325 60.65 31.38 0.00 -1.4110 -1.2721 -1.2721
11350 60.58 31.37 0.00 -1.3244 -0.8641 -0.8641
11375 60.55 31.33 0.00 -1.3832 -0.4632 -0.4632
11400 60.55 31.33 0.00 -1.3832 -0.4632 -0.4632
11425 60.44 31.25 0.00 -2.7000 -1.6133 -1.6133
11450 60.44 31.25 0.00 -2.7000 -1.6133 -1.6133
11475 60.40 31.28 0.00 -0.5402 1.1351 1.1351
11500 60.35 31.32 0.00 -1.1978 -3.7907 -3.7907
11525 60.30 31.36 0.00 -1.9771 -3.0740 -3.0740
11550 60.30 31.36 0.00 -1.9771 -3.0740 -3.0740
11575 60.16 31.34 0.00 -3.9264 -0.4063 -0.4063
11600 60.02 31.31 0.00 -2.6453 0.0802 0.0802
11625 60.02 31.31 0.00 -2.6453 0.0802 0.0802
11650 59.98 31.23 0.00 -0.6816 1.1827 1.1827
11675 59.95 31.17 0.00 -0.4267 0.0109 0.0109
11700 59.95 31.15 0.00 0.3821 0.0658 0.0658
11725 59.95 31.15 0.00 0.3821 0.0658 0.0658
11750 60.03 31.29 0.00 3.0419 0.9233 0.9233
11775 60.18 31.52 0.00 2.5155 0.6246 0.6246
11800 60.16 31.64 0.00 -1.5505 -0.4935 -0.4935
11825 60.16 31.64 0.00 -1.5505 -0.4935 -0.4935
11850 60.05 31.70 0.00 -3.1744 -0.8302 -0.8302
11875 59.98 31.72 0.00 -1.3122 -1.1880 -1.1880
11900 59.98 31.72 0.00 -1.3122 -1.1880 -1.1880
11925 59.95 31.66 0.00 0.1652 -0.1705 -0.1705
11950 59.95 31.66 0.00 0.1652 -0.1705 -0.1705
11975 60.00 31.70 0.00 0.9422 1.1985 1.1985
12000 59.98 31.78 0.00 -1.3205 -3.0332 -3.0332
12025 59.89 31.78 0.00 -2.4224 -1.3231 -1.3231
12050 59.79 31.79 0.00 -2.4344 -0.3797 -0.3797
12075 59.79 31.79 0.00 -2.4344 -0.3797 -0.3797
12100 59.75 31.77 0.00 0.1101 1.3456 1.3456
12125 59.75 31.77 0.00 0.1101 1.3456 1.3456
12150 59.77 31.69 0.00 0.2356 1.2674 1.2674
12175 59.73 31.61 0.00 -1.0446 -0.0823 -0.0823
12200 59.70 31.55 0.00 -0.8414 0.7652 0.7652
12225 59.70 31.55 0.00 -0.8414 0.7652 0.7652
12250 59.66 31.50 0.00 -0.6846 0.1047 0.1047
12275 59.66 31.42 0.00 0.3511 0.2421 0.2421
12300 59.68 31.36 0.00 -0.1194 -0.3250 -0.3250
12325 59.68 31.36 0.00 -0.1194 -0.3250 -0.3250
12350 59.66 31.26 0.00 -1.0919 0.0399 0.0399
12375 59.59 31.05 0.00 -1.3198 -0.3418 -0.3418
12400 59.59 31.05 0.00 -1.3198 -0.3418 -0.3418
12425 59.54 30.95 0.00 -1.8547 0.9291 0.9291
12450 59.45 30.90 0.00 -3.0848 -2.4385 -2.4385
12475 59.45 30.90 0.00 -3.0848 -2.4385 -2.4385
12500 59.36 30.84 0.00 -2.2691 -2.4055 -2.4055
12525 59.24 30.82 0.00 -3.1871 -1.0833 -1.0833
12550 59.24 30.82 0.00 -3.1871 -1.0833 -1.0833
12575 59.14 30.81 0.00 -2.4135 -0.7089 -0.7089
12600 59.07 30.71 0.00 -1.5717 0.8343 0.8343
12625 58.98 30.64 0.00 -2.0559 -0.4549 -0.4549
12650 58.98 30.64 0.00 -2.0559 -0.4549 -0.4549
12675 58.89 30.66 0.00 -3.2577 -1.9085 -1.9085
12700 58.75 30.66 0.00 -2.6162 -0.8624 -0.8624
12725 58.75 30.66 0.00 -2.6162 -0.8624 -0.8624
12750 58.71 30.64 0.00 -0.3111 -0.6970 -0.6970
12775 58.73 30.64 0.00 0.5165 -0.5073 -0.5073
12800 58.73 30.64 0.00 0.5165 -0.5073 -0.5073
12825 58.71 30.61 0.00 -0.7456 0.0606 0.0606
12850 58.66 30.51 0.00 -1.3733 -2.2644 -2.2644
12875 58.66 30.45 0.00 0.8534 2.8590 2.8590
12900 58.66 30.45 0.00 0.8534 2.8590 2.8590
12925 58.68 30.45 0.00 0.2810 -1.1743 -1.1743
12950 58.73 30.53 0.00 2.6953 -2.3047 -2.3047
12975 58.73 30.53 0.00 2.6953 -2.3047 -2.3047
13000 58.94 30.64 0.00 5.1848 0.8508 0.8508
13025 59.08 30.67 0.00 2.1588 2.9817 2.9817
13050 59.08 30.61 0.00 -0.5436 2.8610 2.8610
13075 59.08 30.61 0.00 -0.5436 2.8610 2.8610
13100 59.01 30.54 0.00 -1.9263 0.9031 0.9031
13125 59.01 30.54 0.00 -1.9263 0.9031 0.9031
13150 58.98 30.46 0.00 -0.7641 0.0336 0.0336
13175 58.98 30.40 0.00 0.1598 1.3738 1.3738
13200 58.96 30.42 0.00 -0.6200 0.2261 0.2261
13225 58.96 30.42 0.00 -0.6200 0.2261 0.2261
13250 58.94 30.42 0.00 -0.7174 -0.3927 -0.3927
13275 58.92 30.38 0.00 -0.3021 -1.1754 -1.1754
13300 58.89 30.34 0.00 -1.0396 -0.4661 -0.4661
13325 58.89 30.34 0.00 -1.0396 -0.4661 -0.4661
13350 58.82 30.27 0.00 -1.5806 -0.6271 -0.6271
13375 58.82 30.31 0.00 0.4329 0.9891 0.9891
13400 58.82 30.31 0.00 0.4329 0.9891 0.9891
13425 58.80 30.35 0.00 -1.2279 -4.1432 -4.1432
13450 58.70 30.35 0.00 -3.9168 -3.0810 -3.0810
13475 58.70 30.35 0.00 -3.9168 -3.0810 -3.0810
13500 58.50 30.34 0.00 -4.5591 -0.6953 -0.6953
13525 58.40 30.28 0.00 -0.9192 -0.0975 -0.0975
13550 58.40 30.28 0.00 -0.9192 -0.0975 -0.0975
13575 58.43 30.16 0.00 1.1520 1.4961 1.4961
13600 58.45 30.06 0.00 0.1248 0.1940 0.1940
13625 58.45 30.06 0.00 0.1248 0.1940 0.1940
13650 58.43 29.96 0.00 -0.5677 0.4688 0.4688
13675 58.43 29.91 0.00 0.1802 0.9853 0.9853
13700 58.45 29.89 0.00 0.4792 -0.2828 -0.2828
13725 58.45 29.89 0.00 0.4792 -0.2828 -0.2828
13750 58.45 29.87 0.00 -0.2591 -0.5393 -0.5393
13775 58.45 29.87 0.00 -0.2591 -0.5393 -0.5393
13800 58.41 29.83 0.00 -1.1153 -0.3305 -0.3305
13825 58.34 29.73 0.00 -2.4332 -2.2341 -2.2341
13850 58.31 29.67 0.00 0.1504 2.7068 2.7068
13875 58.31 29.67 0.00 0.1504 2.7068 2.7068
13900 58.29 29.63 0.00 -0.6701 -2.4161 -2.4161
13925 58.26 29.61 0.00 -1.8356 -3.1796 -3.1796
13950 58.12 29.56 0.00 -3.6628 -1.1513 -1.1513
13975 58.12 29.56 0.00 -3.6628 -1.1513 -1.1513
14000 57.99 29.54 0.00 -2.6493 -0.9686 -0.9686
14025 57.94 29.49 0.00 -0.7763 0.3107 0.3107
14050 57.92 29.39 0.00 -1.0924 -0.0231 -0.0231
14075 57.92 29.39 0.00 -1.0924 -0.0231 -0.0231
14100 57.85 29.29 0.00 -1.9287 -0.9739 -0.9739
14125 57.85 29.29 0.00 -1.9287 -0.9739 -0.9739
14150 57.75 29.21 0.00 -3.4352 -0.8963 -0.8963
14175 57.61 29.22 0.00 -2.8066 -1.0515 -1.0515
14200 57.50 29.28 0.00 -3.0157 -3.2040 -3.2040
14225 57.50 29.28 0.00 -3.0157 -3.2040 -3.2040
14250 57.36 29.34 0.00 -4.2422 -3.5455 -3.5455
14275 57.19 29.41 0.00 -3.9092 -2.9127 -2.9127
14300 57.05 29.39 0.00 -2.9078 -1.6076 -1.6076
14325 57.05 29.39 0.00 -2.9078 -1.6076 -1.6076
14350 56.98 29.43 0.00 -1.6268 -0.7695 -0.7695
14375 56.98 29.43 0.00 -1.6268 -0.7695 -0.7695
14400 56.92 29.49 0.00 -1.0142 -4.4120 -4.4120
14425 56.83 29.53 0.00 -2.8243 -3.1931 -3.1931
14450 56.69 29.56 0.00 -4.0419 -0.7317 -0.7317
14475 56.69 29.56 0.00 -4.0419 -0.7317 -0.7317
14500 56.59 29.54 0.00 -1.1273 -0.2887 -0.2887
14525 56.59 29.46 0.00 0.0750 0.8602 0.8602
14550 56.59 29.38 0.00 0.5457 0.3044 0.3044
14575 56.59 29.38 0.00 0.5457 0.3044 0.3044
14600 56.62 29.34 0.00 0.4358 0.4987 0.4987
14625 56.62 29.34 0.00 0.1367 1.1436 1.1436
14650 56.62 29.34 0.00 0.1367 1.1436 1.1436
14675 56.64 29.36 0.00 0.9407 0.0487 0.0487
14700 56.69 29.38 0.00 0.8533 -0.5027 -0.5027
14725 56.69 29.36 0.00 -0.2418 -0.1501 -0.1501
14750 56.69 29.36 0.00 -0.2418 -0.1501 -0.1501
14775 56.69 29.34 0.00 -0.2589 0.1296 0.1296
14800 56.66 29.26 0.00 -0.2503 -1.0553 -1.0553
14825 56.66 29.26 0.00 -0.2503 -1.0553 -1.0553
14850 56.73 29.26 0.00 1.9873 2.1627 2.1627
14875 56.78 29.26 0.00 1.3026 -2.1872 -2.1872
14900 56.78 29.26 0.00 1.3026 -2.1872 -2.1872
14925 56.80 29.24 0.00 -0.1757 -1.5224 -1.5224
14950 56.75 29.20 0.00 -1.8041 0.9264 0.9264
14975 56.75 29.20 0.00 -1.8041 0.9264 0.9264
15000 56.69 29.12 0.00 -0.5884 0.8815 0.8815
15025 56.71 29.00 0.00 0.9643 1.5001 1.5001
15050 56.71 29.00 0.00 0.9643 1.5001 1.5001
15075 56.75 28.90 0.00 -0.0766 -0.4217 -0.4217
15100 56.71 28.83 0.00 -0.8031 0.3651 0.3651
15125 56.69 28.81 0.00 -0.2882 0.7759 0.7759
15150 56.69 28.81 0.00 -0.2882 0.7759 0.7759
15175 56.69 28.83 0.00 0.2726 -0.1427 -0.1427
15200 56.69 28.85 0.00 -0.6234 -0.8058 -0.8058
15225 56.66 28.83 0.00 -0.4018 -0.2175 -0.2175
15250 56.66 28.83 0.00 -0.4018 -0.2175 -0.2175
15275 56.66 28.81 0.00 0.0316 0.3159 0.3159
15300 56.59 28.73 0.00 -2.5747 -2.6098 -2.6098
15325 56.59 28.73 0.00 -2.5747 -2.6098 -2.6098
15350 56.55 28.77 0.00 -0.1096 1.8866 1.8866
15375 56.54 28.83 0.00 -0.4980 -2.8701 -2.8701
15400 56.54 28.83 0.00 -0.4980 -2.8701 -2.8701
15425 56.50 28.89 0.00 -1.8952 -2.8522 -2.8522
15450 56.36 28.97 0.00 -3.7400 -0.8580 -0.8580
15475 56.36 28.97 0.00 -3.7400 -0.8580 -0.8580
15500 56.29 29.03 0.00 -1.8349 0.0500 0.0500
15525 56.33 28.99 0.00 1.4714 1.9162 1.9162
15550 56.33 28.99 0.00 1.4714 1.9162 1.9162
15575 56.34 28.91 0.00 0.4546 0.9749 0.9749
15600 56.36 28.85 0.00 0.7213 0.8478 0.8478
15625 56.41 28.83 0.00 1.1989 1.7563 1.7563
15650 56.41 28.83 0.00 1.1989 1.7563 1.7563
15675 56.47 28.83 0.00 1.5798 1.2556 1.2556
15700 56.52 28.83 0.00 1.3517 0.4298 0.4298
15725 56.52 28.83 0.00 1.3517 0.4298 0.4298
15750 56.55 28.89 0.00 0.7232 1.5497 1.5497
15775 56.59 28.97 0.00 0.5308 2.4034 2.4034
15800 56.57 28.99 0.00 -0.7194 -1.7947 -1.7947
15825 56.57 28.99 0.00 -0.7194 -1.7947 -1.7947
15850 56.61 29.01 0.00 1.0139 2.0187 2.0187
15875 56.57 29.11 0.00 -1.3935 -2.2886 -2.2886
15900 56.57 29.11 0.00 -1.3935 -2.2886 -2.2886
15925 56.50 29.13 0.00 -2.2009 -2.1415 -2.1415
15950 56.40 29.13 0.00 -2.5097 -0.7700 -0.7700
15975 56.40 29.13 0.00 -2.5097 -0.7700 -0.7700
16000 56.33 29.13 0.00 -1.5853 -0.0155 -0.0155
16025 56.29 29.05 0.00 -0.3757 2.0944 2.0944
16050 56.29 29.05 0.00 -0.3757 2.0944 2.0944
16075 56.27 28.93 0.00 -0.4479 0.7839 0.7839
16100 56.24 28.82 0.00 -1.1363 0.1504 0.1504
16125 56.17 28.74 0.00 -2.0437 0.1987 0.1987
16150 56.17 28.74 0.00 -2.0437 0.1987 0.1987
16175 56.10 28.68 0.00 -1.9673 -1.0738 -1.0738
16200 56.03 28.58 0.00 -1.5192 -0.2614 -0.2614
16225 56.03 28.58 0.00 -1.5192 -0.2614 -0.2614
16250 55.92 28.45 0.00 -3.0875 -1.0869 -1.0869
16275 55.82 28.21 0.00 -2.8253 -1.8960 -1.8960
16300 55.82 28.21 0.00 -2.8253 -1.8960 -1.8960
16325 55.70 27.99 0.00 -2.5044 -1.2755 -1.2755
16350 55.66 27.91 0.00 -0.7863 0.5247 0.5247
16375 55.63 27.90 0.00 -0.7931 -2.7801 -2.7801
16400 55.63 27.90 0.00 -0.7931 -2.7801 -2.7801
16425 55.59 27.88 0.00 -1.0100 -1.9224 -1.9224
16450 55.59 27.88 0.00 -1.0100 -1.9224 -1.9224
16475 55.43 27.84 0.00 -2.1844 -0.3009 -0.3009
16500 55.43 27.84 0.00 -2.1844 -0.3009 -0.3009
16525 55.38 27.70 0.00 -1.0058 1.9828 1.9828
16550 55.38 27.70 0.00 -1.0058 1.9828 1.9828
16575 55.35 27.50 0.00 -0.3119 0.9640 0.9640
16600 55.33 27.34 0.00 -0.6690 0.3265 0.3265
16625 55.29 27.18 0.00 -1.3839 0.4326 0.4326
16650 55.29 27.18 0.00 -1.3839 0.4326 0.4326
16675 55.24 26.98 0.00 -1.0037 0.8319 0.8319
16700 55.21 26.78 0.00 -1.0537 -0.1224 -0.1224
16725 55.19 26.62 0.00 0.6547 0.4837 0.4837
16750 55.19 26.62 0.00 0.6547 0.4837 0.4837
16775 55.19 26.46 0.00 -1.2628 -3.2970 -3.2970
16800 55.19 26.30 0.00 1.5073 3.3651 3.3651
16825 55.19 26.30 0.00 1.5073 3.3651 3.3651
16850 55.22 26.20 0.00 0.4228 -0.4791 -0.4791
16875 55.22 26.00 0.00 -0.6579 -1.3022 -1.3022
16900 55.17 25.78 0.00 -1.3193 0.4854 0.4854
16925 55.17 25.78 0.00 -1.3193 0.4854 0.4854
16950 55.17 25.78 0.00 -1.3193 0.4854 0.4854
16975 55.10 25.58 0.00 -0.0166 1.1519 1.1519
17000 55.10 25.58 0.00 -0.0166 1.1519 1.1519
17025 55.12 25.54 0.00 0.4464 1.2672 1.2672
17050 55.14 25.55 0.00 0.7917 0.1179 0.1179
17075 55.14 25.55 0.00 0.7917 0.1179 0.1179
17100 55.15 25.60 0.00 0.2868 0.1905 0.1905
17125 55.19 25.63 0.00 1.0337 0.7560 0.7560
17150 55.19 25.63 0.00 1.0337 0.7560 0.7560
17175 55.21 25.67 0.00 -0.0488 -0.1811 -0.1811
17200 55.19 25.76 0.00 -0.8488 -0.6654 -0.6654
17225 55.19 25.76 0.00 -0.8488 -0.6654 -0.6654
17250 55.15 25.84 0.00 -0.8690 -1.3524 -1.3524
17275 55.07 25.92 0.00 -2.4711 -3.4020 -3.4020
17300 55.07 25.92 0.00 -2.4711 -3.4020 -3.4020
17325 55.03 26.08 0.00 -0.3702 1.3024 1.3024
17350 55.03 26.08 0.00 -0.3702 1.3024 1.3024
17375 54.93 26.31 0.00 -1.8860 -3.0646 -3.0646
17400 54.93 26.31 0.00 -1.8860 -3.0646 -3.0646
17425 54.84 26.29 0.00 -2.5650 -0.4464 -0.4464
17450 54.84 26.29 0.00 -2.5650 -0.4464 -0.4464
17475 54.77 26.27 0.00 -0.5911 0.3397 0.3397
17500 54.77 26.19 0.00 0.3882 0.6533 0.6533
17525 54.77 26.13 0.00 -0.3455 -0.0714 -0.0714
17550 54.77 26.07 0.00 0.2397 -0.4024 -0.4024
17575 54.77 26.07 0.00 0.2397 -0.4024 -0.4024
17600 54.79 26.07 0.00 0.0896 0.2810 0.2810
17625 54.79 26.07 0.00 0.0896 0.2810 0.2810
17650 54.79 26.15 0.00 0.3287 -0.3095 -0.3095
17675 54.79 26.21 0.00 -0.6901 -1.2055 -1.2055
17700 54.73 26.21 0.00 -1.6399 -1.3580 -1.3580
17725 54.73 26.21 0.00 -1.6399 -1.3580 -1.3580
17750 54.65 26.17 0.00 -2.3305 -1.6557 -1.6557
17775 54.58 26.09 0.00 -0.3411 1.0723 1.0723
17800 54.59 26.11 0.00 -0.0248 -0.0411 -0.0411
17825 54.59 26.11 0.00 -0.0248 -0.0411 -0.0411
17850 54.58 26.13 0.00 -0.6573 -3.2618 -3.2618
17875 54.58 26.13 0.00 -0.6573 -3.2618 -3.2618
17900 54.52 26.15 0.00 -2.2739 -2.6574 -2.6574
17925 54.42 26.13 0.00 -2.6084 -0.4844 -0.4844
17950 54.33 26.12 0.00 -2.0060 -0.2765 -0.2765
17975 54.30 26.00 0.00 0.1007 1.4230 1.4230
18000 54.30 26.00 0.00 0.1007 1.4230 1.4230
18025 54.30 25.87 0.00 0.0296 -0.3140 -0.3140
18050 54.28 25.77 0.00 -1.0963 0.1366 0.1366
18075 54.28 25.77 0.00 -1.0963 0.1366 0.1366
18100 54.21 25.71 0.00 -1.6458 0.5707 0.5707
18125 54.21 25.71 0.00 -1.6458 0.5707 0.5707
18150 54.10 25.68 0.00 -1.4976 -1.6008 -1.6008
18175 54.10 25.68 0.00 -1.4976 -1.6008 -1.6008
18200 54.05 25.68 0.00 -1.4777 -0.7180 -0.7180
18225 54.05 25.68 0.00 -1.4777 -0.7180 -0.7180
18250 54.02 25.66 0.00 -0.7342 -0.7372 -0.7372
18275 53.95 25.60 0.00 -2.2235 -2.0140 -2.0140
18300 53.89 25.64 0.00 -0.6960 0.7434 0.7434
18325 53.89 25.64 0.00 -0.6960 0.7434 0.7434
18350 53.88 25.72 0.00 -0.4538 -3.5156 -3.5156
18375 53.84 25.76 0.00 -1.1485 -2.4425 -2.4425
18400 53.84 25.76 0.00 -1.1485 -2.4425 -2.4425
18425 53.74 25.74 0.00 -2.9604 -0.5206 -0.5206
18450 53.67 25.74 0.00 -1.4186 0.1215 0.1215
18475 53.67 25.74 0.00 -1.4186 0.1215 0.1215
18500 53.67 25.66 0.00 0.8312 1.6613 1.6613
18525 53.68 25.58 0.00 0.6388 0.1070 0.1070
18550 53.70 25.54 0.00 -0.0250 0.2457 0.2457
18575 53.70 25.54 0.00 -0.0250 0.2457 0.2457
18600 53.68 25.52 0.00 -0.6397 0.7274 0.7274
18625 53.68 25.52 0.00 -0.6397 0.7274 0.7274
18650 53.68 25.58 0.00 -0.1501 -1.0911 -1.0911
18675 53.68 25.58 0.00 -0.1501 -1.0911 -1.0911
18700 53.63 25.52 0.00 -1.9547 -1.0353 -1.0353
18725 53.63 25.52 0.00 -1.9547 -1.0353 -1.0353
18750 53.58 25.48 0.00 -0.6190 0.2511 0.2511
18775 53.60 25.50 0.00 0.5994 -0.5533 -0.5533
18800 53.58 25.50 0.00 -0.8406 -1.4920 -1.4920
18825 53.58 25.50 0.00 -0.8406 -1.4920 -1.4920
18850 53.58 25.60 0.00 0.3930 1.0305 1.0305
18875 53.58 25.72 0.00 -0.1274 -3.6997 -3.6997
18900 53.58 25.72 0.00 -0.1274 -3.6997 -3.6997
18925 53.54 25.80 0.00 -1.8789 -2.3219 -2.3219
18950 53.44 25.81 0.00 -2.1472 0.4227 0.4227
18975 53.44 25.81 0.00 -2.1472 0.4227 0.4227
19000 53.42 25.79 0.00 0.7669 0.8673 0.8673
19025 53.51 25.68 0.00 2.6826 3.0405 3.0405
19050 53.60 25.60 0.00 1.7170 2.0974 2.0974
19075 53.60 25.60 0.00 1.7170 2.0974 2.0974
19100 53.63 25.56 0.00 0.3326 1.4886 1.4886
19125 53.63 25.56 0.00 0.3326 1.4886 1.4886
19150 53.61 25.56 0.00 0.2798 0.5461 0.5461
19175 53.61 25.56 0.00 0.2798 0.5461 0.5461
19200 53.61 25.56 0.00 -0.6202 -0.8809 -0.8809
19225 53.61 25.56 0.00 -0.6202 -0.8809 -0.8809
19250 53.54 25.48 0.00 -1.8840 -0.2054 -0.2054
19275 53.47 25.44 0.00 -1.5737 -0.0318 -0.0318
19300 53.47 25.44 0.00 -1.5737 -0.0318 -0.0318
19325 53.46 25.44 0.00 -0.2383 -0.8694 -0.8694
19350 53.40 25.40 0.00 -2.2572 -3.7695 -3.7695
19375 53.40 25.40 0.00 -2.2572 -3.7695 -3.7695
19400 53.37 25.44 0.00 1.0894 1.9833 1.9833
19425 53.32 25.44 0.00 -5.4133 -4.4235 -4.4235
19450 53.00 25.35 0.00 -7.5582 -3.6725 -3.6725
19475 53.00 25.35 0.00 -7.5582 -3.6725 -3.6725
19500 52.71 25.05 0.00 -7.3625 -4.3901 -4.3901
19525 52.43 24.76 0.00 -6.3318 -1.5428 -1.5428
19550 52.43 24.76 0.00 -6.3318 -1.5428 -1.5428
19575 52.22 24.56 0.00 -4.4234 0.7594 0.7594
19600 52.15 24.42 0.00 0.1409 2.3209 2.3209
19625 52.15 24.42 0.00 0.1409 2.3209 2.3209
19650 52.20 24.32 0.00 1.8881 -0.1614 -0.1614
19675 52.27 24.30 0.00 1.5517 1.3474 1.3474
19700 52.32 24.34 0.00 1.1489 2.0461 2.0461
19725 52.32 24.34 0.00 1.1489 2.0461 2.0461
19750 52.39 24.40 0.00 1.4917 0.1706 0.1706
19775 52.41 24.46 0.00 -0.1755 -1.3329 -1.3329
19800 52.41 24.46 0.00 -0.1755 -1.3329 -1.3329
19825 52.37 24.56 0.00 -1.2030 -0.5591 -0.5591
19850 52.34 24.70 0.00 0.1832 -1.1704 -1.1704
19875 52.34 24.70 0.00 0.1832 -1.1704 -1.1704
19900 52.39 24.85 0.00 1.5886 -1.6375 -1.6375
19925 52.43 24.93 0.00 0.6842 0.3020 0.3020
19950 52.46 25.09 0.00 0.2345 0.8715 0.8715
19975 52.46 25.09 0.00 0.2345 0.8715 0.8715
20000 52.48 25.25 0.00 1.0077 -2.3623 -2.3623
20025 52.48 25.35 0.00 -0.6511 -1.1732 -1.1732
20050 52.43 25.35 0.00 -1.1847 1.0357 1.0357
20075 52.43 25.35 0.00 -1.1847 1.0357 1.0357
20100 52.39 25.29 0.00 -0.5543 0.0619 0.0619
20125 52.41 25.17 0.00 0.5889 1.7714 1.7714
20150 52.41 25.17 0.00 0.5889 1.7714 1.7714
20175 52.43 25.09 0.00 -0.2525 0.0778 0.0778
20200 52.37 25.07 0.00 -2.4387 -1.9107 -1.9107
20225 52.25 25.09 0.00 -4.2918 -1.6473 -1.6473
20250 52.25 25.09 0.00 -4.2918 -1.6473 -1.6473
20275 52.11 25.05 0.00 -2.4859 -0.0560 -0.0560
20300 52.04 24.91 0.00 -1.6432 -1.2558 -1.2558
20325 52.04 24.91 0.00 -1.6432 -1.2558 -1.2558
20350 51.99 24.77 0.00 -1.2130 -0.8490 -0.8490
20375 51.94 24.61 0.00 -1.4265 0.6319 0.6319
20400 51.94 24.61 0.00 -1.4265 0.6319 0.6319
20425 51.92 24.42 0.00 0.1503 0.0971 0.0971
20450 51.94 24.26 0.00 -0.3068 -1.7293 -1.7293
20475 51.94 24.26 0.00 -0.3068 -1.7293 -1.7293
20500 51.89 24.10 0.00 -0.6729 1.7030 1.7030
20525 51.87 24.05 0.00 -1.1129 0.2115 0.2115
20550 51.83 24.06 0.00 -0.5444 -2.9828 -2.9828
20575 51.83 24.06 0.00 -0.5444 -2.9828 -2.9828
20600 51.76 24.06 0.00 -2.8014 -2.3084 -2.3084
20625 51.61 24.02 0.00 -3.8755 -0.5518 -0.5518
20650 51.61 24.02 0.00 -3.8755 -0.5518 -0.5518
20675 51.50 23.93 0.00 -1.1754 -0.4398 -0.4398
20700 51.50 23.93 0.00 -1.1754 -0.4398 -0.4398
20725 51.54 23.81 0.00 1.0504 1.3028 1.3028
20750 51.54 23.71 0.00 0.1227 0.4992 0.4992
20775 51.54 23.61 0.00 -0.1915 0.3639 0.3639
20800 51.52 23.59 0.00 -0.6979 0.7777 0.7777
20825 51.52 23.59 0.00 -0.6979 0.7777 0.7777
20850 51.47 23.67 0.00 -1.5362 -1.5284 -1.5284
20875 51.47 23.67 0.00 -1.5362 -1.5284 -1.5284
20900 51.41 23.67 0.00 -0.8271 -1.2606 -1.2606
20925 51.40 23.63 0.00 -0.5302 -0.4227 -0.4227
20950 51.40 23.61 0.00 0.0400 -0.3830 -0.3830
20975 51.40 23.63 0.00 0.0789 -1.4560 -1.4560
21000 51.40 23.63 0.00 0.0789 -1.4560 -1.4560
21025 51.38 23.61 0.00 -1.1013 -2.9589 -2.9589
21050 51.38 23.61 0.00 -1.1013 -2.9589 -2.9589
21075 51.40 23.71 0.00 1.4205 2.7773 2.7773
21100 51.45 23.79 0.00 1.1756 -1.9086 -1.9086
21125 51.45 23.85 0.00 -1.0815 -2.6726 -2.6726
21150 51.45 23.85 0.00 -1.0815 -2.6726 -2.6726
21175 51.45 23.85 0.00 -1.0815 -2.6726 -2.6726
21200 51.31 23.94 0.00 -1.0861 -0.3635 -0.3635
21225 51.31 23.94 0.00 -1.0861 -0.3635 -0.3635
21250 51.31 23.85 0.00 0.8280 1.4075 1.4075
21275 51.34 23.81 0.00 0.7478 1.0287 1.0287
21300 51.38 23.77 0.00 1.0856 0.8535 0.8535
21325 51.38 23.77 0.00 1.0856 0.8535 0.8535
21350 51.40 23.73 0.00 0.1348 1.2809 1.2809
21375 51.41 23.73 0.00 0.4528 0.7601 0.7601
21400 51.41 23.73 0.00 0.4528 0.7601 0.7601
21425 51.40 23.75 0.00 -1.0839 -1.1912 -1.1912
21450 51.33 23.69 0.00 -2.5184 -1.1459 -1.1459
21475 51.33 23.69 0.00 -2.5184 -1.1459 -1.1459
21500 51.24 23.65 0.00 -1.7374 -0.4345 -0.4345
21525 51.19 23.59 0.00 -0.5897 -0.4437 -0.4437
21550 51.19 23.59 0.00 -0.5897 -0.4437 -0.4437
21575 51.15 23.51 0.00 -1.5495 -3.0079 -3.0079
21600 51.13 23.51 0.00 0.1533 2.5454 2.5454
21625 51.12 23.59 0.00 -0.5416 -1.6017 -1.6017
21650 51.12 23.59 0.00 -0.5416 -1.6017 -1.6017
21675 51.06 23.69 0.00 -2.4766 -3.6877 -3.6877
21700 51.06 23.69 0.00 -2.4766 -3.6877 -3.6877
21725 50.91 23.69 0.00 -3.8243 -1.2095 -1.2095
21750 50.82 23.67 0.00 -1.4960 -0.2101 -0.2101
21775 50.80 23.63 0.00 -0.0656 0.1979 0.1979
21800 50.80 23.63 0.00 -0.0656 0.1979 0.1979
21825 50.82 23.57 0.00 0.3458 1.7426 1.7426
21850 50.84 23.53 0.00 0.5292 0.8695 0.8695
21875 50.86 23.53 0.00 0.3613 0.5005 0.5005
21900 50.86 23.53 0.00 0.3613 0.5005 0.5005
21925 50.87 23.53 0.00 0.8443 1.4990 1.4990
21950 50.87 23.53 0.00 0.8443 1.4990 1.4990
21975 50.93 23.57 0.00 1.0693 -1.7565 -1.7565
22000 50.93 23.57 0.00 -0.8179 -2.0313 -2.0313
22025 50.86 23.55 0.00 -1.6222 0.4392 0.4392
22050 50.86 23.55 0.00 -1.6222 0.4392 0.4392
22075 50.82 23.55 0.00 -0.3948 -0.3631 -0.3631
22100 50.82 23.55 0.00 -0.3948 -0.3631 -0.3631
22125 50.79 23.47 0.00 0.1669 1.4433 1.4433
22150 50.79 23.47 0.00 0.1669 1.4433 1.4433
22175 50.75 23.63 0.00 -1.7428 -2.0691 -2.0691
22200 50.75 23.63 0.00 -1.7428 -2.0691 -2.0691
22225 50.68 23.75 0.00 -2.2839 -3.8423 -3.8423
22250 50.59 23.80 0.00 -1.5249 -0.9702 -0.9702
22275 50.56 23.75 0.00 -0.5332 0.5670 0.5670
22300 50.56 23.75 0.00 -0.5332 0.5670 0.5670
22325 50.56 23.61 0.00 0.5575 1.7860 1.7860
22350 50.61 23.51 0.00 0.8902 3.3619 3.3619
22375 50.61 23.51 0.00 0.8902 3.3619 3.3619
22400 50.59 23.41 0.00 -1.3162 -1.4062 -1.4062
22425 50.52 23.34 0.00 -1.8314 -1.7657 -1.7657
22450 50.52 23.34 0.00 -1.8314 -1.7657 -1.7657
22475 50.45 23.32 0.00 -1.5384 -0.9431 -0.9431
22500 50.40 23.34 0.00 -0.8254 -1.3409 -1.3409
22525 50.37 23.41 0.00 -0.8235 -0.4336 -0.4336
22550 50.37 23.41 0.00 -0.8235 -0.4336 -0.4336
22575 50.35 23.43 0.00 -1.0310 -0.1010 -0.1010
22600 50.30 23.43 0.00 -1.1291 -1.3738 -1.3738
22625 50.26 23.41 0.00 -0.9950 -3.4279 -3.4279
22650 50.26 23.41 0.00 -0.9950 -3.4279 -3.4279
22675 50.28 23.43 0.00 0.9898 2.5288 2.5288
22700 50.28 23.43 0.00 0.9898 2.5288 2.5288
22725 50.26 23.51 0.00 -0.6960 -2.0023 -2.0023
22750 50.26 23.51 0.00 -0.6960 -2.0023 -2.0023
22775 50.14 23.37 0.00 -2.5943 -0.7022 -0.7022
22800 50.14 23.37 0.00 -2.5943 -0.7022 -0.7022
22825 50.05 23.26 0.00 -2.0422 -0.0880 -0.0880
22850 49.98 23.06 0.00 -1.0519 1.4288 1.4288
22875 49.98 23.06 0.00 -1.0519 1.4288 1.4288
22900 49.97 22.89 0.00 -0.4861 1.1361 1.1361
22925 49.93 22.79 0.00 -1.2819 -0.3059 -0.3059
22950 49.93 22.79 0.00 -1.2819 -0.3059 -0.3059
22975 49.86 22.71 0.00 -1.4064 0.2033 0.2033
23000 49.84 22.66 0.00 -0.3536 -0.0806 -0.0806
23025 49.79 22.62 0.00 -1.9392 -1.3155 -1.3155
23050 49.79 22.62 0.00 -1.9392 -1.3155 -1.3155
23075 49.70 22.54 0.00 -2.5398 -1.9515 -1.9515
23100 49.62 22.44 0.00 -1.5438 -0.7883 -0.7883
23125 49.62 22.44 0.00 -1.5438 -0.7883 -0.7883
23150 49.58 22.38 0.00 -0.4901 -0.5615 -0.5615
23175 49.55 22.33 0.00 -1.4368 -3.6576 -3.6576
23200 49.53 22.37 0.00 0.0833 1.4645 1.4645
23225 49.53 22.37 0.00 0.0833 1.4645 1.4645
23250 49.48 22.48 0.00 -1.4953 -2.8061 -2.8061
23275 49.41 22.60 0.00 -2.2845 -4.1291 -4.1291
23300 49.41 22.60 0.00 -2.2845 -4.1291 -4.1291
23325 49.28 22.68 0.00 -3.7966 -2.6723 -2.6723
23350 49.16 22.75 0.00 -3.8402 -1.3451 -1.3451
23375 49.16 22.75 0.00 -3.8402 -1.3451 -1.3451
23400 49.04 22.72 0.00 -2.2094 -1.0544 -1.0544
23425 49.02 22.70 0.00 0.0527 0.4602 0.4602
23450 49.02 22.72 0.00 -0.2800 -0.8803 -0.8803
23475 49.02 22.72 0.00 -0.2800 -0.8803 -0.8803
23500 48.99 22.77 0.00 -1.3622 -0.7603 -0.7603
23525 48.88 22.93 0.00 -2.5719 -1.8691 -1.8691
23550 48.88 22.93 0.00 -2.5719 -1.8691 -1.8691
23575 48.80 23.12 0.00 -2.3347 -2.0401 -2.0401
23600 48.67 23.22 0.00 -3.2617 -2.6357 -2.6357
23625 48.57 23.20 0.00 -2.0702 -1.1564 -1.1564
23650 48.57 23.20 0.00 -2.0702 -1.1564 -1.1564
23675 48.53 23.16 0.00 -0.7119 -1.0819 -1.0819
23700 48.46 23.07 0.00 -2.1137 -2.7112 -2.7112
23725 48.46 23.07 0.00 -2.1137 -2.7112 -2.7112
23750 48.45 23.09 0.00 0.5099 1.6103 1.6103
23775 48.45 23.13 0.00 0.5709 -2.5151 -2.5151
23800 48.45 23.13 0.00 0.5709 -2.5151 -2.5151
23825 48.52 23.15 0.00 1.6610 -0.5806 -0.5806
23850 48.55 23.05 0.00 0.0899 1.5853 1.5853
23875 48.55 23.05 0.00 0.0899 1.5853 1.5853
23900 48.52 22.91 0.00 -1.0354 0.9861 0.9861
23925 48.50 22.68 0.00 0.2619 2.7167 2.7167
23950 48.52 22.37 0.00 0.2397 1.2586 1.2586
23975 48.52 22.37 0.00 0.2397 1.2586 1.2586
24000 48.53 22.10 0.00 0.9273 2.1005 2.1005
24025 48.55 21.91 0.00 -0.0449 1.7197 1.7197
24050 48.55 21.91 0.00 -0.0449 1.7197 1.7197
24075 48.55 21.79 0.00 -0.0644 0.6688 0.6688
24100 48.55 21.69 0.00 0.0236 -0.1261 -0.1261
24125 48.55 21.69 0.00 0.0236 -0.1261 -0.1261
24150 48.53 21.54 0.00 -0.8966 0.0140 0.0140
24175 48.50 21.37 0.00 -0.7552 1.0678 1.0678
24200 48.46 21.23 0.00 -0.8703 -0.4436 -0.4436
24225 48.46 21.23 0.00 -0.8703 -0.4436 -0.4436
24250 48.39 21.06 0.00 -2.1375 -1.0007 -1.0007
24275 48.34 21.04 0.00 -1.3856 -0.1231 -0.1231
24300 48.34 21.04 0.00 -1.3856 -0.1231 -0.1231
24325 48.25 21.10 0.00 -2.5355 -5.0001 -5.0001
24350 48.10 21.16 0.00 -4.6537 -4.4516 -4.4516
24375 48.10 21.16 0.00 -4.6537 -4.4516 -4.4516
24400 47.91 21.20 0.00 -4.3340 -1.3672 -1.3672
24425 47.80 21.20 0.00 -1.7172 -0.6895 -0.6895
24450 47.80 21.08 0.00 0.6346 1.1999 1.1999
24475 47.80 21.08 0.00 0.6346 1.1999 1.1999
24500 47.80 21.01 0.00 -0.1664 0.6222 0.6222
24525 47.78 21.01 0.00 -0.3725 2.4749 2.4749
24550 47.78 21.01 0.00 -0.3725 2.4749 2.4749
24575 47.75 21.03 0.00 -1.7623 1.3172 1.3172
24600 47.64 21.03 0.00 -2.3109 0.2965 0.2965
24625 47.59 21.05 0.00 -1.2729 1.0767 1.0767
24650 47.59 21.05 0.00 -1.2729 1.0767 1.0767
24675 47.50 20.99 0.00 -2.2441 0.2229 0.2229
24700 47.45 20.99 0.00 -0.5859 0.1174 0.1174
24725 47.45 20.99 0.00 -0.5859 0.1174 0.1174
24750 47.40 20.97 0.00 -1.3509 -2.9435 -2.9435
24775 47.40 20.97 0.00 -1.3509 -2.9435 -2.9435
24800 47.40 20.99 0.00 0.6080 1.7326 1.7326
24825 47.38 21.03 0.00 -0.7989 -2.6555 -2.6555
24850 47.35 21.03 0.00 -2.1118 -3.2811 -3.2811
24875 47.35 21.03 0.00 -2.1118 -3.2811 -3.2811
24900 47.21 20.92 0.00 -3.3432 -0.2418 -0.2418
24925 47.08 20.82 0.00 -3.1296 0.3437 0.3437
24950 46.98 20.63 0.00 -2.3887 1.8309 1.8309
24975 46.98 20.63 0.00 -2.3887 1.8309 1.8309
25000 46.87 20.46 0.00 -2.9584 1.2818 1.2818
25025 46.77 20.41 0.00 -1.2620 0.0377 0.0377
25050 46.77 20.41 0.00 -1.2620 0.0377 0.0377
25075 46.79 20.37 0.00 0.9517 1.0800 1.0800
25100 46.80 20.35 0.00 -0.0547 0.1492 0.1492
25125 46.80 20.35 0.00 -0.0547 0.1492 0.1492
25150 46.77 20.35 0.00 -1.5347 -0.4092 -0.4092
25175 46.70 20.35 0.00 -1.8786 -0.9580 -0.9580
25200 46.65 20.35 0.00 0.0328 -0.6566 -0.6566
25225 46.65 20.35 0.00 0.0328 -0.6566 -0.6566
25250 46.63 20.33 0.00 -1.4676 -4.3770 -4.3770
25275 46.63 20.26 0.00 1.3533 2.6727 2.6727
25300 46.65 20.29 0.00 -0.6364 -2.3121 -2.3121
25325 46.65 20.29 0.00 -0.6364 -2.3121 -2.3121
25350 46.61 20.31 0.00 -1.2488 -2.7082 -2.7082
25375 46.61 20.31 0.00 -1.2488 -2.7082 -2.7082
25400 46.56 20.24 0.00 -1.1430 -0.6356 -0.6356
25425 46.53 20.20 0.00 -0.6364 0.0300 0.0300
25450 46.51 20.05 0.00 -0.2635 2.3848 2.3848
25475 46.51 20.05 0.00 -0.2635 2.3848 2.3848
25500 46.51 19.90 0.00 0.2013 1.3106 1.3106
25525 46.54 19.86 0.00 0.9950 -0.0322 -0.0322
25550 46.54 19.86 0.00 0.9950 -0.0322 -0.0322
25575 46.56 19.86 0.00 0.5873 0.9811 0.9811
25600 46.58 19.86 0.00 0.3334 0.2652 0.2652
25625 46.58 19.86 0.00 0.3334 0.2652 0.2652
25650 46.58 19.88 0.00 -0.5541 -0.3102 -0.3102
25675 46.54 19.84 0.00 -1.1949 -0.2570 -0.2570
25700 46.47 19.82 0.00 -1.4053 -1.1655 -1.1655
25725 46.47 19.82 0.00 -1.4053 -1.1655 -1.1655
25750 46.40 19.76 0.00 -2.4582 -4.4554 -4.4554
25775 46.37 19.71 0.00 0.4834 2.6557 2.6557
25800 46.37 19.78 0.00 -0.2880 -1.5073 -1.5073
25825 46.37 19.78 0.00 -0.2880 -1.5073 -1.5073
25850 46.35 19.82 0.00 -0.9243 -3.7748 -3.7748
25875 46.35 19.82 0.00 -0.9243 -3.7748 -3.7748
25900 46.28 19.82 0.00 -2.5725 -1.5415 -1.5415
25925 46.28 19.82 0.00 -2.5725 -1.5415 -1.5415
25950 46.12 19.73 0.00 -0.1400 0.4312 0.4312
25975 46.12 19.73 0.00 -0.1400 0.4312 0.4312
26000 46.16 19.65 0.00 0.6352 0.8622 0.8622
26025 46.16 19.60 0.00 -0.0093 -0.2331 -0.2331
26050 46.16 19.60 0.00 -0.0093 -0.2331 -0.2331
26075 46.16 19.58 0.00 -0.2832 0.1233 0.1233
26100 46.12 19.60 0.00 -0.8028 -0.1713 -0.1713
26125 46.12 19.60 0.00 -0.8028 -0.1713 -0.1713
26150 46.11 19.62 0.00 -0.8167 -0.8714 -0.8714
26175 46.04 19.64 0.00 -1.9930 -1.4684 -1.4684
26200 45.97 19.58 0.00 -1.6872 -0.6400 -0.6400
26225 45.97 19.58 0.00 -1.6872 -0.6400 -0.6400
26250 45.91 19.49 0.00 -0.8580 0.3274 0.3274
26275 45.91 19.49 0.00 -0.8580 0.3274 0.3274
26300 45.79 19.34 0.00 -4.7868 -2.8372 -2.8372
26325 45.65 19.30 0.00 -2.2730 2.8718 2.8718
26350 45.56 19.34 0.00 -1.7119 -3.0146 -3.0146
26375 45.55 19.44 0.00 -0.7233 -3.8872 -3.8872
26400 45.55 19.44 0.00 -0.7233 -3.8872 -3.8872
26425 45.49 19.53 0.00 -1.9463 -1.5867 -1.5867
26450 45.42 19.61 0.00 -1.8146 0.1305 0.1305
26475 45.42 19.61 0.00 -1.8146 0.1305 0.1305
26500 45.39 19.65 0.00 -0.1189 0.1036 0.1036
26525 45.44 19.61 0.00 1.6358 1.2108 1.2108
26550 45.44 19.61 0.00 1.6358 1.2108 1.2108
26575 45.49 19.57 0.00 1.1557 0.2594 0.2594
26600 45.53 19.53 0.00 0.7655 0.9581 0.9581
26625 45.53 19.53 0.00 0.7655 0.9581 0.9581
26650 45.56 19.55 0.00 0.7504 0.7757 0.7757
26675 45.56 19.63 0.00 -0.2767 -0.9921 -0.9921
26700 45.55 19.68 0.00 -0.6530 -1.4253 -1.4253
26725 45.55 19.68 0.00 -0.6530 -1.4253 -1.4253
26750 45.49 19.65 0.00 -0.8905 -0.0606 -0.0606
26775 45.49 19.61 0.00 0.5785 0.3311 0.3311
26800 45.49 19.61 0.00 0.5785 0.3311 0.3311
26825 45.51 19.51 0.00 -0.4734 -2.2063 -2.2063
26850 45.53 19.44 0.00 1.7962 3.1741 3.1741
26875 45.58 19.44 0.00 0.6129 -0.6910 -0.6910
26900 45.58 19.44 0.00 0.6129 -0.6910 -0.6910
26925 45.58 19.42 0.00 -0.9833 -2.5760 -2.5760
26950 45.46 19.38 0.00 -4.1939 -1.9687 -1.9687
26975 45.28 19.29 0.00 -4.1591 -0.8780 -0.8780
27000 45.28 19.29 0.00 -4.1591 -0.8780 -0.8780
27025 45.18 19.16 0.00 -1.0502 -0.2268 -0.2268
27050 45.18 19.16 0.00 -1.0502 -0.2268 -0.2268
27075 45.20 19.03 0.00 0.5638 1.2433 1.2433
27100 45.20 18.88 0.00 -0.1324 0.1845 0.1845
27125 45.16 18.76 0.00 -0.7591 0.1574 0.1574
27150 45.16 18.76 0.00 -0.7591 0.1574 0.1574
27175 45.14 18.71 0.00 -0.6461 0.2335 0.2335
27200 45.14 18.71 0.00 -0.6461 0.2335 0.2335
27225 45.11 18.71 0.00 -0.8933 -0.3599 -0.3599
27250 45.06 18.69 0.00 -1.9818 -2.7152 -2.7152
27275 44.95 18.62 0.00 -2.6871 -1.4864 -1.4864
27300 44.95 18.62 0.00 -2.6871 -1.4864 -1.4864
27325 44.85 18.56 0.00 -2.2865 -0.8471 -0.8471
27350 44.79 18.53 0.00 -0.9629 -1.3557 -1.3557
27375 44.79 18.53 0.00 -0.9629 -1.3557 -1.3557
27400 44.74 18.53 0.00 -1.8214 -2.6665 -2.6665
27425 44.67 18.53 0.00 -0.9045 0.0881 0.0881
27450 44.69 18.66 0.00 0.3945 -0.0435 -0.0435
27475 44.69 18.66 0.00 0.3945 -0.0435 -0.0435
27500 44.69 18.85 0.00 -0.1054 -3.7866 -3.7866
27525 44.64 18.98 0.00 -2.1617 -2.5576 -2.5576
27550 44.53 19.06 0.00 -2.4480 -0.5927 -0.5927
27575 44.53 19.06 0.00 -2.4480 -0.5927 -0.5927
27600 44.48 19.08 0.00 -0.5411 -0.7379 -0.7379
27625 44.53 19.06 0.00 2.1875 1.9123 1.9123
27650 44.53 19.06 0.00 2.1875 1.9123 1.9123
27675 44.60 19.08 0.00 1.2034 0.5605 0.5605
27700 44.62 19.17 0.00 0.4644 0.8694 0.8694
27725 44.62 19.17 0.00 0.4644 0.8694 0.8694
27750 44.65 19.30 0.00 1.1417 0.8338 0.8338
27775 44.69 19.49 0.00 0.4001 -0.8926 -0.8926
27800 44.69 19.49 0.00 0.4001 -0.8926 -0.8926
27825 44.65 19.55 0.00 -2.0298 -2.0798 -2.0798
27850 44.55 19.57 0.00 -1.9184 -1.2898 -1.2898
27875 44.53 19.59 0.00 -0.1826 0.0193 0.0193
27900 44.53 19.59 0.00 -0.1826 0.0193 0.0193
27925 44.53 19.61 0.00 -0.0781 -1.2629 -1.2629
27950 44.50 19.61 0.00 -1.8418 -3.1932 -3.1932
27975 44.50 19.61 0.00 -1.8418 -3.1932 -3.1932
28000 44.43 19.63 0.00 -0.3006 1.7811 1.7811
28025 44.43 19.74 0.00 -0.1073 0.5577 0.5577
28050 44.43 19.74 0.00 -0.1073 0.5577 0.5577
28075 44.41 19.88 0.00 -0.7872 -3.4658 -3.4658
28100 44.34 19.92 0.00 -2.1424 -2.3289 -2.3289
28125 44.23 19.90 0.00 -2.9887 -0.9524 -0.9524
28150 44.23 19.90 0.00 -2.9887 -0.9524 -0.9524
28175 44.11 19.85 0.00 -2.5794 -1.5014 -1.5014
28200 44.09 19.71 0.00 0.3869 1.7147 1.7147
28225 44.09 19.71 0.00 0.3869 1.7147 1.7147
28250 44.09 19.60 0.00 -0.1608 0.5299 0.5299
28275 44.09 19.54 0.00 -0.2820 0.6166 0.6166
28300 44.08 19.49 0.00 -0.0254 0.4332 0.4332
28325 44.08 19.49 0.00 -0.0254 0.4332 0.4332
28350 44.08 19.54 0.00 -0.0354 -0.3594 -0.3594
28375 44.06 19.56 0.00 -0.6375 -0.7952 -0.7952
28400 44.06 19.56 0.00 -0.6375 -0.7952 -0.7952
28425 44.02 19.51 0.00 -1.0159 0.0626 0.0626
28450 44.01 19.43 0.00 -0.4468 -0.5538 -0.5538
28475 44.01 19.43 0.00 -0.4468 -0.5538 -0.5538
28500 43.97 19.36 0.00 -0.7000 -1.5091 -1.5091
28525 43.92 19.28 0.00 -1.2527 -1.2826 -1.2826
28550 43.92 19.28 0.00 -1.2527 -1.2826 -1.2826
28575 43.90 19.34 0.00 -0.4774 0.7722 0.7722
28600 43.88 19.42 0.00 -0.6331 -2.8883 -2.8883
28625 43.83 19.36 0.00 -1.8758 -2.6630 -2.6630
28650 43.83 19.36 0.00 -1.8758 -2.6630 -2.6630
28675 43.73 19.23 0.00 -2.2768 -0.0215 -0.0215
28700 43.67 19.10 0.00 -1.2198 0.1746 0.1746
28725 43.67 19.10 0.00 -1.2198 0.1746 0.1746
28750 43.64 18.87 0.00 -0.6032 0.8636 0.8636
28775 43.62 18.72 0.00 -0.6782 -0.6215 -0.6215
28800 43.60 18.59 0.00 -0.4779 -0.8115 -0.8115
28825 43.60 18.59 0.00 -0.4779 -0.8115 -0.8115
28850 43.57 18.52 0.00 -1.0864 0.4350 0.4350
28875 43.53 18.48 0.00 -0.3929 1.0034 1.0034
28900 43.53 18.48 0.00 -0.3929 1.0034 1.0034
28925 43.52 18.44 0.00 -0.7594 -0.8701 -0.8701
28950 43.50 18.39 0.00 -0.4450 -0.3658 -0.3658
28975 43.50 18.39 0.00 -0.4450 -0.3658 -0.3658
29000 43.48 18.35 0.00 -0.2654 0.2059 0.2059
29025 43.48 18.22 0.00 0.5113 0.3891 0.3891
29050 43.48 18.22 0.00 0.5113 0.3891 0.3891
29075 43.46 18.09 0.00 -1.3819 -2.8636 -2.8636
29100 43.46 18.14 0.00 0.0864 2.4067 2.4067
29125 43.46 18.14 0.00 0.0864 2.4067 2.4067
29150 43.43 18.28 0.00 -0.8924 -2.7006 -2.7006
29175 43.39 18.41 0.00 -1.3105 -3.4787 -3.4787
29200 43.31 18.39 0.00 -2.0412 -0.0399 -0.0399
29225 43.27 18.34 0.00 0.0775 1.7392 1.7392
29250 43.27 18.34 0.00 0.0775 1.7392 1.7392
29275 43.31 18.15 0.00 1.0400 1.4144 1.4144
29300 43.34 18.00 0.00 0.5594 1.9301 1.9301
29325 43.34 18.00 0.00 0.5594 1.9301 1.9301
29350 43.38 17.90 0.00 1.0201 0.9583 0.9583
29375 43.38 17.90 0.00 1.0201 0.9583 0.9583
29400 43.41 17.79 0.00 0.7224 1.4848 1.4848
29425 43.41 17.75 0.00 0.0926 1.2725 1.2725
29450 43.41 17.73 0.00 -0.1890 -0.1119 -0.1119
29475 43.41 17.73 0.00 -0.1890 -0.1119 -0.1119
29500 43.38 17.66 0.00 -1.5770 -1.2875 -1.2875
29525 43.32 17.64 0.00 -1.1276 0.2856 0.2856
29550 43.32 17.64 0.00 -1.1276 0.2856 0.2856
29575 43.31 17.53 0.00 -0.4833 -0.4445 -0.4445
29600 43.22 17.40 0.00 -3.2279 -3.6698 -3.6698
29625 43.10 17.31 0.00 -2.9691 1.3001 1.3001
29650 43.10 17.31 0.00 -2.9691 1.3001 1.3001
29675 42.80 17.21 0.00 -10.1037 -6.7314 -6.7314
29700 42.27 16.93 0.00 -16.3066 -10.3117 -10.3117
29725 42.27 16.93 0.00 -16.3066 -10.3117 -10.3117
29750 41.53 16.45 0.00 -19.1772 -9.5820 -9.5820
29775 40.76 15.92 0.00 -18.3781 -7.9386 -7.9386
29800 40.16 15.39 0.00 -12.5002 -6.0711 -6.0711
29825 40.16 15.39 0.00 -12.5002 -6.0711 -6.0711
29850 39.75 14.93 0.00 -8.9631 -7.1584 -7.1584
29875 39.75 14.93 0.00 -8.9631 -7.1584 -7.1584
29900 39.49 14.52 0.00 -5.3425 -5.5161 -5.5161
29925 39.33 14.15 0.00 -3.3881 -3.2199 -3.2199
29950 39.22 13.86 0.00 -2.6772 -1.7313 -1.7313
29975 39.22 13.86 0.00 -2.6772 -1.7313 -1.7313
30000 39.10 13.59 0.00 -3.2022 -3.0545 -3.0545
30025 38.94 13.33 0.00 -4.4096 -4.1127 -4.1127
30050 38.94 13.33 0.00 -4.4096 -4.1127 -4.1127
30075 38.78 13.12 0.00 -3.4218 -2.5704 -2.5704
30100 38.66 12.96 0.00 -3.0950 -3.9170 -3.9170
30125 38.48 12.82 0.00 -4.9519 -5.9018 -5.9018
30150 38.48 12.82 0.00 -4.9519 -5.9018 -5.9018
30175 38.36 12.76 0.00 -3.0119 -0.8579 -0.8579
30200 38.11 12.66 0.00 -6.8561 -6.2791 -6.2791
30225 38.11 12.66 0.00 -6.8561 -6.2791 -6.2791
30250 37.85 12.55 0.00 -6.8197 -6.5458 -6.5458
30275 37.54 12.40 0.00 -7.7695 -5.9669 -5.9669
30300 37.54 12.40 0.00 -7.7695 -5.9669 -5.9669
30325 37.24 12.27 0.00 -7.6435 -4.8866 -4.8866
30350 36.99 12.09 0.00 -8.9037 -5.1969 -5.1969
30375 36.67 11.87 0.00 -7.6467 -4.6944 -4.6944
30400 36.67 11.87 0.00 -7.6467 -4.6944 -4.6944
30425 36.41 11.64 0.00 -5.9110 -6.0366 -6.0366
30450 36.21 11.54 0.00 -3.7016 -4.0311 -4.0311
30475 36.21 11.54 0.00 -3.7016 -4.0311 -4.0311
30500 36.12 11.56 0.00 -2.0125 -2.4225 -2.4225
30525 36.12 11.56 0.00 -2.0125 -2.4225 -2.4225
30550 36.05 11.69 0.00 -1.5551 -3.2336 -3.2336
30575 35.95 11.91 0.00 -3.3471 -4.6520 -4.6520
30600 35.86 12.24 0.00 -1.2857 -2.9954 -2.9954
30625 35.86 12.24 0.00 -1.2857 -2.9954 -2.9954
30650 35.86 12.57 0.00 0.4513 -2.4980 -2.4980
30675 35.84 12.95 0.00 -0.2136 -4.2024 -4.2024
30700 35.93 13.52 0.00 3.3998 2.2002 2.2002
30725 35.93 13.52 0.00 3.3998 2.2002 2.2002
30750 36.09 14.20 0.00 3.7349 -2.4585 -2.4585
30775 36.09 14.20 0.00 3.7349 -2.4585 -2.4585
30800 36.18 14.80 0.00 1.3788 -3.1767 -3.1767
30825 36.18 15.35 0.00 -0.7273 -1.7848 -1.7848
30850 36.16 15.81 0.00 -0.3570 -1.3735 -1.3735
30875 36.16 15.81 0.00 -0.3570 -1.3735 -1.3735
30900 36.18 16.07 0.00 1.8155 2.2177 2.2177
30925 36.28 16.25 0.00 2.5392 1.3029 1.3029
30950 36.41 16.39 0.00 3.5486 3.0829 3.0829
30975 36.41 16.39 0.00 3.5486 3.0829 3.0829
31000 36.52 16.55 0.00 1.9333 2.2284 2.2284
31025 36.57 16.67 0.00 1.1270 1.9219 1.9219
31050 36.64 16.69 0.00 2.0170 1.5774 1.5774
31075 36.64 16.69 0.00 2.0170 1.5774 1.5774
31100 36.71 16.72 0.00 0.9934 0.9382 0.9382
31125 36.71 16.72 0.00 0.9934 0.9382 0.9382
31150 36.71 16.70 0.00 0.4412 1.7352 1.7352
31175 36.67 16.59 0.00 -1.3187 -2.1565 -2.1565
31200 36.71 16.57 0.00 1.1641 3.0575 3.0575
31225 36.71 16.57 0.00 1.1641 3.0575 3.0575
31250 36.69 16.72 0.00 -0.5622 -1.9357 -1.9357
31275 36.69 16.72 0.00 -0.5622 -1.9357 -1.9357
31300 36.69 16.87 0.00 -0.1012 -1.9241 -1.9241
31325 36.66 16.97 0.00 -1.1836 -0.9089 -0.9089
31350 36.60 17.08 0.00 -1.2078 -0.5610 -0.5610
31375 36.60 17.08 0.00 0.5717 1.4089 1.4089
31400 36.60 17.08 0.00 0.5717 1.4089 1.4089
31425 36.60 17.04 0.00 -0.7112 -0.5144 -0.5144
31450 36.59 17.08 0.00 0.3735 0.2649 0.2649
31475 36.59 17.08 0.00 0.3735 0.2649 0.2649
31500 36.64 17.23 0.00 1.6573 0.6295 0.6295
31525 36.71 17.56 0.00 1.8850 -0.6707 -0.6707
31550 36.78 18.02 0.00 2.0751 -0.8766 -0.8766
31575 36.78 18.02 0.00 2.0751 -0.8766 -0.8766
31600 36.87 18.47 0.00 1.6467 -1.1151 -1.1151
31625 36.92 18.84 0.00 0.9160 -0.5693 -0.5693
31650 36.92 18.84 0.00 0.9160 -0.5693 -0.5693
31675 36.91 19.08 0.00 -0.8315 -3.5896 -3.5896
31700 36.94 19.27 0.00 1.8496 2.6870 2.6870
31725 36.94 19.27 0.00 1.8496 2.6870 2.6870
31750 36.99 19.55 0.00 0.8865 -2.2033 -2.2033
31775 37.01 19.74 0.00 0.5360 -3.0233 -3.0233
31800 36.98 19.91 0.00 -1.3683 -1.6148 -1.6148
31825 36.98 19.91 0.00 -1.3683 -1.6148 -1.6148
31850 36.96 20.08 0.00 0.2095 1.2540 1.2540
31875 36.99 20.18 0.00 1.6973 0.8888 0.8888
31900 36.99 20.18 0.00 1.6973 0.8888 0.8888
31925 37.08 20.17 0.00 1.1718 1.4195 1.4195
31950 37.10 20.13 0.00 0.8011 0.3465 0.3465
31975 37.10 20.13 0.00 0.8011 0.3465 0.3465
32000 37.14 20.13 0.00 0.5200 0.6433 0.6433
32025 37.14 20.24 0.00 -0.3540 0.0256 0.0256
32050 37.14 20.47 0.00 0.4200 -1.2823 -1.2823
32075 37.14 20.47 0.00 0.4200 -1.2823 -1.2823
32100 37.10 20.74 0.00 -1.6196 -3.1574 -3.1574
32125 37.03 21.07 0.00 -1.8711 -2.9461 -2.9461
32150 37.03 21.07 0.00 -1.8711 -2.9461 -2.9461
32175 36.96 21.36 0.00 -1.8948 -3.8594 -3.8594
32200 36.83 21.59 0.00 -3.2905 -4.7430 -4.7430
32225 36.73 21.98 0.00 -3.1426 -3.4876 -3.4876
32250 36.73 21.98 0.00 -3.1426 -3.4876 -3.4876
32275 36.55 22.55 0.00 -5.7762 -8.4376 -8.4376
32300 36.23 23.11 0.00 -8.9019 -9.0695 -9.0695
32325 36.23 23.11 0.00 -8.9019 -9.0695 -9.0695
32350 35.86 23.55 0.00 -9.3302 -7.6058 -7.6058
32375 35.54 23.84 0.00 -7.5584 -6.3746 -6.3746
32400 35.54 23.84 0.00 -7.5584 -6.3746 -6.3746
32425 35.32 23.99 0.00 -4.2685 -2.8408 -2.8408
32450 35.32 23.99 0.00 -4.2685 -2.8408 -2.8408
32475 35.16 24.15 0.00 -3.8905 -4.6138 -4.6138
32500 35.02 24.26 0.00 -3.5215 -4.3381 -4.3381
32525 34.89 24.40 0.00 -4.1557 -3.3194 -3.3194
32550 34.89 24.40 0.00 -4.1557 -3.3194 -3.3194
32575 34.70 24.67 0.00 -3.6731 -3.7746 -3.7746
32600 34.55 24.91 0.00 -4.2192 -5.6129 -5.6129
32625 34.32 25.08 0.00 -5.9518 -5.4057 -5.4057
32650 34.32 25.08 0.00 -5.9518 -5.4057 -5.4057
32675 34.16 25.15 0.00 -4.7451 -4.5937 -4.5937
32700 34.02 25.20 0.00 -3.5320 -4.9479 -4.9479
32725 34.02 25.20 0.00 -3.5320 -4.9479 -4.9479
32750 33.89 25.30 0.00 -2.3228 -2.8633 -2.8633
32775 33.86 25.66 0.00 -1.2976 -3.3156 -3.3156
32800 33.86 25.66 0.00 -1.2976 -3.3156 -3.3156
32825 33.75 25.96 0.00 -3.2769 -6.5561 -6.5561
32850 33.52 26.29 0.00 -7.3200 -7.2981 -7.2981
32875 33.19 26.52 0.00 -7.8168 -5.1409 -5.1409
32900 33.19 26.52 0.00 -7.8168 -5.1409 -5.1409
32925 32.91 26.76 0.00 -6.9214 -6.9583 -6.9583
32950 32.91 26.76 0.00 -6.9214 -6.9583 -6.9583
32975 32.67 27.09 0.00 -6.2622 -6.9562 -6.9562
33000 32.33 27.60 0.00 -9.6708 -11.0122 -11.0122
33025 31.90 28.27 0.00 -11.5972 -11.6799 -11.6799
33050 31.90 28.27 0.00 -11.5972 -11.6799 -11.6799
33075 31.47 28.99 0.00 -9.9614 -9.9264 -9.9264
33100 31.12 29.67 0.00 -7.8960 -9.6612 -9.6612
33125 30.83 30.36 0.00 -6.8795 -8.5313 -8.5313
33150 30.83 30.36 0.00 -6.8795 -8.5313 -8.5313
33175 30.56 30.94 0.00 -6.6425 -7.2375 -7.2375
33200 30.56 30.94 0.00 -6.6425 -7.2375 -7.2375
33225 30.36 31.46 0.00 -3.4659 -5.0164 -5.0164
33250 30.25 31.93 0.00 -3.4969 -6.2689 -6.2689
33275 30.15 32.16 0.00 -2.6976 -2.6031 -2.6031
33300 30.15 32.16 0.00 -2.6976 -2.6031 -2.6031
33325 30.02 32.51 0.00 -3.7967 -3.9840 -3.9840
33350 29.84 32.83 0.00 -5.0061 -5.6242 -5.6242
33375 29.60 32.95 0.00 -6.7183 -5.0184 -5.0184
33400 29.60 32.95 0.00 -6.7183 -5.0184 -5.0184
33425 29.31 32.93 0.00 -6.3598 -2.7243 -2.7243
33450 29.13 32.64 0.00 -4.4991 -1.9450 -1.9450
33475 29.13 32.64 0.00 -4.4991 -1.9450 -1.9450
33500 28.98 32.48 0.00 -3.1792 -1.5646 -1.5646
33525 28.87 32.27 0.00 -2.6887 -1.6244 -1.6244
33550 28.87 32.27 0.00 -2.6887 -1.6244 -1.6244
33575 28.74 32.13 0.00 -3.5105 -2.0290 -2.0290
33600 28.58 32.08 0.00 -4.6864 -1.7981 -1.7981
33625 28.34 31.90 0.00 -6.5123 -2.7141 -2.7141
33650 28.34 31.90 0.00 -6.5123 -2.7141 -2.7141
33675 28.07 31.59 0.00 -7.2085 -3.0254 -3.0254
33700 28.07 31.59 0.00 -7.2085 -3.0254 -3.0254
33725 27.76 31.15 0.00 -7.8938 -3.7871 -3.7871
33750 27.46 30.77 0.00 -7.5046 -4.4369 -4.4369
33775 27.17 30.48 0.00 -6.2179 -5.0383 -5.0383
33800 27.02 30.43 0.00 -3.3944 -2.1371 -2.1371
33825 27.02 30.43 0.00 -3.3944 -2.1371 -2.1371
33850 27.02 30.43 0.00 -3.3944 -2.1371 -2.1371
33875 26.73 30.51 0.00 -4.3398 -5.2952 -5.2952
33900 26.73 30.51 0.00 -4.3398 -5.2952 -5.2952
33925 26.55 30.56 0.00 -4.6555 -3.4473 -3.4473
33950 26.55 30.56 0.00 -4.6555 -3.4473 -3.4473
33975 26.38 30.54 0.00 -4.1520 -3.0664 -3.0664
34000 26.27 30.43 0.00 -1.7072 -0.4685 -0.4685
34025 26.20 30.37 0.00 -1.4330 -1.9593 -1.9593
34050 26.20 30.37 0.00 -1.4330 -1.9593 -1.9593
34075 26.18 30.39 0.00 -0.5079 -1.0373 -1.0373
34100 26.18 30.49 0.00 0.8733 0.4180 0.4180
34125 26.21 30.59 0.00 0.6430 -0.3036 -0.3036
34150 26.21 30.59 0.00 0.6430 -0.3036 -0.3036
34175 26.21 30.71 0.00 -0.2294 -0.9457 -0.9457
34200 26.16 30.79 0.00 -2.3878 -1.6650 -1.6650
34225 26.16 30.79 0.00 -2.3878 -1.6650 -1.6650
34250 25.99 30.79 0.00 -5.1584 -4.5269 -4.5269
34275 25.75 30.81 0.00 -5.3143 -1.4419 -1.4419
34300 25.55 30.86 0.00 -6.2765 -4.7874 -4.7874
34325 25.55 30.86 0.00 -6.2765 -4.7874 -4.7874
34350 25.22 30.93 0.00 -9.5013 -8.5043 -8.5043
34375 24.75 30.97 0.00 -12.4611 -8.8675 -8.8675
34400 24.75 30.97 0.00 -12.4611 -8.8675 -8.8675
34425 24.25 31.01 0.00 -12.3007 -8.4017 -8.4017
34450 23.84 30.96 0.00 -8.7534 -6.0961 -6.0961
34475 23.84 30.96 0.00 -8.7534 -6.0961 -6.0961
34500 23.54 30.85 0.00 -6.5320 -5.0414 -5.0414
34525 23.34 30.75 0.00 -4.9042 -5.0548 -5.0548
34550 23.13 30.70 0.00 -5.7123 -4.6272 -4.6272
34575 23.13 30.70 0.00 -5.7123 -4.6272 -4.6272
34600 22.91 30.74 0.00 -5.0280 -3.5268 -3.5268
34625 22.91 30.74 0.00 -5.0280 -3.5268 -3.5268
34650 22.76 30.78 0.00 -2.8453 -4.5091 -4.5091
34675 22.62 30.83 0.00 -4.1151 -5.1352 -5.1352
34700 22.40 30.85 0.00 -6.8593 -6.1044 -6.1044
34725 22.40 30.85 0.00 -6.8593 -6.1044 -6.1044
34750 22.15 30.89 0.00 -4.5762 -3.1730 -3.1730
34775 22.00 30.96 0.00 -3.9622 -3.9201 -3.9201
34800 21.80 31.06 0.00 -6.1058 -7.5454 -7.5454
34825 21.80 31.06 0.00 -6.1058 -7.5454 -7.5454
34850 21.46 31.13 0.00 -10.0006 -8.2945 -8.2945
34875 21.46 31.13 0.00 -10.0006 -8.2945 -8.2945
34900 20.97 31.23 0.00 -13.8142 -9.8124 -9.8124
34925 20.49 31.24 0.00 -16.6677 -11.7089 -11.7089
34950 19.83 31.22 0.00 -16.2306 -11.5207 -11.5207
34975 19.83 31.22 0.00 -16.2306 -11.5207 -11.5207
35000 19.08 31.31 0.00 -20.5370 -16.3996 -16.3996
35025 18.14 31.42 0.00 -24.2358 -13.7229 -13.7229
35050 17.30 31.56 0.00 -19.2957 -12.0131 -12.0131
35075 17.30 31.56 0.00 -19.2957 -12.0131 -12.0131
35100 16.60 31.69 0.00 -16.0566 -13.2999 -13.2999
35125 16.60 31.69 0.00 -16.0566 -13.2999 -13.2999
35150 16.07 31.88 0.00 -11.9690 -11.1264 -11.1264
35175 15.66 32.19 0.00 -9.7619 -10.6208 -10.6208
35200 15.27 32.65 0.00 -9.0692 -8.7388 -8.7388
35225 15.27 32.65 0.00 -9.0692 -8.7388 -8.7388
35250 15.10 33.06 0.00 -2.7421 -2.8000 -2.8000
35275 15.04 33.50 0.00 -0.1169 -5.0487 -5.0487
35300 15.04 33.50 0.00 -0.1169 -5.0487 -5.0487
35325 15.06 33.86 0.00 0.6847 -3.3804 -3.3804
35350 15.08 34.15 0.00 -0.3617 -2.1569 -2.1569
35375 15.08 34.15 0.00 -0.3617 -2.1569 -2.1569
35400 15.04 34.34 0.00 -0.3314 -0.4360 -0.4360
35425 15.08 34.43 0.00 0.9548 0.6093 0.6093
35450 15.10 34.55 0.00 0.4912 0.2759 0.2759
35475 15.10 34.55 0.00 0.4912 0.2759 0.2759
35500 15.16 34.74 0.00 1.8735 1.5827 1.5827
35525 15.25 34.97 0.00 3.1156 2.0785 2.0785
35550 15.41 35.12 0.00 4.1908 2.0897 2.0897
35575 15.41 35.12 0.00 4.1908 2.0897 2.0897
35600 15.53 35.23 0.00 2.3938 0.6599 0.6599
35625 15.59 35.34 0.00 0.3853 0.5306 0.5306
35650 15.59 35.34 0.00 0.3853 0.5306 0.5306
35675 15.55 35.41 0.00 -0.5877 0.7480 0.7480
35700 15.57 35.48 0.00 0.5675 1.2181 1.2181
35725 15.57 35.48 0.00 0.5675 1.2181 1.2181
35750 15.57 35.60 0.00 -1.0515 -2.7641 -2.7641
35775 15.45 35.66 0.00 -3.7387 -3.0881 -3.0881
35800 15.27 35.73 0.00 -4.4338 -1.7521 -1.7521
35825 15.27 35.73 0.00 -4.4338 -1.7521 -1.7521
35850 15.10 35.75 0.00 -4.9177 -2.6010 -2.6010
35875 15.10 35.75 0.00 -4.9177 -2.6010 -2.6010
35900 14.92 35.69 0.00 -3.8606 -2.6953 -2.6953
35925 14.75 35.64 0.00 -5.3067 -3.9561 -3.9561
35950 14.53 35.68 0.00 -5.1341 -1.9378 -1.9378
35975 14.53 35.68 0.00 -5.1341 -1.9378 -1.9378
36000 14.31 35.82 0.00 -5.3566 -2.4032 -2.4032
36025 14.16 36.00 0.00 -2.4901 -1.3192 -1.3192
36050 14.12 36.32 0.00 -0.8264 -2.2949 -2.2949
36075 14.12 36.32 0.00 -0.8264 -2.2949 -2.2949
36100 14.12 36.72 0.00 -0.0709 -1.7953 -1.7953
36125 14.12 36.72 0.00 -0.0709 -1.7953 -1.7953
36150 14.12 37.19 0.00 0.9783 0.8685 0.8685
36175 14.16 37.77 0.00 -0.2854 1.4615 1.4615
36200 14.08 38.48 0.00 -2.5127 -2.4939 -2.4939
36225 14.08 38.48 0.00 -2.5127 -2.4939 -2.4939
36250 13.92 39.25 0.00 -4.7195 -2.8596 -2.8596
36275 13.80 39.91 0.00 -1.6203 -0.5258 -0.5258
36300 13.80 39.91 0.00 -1.6203 -0.5258 -0.5258
36325 13.74 40.47 0.00 -1.4888 -1.7495 -1.7495
36350 13.68 40.80 0.00 -1.0897 -0.6517 -0.6517
36375 13.64 41.11 0.00 -1.6144 -2.2905 -2.2905
36400 13.64 41.11 0.00 -1.6144 -2.2905 -2.2905
36425 13.48 41.33 0.00 -4.9519 -1.5233 -1.5233
36450 13.27 41.51 0.00 -5.1880 -1.4708 -1.4708
36475 13.27 41.51 0.00 -5.1880 -1.4708 -1.4708
36500 13.17 41.58 0.00 -2.7551 -2.3554 -2.3554
36525 13.17 41.58 0.00 -2.7551 -2.3554 -2.3554
36550 13.07 41.67 0.00 -2.7107 -3.4302 -3.4302
36575 12.93 41.68 0.00 -4.4057 -3.0694 -3.0694
36600 12.77 41.71 0.00 -1.8543 -1.4966 -1.4966
36625 12.79 41.73 0.00 0.4775 -0.8055 -0.8055
36650 12.79 41.73 0.00 0.4775 -0.8055 -0.8055
36675 12.79 41.81 0.00 0.1719 -3.7018 -3.7018
36700 12.75 41.81 0.00 -1.7786 -2.8119 -2.8119
36725 12.71 41.80 0.00 -0.6073 -0.5055 -0.5055
36750 12.71 41.80 0.00 -0.6073 -0.5055 -0.5055
36775 12.75 41.88 0.00 2.3703 0.2123 0.2123
36800 12.75 41.88 0.00 2.3703 0.2123 0.2123
36825 12.95 41.96 0.00 6.3859 1.9536 1.9536
36850 13.33 42.14 0.00 10.9811 2.7539 2.7539
36875 13.74 42.37 0.00 9.1644 2.7345 2.7345
36900 13.74 42.37 0.00 9.1644 2.7345 2.7345
36925 14.02 42.68 0.00 5.5559 3.3994 3.3994
36950 14.21 43.08 0.00 5.9542 3.4254 3.4254
36975 14.21 43.08 0.00 5.9542 3.4254 3.4254
37000 14.59 43.47 0.00 10.6341 3.7948 3.7948
37025 15.00 43.93 0.00 9.1104 1.5345 1.5345
37050 15.27 44.43 0.00 6.3964 4.1398 4.1398
37075 15.27 44.43 0.00 6.3964 4.1398 4.1398
37100 15.53 44.84 0.00 5.6479 2.5056 2.5056
37125 15.70 45.22 0.00 3.9658 -0.4639 -0.4639
37150 15.70 45.22 0.00 3.9658 -0.4639 -0.4639
37175 15.80 45.49 0.00 1.7405 0.3271 0.3271
37200 15.84 45.67 0.00 0.9837 0.7833 0.7833
37225 15.90 45.67 0.00 1.4160 1.1007 1.1007
37250 15.90 45.67 0.00 1.4160 1.1007 1.1007
37275 15.94 45.60 0.00 2.1001 1.0389 1.0389
37300 16.04 45.56 0.00 2.3475 0.1346 0.1346
37325 16.04 45.56 0.00 2.3475 0.1346 0.1346
37350 16.11 45.57 0.00 1.7329 1.0371 1.0371
37375 16.19 45.57 0.00 2.3884 1.8892 1.8892
37400 16.19 45.57 0.00 2.3884 1.8892 1.8892
37425 16.33 45.54 0.00 4.0097 1.3933 1.3933
37450 16.46 45.51 0.00 2.6995 0.4623 0.4623
37475 16.46 45.51 0.00 2.6995 0.4623 0.4623
37500 16.52 45.46 0.00 0.3831 0.0050 0.0050
37525 16.52 45.54 0.00 0.5359 1.4466 1.4466
37550 16.52 45.54 0.00 0.5359 1.4466 1.4466
37575 16.58 45.62 0.00 2.0565 1.2602 1.2602
37600 16.75 45.78 0.00 5.1071 -0.4621 -0.4621
37625 16.75 45.78 0.00 5.1071 -0.4621 -0.4621
37650 16.95 45.94 0.00 4.7151 0.9987 0.9987
37675 17.16 46.11 0.00 5.9221 3.5186 3.5186
37700 17.49 46.24 0.00 9.6872 4.5264 4.5264
37725 17.49 46.24 0.00 9.6872 4.5264 4.5264
37750 17.95 46.32 0.00 12.1887 6.1772 6.1772
37775 18.43 46.46 0.00 11.8710 5.8531 5.8531
37800 18.43 46.46 0.00 11.8710 5.8531 5.8531
37825 18.93 46.64 0.00 13.0815 6.7117 6.7117
37850 19.52 46.92 0.00 15.5967 7.8415 7.8415
37875 20.13 47.23 0.00 14.3701 7.0256 7.0256
37900 20.13 47.23 0.00 14.3701 7.0256 7.0256
37925 20.61 47.53 0.00 10.7749 5.4822 5.4822
37950 21.02 47.78 0.00 10.5130 5.3657 5.3657
37975 21.42 48.06 0.00 10.3728 4.6717 4.6717
38000 21.42 48.06 0.00 10.3728 4.6717 4.6717
38025 21.87 48.43 0.00 10.9443 5.1377 5.1377
38050 21.87 48.43 0.00 10.9443 5.1377 5.1377
38075 22.32 48.95 0.00 11.4785 2.3380 2.3380
38100 22.62 49.47 0.00 8.5715 0.5698 0.5698
38125 22.89 50.18 0.00 6.3818 1.4783 1.4783
38150 22.89 50.18 0.00 6.3818 1.4783 1.4783
38175 23.13 50.82 0.00 4.4839 0.4337 0.4337
38200 23.24 51.17 0.00 1.8909 2.1415 2.1415
38225 23.24 51.17 0.00 1.8909 2.1415 2.1415
38250 23.24 51.34 0.00 -0.1745 0.4740 0.4740
38275 23.26 51.41 0.00 0.3348 -0.1535 -0.1535
38300 23.32 51.41 0.00 2.2682 0.5472 0.5472
38325 23.32 51.41 0.00 2.2682 0.5472 0.5472
38350 23.47 51.46 0.00 4.3025 0.3507 0.3507
38375 23.65 51.59 0.00 4.7457 0.8185 0.8185
38400 23.65 51.59 0.00 4.7457 0.8185 0.8185
38425 23.80 51.74 0.00 2.8027 0.5129 0.5129
38450 23.80 51.74 0.00 2.8027 0.5129 0.5129
38475 23.88 51.87 0.00 1.7882 0.0400 0.0400
38500 24.05 51.97 0.00 6.4717 3.8192 3.8192
38525 24.36 52.13 0.00 8.0769 1.5031 1.5031
38550 24.36 52.13 0.00 8.0769 1.5031 1.5031
38575 24.70 52.34 0.00 8.5220 0.9482 0.9482
38600 25.01 52.64 0.00 7.0870 1.3757 1.3757
38625 25.29 53.16 0.00 7.3017 -0.0178 -0.0178
38650 25.29 53.16 0.00 7.3017 -0.0178 -0.0178
38675 25.62 54.08 0.00 9.6389 -4.5142 -4.5142
38700 26.08 55.07 0.00 12.0498 -2.2463 -2.2463
38725 26.08 55.07 0.00 12.0498 -2.2463 -2.2463
38750 26.56 55.59 0.00 11.9111 1.0283 1.0283
38775 27.01 55.82 0.00 10.8756 4.4347 4.4347
38800 27.01 55.82 0.00 10.8756 4.4347 4.4347
38825 27.41 55.86 0.00 9.7974 4.9611 4.9611
38850 27.79 55.80 0.00 9.4819 5.0237 5.0237
38875 28.07 55.75 0.00 8.4454 4.6874 4.6874
38900 28.07 55.75 0.00 8.4454 4.6874 4.6874
38925 28.34 55.68 0.00 5.1308 3.8753 3.8753
38950 28.49 55.58 0.00 3.4816 4.9504 4.9504
38975 28.65 55.51 0.00 5.0791 4.2295 4.2295
39000 28.65 55.51 0.00 5.0791 4.2295 4.2295
39025 28.94 55.41 0.00 8.4861 3.4127 3.4127
39050 29.25 55.20 0.00 6.6328 3.9647 3.9647
39075 29.25 55.20 0.00 6.6328 3.9647 3.9647
39100 29.44 55.09 0.00 4.1180 4.4621 4.4621
39125 29.60 54.97 0.00 4.0797 4.5998 4.5998
39150 29.60 54.97 0.00 4.0797 4.5998 4.5998
39175 29.76 54.81 0.00 4.2130 4.6120 4.6120
39200 29.96 54.71 0.00 5.6517 4.2826 4.2826
39225 29.96 54.71 0.00 5.6517 4.2826 4.2826
39250 30.22 54.66 0.00 6.2772 4.4335 4.4335
39275 30.45 54.65 0.00 5.4578 4.3511 4.3511
39300 30.62 54.60 0.00 3.6218 3.3266 3.3266
39325 30.62 54.60 0.00 3.6218 3.3266 3.3266
39350 30.76 54.54 0.00 3.9138 2.9118 2.9118
39375 30.94 54.57 0.00 4.7294 3.5145 3.5145
39400 30.94 54.57 0.00 4.7294 3.5145 3.5145
39425 31.16 54.68 0.00 5.9993 2.2839 2.2839
39450 31.52 55.06 0.00 12.2401 -0.4189 -0.4189
39475 31.52 55.06 0.00 12.2401 -0.4189 -0.4189
39500 32.30 55.74 0.00 23.6307 4.7755 4.7755
39525 32.30 55.74 0.00 23.6307 4.7755 4.7755
39550 33.55 56.92 0.00 9.4198 2.0059 2.0059
39575 33.55 56.92 0.00 9.4198 2.0059 2.0059
39600 33.73 57.70 0.00 2.9499 3.4596 3.4596
39625 33.89 57.99 0.00 5.9119 5.3210 5.3210
39650 33.89 57.99 0.00 5.9119 5.3210 5.3210
39675 34.23 57.85 0.00 9.6294 6.3875 6.3875
39700 34.59 57.55 0.00 7.6531 5.7647 5.7647
39725 34.59 57.55 0.00 7.6531 5.7647 5.7647
39750 34.82 57.27 0.00 5.3111 5.3163 5.3163
39775 35.05 57.08 0.00 6.0153 5.9414 5.9414
39800 35.30 56.96 0.00 6.6346 5.6951 5.6951
39825 35.30 56.96 0.00 6.6346 5.6951 5.6951
39850 35.61 56.85 0.00 7.8275 5.2814 5.2814
39875 35.89 56.77 0.00 6.1135 4.4974 4.4974
39900 35.89 56.77 0.00 6.1135 4.4974 4.4974
39925 36.07 56.59 0.00 4.3677 3.7705 3.7705
39950 36.28 56.38 0.00 5.4371 4.5588 4.5588
39975 36.28 56.38 0.00 5.4371 4.5588 4.5588
40000 36.46 56.21 0.00 3.9627 1.3739 1.3739
40025 36.46 56.21 0.00 3.9627 1.3739 1.3739
40050 36.66 55.84 0.00 1.6565 1.6104 1.6104
40075 36.66 55.84 0.00 1.6565 1.6104 1.6104
40100 36.71 55.70 0.00 1.0920 1.5491 1.5491
40125 36.75 55.45 0.00 0.5946 3.5142 3.5142
40150 36.76 55.13 0.00 0.6232 2.2443 2.2443
40175 36.76 55.13 0.00 0.6232 2.2443 2.2443
40200 36.78 54.84 0.00 0.4756 1.2017 1.2017
40225 36.78 54.84 0.00 0.4756 1.2017 1.2017
40250 36.82 54.70 0.00 1.1457 2.1898 2.1898
40275 36.91 54.67 0.00 2.7330 1.6751 1.6751
40300 37.01 54.58 0.00 2.6749 1.6859 1.6859
40325 37.01 54.58 0.00 2.6749 1.6859 1.6859
40350 37.10 54.42 0.00 1.6353 2.0163 2.0163
40375 37.15 54.30 0.00 2.0372 2.8013 2.8013
40400 37.15 54.30 0.00 2.0372 2.8013 2.8013
40425 37.26 54.07 0.00 2.5314 1.4915 1.4915
40450 37.37 53.93 0.00 3.9441 5.0096 5.0096
40475 37.37 53.93 0.00 3.9441 5.0096 5.0096
40500 37.54 53.80 0.00 4.8640 2.9196 2.9196
40525 37.76 53.63 0.00 4.8672 1.8156 1.8156
40550 37.92 53.38 0.00 3.3807 3.5108 3.5108
40575 37.92 53.38 0.00 3.3807 3.5108 3.5108
40600 38.06 53.17 0.00 4.0297 4.3879 4.3879
40625 38.25 52.92 0.00 5.8145 5.7451 5.7451
40650 38.25 52.92 0.00 5.8145 5.7451 5.7451
40675 38.59 52.64 0.00 9.9105 6.6913 6.6913
40700 39.03 52.31 0.00 12.0828 7.0136 7.0136
40725 39.54 51.96 0.00 12.2835 7.9906 7.9906
40750 39.54 51.96 0.00 12.2835 7.9906 7.9906
40775 40.02 51.71 0.00 12.2303 8.5805 8.5805
40800 40.02 51.71 0.00 12.2303 8.5805 8.5805
40825 40.49 51.56 0.00 11.5000 7.1664 7.1664
40850 40.93 51.46 0.00 11.0877 6.4005 6.4005
40875 40.93 51.46 0.00 11.0877 6.4005 6.4005
40900 41.32 51.39 0.00 8.3380 5.2599 5.2599
40925 41.60 51.32 0.00 6.0916 4.3168 4.3168
40950 41.78 51.27 0.00 3.6429 2.7555 2.7555
40975 41.78 51.27 0.00 3.6429 2.7555 2.7555
41000 41.92 51.33 0.00 2.9696 2.9706 2.9706
41025 42.01 51.49 0.00 2.0589 -1.2633 -1.2633
41050 42.04 51.67 0.00 -0.3464 -0.5477 -0.5477
41075 42.04 51.67 0.00 -0.3464 -0.5477 -0.5477
41100 41.97 51.77 0.00 -1.6726 0.2181 0.2181
41125 41.99 51.86 0.00 1.5890 0.1545 0.1545
41150 41.99 51.86 0.00 1.5890 0.1545 0.1545
41175 42.13 51.90 0.00 4.3261 1.9673 1.9673
41200 42.24 51.99 0.00 3.3010 1.0421 1.0421
41225 42.31 52.17 0.00 0.5587 -0.7358 -0.7358
41250 42.31 52.17 0.00 0.5587 -0.7358 -0.7358
41275 42.31 52.31 0.00 -0.4700 -0.1263 -0.1263
41300 42.29 52.44 0.00 0.2665 -0.1479 -0.1479
41325 42.32 52.44 0.00 0.5528 -0.3592 -0.3592
41350 42.32 52.44 0.00 0.5528 -0.3592 -0.3592
41375 42.31 52.38 0.00 -0.8120 -0.3686 -0.3686
41400 42.31 52.33 0.00 0.7804 0.7213 0.7213
41425 42.31 52.33 0.00 0.7804 0.7213 0.7213
41450 42.38 52.28 0.00 2.3783 0.7503 0.7503
41475 42.38 52.28 0.00 2.3783 0.7503 0.7503
41500 42.50 52.28 0.00 3.2223 -0.1399 -0.1399
41525 42.74 52.37 0.00 9.1082 5.6781 5.6781
41550 43.22 52.50 0.00 13.2535 3.2773 3.2773
41575 43.22 52.50 0.00 13.2535 3.2773 3.2773
41600 43.81 52.54 0.00 14.6033 3.6148 3.6148
41625 44.41 52.42 0.00 15.7679 4.6654 4.6654
41650 44.41 52.42 0.00 15.7679 4.6654 4.6654
41675 45.06 52.25 0.00 16.8411 5.7728 5.7728
41700 45.77 52.02 0.00 17.7901 7.6771 7.6771
41725 46.46 51.81 0.00 17.1173 7.4289 7.4289
41750 46.46 51.81 0.00 17.1173 7.4289 7.4289
41775 47.10 51.58 0.00 14.7526 6.7345 6.7345
41800 47.61 51.30 0.00 11.8209 6.9892 6.9892
41825 47.99 51.03 0.00 8.0918 5.8018 5.8018
41850 47.99 51.03 0.00 8.0918 5.8018 5.8018
41875 48.22 50.80 0.00 4.4223 4.7926 4.7926
41900 48.31 50.59 0.00 1.8054 4.0482 4.0482
41925 48.31 50.59 0.00 1.8054 4.0482 4.0482
41950 48.38 50.43 0.00 2.3319 3.6535 3.6535
