%#        Time[ms]        X[pixel],        Y[pixel],        Z[pixel],  dX/dt[pixel/s],  dY/dt[pixel/s],  dZ/dt[pixel/s] 
0 50.00 50.00 0.00 1.2545 0.1400 0.1400
25 50.02 49.98 0.00 0.2550 -0.7050 -0.7050
50 50.09 50.00 0.00 2.5566 3.2251 3.2251
75 50.09 50.00 0.00 2.5566 3.2251 3.2251
100 50.19 50.04 0.00 2.6836 -0.4018 -0.4018
125 50.26 50.00 0.00 0.3552 -1.1580 -1.1580
150 50.26 50.00 0.00 0.3552 -1.1580 -1.1580
175 50.21 49.89 0.00 -1.7836 0.3207 0.3207
200 50.16 49.80 0.00 -0.6620 0.8653 0.8653
225 50.16 49.80 0.00 -0.6620 0.8653 0.8653
250 50.19 49.71 0.00 1.8994 1.8656 1.8656
275 50.30 49.62 0.00 2.3642 1.4962 1.4962
300 50.38 49.58 0.00 2.1723 0.6642 0.6642
325 50.38 49.58 0.00 2.1723 0.6642 0.6642
350 50.42 49.60 0.00 0.9020 0.4857 0.4857
375 50.40 49.71 0.00 -1.0902 -0.5959 -0.5959
400 50.40 49.71 0.00 -1.0902 -0.5959 -0.5959
425 50.35 49.80 0.00 -1.4172 -1.9816 -1.9816
450 50.26 49.85 0.00 -2.2091 -2.0336 -2.0336
475 50.19 49.89 0.00 -1.8515 -1.2554 -1.2554
500 50.19 49.89 0.00 -1.8515 -1.2554 -1.2554
525 50.07 49.89 0.00 -4.1443 -3.7388 -3.7388
550 50.07 49.89 0.00 -4.1443 -3.7388 -3.7388
575 49.42 50.00 0.00 -10.9774 -5.7073 -5.7073
600 49.42 50.00 0.00 -10.9774 -5.7073 -5.7073
625 48.87 50.00 0.00 -16.0275 -9.5093 -9.5093
650 48.87 50.00 0.00 -16.0275 -9.5093 -9.5093
675 48.03 49.85 0.00 -24.4244 -11.7967 -11.7967
700 46.94 49.48 0.00 -28.2513 -11.3119 -11.3119
725 45.81 49.00 0.00 -28.2303 -12.1452 -12.1452
750 45.81 49.00 0.00 -28.2303 -12.1452 -12.1452
775 44.76 48.44 0.00 -24.7194 -8.1537 -8.1537
800 43.88 47.97 0.00 -20.0124 -5.6213 -5.6213
825 43.88 47.97 0.00 -20.0124 -5.6213 -5.6213
850 43.18 47.59 0.00 -16.1218 -5.9557 -5.9557
875 42.67 47.27 0.00 -10.2474 -4.7697 -4.7697
900 42.67 47.27 0.00 -10.2474 -4.7697 -4.7697
925 42.38 47.01 0.00 -6.1714 -4.5243 -4.5243
950 42.08 46.69 0.00 -8.3339 -4.8636 -4.8636
975 42.08 46.69 0.00 -8.3339 -4.8636 -4.8636
1000 41.73 46.35 0.00 -9.3784 -4.3982 -4.3982
1025 41.36 46.04 0.00 -9.1961 -5.0192 -5.0192
1050 41.36 46.04 0.00 -9.1961 -5.0192 -5.0192
1075 40.95 45.83 0.00 -10.4887 -7.6714 -7.6714
1100 40.55 45.80 0.00 -9.3505 -4.9021 -4.9021
1125 40.25 45.87 0.00 -10.5534 -7.4447 -7.4447
1150 40.25 45.87 0.00 -10.5534 -7.4447 -7.4447
1175 39.75 45.97 0.00 -13.0290 -8.5494 -8.5494
1200 39.24 45.98 0.00 -13.1858 -6.7831 -6.7831
1225 38.68 45.90 0.00 -14.4874 -5.9045 -5.9045
1250 38.68 45.90 0.00 -14.4874 -5.9045 -5.9045
1275 38.11 45.78 0.00 -13.4904 -3.7428 -3.7428
1300 38.11 45.78 0.00 -13.4904 -3.7428 -3.7428
1325 37.70 45.69 0.00 -7.5300 -2.0009 -2.0009
1350 37.47 45.68 0.00 -5.5596 -4.2066 -4.2066
1375 37.26 45.70 0.00 -5.1363 -2.8987 -2.8987
1400 37.26 45.70 0.00 -5.1363 -2.8987 -2.8987
1425 37.07 45.67 0.00 -4.2289 -2.6294 -2.6294
1450 36.96 45.69 0.00 -2.2204 -2.3072 -2.3072
1475 36.85 45.63 0.00 -3.1661 -2.2490 -2.2490
1500 36.85 45.63 0.00 -3.1661 -2.2490 -2.2490
1525 36.75 45.55 0.00 -2.0031 -1.6440 -1.6440
1550 36.75 45.55 0.00 -2.0031 -1.6440 -1.6440
1575 36.55 45.43 0.00 -2.1060 0.0405 0.0405
1600 36.55 45.43 0.00 -2.1060 0.0405 0.0405
1625 36.50 45.43 0.00 -0.9982 -1.4853 -1.4853
1650 36.46 45.48 0.00 -1.4437 -3.6310 -3.6310
1675 36.46 45.48 0.00 -1.4437 -3.6310 -3.6310
1700 36.34 45.53 0.00 -4.1598 -2.2765 -2.2765
1725 36.14 45.47 0.00 -5.0258 -2.4384 -2.4384
1750 36.14 45.47 0.00 -5.0258 -2.4384 -2.4384
1775 35.98 45.32 0.00 -2.9923 -0.9172 -0.9172
1800 35.89 45.15 0.00 -2.8534 -0.8560 -0.8560
1825 35.89 45.15 0.00 -2.8534 -0.8560 -0.8560
1850 35.77 44.95 0.00 -3.1472 -0.9886 -0.9886
1875 35.64 44.78 0.00 -4.7089 -2.2183 -2.2183
1900 35.64 44.78 0.00 -4.7089 -2.2183 -2.2183
1925 35.39 44.60 0.00 -6.5702 -2.6649 -2.6649
1950 35.11 44.48 0.00 -7.9750 -3.3231 -3.3231
1975 34.72 44.43 0.00 -10.7439 -7.2533 -7.2533
2000 34.72 44.43 0.00 -10.7439 -7.2533 -7.2533
2025 34.29 44.41 0.00 -10.5267 -8.4282 -8.4282
2050 33.91 44.36 0.00 -8.6084 -7.4206 -7.4206
2075 33.91 44.36 0.00 -8.6084 -7.4206 -7.4206
2100 33.62 44.27 0.00 -5.2963 -3.2866 -3.2866
2125 33.53 44.23 0.00 -1.9658 -3.1129 -3.1129
2150 33.39 44.26 0.00 -4.7014 -6.0703 -6.0703
2175 33.39 44.26 0.00 -4.7014 -6.0703 -6.0703
2200 33.16 44.23 0.00 -6.8502 -4.2003 -4.2003
2225 32.89 44.20 0.00 -6.3312 -3.9995 -3.9995
2250 32.89 44.20 0.00 -6.3312 -3.9995 -3.9995
2275 32.66 44.10 0.00 -4.9108 -2.8153 -2.8153
2300 32.49 43.90 0.00 -3.7712 -1.6616 -1.6616
2325 32.49 43.90 0.00 -3.7712 -1.6616 -1.6616
2350 32.37 43.70 0.00 -3.2999 -2.1342 -2.1342
2375 32.21 43.41 0.00 -4.1001 -0.6849 -0.6849
2400 32.03 43.04 0.00 -4.8909 -0.1606 -0.1606
2425 32.03 43.04 0.00 -4.8909 -0.1606 -0.1606
2450 32.03 43.04 0.00 -4.8909 -0.1606 -0.1606
2475 31.45 42.06 0.00 -7.3899 -1.7456 -1.7456
2500 31.45 42.06 0.00 -7.3899 -1.7456 -1.7456
2525 31.20 41.47 0.00 -6.0583 -1.0631 -1.0631
2550 30.91 40.78 0.00 -7.6235 -3.3245 -3.3245
2575 30.91 40.78 0.00 -7.6235 -3.3245 -3.3245
2600 30.69 40.23 0.00 -3.9635 1.4655 1.4655
2625 30.51 39.83 0.00 -5.5460 -3.2680 -3.2680
2650 30.33 39.65 0.00 -5.7244 -4.5620 -4.5620
2675 30.33 39.65 0.00 -5.7244 -4.5620 -4.5620
2700 30.15 39.52 0.00 -4.2576 -3.5756 -3.5756
2725 30.02 39.52 0.00 -2.6623 -3.2638 -3.2638
2750 29.98 39.45 0.00 -0.0067 0.1117 0.1117
2775 29.98 39.45 0.00 -0.0067 0.1117 0.1117
2800 30.00 39.34 0.00 0.3133 0.2445 0.2445
2825 30.00 39.34 0.00 0.3133 0.2445 0.2445
2850 30.00 39.28 0.00 0.0334 0.3563 0.3563
2875 30.00 39.28 0.00 -0.3928 0.6901 0.6901
2900 29.98 39.28 0.00 -0.7984 -0.2702 -0.2702
2925 29.98 39.28 0.00 -0.7984 -0.2702 -0.2702
2950 29.93 39.30 0.00 -1.4838 -0.3701 -0.3701
2975 29.85 39.27 0.00 -1.8839 -0.5367 -0.5367
3000 29.85 39.27 0.00 -1.8839 -0.5367 -0.5367
3025 29.75 39.23 0.00 -3.9326 -4.4437 -4.4437
3050 29.62 39.16 0.00 -1.7837 1.0720 1.0720
3075 29.62 39.16 0.00 -1.7837 1.0720 1.0720
3100 29.58 39.14 0.00 -1.0427 -0.8449 -0.8449
3125 29.55 39.08 0.00 -1.2088 -1.4374 -1.4374
3150 29.47 38.94 0.00 -1.5251 -0.2138 -0.2138
3175 29.47 38.94 0.00 -1.5251 -0.2138 -0.2138
3200 29.42 38.80 0.00 -1.4403 -0.3626 -0.3626
3225 29.35 38.66 0.00 -3.2143 -0.5327 -0.5327
3250 29.35 38.66 0.00 -3.2143 -0.5327 -0.5327
3275 29.16 38.31 0.00 -3.3064 1.0153 1.0153
3300 29.11 38.09 0.00 -1.1206 0.4037 0.4037
3325 29.11 38.09 0.00 -1.1206 0.4037 0.4037
3350 29.09 37.86 0.00 0.4330 0.4815 0.4815
3375 29.13 37.68 0.00 0.7897 0.4068 0.4068
3400 29.16 37.64 0.00 0.6618 0.9785 0.9785
3425 29.16 37.64 0.00 0.6618 0.9785 0.9785
3450 29.20 37.71 0.00 1.4782 0.5799 0.5799
3475 29.20 37.71 0.00 1.4782 0.5799 0.5799
3500 29.29 37.79 0.00 2.2692 -0.0806 -0.0806
3525 29.38 37.82 0.00 3.0268 2.6874 2.6874
3550 29.56 37.91 0.00 5.0970 3.6173 3.6173
3575 29.56 37.91 0.00 5.0970 3.6173 3.6173
3600 29.76 38.04 0.00 4.7829 -0.0540 -0.0540
3625 29.96 38.15 0.00 4.7148 1.0301 1.0301
3650 30.16 38.28 0.00 5.1632 2.5472 2.5472
3675 30.16 38.28 0.00 5.1632 2.5472 2.5472
3700 30.33 38.35 0.00 3.2302 2.6888 2.6888
3725 30.45 38.29 0.00 3.0677 3.9683 3.9683
3750 30.45 38.29 0.00 3.0677 3.9683 3.9683
3775 30.56 38.22 0.00 2.5137 2.4581 2.4581
3800 30.67 38.15 0.00 3.3245 2.9919 2.9919
3825 30.67 38.15 0.00 3.3245 2.9919 2.9919
3850 30.83 38.14 0.00 4.5536 3.6400 3.6400
3875 30.83 38.14 0.00 4.5536 3.6400 3.6400
3900 31.12 38.14 0.00 2.8136 1.8208 1.8208
3925 31.12 38.14 0.00 2.8136 1.8208 1.8208
3950 31.18 38.08 0.00 0.9862 1.2062 1.2062
3975 31.18 38.08 0.00 0.9862 1.2062 1.2062
4000 31.18 37.97 0.00 -0.5582 -0.8273 -0.8273
4025 31.25 37.89 0.00 3.3135 4.6548 4.6548
4050 31.38 37.86 0.00 3.1639 -0.0897 -0.0897
4075 31.38 37.86 0.00 3.1639 -0.0897 -0.0897
4100 31.50 37.83 0.00 2.4038 0.1106 0.1106
4125 31.56 37.67 0.00 1.4369 1.4778 1.4778
4150 31.66 37.52 0.00 3.5268 2.1261 2.1261
4175 31.66 37.52 0.00 3.5268 2.1261 2.1261
4200 31.83 37.24 0.00 3.8573 3.8218 3.8218
4225 31.83 37.24 0.00 3.8573 3.8218 3.8218
4250 31.90 36.97 0.00 2.4379 3.1713 3.1713
4275 32.03 36.44 0.00 3.2917 3.4067 3.4067
4300 32.17 35.82 0.00 4.2235 4.1855 4.1855
4325 32.37 35.34 0.00 5.1978 4.4830 4.4830
4350 32.37 35.34 0.00 5.1978 4.4830 4.4830
4375 32.37 35.34 0.00 5.1978 4.4830 4.4830
4400 32.58 34.91 0.00 5.4588 4.1536 4.1536
4425 32.74 34.53 0.00 3.1519 2.5269 2.5269
4450 32.83 34.21 0.00 1.8943 3.0019 3.0019
4475 32.87 33.94 0.00 0.4576 -0.1144 -0.1144
4500 32.87 33.94 0.00 0.4576 -0.1144 -0.1144
4525 32.98 33.84 0.00 3.8982 4.7386 4.7386
4550 33.14 33.89 0.00 3.5134 0.1754 0.1754
4575 33.14 33.89 0.00 3.5134 0.1754 0.1754
4600 33.25 33.98 0.00 1.7715 -1.0862 -1.0862
4625 33.25 34.02 0.00 -0.3345 -0.0855 -0.0855
4650 33.25 34.02 0.00 -0.3345 -0.0855 -0.0855
4675 33.27 34.10 0.00 0.7825 0.7187 0.7187
4700 33.34 34.10 0.00 2.8747 3.0090 3.0090
4725 33.34 34.10 0.00 2.8747 3.0090 3.0090
4750 33.48 34.13 0.00 4.4152 2.3338 2.3338
4775 33.71 34.20 0.00 6.3574 2.9887 2.9887
4800 33.98 34.38 0.00 6.6746 4.2101 4.2101
4825 33.98 34.38 0.00 6.6746 4.2101 4.2101
4850 34.27 34.63 0.00 7.3159 4.4399 4.4399
4875 34.57 34.87 0.00 8.3311 3.6433 3.6433
4900 34.93 35.07 0.00 8.6808 4.4925 4.4925
4925 34.93 35.07 0.00 8.6808 4.4925 4.4925
4950 34.93 35.07 0.00 8.6808 4.4925 4.4925
4975 35.93 35.16 0.00 12.6976 6.5827 6.5827
5000 35.93 35.16 0.00 12.6976 6.5827 6.5827
5025 36.32 35.10 0.00 13.9980 8.0512 8.0512
5050 36.91 35.12 0.00 13.8880 7.2791 7.2791
5075 36.91 35.12 0.00 13.8880 7.2791 7.2791
5100 37.35 35.26 0.00 9.6758 2.9099 2.9099
5125 37.35 35.26 0.00 9.6758 2.9099 2.9099
5150 37.63 35.43 0.00 5.7258 3.1494 3.1494
5175 37.85 35.54 0.00 5.3349 4.1250 4.1250
5200 38.11 35.63 0.00 6.9387 3.7567 3.7567
5225 38.11 35.63 0.00 6.9387 3.7567 3.7567
5250 38.38 35.66 0.00 6.5713 5.3185 5.3185
5275 38.64 35.61 0.00 7.0659 4.8383 4.8383
5300 38.98 35.56 0.00 8.5790 5.6811 5.6811
5325 38.98 35.56 0.00 8.5790 5.6811 5.6811
5350 39.31 35.62 0.00 8.4302 5.8477 5.8477
5375 39.61 35.74 0.00 7.4754 4.0806 4.0806
5400 39.91 35.89 0.00 7.3138 3.2456 3.2456
5425 39.91 35.89 0.00 7.3138 3.2456 3.2456
5450 40.21 36.02 0.00 7.6961 4.3300 4.3300
5475 40.53 36.11 0.00 7.9059 4.6593 4.6593
5500 40.53 36.11 0.00 7.9059 4.6593 4.6593
5525 40.86 36.16 0.00 8.2520 3.9080 3.9080
5550 41.20 36.23 0.00 9.9313 6.1781 6.1781
5575 41.67 36.38 0.00 12.3793 7.2310 7.2310
5600 41.67 36.38 0.00 12.3793 7.2310 7.2310
5625 42.18 36.57 0.00 12.1013 5.3517 5.3517
5650 42.18 36.57 0.00 12.1013 5.3517 5.3517
5675 42.64 36.73 0.00 11.0578 4.9576 4.9576
5700 43.06 36.90 0.00 10.6352 5.9189 5.9189
5725 43.52 37.08 0.00 11.0856 5.3012 5.3012
5750 43.52 37.08 0.00 11.0856 5.3012 5.3012
5775 43.87 37.31 0.00 12.7892 5.9279 5.9279
5800 44.39 37.72 0.00 12.9013 3.7333 3.7333
5825 44.39 37.72 0.00 12.9013 3.7333 3.7333
5850 44.88 38.08 0.00 11.5392 3.5733 3.5733
5875 45.34 38.38 0.00 10.5542 5.0224 5.0224
5900 45.34 38.38 0.00 10.5542 5.0224 5.0224
5925 45.76 38.73 0.00 10.9453 5.4862 5.4862
5950 46.21 39.06 0.00 11.2445 4.1269 4.1269
5975 46.67 39.35 0.00 11.2706 4.0535 4.0535
6000 46.67 39.35 0.00 11.2706 4.0535 4.0535
6025 47.08 39.68 0.00 10.4625 3.9809 3.9809
6050 47.49 39.95 0.00 9.5249 3.3662 3.3662
6075 47.82 40.16 0.00 7.1102 1.5138 1.5138
6100 47.82 40.16 0.00 7.1102 1.5138 1.5138
6125 48.04 40.37 0.00 5.5407 3.3159 3.3159
6150 48.04 40.37 0.00 5.5407 3.3159 3.3159
6175 48.25 40.60 0.00 4.5839 1.7685 1.7685
6200 48.43 40.78 0.00 3.9515 0.4049 0.4049
6225 48.57 40.85 0.00 3.8950 2.7064 2.7064
6250 48.57 40.85 0.00 3.8950 2.7064 2.7064
6275 48.85 40.87 0.00 8.0914 0.9641 0.9641
6300 48.85 40.87 0.00 8.0914 0.9641 0.9641
6325 49.46 40.97 0.00 7.8102 7.8068 7.8068
6350 49.46 40.97 0.00 7.8102 7.8068 7.8068
6375 49.88 41.16 0.00 12.1875 8.6166 8.6166
6400 49.88 41.16 0.00 12.1875 8.6166 8.6166
6425 50.42 41.39 0.00 14.3270 7.9793 7.9793
6450 50.98 41.57 0.00 13.3574 8.2914 8.2914
6475 51.48 41.78 0.00 12.6126 7.7060 7.7060
6500 51.48 41.78 0.00 12.6126 7.7060 7.7060
6525 52.01 41.93 0.00 13.2796 7.1927 7.1927
6550 52.36 42.02 0.00 10.3889 6.5509 6.5509
6575 52.36 42.02 0.00 10.3889 6.5509 6.5509
6600 52.71 42.15 0.00 8.3788 5.9323 5.9323
6625 53.04 42.22 0.00 7.9437 4.3357 4.3357
6650 53.35 42.31 0.00 8.0508 5.1726 5.1726
6675 53.35 42.31 0.00 8.0508 5.1726 5.1726
6700 53.70 42.50 0.00 8.2232 5.8645 5.8645
6725 54.00 42.70 0.00 7.6877 3.1460 3.1460
6750 54.00 42.70 0.00 7.6877 3.1460 3.1460
6775 54.26 42.85 0.00 5.1042 2.5557 2.5557
6800 54.42 42.92 0.00 3.7607 3.5967 3.5967
6825 54.59 42.94 0.00 4.9973 3.0270 3.0270
6850 54.59 42.94 0.00 4.9973 3.0270 3.0270
6875 54.86 42.94 0.00 6.8751 5.1246 5.1246
6900 55.10 42.97 0.00 6.4719 4.0300 4.0300
6925 55.10 42.97 0.00 6.4719 4.0300 4.0300
6950 55.36 43.00 0.00 6.0515 4.3590 4.3590
6975 55.63 43.13 0.00 7.6372 4.8894 4.8894
7000 55.96 43.31 0.00 8.5644 4.6730 4.6730
7025 55.96 43.31 0.00 8.5644 4.6730 4.6730
7050 56.33 43.46 0.00 9.6269 5.2710 5.2710
7075 56.76 43.60 0.00 11.6285 5.8419 5.8419
7100 56.76 43.60 0.00 11.6285 5.8419 5.8419
7125 57.31 43.82 0.00 14.5348 6.0409 6.0409
7150 57.87 44.07 0.00 13.6320 3.5161 3.5161
7175 57.87 44.07 0.00 13.6320 3.5161 3.5161
7200 58.45 44.43 0.00 14.6779 6.5069 6.5069
7225 58.98 44.88 0.00 12.1085 2.5679 2.5679
7250 59.36 45.28 0.00 8.0995 1.7193 1.7193
7275 59.36 45.28 0.00 8.0995 1.7193 1.7193
7300 59.63 45.59 0.00 5.6640 1.2619 1.2619
7325 59.81 45.79 0.00 5.6574 1.4916 1.4916
7350 59.81 45.79 0.00 5.6574 1.4916 1.4916
7375 60.10 45.97 0.00 9.2225 4.4372 4.4372
7400 60.53 46.24 0.00 11.6613 4.5189 4.5189
7425 61.08 46.75 0.00 14.3793 3.4546 3.4546
7450 61.08 46.75 0.00 14.3793 3.4546 3.4546
7475 61.08 46.75 0.00 14.3793 3.4546 3.4546
7500 61.71 47.41 0.00 16.7626 2.3796 2.3796
7525 62.49 48.17 0.00 21.3228 3.0525 3.0525
7550 63.52 49.01 0.00 28.6702 5.3564 5.3564
7575 64.84 49.70 0.00 34.6495 8.2141 8.2141
7600 64.84 49.70 0.00 34.6495 8.2141 8.2141
7625 66.48 50.33 0.00 48.6498 13.1657 13.1657
7650 68.64 50.77 0.00 53.8628 7.1093 7.1093
7675 68.64 50.77 0.00 53.8628 7.1093 7.1093
7700 70.80 51.25 0.00 54.7033 10.1497 10.1497
7725 72.66 51.77 0.00 40.3836 4.7095 4.7095
7750 72.66 51.77 0.00 40.3836 4.7095 4.7095
7775 72.66 51.77 0.00 40.3836 4.7095 4.7095
7800 75.08 52.70 0.00 19.4300 6.8082 6.8082
7825 75.58 53.03 0.00 8.9095 6.7348 6.7348
7850 75.58 53.03 0.00 8.9095 6.7348 6.7348
7875 75.81 53.15 0.00 3.8087 6.1527 6.1527
7900 75.94 53.22 0.00 3.5373 5.2903 5.2903
7925 75.94 53.22 0.00 3.5373 5.2903 5.2903
7950 76.12 53.38 0.00 5.6651 5.0686 5.0686
7975 76.31 53.63 0.00 2.6048 2.2655 2.2655
8000 76.31 53.63 0.00 2.6048 2.2655 2.2655
8025 76.33 53.91 0.00 -0.1075 1.8194 1.8194
8050 76.38 54.11 0.00 2.6865 1.2689 1.2689
8075 76.38 54.11 0.00 2.6865 1.2689 1.2689
8100 76.50 54.22 0.00 4.1005 0.4692 0.4692
8125 76.70 54.34 0.00 5.4163 1.0288 1.0288
8150 76.91 54.41 0.00 5.3251 1.3422 1.3422
8175 76.91 54.41 0.00 5.3251 1.3422 1.3422
8200 77.19 54.60 0.00 8.7813 1.9822 1.9822
8225 77.19 54.60 0.00 8.7813 1.9822 1.9822
8250 77.71 54.89 0.00 16.4566 0.2625 0.2625
8275 78.56 55.23 0.00 22.5299 3.0236 3.0236
8300 79.49 55.60 0.00 24.5665 6.2585 6.2585
8325 79.49 55.60 0.00 24.5665 6.2585 6.2585
8350 80.46 56.02 0.00 22.1931 5.8287 5.8287
8375 81.22 56.37 0.00 18.5120 8.0698 8.0698
8400 81.78 56.66 0.00 9.7978 3.5310 3.5310
8425 81.78 56.66 0.00 9.7978 3.5310 3.5310
8450 82.18 56.83 0.00 12.4746 6.0211 6.0211
8475 82.69 56.64 0.00 11.1350 0.6026 0.6026
8500 83.01 56.78 0.00 6.0422 -3.4242 -3.4242
8525 83.01 56.78 0.00 6.0422 -3.4242 -3.4242
8550 83.11 57.09 0.00 0.0291 -0.2318 -0.2318
8575 83.11 57.09 0.00 0.0291 -0.2318 -0.2318
8600 83.01 57.32 0.00 -3.5111 -0.1220 -0.1220
8625 82.96 57.60 0.00 -0.2362 -1.7068 -1.7068
8650 82.90 57.79 0.00 -0.9718 0.8274 0.8274
8675 82.90 57.79 0.00 -0.9718 0.8274 0.8274
8700 82.99 57.81 0.00 3.0195 2.6173 2.6173
8725 82.99 57.81 0.00 3.0195 2.6173 2.6173
8750 83.13 57.73 0.00 4.5120 -1.3045 -1.3045
8775 83.36 57.85 0.00 4.9500 -0.2807 -0.2807
8800 83.52 58.14 0.00 3.9830 1.1922 1.1922
8825 83.52 58.14 0.00 3.9830 1.1922 1.1922
8850 83.71 58.40 0.00 5.2765 3.4853 3.4853
8875 83.93 58.57 0.00 8.7083 3.8657 3.8657
8900 84.37 58.89 0.00 12.3350 2.1029 2.1029
8925 84.37 58.89 0.00 12.3350 2.1029 2.1029
8950 84.88 59.38 0.00 12.9067 1.3338 1.3338
8975 84.88 59.38 0.00 12.9067 1.3338 1.3338
9000 85.41 60.09 0.00 13.3875 1.6943 1.6943
9025 85.92 60.69 0.00 12.6370 -0.0642 -0.0642
9050 86.38 61.46 0.00 9.7160 -1.0031 -1.0031
9075 86.38 61.46 0.00 9.7160 -1.0031 -1.0031
9100 86.73 62.39 0.00 9.6811 2.9414 2.9414
9125 86.73 62.39 0.00 9.6811 2.9414 2.9414
9150 87.09 63.19 0.00 8.0904 2.4951 2.4951
9175 87.63 64.07 0.00 19.8020 4.2351 4.2351
9200 88.91 65.04 0.00 39.7781 -0.2387 -0.2387
9225 88.91 65.04 0.00 39.7781 -0.2387 -0.2387
9250 90.71 66.06 0.00 44.6166 4.5817 4.5817
9275 90.71 66.06 0.00 44.6166 4.5817 4.5817
9300 93.50 67.16 0.00 28.0933 11.1810 11.1810
9325 93.50 67.16 0.00 28.0933 11.1810 11.1810
9350 94.59 67.63 0.00 24.1660 9.0631 9.0631
9375 94.59 67.63 0.00 24.1660 9.0631 9.0631
9400 95.05 68.22 0.00 4.7679 0.2147 0.2147
9425 94.96 68.77 0.00 -4.8709 0.8655 0.8655
9450 94.92 69.12 0.00 1.5087 -0.5848 -0.5848
9475 94.92 69.12 0.00 1.5087 -0.5848 -0.5848
9500 94.84 69.04 0.00 -5.4967 0.1763 0.1763
9525 94.38 68.82 0.00 -15.5562 0.5993 0.5993
9550 93.71 68.40 0.00 -15.1260 0.5231 0.5231
9575 93.71 68.40 0.00 -15.1260 0.5231 0.5231
9600 93.23 67.97 0.00 -11.9959 0.1586 0.1586
9625 92.57 67.54 0.00 -19.4078 -0.5316 -0.5316
9650 91.89 67.13 0.00 -24.2860 -1.6382 -1.6382
9675 91.89 67.13 0.00 -24.2860 -1.6382 -1.6382
9700 90.87 66.57 0.00 -25.1463 -3.0722 -3.0722
9725 90.87 66.57 0.00 -25.1463 -3.0722 -3.0722
9750 90.12 66.07 0.00 -14.3869 -3.0362 -3.0362
9775 89.73 65.57 0.00 -6.7188 -2.2775 -2.2775
9800 89.59 65.03 0.00 -2.2301 0.3638 0.3638
9825 89.59 65.03 0.00 -2.2301 0.3638 0.3638
9850 89.47 64.62 0.00 -3.6688 -1.0263 -1.0263
9875 89.47 64.62 0.00 -3.6688 -1.0263 -1.0263
9900 89.35 64.45 0.00 -1.8269 -0.8204 -0.8204
9925 89.33 64.41 0.00 -0.2102 -0.7014 -0.7014
9950 89.39 64.49 0.00 2.6639 1.1062 1.1062
9975 89.39 64.49 0.00 2.6639 1.1062 1.1062
10000 89.47 64.50 0.00 0.5132 1.1338 1.1338
10025 89.45 64.48 0.00 0.0089 1.5010 1.5010
10050 89.51 64.60 0.00 2.8253 3.1371 3.1371
10075 89.51 64.60 0.00 2.8253 3.1371 3.1371
10100 89.61 65.01 0.00 1.2224 -0.7909 -0.7909
10125 89.43 65.59 0.00 -9.6072 -3.8010 -3.8010
10150 89.43 65.59 0.00 -9.6072 -3.8010 -3.8010
10175 88.87 66.41 0.00 -14.6335 -4.3188 -4.3188
10200 88.33 67.22 0.00 -12.8711 -5.4657 -5.4657
10225 88.01 67.84 0.00 -4.9814 -3.1703 -3.1703
10250 88.01 67.84 0.00 -4.9814 -3.1703 -3.1703
10275 87.79 68.42 0.00 -7.5848 -4.7862 -4.7862
10300 87.31 69.02 0.00 -14.3967 -8.0512 -8.0512
10325 87.31 69.02 0.00 -14.3967 -8.0512 -8.0512
10350 86.54 69.77 0.00 -21.0731 -12.0863 -12.0863
10375 85.77 70.38 0.00 -17.9858 -8.3977 -8.3977
10400 85.77 70.38 0.00 -17.9858 -8.3977 -8.3977
10425 85.16 70.77 0.00 -12.2560 -6.4506 -6.4506
10450 84.90 70.81 0.00 -7.7562 -6.2271 -6.2271
10475 84.63 70.68 0.00 -5.6318 -5.4589 -5.4589
10500 84.63 70.68 0.00 -5.6318 -5.4589 -5.4589
10525 84.41 70.49 0.00 -5.8276 -1.4777 -1.4777
10550 84.24 70.38 0.00 -3.0746 -2.2270 -2.2270
10575 84.24 70.38 0.00 -3.0746 -2.2270 -2.2270
10600 84.16 70.31 0.00 -1.7494 -3.6206 -3.6206
10625 84.12 70.22 0.00 -1.2059 -1.7174 -1.7174
10650 84.04 70.11 0.00 -1.4576 0.8182 0.8182
10675 84.04 70.11 0.00 -1.4576 0.8182 0.8182
10700 84.12 69.94 0.00 3.3339 3.0052 3.0052
10725 84.26 69.70 0.00 2.7210 2.4240 2.4240
10750 84.26 69.70 0.00 2.7210 2.4240 2.4240
10775 84.34 69.53 0.00 2.1019 1.3937 1.3937
10800 84.32 69.51 0.00 -2.7049 -0.4968 -0.4968
10825 84.32 69.51 0.00 -2.7049 -0.4968 -0.4968
10850 84.18 69.57 0.00 -2.7778 1.5429 1.5429
10875 84.12 69.66 0.00 -0.6161 -0.0923 -0.0923
10900 84.16 69.72 0.00 1.0942 -0.4368 -0.4368
10925 84.16 69.72 0.00 1.0942 -0.4368 -0.4368
10950 84.12 69.74 0.00 -2.2389 0.4614 0.4614
10975 83.93 69.85 0.00 -6.2407 -2.0652 -2.0652
11000 83.93 69.85 0.00 -6.2407 -2.0652 -2.0652
11025 83.52 69.92 0.00 -13.1274 -6.3568 -6.3568
11050 83.52 69.92 0.00 -13.1274 -6.3568 -6.3568
11075 82.94 70.05 0.00 -14.0195 -5.7316 -5.7316
11100 82.40 70.18 0.00 -13.0208 -5.3964 -5.3964
11125 81.97 70.27 0.00 -9.7851 -3.3704 -3.3704
11150 81.55 70.25 0.00 -10.7544 -2.9416 -2.9416
11175 81.55 70.25 0.00 -10.7544 -2.9416 -2.9416
11200 81.13 70.29 0.00 -10.8093 -3.5224 -3.5224
11225 81.13 70.29 0.00 -10.8093 -3.5224 -3.5224
11250 80.82 70.27 0.00 -9.5679 -2.9413 -2.9413
11275 80.50 70.25 0.00 -7.5949 -2.3172 -2.3172
11300 80.23 70.24 0.00 -5.4522 -1.4869 -1.4869
11325 80.23 70.24 0.00 -5.4522 -1.4869 -1.4869
11350 79.98 70.16 0.00 -6.9323 -2.6903 -2.6903
11375 79.68 70.02 0.00 -8.1656 -1.2953 -1.2953
11400 79.68 70.02 0.00 -8.1656 -1.2953 -1.2953
11425 79.20 69.78 0.00 -14.2221 -2.9541 -2.9541
11450 78.62 69.64 0.00 -14.1222 1.2934 1.2934
11475 78.01 69.53 0.00 -15.6892 -1.0628 -1.0628
11500 78.01 69.53 0.00 -15.6892 -1.0628 -1.0628
11525 77.45 69.35 0.00 -13.0157 -1.1463 -1.1463
11550 77.02 69.19 0.00 -8.7480 -3.1803 -3.1803
11575 77.02 69.19 0.00 -8.7480 -3.1803 -3.1803
11600 76.72 69.06 0.00 -8.2547 -3.1332 -3.1332
11625 76.40 68.88 0.00 -6.2500 0.0616 0.0616
11650 76.40 68.88 0.00 -6.2500 0.0616 0.0616
11675 76.18 68.70 0.00 -6.2334 -2.0167 -2.0167
11700 76.18 68.70 0.00 -6.2334 -2.0167 -2.0167
11725 75.66 68.60 0.00 -8.6061 -2.6461 -2.6461
11750 75.66 68.60 0.00 -8.6061 -2.6461 -2.6461
11775 75.29 68.62 0.00 -10.7165 -3.4218 -3.4218
11800 75.29 68.62 0.00 -10.7165 -3.4218 -3.4218
11825 74.84 68.60 0.00 -10.7774 -2.2818 -2.2818
11850 74.45 68.48 0.00 -9.2880 -2.5975 -2.5975
11875 74.14 68.35 0.00 -6.7156 -2.4018 -2.4018
11900 74.14 68.35 0.00 -6.7156 -2.4018 -2.4018
11925 73.88 68.25 0.00 -6.7370 -3.6106 -3.6106
11950 73.58 68.19 0.00 -6.9670 -4.0757 -4.0757
11975 73.34 68.19 0.00 -6.2649 -2.6695 -2.6695
12000 73.34 68.19 0.00 -6.2649 -2.6695 -2.6695
12025 73.03 68.25 0.00 -8.5070 -4.5570 -4.5570
12050 72.72 68.32 0.00 -7.1535 -3.8119 -3.8119
12075 72.72 68.32 0.00 -7.1535 -3.8119 -3.8119
12100 72.46 68.34 0.00 -5.6192 -4.0347 -4.0347
12125 72.26 68.33 0.00 -5.5596 -3.1828 -3.1828
12150 72.26 68.33 0.00 -5.5596 -3.1828 -3.1828
12175 72.02 68.24 0.00 -5.4790 -1.4032 -1.4032
12200 71.84 68.17 0.00 -3.8497 -1.3604 -1.3604
12225 71.84 68.17 0.00 -3.8497 -1.3604 -1.3604
12250 71.73 68.15 0.00 -2.3794 -2.5228 -2.5228
12275 71.66 68.15 0.00 -1.8001 -1.4314 -1.4314
12300 71.66 68.15 0.00 -1.8001 -1.4314 -1.4314
12325 71.58 68.10 0.00 -1.9518 -0.8320 -0.8320
12350 71.51 68.04 0.00 -1.3993 -0.7960 -0.7960
12375 71.44 67.97 0.00 -2.8022 -1.1245 -1.1245
12400 71.44 67.97 0.00 -2.8022 -1.1245 -1.1245
12425 71.31 67.83 0.00 -3.3908 -0.5086 -0.5086
12450 71.15 67.69 0.00 -4.2302 -1.2121 -1.2121
12475 70.98 67.55 0.00 -3.5458 -0.7908 -0.7908
12500 70.98 67.55 0.00 -3.5458 -0.7908 -0.7908
12525 70.85 67.44 0.00 -3.3693 -1.4589 -1.4589
12550 70.85 67.44 0.00 -3.3693 -1.4589 -1.4589
12575 70.71 67.33 0.00 -3.8899 -1.1198 -1.1198
12600 70.58 67.14 0.00 -2.5468 -1.1966 -1.1966
12625 70.45 66.94 0.00 -3.1001 -0.0804 -0.0804
12650 70.45 66.94 0.00 -3.1001 -0.0804 -0.0804
12675 70.31 66.71 0.00 -4.2234 -1.8547 -1.8547
12700 70.31 66.71 0.00 -4.2234 -1.8547 -1.8547
12725 70.11 66.48 0.00 -6.0949 -2.8389 -2.8389
12750 69.84 66.25 0.00 -6.6995 -1.6808 -1.6808
12775 69.66 66.02 0.00 -5.9933 -1.5639 -1.5639
12800 69.40 65.70 0.00 -6.7535 -1.9362 -1.9362
12825 69.40 65.70 0.00 -6.7535 -1.9362 -1.9362
12850 69.08 65.35 0.00 -8.8914 -2.1131 -2.1131
12875 68.61 65.10 0.00 -13.7096 -2.4577 -2.4577
12900 68.61 65.10 0.00 -13.7096 -2.4577 -2.4577
12925 67.99 64.97 0.00 -16.4448 -3.2375 -3.2375
12950 67.99 64.97 0.00 -16.4448 -3.2375 -3.2375
12975 66.47 64.73 0.00 -20.7479 -6.3353 -6.3353
13000 66.47 64.73 0.00 -20.7479 -6.3353 -6.3353
13025 65.57 64.46 0.00 -24.2755 -8.5479 -8.5479
13050 64.41 64.11 0.00 -31.8169 -9.6982 -9.6982
13075 64.41 64.11 0.00 -31.8169 -9.6982 -9.6982
13100 62.97 63.86 0.00 -37.8884 -9.8859 -9.8859
13125 61.52 63.71 0.00 -33.9200 -8.2434 -8.2434
13150 61.52 63.71 0.00 -33.9200 -8.2434 -8.2434
13175 60.35 63.63 0.00 -25.4497 -9.7047 -9.7047
13200 59.56 63.60 0.00 -17.1353 -9.7642 -9.7642
13225 59.01 63.57 0.00 -11.1998 -9.6816 -9.6816
13250 59.01 63.57 0.00 -11.1998 -9.6816 -9.6816
13275 58.71 63.52 0.00 -6.1227 -7.2647 -7.2647
13300 58.47 63.50 0.00 -6.2690 -6.8530 -6.8530
13325 58.47 63.50 0.00 -6.2690 -6.8530 -6.8530
13350 58.22 63.49 0.00 -6.3109 -4.2622 -4.2622
13375 58.05 63.44 0.00 -5.0269 -4.0981 -4.0981
13400 57.89 63.31 0.00 -2.6106 -2.6664 -2.6664
13425 57.89 63.31 0.00 -2.6106 -2.6664 -2.6664
13450 57.78 63.16 0.00 -3.8523 -1.2191 -1.2191
13475 57.69 63.02 0.00 -0.7906 1.0242 1.0242
13500 57.69 63.02 0.00 -0.7906 1.0242 1.0242
13525 57.73 62.88 0.00 1.7191 -0.3780 -0.3780
13550 57.82 62.77 0.00 2.1918 2.1232 2.1232
13575 57.82 62.77 0.00 2.1918 2.1232 2.1232
13600 57.89 62.68 0.00 0.9071 2.2586 2.2586
13625 57.94 62.59 0.00 2.2678 2.8337 2.8337
13650 57.94 62.59 0.00 2.2678 2.8337 2.8337
13675 58.10 62.40 0.00 4.6953 1.9676 1.9676
13700 58.24 62.11 0.00 2.8426 3.0546 3.0546
13725 58.24 62.11 0.00 2.8426 3.0546 3.0546
13750 58.36 61.78 0.00 3.3397 4.0107 4.0107
13775 58.47 61.55 0.00 2.2144 2.6092 2.6092
13800 58.61 61.44 0.00 4.3760 1.9969 1.9969
13825 58.61 61.44 0.00 4.3760 1.9969 1.9969
13850 58.75 61.35 0.00 3.2912 2.0576 2.0576
13875 58.87 61.40 0.00 2.3710 1.8683 1.8683
13900 58.87 61.40 0.00 2.3710 1.8683 1.8683
13925 58.92 61.46 0.00 0.5475 -0.1958 -0.1958
13950 58.91 61.39 0.00 -1.4731 0.6621 0.6621
13975 58.91 61.39 0.00 -1.4731 0.6621 0.6621
14000 58.89 61.30 0.00 0.6037 0.9816 0.9816
14025 58.89 61.16 0.00 -0.4137 0.8390 0.8390
14050 58.84 61.00 0.00 -1.8863 2.3404 2.3404
14075 58.84 61.00 0.00 -1.8863 2.3404 2.3404
14100 58.71 60.82 0.00 -3.5610 0.2386 0.2386
14125 58.56 60.70 0.00 -4.2601 -0.0880 -0.0880
14150 58.56 60.70 0.00 -4.2601 -0.0880 -0.0880
14175 58.33 60.54 0.00 -6.5424 0.5015 0.5015
14200 58.01 60.33 0.00 -8.2970 -0.9765 -0.9765
14225 58.01 60.33 0.00 -8.2970 -0.9765 -0.9765
14250 57.73 60.09 0.00 -10.6200 -0.9917 -0.9917
14275 57.17 59.61 0.00 -15.4162 -1.1362 -1.1362
14300 56.55 59.03 0.00 -14.7411 -1.0154 -1.0154
14325 56.55 59.03 0.00 -14.7411 -1.0154 -1.0154
14350 56.05 58.51 0.00 -11.0666 -2.9532 -2.9532
14375 55.71 58.05 0.00 -7.5861 -2.6251 -2.6251
14400 55.45 57.64 0.00 -5.5255 -1.7713 -1.7713
14425 55.45 57.64 0.00 -5.5255 -1.7713 -1.7713
14450 55.29 57.46 0.00 -3.3739 -0.7558 -0.7558
14475 55.29 57.46 0.00 -3.3739 -0.7558 -0.7558
14500 55.15 57.29 0.00 -2.8530 -1.6049 -1.6049
14525 55.14 57.15 0.00 0.7036 -0.6703 -0.6703
14550 55.12 57.02 0.00 -1.7774 -1.2068 -1.2068
14575 55.12 57.02 0.00 -1.7774 -1.2068 -1.2068
14600 55.03 56.90 0.00 -2.3812 0.0330 0.0330
14625 54.91 56.77 0.00 -2.9021 -0.2583 -0.2583
14650 54.91 56.77 0.00 -2.9021 -0.2583 -0.2583
14675 54.82 56.65 0.00 -2.2107 -0.1082 -0.1082
14700 54.75 56.61 0.00 -1.3174 -0.1539 -0.1539
14725 54.75 56.61 0.00 -1.3174 -0.1539 -0.1539
14750 54.68 56.56 0.00 -1.7733 0.9478 0.9478
14775 54.63 56.56 0.00 -1.1047 0.5725 0.5725
14800 54.63 56.56 0.00 -1.1047 0.5725 0.5725
14825 54.54 56.54 0.00 -2.9546 -1.2058 -1.2058
14850 54.42 56.42 0.00 -3.4574 -0.6913 -0.6913
14875 54.24 56.26 0.00 -4.7770 -1.0572 -1.0572
14900 54.24 56.26 0.00 -4.7770 -1.0572 -1.0572
14925 54.05 56.05 0.00 -4.4338 -0.9485 -0.9485
14950 53.86 55.76 0.00 -5.8893 -3.3430 -3.3430
14975 53.86 55.76 0.00 -5.8893 -3.3430 -3.3430
15000 53.63 55.53 0.00 -4.4157 0.1055 0.1055
15025 53.51 55.37 0.00 -2.7283 -1.9706 -1.9706
15050 53.39 55.12 0.00 -3.7098 -2.3782 -2.3782
15075 53.39 55.12 0.00 -3.7098 -2.3782 -2.3782
15100 53.18 54.86 0.00 -5.5456 -1.0530 -1.0530
15125 53.00 54.64 0.00 -6.0399 -0.9107 -0.9107
15150 52.78 54.27 0.00 -5.3941 -1.0292 -1.0292
15175 52.78 54.27 0.00 -5.3941 -1.0292 -1.0292
15200 52.62 53.80 0.00 -3.3697 0.3951 0.3951
15225 52.62 53.80 0.00 -3.3697 0.3951 0.3951
15250 52.44 53.36 0.00 -4.1728 0.3055 0.3055
15275 52.37 52.87 0.00 -0.3386 2.2641 2.2641
15300 52.43 52.40 0.00 2.6857 2.3874 2.3874
15325 52.43 52.40 0.00 2.6857 2.3874 2.3874
15350 52.64 51.95 0.00 6.0189 3.4236 3.4236
15375 52.85 51.50 0.00 4.6750 4.4530 4.4530
15400 52.85 51.50 0.00 4.6750 4.4530 4.4530
15425 53.06 51.06 0.00 5.8142 6.0284 6.0284
15450 53.28 50.73 0.00 5.6465 4.2778 4.2778
15475 53.47 50.44 0.00 3.8208 2.0949 2.0949
15500 53.47 50.44 0.00 3.8208 2.0949 2.0949
15525 53.65 50.22 0.00 5.8307 7.0969 7.0969
15550 53.91 50.13 0.00 5.9345 4.1840 4.1840
15575 53.91 50.13 0.00 5.9345 4.1840 4.1840
15600 54.05 50.00 0.00 1.5472 1.3613 1.3613
15625 54.05 50.00 0.00 1.5472 1.3613 1.3613
15650 53.96 49.82 0.00 -1.4457 1.6116 1.6116
15675 53.96 49.82 0.00 -1.4457 1.6116 1.6116
15700 53.89 49.71 0.00 -1.5207 0.6769 0.6769
15725 53.89 49.60 0.00 0.7609 3.2395 3.2395
15750 53.89 49.60 0.00 0.7609 3.2395 3.2395
15775 53.95 49.42 0.00 0.9069 2.1792 2.1792
15800 53.96 49.20 0.00 0.5928 3.3443 3.3443
15825 53.96 49.20 0.00 0.5928 3.3443 3.3443
15850 54.05 48.40 0.00 3.0527 6.1036 6.1036
15875 54.17 47.24 0.00 2.1751 3.7865 3.7865
15900 54.17 47.24 0.00 2.1751 3.7865 3.7865
15925 54.17 46.22 0.00 -0.5957 5.8648 5.8648
15950 54.10 45.17 0.00 -1.8486 6.0351 6.0351
15975 54.05 44.18 0.00 -1.1355 4.9384 4.9384
16000 54.05 44.18 0.00 -1.1355 4.9384 4.9384
16025 54.03 43.15 0.00 0.0920 3.9362 3.9362
16050 54.02 42.06 0.00 -0.0390 6.3926 6.3926
16075 54.02 42.06 0.00 -0.0390 6.3926 6.3926
16100 54.02 41.08 0.00 -0.6652 5.7198 5.7198
16125 54.02 41.08 0.00 -0.6652 5.7198 5.7198
16150 53.96 40.22 0.00 -1.6178 3.2178 3.2178
16175 53.91 39.52 0.00 -0.5985 3.0394 3.0394
16200 53.93 39.04 0.00 0.4015 2.3402 2.3402
16225 53.88 38.69 0.00 -2.5081 1.4269 1.4269
16250 53.88 38.69 0.00 -2.5081 1.4269 1.4269
16275 53.84 38.46 0.00 0.9463 3.3802 3.3802
16300 53.95 38.33 0.00 3.5669 1.0785 1.0785
16325 54.05 38.33 0.00 1.0161 0.3531 0.3531
16350 54.05 38.33 0.00 1.0161 0.3531 0.3531
16375 54.05 38.44 0.00 -0.4731 0.0635 0.0635
16400 53.98 38.71 0.00 -2.6879 -2.5609 -2.5609
16425 53.98 38.71 0.00 -2.6879 -2.5609 -2.5609
16450 53.84 39.04 0.00 -3.5918 -3.4663 -3.4663
16475 53.84 39.04 0.00 -3.5918 -3.4663 -3.4663
16500 53.68 39.41 0.00 -4.0994 -4.5787 -4.5787
16525 53.49 39.89 0.00 -5.1386 -5.9023 -5.9023
16550 53.26 40.31 0.00 -4.8574 -5.8134 -5.8134
16575 53.26 40.31 0.00 -4.8574 -5.8134 -5.8134
16600 53.14 40.67 0.00 -3.3440 -2.3978 -2.3978
16625 53.00 40.90 0.00 -5.1425 -3.9802 -3.9802
16650 53.00 40.90 0.00 -5.1425 -3.9802 -3.9802
16675 52.79 41.03 0.00 -5.4132 -5.4344 -5.4344
16700 52.53 41.09 0.00 -6.9739 -3.8202 -3.8202
16725 52.30 41.09 0.00 -4.6964 -2.5147 -2.5147
16750 52.30 41.09 0.00 -4.6964 -2.5147 -2.5147
16775 52.15 41.04 0.00 -3.1982 -2.1902 -2.1902
16800 52.06 40.94 0.00 -2.3951 -0.6557 -0.6557
16825 52.06 40.94 0.00 -2.3951 -0.6557 -0.6557
16850 51.99 40.75 0.00 -1.0315 0.1475 0.1475
16875 51.96 40.58 0.00 -0.7352 0.5771 0.5771
16900 51.96 40.58 0.00 -0.7352 0.5771 0.5771
16925 51.97 40.37 0.00 0.5645 1.4078 1.4078
16950 51.97 40.37 0.00 0.5645 1.4078 1.4078
16975 51.97 40.18 0.00 -0.5814 -0.0264 -0.0264
17000 51.94 40.01 0.00 -0.5063 0.3818 0.3818
17025 51.94 39.88 0.00 0.1227 -0.0347 -0.0347
17050 51.94 39.88 0.00 0.1227 -0.0347 -0.0347
17075 51.96 39.73 0.00 0.7965 0.4318 0.4318
17100 52.01 39.50 0.00 2.0547 2.5952 2.5952
17125 52.16 39.27 0.00 4.2880 4.0027 4.0027
17150 52.16 39.27 0.00 4.2880 4.0027 4.0027
17175 52.29 39.00 0.00 2.5273 0.4592 0.4592
17200 52.30 38.75 0.00 -0.7287 0.4796 0.4796
17225 52.25 38.57 0.00 -1.0133 1.3779 1.3779
17250 52.25 38.57 0.00 -1.0133 1.3779 1.3779
17275 52.25 38.29 0.00 0.4165 1.9576 1.9576
17300 52.25 38.29 0.00 0.4165 1.9576 1.9576
17325 52.36 37.90 0.00 3.5597 4.7360 4.7360
17350 52.51 37.57 0.00 4.8474 4.1620 4.1620
17375 52.74 37.22 0.00 5.6789 4.8349 4.8349
17400 52.74 37.22 0.00 5.6789 4.8349 4.8349
17425 52.86 36.93 0.00 3.2277 4.6063 4.6063
17450 52.95 36.50 0.00 1.9215 4.9086 4.9086
17475 52.95 36.50 0.00 1.9215 4.9086 4.9086
17500 53.02 35.99 0.00 1.5153 3.4346 3.4346
17525 53.06 35.33 0.00 0.7213 2.9523 2.9523
17550 53.06 35.33 0.00 0.7213 2.9523 2.9523
17575 53.09 34.62 0.00 0.8417 4.0108 4.0108
17600 53.13 33.75 0.00 1.0437 3.4658 3.4658
17625 53.25 32.99 0.00 4.2461 7.5694 7.5694
17650 53.25 32.99 0.00 4.2461 7.5694 7.5694
17675 53.44 32.31 0.00 4.5472 3.0768 3.0768
17700 53.54 31.71 0.00 1.7292 0.2343 0.2343
17725 53.54 31.71 0.00 1.7292 0.2343 0.2343
17750 53.53 31.23 0.00 -1.3166 2.8524 2.8524
17775 53.51 30.72 0.00 -0.1950 3.4808 3.4808
17800 53.51 30.72 0.00 -0.1950 3.4808 3.4808
17825 53.56 30.18 0.00 2.4612 5.8420 5.8420
17850 53.67 29.71 0.00 3.0826 4.6125 4.6125
17875 53.86 29.34 0.00 6.0176 5.5701 5.5701
17900 53.86 29.34 0.00 6.0176 5.5701 5.5701
17925 54.16 28.90 0.00 8.5545 7.2470 7.2470
17950 54.16 28.90 0.00 8.5545 7.2470 7.2470
17975 54.86 28.15 0.00 7.5427 5.9933 5.9933
18000 54.86 28.15 0.00 7.5427 5.9933 5.9933
18025 55.19 27.59 0.00 8.5858 6.7025 6.7025
18050 55.19 27.59 0.00 8.5858 6.7025 6.7025
18075 55.49 26.81 0.00 7.2637 6.5668 6.5668
18100 55.85 25.61 0.00 10.7056 11.6340 11.6340
18125 56.19 24.83 0.00 10.1692 9.3850 9.3850
18150 56.19 24.83 0.00 10.1692 9.3850 9.3850
18175 56.50 24.10 0.00 7.3332 4.3795 4.3795
18200 56.50 24.10 0.00 7.3332 4.3795 4.3795
18225 56.75 23.64 0.00 5.0852 4.9656 4.9656
18250 56.90 23.43 0.00 3.3140 4.5901 4.5901
18275 57.01 23.21 0.00 1.9396 3.7739 3.7739
18300 57.01 23.21 0.00 1.9396 3.7739 3.7739
18325 57.05 22.87 0.00 0.9533 4.0339 4.0339
18350 57.13 22.54 0.00 2.7717 3.6019 3.6019
18375 57.27 22.28 0.00 4.5941 3.7350 3.7350
18400 57.27 22.28 0.00 4.5941 3.7350 3.7350
18425 57.43 22.10 0.00 2.4317 2.3524 2.3524
18450 57.43 22.10 0.00 2.4317 2.3524 2.3524
18475 57.54 21.99 0.00 0.7677 -0.2801 -0.2801
18500 57.54 21.99 0.00 0.7677 -0.2801 -0.2801
18525 57.57 21.94 0.00 1.1152 0.6087 0.6087
18550 57.57 21.94 0.00 1.1152 0.6087 0.6087
18575 57.57 21.75 0.00 0.3149 -0.2673 -0.2673
18600 57.69 21.49 0.00 3.9151 5.0160 5.0160
18625 57.69 21.49 0.00 3.9151 5.0160 5.0160
18650 57.87 20.96 0.00 5.4094 1.4144 1.4144
18675 58.08 20.23 0.00 5.2863 2.0703 2.0703
18700 58.38 19.18 0.00 8.0348 7.2421 7.2421
18725 58.66 17.80 0.00 7.0789 9.5427 9.5427
18750 58.66 17.80 0.00 7.0789 9.5427 9.5427
18775 58.91 16.26 0.00 4.9034 10.3119 10.3119
18800 58.91 16.26 0.00 4.9034 10.3119 10.3119
18825 59.08 14.91 0.00 4.3998 9.3666 9.3666
18850 59.22 14.00 0.00 2.9101 6.0515 6.0515
18875 59.31 13.54 0.00 1.3499 3.9553 3.9553
18900 59.31 13.54 0.00 1.3499 3.9553 3.9553
18925 59.36 13.42 0.00 2.4130 3.5728 3.5728
18950 59.51 13.27 0.00 3.7869 3.3777 3.3777
18975 59.65 13.17 0.00 2.8027 1.0846 1.0846
19000 59.65 13.17 0.00 2.8027 1.0846 1.0846
19025 59.61 13.20 0.00 -3.6673 -3.1149 -3.1149
19050 59.45 13.09 0.00 -3.0346 0.7775 0.7775
19075 59.45 13.09 0.00 -3.0346 0.7775 0.7775
19100 59.33 13.26 0.00 -3.5915 -3.8243 -3.8243
19125 59.22 13.52 0.00 -2.2083 -7.4082 -7.4082
19150 59.22 13.52 0.00 -2.2083 -7.4082 -7.4082
19175 59.12 13.71 0.00 -2.2498 -5.1384 -5.1384
19200 59.03 13.92 0.00 -2.8619 -3.1163 -3.1163
19225 58.92 13.97 0.00 -2.0356 0.4396 0.4396
19250 58.92 13.97 0.00 -2.0356 0.4396 0.4396
19275 58.87 13.95 0.00 -1.5942 0.5639 0.5639
19300 58.87 13.95 0.00 -1.5942 0.5639 0.5639
19325 58.75 14.05 0.00 -3.7715 -2.6219 -2.6219
19350 58.61 14.13 0.00 -2.8832 -1.5808 -1.5808
19375 58.54 14.20 0.00 -1.3586 -0.8284 -0.8284
19400 58.54 14.20 0.00 -1.3586 -0.8284 -0.8284
19425 58.45 14.16 0.00 -2.6685 -1.9384 -1.9384
19450 58.36 14.02 0.00 -1.9198 -2.3675 -2.3675
19475 58.36 14.02 0.00 -1.9198 -2.3675 -2.3675
19500 58.36 14.02 0.00 -1.9198 -2.3675 -2.3675
19525 58.22 13.41 0.00 -0.0996 2.2386 2.2386
19550 58.22 13.20 0.00 -1.0935 1.1668 1.1668
19575 58.22 13.20 0.00 -1.0935 1.1668 1.1668
19600 58.19 13.01 0.00 -0.0743 -2.1136 -2.1136
19625 58.20 12.83 0.00 0.4774 -1.1559 -1.1559
19650 58.20 12.83 0.00 0.4774 -1.1559 -1.1559
19675 58.17 12.64 0.00 -1.6848 2.0625 2.0625
19700 58.13 12.39 0.00 -0.3754 3.4154 3.4154
19725 58.19 11.87 0.00 2.1302 5.4651 5.4651
19750 58.19 11.87 0.00 2.1302 5.4651 5.4651
19775 58.31 11.30 0.00 3.4170 5.4064 5.4064
19800 58.41 10.94 0.00 1.4677 3.6091 3.6091
19825 58.41 10.94 0.00 1.4677 3.6091 3.6091
19850 58.45 10.94 0.00 1.1013 3.3691 3.3691
19875 58.47 11.05 0.00 0.5634 0.8897 0.8897
19900 58.50 11.05 0.00 0.3029 -0.6371 -0.6371
19925 58.50 11.05 0.00 0.3029 -0.6371 -0.6371
19950 58.47 11.03 0.00 -1.2521 -0.5146 -0.5146
19975 58.38 10.94 0.00 -1.8307 -0.3680 -0.3680
20000 58.38 10.94 0.00 -1.8307 -0.3680 -0.3680
20025 58.41 11.01 0.00 0.5440 1.7252 1.7252
20050 58.34 11.23 0.00 -2.3418 -7.1020 -7.1020
20075 58.34 11.23 0.00 -2.3418 -7.1020 -7.1020
20100 58.19 11.52 0.00 -4.8968 -6.9788 -6.9788
20125 57.98 11.76 0.00 -5.0910 -2.9930 -2.9930
20150 57.80 11.91 0.00 -3.8304 -2.1961 -2.1961
20175 57.80 11.91 0.00 -3.8304 -2.1961 -2.1961
20200 57.68 11.92 0.00 -2.6045 -1.0576 -1.0576
20225 57.62 11.92 0.00 -1.1023 -1.5973 -1.5973
20250 57.62 11.92 0.00 -1.1023 -1.5973 -1.5973
20275 57.55 11.99 0.00 -1.5331 -0.4603 -0.4603
20300 57.48 12.16 0.00 -2.2374 -2.3916 -2.3916
20325 57.48 12.16 0.00 -2.2374 -2.3916 -2.3916
20350 57.33 12.40 0.00 -4.9268 -4.6827 -4.6827
20375 57.33 12.40 0.00 -4.9268 -4.6827 -4.6827
20400 57.12 12.71 0.00 -5.4414 -4.8371 -4.8371
20425 56.89 13.02 0.00 -5.8944 -5.4656 -5.4656
20450 56.64 13.15 0.00 -5.5951 -3.0239 -3.0239
20475 56.64 13.15 0.00 -5.5951 -3.0239 -3.0239
20500 56.43 13.39 0.00 -5.9879 -2.7479 -2.7479
20525 56.26 13.53 0.00 -4.9618 -6.0060 -6.0060
20550 56.26 13.53 0.00 -4.9618 -6.0060 -6.0060
20575 56.06 13.72 0.00 -5.3136 -6.1897 -6.1897
20600 55.84 13.89 0.00 -6.2188 -3.5291 -3.5291
20625 55.61 13.95 0.00 -4.9361 -2.0301 -2.0301
20650 55.61 13.95 0.00 -4.9361 -2.0301 -2.0301
20675 55.43 13.91 0.00 -4.4103 -1.9288 -1.9288
20700 55.28 13.82 0.00 -3.7923 -1.8940 -1.8940
20725 55.28 13.82 0.00 -3.7923 -1.8940 -1.8940
20750 55.08 13.69 0.00 -4.7807 -1.9676 -1.9676
20775 54.93 13.64 0.00 -3.1184 -1.8576 -1.8576
20800 54.87 13.62 0.00 -0.6578 -2.0184 -2.0184
20825 54.87 13.62 0.00 -0.6578 -2.0184 -2.0184
20850 54.80 13.55 0.00 -2.0620 -2.1481 -2.1481
20875 54.80 13.55 0.00 -2.0620 -2.1481 -2.1481
20900 54.70 13.49 0.00 -4.0723 -3.6909 -3.6909
20925 54.56 13.47 0.00 -1.9004 0.7835 0.7835
20950 54.51 13.56 0.00 -1.6135 -2.5956 -2.5956
20975 54.51 13.56 0.00 -1.6135 -2.5956 -2.5956
21000 54.42 13.70 0.00 -1.9066 -5.8578 -5.8578
21025 54.33 13.82 0.00 -2.4412 -3.2795 -3.2795
21050 54.21 14.03 0.00 -3.3788 -1.9234 -1.9234
21075 54.21 14.03 0.00 -3.3788 -1.9234 -1.9234
21100 54.12 14.24 0.00 -1.4308 -0.7638 -0.7638
21125 54.12 14.24 0.00 -1.4308 -0.7638 -0.7638
21150 54.05 14.56 0.00 -2.1421 -4.0024 -4.0024
21175 53.89 14.93 0.00 -5.1502 -5.2898 -5.2898
21200 53.63 15.39 0.00 -7.1805 -5.2188 -5.2188
21225 53.63 15.39 0.00 -7.1805 -5.2188 -5.2188
21250 53.39 15.78 0.00 -8.9093 -7.5153 -7.5153
21275 53.39 15.78 0.00 -8.9093 -7.5153 -7.5153
21300 52.81 16.67 0.00 -5.5984 -6.4915 -6.4915
21325 52.81 16.67 0.00 -5.5984 -6.4915 -6.4915
21350 52.62 16.86 0.00 -5.2150 -6.4680 -6.4680
21375 52.41 17.02 0.00 -4.2181 -0.8826 -0.8826
21400 52.41 17.02 0.00 -4.2181 -0.8826 -0.8826
21425 52.23 17.24 0.00 -4.5164 -3.8071 -3.8071
21450 52.09 17.36 0.00 -2.8351 -5.4073 -5.4073
21475 52.09 17.36 0.00 -2.8351 -5.4073 -5.4073
21500 51.97 17.33 0.00 -3.4428 -2.0837 -2.0837
21525 51.83 17.27 0.00 -3.3291 -0.1659 -0.1659
21550 51.83 17.27 0.00 -3.3291 -0.1659 -0.1659
21575 51.73 17.11 0.00 -1.9770 0.4408 0.4408
21600 51.61 16.96 0.00 -4.1420 -1.5781 -1.5781
21625 51.61 16.96 0.00 -4.1420 -1.5781 -1.5781
21650 51.45 16.87 0.00 -3.8322 -1.7216 -1.7216
21675 51.29 16.91 0.00 -3.9261 -1.5202 -1.5202
21700 51.08 16.94 0.00 -6.4377 -2.7030 -2.7030
21725 51.08 16.94 0.00 -6.4377 -2.7030 -2.7030
21750 50.77 16.98 0.00 -8.3667 -5.7365 -5.7365
21775 50.38 17.03 0.00 -10.3955 -7.1070 -7.1070
21800 50.38 17.03 0.00 -10.3955 -7.1070 -7.1070
21825 49.91 17.14 0.00 -13.0271 -11.0206 -11.0206
21850 49.41 17.39 0.00 -12.6642 -7.5341 -7.5341
21875 49.41 17.39 0.00 -12.6642 -7.5341 -7.5341
21900 48.83 17.79 0.00 -14.8804 -12.8192 -12.8192
21925 48.27 18.27 0.00 -13.0909 -13.8812 -13.8812
21950 47.75 18.84 0.00 -13.5855 -12.7300 -12.7300
21975 47.75 18.84 0.00 -13.5855 -12.7300 -12.7300
22000 47.21 19.37 0.00 -12.3129 -10.1325 -10.1325
22025 46.84 19.82 0.00 -7.5660 -6.8014 -6.8014
22050 46.58 20.36 0.00 -5.4997 -7.1869 -7.1869
22075 46.58 20.36 0.00 -5.4997 -7.1869 -7.1869
22100 46.47 20.73 0.00 -2.7427 -4.4504 -4.4504
22125 46.39 21.21 0.00 -2.4802 -4.4310 -4.4310
22150 46.39 21.21 0.00 -2.4802 -4.4310 -4.4310
22175 46.30 21.68 0.00 -1.2818 -2.5783 -2.5783
22200 46.25 22.09 0.00 -2.0918 -3.3946 -3.3946
22225 46.25 22.09 0.00 -2.0918 -3.3946 -3.3946
22250 46.12 22.52 0.00 -3.8004 -4.0996 -4.0996
22275 45.86 23.01 0.00 -7.0445 -7.8023 -7.8023
22300 45.67 23.56 0.00 -4.5018 -3.8725 -3.8725
22325 45.67 23.56 0.00 -4.5018 -3.8725 -3.8725
22350 45.39 24.40 0.00 -8.6280 -10.4433 -10.4433
22375 45.04 25.38 0.00 -8.8503 -10.1758 -10.1758
22400 45.04 25.38 0.00 -8.8503 -10.1758 -10.1758
22425 44.62 26.42 0.00 -11.0790 -11.9141 -11.9141
22450 44.15 27.65 0.00 -13.0205 -12.6760 -12.6760
22475 44.15 27.65 0.00 -13.0205 -12.6760 -12.6760
22500 43.55 28.75 0.00 -15.5430 -11.5180 -11.5180
22525 42.95 29.57 0.00 -14.3503 -11.3234 -11.3234
22550 42.43 30.39 0.00 -11.4046 -10.1914 -10.1914
22575 42.43 30.39 0.00 -11.4046 -10.1914 -10.1914
22600 42.06 31.17 0.00 -8.2583 -8.1448 -8.1448
22625 41.78 31.85 0.00 -5.8618 -7.3032 -7.3032
22650 41.78 31.85 0.00 -5.8618 -7.3032 -7.3032
22675 41.66 32.20 0.00 -1.8951 -5.3668 -5.3668
22700 41.55 32.42 0.00 -3.8612 -6.1357 -6.1357
22725 41.55 32.42 0.00 -3.8612 -6.1357 -6.1357
22750 41.36 32.59 0.00 -3.8209 -3.9519 -3.9519
22775 41.29 32.79 0.00 -1.9197 -2.3555 -2.3555
22800 41.29 32.79 0.00 -1.9197 -2.3555 -2.3555
22825 41.18 33.05 0.00 -2.9585 -5.9689 -5.9689
22850 41.02 33.32 0.00 -4.3656 -6.3665 -6.3665
22875 40.88 33.52 0.00 -4.7127 -5.0784 -5.0784
22900 40.88 33.52 0.00 -4.7127 -5.0784 -5.0784
22925 40.67 33.69 0.00 -6.0099 -4.7698 -4.7698
22950 40.41 33.84 0.00 -6.9834 -5.4180 -5.4180
22975 40.09 34.16 0.00 -8.8298 -9.3047 -9.3047
23000 40.09 34.16 0.00 -8.8298 -9.3047 -9.3047
23025 39.74 34.63 0.00 -8.4101 -9.3928 -9.3928
23050 39.74 34.63 0.00 -8.4101 -9.3928 -9.3928
23075 39.42 35.25 0.00 -7.3027 -9.2721 -9.2721
23100 39.58 35.72 0.00 12.4793 -0.1517 -0.1517
23125 39.91 36.15 0.00 3.5926 -13.6902 -13.6902
23150 39.91 36.15 0.00 3.5926 -13.6902 -13.6902
23175 39.79 36.81 0.00 -7.8731 -13.1138 -13.1138
23200 39.24 37.33 0.00 -15.5682 -12.9130 -12.9130
23225 38.77 37.76 0.00 -8.7641 -4.8652 -4.8652
23250 38.77 37.76 0.00 -8.7641 -4.8652 -4.8652
23275 38.55 38.03 0.00 -3.2611 -6.3679 -6.3679
23300 38.43 38.16 0.00 -3.1743 -7.1621 -7.1621
23325 38.43 38.16 0.00 -3.1743 -7.1621 -7.1621
23350 38.24 38.32 0.00 -5.9159 -4.7696 -4.7696
23375 37.97 38.57 0.00 -7.7587 -5.3758 -5.3758
23400 37.97 38.57 0.00 -7.7587 -5.3758 -5.3758
23425 37.62 38.78 0.00 -9.1274 -5.8782 -5.8782
23450 37.23 38.94 0.00 -10.3504 -7.6201 -7.6201
23475 36.67 39.13 0.00 -15.9059 -10.3511 -10.3511
23500 36.67 39.13 0.00 -15.9059 -10.3511 -10.3511
23525 35.91 39.37 0.00 -21.5244 -12.8403 -12.8403
23550 35.91 39.37 0.00 -21.5244 -12.8403 -12.8403
23575 35.02 39.70 0.00 -21.7322 -15.6272 -15.6272
23600 34.07 40.35 0.00 -24.8768 -19.0282 -19.0282
23625 33.36 40.95 0.00 -22.8572 -18.5799 -18.5799
23650 33.36 40.95 0.00 -22.8572 -18.5799 -18.5799
23675 32.58 41.96 0.00 -16.5152 -19.5083 -19.5083
23700 32.15 42.78 0.00 -7.9684 -9.0900 -9.0900
23725 32.15 42.78 0.00 -7.9684 -9.0900 -9.0900
23750 31.94 43.42 0.00 -4.3037 -8.8508 -8.8508
23775 31.81 44.04 0.00 -2.7448 -6.2225 -6.2225
23800 31.68 44.49 0.00 -3.0708 -3.9991 -3.9991
23825 31.68 44.49 0.00 -3.0708 -3.9991 -3.9991
23850 31.54 44.86 0.00 -3.8085 -4.9428 -4.9428
23875 31.43 45.27 0.00 -2.7206 -3.4657 -3.4657
23900 31.43 45.27 0.00 -2.7206 -3.4657 -3.4657
23925 31.32 45.68 0.00 -2.6754 -3.3452 -3.3452
23950 31.18 46.18 0.00 -4.3372 -4.7002 -4.7002
23975 30.92 46.62 0.00 -7.1352 -4.2244 -4.2244
24000 30.92 46.62 0.00 -7.1352 -4.2244 -4.2244
24025 30.58 47.16 0.00 -9.8644 -5.1143 -5.1143
24050 30.58 47.16 0.00 -9.8644 -5.1143 -5.1143
24075 30.18 47.76 0.00 -10.0716 -6.2971 -6.2971
24100 29.69 48.41 0.00 -13.9984 -8.5505 -8.5505
24125 28.94 49.09 0.00 -21.2498 -12.3811 -12.3811
24150 28.12 50.06 0.00 -19.7425 -9.4278 -9.4278
24175 28.12 50.06 0.00 -19.7425 -9.4278 -9.4278
24200 27.34 51.01 0.00 -18.8502 -12.9755 -12.9755
24225 27.34 51.01 0.00 -18.8502 -12.9755 -12.9755
24250 26.64 51.79 0.00 -17.4746 -12.6937 -12.6937
24275 25.99 52.41 0.00 -14.0159 -9.4765 -9.4765
24300 25.62 52.82 0.00 -7.1565 -7.8561 -7.8561
24325 25.62 52.82 0.00 -7.1565 -7.8561 -7.8561
24350 25.42 53.19 0.00 -5.2882 -6.9479 -6.9479
24375 25.22 53.53 0.00 -6.8375 -6.2934 -6.2934
24400 25.22 53.53 0.00 -6.8375 -6.2934 -6.2934
24425 24.97 54.04 0.00 -4.9265 -4.6877 -4.6877
24450 24.83 54.53 0.00 -3.6347 -5.1295 -5.1295
24475 24.75 54.97 0.00 -1.5967 -3.2611 -3.2611
24500 24.75 54.97 0.00 -1.5967 -3.2611 -3.2611
24525 24.58 55.44 0.00 -5.9910 -5.5298 -5.5298
24550 24.32 56.09 0.00 -6.2436 -6.4602 -6.4602
24575 24.32 56.09 0.00 -6.2436 -6.4602 -6.4602
24600 24.05 57.02 0.00 -8.3071 -7.4835 -7.4835
24625 23.75 57.96 0.00 -6.0019 -4.8935 -4.8935
24650 23.75 57.96 0.00 -6.0019 -4.8935 -4.8935
24675 23.52 59.02 0.00 -5.9112 -5.5013 -5.5013
24700 23.26 60.16 0.00 -7.4889 -7.1648 -7.1648
24725 23.26 60.16 0.00 -7.4889 -7.1648 -7.1648
24750 22.81 61.17 0.00 -12.4342 -7.9117 -7.9117
24775 22.34 62.03 0.00 -11.6390 -6.0332 -6.0332
24800 21.83 62.70 0.00 -12.3759 -5.5822 -5.5822
24825 21.83 62.70 0.00 -12.3759 -5.5822 -5.5822
24850 21.40 63.13 0.00 -9.9290 -4.1464 -4.1464
24875 21.40 63.13 0.00 -9.9290 -4.1464 -4.1464
24900 21.04 63.58 0.00 -8.7538 -5.1144 -5.1144
24925 20.68 64.12 0.00 -8.2730 -4.6407 -4.6407
24950 20.44 64.61 0.00 -6.4966 -4.0770 -4.0770
24975 20.44 64.61 0.00 -6.4966 -4.0770 -4.0770
25000 20.02 64.97 0.00 -11.4590 -4.4909 -4.4909
25025 19.58 65.23 0.00 -11.0791 -3.1109 -3.1109
25050 19.18 65.37 0.00 -9.1056 -3.4574 -3.4574
25075 19.18 65.37 0.00 -9.1056 -3.4574 -3.4574
25100 18.89 65.44 0.00 -5.6127 -4.3193 -4.3193
25125 18.68 65.70 0.00 -5.9709 -7.0725 -7.0725
25150 18.68 65.70 0.00 -5.9709 -7.0725 -7.0725
25175 18.37 66.28 0.00 -9.1383 -2.9467 -2.9467
25200 18.07 66.94 0.00 -10.4422 -3.6465 -3.6465
25225 17.70 68.14 0.00 -8.4224 -5.5640 -5.5640
25250 17.70 68.14 0.00 -8.4224 -5.5640 -5.5640
25275 17.45 69.32 0.00 -4.1047 -6.2568 -6.2568
25300 17.39 70.31 0.00 -0.8720 -5.3963 -5.3963
25325 17.39 70.31 0.00 -0.8720 -5.3963 -5.3963
25350 17.37 70.95 0.00 0.4888 -1.8547 -1.8547
25375 17.49 71.50 0.00 4.4272 -1.2414 -1.2414
25400 17.49 71.50 0.00 4.4272 -1.2414 -1.2414
25425 17.70 71.96 0.00 5.3418 -1.8036 -1.8036
25450 17.87 72.23 0.00 4.1511 0.6974 0.6974
25475 17.87 72.23 0.00 4.1511 0.6974 0.6974
25500 18.14 72.38 0.00 8.6537 2.7965 2.7965
25525 18.51 72.34 0.00 9.0367 1.0037 1.0037
25550 18.85 72.17 0.00 7.5627 1.8000 1.8000
25575 18.85 72.17 0.00 7.5627 1.8000 1.8000
25600 19.16 71.90 0.00 9.0257 2.4441 2.4441
25625 19.62 71.49 0.00 12.4521 1.2498 1.2498
25650 19.62 71.49 0.00 12.4521 1.2498 1.2498
25675 20.07 71.18 0.00 10.2005 -0.0150 -0.0150
25700 20.34 70.93 0.00 4.6974 0.7179 0.7179
25725 20.34 70.93 0.00 4.6974 0.7179 0.7179
25750 20.45 70.82 0.00 0.8672 2.7291 2.7291
25775 20.44 70.84 0.00 -0.6777 -0.3051 -0.3051
25800 20.38 70.95 0.00 -2.3199 -1.8752 -1.8752
25825 20.38 70.95 0.00 -2.3199 -1.8752 -1.8752
25850 20.23 71.09 0.00 -4.1009 -1.4056 -1.4056
25875 20.09 71.26 0.00 -3.2467 -1.6747 -1.6747
25900 20.09 71.26 0.00 -3.2467 -1.6747 -1.6747
25925 20.00 71.44 0.00 -0.9440 -0.9035 -0.9035
25950 19.98 71.68 0.00 -1.4365 -2.1389 -2.1389
25975 19.98 71.68 0.00 -1.4365 -2.1389 -2.1389
26000 19.92 71.89 0.00 -1.9457 -1.7796 -1.7796
26025 19.79 72.24 0.00 -4.4389 -2.3226 -2.3226
26050 19.79 72.24 0.00 -4.4389 -2.3226 -2.3226
26075 19.54 72.77 0.00 -6.9012 -4.3453 -4.3453
26100 19.27 73.49 0.00 -6.1717 -5.3301 -5.3301
26125 19.27 73.49 0.00 -6.1717 -5.3301 -5.3301
26150 19.04 74.17 0.00 -5.4462 -5.9088 -5.9088
26175 18.85 74.77 0.00 -4.6239 -5.0735 -5.0735
26200 18.66 75.20 0.00 -5.0086 -3.6056 -3.6056
26225 18.66 75.20 0.00 -5.0086 -3.6056 -3.6056
26250 18.49 75.62 0.00 -3.8219 -3.9451 -3.9451
26275 18.32 76.28 0.00 -4.8637 -6.9660 -6.9660
26300 18.14 77.17 0.00 -2.7937 -2.1366 -2.1366
26325 18.14 77.17 0.00 -2.7937 -2.1366 -2.1366
26350 18.07 78.07 0.00 -1.7033 -4.5633 -4.5633
26375 18.07 78.07 0.00 -1.7033 -4.5633 -4.5633
26400 18.03 78.66 0.00 -0.1310 -3.1967 -3.1967
26425 18.03 78.99 0.00 -0.1554 -1.6076 -1.6076
26450 18.07 79.09 0.00 1.3086 0.5560 0.5560
26475 18.07 79.09 0.00 1.3086 0.5560 0.5560
26500 18.18 78.82 0.00 4.1047 1.9737 1.9737
26525 18.34 78.60 0.00 3.3352 2.1540 2.1540
26550 18.45 78.49 0.00 2.4696 2.5815 2.5815
26575 18.45 78.49 0.00 2.4696 2.5815 2.5815
26600 18.53 78.43 0.00 1.8714 1.9951 1.9951
26625 18.53 78.43 0.00 1.8714 1.9951 1.9951
26650 18.60 78.21 0.00 1.6069 0.7247 0.7247
26675 18.64 77.95 0.00 0.8824 0.3413 0.3413
26700 18.68 77.73 0.00 1.0253 0.0868 0.0868
26725 18.70 77.60 0.00 0.5707 0.3256 0.3256
26750 18.70 77.60 0.00 0.5707 0.3256 0.3256
26775 18.78 77.54 0.00 3.1431 1.2057 1.2057
26800 18.97 77.50 0.00 5.4164 0.5619 0.5619
26825 18.97 77.50 0.00 5.4164 0.5619 0.5619
26850 19.18 77.48 0.00 5.4094 -1.1818 -1.1818
26875 19.18 77.48 0.00 5.4094 -1.1818 -1.1818
26900 19.37 77.62 0.00 4.1610 1.7642 1.7642
26925 19.48 77.77 0.00 2.4663 0.4201 0.4201
26950 19.58 77.82 0.00 2.4949 0.4661 0.4661
26975 19.58 77.82 0.00 2.4949 0.4661 0.4661
27000 19.69 77.83 0.00 3.2956 1.0226 1.0226
27025 19.85 77.85 0.00 4.0641 0.9299 0.9299
27050 19.85 77.85 0.00 4.0641 0.9299 0.9299
27075 20.04 77.88 0.00 4.8055 3.1221 3.1221
27100 20.25 77.93 0.00 5.8701 2.5438 2.5438
27125 20.25 77.93 0.00 5.8701 2.5438 2.5438
27150 20.59 78.05 0.00 10.9072 3.6817 3.6817
27175 21.10 78.24 0.00 13.5657 4.6323 4.6323
27200 21.67 78.43 0.00 14.0668 4.6076 4.6076
27225 21.67 78.43 0.00 14.0668 4.6076 4.6076
27250 22.25 78.64 0.00 14.9911 4.5529 4.5529
27275 22.25 78.64 0.00 14.9911 4.5529 4.5529
27300 22.79 78.83 0.00 12.9265 4.2051 4.2051
27325 23.30 78.96 0.00 11.9308 5.2977 5.2977
27350 23.77 79.04 0.00 11.9937 4.6859 4.6859
27375 24.19 79.04 0.00 9.9619 2.7300 2.7300
27400 24.19 79.04 0.00 9.9619 2.7300 2.7300
27425 24.60 79.12 0.00 10.4223 6.0736 6.0736
27450 24.96 79.26 0.00 7.9094 3.8202 3.8202
27475 24.96 79.26 0.00 7.9094 3.8202 3.8202
27500 25.23 79.27 0.00 6.6206 3.9609 3.9609
27525 25.23 79.27 0.00 6.6206 3.9609 3.9609
27550 25.46 79.23 0.00 4.8038 3.3287 3.3287
27575 25.59 79.21 0.00 3.8951 2.5913 2.5913
27600 25.70 79.08 0.00 2.4360 0.7994 0.7994
27625 25.81 78.93 0.00 2.3524 1.5641 1.5641
27650 25.81 78.93 0.00 2.3524 1.5641 1.5641
27675 25.90 78.86 0.00 2.3497 0.5090 0.5090
27700 25.97 78.75 0.00 1.9079 0.9098 0.9098
27725 25.97 78.75 0.00 1.9079 0.9098 0.9098
27750 26.07 78.64 0.00 2.8731 0.5563 0.5563
27775 26.20 78.54 0.00 3.0271 -0.3091 -0.3091
27800 26.20 78.54 0.00 3.0271 -0.3091 -0.3091
27825 26.29 78.36 0.00 1.8518 -0.4094 -0.4094
27850 26.36 78.13 0.00 2.2050 0.1277 0.1277
27875 26.47 77.91 0.00 2.5417 -0.5189 -0.5189
27900 26.47 77.91 0.00 2.5417 -0.5189 -0.5189
27925 26.56 77.60 0.00 2.5107 -1.1871 -1.1871
27950 26.69 77.35 0.00 3.4146 1.0898 1.0898
27975 26.69 77.35 0.00 3.4146 1.0898 1.0898
28000 26.82 77.22 0.00 3.0400 0.8600 0.8600
28025 26.95 77.13 0.00 3.4476 0.3909 0.3909
28050 26.95 77.13 0.00 3.4476 0.3909 0.3909
28075 27.06 77.05 0.00 2.5272 0.3483 0.3483
28100 27.19 76.98 0.00 3.6077 1.5405 1.5405
28125 27.19 76.98 0.00 3.6077 1.5405 1.5405
28150 27.34 76.81 0.00 3.3210 1.5907 1.5907
28175 27.50 76.60 0.00 4.5998 2.8596 2.8596
28200 27.68 76.50 0.00 5.2168 2.0602 2.0602
28225 27.68 76.50 0.00 5.2168 2.0602 2.0602
28250 27.85 76.50 0.00 5.0403 2.3690 2.3690
28275 28.03 76.52 0.00 4.3758 2.6110 2.6110
28300 28.20 76.62 0.00 4.1104 1.1119 1.1119
28325 28.20 76.62 0.00 4.1104 1.1119 1.1119
28350 28.40 76.71 0.00 6.0423 1.8404 1.8404
28375 28.71 76.69 0.00 8.5771 2.6593 2.6593
28400 28.71 76.69 0.00 8.5771 2.6593 2.6593
28425 29.13 76.61 0.00 12.2780 3.2996 3.2996
28450 29.71 76.44 0.00 15.7261 3.9914 3.9914
28475 29.71 76.44 0.00 15.7261 3.9914 3.9914
28500 30.40 76.22 0.00 18.1866 3.7705 3.7705
28525 31.14 76.04 0.00 18.0135 7.0784 7.0784
28550 31.14 76.04 0.00 18.0135 7.0784 7.0784
28575 31.83 75.83 0.00 16.3749 6.6369 6.6369
28600 32.35 75.63 0.00 11.0612 4.8214 4.8214
28625 32.69 75.36 0.00 6.9949 5.2162 5.2162
28650 32.69 75.36 0.00 6.9949 5.2162 5.2162
28675 32.92 75.09 0.00 5.2902 4.9870 4.9870
28700 33.12 74.77 0.00 5.0493 5.0955 5.0955
28725 33.12 74.77 0.00 5.0493 5.0955 5.0955
28750 33.37 74.45 0.00 6.6961 5.1222 5.1222
28775 33.64 74.22 0.00 6.3406 3.8958 3.8958
28800 33.64 74.22 0.00 6.3406 3.8958 3.8958
28825 33.89 74.06 0.00 6.3094 4.5302 4.5302
28850 34.20 73.90 0.00 8.4714 4.3464 4.3464
28875 34.52 73.76 0.00 7.6515 3.0210 3.0210
28900 34.52 73.76 0.00 7.6515 3.0210 3.0210
28925 34.81 73.63 0.00 7.3859 2.9767 2.9767
28950 35.09 73.44 0.00 6.9458 2.8171 2.8171
28975 35.38 73.22 0.00 7.4800 3.3058 3.3058
29000 35.38 73.22 0.00 7.4800 3.3058 3.3058
29025 35.68 72.99 0.00 7.2561 2.3388 2.3388
29050 35.68 72.99 0.00 7.2561 2.3388 2.3388
29075 36.03 72.67 0.00 9.3664 5.6863 5.6863
29100 36.32 72.43 0.00 10.5063 5.3531 5.3531
29125 36.82 72.00 0.00 12.7210 4.6617 4.6617
29150 36.82 72.00 0.00 12.7210 4.6617 4.6617
29175 37.35 71.53 0.00 13.9185 5.0418 5.0418
29200 37.86 71.10 0.00 11.4873 4.0817 4.0817
29225 37.86 71.10 0.00 11.4873 4.0817 4.0817
29250 38.22 70.75 0.00 6.9993 4.4131 4.4131
29275 38.41 70.43 0.00 4.1785 5.4240 5.4240
29300 38.41 70.43 0.00 4.1785 5.4240 5.4240
29325 38.55 70.24 0.00 3.4917 3.9931 3.9931
29350 38.71 70.10 0.00 4.5764 3.7307 3.7307
29375 38.94 70.01 0.00 5.8304 3.1117 3.1117
29400 38.94 70.01 0.00 5.8304 3.1117 3.1117
29425 39.14 70.03 0.00 4.5155 1.8981 1.8981
29450 39.14 70.03 0.00 4.5155 1.8981 1.8981
29475 39.45 70.10 0.00 4.5851 1.3685 1.3685
29500 39.45 70.10 0.00 4.5851 1.3685 1.3685
29525 39.68 70.24 0.00 6.6721 1.1325 1.1325
29550 39.68 70.24 0.00 6.6721 1.1325 1.1325
29575 39.98 70.49 0.00 7.8554 0.2890 0.2890
29600 39.98 70.49 0.00 7.8554 0.2890 0.2890
29625 40.88 71.36 0.00 13.9992 2.2593 2.2593
29650 40.88 71.36 0.00 13.9992 2.2593 2.2593
29675 41.55 71.70 0.00 18.2367 1.8945 1.8945
29700 41.55 71.70 0.00 18.2367 1.8945 1.8945
29725 42.32 71.85 0.00 19.0186 2.0627 2.0627
29750 43.04 71.89 0.00 17.7267 3.3034 3.3034
29775 43.71 71.87 0.00 15.8392 3.6723 3.6723
29800 43.71 71.87 0.00 15.8392 3.6723 3.6723
29825 44.27 71.76 0.00 12.9509 4.7281 4.7281
29850 44.62 71.69 0.00 11.2509 5.5227 5.5227
29875 45.02 71.59 0.00 9.6369 5.4308 5.4308
29900 45.02 71.59 0.00 9.6369 5.4308 5.4308
29925 45.41 71.45 0.00 9.2489 6.0125 6.0125
29950 45.41 71.45 0.00 9.2489 6.0125 6.0125
29975 45.72 71.19 0.00 7.3150 5.8441 5.8441
30000 45.97 70.87 0.00 5.4067 5.0286 5.0286
30025 46.16 70.59 0.00 4.3741 3.7996 3.7996
30050 46.28 70.35 0.00 2.9119 3.8941 3.8941
30075 46.28 70.35 0.00 2.9119 3.8941 3.8941
30100 46.33 70.05 0.00 0.1146 1.1373 1.1373
30125 46.33 69.81 0.00 -0.3861 3.5315 3.5315
30150 46.33 69.81 0.00 -0.3861 3.5315 3.5315
30175 46.30 69.56 0.00 -0.8073 1.3199 1.3199
30200 46.28 69.37 0.00 -0.1826 -0.6731 -0.6731
30225 46.28 69.37 0.00 -0.1826 -0.6731 -0.6731
30250 46.28 69.14 0.00 -0.1386 1.2531 1.2531
30275 46.32 68.84 0.00 1.9177 2.6400 2.6400
30300 46.32 68.84 0.00 1.9177 2.6400 2.6400
30325 46.44 68.48 0.00 3.9341 3.4654 3.4654
30350 46.61 68.16 0.00 4.2340 3.3352 3.3352
30375 46.61 68.16 0.00 4.2340 3.3352 3.3352
30400 46.79 67.95 0.00 4.2969 3.4437 3.4437
30425 46.96 67.74 0.00 4.1270 3.0168 3.0168
30450 47.14 67.55 0.00 4.6918 3.6836 3.6836
30475 47.14 67.55 0.00 4.6918 3.6836 3.6836
30500 47.35 67.36 0.00 5.4234 4.4433 4.4433
30525 47.57 67.08 0.00 6.5279 4.2028 4.2028
30550 47.85 66.66 0.00 7.0593 4.1851 4.1851
30575 47.85 66.66 0.00 7.0593 4.1851 4.1851
30600 48.08 66.28 0.00 7.6313 4.0084 4.0084
30625 48.08 66.28 0.00 7.6313 4.0084 4.0084
30650 48.50 65.79 0.00 11.6672 8.2701 8.2701
30675 48.97 65.33 0.00 12.0287 5.8482 5.8482
30700 49.42 64.79 0.00 10.5322 4.7702 4.7702
30725 49.42 64.79 0.00 10.5322 4.7702 4.7702
30750 49.81 64.20 0.00 9.3829 7.3678 7.3678
30775 50.19 63.62 0.00 9.7882 8.2455 8.2455
30800 50.19 63.62 0.00 9.7882 8.2455 8.2455
30825 50.63 63.02 0.00 11.3821 9.3709 9.3709
30850 51.10 62.46 0.00 12.0924 9.2915 9.2915
30875 51.57 61.93 0.00 11.9244 9.7960 9.7960
30900 51.57 61.93 0.00 11.9244 9.7960 9.7960
30925 52.04 61.42 0.00 11.2767 10.6326 10.6326
30950 52.46 61.01 0.00 10.0599 10.4818 10.4818
30975 52.46 61.01 0.00 10.0599 10.4818 10.4818
31000 52.83 60.75 0.00 8.1282 8.8534 8.8534
31025 53.07 60.61 0.00 4.6057 5.6029 5.6029
31050 53.07 60.61 0.00 4.6057 5.6029 5.6029
31075 53.18 60.47 0.00 0.6007 2.3547 2.3547
31100 53.23 60.38 0.00 2.4354 5.1517 5.1517
31125 53.33 60.41 0.00 2.4591 1.4089 1.4089
31150 53.33 60.41 0.00 2.4591 1.4089 1.4089
31175 53.46 60.46 0.00 3.3764 0.2207 0.2207
31200 53.60 60.55 0.00 3.5750 2.0263 2.0263
31225 53.60 60.55 0.00 3.5750 2.0263 2.0263
31250 53.79 60.66 0.00 5.7908 3.6094 3.6094
31275 54.05 60.76 0.00 7.6109 3.5970 3.5970
31300 54.05 60.76 0.00 7.6109 3.5970 3.5970
31325 54.54 61.02 0.00 14.2508 5.7472 5.7472
31350 55.08 61.25 0.00 12.9080 4.3205 4.3205
31375 55.49 61.36 0.00 8.2141 4.8709 4.8709
31400 55.49 61.36 0.00 8.2141 4.8709 4.8709
31425 55.68 61.35 0.00 5.2537 4.2787 4.2787
31450 55.84 61.32 0.00 4.0281 4.5718 4.5718
31475 55.84 61.32 0.00 4.0281 4.5718 4.5718
31500 56.05 61.23 0.00 6.1799 4.9926 4.9926
31525 56.34 61.07 0.00 7.8800 4.5198 4.5198
31550 56.34 61.07 0.00 7.8800 4.5198 4.5198
31575 56.66 60.89 0.00 7.5573 4.4347 4.4347
31600 56.98 60.68 0.00 8.7302 8.0429 8.0429
31625 57.29 60.37 0.00 6.6084 3.7274 3.7274
31650 57.29 60.37 0.00 6.6084 3.7274 3.7274
31675 57.50 60.14 0.00 3.7178 2.2383 2.2383
31700 57.55 59.97 0.00 0.7479 2.8374 2.8374
31725 57.55 59.97 0.00 0.7479 2.8374 2.8374
31750 57.64 59.70 0.00 2.6675 3.2741 3.2741
31775 57.75 59.34 0.00 3.0449 4.1385 4.1385
31800 57.87 59.04 0.00 3.7113 3.9037 3.9037
31825 57.87 59.04 0.00 3.7113 3.9037 3.9037
31850 58.05 58.88 0.00 4.1767 2.7512 2.7512
31875 58.19 58.72 0.00 2.5631 3.2302 3.2302
31900 58.19 58.72 0.00 2.5631 3.2302 3.2302
31925 58.20 58.52 0.00 0.0234 2.2007 2.2007
31950 58.20 58.52 0.00 0.0234 2.2007 2.2007
31975 58.24 58.47 0.00 1.6240 1.0192 1.0192
32000 58.29 58.42 0.00 0.3228 -0.5641 -0.5641
32025 58.26 58.27 0.00 -1.8465 -0.3388 -0.3388
32050 58.15 58.10 0.00 -2.4690 0.9360 0.9360
32075 58.15 58.10 0.00 -2.4690 0.9360 0.9360
32100 58.08 58.03 0.00 -1.0461 -0.0741 -0.0741
32125 58.08 58.03 0.00 -1.0461 -0.0741 -0.0741
32150 58.06 57.90 0.00 -0.0488 -1.5571 -1.5571
32175 58.06 57.74 0.00 -0.4353 0.5647 0.5647
32200 58.05 57.64 0.00 -0.9572 1.4370 1.4370
32225 58.05 57.64 0.00 -0.9572 1.4370 1.4370
32250 57.98 57.39 0.00 -1.6528 1.7350 1.7350
32275 57.92 57.07 0.00 -1.2528 2.6834 2.6834
32300 57.92 57.07 0.00 -1.2528 2.6834 2.6834
32325 57.85 56.69 0.00 -1.5620 2.1952 2.1952
32350 57.80 56.30 0.00 -0.9120 2.1157 2.1157
32375 57.80 56.30 0.00 -0.9120 2.1157 2.1157
32400 57.80 55.96 0.00 -0.3658 1.4669 1.4669
32425 57.78 55.71 0.00 -0.0646 0.9371 0.9371
32450 57.76 55.46 0.00 -1.5801 0.5528 0.5528
32475 57.76 55.46 0.00 -1.5801 0.5528 0.5528
32500 57.68 55.25 0.00 -1.7238 0.7294 0.7294
32525 57.61 55.02 0.00 -1.9922 -0.4467 -0.4467
32550 57.50 54.77 0.00 -3.0336 0.3091 0.3091
32575 57.50 54.77 0.00 -3.0336 0.3091 0.3091
32600 57.45 54.71 0.00 -0.6006 0.8387 0.8387
32625 57.41 54.68 0.00 -1.0475 -2.2729 -2.2729
32650 57.41 54.68 0.00 -1.0475 -2.2729 -2.2729
32675 57.36 54.63 0.00 -1.6018 -0.9239 -0.9239
32700 57.26 54.54 0.00 -2.7834 0.2031 0.2031
32725 57.26 54.54 0.00 -2.7834 0.2031 0.2031
32750 57.17 54.43 0.00 -1.2405 0.4856 0.4856
32775 57.20 54.36 0.00 1.6403 1.7675 1.7675
32800 57.24 54.30 0.00 -0.1160 0.9070 0.9070
32825 57.24 54.30 0.00 -0.1160 0.9070 0.9070
32850 57.22 54.27 0.00 -0.2039 1.3312 1.3312
32875 57.22 54.27 0.00 -0.2039 1.3312 1.3312
32900 57.20 54.27 0.00 -0.7863 0.5984 0.5984
32925 57.20 54.32 0.00 0.8618 0.4395 0.4395
32950 57.22 54.30 0.00 -0.1449 -0.3882 -0.3882
32975 57.22 54.30 0.00 -0.1449 -0.3882 -0.3882
33000 57.17 54.25 0.00 -1.5587 0.4653 0.4653
33025 57.15 54.18 0.00 0.2763 0.1764 0.1764
33050 57.15 54.07 0.00 -0.3870 0.6250 0.6250
33075 57.15 54.07 0.00 -0.3870 0.6250 0.6250
33100 57.10 53.93 0.00 -1.2121 0.4619 0.4619
33125 57.10 53.87 0.00 -0.0447 1.2204 1.2204
33150 57.10 53.87 0.00 -0.0447 1.2204 1.2204
33175 57.05 53.88 0.00 -2.2739 -1.5418 -1.5418
33200 56.90 53.86 0.00 -4.0825 -1.5269 -1.5269
33225 56.90 53.86 0.00 -4.0825 -1.5269 -1.5269
33250 56.73 53.81 0.00 -4.2800 -0.9096 -0.9096
33275 56.52 53.70 0.00 -6.2184 -1.2270 -1.2270
33300 56.52 53.70 0.00 -6.2184 -1.2270 -1.2270
33325 56.24 53.54 0.00 -7.0017 -0.4696 -0.4696
33350 55.98 53.38 0.00 -6.2916 -1.1910 -1.1910
33375 55.71 53.22 0.00 -6.9535 -1.4361 -1.4361
33400 55.71 53.22 0.00 -6.9535 -1.4361 -1.4361
33425 55.36 53.08 0.00 -10.6726 -2.7805 -2.7805
33450 54.87 53.02 0.00 -12.5226 -4.2542 -4.2542
33475 54.38 52.98 0.00 -12.3214 -5.3435 -5.3435
33500 54.38 52.98 0.00 -12.3214 -5.3435 -5.3435
33525 54.38 52.98 0.00 -12.3214 -5.3435 -5.3435
33550 53.86 52.93 0.00 -13.3250 -5.9850 -5.9850
33575 53.30 52.88 0.00 -15.1976 -5.9417 -5.9417
33600 52.62 52.78 0.00 -17.6679 -5.3765 -5.3765
33625 52.62 52.78 0.00 -17.6679 -5.3765 -5.3765
33650 51.94 52.67 0.00 -16.0618 -6.3076 -6.3076
33675 51.45 52.66 0.00 -10.0522 -2.6770 -2.6770
33700 51.12 52.69 0.00 -7.4610 -3.7378 -3.7378
33725 51.12 52.69 0.00 -7.4610 -3.7378 -3.7378
33750 50.93 52.69 0.00 -5.5463 -4.5048 -4.5048
33775 50.72 52.68 0.00 -5.2797 -3.2160 -3.2160
33800 50.72 52.68 0.00 -5.2797 -3.2160 -3.2160
33825 50.51 52.57 0.00 -5.0783 -1.6146 -1.6146
33850 50.31 52.37 0.00 -4.0239 -1.0857 -1.0857
33875 50.21 52.14 0.00 -2.7623 -0.0999 -0.0999
33900 50.21 52.14 0.00 -2.7623 -0.0999 -0.0999
33925 50.09 51.94 0.00 -3.3093 -0.1402 -0.1402
33950 49.97 51.79 0.00 -2.1818 0.6125 0.6125
33975 49.97 51.79 0.00 -2.1818 0.6125 0.6125
34000 49.93 51.61 0.00 -0.4821 0.5525 0.5525
34025 49.88 51.49 0.00 -1.9433 0.0077 0.0077
34050 49.88 51.49 0.00 -1.9433 0.0077 0.0077
34075 49.79 51.36 0.00 -2.2990 -0.1532 -0.1532
