%#        Time[ms]        X[pixel],        Y[pixel],        Z[pixel],  dX/dt[pixel/s],  dY/dt[pixel/s],  dZ/dt[pixel/s] 
0 50.00 50.00 0.00 2.2920 0.2924 0.2924
25 50.00 50.00 0.00 2.2920 0.2924 0.2924
50 50.10 49.96 0.00 2.9356 0.7563 0.7563
75 50.24 49.87 0.00 3.3893 0.9208 0.9208
100 50.24 49.87 0.00 3.3893 0.9208 0.9208
125 50.40 49.84 0.00 4.9200 1.2145 1.2145
150 50.65 49.66 0.00 6.1344 2.8975 2.8975
175 50.65 49.66 0.00 6.1344 2.8975 2.8975
200 50.87 49.40 0.00 5.4717 2.6959 2.6959
225 51.08 49.17 0.00 4.9870 0.9228 0.9228
250 51.08 49.17 0.00 4.9870 0.9228 0.9228
275 51.29 48.90 0.00 5.5313 -0.1168 -0.1168
300 51.48 48.70 0.00 3.9085 -0.4538 -0.4538
325 51.48 48.70 0.00 3.9085 -0.4538 -0.4538
350 51.59 48.50 0.00 1.9118 1.2122 1.2122
375 51.62 48.17 0.00 1.2172 3.3564 3.3564
400 51.71 47.96 0.00 2.5950 3.9817 3.9817
425 51.71 47.96 0.00 2.5950 3.9817 3.9817
450 51.82 47.97 0.00 2.2690 -0.2256 -0.2256
475 51.85 48.17 0.00 0.0049 -1.6345 -1.6345
500 51.85 48.17 0.00 0.0049 -1.6345 -1.6345
525 51.82 48.61 0.00 -1.8981 -2.1795 -2.1795
550 51.75 49.15 0.00 -2.3787 -4.4647 -4.4647
575 51.66 50.09 0.00 -1.2524 -5.1422 -5.1422
600 51.66 50.09 0.00 -1.2524 -5.1422 -5.1422
625 51.66 51.27 0.00 0.7325 -5.0194 -5.0194
650 51.76 52.63 0.00 3.7529 -2.6427 -2.6427
675 51.76 52.63 0.00 3.7529 -2.6427 -2.6427
700 52.01 53.98 0.00 7.5615 -1.9590 -1.9590
725 52.37 55.40 0.00 10.3948 -2.5287 -2.5287
750 52.81 56.85 0.00 11.3003 -3.6045 -3.6045
775 52.81 56.85 0.00 11.3003 -3.6045 -3.6045
800 53.21 58.16 0.00 9.3468 -4.4107 -4.4107
825 53.53 59.26 0.00 6.4374 -5.1379 -5.1379
850 53.53 59.26 0.00 6.4374 -5.1379 -5.1379
875 53.72 60.23 0.00 4.0181 -4.6112 -4.6112
900 53.91 61.11 0.00 5.3870 -1.6975 -1.6975
925 53.91 61.11 0.00 5.3870 -1.6975 -1.6975
950 54.16 61.89 0.00 7.2612 -2.4691 -2.4691
975 54.45 62.67 0.00 7.1342 -3.6954 -3.6954
1000 54.45 62.67 0.00 7.1342 -3.6954 -3.6954
1025 54.72 63.26 0.00 5.5298 -2.0654 -2.0654
1050 54.86 63.57 0.00 2.3063 0.2596 0.2596
1075 54.86 63.57 0.00 2.3063 0.2596 0.2596
1100 54.93 63.80 0.00 1.3494 1.5091 1.5091
1125 54.96 64.10 0.00 1.4105 0.8005 0.8005
1150 55.08 64.43 0.00 3.7293 0.1954 0.1954
1175 55.08 64.43 0.00 3.7293 0.1954 0.1954
1200 55.26 64.92 0.00 4.5210 -0.5042 -0.5042
1225 55.47 65.57 0.00 6.0476 -1.4163 -1.4163
1250 55.47 65.57 0.00 6.0476 -1.4163 -1.4163
1275 55.75 66.30 0.00 7.0727 -2.0237 -2.0237
1300 56.03 67.07 0.00 7.0328 -2.3224 -2.3224
1325 56.03 67.07 0.00 7.0328 -2.3224 -2.3224
1350 56.29 67.70 0.00 5.6946 -1.9739 -1.9739
1375 56.41 68.09 0.00 3.8142 -2.2900 -2.2900
1400 56.41 68.09 0.00 3.8142 -2.2900 -2.2900
1425 56.57 68.63 0.00 4.3916 0.3456 0.3456
1450 56.78 69.22 0.00 5.3281 -1.4817 -1.4817
1475 57.01 69.78 0.00 6.0769 -2.1960 -2.1960
1500 57.01 69.78 0.00 6.0769 -2.1960 -2.1960
1525 57.24 70.24 0.00 5.3387 -1.4731 -1.4731
1550 57.43 70.68 0.00 4.8209 -0.2531 -0.2531
1575 57.43 70.68 0.00 4.8209 -0.2531 -0.2531
1600 57.66 71.06 0.00 6.2170 2.4451 2.4451
1625 57.94 71.33 0.00 7.5233 3.1013 3.1013
1650 58.26 71.57 0.00 8.5118 2.7196 2.7196
1675 58.26 71.57 0.00 8.5118 2.7196 2.7196
1700 58.63 71.86 0.00 9.0010 3.0617 3.0617
1725 58.63 71.86 0.00 9.0010 3.0617 3.0617
1750 59.00 72.17 0.00 9.5686 2.9778 2.9778
1775 59.40 72.51 0.00 10.4983 3.1832 3.1832
1800 59.84 72.84 0.00 11.1835 3.3214 3.3214
1825 59.84 72.84 0.00 11.1835 3.3214 3.3214
1850 60.28 73.13 0.00 11.3767 3.0955 3.0955
1875 60.72 73.32 0.00 10.4089 1.5591 1.5591
1900 61.11 73.50 0.00 9.8053 3.4964 3.4964
1925 61.11 73.50 0.00 9.8053 3.4964 3.4964
1950 61.50 73.68 0.00 8.9977 3.7179 3.7179
1975 61.84 73.84 0.00 8.1314 1.9297 1.9297
2000 61.84 73.84 0.00 8.1314 1.9297 1.9297
2025 62.14 73.95 0.00 7.1173 1.8930 1.8930
2050 62.37 73.99 0.00 5.0653 1.7496 1.7496
2075 62.51 73.97 0.00 2.3704 2.4371 2.4371
2100 62.51 73.97 0.00 2.3704 2.4371 2.4371
2125 62.51 73.97 0.00 2.3704 2.4371 2.4371
2150 62.67 73.90 0.00 2.7971 2.3555 2.3555
2175 62.67 73.90 0.00 2.7971 2.3555 2.3555
2200 62.79 73.87 0.00 3.0509 2.2049 2.2049
2225 62.79 73.87 0.00 3.0509 2.2049 2.2049
2250 62.90 73.85 0.00 2.8058 2.1178 2.1178
2275 63.01 73.80 0.00 2.0363 1.5659 1.5659
2300 63.06 73.75 0.00 0.9680 1.3490 1.3490
2325 63.08 73.64 0.00 -0.0627 0.9904 0.9904
2350 63.08 73.64 0.00 -0.0627 0.9904 0.9904
2375 63.04 73.50 0.00 -0.8490 0.6105 0.6105
2400 62.99 73.36 0.00 -2.0857 -1.5077 -1.5077
2425 62.99 73.36 0.00 -2.0857 -1.5077 -1.5077
2450 62.90 73.23 0.00 -1.9841 0.6613 0.6613
2475 62.83 73.07 0.00 -1.5124 -0.0716 -0.0716
2500 62.83 73.07 0.00 -1.5124 -0.0716 -0.0716
2525 62.76 72.81 0.00 -2.5318 -1.9718 -1.9718
2550 62.58 72.49 0.00 -6.0326 -1.7541 -1.7541
2575 62.58 72.49 0.00 -6.0326 -1.7541 -1.7541
2600 62.24 72.15 0.00 -9.0945 -1.6298 -1.6298
2625 61.85 71.87 0.00 -10.1078 -1.4525 -1.4525
2650 61.50 71.66 0.00 -7.9361 -0.9974 -0.9974
2675 61.50 71.66 0.00 -7.9361 -0.9974 -0.9974
2700 61.25 71.44 0.00 -4.7282 -1.3792 -1.3792
2725 61.13 71.32 0.00 -2.5974 -1.7292 -1.7292
2750 61.13 71.32 0.00 -2.5974 -1.7292 -1.7292
2775 61.02 71.27 0.00 -2.5166 -1.2912 -1.2912
2800 60.93 71.20 0.00 -2.1136 -0.8602 -0.8602
2825 60.93 71.20 0.00 -2.1136 -0.8602 -0.8602
2850 60.88 71.11 0.00 -1.2950 -0.8338 -0.8338
2875 60.83 71.02 0.00 -1.3777 -0.7489 -0.7489
2900 60.78 70.99 0.00 -1.3378 -0.2674 -0.2674
2925 60.78 70.99 0.00 -1.3378 -0.2674 -0.2674
2950 60.76 70.97 0.00 -0.1907 -0.3961 -0.3961
2975 60.74 70.93 0.00 -0.5182 -1.8193 -1.8193
3000 60.74 70.93 0.00 -0.5182 -1.8193 -1.8193
3025 60.74 70.91 0.00 0.2828 1.9905 1.9905
3050 60.79 70.93 0.00 1.9627 0.8911 0.8911
3075 60.90 70.97 0.00 2.8554 -0.3302 -0.3302
3100 60.90 70.97 0.00 2.8554 -0.3302 -0.3302
3125 60.97 70.95 0.00 0.3695 1.4213 1.4213
3150 60.97 70.95 0.00 0.3695 1.4213 1.4213
3175 60.92 70.95 0.00 -1.9279 1.0885 1.0885
3200 60.85 70.92 0.00 -1.8119 0.9490 0.9490
3225 60.76 70.86 0.00 -2.4151 0.0087 0.0087
3250 60.76 70.86 0.00 -2.4151 0.0087 0.0087
3275 60.58 70.91 0.00 -6.5205 -3.3069 -3.3069
3300 60.18 71.05 0.00 -12.7258 -5.0514 -5.0514
3325 60.18 71.05 0.00 -12.7258 -5.0514 -5.0514
3350 59.51 71.28 0.00 -19.0688 -8.4981 -8.4981
3375 58.61 71.71 0.00 -25.7169 -10.7358 -10.7358
3400 57.48 72.15 0.00 -29.2599 -7.6830 -7.6830
3425 56.31 72.39 0.00 -28.9884 -6.9564 -6.9564
3450 56.31 72.39 0.00 -28.9884 -6.9564 -6.9564
3475 55.17 72.56 0.00 -27.9851 -8.5515 -8.5515
3500 55.17 72.56 0.00 -27.9851 -8.5515 -8.5515
3525 54.10 72.72 0.00 -26.1422 -9.4627 -9.4627
3550 53.02 72.84 0.00 -27.4836 -12.9909 -12.9909
3575 51.92 73.01 0.00 -27.7611 -11.4930 -11.4930
3600 51.92 73.01 0.00 -27.7611 -11.4930 -11.4930
3625 50.79 73.19 0.00 -28.9020 -12.2763 -12.2763
3650 49.63 73.27 0.00 -28.1854 -12.4776 -12.4776
3675 49.63 73.27 0.00 -28.1854 -12.4776 -12.4776
3700 48.57 73.38 0.00 -26.0947 -11.6826 -11.6826
3725 47.82 73.40 0.00 -23.9692 -10.4507 -10.4507
3750 47.82 73.40 0.00 -23.9692 -10.4507 -10.4507
3775 46.93 73.26 0.00 -21.5818 -8.9351 -8.9351
3800 46.14 73.12 0.00 -18.2153 -7.6411 -7.6411
3825 46.14 73.12 0.00 -18.2153 -7.6411 -7.6411
3850 45.46 73.10 0.00 -16.7822 -8.2290 -8.2290
3875 44.85 73.16 0.00 -13.9806 -6.1975 -6.1975
3900 44.85 73.16 0.00 -13.9806 -6.1975 -6.1975
3925 44.37 73.25 0.00 -10.5557 -5.6130 -5.6130
3950 44.01 73.35 0.00 -7.8205 -5.8437 -5.8437
3975 43.73 73.43 0.00 -6.7596 -5.6376 -5.6376
4000 43.46 73.48 0.00 -6.3156 -5.1385 -5.1385
4025 43.46 73.48 0.00 -6.3156 -5.1385 -5.1385
4050 43.22 73.55 0.00 -6.7816 -5.7955 -5.7955
4075 43.22 73.55 0.00 -6.7816 -5.7955 -5.7955
4100 42.92 73.62 0.00 -7.9751 -7.0783 -7.0783
4125 42.57 73.80 0.00 -8.3810 -5.5917 -5.5917
4150 42.25 74.12 0.00 -7.7789 -6.4472 -6.4472
4175 41.95 74.59 0.00 -7.7251 -8.8232 -8.8232
4200 41.95 74.59 0.00 -7.7251 -8.8232 -8.8232
4225 41.60 75.12 0.00 -9.7930 -8.4956 -8.4956
4250 41.60 75.12 0.00 -9.7930 -8.4956 -8.4956
4275 41.13 75.71 0.00 -12.5323 -8.9148 -8.9148
4300 40.60 76.28 0.00 -13.3829 -8.7240 -8.7240
4325 40.11 76.79 0.00 -11.8268 -7.1090 -7.1090
4350 40.11 76.79 0.00 -11.8268 -7.1090 -7.1090
4375 39.68 77.26 0.00 -9.5055 -7.0482 -7.0482
4400 39.68 77.26 0.00 -9.5055 -7.0482 -7.0482
4425 39.37 77.74 0.00 -7.0795 -6.8140 -6.8140
4450 39.12 78.28 0.00 -6.3503 -6.9518 -6.9518
4475 39.12 78.28 0.00 -6.3503 -6.9518 -6.9518
4500 38.89 78.62 0.00 -7.8313 -6.3327 -6.3327
4525 38.55 78.98 0.00 -9.0274 -5.3986 -5.3986
4550 38.13 79.27 0.00 -11.8817 -5.8310 -5.8310
4575 37.60 79.51 0.00 -13.7921 -4.7574 -4.7574
4600 37.60 79.51 0.00 -13.7921 -4.7574 -4.7574
4625 37.03 79.80 0.00 -14.3574 -5.8419 -5.8419
4650 37.03 79.80 0.00 -14.3574 -5.8419 -5.8419
4675 35.75 80.54 0.00 -17.8492 -8.5198 -8.5198
4700 35.75 80.54 0.00 -17.8492 -8.5198 -8.5198
4725 34.95 80.96 0.00 -21.2469 -8.8810 -8.8810
4750 34.95 80.96 0.00 -21.2469 -8.8810 -8.8810
4775 34.02 81.41 0.00 -24.0818 -9.7787 -9.7787
4800 34.02 81.41 0.00 -24.0818 -9.7787 -9.7787
4825 32.98 81.76 0.00 -27.3714 -10.3047 -10.3047
4850 31.84 82.08 0.00 -28.3115 -9.9053 -9.9053
4875 30.74 82.44 0.00 -27.5702 -10.8643 -10.8643
4900 29.71 82.76 0.00 -24.1551 -10.1901 -10.1901
4925 29.71 82.76 0.00 -24.1551 -10.1901 -10.1901
4950 28.87 83.09 0.00 -18.9704 -9.1349 -9.1349
4975 28.23 83.40 0.00 -13.2066 -10.5820 -10.5820
5000 28.23 83.40 0.00 -13.2066 -10.5820 -10.5820
5025 27.81 83.75 0.00 -10.6522 -11.3669 -11.3669
5050 27.35 84.04 0.00 -12.0973 -8.8117 -8.8117
5075 27.35 84.04 0.00 -12.0973 -8.8117 -8.8117
5100 26.82 84.37 0.00 -13.3313 -8.0046 -8.0046
5125 26.32 84.72 0.00 -11.3819 -9.3993 -9.3993
5150 26.32 84.72 0.00 -11.3819 -9.3993 -9.3993
5175 25.88 85.14 0.00 -11.1857 -11.0085 -11.0085
5200 25.44 85.68 0.00 -11.7722 -10.3505 -10.3505
5225 25.44 85.68 0.00 -11.7722 -10.3505 -10.3505
5250 24.83 86.34 0.00 -17.7075 -13.4362 -13.4362
5275 24.23 86.94 0.00 -20.3398 -11.5586 -11.5586
5300 23.28 87.89 0.00 -26.2207 -14.2996 -14.2996
5325 23.28 87.89 0.00 -26.2207 -14.2996 -14.2996
5350 22.10 88.83 0.00 -32.3951 -14.7861 -14.7861
5375 20.63 89.73 0.00 -38.2255 -11.9393 -11.9393
5400 20.63 89.73 0.00 -38.2255 -11.9393 -11.9393
5425 19.20 90.53 0.00 -32.5279 -9.5917 -9.5917
5450 18.28 90.95 0.00 -16.3281 -10.4660 -10.4660
5475 17.99 91.03 0.00 -0.9390 -10.4229 -10.4229
5500 17.99 91.03 0.00 -0.9390 -10.4229 -10.4229
5525 18.12 90.96 0.00 4.3942 -8.6496 -8.6496
5550 18.30 90.82 0.00 4.7283 -3.7940 -3.7940
5575 18.30 90.82 0.00 4.7283 -3.7940 -3.7940
5600 18.53 90.67 0.00 6.4078 -0.0291 -0.0291
5625 18.82 90.42 0.00 7.3019 -0.1539 -0.1539
5650 19.14 90.05 0.00 8.6572 0.3948 0.3948
5675 19.14 90.05 0.00 8.6572 0.3948 0.3948
5700 19.48 89.65 0.00 8.7134 0.1198 0.1198
5725 19.48 89.65 0.00 8.7134 0.1198 0.1198
5750 19.85 89.27 0.00 8.7120 0.6938 0.6938
5775 20.17 88.87 0.00 7.6677 1.6493 1.6493
5800 20.47 88.47 0.00 8.1746 3.1605 3.1605
5825 20.47 88.47 0.00 8.1746 3.1605 3.1605
5850 20.81 88.09 0.00 8.7122 5.8710 5.8710
5875 21.19 87.64 0.00 9.7228 5.8491 5.8491
5900 21.19 87.64 0.00 9.7228 5.8491 5.8491
5925 21.59 87.18 0.00 9.8058 5.0497 5.0497
5950 21.95 86.72 0.00 8.8665 3.8922 3.8922
5975 22.29 86.33 0.00 7.8287 2.9191 2.9191
6000 22.29 86.33 0.00 7.8287 2.9191 2.9191
6025 22.55 85.96 0.00 6.5282 3.1988 3.1988
6050 22.76 85.67 0.00 6.8418 4.1147 4.1147
6075 22.76 85.67 0.00 6.8418 4.1147 4.1147
6100 22.76 85.67 0.00 6.8418 4.1147 4.1147
6125 23.34 84.90 0.00 7.7753 3.8469 3.8469
6150 23.34 84.90 0.00 7.7753 3.8469 3.8469
6175 23.67 84.49 0.00 9.1496 4.4550 4.4550
6200 23.67 84.49 0.00 9.1496 4.4550 4.4550
6225 24.05 84.09 0.00 9.1025 3.2518 3.2518
6250 24.38 83.65 0.00 8.0247 2.8354 2.8354
6275 24.68 83.24 0.00 6.5603 3.1554 3.1554
6300 24.68 83.24 0.00 6.5603 3.1554 3.1554
6325 24.90 82.82 0.00 5.7401 3.4956 3.4956
6350 25.12 82.41 0.00 4.6374 3.0674 3.0674
6375 25.29 81.93 0.00 4.1603 4.4771 4.4771
6400 25.29 81.93 0.00 4.1603 4.4771 4.4771
6425 25.49 81.44 0.00 5.8369 5.6959 5.6959
6450 25.77 80.92 0.00 8.0019 4.6975 4.6975
6475 25.77 80.92 0.00 8.0019 4.6975 4.6975
6500 26.10 80.33 0.00 8.2328 4.7631 4.7631
6525 26.42 79.67 0.00 7.5478 5.9492 5.9492
6550 26.71 78.71 0.00 7.5442 6.8177 6.8177
6575 26.71 78.71 0.00 7.5442 6.8177 6.8177
6600 27.04 77.57 0.00 8.9435 8.8650 8.8650
6625 27.04 77.57 0.00 8.9435 8.8650 8.8650
6650 27.48 76.26 0.00 12.0090 10.6806 10.6806
6675 28.01 74.79 0.00 14.0096 10.7156 10.7156
6700 28.60 73.26 0.00 14.7967 11.4172 11.4172
6725 28.60 73.26 0.00 14.7967 11.4172 11.4172
6750 29.20 71.72 0.00 15.3502 12.0682 12.0682
6775 29.78 70.37 0.00 14.4482 11.0731 11.0731
6800 29.78 70.37 0.00 14.4482 11.0731 11.0731
6825 30.34 69.14 0.00 13.8361 11.7129 11.7129
6850 30.74 68.29 0.00 12.7154 11.4481 11.4481
6875 31.21 67.26 0.00 11.2301 11.1036 11.1036
6900 31.21 67.26 0.00 11.2301 11.1036 11.1036
6925 31.61 66.35 0.00 9.2284 8.3587 8.3587
6950 31.95 65.66 0.00 8.6602 9.1354 9.1354
6975 31.95 65.66 0.00 8.6602 9.1354 9.1354
7000 32.31 65.13 0.00 9.1775 7.9738 7.9738
7025 32.69 64.64 0.00 9.2930 5.7211 5.7211
7050 32.69 64.64 0.00 9.2930 5.7211 5.7211
7075 33.03 64.16 0.00 8.0837 5.1702 5.1702
7100 33.34 63.72 0.00 7.1199 5.4966 5.4966
7125 33.59 63.24 0.00 6.3477 4.9603 4.9603
7150 33.59 63.24 0.00 6.3477 4.9603 4.9603
7175 33.86 62.75 0.00 6.6722 6.0954 6.0954
7200 34.13 62.33 0.00 6.7600 5.5952 5.5952
7225 34.13 62.33 0.00 6.7600 5.5952 5.5952
7250 34.39 61.88 0.00 7.2143 6.2455 6.2455
7275 34.39 61.88 0.00 7.2143 6.2455 6.2455
7300 35.04 60.88 0.00 9.0191 7.5680 7.5680
7325 35.04 60.88 0.00 9.0191 7.5680 7.5680
7350 35.41 60.17 0.00 9.7876 9.2281 9.2281
7375 35.41 60.17 0.00 9.7876 9.2281 9.2281
7400 35.84 59.19 0.00 11.3526 12.1934 12.1934
7425 36.36 57.59 0.00 13.7977 16.0495 16.0495
7450 36.89 55.55 0.00 12.6539 14.7254 14.7254
7475 36.89 55.55 0.00 12.6539 14.7254 14.7254
7500 37.38 53.43 0.00 12.5954 17.3599 17.3599
7525 37.85 51.53 0.00 10.4673 15.7362 15.7362
7550 37.85 51.53 0.00 10.4673 15.7362 15.7362
7575 38.18 49.84 0.00 7.5214 13.3825 13.3825
7600 38.36 48.63 0.00 5.3266 12.9346 12.9346
7625 38.36 48.63 0.00 5.3266 12.9346 12.9346
7650 38.52 47.19 0.00 3.4150 11.7983 11.7983
7675 38.68 45.88 0.00 4.3965 11.5177 11.5177
7700 38.91 44.63 0.00 6.6087 10.5656 10.5656
7725 38.91 44.63 0.00 6.6087 10.5656 10.5656
7750 39.21 43.67 0.00 7.9266 8.5457 8.5457
7775 39.52 42.94 0.00 7.9659 6.8327 6.8327
7800 39.81 42.44 0.00 6.0131 4.8498 4.8498
7825 39.81 42.44 0.00 6.0131 4.8498 4.8498
7850 39.98 42.24 0.00 3.5948 2.4147 2.4147
7875 40.11 42.25 0.00 2.7372 0.8250 0.8250
7900 40.11 42.25 0.00 2.7372 0.8250 0.8250
7925 40.19 42.32 0.00 2.1778 -0.0853 -0.0853
7950 40.27 42.40 0.00 1.4754 -0.8147 -0.8147
7975 40.27 42.40 0.00 1.4754 -0.8147 -0.8147
8000 40.30 42.60 0.00 -0.0618 -3.5317 -3.5317
8025 40.32 43.07 0.00 0.9524 -1.3776 -1.3776
8050 40.30 43.64 0.00 -1.6118 -3.5918 -3.5918
8075 40.30 43.64 0.00 -1.6118 -3.5918 -3.5918
8100 40.12 44.29 0.00 -6.5537 -7.2939 -7.2939
8125 39.68 44.83 0.00 -13.2517 -8.4988 -8.4988
8150 39.68 44.83 0.00 -13.2517 -8.4988 -8.4988
8175 39.05 45.15 0.00 -17.8988 -8.5759 -8.5759
8200 38.41 45.26 0.00 -21.6688 -8.3637 -8.3637
8225 37.42 45.38 0.00 -18.4833 -1.8407 -1.8407
8250 37.42 45.38 0.00 -18.4833 -1.8407 -1.8407
8275 36.75 45.55 0.00 -15.4088 -2.0782 -2.0782
8300 36.34 45.54 0.00 -12.7074 -2.6098 -2.6098
8325 36.34 45.54 0.00 -12.7074 -2.6098 -2.6098
8350 35.93 45.41 0.00 -9.5981 -2.6980 -2.6980
8375 35.57 45.20 0.00 -8.2195 -3.3117 -3.3117
8400 35.57 45.20 0.00 -8.2195 -3.3117 -3.3117
8425 35.29 44.93 0.00 -6.3568 -2.1472 -2.1472
8450 35.09 44.61 0.00 -4.0177 -0.9125 -0.9125
8475 35.09 44.61 0.00 -4.0177 -0.9125 -0.9125
8500 34.98 44.29 0.00 -2.2805 -0.4803 -0.4803
8525 34.88 43.99 0.00 -3.3941 -3.0915 -3.0915
8550 34.75 43.69 0.00 -1.9524 1.0056 1.0056
8575 34.75 43.69 0.00 -1.9524 1.0056 1.0056
8600 34.70 43.35 0.00 -1.3818 0.7925 0.7925
8625 34.61 43.03 0.00 -2.4054 -0.8564 -0.8564
8650 34.61 43.03 0.00 -2.4054 -0.8564 -0.8564
8675 34.50 42.61 0.00 -3.3073 0.2850 0.2850
8700 34.36 42.10 0.00 -3.4815 1.2514 1.2514
8725 34.36 42.10 0.00 -3.4815 1.2514 1.2514
8750 34.22 41.57 0.00 -3.4635 1.3346 1.3346
8775 34.13 41.09 0.00 -1.6236 2.4797 2.4797
8800 34.11 40.68 0.00 0.8967 2.6157 2.6157
8825 34.11 40.68 0.00 0.8967 2.6157 2.6157
8850 34.20 40.26 0.00 2.9342 3.7212 3.7212
8875 34.34 39.89 0.00 3.6129 4.4842 4.4842
8900 34.34 39.89 0.00 3.6129 4.4842 4.4842
8925 34.48 39.44 0.00 3.6694 4.2810 4.2810
8950 34.63 38.91 0.00 3.5215 3.7075 3.7075
8975 34.79 38.33 0.00 4.1706 3.8823 3.8823
9000 34.79 38.33 0.00 4.1706 3.8823 3.8823
9025 34.93 37.87 0.00 4.7744 4.0546 4.0546
9050 35.09 37.29 0.00 3.7684 1.5393 1.5393
9075 35.09 37.29 0.00 3.7684 1.5393 1.5393
9100 35.27 36.73 0.00 5.4671 5.7443 5.7443
9125 35.52 36.13 0.00 6.1628 4.7437 4.7437
9150 35.52 36.13 0.00 6.1628 4.7437 4.7437
9175 35.73 35.56 0.00 4.6894 1.3323 1.3323
9200 35.84 34.92 0.00 1.4152 1.1037 1.1037
9225 35.84 34.92 0.00 1.4152 1.1037 1.1037
9250 35.82 34.16 0.00 -1.6537 1.3111 1.3111
9275 35.70 33.29 0.00 -3.6495 0.8219 0.8219
9300 35.55 32.57 0.00 -4.1009 1.3755 1.3755
9325 35.55 32.57 0.00 -4.1009 1.3755 1.3755
9350 35.38 32.05 0.00 -4.5722 -0.0894 -0.0894
9375 35.18 31.60 0.00 -4.6814 -0.5786 -0.5786
9400 35.18 31.60 0.00 -4.6814 -0.5786 -0.5786
9425 35.02 31.20 0.00 -3.8759 -0.1963 -0.1963
9450 34.82 30.71 0.00 -5.7794 -1.8711 -1.8711
9475 34.82 30.71 0.00 -5.7794 -1.8711 -1.8711
9500 34.54 30.17 0.00 -8.0407 -3.5064 -3.5064
9525 34.16 29.69 0.00 -10.5114 -5.2470 -5.2470
9550 33.71 29.34 0.00 -10.9966 -5.6175 -5.6175
9575 33.71 29.34 0.00 -10.9966 -5.6175 -5.6175
9600 33.21 29.14 0.00 -13.6057 -10.2157 -10.2157
9625 32.74 29.24 0.00 -10.6797 -6.3713 -6.3713
9650 32.74 29.24 0.00 -10.6797 -6.3713 -6.3713
9675 32.33 29.45 0.00 -10.2213 -8.7814 -8.7814
9700 31.88 29.56 0.00 -12.4104 -10.7485 -10.7485
9725 31.34 29.51 0.00 -14.0013 -9.1323 -9.1323
9750 31.34 29.51 0.00 -14.0013 -9.1323 -9.1323
9775 30.80 29.37 0.00 -12.9481 -7.9859 -7.9859
9800 30.33 29.13 0.00 -10.5600 -6.0825 -6.0825
9825 30.33 29.13 0.00 -10.5600 -6.0825 -6.0825
9850 29.98 29.00 0.00 -6.8906 -4.3667 -4.3667
9875 29.85 28.99 0.00 -3.2487 -3.2843 -3.2843
9900 29.85 28.99 0.00 -3.2487 -3.2843 -3.2843
9925 29.82 29.05 0.00 -0.4828 -1.9043 -1.9043
9950 29.78 29.13 0.00 -0.8269 -1.9313 -1.9313
9975 29.73 29.19 0.00 -1.7934 -1.8317 -1.8317
10000 29.73 29.19 0.00 -1.7934 -1.8317 -1.8317
10025 29.65 29.10 0.00 -1.9544 -0.8152 -0.8152
10050 29.56 28.97 0.00 -1.9299 -1.0039 -1.0039
10075 29.56 28.97 0.00 -1.9299 -1.0039 -1.0039
10100 29.49 28.82 0.00 -2.0030 -1.0721 -1.0721
10125 29.35 28.71 0.00 -4.6625 -4.3151 -4.3151
10150 29.22 28.62 0.00 -2.2027 0.7032 0.7032
10175 29.22 28.62 0.00 -2.2027 0.7032 0.7032
10200 29.15 28.51 0.00 -1.6027 -1.5438 -1.5438
10225 29.15 28.51 0.00 -1.6027 -1.5438 -1.5438
10250 29.07 28.18 0.00 -2.0019 -1.7355 -1.7355
10275 28.94 27.68 0.00 -4.1308 -0.3794 -0.3794
10300 28.76 27.11 0.00 -4.5503 0.1004 0.1004
10325 28.76 27.11 0.00 -4.5503 0.1004 0.1004
10350 28.60 26.45 0.00 -3.6111 -0.2422 -0.2422
10375 28.43 25.88 0.00 -4.9257 -3.9820 -3.9820
10400 28.43 25.88 0.00 -4.9257 -3.9820 -3.9820
10425 28.16 25.41 0.00 -8.1215 -5.8444 -5.8444
10450 27.81 24.94 0.00 -8.2593 -2.6660 -2.6660
10475 27.81 24.94 0.00 -8.2593 -2.6660 -2.6660
10500 27.57 24.48 0.00 -4.2545 0.7656 0.7656
10525 27.43 24.05 0.00 -4.0983 -1.6437 -1.6437
10550 27.23 23.62 0.00 -5.3300 -3.9030 -3.9030
10575 27.23 23.62 0.00 -5.3300 -3.9030 -3.9030
10600 26.97 23.28 0.00 -7.4546 -5.6658 -5.6658
10625 26.58 23.12 0.00 -10.6350 -8.2725 -8.2725
10650 26.58 23.12 0.00 -10.6350 -8.2725 -8.2725
10675 26.27 23.00 0.00 -10.2325 -6.2008 -6.2008
10700 25.90 22.81 0.00 -9.0029 -4.2216 -4.2216
10725 25.57 22.48 0.00 -7.2806 -4.4048 -4.4048
10750 25.57 22.48 0.00 -7.2806 -4.4048 -4.4048
10775 25.27 22.02 0.00 -7.9285 -5.9946 -5.9946
10800 25.27 22.02 0.00 -7.9285 -5.9946 -5.9946
10825 24.96 21.43 0.00 -7.9740 -4.4827 -4.4827
10850 24.62 20.67 0.00 -9.1254 -5.2336 -5.2336
10875 24.21 19.84 0.00 -10.6773 -5.9923 -5.9923
10900 24.21 19.84 0.00 -10.6773 -5.9923 -5.9923
10925 23.77 19.04 0.00 -11.5802 -6.4924 -6.4924
10950 23.30 18.13 0.00 -11.5325 -5.2380 -5.2380
10975 22.81 17.24 0.00 -13.0196 -6.7181 -6.7181
11000 22.81 17.24 0.00 -13.0196 -6.7181 -6.7181
11025 22.29 16.41 0.00 -13.4129 -8.8347 -8.8347
11050 22.29 16.41 0.00 -13.4129 -8.8347 -8.8347
11075 21.74 15.61 0.00 -13.6319 -9.7223 -9.7223
11100 21.17 14.78 0.00 -14.0548 -9.7076 -9.7076
11125 20.61 14.02 0.00 -14.1984 -11.8029 -11.8029
11150 20.61 14.02 0.00 -14.1984 -11.8029 -11.8029
11175 20.00 13.49 0.00 -15.9446 -16.3359 -16.3359
11200 19.43 13.33 0.00 -13.7738 -11.8189 -11.8189
11225 19.43 13.33 0.00 -13.7738 -11.8189 -11.8189
11250 18.85 13.34 0.00 -14.7772 -15.0032 -15.0032
11275 18.30 13.35 0.00 -13.3776 -14.8444 -14.8444
11300 18.30 13.35 0.00 -13.3776 -14.8444 -14.8444
11325 17.80 13.36 0.00 -12.1397 -12.9922 -12.9922
11350 17.28 13.39 0.00 -14.3508 -14.2206 -14.2206
11375 16.72 13.35 0.00 -13.6744 -10.9179 -10.9179
11400 16.29 13.23 0.00 -14.2731 -12.4320 -12.4320
11425 16.29 13.23 0.00 -14.2731 -12.4320 -12.4320
11450 16.29 13.23 0.00 -14.2731 -12.4320 -12.4320
11475 15.72 13.21 0.00 -13.8200 -12.9142 -12.9142
11500 15.16 13.18 0.00 -14.6870 -12.5596 -12.5596
11525 14.53 13.12 0.00 -15.5966 -12.6377 -12.6377
11550 14.53 13.12 0.00 -15.5966 -12.6377 -12.6377
11575 13.96 13.03 0.00 -14.0453 -10.7889 -10.7889
11600 13.42 12.91 0.00 -12.8227 -11.0523 -11.0523
11625 12.91 12.75 0.00 -13.3792 -12.7428 -12.7428
11650 12.91 12.75 0.00 -13.3792 -12.7428 -12.7428
11675 12.35 12.60 0.00 -12.9571 -13.9736 -13.9736
11700 12.03 12.52 0.00 -5.3471 -4.5922 -4.5922
11725 11.85 12.56 0.00 -4.0578 -6.4148 -6.4148
11750 11.85 12.56 0.00 -4.0578 -6.4148 -6.4148
11775 11.71 12.58 0.00 -2.8104 -5.7513 -5.7513
11800 11.63 12.54 0.00 -1.7826 -3.8761 -3.8761
11825 11.63 12.54 0.00 -1.7826 -3.8761 -3.8761
11850 11.59 12.58 0.00 -0.9792 -2.3565 -2.3565
11875 11.65 12.64 0.00 4.3018 3.1094 3.1094
11900 11.93 12.78 0.00 9.6379 6.8412 6.8412
11925 11.93 12.78 0.00 9.6379 6.8412 6.8412
11950 12.41 13.06 0.00 12.9855 9.8877 9.8877
11975 12.95 13.46 0.00 13.7930 11.4803 11.4803
12000 12.95 13.46 0.00 13.7930 11.4803 11.4803
12025 13.50 14.00 0.00 14.6153 12.7910 12.7910
12050 13.50 14.00 0.00 14.6153 12.7910 12.7910
12075 14.10 14.54 0.00 14.1073 11.8097 11.8097
12100 14.61 15.02 0.00 12.6300 9.9112 9.9112
12125 15.08 15.39 0.00 11.3149 8.8385 8.8385
12150 15.47 15.71 0.00 7.8780 4.0174 4.0174
12175 15.47 15.71 0.00 7.8780 4.0174 4.0174
12200 15.76 15.96 0.00 7.7966 9.0256 9.0256
12225 15.76 15.96 0.00 7.7966 9.0256 9.0256
12250 16.02 16.28 0.00 5.2689 5.2635 5.2635
12275 16.17 16.53 0.00 5.3252 3.3514 3.3514
12300 16.40 16.79 0.00 6.2558 3.4525 3.4525
12325 16.62 17.00 0.00 5.1584 3.8980 3.8980
12350 16.62 17.00 0.00 5.1584 3.8980 3.8980
12375 16.79 17.08 0.00 3.5268 2.2366 2.2366
12400 16.93 17.07 0.00 2.7063 3.1635 3.1635
12425 16.93 17.07 0.00 2.7063 3.1635 3.1635
12450 17.02 17.11 0.00 2.1784 3.0588 3.0588
12475 17.02 17.11 0.00 2.1784 3.0588 3.0588
12500 17.16 17.24 0.00 4.7393 4.8547 4.8547
12525 17.37 17.46 0.00 4.7911 3.6403 3.6403
12550 17.53 17.64 0.00 3.9404 3.5076 3.5076
12575 17.53 17.64 0.00 3.9404 3.5076 3.5076
12600 17.68 17.82 0.00 3.3516 3.2400 3.2400
12625 17.84 17.97 0.00 4.4503 4.2754 4.2754
12650 18.05 18.14 0.00 6.0849 4.5034 4.5034
12675 18.05 18.14 0.00 6.0849 4.5034 4.5034
12700 18.35 18.45 0.00 9.0616 6.3716 6.3716
12725 18.35 18.45 0.00 9.0616 6.3716 6.3716
12750 18.93 19.00 0.00 17.4746 14.9002 14.9002
12775 19.71 19.81 0.00 20.5748 14.8161 14.8161
12800 20.57 20.84 0.00 21.5279 15.8573 15.8573
12825 20.57 20.84 0.00 21.5279 15.8573 15.8573
12850 21.38 21.86 0.00 18.1206 13.4739 13.4739
12875 21.97 22.77 0.00 13.4521 11.6105 11.6105
12900 21.97 22.77 0.00 13.4521 11.6105 11.6105
12925 22.46 23.60 0.00 12.1650 12.2792 12.2792
12950 22.91 24.39 0.00 10.3014 9.5241 9.5241
12975 23.34 25.14 0.00 10.8703 9.0038 9.0038
13000 23.34 25.14 0.00 10.8703 9.0038 9.0038
13025 23.75 25.83 0.00 10.2451 8.3711 8.3711
13050 24.05 26.30 0.00 9.3399 8.0814 8.0814
13075 24.05 26.30 0.00 9.3399 8.0814 8.0814
13100 24.36 26.81 0.00 7.3468 6.5193 6.5193
13125 24.64 27.17 0.00 6.7135 6.4371 6.4371
13150 24.64 27.17 0.00 6.7135 6.4371 6.4371
13175 24.94 27.41 0.00 7.9264 5.9635 5.9635
13200 25.25 27.60 0.00 7.6484 4.7092 4.7092
13225 25.47 27.79 0.00 4.5660 2.2810 2.2810
13250 25.47 27.79 0.00 4.5660 2.2810 2.2810
13275 25.72 27.98 0.00 6.8877 6.7911 6.7911
13300 26.07 28.23 0.00 10.0335 5.3763 5.3763
13325 26.07 28.23 0.00 10.0335 5.3763 5.3763
13350 26.49 28.50 0.00 10.2918 3.2360 3.2360
13375 26.86 28.69 0.00 9.1412 4.1100 4.1100
13400 27.26 28.89 0.00 10.6626 7.0264 7.0264
13425 27.26 28.89 0.00 10.6626 7.0264 7.0264
13450 27.81 29.14 0.00 16.7733 11.6718 11.6718
13475 28.67 29.68 0.00 25.1591 15.4175 15.4175
13500 28.67 29.68 0.00 25.1591 15.4175 15.4175
13525 29.98 30.62 0.00 39.0149 24.6222 24.6222
13550 32.19 32.49 0.00 63.4178 45.2182 45.2182
13575 32.19 32.49 0.00 63.4178 45.2182 45.2182
13600 34.79 35.20 0.00 63.2901 32.1634 32.1634
13625 37.05 37.94 0.00 51.3414 17.7255 17.7255
13650 38.78 40.43 0.00 38.1842 10.2223 10.2223
13675 38.78 40.43 0.00 38.1842 10.2223 10.2223
13700 40.04 42.28 0.00 28.0622 9.3776 9.3776
13725 40.97 43.44 0.00 20.2628 7.9238 7.9238
13750 40.97 43.44 0.00 20.2628 7.9238 7.9238
13775 41.60 44.26 0.00 14.1602 6.8401 6.8401
13800 41.97 44.77 0.00 11.3491 6.2446 6.2446
13825 41.97 44.77 0.00 11.3491 6.2446 6.2446
13850 42.36 45.25 0.00 8.9523 5.3507 5.3507
13875 42.67 45.79 0.00 7.4108 4.1157 4.1157
13900 42.67 45.79 0.00 7.4108 4.1157 4.1157
13925 42.95 46.29 0.00 6.7813 2.4622 2.4622
13950 43.18 46.64 0.00 5.3098 2.6518 2.6518
13975 43.39 46.81 0.00 5.1949 4.5985 4.5985
14000 43.39 46.81 0.00 5.1949 4.5985 4.5985
14025 43.64 46.92 0.00 6.6318 4.1095 4.1095
14050 43.95 47.07 0.00 9.0159 3.5652 3.5652
14075 43.95 47.07 0.00 9.0159 3.5652 3.5652
14100 44.37 47.40 0.00 11.2326 3.3410 3.3410
14125 44.90 48.01 0.00 14.5022 4.7942 4.7942
14150 45.51 48.79 0.00 15.4154 5.8244 5.8244
14175 45.51 48.79 0.00 15.4154 5.8244 5.8244
14200 46.16 49.63 0.00 17.1239 7.7370 7.7370
14225 46.91 50.67 0.00 19.7337 7.3106 7.3106
14250 46.91 50.67 0.00 19.7337 7.3106 7.3106
14275 47.70 51.77 0.00 18.7693 6.7081 6.7081
14300 48.41 52.90 0.00 18.0986 5.2360 5.2360
14325 48.41 52.90 0.00 18.0986 5.2360 5.2360
14350 49.16 54.18 0.00 18.5734 3.9783 3.9783
14375 49.86 55.37 0.00 16.4091 0.1665 0.1665
14400 49.86 55.37 0.00 16.4091 0.1665 0.1665
14425 50.54 56.56 0.00 18.2385 2.4801 2.4801
14450 51.31 57.74 0.00 19.1122 1.5538 1.5538
14475 52.01 58.83 0.00 16.7953 -1.5466 -1.5466
14500 52.01 58.83 0.00 16.7953 -1.5466 -1.5466
14525 52.62 59.99 0.00 14.0496 -2.1557 -2.1557
14550 53.06 61.06 0.00 9.3024 0.1534 0.1534
14575 53.06 61.06 0.00 9.3024 0.1534 0.1534
14600 53.28 61.74 0.00 6.4879 0.8493 0.8493
14625 53.56 62.68 0.00 8.2895 1.2481 1.2481
14650 53.96 63.80 0.00 11.1826 0.9692 0.9692
14675 53.96 63.80 0.00 11.1826 0.9692 0.9692
14700 54.47 64.87 0.00 13.1308 2.5214 2.5214
14725 55.03 65.78 0.00 15.0692 3.5355 3.5355
14750 55.03 65.78 0.00 15.0692 3.5355 3.5355
14775 55.73 66.56 0.00 19.4333 5.4407 5.4407
14800 56.66 67.28 0.00 25.7349 7.6305 7.6305
14825 56.66 67.28 0.00 25.7349 7.6305 7.6305
14850 57.91 68.16 0.00 34.5338 8.3655 8.3655
14875 59.56 69.14 0.00 45.6401 7.8989 7.8989
14900 59.56 69.14 0.00 45.6401 7.8989 7.8989
14925 61.68 70.06 0.00 56.6247 6.6606 6.6606
14950 64.11 70.84 0.00 63.3959 6.5680 6.5680
14975 64.11 70.84 0.00 63.3959 6.5680 6.5680
15000 66.81 71.53 0.00 69.1096 10.9147 10.9147
15025 69.55 72.28 0.00 68.2462 9.7440 9.7440
15050 72.19 73.23 0.00 63.9400 9.5963 9.5963
15075 72.19 73.23 0.00 63.9400 9.5963 9.5963
15100 74.43 74.56 0.00 50.5218 4.7993 4.7993
15125 76.16 76.00 0.00 39.1958 4.0038 4.0038
15150 76.16 76.00 0.00 39.1958 4.0038 4.0038
15175 77.45 77.05 0.00 27.7929 5.7270 5.7270
15200 78.35 77.95 0.00 21.2238 7.4312 7.4312
15225 79.28 78.66 0.00 23.9712 8.7491 8.7491
15250 79.28 78.66 0.00 23.9712 8.7491 8.7491
15275 80.02 79.09 0.00 25.0556 6.7628 6.7628
15300 81.11 80.20 0.00 17.7960 0.7814 0.7814
15325 81.47 80.99 0.00 8.9807 -1.9356 -1.9356
15350 81.47 80.99 0.00 8.9807 -1.9356 -1.9356
15375 81.66 81.99 0.00 3.0449 -0.2327 -0.2327
15400 81.66 81.99 0.00 3.0449 -0.2327 -0.2327
15425 81.80 82.93 0.00 4.7661 -1.5863 -1.5863
15450 82.20 83.86 0.00 13.4714 -1.2751 -1.2751
15475 82.88 84.84 0.00 18.7439 -1.7408 -1.7408
15500 82.88 84.84 0.00 18.7439 -1.7408 -1.7408
15525 83.67 86.17 0.00 19.7389 -3.8323 -3.8323
15550 84.39 87.85 0.00 16.0745 -9.4512 -9.4512
15575 84.39 87.85 0.00 16.0745 -9.4512 -9.4512
15600 84.88 89.59 0.00 11.3779 -12.3387 -12.3387
15625 85.22 91.28 0.00 4.8152 -2.8561 -2.8561
15650 85.22 91.28 0.00 4.8152 -2.8561 -2.8561
15675 85.14 92.40 0.00 -6.5068 -2.2881 -2.2881
15700 84.65 92.99 0.00 -15.0265 -4.4400 -4.4400
15725 83.89 93.18 0.00 -21.1676 -7.6977 -7.6977
15750 83.89 93.18 0.00 -21.1676 -7.6977 -7.6977
15775 82.98 93.07 0.00 -23.6855 -9.1092 -9.1092
15800 82.01 92.79 0.00 -24.5558 -6.3858 -6.3858
15825 81.01 92.31 0.00 -24.7521 -3.9053 -3.9053
15850 81.01 92.31 0.00 -24.7521 -3.9053 -3.9053
15875 80.06 91.82 0.00 -22.5179 -1.0101 -1.0101
15900 80.06 91.82 0.00 -22.5179 -1.0101 -1.0101
15925 79.28 91.31 0.00 -16.8284 0.1377 0.1377
15950 78.73 90.63 0.00 -12.9177 -1.8874 -1.8874
15975 78.24 89.84 0.00 -11.8318 -2.7794 -2.7794
16000 78.24 89.84 0.00 -11.8318 -2.7794 -2.7794
16025 77.81 89.09 0.00 -9.9287 -1.4696 -1.4696
16050 77.47 88.40 0.00 -8.0046 -1.8620 -1.8620
16075 77.47 88.40 0.00 -8.0046 -1.8620 -1.8620
16100 77.17 87.65 0.00 -7.2024 -0.9134 -0.9134
16125 76.91 86.94 0.00 -6.2310 1.0134 1.0134
16150 76.91 86.94 0.00 -6.2310 1.0134 1.0134
16175 76.74 86.54 0.00 -4.3912 1.4460 1.4460
16200 76.68 86.15 0.00 0.3292 3.4717 3.4717
16225 76.79 85.72 0.00 4.0930 5.5459 5.5459
16250 76.79 85.72 0.00 4.0930 5.5459 5.5459
16275 77.09 85.36 0.00 9.7980 8.3058 8.3058
16300 77.62 85.01 0.00 14.4665 8.9313 8.9313
16325 77.62 85.01 0.00 14.4665 8.9313 8.9313
16350 78.28 84.71 0.00 17.2023 8.9757 8.9757
16375 79.01 84.59 0.00 19.3720 9.5051 9.5051
16400 79.83 84.43 0.00 20.9034 10.9538 10.9538
16425 79.83 84.43 0.00 20.9034 10.9538 10.9538
16450 80.69 84.24 0.00 21.7262 10.6200 10.6200
16475 81.65 84.17 0.00 26.8197 10.2459 10.2459
16500 81.65 84.17 0.00 26.8197 10.2459 10.2459
16525 82.96 84.24 0.00 35.3649 13.7322 13.7322
16550 84.41 84.24 0.00 36.6059 10.8444 10.8444
16575 84.41 84.24 0.00 36.6059 10.8444 10.8444
16600 85.75 84.23 0.00 30.4619 8.8023 8.8023
16625 86.71 84.24 0.00 19.2358 7.0443 7.0443
16650 86.71 84.24 0.00 19.2358 7.0443 7.0443
16675 87.15 84.21 0.00 6.7916 5.1150 5.1150
16700 87.19 84.10 0.00 -2.1224 6.5410 6.5410
16725 86.95 83.93 0.00 -7.1381 4.5508 4.5508
16750 86.95 83.93 0.00 -7.1381 4.5508 4.5508
16775 86.69 83.67 0.00 -5.6006 4.7905 4.7905
16800 86.50 83.43 0.00 -4.6132 2.4869 2.4869
16825 86.50 83.43 0.00 -4.6132 2.4869 2.4869
16850 86.34 83.31 0.00 -4.0026 0.2668 0.2668
16875 86.16 83.11 0.00 -4.5849 0.8906 0.8906
16900 86.00 82.93 0.00 -6.0483 0.5074 0.5074
16925 86.00 82.93 0.00 -6.0483 0.5074 0.5074
16950 85.71 82.67 0.00 -8.3057 -1.6789 -1.6789
16975 85.33 82.28 0.00 -9.1861 1.2649 1.2649
17000 85.33 82.28 0.00 -9.1861 1.2649 1.2649
17025 84.94 81.81 0.00 -10.9446 1.5307 1.5307
17050 84.43 81.13 0.00 -13.3015 0.6063 0.6063
17075 84.43 81.13 0.00 -13.3015 0.6063 0.6063
17100 83.85 80.19 0.00 -14.9892 4.1604 4.1604
17125 83.21 78.99 0.00 -16.5385 8.4640 8.4640
17150 83.21 78.99 0.00 -16.5385 8.4640 8.4640
17175 82.55 77.76 0.00 -16.3168 11.5047 11.5047
17200 81.91 76.62 0.00 -15.4676 16.2113 16.2113
17225 81.26 75.62 0.00 -16.8925 15.2931 15.2931
17250 81.26 75.62 0.00 -16.8925 15.2931 15.2931
17275 80.57 74.52 0.00 -17.0987 14.8039 14.8039
17300 79.91 73.43 0.00 -16.2034 12.5149 12.5149
17325 79.91 73.43 0.00 -16.2034 12.5149 12.5149
17350 79.32 72.46 0.00 -14.1671 9.0104 9.0104
17375 78.79 71.61 0.00 -11.8027 7.6349 7.6349
17400 78.41 70.86 0.00 -8.1806 5.9194 5.9194
17425 78.41 70.86 0.00 -8.1806 5.9194 5.9194
17450 78.15 70.15 0.00 -5.4099 3.5018 3.5018
17475 78.05 69.68 0.00 -1.2913 3.5050 3.5050
17500 78.05 69.68 0.00 -1.2913 3.5050 3.5050
17525 78.01 69.39 0.00 -0.9762 0.1975 0.1975
17550 77.94 69.16 0.00 -2.0697 1.2249 1.2249
17575 77.94 69.16 0.00 -2.0697 1.2249 1.2249
17600 77.86 68.88 0.00 -1.6038 2.9832 2.9832
17625 77.85 68.54 0.00 -0.0809 4.7140 4.7140
17650 77.92 68.14 0.00 3.0890 8.2500 8.2500
17675 77.92 68.14 0.00 3.0890 8.2500 8.2500
17700 78.07 67.76 0.00 6.0280 10.5288 10.5288
17725 78.07 67.76 0.00 6.0280 10.5288 10.5288
17750 78.37 67.13 0.00 7.7268 11.9757 11.9757
17775 78.64 66.29 0.00 6.0451 13.2098 13.2098
17800 78.90 65.33 0.00 6.7541 16.1676 16.1676
17825 78.90 65.33 0.00 6.7541 16.1676 16.1676
17850 79.13 64.21 0.00 5.7217 14.7045 14.7045
17875 79.34 62.97 0.00 4.4577 13.6181 13.6181
17900 79.41 61.75 0.00 0.6844 11.2681 11.2681
17925 79.41 61.75 0.00 0.6844 11.2681 11.2681
17950 79.39 60.58 0.00 -1.3990 11.0393 11.0393
17975 79.36 59.56 0.00 -0.1354 11.4618 11.4618
18000 79.34 58.59 0.00 -0.8960 6.2488 6.2488
18025 79.34 58.59 0.00 -0.8960 6.2488 6.2488
18050 79.22 57.71 0.00 -4.5067 3.8505 3.8505
18075 79.22 57.71 0.00 -4.5067 3.8505 3.8505
18100 78.98 56.97 0.00 -7.0735 3.8616 3.8616
18125 78.69 56.30 0.00 -6.0647 4.3872 4.3872
18150 78.52 55.62 0.00 -3.5210 5.6891 5.6891
18175 78.52 55.62 0.00 -3.5210 5.6891 5.6891
18200 78.41 55.02 0.00 -2.3278 5.4405 5.4405
18225 78.37 54.43 0.00 -0.4356 4.1638 4.1638
18250 78.37 54.43 0.00 -0.4356 4.1638 4.1638
18275 78.30 53.97 0.00 -2.9639 2.0463 2.0463
18300 78.07 53.68 0.00 -6.7489 1.9628 1.9628
18325 78.07 53.68 0.00 -6.7489 1.9628 1.9628
18350 77.79 53.44 0.00 -6.9169 2.2057 2.2057
18375 77.58 53.20 0.00 -7.1295 1.8758 1.8758
18400 77.26 52.81 0.00 -8.6168 0.8107 0.8107
18425 77.26 52.81 0.00 -8.6168 0.8107 0.8107
18450 76.96 52.34 0.00 -6.6741 2.8337 2.8337
18475 76.96 52.34 0.00 -6.6741 2.8337 2.8337
18500 76.65 51.93 0.00 -9.0099 1.0210 1.0210
18525 76.18 51.61 0.00 -12.7310 -2.3104 -2.3104
18550 75.68 51.36 0.00 -12.4335 -2.7341 -2.7341
18575 75.68 51.36 0.00 -12.4335 -2.7341 -2.7341
18600 75.17 51.04 0.00 -12.6677 -1.6567 -1.6567
18625 75.17 51.04 0.00 -12.6677 -1.6567 -1.6567
18650 74.16 50.14 0.00 -13.4441 0.5755 0.5755
18675 74.16 50.14 0.00 -13.4441 0.5755 0.5755
18700 73.57 49.59 0.00 -15.0836 -0.7591 -0.7591
18725 73.57 49.59 0.00 -15.0836 -0.7591 -0.7591
18750 72.98 48.90 0.00 -14.5520 -0.4473 -0.4473
18775 72.46 48.14 0.00 -10.9411 2.4755 2.4755
18800 72.11 47.37 0.00 -7.3943 2.8318 2.8318
18825 72.11 47.37 0.00 -7.3943 2.8318 2.8318
18850 71.86 46.59 0.00 -5.5644 1.7461 1.7461
18875 71.73 45.81 0.00 -2.1853 2.3677 2.3677
18900 71.66 45.05 0.00 -1.3234 0.7944 0.7944
18925 71.66 45.05 0.00 -1.3234 0.7944 0.7944
18950 71.68 44.45 0.00 0.9277 4.2412 4.2412
18975 71.68 44.45 0.00 0.9277 4.2412 4.2412
19000 71.73 44.03 0.00 2.3616 3.2045 3.2045
19025 71.89 43.64 0.00 5.2357 4.2026 4.2026
19050 72.13 43.29 0.00 6.3821 5.7217 5.7217
19075 72.13 43.29 0.00 6.3821 5.7217 5.7217
19100 72.39 42.90 0.00 6.1541 6.0528 6.0528
19125 72.39 42.90 0.00 6.1541 6.0528 6.0528
19150 72.59 42.40 0.00 4.3972 6.0752 6.0752
19175 72.68 42.01 0.00 1.2910 5.0060 5.0060
19200 72.72 41.82 0.00 1.1638 5.4470 5.4470
19225 72.77 41.69 0.00 1.5660 4.9216 4.9216
19250 72.77 41.69 0.00 1.5660 4.9216 4.9216
19275 72.77 41.44 0.00 -1.0007 -0.3835 -0.3835
19300 72.70 41.10 0.00 -1.7775 -0.6116 -0.6116
19325 72.70 41.10 0.00 -1.7775 -0.6116 -0.6116
19350 72.61 40.78 0.00 -2.5999 0.4180 0.4180
19375 72.46 40.46 0.00 -3.9708 0.3641 0.3641
19400 72.33 40.11 0.00 -2.6190 1.9380 1.9380
19425 72.33 40.11 0.00 -2.6190 1.9380 1.9380
19450 72.32 39.70 0.00 0.3857 5.0562 5.0562
19475 72.32 39.70 0.00 0.3857 5.0562 5.0562
19500 72.28 39.40 0.00 -1.9673 0.5840 0.5840
19525 72.17 39.17 0.00 -2.8512 -1.6310 -1.6310
19550 71.99 38.95 0.00 -6.3280 -2.6931 -2.6931
19575 71.99 38.95 0.00 -6.3280 -2.6931 -2.6931
19600 71.68 38.80 0.00 -8.3502 -2.2150 -2.2150
19625 71.29 38.61 0.00 -10.1752 -1.6330 -1.6330
19650 70.95 38.44 0.00 -7.8925 0.4915 0.4915
19675 70.95 38.44 0.00 -7.8925 0.4915 0.4915
19700 70.65 38.36 0.00 -6.8711 -1.2415 -1.2415
19725 70.42 38.33 0.00 -4.4660 -0.2713 -0.2713
19750 70.42 38.33 0.00 -4.4660 -0.2713 -0.2713
19775 70.27 38.28 0.00 -3.8903 -1.0372 -1.0372
19800 70.11 38.31 0.00 -4.3800 -2.2239 -2.2239
19825 70.11 38.31 0.00 -4.3800 -2.2239 -2.2239
19850 69.91 38.38 0.00 -5.1155 -3.4141 -3.4141
19875 69.67 38.55 0.00 -6.6703 -4.6554 -4.6554
19900 69.67 38.55 0.00 -6.6703 -4.6554 -4.6554
19925 69.37 38.85 0.00 -7.8266 -5.2617 -5.2617
19950 69.08 39.16 0.00 -6.4216 -4.2696 -4.2696
19975 68.95 39.43 0.00 -3.1394 -1.1201 -1.1201
20000 68.95 39.43 0.00 -3.1394 -1.1201 -1.1201
20025 68.88 39.84 0.00 -1.6439 -3.3996 -3.3996
20050 68.77 40.20 0.00 -3.8597 -6.4298 -6.4298
20075 68.77 40.20 0.00 -3.8597 -6.4298 -6.4298
20100 68.50 40.56 0.00 -8.0601 -6.4314 -6.4314
20125 68.12 40.99 0.00 -9.9734 -6.3260 -6.3260
20150 68.12 40.99 0.00 -9.9734 -6.3260 -6.3260
20175 67.72 41.39 0.00 -9.6731 -5.3703 -5.3703
20200 67.42 41.76 0.00 -6.8052 -4.9325 -4.9325
20225 67.15 42.11 0.00 -6.7283 -5.7565 -5.7565
20250 67.15 42.11 0.00 -6.7283 -5.7565 -5.7565
20275 66.88 42.48 0.00 -6.9145 -4.5525 -4.5525
20300 66.57 42.81 0.00 -8.2189 -5.6067 -5.6067
20325 66.57 42.81 0.00 -8.2189 -5.6067 -5.6067
20350 66.20 43.13 0.00 -9.9047 -5.9309 -5.9309
20375 65.78 43.29 0.00 -11.3550 -6.8860 -6.8860
20400 65.78 43.29 0.00 -11.3550 -6.8860 -6.8860
20425 65.23 43.54 0.00 -15.4968 -10.5365 -10.5365
20450 64.50 43.97 0.00 -20.6802 -13.1947 -13.1947
20475 63.43 44.53 0.00 -29.9797 -19.4165 -19.4165
20500 63.43 44.53 0.00 -29.9797 -19.4165 -19.4165
20525 62.08 45.34 0.00 -36.1588 -22.9028 -22.9028
20550 60.49 46.26 0.00 -41.8940 -28.7052 -28.7052
20575 60.49 46.26 0.00 -41.8940 -28.7052 -28.7052
20600 58.80 47.25 0.00 -41.8620 -29.6214 -29.6214
20625 57.12 48.49 0.00 -42.6899 -32.4013 -32.4013
20650 55.33 50.05 0.00 -45.4488 -35.8275 -35.8275
20675 55.33 50.05 0.00 -45.4488 -35.8275 -35.8275
20700 53.58 51.75 0.00 -41.6034 -33.2651 -33.2651
20725 52.37 53.20 0.00 -39.1523 -33.0066 -33.0066
20750 52.37 53.20 0.00 -39.1523 -33.0066 -33.0066
20775 50.87 55.32 0.00 -36.6242 -32.8819 -32.8819
20800 49.62 57.61 0.00 -26.8970 -27.1476 -27.1476
20825 48.76 59.58 0.00 -18.5220 -25.6680 -25.6680
20850 48.76 59.58 0.00 -18.5220 -25.6680 -25.6680
20875 48.17 61.20 0.00 -12.2329 -21.7630 -21.7630
20900 48.17 61.20 0.00 -12.2329 -21.7630 -21.7630
20925 47.78 62.18 0.00 -8.7996 -16.3361 -16.3361
20950 47.42 62.93 0.00 -9.8127 -13.8002 -13.8002
20975 46.93 63.86 0.00 -13.8368 -15.7296 -15.7296
21000 46.93 63.86 0.00 -13.8368 -15.7296 -15.7296
21025 46.26 64.91 0.00 -17.9291 -16.6629 -16.6629
21050 46.26 64.91 0.00 -17.9291 -16.6629 -16.6629
21075 45.46 66.11 0.00 -22.3373 -18.1970 -18.1970
21100 44.44 67.54 0.00 -26.7940 -20.5986 -20.5986
21125 43.31 69.05 0.00 -28.8996 -19.2025 -19.2025
21150 43.31 69.05 0.00 -28.8996 -19.2025 -19.2025
21175 42.11 70.28 0.00 -30.6162 -18.0428 -18.0428
21200 40.83 71.23 0.00 -33.7292 -17.2872 -17.2872
21225 39.26 71.93 0.00 -42.9773 -16.8417 -16.8417
21250 39.26 71.93 0.00 -42.9773 -16.8417 -16.8417
21275 37.38 72.56 0.00 -49.5000 -15.5256 -15.5256
21300 35.20 73.37 0.00 -58.5764 -17.1829 -17.1829
21325 32.69 74.41 0.00 -63.2900 -12.6228 -12.6228
21350 32.69 74.41 0.00 -63.2900 -12.6228 -12.6228
21375 30.22 75.74 0.00 -60.0967 -11.1857 -11.1857
21400 28.14 76.93 0.00 -45.8908 -9.7445 -9.7445
21425 28.14 76.93 0.00 -45.8908 -9.7445 -9.7445
21450 27.06 77.53 0.00 -30.0672 -11.4909 -11.4909
21475 26.29 77.96 0.00 -7.9485 -18.9372 -18.9372
21500 26.20 77.98 0.00 -0.9981 -16.4731 -16.4731
21525 26.20 77.98 0.00 -0.9981 -16.4731 -16.4731
21550 26.31 78.00 0.00 3.2072 -10.9336 -10.9336
21575 26.43 78.00 0.00 4.5163 -9.3346 -9.3346
21600 26.43 78.00 0.00 4.5163 -9.3346 -9.3346
21625 26.66 77.94 0.00 5.8867 -6.6255 -6.6255
21650 26.88 77.90 0.00 5.3915 -5.3722 -5.3722
21675 26.88 77.90 0.00 5.3915 -5.3722 -5.3722
21700 27.06 77.78 0.00 3.8180 -3.4509 -3.4509
21725 27.15 77.60 0.00 1.2267 -1.1980 -1.1980
21750 27.15 77.60 0.00 1.2267 -1.1980 -1.1980
21775 27.19 77.36 0.00 0.9045 0.4311 0.4311
21800 27.19 77.36 0.00 0.9045 0.4311 0.4311
21825 27.26 77.20 0.00 2.6777 1.8409 1.8409
21850 27.37 77.16 0.00 2.3495 1.5746 1.5746
21875 27.45 77.20 0.00 0.8138 0.9692 0.9692
21900 27.37 77.22 0.00 -3.4863 -0.4094 -0.4094
21925 27.37 77.22 0.00 -3.4863 -0.4094 -0.4094
21950 27.37 77.22 0.00 -3.4863 -0.4094 -0.4094
21975 26.62 77.38 0.00 -14.2194 -5.9560 -5.9560
22000 26.62 77.38 0.00 -14.2194 -5.9560 -5.9560
22025 26.03 77.46 0.00 -14.3511 -3.2248 -3.2248
22050 26.03 77.46 0.00 -14.3511 -3.2248 -3.2248
22075 25.47 77.62 0.00 -14.2011 -5.5338 -5.5338
22100 24.92 77.74 0.00 -13.0938 -7.8665 -7.8665
22125 24.44 77.90 0.00 -12.2000 -8.8363 -8.8363
22150 24.44 77.90 0.00 -12.2000 -8.8363 -8.8363
22175 23.86 78.08 0.00 -15.2975 -8.9832 -8.9832
22200 23.86 78.08 0.00 -15.2975 -8.9832 -8.9832
22225 22.12 78.93 0.00 -26.1994 -8.6036 -8.6036
22250 22.12 78.93 0.00 -26.1994 -8.6036 -8.6036
22275 21.12 80.05 0.00 -24.1297 -9.8146 -9.8146
22300 21.12 80.05 0.00 -24.1297 -9.8146 -9.8146
22325 20.25 81.65 0.00 -20.5520 -7.9535 -7.9535
22350 19.71 83.06 0.00 -15.2139 -6.8365 -6.8365
22375 19.41 85.23 0.00 -3.1556 -6.6584 -6.6584
22400 19.39 87.43 0.00 0.2083 -6.5351 -6.5351
22425 19.39 87.43 0.00 0.2083 -6.5351 -6.5351
22450 19.43 88.87 0.00 1.3310 -5.1843 -5.1843
22475 19.54 89.80 0.00 3.9554 -2.8525 -2.8525
22500 19.54 89.80 0.00 3.9554 -2.8525 -2.8525
22525 19.83 90.14 0.00 9.1625 -1.6949 -1.6949
22550 19.83 90.14 0.00 9.1625 -1.6949 -1.6949
22575 20.25 90.19 0.00 10.7189 -3.8944 -3.8944
22600 20.25 90.19 0.00 10.7189 -3.8944 -3.8944
22625 20.99 89.71 0.00 7.0033 -2.1048 -2.1048
22650 20.99 89.71 0.00 7.0033 -2.1048 -2.1048
22675 21.16 89.27 0.00 3.0235 -1.9135 -1.9135
22700 21.17 88.60 0.00 -0.8573 0.7665 0.7665
22725 21.06 87.95 0.00 -4.1698 0.7343 0.7343
22750 21.06 87.95 0.00 -4.1698 0.7343 0.7343
22775 20.83 87.36 0.00 -6.1122 1.6696 1.6696
22800 20.59 86.77 0.00 -6.6561 0.4585 0.4585
22825 20.59 86.77 0.00 -6.6561 0.4585 0.4585
22850 20.30 86.27 0.00 -7.7562 -1.0592 -1.0592
22875 19.88 85.83 0.00 -12.2281 -2.1831 -2.1831
22900 19.88 85.83 0.00 -12.2281 -2.1831 -2.1831
22925 19.29 85.37 0.00 -17.0666 -3.1071 -3.1071
22950 18.35 85.17 0.00 -27.9124 -4.1678 -4.1678
22975 17.39 85.18 0.00 -33.8605 -1.5735 -1.5735
23000 17.39 85.18 0.00 -33.8605 -1.5735 -1.5735
23025 15.96 85.28 0.00 -35.6428 -5.0294 -5.0294
23050 14.55 85.39 0.00 -20.9484 -5.5779 -5.5779
23075 14.55 85.39 0.00 -20.9484 -5.5779 -5.5779
23100 14.04 85.44 0.00 -8.4854 -7.3157 -7.3157
23125 13.90 85.24 0.00 -0.6246 -8.8794 -8.8794
23150 13.94 85.03 0.00 1.6500 -6.3696 -6.3696
23175 13.94 85.03 0.00 1.6500 -6.3696 -6.3696
23200 14.02 84.74 0.00 2.7764 -3.9862 -3.9862
23225 14.02 84.74 0.00 2.7764 -3.9862 -3.9862
23250 14.16 84.37 0.00 3.4332 -3.2575 -3.2575
23275 14.31 84.05 0.00 4.7116 -2.2936 -2.2936
23300 14.57 83.78 0.00 7.1142 -1.1588 -1.1588
23325 14.57 83.78 0.00 7.1142 -1.1588 -1.1588
23350 14.88 83.38 0.00 7.7572 -1.1881 -1.1881
23375 15.20 82.89 0.00 7.9395 -1.2768 -1.2768
23400 15.20 82.89 0.00 7.9395 -1.2768 -1.2768
23425 15.55 82.24 0.00 9.7332 -0.2969 -0.2969
23450 16.07 81.44 0.00 14.9193 4.2537 4.2537
23475 16.07 81.44 0.00 14.9193 4.2537 4.2537
23500 16.68 80.54 0.00 15.1505 2.9803 2.9803
23525 17.30 79.68 0.00 15.1630 4.1270 4.1270
23550 17.84 79.01 0.00 12.4973 4.3923 4.3923
23575 17.84 79.01 0.00 12.4973 4.3923 4.3923
23600 18.26 78.40 0.00 9.8591 4.2467 4.2467
23625 18.26 78.40 0.00 9.8591 4.2467 4.2467
23650 19.06 77.20 0.00 9.8408 5.8600 5.8600
23675 19.06 77.20 0.00 9.8408 5.8600 5.8600
23700 19.43 76.89 0.00 8.5606 4.0622 4.0622
23725 19.43 76.89 0.00 8.5606 4.0622 4.0622
23750 19.75 76.74 0.00 8.1493 4.8435 4.8435
23775 20.11 76.67 0.00 10.1659 5.1686 5.1686
23800 20.11 76.67 0.00 10.1659 5.1686 5.1686
23825 21.04 76.76 0.00 15.9916 4.4079 4.4079
23850 21.04 76.76 0.00 15.9916 4.4079 4.4079
23875 21.76 76.89 0.00 19.4581 3.0208 3.0208
23900 22.83 77.14 0.00 32.1067 9.3658 9.3658
23925 22.83 77.14 0.00 32.1067 9.3658 9.3658
23950 24.32 77.28 0.00 39.5314 7.7965 7.7965
23975 24.32 77.28 0.00 39.5314 7.7965 7.7965
24000 26.05 77.19 0.00 45.2090 6.5590 6.5590
24025 27.89 77.15 0.00 45.0345 4.6920 4.6920
24050 29.56 77.07 0.00 39.6727 3.8232 3.8232
24075 29.56 77.07 0.00 39.6727 3.8232 3.8232
24100 31.01 76.77 0.00 34.7056 6.0054 6.0054
24125 31.01 76.77 0.00 34.7056 6.0054 6.0054
24150 32.35 76.39 0.00 32.1811 8.4187 8.4187
24175 33.61 75.96 0.00 31.4992 9.8081 9.8081
24200 34.82 75.49 0.00 29.8800 10.0383 10.0383
24225 34.82 75.49 0.00 29.8800 10.0383 10.0383
24250 36.00 75.01 0.00 29.2848 11.1397 11.1397
24275 37.14 74.50 0.00 27.4541 10.9741 10.9741
24300 38.16 74.02 0.00 23.8518 10.4517 10.4517
24325 38.16 74.02 0.00 23.8518 10.4517 10.4517
24350 39.00 73.56 0.00 18.7581 9.5564 9.5564
24375 39.00 73.56 0.00 18.7581 9.5564 9.5564
24400 39.65 73.20 0.00 15.5933 9.7551 9.7551
24425 39.65 73.20 0.00 15.5933 9.7551 9.7551
24450 40.85 72.70 0.00 12.9976 7.5425 7.5425
24475 40.85 72.70 0.00 12.9976 7.5425 7.5425
24500 41.36 72.38 0.00 12.2549 6.3570 6.3570
24525 41.78 72.10 0.00 9.7793 4.2841 4.2841
24550 41.78 72.10 0.00 9.7793 4.2841 4.2841
24575 42.15 71.82 0.00 9.6114 5.3631 5.3631
24600 42.60 71.54 0.00 12.6748 6.9740 6.9740
24625 42.60 71.54 0.00 12.6748 6.9740 6.9740
24650 43.20 71.20 0.00 16.3180 6.7161 6.7161
24675 43.94 70.78 0.00 20.0014 7.8875 7.8875
24700 44.60 70.45 0.00 22.5112 8.8502 8.8502
24725 44.60 70.45 0.00 22.5112 8.8502 8.8502
24750 45.55 69.99 0.00 25.4594 9.2400 9.2400
24775 46.72 69.34 0.00 30.7595 10.9210 10.9210
24800 47.99 68.63 0.00 32.7472 10.9187 10.9187
24825 47.99 68.63 0.00 32.7472 10.9187 10.9187
24850 49.35 67.94 0.00 34.3828 12.6913 12.6913
24875 49.35 67.94 0.00 34.3828 12.6913 12.6913
24900 50.75 67.28 0.00 36.3581 13.0052 13.0052
24925 52.43 66.71 0.00 45.5321 19.0752 19.0752
24950 54.42 66.29 0.00 51.2464 19.4980 19.4980
24975 54.42 66.29 0.00 51.2464 19.4980 19.4980
25000 56.45 65.72 0.00 50.2008 15.8041 15.8041
25025 58.41 65.23 0.00 48.8932 16.2453 16.2453
25050 60.35 64.81 0.00 47.7026 14.9392 14.9392
25075 60.35 64.81 0.00 47.7026 14.9392 14.9392
25100 62.19 64.38 0.00 44.5198 14.2722 14.2722
25125 62.19 64.38 0.00 44.5198 14.2722 14.2722
25150 63.79 64.09 0.00 36.3431 11.1685 11.1685
25175 65.03 63.99 0.00 29.3998 10.6340 10.6340
25200 65.03 63.99 0.00 29.3998 10.6340 10.6340
25225 66.07 63.90 0.00 22.4453 10.9809 10.9809
25250 66.72 63.81 0.00 13.2026 9.9181 9.9181
25275 66.72 63.81 0.00 13.2026 9.9181 9.9181
25300 67.06 63.79 0.00 5.9160 9.0600 9.0600
25325 67.20 63.77 0.00 2.3116 7.5877 7.5877
25350 67.24 63.82 0.00 0.2690 3.3982 3.3982
25375 67.24 63.82 0.00 0.2690 3.3982 3.3982
25400 67.09 63.86 0.00 -7.0040 -2.5888 -2.5888
25425 66.68 63.90 0.00 -10.9763 -0.7361 -0.7361
25450 66.68 63.90 0.00 -10.9763 -0.7361 -0.7361
25475 66.25 63.99 0.00 -10.8795 -2.0353 -2.0353
25500 65.93 63.94 0.00 -10.2924 -2.6936 -2.6936
25525 65.93 63.94 0.00 -10.2924 -2.6936 -2.6936
25550 65.57 63.83 0.00 -7.6189 -1.7477 -1.7477
25575 65.32 63.75 0.00 -5.7908 -2.0380 -2.0380
25600 65.16 63.60 0.00 -3.5380 -2.4380 -2.4380
25625 65.16 63.60 0.00 -3.5380 -2.4380 -2.4380
25650 65.07 63.46 0.00 -1.5613 -0.6711 -0.6711
25675 65.00 63.30 0.00 -1.6720 -0.2104 -0.2104
25700 64.96 63.20 0.00 -0.0821 1.6383 1.6383
25725 65.02 63.04 0.00 2.0379 3.0110 3.0110
25750 65.02 63.04 0.00 2.0379 3.0110 3.0110
25775 65.09 62.88 0.00 1.7187 2.9039 2.9039
25800 65.09 62.88 0.00 1.7187 2.9039 2.9039
25825 65.14 62.70 0.00 0.8732 4.2659 4.2659
25850 65.16 62.49 0.00 0.2916 5.6198 5.6198
25875 65.18 62.30 0.00 0.5505 5.8696 5.8696
25900 65.18 62.30 0.00 0.5505 5.8696 5.8696
25925 65.23 61.96 0.00 1.7401 5.9824 5.9824
25950 65.32 61.53 0.00 3.4611 7.2457 7.2457
25975 65.32 61.53 0.00 3.4611 7.2457 7.2457
26000 65.53 61.21 0.00 6.6386 7.7481 7.7481
26025 65.86 60.62 0.00 8.0931 9.1326 9.1326
26050 65.86 60.62 0.00 8.0931 9.1326 9.1326
26075 66.12 59.78 0.00 6.2730 10.6528 10.6528
26100 66.38 58.98 0.00 6.1343 12.8642 12.8642
26125 66.38 58.98 0.00 6.1343 12.8642 12.8642
26150 66.61 58.01 0.00 4.9303 11.6493 11.6493
26175 66.77 57.03 0.00 4.0103 11.9167 11.9167
26200 66.90 56.02 0.00 3.3043 11.3088 11.3088
26225 66.90 56.02 0.00 3.3043 11.3088 11.3088
26250 67.09 55.10 0.00 5.8068 9.7156 9.7156
26275 67.27 54.52 0.00 6.1953 10.5809 10.5809
26300 67.27 54.52 0.00 6.1953 10.5809 10.5809
26325 67.56 53.89 0.00 7.8544 11.6587 11.6587
26350 67.85 53.43 0.00 6.0173 9.2581 9.2581
26375 67.85 53.43 0.00 6.0173 9.2581 9.2581
26400 68.06 52.97 0.00 5.4570 7.8965 7.8965
26425 68.23 52.46 0.00 2.8505 4.8822 4.8822
26450 68.30 52.26 0.00 1.2617 4.1147 4.1147
26475 68.30 52.26 0.00 1.2617 4.1147 4.1147
26500 68.34 52.48 0.00 1.5504 1.6746 1.6746
26525 68.46 52.64 0.00 3.5320 2.4451 2.4451
26550 68.46 52.64 0.00 3.5320 2.4451 2.4451
26575 68.62 52.96 0.00 4.6669 2.0145 2.0145
26600 68.84 53.44 0.00 5.8061 0.4906 0.4906
26625 69.11 54.01 0.00 7.9847 -0.5771 -0.5771
26650 69.11 54.01 0.00 7.9847 -0.5771 -0.5771
26675 69.55 54.74 0.00 13.0554 2.0542 2.0542
26700 69.55 54.74 0.00 13.0554 2.0542 2.0542
26725 70.22 55.43 0.00 18.7455 5.7633 5.7633
26750 71.02 55.99 0.00 21.5333 8.7825 8.7825
26775 71.95 56.42 0.00 23.0609 9.6904 9.6904
26800 71.95 56.42 0.00 23.0609 9.6904 9.6904
26825 72.83 56.74 0.00 21.8749 11.0029 11.0029
26850 73.71 56.98 0.00 21.2222 12.2533 12.2533
26875 74.40 57.25 0.00 14.4434 8.8841 8.8841
26900 74.40 57.25 0.00 14.4434 8.8841 8.8841
26925 74.78 57.39 0.00 7.4063 6.8946 6.8946
26950 74.93 57.31 0.00 3.6828 6.8960 6.8960
26975 74.93 57.31 0.00 3.6828 6.8960 6.8960
27000 74.99 57.00 0.00 0.6466 8.1433 8.1433
27025 75.01 56.76 0.00 0.6238 6.7318 6.7318
27050 75.01 56.76 0.00 0.6238 6.7318 6.7318
27075 74.97 56.47 0.00 -1.5365 5.1781 5.1781
27100 74.84 56.22 0.00 -4.5349 4.0380 4.0380
27125 74.60 55.99 0.00 -7.1957 4.2789 4.2789
27150 74.60 55.99 0.00 -7.1957 4.2789 4.2789
27175 74.16 55.66 0.00 -13.2632 3.7735 3.7735
27200 73.60 54.98 0.00 -13.9411 6.3970 6.3970
27225 73.60 54.98 0.00 -13.9411 6.3970 6.3970
27250 72.96 54.33 0.00 -17.6831 3.6513 3.6513
27275 72.11 53.99 0.00 -21.9009 1.8836 1.8836
27300 71.29 53.39 0.00 -19.8234 4.2636 4.2636
27325 71.29 53.39 0.00 -19.8234 4.2636 4.2636
27350 70.51 52.56 0.00 -19.8134 3.2859 3.2859
27375 69.69 51.75 0.00 -20.3974 2.2832 2.2832
27400 69.69 51.75 0.00 -20.3974 2.2832 2.2832
27425 68.88 51.13 0.00 -20.0509 3.6085 3.6085
27450 68.23 50.55 0.00 -13.2282 1.8948 1.8948
27475 68.23 50.55 0.00 -13.2282 1.8948 1.8948
27500 67.79 50.02 0.00 -9.3667 2.8437 2.8437
27525 67.51 49.64 0.00 -5.7782 2.4016 2.4016
27550 67.34 49.41 0.00 -2.6425 3.5636 3.5636
27575 67.34 49.41 0.00 -2.6425 3.5636 3.5636
27600 67.34 49.24 0.00 1.6619 4.4497 4.4497
27625 67.42 49.10 0.00 0.5046 0.2344 0.2344
27650 67.42 49.10 0.00 0.5046 0.2344 0.2344
27675 67.45 48.84 0.00 1.7578 5.1474 5.1474
27700 67.45 48.84 0.00 1.7578 5.1474 5.1474
27725 67.52 48.65 0.00 0.8252 4.3586 4.3586
27750 67.45 48.53 0.00 -4.1417 1.5184 1.5184
27775 67.15 48.46 0.00 -8.6343 0.4153 0.4153
27800 67.15 48.46 0.00 -8.6343 0.4153 0.4153
27825 66.73 48.20 0.00 -12.9396 0.2908 0.2908
27850 66.09 47.80 0.00 -16.3405 0.4037 0.4037
27875 65.43 47.36 0.00 -17.4564 0.1780 0.1780
27900 65.43 47.36 0.00 -17.4564 0.1780 0.1780
27925 64.57 46.74 0.00 -23.1717 -4.7349 -4.7349
27950 63.70 46.00 0.00 -21.0167 -1.8280 -1.8280
27975 63.70 46.00 0.00 -21.0167 -1.8280 -1.8280
28000 62.93 44.95 0.00 -17.9208 -0.3710 -0.3710
28025 62.19 43.58 0.00 -19.4515 -3.3678 -3.3678
28050 62.19 43.58 0.00 -19.4515 -3.3678 -3.3678
28075 61.48 42.37 0.00 -16.6422 -1.3626 -1.3626
28100 60.86 41.23 0.00 -13.5443 0.1184 0.1184
28125 60.60 39.84 0.00 -3.0195 1.6593 1.6593
28150 60.60 39.84 0.00 -3.0195 1.6593 1.6593
28175 60.67 38.63 0.00 5.1667 1.9063 1.9063
28200 60.99 37.68 0.00 9.7606 6.2678 6.2678
28225 60.99 37.68 0.00 9.7606 6.2678 6.2678
28250 61.48 36.96 0.00 13.1883 8.2127 8.2127
28275 61.98 36.48 0.00 12.5390 6.9189 6.9189
28300 62.51 36.48 0.00 11.9997 4.5115 4.5115
28325 62.51 36.48 0.00 11.9997 4.5115 4.5115
28350 62.88 36.85 0.00 9.1023 0.9819 0.9819
28375 63.27 37.32 0.00 11.7048 6.0321 6.0321
28400 63.27 37.32 0.00 11.7048 6.0321 6.0321
28425 63.98 38.19 0.00 19.9137 6.1973 6.1973
28450 64.45 39.46 0.00 6.2502 -1.4608 -1.4608
28475 64.45 39.46 0.00 6.2502 -1.4608 -1.4608
28500 64.64 40.37 0.00 7.4501 4.6704 4.6704
28525 64.53 41.01 0.00 -8.6695 -1.6406 -1.6406
28550 64.09 41.48 0.00 -12.7203 -9.4036 -9.4036
28575 64.09 41.48 0.00 -12.7203 -9.4036 -9.4036
28600 63.66 41.61 0.00 -8.1812 -7.8380 -7.8380
28625 63.61 41.31 0.00 -1.2764 -3.2690 -3.2690
28650 63.61 41.31 0.00 -1.2764 -3.2690 -3.2690
28675 63.33 41.41 0.00 -5.5638 -2.2297 -2.2297
28700 63.41 41.09 0.00 3.8184 5.8690 5.8690
28725 63.41 41.09 0.00 3.8184 5.8690 5.8690
28750 63.41 41.09 0.00 3.8184 5.8690 5.8690
28775 63.95 39.81 0.00 7.4180 5.1842 5.1842
28800 63.95 39.81 0.00 7.4180 5.1842 5.1842
28825 64.18 39.40 0.00 3.9345 0.5979 0.5979
28850 64.09 39.23 0.00 -5.0137 0.5731 0.5731
28875 64.16 38.96 0.00 6.5530 7.3483 7.3483
28900 64.16 38.96 0.00 6.5530 7.3483 7.3483
28925 64.41 38.30 0.00 4.3265 -1.8713 -1.8713
28950 64.39 37.69 0.00 -2.9074 4.6004 4.6004
28975 64.39 37.69 0.00 -2.9074 4.6004 4.6004
29000 64.25 37.16 0.00 -4.8857 1.9894 1.9894
29025 63.79 36.51 0.00 -15.6605 -4.8851 -4.8851
29050 63.06 36.03 0.00 -18.2991 0.5255 0.5255
29075 63.06 36.03 0.00 -18.2991 0.5255 0.5255
29100 62.31 35.85 0.00 -19.3944 -7.7030 -7.7030
29125 61.52 35.92 0.00 -18.7516 -10.6138 -10.6138
29150 61.52 35.92 0.00 -18.7516 -10.6138 -10.6138
29175 60.83 36.10 0.00 -17.2188 -9.7147 -9.7147
29200 60.16 35.85 0.00 -16.1793 -9.1000 -9.1000
29225 60.16 35.85 0.00 -16.1793 -9.1000 -9.1000
29250 59.45 35.41 0.00 -19.1902 -10.4200 -10.4200
29275 58.61 35.26 0.00 -21.3755 -11.9485 -11.9485
29300 58.61 35.26 0.00 -21.3755 -11.9485 -11.9485
29325 57.94 35.43 0.00 -12.6964 -8.9431 -8.9431
29350 57.68 35.44 0.00 -7.4524 -8.3969 -8.3969
29375 57.41 35.37 0.00 -6.4407 -5.5537 -5.5537
29400 57.41 35.37 0.00 -6.4407 -5.5537 -5.5537
29425 57.17 35.18 0.00 -5.6730 0.1724 0.1724
29450 56.90 35.03 0.00 -6.6956 -0.1365 -0.1365
29475 56.90 35.03 0.00 -6.6956 -0.1365 -0.1365
29500 56.69 34.88 0.00 -4.0941 -1.7135 -1.7135
29525 56.50 34.71 0.00 -6.3101 -5.9386 -5.9386
29550 56.50 34.71 0.00 -6.3101 -5.9386 -5.9386
29575 56.26 34.73 0.00 -5.2679 -6.5747 -6.5747
29600 56.12 34.95 0.00 -2.6551 -4.5309 -4.5309
29625 55.94 34.93 0.00 -4.6245 -5.3126 -5.3126
29650 55.94 34.93 0.00 -4.6245 -5.3126 -5.3126
29675 55.78 34.96 0.00 -4.1618 -3.2008 -3.2008
29700 55.56 34.79 0.00 -5.6207 -0.0940 -0.0940
29725 55.56 34.79 0.00 -5.6207 -0.0940 -0.0940
29750 55.40 34.58 0.00 -2.9421 0.9803 0.9803
29775 55.31 34.36 0.00 -1.9164 -0.8402 -0.8402
29800 55.21 34.19 0.00 -2.9760 -1.1706 -1.1706
29825 55.21 34.19 0.00 -2.9760 -1.1706 -1.1706
29850 55.01 34.00 0.00 -6.1235 -2.0246 -2.0246
29875 55.01 34.00 0.00 -6.1235 -2.0246 -2.0246
29900 54.72 33.79 0.00 -8.0707 -1.9879 -1.9879
29925 54.35 33.51 0.00 -9.3998 -3.7209 -3.7209
29950 54.03 33.31 0.00 -6.6838 -4.2086 -4.2086
29975 54.03 33.31 0.00 -6.6838 -4.2086 -4.2086
30000 53.79 33.10 0.00 -6.0412 -5.2674 -5.2674
30025 53.60 32.89 0.00 -4.2854 -1.4493 -1.4493
30050 53.60 32.89 0.00 -4.2854 -1.4493 -1.4493
30075 53.37 32.82 0.00 -6.7485 -5.9002 -5.9002
30100 53.13 32.86 0.00 -9.3709 -7.9969 -7.9969
30125 52.74 33.02 0.00 -9.1562 -6.5503 -6.5503
30150 52.74 33.02 0.00 -9.1562 -6.5503 -6.5503
30175 52.30 33.20 0.00 -12.8696 -9.2398 -9.2398
30200 51.73 33.38 0.00 -14.1229 -8.2588 -8.2588
30225 51.27 33.63 0.00 -10.6699 -7.8803 -7.8803
30250 51.27 33.63 0.00 -10.6699 -7.8803 -7.8803
30275 50.93 33.98 0.00 -6.4513 -7.8865 -7.8865
30300 50.93 33.98 0.00 -6.4513 -7.8865 -7.8865
30325 50.77 34.33 0.00 -3.2303 -5.9899 -5.9899
30350 50.65 34.62 0.00 -2.9618 -4.3309 -4.3309
30375 50.65 34.62 0.00 -2.9618 -4.3309 -4.3309
30400 50.51 34.84 0.00 -3.5789 -3.7071 -3.7071
30425 50.33 34.91 0.00 -4.7901 -4.4562 -4.4562
30450 50.16 34.99 0.00 -5.0386 -2.3538 -2.3538
30475 49.91 35.03 0.00 -5.3646 -3.9129 -3.9129
30500 49.91 35.03 0.00 -5.3646 -3.9129 -3.9129
30525 49.74 35.03 0.00 -4.0722 -4.8666 -4.8666
30550 49.56 34.88 0.00 -4.4592 -3.0721 -3.0721
30575 49.56 34.88 0.00 -4.4592 -3.0721 -3.0721
30600 49.34 34.57 0.00 -6.6784 -2.6415 -2.6415
30625 49.11 34.14 0.00 -4.6426 -0.6483 -0.6483
30650 49.11 34.14 0.00 -4.6426 -0.6483 -0.6483
30675 48.95 33.77 0.00 -3.8960 -3.3587 -3.3587
30700 48.80 33.40 0.00 -3.6120 -1.6712 -1.6712
30725 48.62 33.05 0.00 -5.3237 -2.9673 -2.9673
30750 48.62 33.05 0.00 -5.3237 -2.9673 -2.9673
30775 48.62 33.05 0.00 -5.3237 -2.9673 -2.9673
30800 48.45 32.67 0.00 1.0108 -1.2180 -1.2180
30825 48.45 32.67 0.00 1.0108 -1.2180 -1.2180
30850 48.48 32.52 0.00 1.6728 -0.1332 -0.1332
30875 48.48 32.52 0.00 1.6728 -0.1332 -0.1332
30900 48.59 32.48 0.00 3.5020 2.5483 2.5483
30925 48.60 32.62 0.00 -2.1482 -4.2810 -4.2810
30950 48.45 32.89 0.00 -3.4536 -3.4954 -3.4954
30975 48.41 33.32 0.00 1.1985 -0.9196 -0.9196
31000 48.41 33.32 0.00 1.1985 -0.9196 -0.9196
31025 48.55 33.79 0.00 4.4491 0.5128 0.5128
31050 48.74 34.41 0.00 4.5073 0.1410 0.1410
31075 48.74 34.41 0.00 4.5073 0.1410 0.1410
31100 48.78 34.91 0.00 -1.6354 -2.9843 -2.9843
31125 48.73 35.36 0.00 -0.4457 0.9489 0.9489
31150 48.73 35.36 0.00 -0.4457 0.9489 0.9489
31175 48.69 35.84 0.00 -1.1650 0.2172 0.2172
31200 48.64 36.28 0.00 -1.6798 0.3016 0.3016
31225 48.64 36.28 0.00 -1.6798 0.3016 0.3016
31250 48.48 36.77 0.00 -6.0816 -4.2348 -4.2348
31275 48.18 37.31 0.00 -6.8989 -4.4912 -4.4912
31300 48.03 37.65 0.00 -3.0918 -0.4965 -0.4965
31325 48.03 37.65 0.00 -3.0918 -0.4965 -0.4965
31350 47.99 38.03 0.00 0.5107 -2.5359 -2.5359
31375 48.03 38.26 0.00 1.1105 -0.5420 -0.5420
31400 48.03 38.26 0.00 1.1105 -0.5420 -0.5420
31425 48.10 38.29 0.00 3.0504 -1.5601 -1.5601
31450 48.36 38.52 0.00 8.9722 2.6011 2.6011
31475 48.64 38.92 0.00 4.2224 0.1828 0.1828
31500 48.64 38.92 0.00 4.2224 0.1828 0.1828
31525 48.81 39.54 0.00 5.4893 3.7666 3.7666
31550 48.99 40.01 0.00 3.0646 -0.9520 -0.9520
31575 48.99 40.01 0.00 3.0646 -0.9520 -0.9520
31600 49.20 40.39 0.00 8.1084 2.0690 2.0690
31625 49.20 40.39 0.00 8.1084 2.0690 2.0690
31650 49.90 41.27 0.00 7.4999 0.1644 0.1644
31675 49.90 41.27 0.00 7.4999 0.1644 0.1644
31700 50.17 41.98 0.00 6.8908 -2.4328 -2.4328
31725 50.49 43.11 0.00 7.8577 -3.8131 -3.8131
31750 50.49 43.11 0.00 7.8577 -3.8131 -3.8131
31775 50.84 44.25 0.00 9.0530 -6.7278 -6.7278
31800 51.17 45.44 0.00 7.1849 -6.6143 -6.6143
31825 51.17 45.44 0.00 7.1849 -6.6143 -6.6143
31850 51.33 46.21 0.00 3.0604 -2.2266 -2.2266
31875 51.34 46.80 0.00 -1.2076 0.5678 0.5678
31900 51.34 46.80 0.00 -1.2076 0.5678 0.5678
31925 51.24 47.50 0.00 -2.3422 -0.3232 -0.3232
