%#        Time[ms]        X[pixel],        Y[pixel],        Z[pixel],  dX/dt[pixel/s],  dY/dt[pixel/s],  dZ/dt[pixel/s] 
0 50.00 50.00 0.00 -1.8555 -3.6997 -3.6997
25 50.00 50.00 0.00 -1.8555 -3.6997 -3.6997
50 49.97 50.11 0.00 -0.5678 -2.7683 -2.7683
75 49.95 50.11 0.00 -0.0143 -5.1330 -5.1330
100 49.95 50.11 0.00 -0.0143 -5.1330 -5.1330
125 49.93 50.18 0.00 -1.1086 -4.2571 -4.2571
150 49.83 50.16 0.00 -3.4938 -1.6338 -1.6338
175 49.70 50.00 0.00 -2.0892 1.6326 1.6326
200 49.70 50.00 0.00 -2.0892 1.6326 1.6326
225 49.69 49.82 0.00 0.9453 1.3392 1.3392
250 49.74 49.62 0.00 1.0589 1.7859 1.7859
275 49.74 49.62 0.00 1.0589 1.7859 1.7859
300 49.74 49.53 0.00 -0.8732 1.7974 1.7974
325 49.70 49.51 0.00 -0.5531 2.2918 2.2918
350 49.72 49.46 0.00 1.1020 2.2064 2.2064
375 49.72 49.46 0.00 1.1020 2.2064 2.2064
400 49.81 49.32 0.00 3.0646 0.7758 0.7758
425 49.90 49.12 0.00 0.3946 -0.3477 -0.3477
450 49.90 49.12 0.00 0.3946 -0.3477 -0.3477
475 49.74 48.98 0.00 -5.5544 -0.5386 -0.5386
500 49.53 48.94 0.00 -5.1703 -1.9811 -1.9811
525 49.53 48.94 0.00 -5.1703 -1.9811 -1.9811
550 49.30 48.96 0.00 -6.3245 -6.7525 -6.7525
575 48.97 48.92 0.00 -9.7351 -6.0693 -6.0693
600 48.48 48.83 0.00 -14.0785 -6.7924 -6.7924
625 48.48 48.83 0.00 -14.0785 -6.7924 -6.7924
650 47.98 48.74 0.00 -17.5907 -8.0649 -8.0649
675 47.26 48.66 0.00 -18.0706 -7.7816 -7.7816
700 47.26 48.66 0.00 -18.0706 -7.7816 -7.7816
725 46.54 48.64 0.00 -17.2898 -7.2380 -7.2380
750 45.91 48.56 0.00 -14.9248 -5.2403 -5.2403
775 45.91 48.56 0.00 -14.9248 -5.2403 -5.2403
800 45.35 48.54 0.00 -13.5130 -4.6241 -4.6241
825 44.86 48.43 0.00 -11.1770 -3.5828 -3.5828
850 44.86 48.43 0.00 -11.1770 -3.5828 -3.5828
875 44.46 48.26 0.00 -9.3910 -3.9586 -3.9586
900 44.09 48.11 0.00 -9.7731 -6.1237 -6.1237
925 43.71 47.96 0.00 -8.3634 -3.0280 -3.0280
950 43.71 47.96 0.00 -8.3634 -3.0280 -3.0280
975 43.38 47.87 0.00 -8.7085 -4.1385 -4.1385
1000 43.38 47.87 0.00 -8.7085 -4.1385 -4.1385
1025 43.01 47.77 0.00 -9.7566 -5.9276 -5.9276
1050 42.59 47.66 0.00 -11.5497 -5.7207 -5.7207
1075 42.02 47.47 0.00 -15.5427 -6.3043 -6.3043
1100 42.02 47.47 0.00 -15.5427 -6.3043 -6.3043
1125 41.29 47.15 0.00 -19.8113 -5.5465 -5.5465
1150 40.42 46.64 0.00 -23.5293 -4.8870 -4.8870
1175 39.30 46.09 0.00 -30.8366 -5.9684 -5.9684
1200 39.30 46.09 0.00 -30.8366 -5.9684 -5.9684
1225 38.06 45.67 0.00 -29.6547 -3.9415 -3.9415
1250 36.99 45.43 0.00 -24.6610 -6.1898 -6.1898
1275 36.99 45.43 0.00 -24.6610 -6.1898 -6.1898
1300 36.09 45.27 0.00 -21.1177 -8.3247 -8.3247
1325 35.38 45.14 0.00 -15.5394 -6.7069 -6.7069
1350 35.38 45.14 0.00 -15.5394 -6.7069 -6.7069
1375 34.91 44.99 0.00 -9.0072 -6.9768 -6.9768
1400 34.70 44.91 0.00 -3.8016 -3.6691 -3.6691
1425 34.63 44.91 0.00 -0.7725 -3.5223 -3.5223
1450 34.63 44.91 0.00 -0.7725 -3.5223 -3.5223
1475 34.61 44.91 0.00 -1.1163 -3.8846 -3.8846
1500 34.47 44.94 0.00 -4.2019 -2.3587 -2.3587
1525 34.36 44.90 0.00 -1.7952 -1.0204 -1.0204
1550 34.36 44.90 0.00 -1.7952 -1.0204 -1.0204
1575 34.36 44.83 0.00 0.6138 -0.0574 -0.0574
1600 34.36 44.83 0.00 0.6138 -0.0574 -0.0574
1625 34.39 44.74 0.00 1.3436 0.1113 0.1113
1650 34.45 44.68 0.00 0.7899 0.2779 0.2779
1675 34.43 44.63 0.00 -1.2898 0.8076 0.8076
1700 34.43 44.63 0.00 -1.2898 0.8076 0.8076
1725 34.39 44.61 0.00 0.0411 0.9684 0.9684
1750 34.41 44.57 0.00 0.0840 -0.9913 -0.9913
1775 34.41 44.57 0.00 0.0840 -0.9913 -0.9913
1800 34.36 44.51 0.00 -2.2127 -1.3131 -1.3131
1825 34.25 44.44 0.00 -2.2639 0.7939 0.7939
1850 34.18 44.36 0.00 -1.5223 -0.7046 -0.7046
1875 34.18 44.36 0.00 -1.5223 -0.7046 -0.7046
1900 34.13 44.30 0.00 -2.0132 -3.4858 -3.4858
1925 34.13 44.30 0.00 -2.0132 -3.4858 -3.4858
1950 33.96 44.22 0.00 -5.0700 -3.4306 -3.4306
1975 33.75 44.10 0.00 -5.3567 -2.4704 -2.4704
2000 33.55 43.93 0.00 -4.5423 -2.3538 -2.3538
2025 33.37 43.74 0.00 -4.9189 -2.7170 -2.7170
2050 33.37 43.74 0.00 -4.9189 -2.7170 -2.7170
2075 33.16 43.52 0.00 -5.8144 -3.0126 -3.0126
2100 32.83 43.38 0.00 -9.5780 -2.7288 -2.7288
2125 32.83 43.38 0.00 -9.5780 -2.7288 -2.7288
2150 32.83 43.38 0.00 -9.5780 -2.7288 -2.7288
2175 32.13 43.18 0.00 -6.8418 -4.3391 -4.3391
2200 32.13 43.18 0.00 -6.8418 -4.3391 -4.3391
2225 31.86 43.08 0.00 -6.2324 -5.2073 -5.2073
2250 31.57 42.94 0.00 -7.9589 -5.8372 -5.8372
2275 31.57 42.94 0.00 -7.9589 -5.8372 -5.8372
2300 31.36 42.83 0.00 -3.3201 -0.3756 -0.3756
2325 31.29 42.77 0.00 -1.4618 -3.1066 -3.1066
2350 31.29 42.77 0.00 -1.4618 -3.1066 -3.1066
2375 31.25 42.72 0.00 -1.2600 -3.1250 -3.1250
2400 31.25 42.72 0.00 -1.2600 -3.1250 -3.1250
2425 31.10 42.67 0.00 -1.1983 -0.2600 -0.2600
2450 31.10 42.67 0.00 -1.1983 -0.2600 -0.2600
2475 31.12 42.65 0.00 1.7325 2.1998 2.1998
2500 31.21 42.60 0.00 1.7305 0.3510 0.3510
2525 31.21 42.60 0.00 1.7305 0.3510 0.3510
2550 31.21 42.53 0.00 -0.5766 0.6735 0.6735
2575 31.20 42.45 0.00 -0.6910 1.0669 1.0669
2600 31.16 42.34 0.00 -0.7316 0.4031 0.4031
2625 31.16 42.34 0.00 -0.7316 0.4031 0.4031
2650 31.14 42.15 0.00 -0.8009 0.1592 0.1592
2675 31.07 41.86 0.00 -2.1033 0.0465 0.0465
2700 31.07 41.86 0.00 -2.1033 0.0465 0.0465
2725 30.94 41.46 0.00 -3.8605 -0.5744 -0.5744
2750 30.85 41.06 0.00 -0.8889 6.5635 6.5635
2775 30.85 41.06 0.00 -0.8889 6.5635 6.5635
2800 30.76 40.66 0.00 -3.7350 2.3906 2.3906
2825 30.63 40.16 0.00 -2.7745 3.2601 3.2601
2850 30.63 40.16 0.00 -2.7745 3.2601 3.2601
2875 30.56 39.64 0.00 -1.7330 2.3100 2.3100
2900 30.45 39.16 0.00 -2.9277 0.2146 0.2146
2925 30.36 38.77 0.00 -2.2364 -0.0839 -0.0839
2950 30.36 38.77 0.00 -2.2364 -0.0839 -0.0839
2975 30.25 38.48 0.00 -2.5280 -0.7121 -0.7121
3000 30.18 38.26 0.00 -1.3771 0.0115 0.0115
3025 30.18 38.26 0.00 -1.3771 0.0115 0.0115
3050 30.16 38.11 0.00 -0.1712 -0.2937 -0.2937
3075 30.18 37.99 0.00 0.0691 -0.5508 -0.5508
3100 30.13 37.91 0.00 -1.6379 -0.6370 -0.6370
3125 30.13 37.91 0.00 -1.6379 -0.6370 -0.6370
3150 30.07 37.85 0.00 -1.4728 -0.3794 -0.3794
3175 29.95 37.77 0.00 -4.5096 -5.6352 -5.6352
3200 29.95 37.77 0.00 -4.5096 -5.6352 -5.6352
3225 29.82 37.72 0.00 -1.7172 0.6436 0.6436
3250 29.76 37.72 0.00 -1.7287 -2.8835 -2.8835
3275 29.76 37.72 0.00 -1.7287 -2.8835 -2.8835
3300 29.67 37.68 0.00 -2.3083 -3.2703 -3.2703
3325 29.55 37.63 0.00 -3.5905 -2.4679 -2.4679
3350 29.44 37.61 0.00 -2.6616 -1.8698 -1.8698
3375 29.44 37.61 0.00 -2.6616 -1.8698 -1.8698
3400 29.36 37.54 0.00 -1.0731 -0.1473 -0.1473
3425 29.36 37.54 0.00 -1.0731 -0.1473 -0.1473
3450 29.29 37.42 0.00 -1.7170 -0.5522 -0.5522
3475 29.25 37.36 0.00 -0.8700 -0.1169 -0.1169
3500 29.24 37.30 0.00 -0.4091 0.1131 0.1131
3525 29.24 37.30 0.00 -0.4091 0.1131 0.1131
3550 29.22 37.28 0.00 0.0455 0.1472 0.1472
3575 29.25 37.34 0.00 1.4210 0.9142 0.9142
3600 29.25 37.34 0.00 1.4210 0.9142 0.9142
3625 29.31 37.39 0.00 1.1912 0.0866 0.0866
3650 29.35 37.37 0.00 0.4342 0.1599 0.1599
3675 29.35 37.37 0.00 0.4342 0.1599 0.1599
3700 29.35 37.27 0.00 1.2149 2.0752 2.0752
3725 29.51 37.26 0.00 4.2321 3.2022 3.2022
3750 29.67 37.25 0.00 3.8012 -0.2191 -0.2191
3775 29.67 37.25 0.00 3.8012 -0.2191 -0.2191
3800 29.76 37.20 0.00 1.4064 0.2880 0.2880
3825 29.80 37.14 0.00 1.1453 2.0879 2.0879
3850 29.91 37.05 0.00 3.4068 1.8347 1.8347
3875 29.91 37.05 0.00 3.4068 1.8347 1.8347
3900 30.05 36.99 0.00 5.7310 4.0160 4.0160
3925 30.05 36.99 0.00 5.7310 4.0160 4.0160
3950 30.27 36.82 0.00 5.4456 3.5844 3.5844
3975 30.54 36.68 0.00 7.4621 5.0250 5.0250
4000 30.91 36.55 0.00 10.0917 6.6757 6.6757
4025 31.39 36.44 0.00 13.8221 8.6067 8.6067
4050 31.39 36.44 0.00 13.8221 8.6067 8.6067
4075 32.01 36.40 0.00 15.2208 8.9292 8.9292
4100 32.39 36.22 0.00 6.0536 7.3515 7.3515
4125 32.39 36.22 0.00 6.0536 7.3515 7.3515
4150 32.62 35.98 0.00 6.3378 9.6237 9.6237
4175 32.94 35.83 0.00 9.6119 6.7423 6.7423
4200 32.94 35.83 0.00 9.6119 6.7423 6.7423
4225 33.36 35.77 0.00 10.8624 5.3621 5.3621
4250 33.91 35.95 0.00 14.7699 10.5554 10.5554
4275 33.91 35.95 0.00 14.7699 10.5554 10.5554
4300 34.43 36.15 0.00 10.9193 6.0754 6.0754
4325 34.73 36.30 0.00 6.3671 4.5398 4.5398
4350 34.93 36.39 0.00 4.3696 3.7651 3.7651
4375 34.93 36.39 0.00 4.3696 3.7651 3.7651
4400 35.11 36.45 0.00 4.1702 4.0575 4.0575
4425 35.27 36.46 0.00 4.8303 5.1898 5.1898
4450 35.27 36.46 0.00 4.8303 5.1898 5.1898
4475 35.52 36.45 0.00 7.1896 5.1074 5.1074
4500 35.84 36.50 0.00 7.8153 4.2197 4.2197
4525 35.84 36.50 0.00 7.8153 4.2197 4.2197
4550 36.12 36.59 0.00 7.5105 4.8718 4.8718
4575 36.36 36.70 0.00 7.2957 3.1676 3.1676
4600 36.73 36.96 0.00 7.5737 3.2488 3.2488
4625 36.73 36.96 0.00 7.5737 3.2488 3.2488
4650 36.92 37.04 0.00 5.8661 3.2021 3.2021
4675 37.08 37.09 0.00 2.3366 1.8631 1.8631
4700 37.08 37.09 0.00 2.3366 1.8631 1.8631
4725 37.08 37.09 0.00 2.3366 1.8631 1.8631
4750 37.19 37.11 0.00 2.1312 0.3482 0.3482
4775 37.26 37.19 0.00 1.1119 -2.0710 -2.0710
4800 37.26 37.19 0.00 1.1119 -2.0710 -2.0710
4825 37.38 37.37 0.00 4.6432 3.1670 3.1670
4850 37.56 37.53 0.00 4.2515 0.2200 0.2200
4875 37.56 37.53 0.00 4.2515 0.2200 0.2200
4900 37.74 37.71 0.00 3.9118 0.3562 0.3562
4925 37.81 37.84 0.00 1.0470 -0.4989 -0.4989
4950 37.81 37.84 0.00 1.0470 -0.4989 -0.4989
4975 37.88 37.96 0.00 1.7819 0.9188 0.9188
5000 37.97 38.00 0.00 3.5387 1.5478 1.5478
5025 38.16 38.08 0.00 4.6922 1.4936 1.4936
5050 38.16 38.08 0.00 4.6922 1.4936 1.4936
5075 38.34 38.20 0.00 4.5341 0.9368 0.9368
5100 38.52 38.34 0.00 4.0053 1.0902 1.0902
5125 38.52 38.34 0.00 4.0053 1.0902 1.0902
5150 38.64 38.44 0.00 2.4370 1.2688 1.2688
5175 38.69 38.46 0.00 1.1643 1.1240 1.1240
5200 38.69 38.46 0.00 1.1643 1.1240 1.1240
5225 38.73 38.40 0.00 0.7636 0.0422 0.0422
5250 38.75 38.29 0.00 0.2075 0.5277 0.5277
5275 38.75 38.29 0.00 0.2075 0.5277 0.5277
5300 38.78 38.14 0.00 1.7270 1.2666 1.2666
5325 38.91 38.03 0.00 3.6905 1.7521 1.7521
5350 39.03 37.96 0.00 4.2159 1.8679 1.8679
5375 39.03 37.96 0.00 4.2159 1.8679 1.8679
5400 39.21 37.79 0.00 2.9794 2.0536 2.0536
5425 39.31 37.62 0.00 3.1415 2.3902 2.3902
5450 39.31 37.62 0.00 3.1415 2.3902 2.3902
5475 39.45 37.57 0.00 5.0787 4.4778 4.4778
5500 39.65 37.52 0.00 4.7161 1.7046 1.7046
5525 39.82 37.47 0.00 4.0355 1.4369 1.4369
5550 39.82 37.47 0.00 4.0355 1.4369 1.4369
5575 40.00 37.45 0.00 4.9543 2.4356 2.4356
5600 40.27 37.52 0.00 7.9099 3.8482 3.8482
5625 40.27 37.52 0.00 7.9099 3.8482 3.8482
5650 40.69 37.53 0.00 12.2519 6.3126 6.3126
5675 41.27 37.58 0.00 15.5680 6.6714 6.6714
5700 41.27 37.58 0.00 15.5680 6.6714 6.6714
5725 41.94 37.66 0.00 17.4949 6.8222 6.8222
5750 42.66 37.84 0.00 18.0740 7.4577 7.4577
5775 42.66 37.84 0.00 18.0740 7.4577 7.4577
5800 43.39 38.12 0.00 18.6519 7.1298 7.1298
5825 44.16 38.55 0.00 20.3603 5.7820 5.7820
5850 44.16 38.55 0.00 20.3603 5.7820 5.7820
5875 45.13 39.15 0.00 25.9566 4.4953 4.4953
5900 46.14 39.67 0.00 24.2899 1.0834 1.0834
5925 46.98 40.02 0.00 18.4258 2.5129 2.5129
5950 46.98 40.02 0.00 18.4258 2.5129 2.5129
5975 47.54 40.28 0.00 11.9154 3.4483 3.4483
6000 47.87 40.49 0.00 6.3526 3.3001 3.3001
6025 48.04 40.68 0.00 3.4684 3.1616 3.1616
6050 48.04 40.68 0.00 3.4684 3.1616 3.1616
6075 48.13 40.81 0.00 2.1767 1.8311 1.8311
6100 48.13 40.81 0.00 2.1767 1.8311 1.8311
6125 48.22 40.99 0.00 1.4032 1.4754 1.4754
6150 48.25 41.14 0.00 0.4763 -0.5176 -0.5176
6175 48.25 41.20 0.00 0.0044 0.2171 0.2171
6200 48.25 41.20 0.00 0.0044 0.2171 0.2171
6225 48.27 41.24 0.00 0.9337 1.1384 1.1384
6250 48.36 41.27 0.00 2.7552 1.4729 1.4729
6275 48.48 41.26 0.00 3.4586 2.9597 2.9597
6300 48.48 41.26 0.00 3.4586 2.9597 2.9597
6325 48.62 41.28 0.00 3.6692 2.8915 2.8915
6350 48.62 41.28 0.00 3.6692 2.8915 2.8915
6375 48.80 41.37 0.00 4.7396 2.1266 2.1266
6400 48.99 41.48 0.00 5.4432 3.2714 3.2714
6425 49.27 41.59 0.00 7.0573 4.0368 4.0368
6450 49.27 41.59 0.00 7.0573 4.0368 4.0368
6475 49.62 41.76 0.00 10.1047 4.3554 4.3554
6500 50.07 42.00 0.00 11.7567 2.5776 2.5776
6525 50.58 42.26 0.00 12.4800 1.3967 1.3967
6550 50.58 42.26 0.00 12.4800 1.3967 1.3967
6575 51.05 42.54 0.00 11.6630 0.9083 0.9083
6600 51.05 42.54 0.00 11.6630 0.9083 0.9083
6625 51.50 42.76 0.00 11.2728 1.6513 1.6513
6650 51.99 43.05 0.00 13.0410 1.7737 1.7737
6675 52.55 43.36 0.00 14.5905 1.4544 1.4544
6700 53.04 43.67 0.00 10.4149 0.0187 0.0187
6725 53.04 43.67 0.00 10.4149 0.0187 0.0187
6750 53.04 43.67 0.00 10.4149 0.0187 0.0187
6775 53.63 44.11 0.00 5.9792 -0.0585 -0.0585
6800 53.63 44.11 0.00 5.9792 -0.0585 -0.0585
6825 53.88 44.22 0.00 6.6642 2.2103 2.2103
6850 53.88 44.22 0.00 6.6642 2.2103 2.2103
6875 54.17 44.29 0.00 7.9701 3.0513 3.0513
6900 54.51 44.28 0.00 13.0181 5.9600 5.9600
6925 55.12 44.31 0.00 16.1985 5.5500 5.5500
6950 55.12 44.31 0.00 16.1985 5.5500 5.5500
6975 55.80 44.38 0.00 17.2968 6.2826 6.2826
7000 56.50 44.48 0.00 17.9714 6.8913 6.8913
7025 57.26 44.61 0.00 19.9301 7.8855 7.8855
7050 57.26 44.61 0.00 19.9301 7.8855 7.8855
7075 58.13 44.80 0.00 23.3440 8.3665 8.3665
7100 58.13 44.80 0.00 23.3440 8.3665 8.3665
7125 59.21 44.98 0.00 28.2436 9.0412 9.0412
7150 60.40 45.12 0.00 31.0680 9.1306 9.1306
7175 61.64 45.30 0.00 30.3384 8.4247 8.4247
7200 61.64 45.30 0.00 30.3384 8.4247 8.4247
7225 62.74 45.49 0.00 25.5433 6.6784 6.6784
7250 62.74 45.49 0.00 25.5433 6.6784 6.6784
7275 64.20 45.93 0.00 12.9272 6.5704 6.5704
7300 64.20 45.93 0.00 12.9272 6.5704 6.5704
7325 64.57 46.17 0.00 7.6268 3.7921 3.7921
7350 64.82 46.37 0.00 5.2331 2.9510 2.9510
7375 65.03 46.49 0.00 5.7145 3.5089 3.5089
7400 65.03 46.49 0.00 5.7145 3.5089 3.5089
7425 65.32 46.57 0.00 8.4388 3.8369 3.8369
7450 65.75 46.69 0.00 12.4076 6.6381 6.6381
7475 65.75 46.69 0.00 12.4076 6.6381 6.6381
7500 66.29 46.91 0.00 13.5561 5.7024 5.7024
7525 66.82 47.20 0.00 13.3652 6.0193 6.0193
7550 66.82 47.20 0.00 13.3652 6.0193 6.0193
7575 67.33 47.57 0.00 12.0410 5.8554 5.8554
7600 67.74 48.02 0.00 8.6576 2.7495 2.7495
7625 67.74 48.02 0.00 8.6576 2.7495 2.7495
7650 68.01 48.47 0.00 5.4253 1.2883 1.2883
7675 68.16 48.76 0.00 4.7538 0.4938 0.4938
7700 68.16 48.76 0.00 4.7538 0.4938 0.4938
7725 68.34 49.10 0.00 4.9228 0.6139 0.6139
7750 68.57 49.46 0.00 6.2168 1.4068 1.4068
7775 68.86 49.85 0.00 7.8094 0.8426 0.8426
7800 68.86 49.85 0.00 7.8094 0.8426 0.8426
7825 69.15 50.22 0.00 6.1960 1.7115 1.7115
7850 69.31 50.64 0.00 3.4584 -0.1005 -0.1005
7875 69.31 50.64 0.00 3.4584 -0.1005 -0.1005
7900 69.37 50.96 0.00 -1.1861 -1.6179 -1.6179
7925 69.24 51.15 0.00 -3.2266 0.5712 0.5712
7950 69.24 51.15 0.00 -3.2266 0.5712 0.5712
7975 69.17 51.26 0.00 0.2917 1.0625 1.0625
8000 69.31 51.31 0.00 5.7099 3.1297 3.1297
8025 69.31 51.31 0.00 5.7099 3.1297 3.1297
8050 69.64 51.39 0.00 9.0151 4.5091 4.5091
8075 70.05 51.54 0.00 12.1515 6.0632 6.0632
8100 70.65 51.82 0.00 17.2488 7.0011 7.0011
8125 70.65 51.82 0.00 17.2488 7.0011 7.0011
8150 71.51 52.17 0.00 24.3957 9.5253 9.5253
8175 71.51 52.17 0.00 24.3957 9.5253 9.5253
8200 72.57 52.60 0.00 27.1978 10.1832 10.1832
8225 73.69 53.11 0.00 28.7358 10.7863 10.7863
8250 74.86 53.71 0.00 28.9360 8.2211 8.2211
8275 74.86 53.71 0.00 28.9360 8.2211 8.2211
8300 75.95 54.30 0.00 25.8670 4.5587 4.5587
8325 76.94 54.90 0.00 23.8775 6.1064 6.1064
8350 77.77 55.46 0.00 18.1334 5.0996 5.0996
8375 77.77 55.46 0.00 18.1334 5.0996 5.0996
8400 78.32 56.03 0.00 11.0699 3.4317 3.4317
8425 78.32 56.03 0.00 11.0699 3.4317 3.4317
8450 78.32 56.03 0.00 11.0699 3.4317 3.4317
8475 79.00 57.22 0.00 6.0323 1.1982 1.1982
8500 79.20 57.80 0.00 4.2157 1.3822 1.3822
8525 79.20 57.80 0.00 4.2157 1.3822 1.3822
8550 79.37 58.20 0.00 7.1276 2.1350 2.1350
8575 79.75 58.70 0.00 10.1197 0.6735 0.6735
8600 80.13 59.17 0.00 9.2992 1.8845 1.8845
8625 80.13 59.17 0.00 9.2992 1.8845 1.8845
8650 80.52 59.64 0.00 9.7377 2.0401 2.0401
8675 80.99 60.16 0.00 13.3802 0.9041 0.9041
8700 80.99 60.16 0.00 13.3802 0.9041 0.9041
8725 81.59 60.80 0.00 15.7234 -0.1223 -0.1223
8750 82.30 61.57 0.00 19.6353 1.0221 1.0221
8775 82.30 61.57 0.00 19.6353 1.0221 1.0221
8800 83.11 62.39 0.00 21.0673 1.4907 1.4907
8825 84.04 63.10 0.00 23.8481 1.9179 1.9179
8850 85.00 63.64 0.00 25.0030 2.5642 2.5642
8875 85.00 63.64 0.00 25.0030 2.5642 2.5642
8900 86.08 64.24 0.00 26.8931 1.4343 1.4343
8925 86.08 64.24 0.00 26.8931 1.4343 1.4343
8950 87.09 64.81 0.00 24.9920 -2.0452 -2.0452
8975 88.09 65.35 0.00 23.9492 -0.1256 -0.1256
9000 88.89 65.85 0.00 17.7591 -0.7452 -0.7452
9025 88.89 65.85 0.00 17.7591 -0.7452 -0.7452
9050 89.51 66.37 0.00 15.1802 1.8550 1.8550
9075 90.20 66.82 0.00 18.1367 3.3086 3.3086
9100 90.91 67.11 0.00 17.7639 2.5196 2.5196
9125 90.91 67.11 0.00 17.7639 2.5196 2.5196
9150 91.52 67.37 0.00 13.3193 3.2143 3.2143
9175 91.52 67.37 0.00 13.3193 3.2143 3.2143
9200 92.06 67.68 0.00 14.0671 4.6128 4.6128
9225 92.67 68.08 0.00 16.1158 2.4063 2.4063
9250 93.42 68.59 0.00 20.4941 2.7507 2.7507
9275 93.42 68.59 0.00 20.4941 2.7507 2.7507
9300 94.33 69.10 0.00 24.5248 2.9767 2.9767
9325 95.47 69.57 0.00 31.2938 4.7084 4.7084
9350 96.50 69.86 0.00 35.1469 5.6944 5.6944
9375 96.50 69.86 0.00 35.1469 5.6944 5.6944
9400 97.78 70.25 0.00 28.3230 4.1672 4.1672
9425 98.54 70.57 0.00 11.6036 0.4260 0.4260
9450 98.54 70.57 0.00 11.6036 0.4260 0.4260
9475 98.69 70.80 0.00 0.4849 1.2258 1.2258
9500 98.56 70.84 0.00 -6.9681 -0.5553 -0.5553
9525 98.56 70.84 0.00 -6.9681 -0.5553 -0.5553
9550 98.15 70.56 0.00 -10.9763 2.4039 2.4039
9575 97.68 70.11 0.00 -12.4543 2.7737 2.7737
9600 97.18 69.62 0.00 -11.5739 1.4329 1.4329
9625 97.18 69.62 0.00 -11.5739 1.4329 1.4329
9650 96.67 69.12 0.00 -14.5297 0.1428 0.1428
9675 96.67 69.12 0.00 -14.5297 0.1428 0.1428
9700 96.04 68.61 0.00 -16.1029 1.1609 1.1609
9725 95.38 68.15 0.00 -16.3913 0.1491 0.1491
9750 94.73 67.70 0.00 -16.6065 -1.1472 -1.1472
9775 94.73 67.70 0.00 -16.6065 -1.1472 -1.1472
9800 94.00 67.24 0.00 -18.7006 -3.1788 -3.1788
9825 93.25 66.82 0.00 -18.7012 -2.2247 -2.2247
9850 92.51 66.41 0.00 -18.2027 -1.8943 -1.8943
9875 92.51 66.41 0.00 -18.2027 -1.8943 -1.8943
9900 91.87 66.16 0.00 -14.8319 -1.3283 -1.3283
9925 91.32 66.01 0.00 -13.1047 -4.7868 -4.7868
9950 91.32 66.01 0.00 -13.1047 -4.7868 -4.7868
9975 90.87 65.86 0.00 -9.8112 -3.4847 -3.4847
10000 90.57 65.77 0.00 -5.8023 -1.2967 -1.2967
10025 90.42 65.73 0.00 -4.8647 -1.3773 -1.3773
10050 90.42 65.73 0.00 -4.8647 -1.3773 -1.3773
10075 90.42 65.73 0.00 -4.8647 -1.3773 -1.3773
10100 90.12 65.71 0.00 -2.8633 0.9246 0.9246
10125 90.12 65.71 0.00 -2.8633 0.9246 0.9246
10150 89.98 65.68 0.00 -3.7167 0.2463 0.2463
10175 89.79 65.71 0.00 -4.8436 -0.0819 -0.0819
10200 89.79 65.71 0.00 -4.8436 -0.0819 -0.0819
10225 89.61 65.81 0.00 -4.7574 -0.8145 -0.8145
10250 89.43 65.94 0.00 -4.0838 -1.0378 -1.0378
10275 89.43 65.94 0.00 -4.0838 -1.0378 -1.0378
10300 89.27 66.11 0.00 -4.0622 -1.7167 -1.7167
10325 89.27 66.11 0.00 -4.0622 -1.7167 -1.7167
10350 89.13 66.28 0.00 -2.9091 -1.2864 -1.2864
10375 89.07 66.47 0.00 -1.6561 -2.3465 -2.3465
10400 88.89 66.60 0.00 -6.3899 -3.5109 -3.5109
10425 88.89 66.60 0.00 -6.3899 -3.5109 -3.5109
10450 88.57 66.90 0.00 -9.0043 -3.4263 -3.4263
10475 88.13 67.25 0.00 -11.9138 -8.2771 -8.2771
10500 87.53 67.61 0.00 -16.8298 -9.2179 -9.2179
10525 86.85 67.96 0.00 -16.5420 -7.9093 -7.9093
10550 86.85 67.96 0.00 -16.5420 -7.9093 -7.9093
10575 86.22 68.25 0.00 -15.1720 -7.5581 -7.5581
10600 85.67 68.44 0.00 -12.4516 -5.2648 -5.2648
10625 85.24 68.58 0.00 -9.6349 -5.1174 -5.1174
10650 85.24 68.58 0.00 -9.6349 -5.1174 -5.1174
10675 84.88 68.65 0.00 -8.5955 -5.1374 -5.1374
10700 84.88 68.65 0.00 -8.5955 -5.1374 -5.1374
10725 84.59 68.69 0.00 -6.8514 -3.5465 -3.5465
10750 84.32 68.74 0.00 -7.2919 -3.8128 -3.8128
10775 84.02 68.80 0.00 -6.5615 -3.4728 -3.4728
10800 84.02 68.80 0.00 -6.5615 -3.4728 -3.4728
10825 83.85 68.80 0.00 -6.0322 -3.4260 -3.4260
10850 83.61 68.72 0.00 -4.9148 -1.5345 -1.5345
10875 83.61 68.72 0.00 -4.9148 -1.5345 -1.5345
10900 83.48 68.59 0.00 -3.0518 -0.8801 -0.8801
10925 83.38 68.48 0.00 -2.0475 -0.9281 -0.9281
10950 83.38 68.48 0.00 -2.0475 -0.9281 -0.9281
10975 83.34 68.39 0.00 -0.0097 0.7088 0.7088
11000 83.34 68.39 0.00 -0.7406 0.1471 0.1471
11025 83.34 68.39 0.00 -0.7406 0.1471 0.1471
11050 83.28 68.41 0.00 -1.8199 -2.3546 -2.3546
11075 83.13 68.42 0.00 -5.8159 -1.5189 -1.5189
11100 82.84 68.40 0.00 -7.7427 -1.0806 -1.0806
11125 82.84 68.40 0.00 -7.7427 -1.0806 -1.0806
11150 82.51 68.35 0.00 -8.6836 -2.5053 -2.5053
11175 82.14 68.27 0.00 -9.6157 -2.5917 -2.5917
11200 82.14 68.27 0.00 -9.6157 -2.5917 -2.5917
11225 81.72 68.23 0.00 -10.3933 -4.5794 -4.5794
11250 81.72 68.23 0.00 -10.3933 -4.5794 -4.5794
11275 80.99 68.25 0.00 -9.0827 -4.9000 -4.9000
11300 80.99 68.25 0.00 -9.0827 -4.9000 -4.9000
11325 80.59 68.36 0.00 -10.8601 -6.0892 -6.0892
11350 80.59 68.36 0.00 -10.8601 -6.0892 -6.0892
11375 80.08 68.48 0.00 -13.9381 -7.1015 -7.1015
11400 79.47 68.57 0.00 -15.5390 -7.3606 -7.3606
11425 78.86 68.60 0.00 -14.6193 -6.4999 -6.4999
11450 78.86 68.60 0.00 -14.6193 -6.4999 -6.4999
11475 78.37 68.62 0.00 -10.7343 -4.8895 -4.8895
11500 78.03 68.58 0.00 -7.5111 -5.4182 -5.4182
11525 78.03 68.58 0.00 -7.5111 -5.4182 -5.4182
11550 77.73 68.42 0.00 -7.3814 -5.8242 -5.8242
11575 77.47 68.36 0.00 -5.9614 -2.8544 -2.8544
11600 77.47 68.36 0.00 -5.9614 -2.8544 -2.8544
11625 77.30 68.34 0.00 -5.8841 -4.6114 -4.6114
11650 77.08 68.34 0.00 -5.3014 -4.5389 -4.5389
11675 76.85 68.29 0.00 -6.3519 -3.9570 -3.9570
11700 76.85 68.29 0.00 -6.3519 -3.9570 -3.9570
11725 76.53 68.27 0.00 -7.7908 -2.6001 -2.6001
11750 76.27 68.18 0.00 -5.8758 -1.3731 -1.3731
11775 76.07 68.05 0.00 -5.3532 -1.0635 -1.0635
11800 76.07 68.05 0.00 -5.3532 -1.0635 -1.0635
11825 75.84 67.96 0.00 -4.9955 -1.7257 -1.7257
11850 75.84 67.96 0.00 -4.9955 -1.7257 -1.7257
11875 75.64 67.91 0.00 -5.5398 -1.9252 -1.9252
11900 75.42 67.89 0.00 -5.3297 -1.6045 -1.6045
11925 75.19 67.90 0.00 -6.0685 -3.0741 -3.0741
11950 75.19 67.90 0.00 -6.0685 -3.0741 -3.0741
11975 74.90 67.89 0.00 -8.7491 -3.6245 -3.6245
12000 74.41 67.87 0.00 -13.8626 -5.3312 -5.3312
12025 73.75 67.81 0.00 -17.7423 -5.5087 -5.5087
12050 73.75 67.81 0.00 -17.7423 -5.5087 -5.5087
12075 73.75 67.81 0.00 -17.7423 -5.5087 -5.5087
12100 73.01 67.67 0.00 -18.8961 -6.7435 -6.7435
12125 72.28 67.52 0.00 -18.0578 -7.4324 -7.4324
12150 71.58 67.40 0.00 -16.8475 -8.9719 -8.9719
12175 70.96 67.34 0.00 -13.9342 -7.2326 -7.2326
12200 70.96 67.34 0.00 -13.9342 -7.2326 -7.2326
12225 70.53 67.32 0.00 -9.8057 -6.9106 -6.9106
12250 70.53 67.32 0.00 -9.8057 -6.9106 -6.9106
12275 70.20 67.30 0.00 -7.0166 -7.2105 -7.2105
12300 69.96 67.30 0.00 -5.4129 -4.9423 -4.9423
12325 69.78 67.30 0.00 -4.4554 -3.5771 -3.5771
12350 69.78 67.30 0.00 -4.4554 -3.5771 -3.5771
12375 69.62 67.23 0.00 -3.3586 -1.6774 -1.6774
12400 69.51 67.14 0.00 -2.8947 -0.7946 -0.7946
12425 69.46 67.11 0.00 -0.4530 -0.5644 -0.5644
12450 69.46 67.11 0.00 -0.4530 -0.5644 -0.5644
12475 69.47 67.06 0.00 0.2913 -0.9912 -0.9912
12500 69.47 67.06 0.00 0.2913 -0.9912 -0.9912
12525 69.46 67.04 0.00 -0.7267 0.8829 0.8829
12550 69.44 67.06 0.00 -0.4619 0.0496 0.0496
12575 69.44 67.06 0.00 0.2873 -0.4634 -0.4634
12600 69.44 67.06 0.00 0.2873 -0.4634 -0.4634
12625 69.40 67.06 0.00 -1.6261 0.1634 0.1634
12650 69.40 67.06 0.00 -1.6261 0.1634 0.1634
12675 69.38 67.02 0.00 0.8339 -0.0964 -0.0964
12700 69.38 67.02 0.00 0.8339 -0.0964 -0.0964
12725 69.40 66.98 0.00 -0.1496 0.3353 0.3353
12750 69.35 66.91 0.00 -1.7448 -0.8235 -0.8235
12775 69.28 66.88 0.00 -1.6567 1.0006 1.0006
12800 69.28 66.88 0.00 -1.6567 1.0006 1.0006
12825 69.20 66.86 0.00 -2.2411 -2.4365 -2.4365
12850 69.00 66.75 0.00 -6.6229 -2.9917 -2.9917
12875 69.00 66.75 0.00 -6.6229 -2.9917 -2.9917
12900 68.70 66.45 0.00 -7.8558 -2.2919 -2.2919
12925 68.41 66.11 0.00 -6.6590 -2.7552 -2.7552
12950 68.41 66.11 0.00 -6.6590 -2.7552 -2.7552
12975 68.19 65.87 0.00 -4.9304 -1.4848 -1.4848
13000 68.01 65.69 0.00 -3.7653 -1.2641 -1.2641
13025 68.01 65.69 0.00 -3.7653 -1.2641 -1.2641
13050 67.90 65.55 0.00 -2.8750 -1.4649 -1.4649
13075 67.76 65.37 0.00 -3.4654 -0.1265 -0.1265
13100 67.76 65.37 0.00 -3.4654 -0.1265 -0.1265
13125 67.63 65.23 0.00 -3.1261 -0.0070 -0.0070
13150 67.49 65.09 0.00 -3.9588 -1.5754 -1.5754
13175 67.31 64.96 0.00 -5.2473 -2.2006 -2.2006
13200 67.31 64.96 0.00 -5.2473 -2.2006 -2.2006
13225 67.15 64.86 0.00 -5.5615 -2.3552 -2.3552
13250 66.91 64.70 0.00 -5.3702 -1.9411 -1.9411
13275 66.91 64.70 0.00 -5.3702 -1.9411 -1.9411
13300 66.70 64.58 0.00 -5.6714 -2.0687 -2.0687
13325 66.43 64.42 0.00 -7.7916 -2.8256 -2.8256
13350 66.07 64.31 0.00 -8.7784 -1.1500 -1.1500
13375 66.07 64.31 0.00 -8.7784 -1.1500 -1.1500
13400 65.71 64.19 0.00 -9.6879 -3.8793 -3.8793
13425 65.23 64.00 0.00 -13.7508 -5.1351 -5.1351
13450 65.23 64.00 0.00 -13.7508 -5.1351 -5.1351
13475 64.59 63.72 0.00 -16.8907 -4.2847 -4.2847
13500 63.98 63.40 0.00 -14.1145 -4.7637 -4.7637
13525 63.48 63.02 0.00 -10.7982 -4.1552 -4.1552
13550 63.48 63.02 0.00 -10.7982 -4.1552 -4.1552
13575 63.11 62.65 0.00 -9.4561 -3.0638 -3.0638
13600 62.76 62.37 0.00 -7.6200 -2.9567 -2.9567
13625 62.76 62.37 0.00 -7.6200 -2.9567 -2.9567
13650 62.56 61.97 0.00 -3.6979 -4.3421 -4.3421
13675 62.40 61.56 0.00 -4.9889 -3.0020 -3.0020
13700 62.40 61.56 0.00 -4.9889 -3.0020 -3.0020
13725 62.17 61.26 0.00 -5.4554 -0.8643 -0.8643
13750 62.00 61.02 0.00 -4.7998 -2.5861 -2.5861
13775 62.00 61.02 0.00 -4.7998 -2.5861 -2.5861
13800 61.73 60.84 0.00 -7.7720 -3.1828 -3.1828
13825 61.41 60.69 0.00 -7.4064 -2.6252 -2.6252
13850 61.11 60.48 0.00 -7.9230 -4.5005 -4.5005
13875 61.11 60.48 0.00 -7.9230 -4.5005 -4.5005
13900 60.79 60.34 0.00 -8.1307 -2.2601 -2.2601
13925 60.40 60.25 0.00 -10.2600 -4.9730 -4.9730
13950 60.40 60.25 0.00 -10.2600 -4.9730 -4.9730
13975 59.98 60.04 0.00 -11.0533 -5.9543 -5.9543
14000 59.58 59.89 0.00 -15.7284 -7.1198 -7.1198
14025 59.58 59.89 0.00 -15.7284 -7.1198 -7.1198
14050 58.84 59.68 0.00 -19.0513 -7.0822 -7.0822
14075 58.05 59.40 0.00 -20.2525 -9.0164 -9.0164
14100 58.05 59.40 0.00 -20.2525 -9.0164 -9.0164
14125 57.26 59.13 0.00 -19.1546 -9.4453 -9.4453
14150 56.57 58.92 0.00 -15.4093 -8.3184 -8.3184
14175 56.57 58.92 0.00 -15.4093 -8.3184 -8.3184
14200 56.06 58.80 0.00 -10.7972 -6.9445 -6.9445
14225 55.77 58.69 0.00 -6.0980 -4.6705 -4.6705
14250 55.56 58.63 0.00 -4.6643 -4.7645 -4.7645
14275 55.56 58.63 0.00 -4.6643 -4.7645 -4.7645
14300 55.36 58.59 0.00 -4.8639 -4.0595 -4.0595
14325 55.19 58.52 0.00 -4.1064 -3.6382 -3.6382
14350 55.05 58.45 0.00 -2.8936 -3.1171 -3.1171
14375 55.05 58.45 0.00 -2.8936 -3.1171 -3.1171
14400 54.94 58.35 0.00 -2.7211 -2.7730 -2.7730
14425 54.87 58.31 0.00 -1.0205 -0.6428 -0.6428
14450 54.87 58.31 0.00 -1.0205 -0.6428 -0.6428
14475 54.84 58.33 0.00 -1.4527 -2.9241 -2.9241
14500 54.73 58.29 0.00 -3.1579 -2.1857 -2.1857
14525 54.73 58.29 0.00 -3.1579 -2.1857 -2.1857
14550 54.61 58.26 0.00 -2.2110 -0.6201 -0.6201
14575 54.54 58.17 0.00 -1.4747 0.2665 0.2665
14600 54.51 57.96 0.00 -0.4224 2.8034 2.8034
14625 54.51 57.96 0.00 -0.4224 2.8034 2.8034
14650 54.51 57.49 0.00 0.0920 5.5567 5.5567
14675 54.51 57.49 0.00 0.0920 5.5567 5.5567
14700 54.49 56.74 0.00 -1.2468 6.8927 6.8927
14725 54.40 55.99 0.00 -2.8693 6.8388 6.8388
14750 54.26 55.28 0.00 -3.5598 5.5479 5.5479
14775 54.26 55.28 0.00 -3.5598 5.5479 5.5479
14800 54.19 54.84 0.00 -1.6764 4.2267 4.2267
14825 54.14 54.30 0.00 -1.4789 1.5484 1.5484
14850 54.07 53.88 0.00 -1.8549 1.5509 1.5509
14875 54.07 53.88 0.00 -1.8549 1.5509 1.5509
14900 53.98 53.56 0.00 -2.3494 0.7598 0.7598
14925 53.98 53.56 0.00 -2.3494 0.7598 0.7598
14950 53.88 53.29 0.00 -2.8958 -0.9983 -0.9983
14975 53.84 53.03 0.00 0.2917 2.4065 2.4065
15000 53.81 52.85 0.00 -1.4460 -0.7358 -0.7358
15025 53.81 52.85 0.00 -1.4460 -0.7358 -0.7358
15050 53.72 52.71 0.00 -3.1957 -1.8093 -1.8093
15075 53.56 52.62 0.00 -3.8953 -1.4509 -1.4509
15100 53.44 52.58 0.00 -2.6814 -1.1467 -1.1467
15125 53.44 52.58 0.00 -2.6814 -1.1467 -1.1467
15150 53.35 52.53 0.00 -1.5142 -0.0858 -0.0858
15175 53.35 52.53 0.00 -1.5142 -0.0858 -0.0858
15200 53.32 52.50 0.00 -1.1742 -0.1682 -0.1682
15225 53.26 52.44 0.00 -0.8799 -0.7686 -0.7686
15250 53.25 52.41 0.00 -0.1429 0.3875 0.3875
15275 53.25 52.41 0.00 -0.1429 0.3875 0.3875
15300 53.26 52.39 0.00 0.4738 0.5285 0.5285
15325 53.28 52.35 0.00 0.5486 0.1165 0.1165
15350 53.28 52.35 0.00 0.5486 0.1165 0.1165
15375 53.26 52.33 0.00 -0.9454 -0.9751 -0.9751
15400 53.20 52.26 0.00 -1.5203 -0.4254 -0.4254
15425 53.16 52.17 0.00 -1.1564 -0.8801 -0.8801
15450 53.16 52.17 0.00 -1.1564 -0.8801 -0.8801
15475 53.11 52.07 0.00 -1.5762 -1.1183 -1.1183
15500 53.06 52.01 0.00 -1.3815 0.7077 0.7077
15525 53.06 52.01 0.00 -1.3815 0.7077 0.7077
15550 53.02 51.96 0.00 -0.4853 -1.1465 -1.1465
15575 53.02 51.89 0.00 -0.6499 -2.4905 -2.4905
15600 53.02 51.89 0.00 -0.6499 -2.4905 -2.4905
15625 52.93 51.78 0.00 -2.5846 -0.4707 -0.4707
15650 52.83 51.68 0.00 -2.2344 -0.1378 -0.1378
15675 52.78 51.52 0.00 -0.7544 0.9680 0.9680
15700 52.78 51.52 0.00 -0.7544 0.9680 0.9680
15725 52.74 51.28 0.00 -0.9882 0.8545 0.8545
15750 52.71 51.12 0.00 -0.7255 0.4951 0.4951
15775 52.65 51.00 0.00 -1.8776 0.6561 0.6561
15800 52.65 51.00 0.00 -1.8776 0.6561 0.6561
15825 52.60 50.89 0.00 -0.8767 1.6090 1.6090
15850 52.60 50.89 0.00 -0.8767 1.6090 1.6090
15875 52.62 50.75 0.00 0.7952 0.7111 0.7111
15900 52.60 50.51 0.00 -1.3315 0.6511 0.6511
15925 52.51 50.19 0.00 -2.6603 0.9953 0.9953
15950 52.51 50.19 0.00 -2.6603 0.9953 0.9953
15975 52.37 49.83 0.00 -3.3971 0.4170 0.4170
16000 52.25 49.40 0.00 -3.1950 0.5504 0.5504
16025 52.25 49.40 0.00 -3.1950 0.5504 0.5504
16050 52.13 48.94 0.00 -2.5217 0.9735 0.9735
16075 52.06 48.54 0.00 -2.1845 1.3247 1.3247
16100 51.92 48.03 0.00 -3.9662 0.2484 0.2484
16125 51.92 48.03 0.00 -3.9662 0.2484 0.2484
16150 51.76 47.22 0.00 -4.1269 1.3026 1.3026
16175 51.59 46.28 0.00 -4.0989 2.8510 2.8510
16200 51.59 46.28 0.00 -4.0989 2.8510 2.8510
16225 51.45 45.24 0.00 -3.9385 3.2959 3.2959
16250 51.33 44.58 0.00 -3.4949 3.5045 3.5045
16275 51.33 44.58 0.00 -3.4949 3.5045 3.5045
16300 51.17 43.77 0.00 -2.6058 3.1230 3.1230
16325 51.15 43.46 0.00 0.0984 3.3413 3.3413
16350 51.19 43.22 0.00 1.2542 2.6345 2.6345
16375 51.19 43.22 0.00 1.2542 2.6345 2.6345
16400 51.29 43.00 0.00 3.1823 3.2029 3.2029
16425 51.38 42.74 0.00 1.8631 2.3938 2.3938
16450 51.38 42.74 0.00 1.8631 2.3938 2.3938
16475 51.47 42.42 0.00 2.7813 3.5745 3.5745
16500 51.62 42.00 0.00 4.0017 3.7023 3.7023
16525 51.62 42.00 0.00 4.0017 3.7023 3.7023
16550 51.82 41.48 0.00 5.6064 4.9303 4.9303
16575 51.99 40.75 0.00 3.6122 3.9803 3.9803
16600 52.15 39.93 0.00 3.7992 7.2168 7.2168
16625 52.15 39.93 0.00 3.7992 7.2168 7.2168
16650 52.29 39.20 0.00 3.9119 5.7313 5.7313
16675 52.29 39.20 0.00 3.9119 5.7313 5.7313
16700 52.44 38.44 0.00 3.5261 3.8638 3.8638
16725 52.58 37.70 0.00 4.3449 4.7969 4.7969
16750 52.90 36.92 0.00 8.6440 1.5966 1.5966
16775 52.90 36.92 0.00 8.6440 1.5966 1.5966
16800 53.16 36.27 0.00 4.9826 -0.3091 -0.3091
16825 53.23 35.91 0.00 -1.0011 3.6720 3.6720
16850 53.23 35.91 0.00 -1.0011 3.6720 3.6720
16875 53.14 35.81 0.00 -1.8534 4.1773 4.1773
16900 53.14 35.76 0.00 1.1665 3.0227 3.0227
16925 53.14 35.76 0.00 1.1665 3.0227 3.0227
16950 53.21 35.72 0.00 1.2628 1.6770 1.6770
16975 53.21 35.74 0.00 -0.5956 0.0287 0.0287
17000 53.21 35.74 0.00 -0.5956 0.0287 0.0287
17025 53.18 35.74 0.00 -1.2086 -1.4322 -1.4322
17050 53.09 35.72 0.00 -2.6762 -1.7806 -1.7806
17075 53.00 35.70 0.00 -2.3001 -0.5418 -0.5418
17100 53.00 35.70 0.00 -2.3001 -0.5418 -0.5418
17125 52.95 35.66 0.00 -0.8582 -0.7618 -0.7618
17150 52.90 35.55 0.00 -1.9236 -2.3695 -2.3695
17175 52.90 35.55 0.00 -1.9236 -2.3695 -2.3695
17200 52.86 35.51 0.00 0.0306 2.0976 2.0976
17225 52.85 35.55 0.00 -0.3895 -0.3705 -0.3705
17250 52.85 35.47 0.00 -0.1719 -1.2264 -1.2264
17275 52.85 35.47 0.00 -0.1719 -1.2264 -1.2264
17300 52.81 35.30 0.00 -1.1972 0.5191 0.5191
17325 52.79 35.07 0.00 0.2321 1.5997 1.5997
17350 52.79 35.07 0.00 0.2321 1.5997 1.5997
17375 52.81 34.72 0.00 0.2996 1.1556 1.1556
17400 52.85 34.32 0.00 1.0232 3.3648 3.3648
17425 52.88 33.78 0.00 1.3889 4.3500 4.3500
17450 52.88 33.78 0.00 1.3889 4.3500 4.3500
17475 53.00 33.02 0.00 4.3664 8.4672 8.4672
17500 53.18 32.08 0.00 3.5536 9.2549 9.2549
17525 53.18 32.08 0.00 3.5536 9.2549 9.2549
17550 53.30 31.23 0.00 2.9001 7.7402 7.7402
17575 53.42 30.50 0.00 2.8584 5.3285 5.3285
17600 53.42 30.50 0.00 2.8584 5.3285 5.3285
17625 53.49 29.97 0.00 1.6309 3.1587 3.1587
17650 53.60 29.75 0.00 3.2666 2.6898 2.6898
17675 53.60 29.75 0.00 3.2666 2.6898 2.6898
17700 53.75 29.67 0.00 4.1522 2.2718 2.2718
17725 53.91 29.60 0.00 3.7986 2.7458 2.7458
17750 54.14 29.46 0.00 7.3095 6.1327 6.1327
17775 54.14 29.46 0.00 7.3095 6.1327 6.1327
17800 54.38 29.44 0.00 8.6875 6.0794 6.0794
17825 54.66 29.41 0.00 6.3511 3.5792 3.5792
17850 54.66 29.41 0.00 6.3511 3.5792 3.5792
17875 54.89 29.29 0.00 5.1203 4.3848 4.3848
17900 55.07 29.01 0.00 4.3376 5.2477 5.2477
17925 55.07 29.01 0.00 4.3376 5.2477 5.2477
17950 55.24 28.68 0.00 3.1703 4.8078 4.8078
17975 55.35 28.18 0.00 4.0758 7.9321 7.9321
18000 55.35 28.18 0.00 4.0758 7.9321 7.9321
18025 55.61 27.31 0.00 5.5737 8.8073 8.8073
18050 55.75 26.29 0.00 2.9354 8.7013 8.7013
18075 55.82 25.33 0.00 1.6854 7.4575 7.4575
18100 55.82 25.33 0.00 1.6854 7.4575 7.4575
18125 55.89 24.63 0.00 1.7533 5.2508 5.2508
18150 55.92 24.18 0.00 0.4035 3.9247 3.9247
18175 55.92 24.18 0.00 0.4035 3.9247 3.9247
18200 55.99 23.66 0.00 2.7085 3.8559 3.8559
18225 56.08 23.09 0.00 1.8003 2.1076 2.1076
18250 56.08 23.09 0.00 1.8003 2.1076 2.1076
18275 56.20 22.63 0.00 3.3841 4.5319 4.5319
18300 56.33 22.23 0.00 2.9959 3.0877 3.0877
18325 56.45 21.93 0.00 3.8429 2.1711 2.1711
18350 56.45 21.93 0.00 3.8429 2.1711 2.1711
18375 56.76 21.65 0.00 9.7791 8.9013 8.9013
18400 57.12 21.43 0.00 8.4482 5.2783 5.2783
18425 57.12 21.43 0.00 8.4482 5.2783 5.2783
18450 57.43 21.12 0.00 7.4242 5.7422 5.7422
18475 57.69 20.63 0.00 6.8773 9.2718 9.2718
18500 57.69 20.63 0.00 6.8773 9.2718 9.2718
18525 58.12 19.69 0.00 12.0720 18.4628 18.4628
18550 58.12 19.69 0.00 12.0720 18.4628 18.4628
18575 58.84 17.42 0.00 9.6493 16.5508 16.5508
18600 58.84 17.42 0.00 9.6493 16.5508 16.5508
18625 59.19 16.49 0.00 7.8921 10.9106 10.9106
18650 59.42 15.99 0.00 4.1453 7.9575 7.9575
18675 59.42 15.99 0.00 4.1453 7.9575 7.9575
18700 59.52 15.84 0.00 4.3904 8.4798 8.4798
18725 59.82 15.78 0.00 9.5918 9.6201 9.6201
18750 59.82 15.78 0.00 9.5918 9.6201 9.6201
18775 60.25 15.60 0.00 10.4279 7.5994 7.5994
18800 60.72 15.31 0.00 13.3026 12.7743 12.7743
18825 61.32 14.90 0.00 15.8280 15.4952 15.4952
18850 61.32 14.90 0.00 15.8280 15.4952 15.4952
18875 61.92 14.44 0.00 13.4745 15.1732 15.1732
18900 61.92 14.44 0.00 13.4745 15.1732 15.1732
18925 62.40 13.96 0.00 10.8906 15.4409 15.4409
18950 62.70 13.56 0.00 5.9098 7.8868 7.8868
18975 62.90 13.30 0.00 3.7382 6.9898 6.9898
19000 62.90 13.30 0.00 3.7382 6.9898 6.9898
19025 62.95 13.14 0.00 -0.1569 1.7934 1.7934
19050 62.90 12.96 0.00 -1.7407 0.6418 0.6418
19075 62.90 12.96 0.00 -1.7407 0.6418 0.6418
19100 62.90 12.96 0.00 -1.7407 0.6418 0.6418
19125 62.76 12.63 0.00 -1.8800 1.3893 1.3893
19150 62.76 12.63 0.00 -1.8800 1.3893 1.3893
19175 62.70 12.43 0.00 -0.6910 3.2435 3.2435
19200 62.74 12.24 0.00 1.8861 5.0498 5.0498
19225 62.77 12.13 0.00 -0.2191 2.1890 2.1890
19250 62.77 12.13 0.00 -0.2191 2.1890 2.1890
19275 62.65 12.16 0.00 -4.4892 0.2558 0.2558
19300 62.42 12.31 0.00 -6.3776 -3.0878 -3.0878
19325 62.42 12.31 0.00 -6.3776 -3.0878 -3.0878
19350 62.15 12.49 0.00 -7.2114 -5.8930 -5.8930
19375 61.82 12.67 0.00 -8.7420 -6.9261 -6.9261
19400 61.82 12.67 0.00 -8.7420 -6.9261 -6.9261
19425 61.25 12.79 0.00 -7.8728 -4.6744 -4.6744
19450 61.25 12.79 0.00 -7.8728 -4.6744 -4.6744
19475 60.93 12.83 0.00 -7.9883 -5.1745 -5.1745
19500 60.93 12.83 0.00 -7.9883 -5.1745 -5.1745
19525 60.60 12.88 0.00 -9.3937 -8.8378 -8.8378
19550 60.18 13.13 0.00 -10.9597 -6.8536 -6.8536
19575 60.18 13.13 0.00 -10.9597 -6.8536 -6.8536
19600 59.68 13.51 0.00 -12.3209 -9.4826 -9.4826
19625 59.24 13.85 0.00 -10.6512 -10.9574 -10.9574
19650 59.24 13.85 0.00 -10.6512 -10.9574 -10.9574
19675 58.87 14.11 0.00 -8.2096 -8.6985 -8.6985
19700 58.56 14.28 0.00 -8.2309 -6.6047 -6.6047
19725 58.22 14.34 0.00 -7.3525 -3.9130 -3.9130
19750 58.01 14.35 0.00 -4.2130 -1.2781 -1.2781
19775 58.01 14.35 0.00 -4.2130 -1.2781 -1.2781
19800 57.87 14.38 0.00 -3.0220 -2.0325 -2.0325
19825 57.78 14.43 0.00 -2.1754 0.0472 0.0472
19850 57.78 14.43 0.00 -2.1754 0.0472 0.0472
19875 57.64 14.52 0.00 -4.4315 -1.4285 -1.4285
19900 57.43 14.57 0.00 -6.0729 -3.3965 -3.3965
19925 57.43 14.57 0.00 -6.0729 -3.3965 -3.3965
19950 57.17 14.52 0.00 -6.8437 -4.8329 -4.8329
19975 56.89 14.39 0.00 -7.0956 -3.5350 -3.5350
20000 56.64 14.23 0.00 -5.3411 -2.8409 -2.8409
20025 56.64 14.23 0.00 -5.3411 -2.8409 -2.8409
20050 56.45 14.05 0.00 -4.9966 -5.5889 -5.5889
20075 56.31 13.95 0.00 -2.5452 0.0133 0.0133
20100 56.31 13.95 0.00 -2.5452 0.0133 0.0133
20125 56.15 14.04 0.00 -4.3504 -3.6258 -3.6258
20150 56.05 14.09 0.00 -3.8058 -4.9525 -4.9525
20175 56.05 14.09 0.00 -3.8058 -4.9525 -4.9525
20200 55.91 13.98 0.00 -2.5063 -2.5645 -2.5645
20225 55.82 13.83 0.00 -2.3162 -0.4330 -0.4330
20250 55.82 13.83 0.00 -2.3162 -0.4330 -0.4330
20275 55.71 13.56 0.00 -2.7081 -0.3278 -0.3278
20300 55.64 13.25 0.00 -0.4873 1.4601 1.4601
20325 55.64 13.25 0.00 -0.4873 1.4601 1.4601
20350 55.64 13.07 0.00 0.1497 0.0975 0.0975
20375 55.70 13.05 0.00 1.5267 1.2857 1.2857
20400 55.70 13.05 0.00 1.5267 1.2857 1.2857
20425 55.77 13.02 0.00 2.0196 2.1695 2.1695
20450 55.91 12.86 0.00 4.3759 3.3846 3.3846
20475 56.10 12.69 0.00 4.9743 3.8069 3.8069
20500 56.29 12.48 0.00 5.1353 4.0960 4.0960
20525 56.29 12.48 0.00 5.1353 4.0960 4.0960
20550 56.47 12.34 0.00 3.9189 2.4712 2.4712
20575 56.62 12.34 0.00 3.7712 1.6520 1.6520
20600 56.62 12.34 0.00 3.7712 1.6520 1.6520
20625 56.68 12.33 0.00 -0.1923 -0.8203 -0.8203
20650 56.75 12.45 0.00 2.4511 3.7881 3.7881
20675 56.75 12.45 0.00 2.4511 3.7881 3.7881
20700 56.80 12.62 0.00 1.1202 -2.6748 -2.6748
20725 56.80 12.74 0.00 -1.5521 -2.9841 -2.9841
20750 56.80 12.74 0.00 -1.5521 -2.9841 -2.9841
20775 56.66 12.88 0.00 -4.7438 -2.3513 -2.3513
20800 56.47 12.98 0.00 -4.5121 -2.2435 -2.2435
20825 56.47 12.98 0.00 -4.5121 -2.2435 -2.2435
20850 56.27 13.05 0.00 -5.2403 -4.1193 -4.1193
20875 56.01 13.24 0.00 -7.7107 -6.2484 -6.2484
20900 55.61 13.59 0.00 -11.5862 -11.0810 -11.0810
20925 55.61 13.59 0.00 -11.5862 -11.0810 -11.0810
20950 55.10 14.05 0.00 -12.5226 -11.7499 -11.7499
20975 54.70 14.39 0.00 -14.6293 -14.1398 -14.1398
21000 54.09 14.79 0.00 -15.0080 -12.3036 -12.3036
21025 54.09 14.79 0.00 -15.0080 -12.3036 -12.3036
21050 53.58 15.13 0.00 -11.4759 -10.5284 -10.5284
21075 53.58 15.13 0.00 -11.4759 -10.5284 -10.5284
21100 53.21 15.47 0.00 -8.0123 -9.0333 -9.0333
21125 52.92 15.67 0.00 -7.3118 -7.9717 -7.9717
21150 52.60 15.85 0.00 -8.2336 -9.0191 -9.0191
21175 52.60 15.85 0.00 -8.2336 -9.0191 -9.0191
21200 52.37 16.05 0.00 -3.7462 -2.3111 -2.3111
21225 52.18 16.45 0.00 -5.9366 -7.6519 -7.6519
21250 52.18 16.45 0.00 -5.9366 -7.6519 -7.6519
21275 51.90 16.80 0.00 -7.5916 -10.8142 -10.8142
21300 51.54 17.04 0.00 -9.8055 -9.9635 -9.9635
21325 51.54 17.04 0.00 -9.8055 -9.9635 -9.9635
21350 51.10 17.26 0.00 -10.8005 -8.3941 -8.3941
21375 50.68 17.44 0.00 -10.2045 -9.1847 -9.1847
21400 50.31 17.66 0.00 -9.3643 -8.9518 -8.9518
21425 50.31 17.66 0.00 -9.3643 -8.9518 -8.9518
21450 49.91 17.96 0.00 -10.1821 -10.1934 -10.1934
21475 49.51 18.24 0.00 -9.8921 -11.2810 -11.2810
21500 49.51 18.24 0.00 -9.8921 -11.2810 -11.2810
21525 49.09 18.52 0.00 -10.6662 -11.0500 -11.0500
21550 48.66 18.82 0.00 -11.2072 -11.0162 -11.0162
21575 48.22 19.07 0.00 -10.4175 -11.9514 -11.9514
21600 48.22 19.07 0.00 -10.4175 -11.9514 -11.9514
21625 47.87 19.35 0.00 -7.8596 -10.8183 -10.8183
21650 47.87 19.35 0.00 -7.8596 -10.8183 -10.8183
21675 47.59 19.58 0.00 -6.5525 -8.9703 -8.9703
21700 47.36 19.79 0.00 -5.3037 -7.0467 -7.0467
21725 47.36 19.79 0.00 -5.3037 -7.0467 -7.0467
21750 47.05 20.25 0.00 -3.3740 -4.3561 -4.3561
21775 47.05 20.25 0.00 -3.3740 -4.3561 -4.3561
21800 46.93 20.44 0.00 -4.1332 -6.9099 -6.9099
21825 46.72 20.72 0.00 -6.2073 -8.7322 -8.7322
21850 46.72 20.72 0.00 -6.2073 -8.7322 -8.7322
21875 46.46 20.97 0.00 -6.3853 -7.1018 -7.1018
21900 46.21 21.28 0.00 -5.8823 -7.8813 -7.8813
21925 46.21 21.28 0.00 -5.8823 -7.8813 -7.8813
21950 46.02 21.74 0.00 -4.6169 -8.0138 -8.0138
21975 45.81 22.32 0.00 -5.4515 -9.4479 -9.4479
22000 45.81 22.32 0.00 -5.4515 -9.4479 -9.4479
22025 45.60 23.03 0.00 -4.8765 -10.6416 -10.6416
22050 45.39 23.79 0.00 -5.7204 -10.2943 -10.2943
22075 45.16 24.51 0.00 -5.7955 -8.7717 -8.7717
22100 45.16 24.51 0.00 -5.7955 -8.7717 -8.7717
22125 44.92 25.14 0.00 -6.1199 -8.1332 -8.1332
22150 44.69 25.61 0.00 -5.3271 -6.6283 -6.6283
22175 44.69 25.61 0.00 -5.3271 -6.6283 -6.6283
22200 44.48 25.99 0.00 -5.2761 -4.9210 -4.9210
22225 44.34 26.29 0.00 -2.3415 -3.0811 -3.0811
22250 44.23 26.51 0.00 -3.0708 -6.1507 -6.1507
22275 44.23 26.51 0.00 -3.0708 -6.1507 -6.1507
22300 44.11 26.71 0.00 -2.7612 -2.1818 -2.1818
22325 43.99 26.89 0.00 -3.1451 -2.8230 -2.8230
22350 43.99 26.89 0.00 -3.1451 -2.8230 -2.8230
22375 43.87 27.03 0.00 -3.1494 -4.9901 -4.9901
22400 43.73 27.13 0.00 -3.6323 -3.6296 -3.6296
22425 43.73 27.13 0.00 -3.6323 -3.6296 -3.6296
22450 43.59 27.17 0.00 -3.4596 -2.3015 -2.3015
22475 43.45 27.10 0.00 -2.9574 -1.3053 -1.3053
22500 43.45 27.10 0.00 -2.9574 -1.3053 -1.3053
22525 43.38 27.00 0.00 -1.5172 0.6859 0.6859
22550 43.34 26.94 0.00 -1.5315 -0.4310 -0.4310
22575 43.22 26.87 0.00 -4.0359 -2.4900 -2.4900
22600 43.22 26.87 0.00 -4.0359 -2.4900 -2.4900
22625 42.95 26.91 0.00 -7.8089 -4.0648 -4.0648
22650 42.60 27.00 0.00 -9.6322 -6.5970 -6.5970
22675 42.60 27.00 0.00 -9.6322 -6.5970 -6.5970
22700 42.22 27.13 0.00 -8.9525 -8.4213 -8.4213
22725 41.88 27.32 0.00 -8.7572 -9.8623 -9.8623
22750 41.88 27.32 0.00 -8.7572 -9.8623 -9.8623
22775 41.55 27.57 0.00 -7.3956 -8.0695 -8.0695
22800 41.30 27.87 0.00 -5.1683 -7.1701 -7.1701
22825 41.06 28.16 0.00 -7.1606 -9.5355 -9.5355
22850 41.06 28.16 0.00 -7.1606 -9.5355 -9.5355
22875 40.76 28.53 0.00 -6.8179 -6.0540 -6.0540
22900 40.49 28.96 0.00 -7.1481 -8.2816 -8.2816
22925 40.14 29.55 0.00 -9.3740 -12.4720 -12.4720
22950 40.14 29.55 0.00 -9.3740 -12.4720 -12.4720
22975 39.75 30.12 0.00 -9.7502 -10.6516 -10.6516
23000 39.40 30.58 0.00 -8.1069 -8.1332 -8.1332
23025 39.40 30.58 0.00 -8.1069 -8.1332 -8.1332
23050 39.10 31.04 0.00 -7.5024 -8.2675 -8.2675
23075 38.77 31.72 0.00 -9.1401 -7.5647 -7.5647
23100 38.77 31.72 0.00 -9.1401 -7.5647 -7.5647
23125 38.41 32.49 0.00 -8.2430 -8.6225 -8.6225
23150 38.06 33.20 0.00 -9.4255 -10.0762 -10.0762
23175 38.06 33.20 0.00 -9.4255 -10.0762 -10.0762
23200 37.67 33.99 0.00 -9.7270 -8.5225 -8.5225
23225 37.26 34.88 0.00 -10.8007 -10.7199 -10.7199
23250 37.26 34.88 0.00 -10.8007 -10.7199 -10.7199
23275 36.80 35.77 0.00 -10.1929 -11.5474 -11.5474
23300 36.80 35.77 0.00 -10.1929 -11.5474 -11.5474
23325 36.23 36.96 0.00 -7.3118 -8.6565 -8.6565
23350 36.23 36.96 0.00 -7.3118 -8.6565 -8.6565
23375 36.02 37.45 0.00 -4.0771 -4.8035 -4.8035
23400 35.82 37.80 0.00 -5.6826 -7.3923 -7.3923
23425 35.63 38.22 0.00 -3.6983 -3.4353 -3.4353
23450 35.63 38.22 0.00 -3.6983 -3.4353 -3.4353
23475 35.45 38.59 0.00 -5.3239 -6.1440 -6.1440
23500 35.45 38.59 0.00 -5.3239 -6.1440 -6.1440
23525 35.18 38.96 0.00 -7.6351 -8.6444 -8.6444
23550 34.79 39.44 0.00 -11.5884 -11.6295 -11.6295
23575 34.79 39.44 0.00 -11.5884 -11.6295 -11.6295
23600 34.27 39.98 0.00 -13.7759 -11.8090 -11.8090
23625 33.70 40.54 0.00 -13.7676 -10.7473 -10.7473
23650 33.19 41.03 0.00 -11.8445 -8.8585 -8.8585
23675 33.19 41.03 0.00 -11.8445 -8.8585 -8.8585
23700 32.80 41.52 0.00 -8.8912 -5.0690 -5.0690
23725 32.42 42.09 0.00 -9.8968 -1.9108 -1.9108
23750 32.42 42.09 0.00 -9.8968 -1.9108 -1.9108
23775 32.08 42.64 0.00 -8.0430 -1.5333 -1.5333
23800 31.74 43.15 0.00 -9.0933 -7.5419 -7.5419
23825 31.74 43.15 0.00 -9.0933 -7.5419 -7.5419
23850 31.34 43.75 0.00 -9.7925 -7.8461 -7.8461
23875 30.96 44.33 0.00 -9.2429 -6.6411 -6.6411
23900 30.96 44.33 0.00 -9.2429 -6.6411 -6.6411
23925 30.67 44.80 0.00 -6.0724 -5.5454 -5.5454
23950 30.49 45.15 0.00 -3.8672 -6.1670 -6.1670
23975 30.38 45.52 0.00 -2.7943 -3.8343 -3.8343
24000 30.38 45.52 0.00 -2.7943 -3.8343 -3.8343
24025 30.24 45.95 0.00 -4.1645 -5.8851 -5.8851
24050 30.00 46.45 0.00 -6.7318 -6.6823 -6.6823
24075 30.00 46.45 0.00 -6.7318 -6.6823 -6.6823
24100 29.67 47.08 0.00 -9.2110 -6.5843 -6.5843
24125 29.36 47.73 0.00 -10.8915 -8.1283 -8.1283
24150 29.36 47.73 0.00 -10.8915 -8.1283 -8.1283
24175 28.91 48.75 0.00 -10.5515 -7.8959 -7.8959
24200 28.54 49.98 0.00 -8.6963 -8.0891 -8.0891
24225 28.23 51.31 0.00 -7.1322 -7.8031 -7.8031
24250 28.23 51.31 0.00 -7.1322 -7.8031 -7.8031
24275 28.03 52.47 0.00 -4.3522 -5.6318 -5.6318
24300 28.03 52.47 0.00 -4.3522 -5.6318 -5.6318
24325 27.65 54.10 0.00 -5.5526 -5.6593 -5.6593
24350 27.65 54.10 0.00 -5.5526 -5.6593 -5.6593
24375 27.39 54.91 0.00 -6.8388 -6.8913 -6.8913
24400 27.10 55.68 0.00 -7.5237 -7.1236 -7.1236
24425 27.10 55.68 0.00 -7.5237 -7.1236 -7.1236
24450 26.80 56.36 0.00 -7.7958 -8.3918 -8.3918
24475 26.47 57.13 0.00 -7.7677 -6.6173 -6.6173
24500 26.47 57.13 0.00 -7.7677 -6.6173 -6.6173
24525 26.18 57.94 0.00 -7.5775 -7.3380 -7.3380
24550 25.84 58.64 0.00 -9.0953 -8.7539 -8.7539
24575 25.84 58.64 0.00 -9.0953 -8.7539 -8.7539
24600 25.42 59.19 0.00 -11.7412 -8.7820 -8.7820
24625 24.90 59.85 0.00 -13.2933 -9.2996 -9.2996
24650 24.90 59.85 0.00 -13.2933 -9.2996 -9.2996
24675 24.36 60.47 0.00 -13.0927 -9.6010 -9.6010
24700 23.91 60.92 0.00 -10.6956 -7.0595 -7.0595
24725 23.91 60.92 0.00 -10.6956 -7.0595 -7.0595
24750 23.54 61.31 0.00 -8.3696 -6.6576 -6.6576
24775 23.21 61.78 0.00 -8.9368 -7.6092 -7.6092
24800 22.77 62.34 0.00 -12.3691 -8.2025 -8.2025
24825 22.77 62.34 0.00 -12.3691 -8.2025 -8.2025
24850 22.19 62.98 0.00 -15.2247 -8.5044 -8.5044
24875 21.74 63.45 0.00 -14.5745 -8.2757 -8.2757
24900 21.17 63.95 0.00 -14.0257 -9.7509 -9.7509
24925 21.17 63.95 0.00 -14.0257 -9.7509 -9.7509
24950 20.64 64.48 0.00 -12.6459 -10.3581 -10.3581
24975 20.09 65.17 0.00 -14.8380 -12.2750 -12.2750
25000 20.09 65.17 0.00 -14.8380 -12.2750 -12.2750
25025 19.64 66.04 0.00 -7.5786 -6.4013 -6.4013
25050 19.64 66.04 0.00 -7.5786 -6.4013 -6.4013
25075 19.50 66.90 0.00 -0.8546 -7.0561 -7.0561
25100 19.52 67.83 0.00 0.4277 -8.9709 -8.9709
25125 19.41 68.72 0.00 -5.0303 -7.9430 -7.9430
25150 19.41 68.72 0.00 -5.0303 -7.9430 -7.9430
25175 19.18 69.23 0.00 -5.5029 -2.9676 -2.9676
25200 19.03 69.51 0.00 -2.2796 -2.8911 -2.8911
25225 19.12 69.78 0.00 6.1723 -0.9894 -0.9894
25250 19.12 69.78 0.00 6.1723 -0.9894 -0.9894
25275 19.60 70.49 0.00 14.8701 -3.6830 -3.6830
25300 20.23 71.65 0.00 16.0563 -9.4278 -9.4278
25325 20.23 71.65 0.00 16.0563 -9.4278 -9.4278
25350 20.80 72.83 0.00 13.2601 -7.6993 -7.6993
25375 21.25 73.83 0.00 9.5753 -3.9362 -3.9362
25400 21.25 73.83 0.00 9.5753 -3.9362 -3.9362
25425 21.46 74.64 0.00 3.0327 -3.2685 -3.2685
25450 21.51 75.43 0.00 1.6858 -0.6711 -0.6711
25475 21.55 75.97 0.00 0.2170 -2.5415 -2.5415
25500 21.55 75.97 0.00 0.2170 -2.5415 -2.5415
25525 21.55 76.30 0.00 0.0647 -0.8681 -0.8681
25550 21.59 76.54 0.00 1.5784 2.5226 2.5226
25575 21.59 76.54 0.00 1.5784 2.5226 2.5226
25600 21.70 76.81 0.00 3.7317 -0.3810 -0.3810
25625 21.83 76.96 0.00 2.5252 -1.2564 -1.2564
25650 21.83 76.96 0.00 2.5252 -1.2564 -1.2564
25675 21.83 76.99 0.00 -1.3868 -0.7427 -0.7427
25700 21.74 76.92 0.00 -2.6802 -0.4571 -0.4571
25725 21.74 76.92 0.00 -2.6802 -0.4571 -0.4571
25750 21.65 76.81 0.00 -2.2228 -0.2038 -0.2038
25775 21.57 76.71 0.00 -1.6374 -1.0295 -1.0295
25800 21.57 76.71 0.00 -1.6374 -1.0295 -1.0295
25825 21.50 76.65 0.00 -2.2632 -1.8919 -1.8919
25850 21.36 76.67 0.00 -3.5416 -1.3520 -1.3520
25875 21.21 76.77 0.00 -3.9247 -1.8435 -1.8435
25900 21.21 76.77 0.00 -3.9247 -1.8435 -1.8435
25925 21.06 76.92 0.00 -3.8063 -2.3855 -2.3855
25950 20.85 77.04 0.00 -6.2364 -3.3208 -3.3208
25975 20.85 77.04 0.00 -6.2364 -3.3208 -3.3208
26000 20.55 77.16 0.00 -8.3578 -3.7882 -3.7882
26025 20.19 77.33 0.00 -9.1310 -5.3295 -5.3295
26050 19.85 77.52 0.00 -8.7992 -6.2101 -6.2101
26075 19.85 77.52 0.00 -8.7992 -6.2101 -6.2101
26100 19.54 77.81 0.00 -6.7229 -3.0931 -3.0931
26125 19.27 78.06 0.00 -6.1536 -4.0972 -4.0972
26150 19.27 78.06 0.00 -6.1536 -4.0972 -4.0972
26175 19.04 78.31 0.00 -6.0827 -4.9462 -4.9462
26200 18.76 78.56 0.00 -7.8064 -3.9679 -3.9679
26225 18.41 78.79 0.00 -8.8127 -2.8935 -2.8935
26250 18.41 78.79 0.00 -8.8127 -2.8935 -2.8935
26275 18.14 78.93 0.00 -4.6746 -1.5228 -1.5228
26300 18.11 78.95 0.00 0.7293 -1.7380 -1.7380
26325 18.11 78.95 0.00 0.7293 -1.7380 -1.7380
26350 18.20 78.98 0.00 2.7536 -0.8285 -0.8285
26375 18.30 78.98 0.00 2.2790 1.1909 1.1909
26400 18.30 78.98 0.00 2.2790 1.1909 1.1909
26425 18.37 78.94 0.00 2.3897 1.8799 1.8799
26450 18.53 78.71 0.00 5.0600 2.6500 2.6500
26475 18.76 78.26 0.00 5.5375 2.7401 2.7401
26500 18.76 78.26 0.00 5.5375 2.7401 2.7401
26525 18.97 77.59 0.00 5.2096 3.4677 3.4677
26550 19.18 76.99 0.00 5.8007 1.0012 1.0012
26575 19.18 76.99 0.00 5.8007 1.0012 1.0012
26600 19.41 76.60 0.00 5.6676 -0.0416 -0.0416
26625 19.41 76.60 0.00 5.6676 -0.0416 -0.0416
26650 19.62 76.37 0.00 3.9398 0.1279 0.1279
26675 19.73 76.18 0.00 3.0950 1.1300 1.1300
26700 19.85 76.13 0.00 2.0274 1.0202 1.0202
26725 19.85 76.13 0.00 2.0274 1.0202 1.0202
26750 19.92 76.14 0.00 2.3701 -1.1748 -1.1748
26775 20.00 76.21 0.00 0.9643 -2.5796 -2.5796
26800 20.00 76.21 0.00 0.9643 -2.5796 -2.5796
26825 20.00 76.34 0.00 -0.1547 -1.9514 -1.9514
26850 19.98 76.49 0.00 -0.7445 -2.3939 -2.3939
26875 19.96 76.64 0.00 -0.1345 -0.8672 -0.8672
26900 19.96 76.64 0.00 -0.1345 -0.8672 -0.8672
26925 19.98 76.82 0.00 1.3063 -1.2389 -1.2389
26950 19.98 76.82 0.00 1.3063 -1.2389 -1.2389
26975 20.07 77.08 0.00 2.6769 -1.3929 -1.3929
27000 20.17 77.20 0.00 2.6328 0.0711 0.0711
27025 20.30 77.35 0.00 3.1955 0.6130 0.6130
27050 20.45 77.53 0.00 4.1850 0.4596 0.4596
27075 20.45 77.53 0.00 4.1850 0.4596 0.4596
27100 20.59 77.67 0.00 2.9272 0.3864 0.3864
27125 20.59 77.67 0.00 2.9272 0.3864 0.3864
27150 20.70 77.81 0.00 2.8571 1.6000 1.6000
27175 20.85 77.94 0.00 4.7954 1.4006 1.4006
27200 21.08 78.00 0.00 6.1101 1.4534 1.4534
27225 21.08 78.00 0.00 6.1101 1.4534 1.4534
27250 21.27 78.02 0.00 5.2406 0.7423 0.7423
27275 21.50 77.95 0.00 6.5648 3.8658 3.8658
27300 21.80 77.71 0.00 8.5981 4.1830 4.1830
27325 21.80 77.71 0.00 8.5981 4.1830 4.1830
27350 22.27 76.58 0.00 14.1097 -0.1095 -0.1095
27375 22.89 75.11 0.00 15.3604 1.3062 1.3062
27400 22.89 75.11 0.00 15.3604 1.3062 1.3062
27425 23.43 73.93 0.00 11.8513 4.6300 4.6300
27450 23.77 73.07 0.00 6.4726 5.6303 5.6303
27475 23.77 73.07 0.00 6.4726 5.6303 5.6303
27500 23.93 72.40 0.00 2.9092 6.1293 6.1293
27525 24.03 71.91 0.00 2.5425 5.3992 5.3992
27550 24.18 71.50 0.00 4.6117 4.6502 4.6502
27575 24.18 71.50 0.00 4.6117 4.6502 4.6502
27600 24.38 71.17 0.00 4.8869 4.4597 4.4597
27625 24.38 71.17 0.00 4.8869 4.4597 4.4597
27650 24.71 70.80 0.00 3.2765 2.0039 2.0039
27675 24.71 70.80 0.00 3.2765 2.0039 2.0039
27700 24.84 70.80 0.00 3.0737 1.0196 1.0196
27725 24.84 70.80 0.00 3.0737 1.0196 1.0196
27750 24.96 70.95 0.00 3.2746 0.3978 0.3978
27775 24.96 70.95 0.00 3.2746 0.3978 0.3978
27800 25.22 71.54 0.00 3.3255 -2.4773 -2.4773
27825 25.22 71.54 0.00 3.3255 -2.4773 -2.4773
27850 25.36 71.95 0.00 4.5067 -2.4448 -2.4448
27875 25.36 71.95 0.00 4.5067 -2.4448 -2.4448
27900 25.64 72.56 0.00 7.8101 -0.8887 -0.8887
27925 25.88 73.15 0.00 8.1487 -2.5775 -2.5775
27950 26.18 73.98 0.00 6.4836 -3.5972 -3.5972
27975 26.18 73.98 0.00 6.4836 -3.5972 -3.5972
28000 26.36 74.51 0.00 3.3549 -2.2647 -2.2647
28025 26.47 74.87 0.00 2.5485 -0.4957 -0.4957
28050 26.47 74.87 0.00 2.5485 -0.4957 -0.4957
28075 26.58 74.96 0.00 3.2264 1.1303 1.1303
28100 26.73 74.99 0.00 4.0830 1.6586 1.6586
28125 26.91 75.01 0.00 4.9204 1.8162 1.8162
28150 26.91 75.01 0.00 4.9204 1.8162 1.8162
28175 27.15 74.95 0.00 6.5510 2.9427 2.9427
28200 27.46 75.00 0.00 8.8797 3.2932 3.2932
28225 27.46 75.00 0.00 8.8797 3.2932 3.2932
28250 27.92 75.14 0.00 13.1265 3.2251 3.2251
28275 28.43 75.27 0.00 12.4531 1.9548 1.9548
28300 28.94 75.44 0.00 12.6926 2.9226 2.9226
28325 28.94 75.44 0.00 12.6926 2.9226 2.9226
28350 29.44 75.85 0.00 12.3645 1.7722 1.7722
28375 30.00 76.45 0.00 15.5937 2.2452 2.2452
28400 30.74 77.24 0.00 20.4489 2.2711 2.2711
28425 30.74 77.24 0.00 20.4489 2.2711 2.2711
28450 31.57 77.98 0.00 20.7339 0.1074 0.1074
28475 31.57 77.98 0.00 20.7339 0.1074 0.1074
28500 32.40 78.34 0.00 20.6822 5.0403 5.0403
28525 33.14 78.50 0.00 16.6466 4.9835 4.9835
28550 33.70 78.51 0.00 12.1988 5.8124 5.8124
28575 33.70 78.51 0.00 12.1988 5.8124 5.8124
28600 34.09 78.49 0.00 8.5522 6.3198 6.3198
28625 34.32 78.39 0.00 4.8127 4.8223 4.8223
28650 34.32 78.39 0.00 4.8127 4.8223 4.8223
28675 34.47 78.23 0.00 3.0076 4.4937 4.4937
28700 34.57 78.01 0.00 2.3628 3.9680 3.9680
28725 34.57 78.01 0.00 2.3628 3.9680 3.9680
28750 34.68 77.72 0.00 2.7011 3.6411 3.6411
28775 34.77 77.51 0.00 3.6668 3.4081 3.4081
28800 34.91 77.33 0.00 3.0168 2.2765 2.2765
28825 34.91 77.33 0.00 3.0168 2.2765 2.2765
28850 35.02 77.18 0.00 2.0650 1.7618 1.7618
28875 35.02 77.18 0.00 2.0650 1.7618 1.7618
28900 35.04 77.01 0.00 -1.3217 -0.3632 -0.3632
28925 35.04 77.01 0.00 -1.3217 -0.3632 -0.3632
28950 34.97 76.85 0.00 -1.7787 -0.8060 -0.8060
28975 34.95 76.63 0.00 0.4312 -0.4470 -0.4470
29000 34.95 76.63 0.00 0.4312 -0.4470 -0.4470
29025 34.98 76.38 0.00 1.4822 -0.6235 -0.6235
29050 34.98 76.38 0.00 1.4822 -0.6235 -0.6235
29075 35.07 76.08 0.00 1.5548 -0.5044 -0.5044
29100 35.14 75.79 0.00 2.1563 1.2164 1.2164
29125 35.25 75.54 0.00 2.8265 3.1327 3.1327
29150 35.25 75.54 0.00 2.8265 3.1327 3.1327
29175 35.41 75.27 0.00 4.8820 2.0473 2.0473
29200 35.63 74.86 0.00 5.7070 2.9983 2.9983
29225 35.63 74.86 0.00 5.7070 2.9983 2.9983
29250 35.87 74.45 0.00 6.5853 4.6141 4.6141
29275 36.14 73.99 0.00 6.7493 5.2377 5.2377
29300 36.46 73.47 0.00 8.6687 6.9189 6.9189
29325 36.46 73.47 0.00 8.6687 6.9189 6.9189
29350 36.82 72.99 0.00 9.3220 7.0332 7.0332
29375 37.23 72.62 0.00 10.6039 8.0741 8.0741
29400 37.23 72.62 0.00 10.6039 8.0741 8.0741
29425 37.67 72.32 0.00 11.8260 7.8760 7.8760
29450 38.22 72.05 0.00 14.5844 8.0174 8.0174
29475 38.80 71.80 0.00 14.7238 7.1159 7.1159
29500 38.80 71.80 0.00 14.7238 7.1159 7.1159
29525 39.42 71.46 0.00 15.8226 8.1386 8.1386
29550 39.90 71.18 0.00 15.7850 7.8794 7.8794
29575 39.90 71.18 0.00 15.7850 7.8794 7.8794
29600 40.53 70.84 0.00 15.9992 7.8688 7.8688
29625 41.20 70.58 0.00 17.1748 10.6414 10.6414
29650 41.20 70.58 0.00 17.1748 10.6414 10.6414
29675 41.80 70.40 0.00 12.3923 10.3850 10.3850
29700 42.22 70.20 0.00 11.3544 9.8101 9.8101
29725 42.76 70.13 0.00 13.4165 8.3175 8.3175
29750 42.76 70.13 0.00 13.4165 8.3175 8.3175
29775 43.20 70.08 0.00 9.9739 4.8675 4.8675
29800 43.53 69.99 0.00 7.1823 5.3277 5.3277
29825 43.53 69.99 0.00 7.1823 5.3277 5.3277
29850 43.74 69.90 0.00 3.9637 4.1940 4.1940
29875 43.88 69.85 0.00 2.9510 3.8495 3.8495
29900 43.97 69.82 0.00 1.9037 3.0215 3.0215
29925 43.97 69.82 0.00 1.9037 3.0215 3.0215
29950 43.99 69.94 0.00 -0.1244 0.8765 0.8765
29975 43.97 70.10 0.00 -0.8278 1.9133 1.9133
30000 43.97 70.10 0.00 -0.8278 1.9133 1.9133
30025 43.99 70.11 0.00 2.0986 4.4927 4.4927
30050 44.15 70.08 0.00 4.0818 3.3317 3.3317
30075 44.15 70.08 0.00 4.0818 3.3317 3.3317
30100 44.29 70.08 0.00 3.1273 2.9218 2.9218
30125 44.29 70.08 0.00 3.1273 2.9218 2.9218
30150 44.39 70.01 0.00 2.3991 3.4478 3.4478
30175 44.51 69.87 0.00 3.5019 3.0235 3.0235
30200 44.64 69.69 0.00 3.1963 2.1862 2.1862
30225 44.64 69.69 0.00 3.1963 2.1862 2.1862
30250 44.78 69.48 0.00 3.2846 2.1552 2.1552
30275 44.93 69.22 0.00 4.8494 5.4698 5.4698
30300 45.18 68.97 0.00 6.4407 5.7403 5.7403
30325 45.18 68.97 0.00 6.4407 5.7403 5.7403
30350 45.37 68.71 0.00 6.7311 4.7014 4.7014
30375 45.60 68.36 0.00 5.0643 4.6220 4.6220
30400 45.60 68.36 0.00 5.0643 4.6220 4.6220
30425 45.81 68.10 0.00 5.3499 4.7642 4.7642
30450 46.02 67.84 0.00 5.3072 4.2799 4.2799
30475 46.02 67.84 0.00 5.3072 4.2799 4.2799
30500 46.26 67.47 0.00 7.1419 6.0661 6.0661
30525 46.60 67.14 0.00 8.6069 5.4944 5.4944
30550 46.60 67.14 0.00 8.6069 5.4944 5.4944
30575 46.98 66.86 0.00 10.0906 5.9387 5.9387
30600 47.40 66.60 0.00 10.9014 6.7487 6.7487
30625 47.89 66.37 0.00 12.9203 6.3960 6.3960
30650 47.89 66.37 0.00 12.9203 6.3960 6.3960
30675 48.41 66.09 0.00 13.1570 5.5185 5.5185
30700 48.94 65.65 0.00 12.5098 6.3504 6.3504
30725 48.94 65.65 0.00 12.5098 6.3504 6.3504
30750 49.42 65.11 0.00 12.2924 6.8664 6.8664
30775 49.95 64.52 0.00 13.4038 7.8753 7.8753
30800 49.95 64.52 0.00 13.4038 7.8753 7.8753
30825 50.45 64.00 0.00 12.1315 7.0559 7.0559
30850 50.91 63.52 0.00 11.0536 5.8626 5.8626
30875 51.29 63.24 0.00 8.9168 6.8506 6.8506
30900 51.29 63.24 0.00 8.9168 6.8506 6.8506
30925 51.61 63.09 0.00 7.0152 5.6384 5.6384
30950 51.87 62.86 0.00 7.0222 4.8008 4.8008
30975 51.87 62.86 0.00 7.0222 4.8008 4.8008
31000 52.16 62.61 0.00 6.8606 4.0451 4.0451
31025 52.43 62.35 0.00 6.8918 4.5653 4.5653
31050 52.43 62.35 0.00 6.8918 4.5653 4.5653
31075 52.71 61.98 0.00 7.1064 4.5726 4.5726
31100 52.95 61.63 0.00 8.7701 6.5961 6.5961
31125 53.32 61.21 0.00 8.7390 5.9404 5.9404
31150 53.32 61.21 0.00 8.7390 5.9404 5.9404
31175 53.61 60.90 0.00 6.2882 4.7191 4.7191
31200 53.61 60.90 0.00 6.2882 4.7191 4.7191
31225 54.03 60.26 0.00 4.7519 5.2019 5.2019
31250 54.03 60.26 0.00 4.7519 5.2019 5.2019
31275 54.28 59.86 0.00 6.7879 5.9031 5.9031
31300 54.28 59.86 0.00 6.7879 5.9031 5.9031
31325 54.56 59.37 0.00 7.2246 5.3406 5.3406
31350 54.87 58.84 0.00 7.6884 6.0931 6.0931
31375 55.15 58.35 0.00 6.8121 5.7281 5.7281
31400 55.15 58.35 0.00 6.8121 5.7281 5.7281
31425 55.40 57.90 0.00 4.7981 4.4378 4.4378
31450 55.40 57.90 0.00 4.7981 4.4378 4.4378
31475 55.50 57.50 0.00 2.1119 4.6556 4.6556
31500 55.59 57.22 0.00 2.2765 5.3594 5.3594
31525 55.70 56.99 0.00 2.5734 2.4493 2.4493
31550 55.70 56.99 0.00 2.5734 2.4493 2.4493
31575 55.77 56.72 0.00 1.2261 2.2867 2.2867
31600 55.77 56.72 0.00 1.2261 2.2867 2.2867
31625 55.92 56.35 0.00 2.3170 2.2496 2.2496
31650 55.92 56.35 0.00 2.3170 2.2496 2.2496
31675 56.01 56.12 0.00 2.0979 3.9743 3.9743
31700 56.08 55.94 0.00 2.0706 3.5740 3.5740
31725 56.22 55.80 0.00 3.6167 3.0958 3.0958
31750 56.22 55.80 0.00 3.6167 3.0958 3.0958
31775 56.33 55.69 0.00 2.4294 3.1539 3.1539
31800 56.45 55.64 0.00 3.1937 2.9883 2.9883
31825 56.45 55.64 0.00 3.1937 2.9883 2.9883
31850 56.59 55.62 0.00 3.6718 2.0651 2.0651
31875 56.71 55.58 0.00 4.2603 2.5109 2.5109
31900 56.71 55.58 0.00 4.2603 2.5109 2.5109
31925 56.85 55.47 0.00 3.2654 3.1696 3.1696
31950 56.85 55.47 0.00 3.2654 3.1696 3.1696
31975 56.99 55.40 0.00 4.0204 3.0654 3.0654
32000 57.19 55.33 0.00 4.8985 2.5192 2.5192
32025 57.36 55.24 0.00 4.4801 2.6236 2.6236
32050 57.55 55.26 0.00 4.7405 4.5499 4.5499
32075 57.55 55.26 0.00 4.7405 4.5499 4.5499
32100 57.75 55.33 0.00 4.6195 2.6074 2.6074
32125 57.89 55.34 0.00 2.1873 1.1554 1.1554
32150 57.91 55.34 0.00 0.2302 2.4562 2.4562
32175 57.91 55.34 0.00 0.2302 2.4562 2.4562
32200 57.92 55.31 0.00 0.4900 2.3872 2.3872
32225 57.96 55.23 0.00 1.3428 3.0095 3.0095
32250 57.96 55.23 0.00 1.3428 3.0095 3.0095
32275 58.06 55.15 0.00 3.6296 5.3379 5.3379
32300 58.22 55.09 0.00 3.8017 4.5965 4.5965
32325 58.22 55.09 0.00 3.8017 4.5965 4.5965
32350 58.36 55.05 0.00 2.6142 3.7584 3.7584
32375 58.43 55.02 0.00 1.4355 3.1633 3.1633
32400 58.43 55.02 0.00 1.4355 3.1633 3.1633
32425 58.45 55.02 0.00 -0.2118 2.4253 2.4253
32450 58.41 54.95 0.00 -1.4766 2.3092 2.3092
32475 58.41 54.95 0.00 -1.4766 2.3092 2.3092
32500 58.31 54.82 0.00 -3.2476 1.6413 1.6413
32525 58.13 54.63 0.00 -4.6007 0.2601 0.2601
32550 58.13 54.63 0.00 -4.6007 0.2601 0.2601
32575 57.91 54.44 0.00 -7.1964 -1.5188 -1.5188
32600 57.68 54.26 0.00 -7.3734 -1.6185 -1.6185
32625 57.43 54.07 0.00 -5.9544 0.5135 0.5135
32650 57.43 54.07 0.00 -5.9544 0.5135 0.5135
32675 57.17 53.82 0.00 -6.4548 -0.6968 -0.6968
32700 56.87 53.40 0.00 -9.0175 -2.2859 -2.2859
32725 56.87 53.40 0.00 -9.0175 -2.2859 -2.2859
32750 56.43 52.85 0.00 -11.9778 -1.4118 -1.4118
32775 55.94 52.28 0.00 -11.5602 -0.1378 -0.1378
32800 55.50 51.68 0.00 -10.9975 -0.7324 -0.7324
32825 55.50 51.68 0.00 -10.9975 -0.7324 -0.7324
32850 55.12 51.07 0.00 -8.7754 -0.2130 -0.2130
32875 54.80 50.54 0.00 -7.0384 -0.8124 -0.8124
32900 54.56 50.05 0.00 -5.7450 0.2659 0.2659
32925 54.56 50.05 0.00 -5.7450 0.2659 0.2659
32950 54.37 49.59 0.00 -4.5129 0.8127 0.8127
32975 54.37 49.59 0.00 -4.5129 0.8127 0.8127
33000 54.19 49.21 0.00 -3.8902 0.2560 0.2560
33025 54.05 48.96 0.00 -3.6765 -0.5331 -0.5331
33050 53.89 48.78 0.00 -3.6608 -0.0897 -0.0897
33075 53.89 48.78 0.00 -3.6608 -0.0897 -0.0897
33100 53.79 48.66 0.00 -1.7181 0.1141 0.1141
33125 53.79 48.64 0.00 0.5502 0.4681 0.4681
33150 53.79 48.64 0.00 0.5502 0.4681 0.4681
33175 53.81 48.66 0.00 1.0501 0.6863 0.6863
33200 53.89 48.85 0.00 1.7050 2.3139 2.3139
33225 53.89 48.85 0.00 1.7050 2.3139 2.3139
33250 53.93 49.23 0.00 1.1733 -1.0817 -1.0817
33275 53.98 49.56 0.00 0.9824 -0.6783 -0.6783
33300 53.98 49.81 0.00 -1.3121 -0.6256 -0.6256
33325 53.98 49.81 0.00 -1.3121 -0.6256 -0.6256
33350 53.88 50.11 0.00 -2.5644 -2.1866 -2.1866
33375 53.84 50.44 0.00 0.5366 0.1631 0.1631
33400 53.84 50.44 0.00 0.5366 0.1631 0.1631
33425 53.89 50.69 0.00 1.0157 0.7255 0.7255
33450 53.91 50.83 0.00 1.0876 1.1406 1.1406
33475 53.91 50.83 0.00 1.0876 1.1406 1.1406
33500 53.96 51.06 0.00 1.3999 1.9355 1.9355
33525 53.98 51.22 0.00 -0.3251 0.5345 0.5345
33550 53.93 51.30 0.00 -1.6694 0.3654 0.3654
33575 53.93 51.30 0.00 -1.6694 0.3654 0.3654
33600 53.88 51.31 0.00 -1.5929 -0.3961 -0.3961
33625 53.88 51.31 0.00 -1.5929 -0.3961 -0.3961
33650 53.81 51.28 0.00 -1.6257 -0.2040 -0.2040
33675 53.75 51.22 0.00 -1.0747 0.6275 0.6275
33700 53.72 51.17 0.00 -0.8167 -1.0406 -1.0406
33725 53.72 51.17 0.00 -0.8167 -1.0406 -1.0406
33750 53.75 51.12 0.00 2.0592 2.9450 2.9450
33775 53.75 51.12 0.00 2.0592 2.9450 2.9450
33800 53.84 51.14 0.00 2.1361 1.1805 1.1805
33825 53.88 51.08 0.00 0.1367 -0.0919 -0.0919
33850 53.82 50.94 0.00 -2.1363 1.6017 1.6017
33875 53.82 50.94 0.00 -2.1363 1.6017 1.6017
33900 53.70 50.80 0.00 -3.5145 0.7745 0.7745
33925 53.54 50.55 0.00 -4.0612 0.3494 0.3494
33950 53.39 50.24 0.00 -4.5329 0.4145 0.4145
33975 53.39 50.24 0.00 -4.5329 0.4145 0.4145
34000 53.23 50.10 0.00 -5.8416 -0.8750 -0.8750
34025 53.23 50.10 0.00 -5.8416 -0.8750 -0.8750
34050 52.58 49.74 0.00 -10.8461 -2.4899 -2.4899
34075 52.58 49.74 0.00 -10.8461 -2.4899 -2.4899
