%#        Time[ms]        X[pixel],        Y[pixel],        Z[pixel],  dX/dt[pixel/s],  dY/dt[pixel/s],  dZ/dt[pixel/s] 
0 50.00 50.00 0.00 -2.9020 -0.9305 -0.9305
25 49.88 49.80 0.00 -1.0418 -2.4636 -2.4636
50 49.88 49.80 0.00 -1.0418 -2.4636 -2.4636
75 49.72 49.61 0.00 -5.8071 -3.9574 -3.9574
100 49.49 49.45 0.00 -4.6277 0.3337 0.3337
125 49.49 49.45 0.00 -4.6277 0.3337 0.3337
150 49.41 49.36 0.00 -1.1884 -2.8044 -2.8044
175 49.39 49.34 0.00 0.0984 -2.8679 -2.8679
200 49.35 49.29 0.00 -1.7606 -1.2138 -1.2138
225 49.35 49.29 0.00 -1.7606 -1.2138 -1.2138
250 49.35 49.29 0.00 -1.7606 -1.2138 -1.2138
275 49.27 49.27 0.00 -2.5764 0.0680 0.0680
300 49.20 49.14 0.00 -0.6648 0.6920 0.6920
325 49.18 49.02 0.00 -0.5425 -0.7267 -0.7267
350 49.14 48.91 0.00 -1.4280 -0.1739 -0.1739
375 49.14 48.91 0.00 -1.4280 -0.1739 -0.1739
400 49.09 48.89 0.00 -1.2468 -0.4731 -0.4731
425 49.06 48.91 0.00 0.1103 -0.2920 -0.2920
450 49.06 48.91 0.00 0.1103 -0.2920 -0.2920
475 49.13 48.98 0.00 2.2281 -1.2652 -1.2652
500 49.25 49.02 0.00 3.5198 0.7893 0.7893
525 49.37 48.95 0.00 4.5921 2.1760 2.1760
550 49.37 48.95 0.00 4.5921 2.1760 2.1760
575 49.72 48.75 0.00 10.9932 8.4117 8.4117
600 50.23 48.46 0.00 13.9205 6.3429 6.3429
625 50.23 48.46 0.00 13.9205 6.3429 6.3429
650 50.86 48.00 0.00 15.9072 7.1809 7.1809
675 51.40 47.53 0.00 11.6935 8.2328 8.2328
700 51.40 47.53 0.00 11.6935 8.2328 8.2328
725 51.69 47.11 0.00 4.0978 6.8583 6.8583
750 51.83 46.68 0.00 3.9934 7.7828 7.7828
775 52.06 46.25 0.00 7.1748 6.8849 6.8849
800 52.06 46.25 0.00 7.1748 6.8849 6.8849
825 52.48 45.88 0.00 12.3132 8.9314 8.9314
850 52.97 45.65 0.00 10.7696 7.5988 7.5988
875 52.97 45.65 0.00 10.7696 7.5988 7.5988
900 53.32 45.52 0.00 7.0058 4.5664 4.5664
925 53.54 45.46 0.00 5.2506 3.7279 3.7279
950 53.54 45.46 0.00 5.2506 3.7279 3.7279
975 53.72 45.46 0.00 3.8333 2.6225 2.6225
1000 53.88 45.50 0.00 4.3842 2.3533 2.3533
1025 54.09 45.53 0.00 6.2918 1.9336 1.9336
1050 54.09 45.53 0.00 6.2918 1.9336 1.9336
1075 54.44 45.51 0.00 9.8508 4.0394 4.0394
1100 54.80 45.47 0.00 8.5064 1.2698 1.2698
1125 54.80 45.47 0.00 8.5064 1.2698 1.2698
1150 55.12 45.47 0.00 7.5344 3.5904 3.5904
1175 55.40 45.54 0.00 6.6714 1.1548 1.1548
1200 55.40 45.54 0.00 6.6714 1.1548 1.1548
1225 55.66 45.66 0.00 5.8735 0.8650 0.8650
1250 55.80 45.71 0.00 1.8323 0.8426 0.8426
1275 55.82 45.69 0.00 -0.3963 2.3241 2.3241
1300 55.82 45.69 0.00 -0.3963 2.3241 2.3241
1325 55.82 45.66 0.00 0.7381 2.5053 2.5053
1350 55.82 45.66 0.00 0.7381 2.5053 2.5053
1375 55.99 45.60 0.00 6.0532 4.6419 4.6419
1400 56.22 45.53 0.00 5.8350 3.5379 3.5379
1425 56.48 45.56 0.00 6.2537 3.7259 3.7259
1450 56.62 45.56 0.00 1.8755 5.0790 5.0790
1475 56.62 45.56 0.00 1.8755 5.0790 5.0790
1500 56.68 45.49 0.00 1.6272 7.9464 7.9464
1525 56.76 45.45 0.00 3.2373 4.9564 4.9564
1550 56.76 45.45 0.00 3.2373 4.9564 4.9564
1575 57.05 45.43 0.00 8.9059 4.7541 4.7541
1600 57.45 45.37 0.00 11.1240 5.6974 5.6974
1625 57.45 45.37 0.00 11.1240 5.6974 5.6974
1650 57.94 45.29 0.00 12.8801 7.6352 7.6352
1675 58.43 45.19 0.00 11.9192 6.9631 6.9631
1700 58.43 45.19 0.00 11.9192 6.9631 6.9631
1725 58.91 45.07 0.00 12.1202 7.3934 7.3934
1750 59.38 44.84 0.00 11.0476 4.3696 4.3696
1775 59.38 44.84 0.00 11.0476 4.3696 4.3696
1800 59.84 44.63 0.00 12.1240 6.4452 6.4452
1825 60.37 44.46 0.00 14.7923 5.9613 5.9613
1850 61.08 44.39 0.00 19.1023 4.9257 4.9257
1875 61.08 44.39 0.00 19.1023 4.9257 4.9257
1900 61.80 44.24 0.00 16.5262 3.6987 3.6987
1925 62.30 44.07 0.00 9.5465 4.7599 4.7599
1950 62.53 43.86 0.00 3.5321 5.7447 5.7447
1975 62.53 43.86 0.00 3.5321 5.7447 5.7447
2000 62.62 43.62 0.00 3.2469 6.3208 6.3208
2025 62.86 43.26 0.00 7.2865 5.7159 5.7159
2050 62.86 43.26 0.00 7.2865 5.7159 5.7159
2075 63.27 42.98 0.00 11.6935 7.5788 7.5788
2100 63.64 42.80 0.00 7.1700 6.1066 6.1066
2125 63.64 42.80 0.00 7.1700 6.1066 6.1066
2150 63.84 42.77 0.00 4.4368 4.4890 4.4890
2175 63.97 42.66 0.00 4.3897 3.4546 3.4546
2200 63.97 42.66 0.00 4.3897 3.4546 3.4546
2225 64.18 42.43 0.00 4.9440 3.4728 3.4728
2250 64.36 42.17 0.00 4.6977 3.6056 3.6056
2275 64.36 42.17 0.00 4.6977 3.6056 3.6056
2300 64.57 41.96 0.00 5.3627 3.2403 3.2403
2325 64.80 41.84 0.00 5.9166 3.6590 3.6590
2350 65.07 41.77 0.00 7.6357 3.9614 3.9614
2375 65.07 41.77 0.00 7.6357 3.9614 3.9614
2400 65.45 41.63 0.00 10.1937 4.7596 4.7596
2425 65.89 41.65 0.00 11.6662 5.9350 5.9350
2450 65.89 41.65 0.00 11.6662 5.9350 5.9350
2475 66.32 41.78 0.00 10.1346 3.1449 3.1449
2500 66.72 41.86 0.00 9.1548 2.5063 2.5063
2525 66.72 41.86 0.00 9.1548 2.5063 2.5063
2550 67.00 41.80 0.00 6.1114 2.1777 2.1777
2575 67.26 41.68 0.00 5.9649 4.6848 4.6848
2600 67.49 41.55 0.00 5.7066 5.8846 5.8846
2625 67.67 41.51 0.00 3.7013 3.8825 3.8825
2650 67.67 41.51 0.00 3.7013 3.8825 3.8825
2675 67.83 41.54 0.00 4.5217 3.9044 3.9044
2700 67.96 41.55 0.00 2.5251 3.7309 3.7309
2725 67.96 41.55 0.00 2.5251 3.7309 3.7309
2750 68.10 41.59 0.00 4.6921 4.7547 4.7547
2775 68.10 41.59 0.00 4.6921 4.7547 4.7547
2800 68.32 41.60 0.00 5.1084 4.0353 4.0353
2825 68.50 41.61 0.00 4.0032 4.3155 4.3155
2850 68.62 41.60 0.00 3.3907 3.6728 3.6728
2875 68.62 41.60 0.00 3.3907 3.6728 3.6728
2900 68.86 41.63 0.00 7.2896 4.5442 4.5442
2925 69.22 41.50 0.00 9.9583 8.1730 8.1730
2950 69.22 41.50 0.00 9.9583 8.1730 8.1730
2975 69.51 41.41 0.00 8.7709 8.6446 8.6446
3000 69.78 41.35 0.00 6.3805 6.6568 6.6568
3025 70.02 41.30 0.00 6.3761 6.5910 6.5910
3050 70.02 41.30 0.00 6.3761 6.5910 6.5910
3075 70.31 41.30 0.00 6.6065 6.2714 6.2714
3100 70.56 41.29 0.00 6.4852 4.9594 4.9594
3125 70.56 41.29 0.00 6.4852 4.9594 4.9594
3150 70.87 41.16 0.00 8.5752 5.6275 5.6275
3175 70.87 41.16 0.00 8.5752 5.6275 5.6275
3200 71.55 40.72 0.00 8.9914 6.3436 6.3436
3225 71.55 40.72 0.00 8.9914 6.3436 6.3436
3250 71.86 40.46 0.00 7.3968 6.0043 6.0043
3275 72.08 40.33 0.00 3.6489 3.0178 3.0178
3300 72.08 40.33 0.00 3.6489 3.0178 3.0178
3325 72.11 40.22 0.00 -0.1371 2.0185 2.0185
3350 72.10 40.12 0.00 -1.1888 0.8093 0.8093
3375 72.10 40.12 0.00 -1.1888 0.8093 0.8093
3400 72.04 40.11 0.00 -1.2234 -0.0444 -0.0444
3425 71.97 40.13 0.00 -2.8854 -1.8060 -1.8060
3450 71.97 40.13 0.00 -2.8854 -1.8060 -1.8060
3475 71.79 40.14 0.00 -5.2247 -3.6609 -3.6609
3500 71.51 40.15 0.00 -7.9260 -4.7759 -4.7759
3525 71.13 40.17 0.00 -11.0428 -6.3100 -6.3100
3550 71.13 40.17 0.00 -11.0428 -6.3100 -6.3100
3575 70.58 40.24 0.00 -14.7835 -9.2289 -9.2289
3600 69.95 40.44 0.00 -16.7314 -12.1304 -12.1304
3625 69.95 40.44 0.00 -16.7314 -12.1304 -12.1304
3650 69.26 40.62 0.00 -17.7733 -13.2519 -13.2519
3675 69.26 40.62 0.00 -17.7733 -13.2519 -13.2519
3700 68.59 40.72 0.00 -14.9263 -9.9498 -9.9498
3725 68.16 40.87 0.00 -8.6476 -7.5681 -7.5681
3750 67.99 40.94 0.00 -3.5993 -6.5304 -6.5304
3775 67.99 40.94 0.00 -3.5993 -6.5304 -6.5304
3800 67.94 40.99 0.00 -0.6808 -3.1492 -3.1492
3825 67.94 40.98 0.00 0.1176 -0.9306 -0.9306
3850 67.96 40.92 0.00 1.4404 1.2304 1.2304
3875 67.96 40.92 0.00 1.4404 1.2304 1.2304
3900 68.10 40.69 0.00 4.0937 4.0256 4.0256
3925 68.10 40.69 0.00 4.0937 4.0256 4.0256
3950 68.26 40.46 0.00 4.4385 4.0106 4.0106
3975 68.43 40.21 0.00 3.8970 3.9390 3.9390
4000 68.62 39.95 0.00 6.2931 6.0895 6.0895
4025 68.62 39.95 0.00 6.2931 6.0895 6.0895
4050 68.91 39.62 0.00 6.4447 5.2408 5.2408
4075 69.06 39.25 0.00 1.9655 4.0216 4.0216
4100 69.06 38.91 0.00 -0.1291 3.5988 3.5988
4125 69.06 38.91 0.00 -0.1291 3.5988 3.5988
4150 69.09 38.40 0.00 1.1791 2.7523 2.7523
4175 69.15 37.75 0.00 1.6689 3.4636 3.4636
4200 69.18 37.08 0.00 -0.3744 3.2580 3.2580
4225 69.18 37.08 0.00 -0.3744 3.2580 3.2580
4250 69.09 36.67 0.00 -2.8343 1.1197 1.1197
4275 68.97 36.46 0.00 -3.5598 -0.4338 -0.4338
4300 68.97 36.46 0.00 -3.5598 -0.4338 -0.4338
4325 68.80 36.34 0.00 -3.5557 -1.7910 -1.7910
4350 68.77 36.23 0.00 -1.0875 -0.0158 -0.0158
4375 68.77 36.23 0.00 -1.0875 -0.0158 -0.0158
4400 68.66 36.21 0.00 -3.4117 -3.2187 -3.2187
4425 68.53 36.18 0.00 -3.8489 -2.2126 -2.2126
4450 68.53 36.18 0.00 -3.8489 -2.2126 -2.2126
4475 68.37 36.09 0.00 -4.8543 -2.5983 -2.5983
4500 68.16 36.08 0.00 -5.4677 -1.4212 -1.4212
4525 68.16 36.08 0.00 -5.4677 -1.4212 -1.4212
4550 67.88 36.04 0.00 -6.8568 -2.0669 -2.0669
4575 67.65 36.01 0.00 -5.5416 -1.9565 -1.9565
4600 67.42 35.95 0.00 -6.7883 -3.0766 -3.0766
4625 67.42 35.95 0.00 -6.7883 -3.0766 -3.0766
4650 67.09 35.83 0.00 -8.7336 -1.3752 -1.3752
4675 66.70 35.64 0.00 -11.5212 -2.2169 -2.2169
4700 66.70 35.64 0.00 -11.5212 -2.2169 -2.2169
4725 66.14 35.40 0.00 -15.5448 -3.9234 -3.9234
4750 65.37 35.14 0.00 -21.4706 -6.5083 -6.5083
4775 64.46 34.92 0.00 -22.1839 -6.5229 -6.5229
4800 64.46 34.92 0.00 -22.1839 -6.5229 -6.5229
4825 63.72 34.64 0.00 -15.9277 -5.9265 -5.9265
4850 63.24 34.39 0.00 -9.2768 -4.7301 -4.7301
4875 63.24 34.39 0.00 -9.2768 -4.7301 -4.7301
4900 63.02 34.24 0.00 -3.1051 -4.0208 -4.0208
4925 62.93 34.17 0.00 -1.7225 -2.8865 -2.8865
4950 62.93 34.17 0.00 -1.7225 -2.8865 -2.8865
4975 62.88 34.15 0.00 -0.8763 -2.1988 -2.1988
5000 62.92 34.21 0.00 1.7265 0.5217 0.5217
5025 63.01 34.34 0.00 2.8277 -1.3186 -1.3186
5050 63.01 34.34 0.00 2.8277 -1.3186 -1.3186
5075 63.17 34.51 0.00 3.9620 0.3022 0.3022
5100 63.17 34.51 0.00 3.9620 0.3022 0.3022
5125 63.31 34.71 0.00 3.1510 1.3301 1.3301
5150 63.48 34.96 0.00 6.2688 3.8780 3.8780
5175 63.80 35.29 0.00 8.5074 5.0256 5.0256
5200 63.80 35.29 0.00 8.5074 5.0256 5.0256
5225 64.18 35.69 0.00 9.4807 4.3262 4.3262
5250 64.52 35.98 0.00 6.8221 2.0056 2.0056
5275 64.62 36.15 0.00 2.0663 1.0865 1.0865
5300 64.62 36.15 0.00 2.0663 1.0865 1.0865
5325 64.64 36.30 0.00 0.4271 2.2268 2.2268
5350 64.71 36.41 0.00 3.1295 1.4893 1.4893
5375 64.71 36.41 0.00 3.1295 1.4893 1.4893
5400 64.89 36.46 0.00 4.6224 1.1789 1.1789
5425 65.05 36.49 0.00 3.9315 1.5136 1.5136
5450 65.05 36.49 0.00 3.9315 1.5136 1.5136
5475 65.21 36.49 0.00 3.8102 2.0267 2.0267
5500 65.34 36.41 0.00 2.8318 2.1860 2.1860
5525 65.43 36.35 0.00 1.8832 1.4639 1.4639
5550 65.43 36.35 0.00 1.8832 1.4639 1.4639
5575 65.48 36.25 0.00 0.4255 0.1761 0.1761
5600 65.48 36.25 0.00 0.4255 0.1761 0.1761
5625 65.46 36.06 0.00 -0.0650 1.5468 1.5468
5650 65.46 35.98 0.00 -0.3124 0.1376 0.1376
5675 65.45 35.89 0.00 -0.7332 -2.0151 -2.0151
5700 65.45 35.89 0.00 -0.7332 -2.0151 -2.0151
5725 65.43 35.79 0.00 -0.0214 -0.2230 -0.2230
5750 65.43 35.70 0.00 -0.2110 0.4640 0.4640
5775 65.43 35.70 0.00 -0.2110 0.4640 0.4640
5800 65.41 35.51 0.00 -0.6213 1.7114 1.7114
5825 65.43 35.22 0.00 1.8428 3.9767 3.9767
5850 65.43 35.22 0.00 1.8428 3.9767 3.9767
5875 65.48 35.04 0.00 0.4698 1.1132 1.1132
5900 65.45 34.99 0.00 -1.4710 0.6722 0.6722
5925 65.37 35.03 0.00 -1.8250 0.0441 0.0441
5950 65.37 35.03 0.00 -1.8250 0.0441 0.0441
5975 65.37 35.16 0.00 1.0530 -0.5950 -0.5950
6000 65.41 35.28 0.00 0.2614 -1.7107 -1.7107
6025 65.39 35.30 0.00 -0.7172 -0.2358 -0.2358
6050 65.39 35.30 0.00 -0.7172 -0.2358 -0.2358
6075 65.36 35.30 0.00 -0.6174 -0.1520 -0.1520
6100 65.37 35.30 0.00 0.8670 0.0442 0.0442
6125 65.39 35.24 0.00 -0.4259 -1.9547 -1.9547
6150 65.39 35.24 0.00 -0.4259 -1.9547 -1.9547
6175 65.43 35.30 0.00 1.9195 2.0501 2.0501
6200 65.46 35.47 0.00 0.7709 -2.2026 -2.2026
6225 65.46 35.47 0.00 0.7709 -2.2026 -2.2026
6250 65.48 35.58 0.00 -0.4974 -2.2127 -2.2127
6275 65.48 35.58 0.00 -0.4974 -2.2127 -2.2127
6300 65.37 35.62 0.00 -3.6841 -1.0487 -1.0487
6325 65.28 35.63 0.00 -1.2354 0.5705 0.5705
6350 65.28 35.51 0.00 1.0024 1.5908 1.5908
6375 65.28 35.51 0.00 1.0024 1.5908 1.5908
6400 65.36 35.41 0.00 1.4099 2.2109 2.2109
6425 65.41 35.39 0.00 1.5507 1.5600 1.5600
6450 65.41 35.39 0.00 1.5507 1.5600 1.5600
6475 65.46 35.39 0.00 1.3641 1.5749 1.5749
6500 65.50 35.43 0.00 0.9606 1.6900 1.6900
6525 65.55 35.48 0.00 1.4215 1.6269 1.6269
6550 65.55 35.48 0.00 1.4215 1.6269 1.6269
6575 65.57 35.52 0.00 -0.0281 0.2487 0.2487
6600 65.57 35.52 0.00 -0.2308 0.2342 0.2342
6625 65.57 35.52 0.00 -0.2308 0.2342 0.2342
6650 65.53 35.42 0.00 -1.6192 -2.0874 -2.0874
6675 65.48 35.43 0.00 -0.6387 1.1515 1.1515
6700 65.46 35.52 0.00 -0.2614 -2.2696 -2.2696
6725 65.46 35.52 0.00 -0.2614 -2.2696 -2.2696
6750 65.45 35.66 0.00 -1.0418 -2.8110 -2.8110
6775 65.45 35.66 0.00 -1.0418 -2.8110 -2.8110
6800 65.39 35.74 0.00 -2.1117 -0.8550 -0.8550
6825 65.30 35.78 0.00 -2.2435 0.2204 0.2204
6850 65.27 35.68 0.00 -0.8741 0.5358 0.5358
6875 65.27 35.68 0.00 -0.8741 0.5358 0.5358
6900 65.25 35.51 0.00 -0.4899 1.4329 1.4329
6925 65.19 35.38 0.00 -1.5105 -0.1129 -0.1129
6950 65.12 35.27 0.00 -1.7876 -0.3756 -0.3756
6975 65.12 35.27 0.00 -1.7876 -0.3756 -0.3756
7000 65.12 35.27 0.00 -1.7876 -0.3756 -0.3756
7025 64.95 35.18 0.00 -2.5393 -1.1371 -1.1371
7050 64.95 35.18 0.00 -2.5393 -1.1371 -1.1371
7075 64.87 35.13 0.00 -1.3007 -1.3215 -1.3215
7100 64.82 35.03 0.00 -1.2671 -0.8682 -0.8682
7125 64.78 34.90 0.00 -0.7919 0.4827 0.4827
7150 64.78 34.90 0.00 -0.7919 0.4827 0.4827
7175 64.73 34.65 0.00 -1.8160 -1.4115 -1.4115
7200 64.68 34.54 0.00 -0.9819 0.2711 0.2711
7225 64.68 34.54 0.00 -0.9819 0.2711 0.2711
7250 64.61 34.60 0.00 -2.1510 -3.6413 -3.6413
7275 64.53 34.68 0.00 -1.8150 -2.2537 -2.2537
7300 64.53 34.68 0.00 -1.8150 -2.2537 -2.2537
7325 64.45 34.67 0.00 -2.2411 -0.6817 -0.6817
7350 64.36 34.59 0.00 -2.1760 0.1872 0.1872
7375 64.36 34.59 0.00 -2.1760 0.1872 0.1872
7400 64.30 34.40 0.00 -0.2086 1.9795 1.9795
7425 64.30 34.29 0.00 -0.2953 0.6771 0.6771
7450 64.30 34.29 0.00 -0.2953 0.6771 0.6771
7475 64.32 34.23 0.00 0.5682 -0.0963 -0.0963
7500 64.32 34.19 0.00 0.2257 0.8096 0.8096
7525 64.32 34.19 0.00 0.2257 0.8096 0.8096
7550 64.32 34.19 0.00 -0.3215 -0.2343 -0.2343
7575 64.29 34.21 0.00 -1.5925 -1.6204 -1.6204
7600 64.21 34.20 0.00 -2.3858 -0.8482 -0.8482
7625 64.21 34.20 0.00 -2.3858 -0.8482 -0.8482
7650 64.14 34.16 0.00 -0.9129 -0.2657 -0.2657
7675 64.18 34.12 0.00 1.4085 0.0594 0.0594
7700 64.16 34.01 0.00 -1.3012 -1.7278 -1.7278
7725 64.16 34.01 0.00 -1.3012 -1.7278 -1.7278
7750 64.16 34.04 0.00 0.3799 1.1721 1.1721
7775 64.16 34.16 0.00 0.0466 -3.0157 -3.0157
7800 64.16 34.16 0.00 0.0466 -3.0157 -3.0157
7825 64.13 34.22 0.00 -1.5868 -2.2864 -2.2864
7850 64.02 34.24 0.00 -2.5292 -0.1688 -0.1688
7875 64.02 34.24 0.00 -2.5292 -0.1688 -0.1688
7900 63.97 34.23 0.00 -1.0856 0.3458 0.3458
7925 63.95 34.11 0.00 0.2511 2.1857 2.1857
7950 63.93 34.03 0.00 -1.3314 0.8040 0.8040
7975 63.93 34.03 0.00 -1.3314 0.8040 0.8040
8000 63.72 34.02 0.00 -8.6798 -2.8454 -2.8454
8025 63.31 33.98 0.00 -9.9491 -4.2189 -4.2189
8050 63.31 33.98 0.00 -9.9491 -4.2189 -4.2189
8075 63.04 33.99 0.00 -3.6995 -2.9155 -2.9155
8100 62.97 34.04 0.00 -1.2176 -2.4877 -2.4877
8125 62.97 34.04 0.00 -1.2176 -2.4877 -2.4877
8150 62.90 34.00 0.00 -1.9871 -0.7361 -0.7361
8175 62.85 33.94 0.00 -1.1253 0.2497 0.2497
8200 62.85 33.89 0.00 1.0031 0.4157 0.4157
8225 62.85 33.89 0.00 1.0031 0.4157 0.4157
8250 62.88 33.73 0.00 0.9940 -0.4147 -0.4147
8275 62.93 33.69 0.00 0.7875 1.5761 1.5761
8300 62.93 33.69 0.00 0.7875 1.5761 1.5761
8325 62.93 33.67 0.00 -0.4443 -1.7220 -1.7220
8350 62.88 33.62 0.00 -1.7461 -2.0314 -2.0314
8375 62.81 33.60 0.00 -2.3450 -1.5284 -1.5284
8400 62.81 33.60 0.00 -2.3450 -1.5284 -1.5284
8425 62.81 33.60 0.00 0.9391 1.2563 1.2563
8450 62.86 33.52 0.00 2.0327 2.9951 2.9951
8475 62.86 33.52 0.00 2.0327 2.9951 2.9951
8500 62.97 33.44 0.00 2.6083 4.4857 4.4857
8525 63.11 33.43 0.00 3.4195 5.2119 5.2119
8550 63.11 33.43 0.00 3.4195 5.2119 5.2119
8575 63.11 33.37 0.00 -2.2279 1.8825 1.8825
8600 62.95 33.13 0.00 -4.3325 4.4773 4.4773
8625 62.95 33.13 0.00 -4.3325 4.4773 4.4773
8650 62.79 32.83 0.00 -3.7119 3.8199 3.8199
8675 62.69 32.60 0.00 -1.4086 1.5349 1.5349
8700 62.69 32.54 0.00 0.7924 0.5244 0.5244
8725 62.69 32.54 0.00 0.7924 0.5244 0.5244
8750 62.76 32.58 0.00 1.2499 -1.9339 -1.9339
8775 62.81 32.67 0.00 2.1321 2.0164 2.0164
8800 62.81 32.67 0.00 2.1321 2.0164 2.0164
8825 62.86 32.84 0.00 0.5422 -0.2269 -0.2269
8850 62.86 32.98 0.00 -0.8339 -2.2857 -2.2857
8875 62.79 33.04 0.00 -1.8326 -1.3446 -1.3446
8900 62.79 33.04 0.00 -1.8326 -1.3446 -1.3446
8925 62.72 33.12 0.00 -2.1097 -0.8362 -0.8362
8950 62.63 33.14 0.00 -2.1363 -0.8920 -0.8920
8975 62.63 33.14 0.00 -2.1363 -0.8920 -0.8920
9000 62.60 33.18 0.00 0.2395 0.4987 0.4987
9025 62.63 33.28 0.00 0.7240 -1.4047 -1.4047
9050 62.63 33.28 0.00 0.7240 -1.4047 -1.4047
9075 62.63 33.30 0.00 -0.1782 -1.0168 -1.0168
9100 62.65 33.30 0.00 0.6063 0.3355 0.3355
9125 62.65 33.30 0.00 0.6063 0.3355 0.3355
9150 62.69 33.28 0.00 0.7688 0.2851 0.2851
9175 62.70 33.22 0.00 0.6952 0.2693 0.2693
9200 62.70 33.22 0.00 0.6952 0.2693 0.2693
9225 62.67 33.16 0.00 -2.0918 -1.5336 -1.5336
9250 62.56 33.11 0.00 -2.4476 -2.0318 -2.0318
9275 62.47 32.99 0.00 -2.0073 -3.2077 -3.2077
9300 62.47 32.99 0.00 -2.0073 -3.2077 -3.2077
9325 62.46 32.92 0.00 0.1544 1.6196 1.6196
9350 62.44 32.92 0.00 -0.1391 -1.7799 -1.7799
9375 62.44 32.96 0.00 -0.6712 -2.3111 -2.3111
9400 62.44 32.96 0.00 -0.6712 -2.3111 -2.3111
9425 62.35 32.90 0.00 -2.7129 -0.7056 -0.7056
9450 62.26 32.81 0.00 -1.7606 0.9256 0.9256
9475 62.26 32.81 0.00 -1.7606 0.9256 0.9256
9500 62.19 32.60 0.00 -1.9410 0.5430 0.5430
9525 62.12 32.39 0.00 -2.0906 1.5859 1.5859
9550 62.12 32.39 0.00 -2.0906 1.5859 1.5859
9575 62.05 32.22 0.00 -0.8274 -0.1934 -0.1934
9600 62.01 32.12 0.00 -1.4538 -0.8012 -0.8012
9625 62.00 32.10 0.00 0.1751 0.1205 0.1205
9650 62.00 32.10 0.00 0.1751 0.1205 0.1205
9675 62.00 32.08 0.00 0.1818 -0.3641 -0.3641
9700 62.00 32.02 0.00 -0.3629 -0.0814 -0.0814
9725 62.00 32.02 0.00 -0.3629 -0.0814 -0.0814
9750 62.00 31.95 0.00 0.0836 0.6199 0.6199
9775 62.00 31.93 0.00 -0.1328 -0.0577 -0.0577
9800 62.00 31.93 0.00 -0.1328 -0.0577 -0.0577
9825 61.96 31.83 0.00 -1.2073 -1.9522 -1.9522
9850 61.94 31.83 0.00 0.3702 1.1520 1.1520
9875 61.94 31.83 0.00 0.3702 1.1520 1.1520
9900 61.96 31.93 0.00 0.2647 -2.1808 -2.1808
9925 61.94 32.06 0.00 -1.5275 -3.6597 -3.6597
9950 61.85 32.09 0.00 -2.9817 -2.3198 -2.3198
9975 61.85 32.09 0.00 -2.9817 -2.3198 -2.3198
10000 61.75 32.09 0.00 -2.5694 -0.4907 -0.4907
10025 61.66 32.08 0.00 -1.8288 -0.8633 -0.8633
10050 61.66 32.08 0.00 -1.8288 -0.8633 -0.8633
10075 61.64 32.00 0.00 0.2756 1.2874 1.2874
10100 61.64 31.92 0.00 0.1175 0.0922 0.0922
10125 61.64 31.92 0.00 0.1175 0.0922 0.0922
10150 61.66 31.88 0.00 0.3414 0.6676 0.6676
10175 61.68 31.88 0.00 0.4349 0.1924 0.1924
10200 61.64 31.90 0.00 -1.7141 -1.4092 -1.4092
10225 61.64 31.90 0.00 -1.7141 -1.4092 -1.4092
10250 61.55 31.89 0.00 -2.7118 -1.9149 -1.9149
10275 61.43 31.83 0.00 -2.6050 -1.2195 -1.2195
10300 61.43 31.83 0.00 -2.6050 -1.2195 -1.2195
10325 61.38 31.74 0.00 -0.8596 -0.7006 -0.7006
10350 61.38 31.74 0.00 -0.8596 -0.7006 -0.7006
10375 61.36 31.62 0.00 -0.5360 -1.3787 -1.3787
10400 61.31 31.47 0.00 -1.2041 0.2082 0.2082
10425 61.31 31.47 0.00 0.4925 1.2436 1.2436
10450 61.31 31.47 0.00 0.4925 1.2436 1.2436
10475 61.32 31.49 0.00 0.2590 -2.9197 -2.9197
10500 61.29 31.45 0.00 -2.0711 -1.4377 -1.4377
10525 61.18 31.35 0.00 -3.6394 0.9593 0.9593
10550 61.18 31.35 0.00 -3.6394 0.9593 0.9593
10575 61.08 31.18 0.00 -1.3106 0.6492 0.6492
10600 61.06 31.09 0.00 0.2648 1.6841 1.6841
10625 61.06 31.01 0.00 -0.5249 0.1096 0.1096
10650 61.06 31.01 0.00 -0.5249 0.1096 0.1096
10675 61.06 30.95 0.00 0.1210 1.0324 1.0324
10700 61.06 30.95 0.00 0.1210 1.0324 1.0324
10725 61.09 30.93 0.00 1.7433 1.4886 1.4886
10750 61.18 30.98 0.00 2.0024 0.1303 0.1303
10775 61.20 31.08 0.00 -0.4054 -0.5411 -0.5411
10800 61.20 31.08 0.00 -0.4054 -0.5411 -0.5411
10825 61.13 31.16 0.00 -1.8090 -0.2578 -0.2578
10850 61.13 31.16 0.00 -1.8090 -0.2578 -0.2578
10875 61.13 31.18 0.00 0.8063 -0.5701 -0.5701
10900 61.13 31.18 0.00 0.8063 -0.5701 -0.5701
10925 61.16 31.16 0.00 0.3799 -0.9639 -0.9639
10950 61.16 31.16 0.00 0.3799 -0.9639 -0.9639
10975 61.18 31.16 0.00 0.5892 0.8116 0.8116
11000 61.18 31.28 0.00 -0.4462 -1.2237 -1.2237
11025 61.16 31.41 0.00 -0.1712 -2.2755 -2.2755
11050 61.16 31.41 0.00 -0.1712 -2.2755 -2.2755
11075 61.13 31.45 0.00 -1.2768 -0.5016 -0.5016
11100 61.13 31.45 0.00 -1.2768 -0.5016 -0.5016
11125 61.06 31.40 0.00 -0.5334 0.9688 0.9688
11150 61.06 31.40 0.00 -0.5334 0.9688 0.9688
11175 61.08 31.28 0.00 0.3597 2.2558 2.2558
11200 61.08 31.18 0.00 0.3014 1.2457 1.2457
11225 61.08 31.18 0.00 0.3014 1.2457 1.2457
11250 61.08 31.18 0.00 0.3014 1.2457 1.2457
11275 61.13 31.20 0.00 0.9715 0.8918 0.8918
11300 61.13 31.20 0.00 0.9715 0.8918 0.8918
11325 61.16 31.28 0.00 0.3877 -0.6472 -0.6472
11350 61.15 31.32 0.00 -0.8135 -0.5812 -0.5812
11375 61.15 31.32 0.00 -0.8135 -0.5812 -0.5812
11400 61.09 31.30 0.00 -1.3306 -0.1759 -0.1759
11425 61.06 31.28 0.00 -1.1702 -0.9659 -0.9659
11450 61.06 31.28 0.00 -1.1702 -0.9659 -0.9659
11475 61.02 31.28 0.00 -1.2655 -2.9217 -2.9217
11500 60.97 31.26 0.00 -0.4709 0.2806 0.2806
11525 60.95 31.38 0.00 -1.3273 -1.1245 -1.1245
11550 60.95 31.38 0.00 -1.3273 -1.1245 -1.1245
11575 60.92 31.48 0.00 -0.5258 -2.6811 -2.6811
11600 60.85 31.54 0.00 -2.6001 -2.0703 -2.0703
11625 60.74 31.55 0.00 -2.2284 0.2051 0.2051
11650 60.74 31.55 0.00 -2.2284 0.2051 0.2051
11675 60.69 31.49 0.00 -0.7208 0.5635 0.5635
11700 60.70 31.37 0.00 0.4362 1.6772 1.6772
11725 60.70 31.37 0.00 0.4362 1.6772 1.6772
11750 60.69 31.27 0.00 -0.3276 1.0081 1.0081
11775 60.67 31.20 0.00 -0.4672 0.4076 0.4076
11800 60.65 31.14 0.00 -0.6211 -0.0051 -0.0051
11825 60.65 31.14 0.00 -0.6211 -0.0051 -0.0051
11850 60.63 31.12 0.00 -0.8319 -0.5708 -0.5708
11875 60.58 31.08 0.00 -1.5370 -1.5241 -1.5241
11900 60.58 31.08 0.00 -1.5370 -1.5241 -1.5241
11925 60.49 30.99 0.00 -2.3350 -0.5308 -0.5308
11950 60.40 30.80 0.00 -2.1449 -0.8016 -0.8016
11975 60.40 30.80 0.00 -2.1449 -0.8016 -0.8016
12000 60.39 30.48 0.00 0.1768 -0.6900 -0.6900
12025 60.37 30.01 0.00 0.1752 2.8176 2.8176
12050 60.37 30.01 0.00 0.1752 2.8176 2.8176
12075 60.39 29.68 0.00 -0.2260 1.5892 1.5892
12100 60.35 29.54 0.00 -1.1129 -1.9774 -1.9774
12125 60.35 29.54 0.00 -1.1129 -1.9774 -1.9774
12150 60.28 29.49 0.00 -2.2624 -2.0548 -2.0548
12175 60.14 29.41 0.00 -3.8252 -0.4024 -0.4024
12200 60.02 29.34 0.00 -2.6358 -0.7965 -0.7965
12225 60.02 29.34 0.00 -2.6358 -0.7965 -0.7965
12250 60.00 29.24 0.00 0.7472 1.4655 1.4655
12275 60.02 29.18 0.00 0.1354 0.5682 0.5682
12300 60.02 29.18 0.00 0.1354 0.5682 0.5682
12325 60.02 29.10 0.00 -0.1507 0.6578 0.6578
12350 60.02 29.10 0.00 -0.0032 0.4849 0.4849
12375 60.00 29.16 0.00 -0.2466 -0.0768 -0.0768
12400 60.00 29.16 0.00 -0.2466 -0.0768 -0.0768
12425 59.96 29.22 0.00 -1.6042 -1.3769 -1.3769
12450 59.88 29.26 0.00 -2.4860 -1.3478 -1.3478
12475 59.88 29.26 0.00 -2.4860 -1.3478 -1.3478
12500 59.79 29.23 0.00 -2.2512 -1.0466 -1.0466
12525 59.73 29.17 0.00 -0.6771 -1.0892 -1.0892
12550 59.73 29.17 0.00 -0.6771 -1.0892 -1.0892
12575 59.70 29.09 0.00 -1.5151 -1.3406 -1.3406
12600 59.61 29.00 0.00 -1.3489 0.2547 0.2547
12625 59.61 29.00 0.00 -1.3489 0.2547 0.2547
12650 59.61 29.08 0.00 -0.2027 -0.1996 -0.1996
12675 59.58 29.19 0.00 -1.0244 -2.9345 -2.9345
12700 59.47 29.26 0.00 -3.9041 -2.6469 -2.6469
12725 59.47 29.26 0.00 -3.9041 -2.6469 -2.6469
12750 59.29 29.24 0.00 -4.5392 -1.5085 -1.5085
12775 59.17 29.21 0.00 -2.0314 -1.5606 -1.5606
12800 59.14 29.15 0.00 -0.5454 0.2374 0.2374
12825 59.14 29.15 0.00 -0.5454 0.2374 0.2374
12850 59.08 29.07 0.00 -1.5589 -0.8586 -0.8586
12875 59.05 29.05 0.00 -0.5182 -0.4834 -0.4834
12900 59.05 29.05 0.00 -0.5182 -0.4834 -0.4834
12925 59.03 29.04 0.00 -0.4990 -0.1803 -0.1803
12950 59.00 29.08 0.00 -1.0485 -0.9552 -0.9552
12975 58.96 29.10 0.00 -1.7574 -1.6909 -1.6909
13000 58.96 29.10 0.00 -1.7574 -1.6909 -1.6909
13025 58.89 29.10 0.00 -1.6089 -1.2481 -1.2481
13050 58.84 29.06 0.00 -1.1087 -0.6643 -0.6643
13075 58.84 29.06 0.00 -1.1087 -0.6643 -0.6643
13100 58.84 28.96 0.00 0.3214 -0.2354 -0.2354
13125 58.82 28.88 0.00 -1.2145 -2.2494 -2.2494
13150 58.82 28.88 0.00 -1.2145 -2.2494 -2.2494
13175 58.80 28.83 0.00 0.6133 1.5888 1.5888
13200 58.84 28.88 0.00 0.6128 -1.0536 -1.0536
13225 58.84 28.88 0.00 0.6128 -1.0536 -1.0536
13250 58.85 28.96 0.00 0.5478 -2.2549 -2.2549
13275 58.82 28.98 0.00 -2.4364 -1.4088 -1.4088
13300 58.82 28.98 0.00 -2.4364 -1.4088 -1.4088
13325 58.73 28.99 0.00 -1.1642 1.0789 1.0789
13350 58.73 28.93 0.00 0.3345 0.1690 0.1690
13375 58.73 28.93 0.00 0.3345 0.1690 0.1690
13400 58.78 28.83 0.00 1.9648 1.9188 1.9188
13425 58.84 28.74 0.00 0.9704 0.9354 0.9354
13450 58.91 28.70 0.00 1.7944 1.0979 1.0979
13475 58.91 28.70 0.00 1.7944 1.0979 1.0979
13500 58.98 28.72 0.00 2.0379 0.7911 0.7911
13525 59.07 28.74 0.00 2.0257 0.6599 0.6599
13550 59.10 28.72 0.00 0.0804 0.4844 0.4844
13575 59.10 28.72 0.00 0.0804 0.4844 0.4844
13600 59.08 28.64 0.00 -0.6606 0.7069 0.7069
13625 59.08 28.64 0.00 -0.6606 0.7069 0.7069
13650 59.07 28.58 0.00 -0.0581 0.4044 0.4044
13675 59.08 28.52 0.00 0.3910 -0.1381 -0.1381
13700 59.03 28.42 0.00 -1.8014 -2.1876 -2.1876
13725 59.03 28.42 0.00 -1.8014 -2.1876 -2.1876
13750 59.01 28.48 0.00 -0.0572 1.3904 1.3904
13775 58.98 28.60 0.00 -1.1494 -3.5239 -3.5239
13800 58.92 28.70 0.00 -1.8606 -3.4186 -3.4186
13825 58.92 28.70 0.00 -1.8606 -3.4186 -3.4186
13850 58.82 28.75 0.00 -3.1928 -1.6012 -1.6012
13875 58.82 28.75 0.00 -3.1928 -1.6012 -1.6012
13900 58.70 28.75 0.00 -2.7551 -0.2948 -0.2948
13925 58.64 28.69 0.00 -0.5263 0.5752 0.5752
13950 58.63 28.65 0.00 -1.1012 0.4752 0.4752
13975 58.63 28.65 0.00 -1.1012 0.4752 0.4752
14000 58.57 28.59 0.00 -1.0069 -0.2364 -0.2364
14025 58.56 28.58 0.00 -0.4089 -0.1307 -0.1307
14050 58.50 28.62 0.00 -1.4403 -0.4662 -0.4662
14075 58.50 28.62 0.00 -1.4403 -0.4662 -0.4662
14100 58.43 28.68 0.00 -2.2541 -1.7197 -1.7197
14125 58.43 28.68 0.00 -2.2541 -1.7197 -1.7197
14150 58.34 28.70 0.00 -2.1828 -1.6213 -1.6213
14175 58.26 28.64 0.00 -2.3014 -0.4618 -0.4618
14200 58.26 28.64 0.00 -2.3014 -0.4618 -0.4618
14225 58.20 28.59 0.00 -0.6266 -0.0221 -0.0221
14250 58.17 28.51 0.00 -1.1280 -2.2026 -2.2026
14275 58.12 28.45 0.00 -0.4893 0.6682 0.6682
14300 58.12 28.45 0.00 -0.4893 0.6682 0.6682
14325 58.12 28.61 0.00 -0.4766 -0.6334 -0.6334
14350 58.10 28.77 0.00 -0.5019 -3.6325 -3.6325
14375 58.10 28.77 0.00 -0.5019 -3.6325 -3.6325
14400 58.03 28.81 0.00 -2.7594 -1.6705 -1.6705
14425 57.89 28.83 0.00 -3.5853 -0.2224 -0.2224
14450 57.78 28.78 0.00 -1.5318 -0.0708 -0.0708
14475 57.78 28.78 0.00 -1.5318 -0.0708 -0.0708
14500 57.82 28.70 0.00 1.9139 1.6986 1.6986
14525 57.89 28.63 0.00 1.3045 1.2274 1.2274
14550 57.89 28.63 0.00 1.3045 1.2274 1.2274
14575 57.92 28.61 0.00 0.7125 2.1084 2.1084
14600 57.96 28.65 0.00 1.7564 1.7554 1.7554
14625 58.03 28.71 0.00 1.5674 0.6397 0.6397
14650 58.03 28.71 0.00 1.5674 0.6397 0.6397
14675 58.05 28.75 0.00 -0.2719 0.2739 0.2739
14700 58.03 28.77 0.00 -0.2162 0.7769 0.7769
14725 58.03 28.77 0.00 -0.2162 0.7769 0.7769
14750 58.03 28.79 0.00 0.3673 -0.0684 -0.0684
14775 58.03 28.73 0.00 -0.3130 -1.9269 -1.9269
14800 58.03 28.73 0.00 -0.3130 -1.9269 -1.9269
14825 58.06 28.75 0.00 0.5033 1.6311 1.6311
14850 58.05 28.85 0.00 -0.0376 -1.9935 -1.9935
14875 58.05 28.93 0.00 -0.5273 -1.8995 -1.8995
14900 58.05 28.93 0.00 -0.5273 -1.8995 -1.8995
14925 57.99 28.97 0.00 -1.6778 -0.5943 -0.5943
14950 57.92 28.99 0.00 -1.7083 -1.2695 -1.2695
14975 57.92 28.99 0.00 -1.7083 -1.2695 -1.2695
15000 57.91 28.93 0.00 0.3692 1.7644 1.7644
15025 57.92 28.83 0.00 0.0815 0.6989 0.6989
15050 57.92 28.83 0.00 0.0815 0.6989 0.6989
15075 57.94 28.79 0.00 0.3012 -0.1052 -0.1052
15100 57.92 28.77 0.00 -0.4817 -0.3067 -0.3067
15125 57.87 28.79 0.00 -1.7301 -0.6523 -0.6523
15150 57.87 28.79 0.00 -1.7301 -0.6523 -0.6523
15175 57.78 28.82 0.00 -2.8667 -2.0998 -2.0998
15200 57.78 28.82 0.00 -2.8667 -2.0998 -2.0998
15225 57.66 28.78 0.00 -4.1700 -2.5445 -2.5445
15250 57.43 28.67 0.00 -7.1824 -3.8141 -3.8141
15275 57.03 28.42 0.00 -9.1021 -6.2913 -6.2913
15300 56.66 28.19 0.00 -8.2158 -3.1402 -3.1402
15325 56.66 28.19 0.00 -8.2158 -3.1402 -3.1402
15350 56.33 28.10 0.00 -7.8144 -5.4048 -5.4048
15375 56.15 28.10 0.00 -5.4736 -6.6233 -6.6233
15400 56.15 28.10 0.00 -5.4736 -6.6233 -6.6233
15425 55.98 28.09 0.00 -3.6238 -4.3625 -4.3625
15450 55.87 28.03 0.00 -2.0867 -0.8472 -0.8472
15475 55.87 28.03 0.00 -2.0867 -0.8472 -0.8472
15500 55.80 27.95 0.00 -1.9466 -0.2411 -0.2411
15525 55.75 27.78 0.00 -1.0053 1.0032 1.0032
15550 55.75 27.78 0.00 -1.0053 1.0032 1.0032
15575 55.73 27.62 0.00 0.7689 0.1112 0.1112
15600 55.77 27.54 0.00 0.5562 0.0257 0.0257
15625 55.77 27.54 0.00 0.5562 0.0257 0.0257
15650 55.78 27.54 0.00 0.2175 0.8369 0.8369
15675 55.80 27.58 0.00 0.4861 -0.4930 -0.4930
15700 55.78 27.64 0.00 -1.0115 -1.2681 -1.2681
15725 55.78 27.64 0.00 -1.0115 -1.2681 -1.2681
15750 55.71 27.72 0.00 -2.1615 -0.9136 -0.9136
15775 55.64 27.78 0.00 -1.5189 -1.0831 -1.0831
15800 55.64 27.78 0.00 -1.5189 -1.0831 -1.0831
15825 55.57 27.76 0.00 -1.3579 -2.2637 -2.2637
15850 55.63 27.84 0.00 2.1450 1.9987 1.9987
15875 55.68 28.00 0.00 1.1369 -2.4350 -2.4350
15900 55.68 28.00 0.00 1.1369 -2.4350 -2.4350
15925 55.71 28.11 0.00 0.2170 -2.3017 -2.3017
15950 55.71 28.11 0.00 0.2170 -2.3017 -2.3017
15975 55.61 28.12 0.00 0.5708 1.2898 1.2898
16000 55.61 28.12 0.00 0.5708 1.2898 1.2898
16025 55.70 28.04 0.00 2.7519 3.0352 3.0352
16050 55.70 28.04 0.00 2.7519 3.0352 3.0352
16075 55.80 27.95 0.00 2.5512 2.1628 2.1628
16100 55.91 27.85 0.00 2.5241 1.4236 1.4236
16125 55.91 27.85 0.00 2.5241 1.4236 1.4236
16150 55.98 27.87 0.00 1.5141 1.4201 1.4201
16175 56.01 27.91 0.00 1.1993 1.2068 1.2068
16200 56.05 27.99 0.00 0.1708 -1.0930 -1.0930
16225 56.05 27.99 0.00 0.1708 -1.0930 -1.0930
16250 56.01 27.99 0.00 -1.2062 -0.6236 -0.6236
16275 55.96 27.97 0.00 -0.9199 0.4998 0.4998
16300 55.96 27.97 0.00 -0.9199 0.4998 0.4998
16325 55.94 27.91 0.00 -1.0525 -2.2406 -2.2406
16350 55.87 27.83 0.00 -0.5990 0.8722 0.8722
16375 55.85 27.87 0.00 -1.0014 -1.3354 -1.3354
16400 55.85 27.87 0.00 -1.0014 -1.3354 -1.3354
16425 55.80 27.93 0.00 -1.7004 -3.8743 -3.8743
16450 55.70 27.96 0.00 -3.3689 -2.1799 -2.1799
16475 55.70 27.96 0.00 -3.3689 -2.1799 -2.1799
16500 55.56 27.88 0.00 -2.8887 -0.4182 -0.4182
16525 55.49 27.76 0.00 -0.8730 0.4634 0.4634
16550 55.49 27.76 0.00 -0.8730 0.4634 0.4634
16575 55.50 27.50 0.00 0.1101 1.5690 1.5690
16600 55.47 27.30 0.00 -1.0524 0.3036 0.3036
16625 55.47 27.30 0.00 -1.0524 0.3036 0.3036
16650 55.42 27.15 0.00 -1.3365 0.7030 0.7030
16675 55.36 27.09 0.00 -1.2293 -0.4572 -0.4572
16700 55.36 27.09 0.00 -1.2293 -0.4572 -0.4572
16725 55.35 27.13 0.00 -0.2701 -1.1809 -1.1809
16750 55.35 27.15 0.00 -0.0275 -0.5227 -0.5227
16775 55.35 27.17 0.00 0.2573 0.1823 0.1823
16800 55.35 27.17 0.00 0.2573 0.1823 0.1823
16825 55.36 27.13 0.00 0.6417 -0.5724 -0.5724
16850 55.42 27.07 0.00 2.1368 2.6405 2.6405
16875 55.42 27.07 0.00 2.1368 2.6405 2.6405
16900 55.50 27.16 0.00 1.2160 0.6348 0.6348
16925 55.50 27.16 0.00 1.2160 0.6348 0.6348
16950 55.42 27.43 0.00 -2.7869 -2.8261 -2.8261
16975 55.42 27.43 0.00 -2.7869 -2.8261 -2.8261
17000 55.28 27.55 0.00 -3.4258 -1.2435 -1.2435
17025 55.19 27.61 0.00 -1.4975 -0.4816 -0.4816
17050 55.19 27.61 0.00 -1.4975 -0.4816 -0.4816
17075 55.19 27.59 0.00 0.1692 0.8344 0.8344
17100 55.17 27.57 0.00 -0.4844 0.2445 0.2445
17125 55.19 27.55 0.00 1.0656 1.1678 1.1678
17150 55.19 27.55 0.00 1.0656 1.1678 1.1678
17175 55.24 27.59 0.00 1.4838 0.9805 0.9805
17200 55.28 27.61 0.00 0.1454 0.4328 0.4328
17225 55.28 27.61 0.00 0.1454 0.4328 0.4328
17250 55.22 27.65 0.00 -1.5982 -0.3436 -0.3436
17275 55.17 27.63 0.00 -0.9319 -0.8789 -0.8789
17300 55.17 27.63 0.00 -0.9319 -0.8789 -0.8789
17325 55.08 27.53 0.00 -3.2281 -4.2797 -4.2797
17350 55.00 27.45 0.00 -1.2743 2.0172 2.0172
17375 54.94 27.47 0.00 -0.9119 -2.2799 -2.2799
17400 54.94 27.47 0.00 -0.9119 -2.2799 -2.2799
17425 54.94 27.51 0.00 -0.5000 -2.0786 -2.0786
17450 54.86 27.56 0.00 -2.3089 -0.7480 -0.7480
17475 54.86 27.56 0.00 -2.3089 -0.7480 -0.7480
17500 54.79 27.62 0.00 -1.4131 -0.8475 -0.8475
17525 54.77 27.60 0.00 -0.3973 0.6873 0.6873
17550 54.77 27.60 0.00 -0.3973 0.6873 0.6873
17575 54.75 27.50 0.00 -0.2220 0.8515 0.8515
17600 54.73 27.42 0.00 -0.6360 -0.3405 -0.3405
17625 54.73 27.42 0.00 -0.6360 -0.3405 -0.3405
17650 54.68 27.38 0.00 -1.5370 -0.3679 -0.3679
17675 54.65 27.42 0.00 -0.5921 -0.4845 -0.4845
17700 54.65 27.42 0.00 -0.5921 -0.4845 -0.4845
17725 54.65 27.46 0.00 0.2667 -1.1335 -1.1335
17750 54.63 27.44 0.00 -0.9170 -1.0351 -1.0351
17775 54.58 27.34 0.00 -1.4294 0.0276 0.0276
17800 54.58 27.34 0.00 -1.4294 0.0276 0.0276
17825 54.49 27.16 0.00 -2.4290 -1.5399 -1.5399
17850 54.47 26.98 0.00 0.1897 2.1484 2.1484
17875 54.47 26.98 0.00 0.1897 2.1484 2.1484
17900 54.44 26.88 0.00 -1.6332 -3.1211 -3.1211
17925 54.31 26.85 0.00 -3.5890 -3.1995 -3.1995
17950 54.31 26.85 0.00 -3.5890 -3.1995 -3.1995
17975 54.16 26.79 0.00 -4.1646 -1.2344 -1.2344
18000 54.02 26.75 0.00 -3.2278 -0.6153 -0.6153
18025 53.95 26.63 0.00 -0.8735 1.0629 1.0629
18050 53.95 26.63 0.00 -0.8735 1.0629 1.0629
18075 53.91 26.51 0.00 -0.4424 -0.4376 -0.4376
18100 53.89 26.45 0.00 -1.0068 -0.3531 -0.3531
18125 53.89 26.45 0.00 -1.0068 -0.3531 -0.3531
18150 53.84 26.47 0.00 -1.0662 -0.2048 -0.2048
18175 53.81 26.55 0.00 -0.3770 -0.6230 -0.6230
18200 53.81 26.55 0.00 -0.3770 -0.6230 -0.6230
18225 53.81 26.65 0.00 -0.3662 -1.2197 -1.2197
18250 53.75 26.70 0.00 -1.6877 -0.6112 -0.6112
18275 53.70 26.66 0.00 -1.1692 -0.0629 -0.0629
18300 53.70 26.66 0.00 -1.1692 -0.0629 -0.0629
18325 53.63 26.56 0.00 -2.2716 -3.2718 -3.2718
18350 53.60 26.56 0.00 -0.3320 1.3743 1.3743
18375 53.60 26.56 0.00 -0.3320 1.3743 1.3743
18400 53.58 26.64 0.00 -0.7761 -2.0378 -2.0378
18425 53.53 26.74 0.00 -1.6848 -4.0890 -4.0890
18450 53.40 26.76 0.00 -3.3278 -1.7473 -1.7473
18475 53.40 26.76 0.00 -3.3278 -1.7473 -1.7473
18500 53.32 26.76 0.00 -1.4123 0.3488 0.3488
18525 53.33 26.70 0.00 0.7690 0.9449 0.9449
18550 53.33 26.70 0.00 0.7690 0.9449 0.9449
18575 53.37 26.58 0.00 0.9011 1.1287 1.1287
18600 53.37 26.46 0.00 -0.2238 -0.1519 -0.1519
18625 53.37 26.46 0.00 -0.2238 -0.1519 -0.1519
18650 53.33 26.34 0.00 -1.4268 -0.2266 -0.2266
18675 53.28 26.30 0.00 -0.9262 -0.2928 -0.2928
18700 53.28 26.30 0.00 -0.1932 -1.6287 -1.6287
18725 53.28 26.30 0.00 -0.1932 -1.6287 -1.6287
18750 53.23 26.26 0.00 -1.6299 -1.3010 -1.3010
18775 53.16 26.18 0.00 -1.6360 -0.1409 -0.1409
18800 53.16 26.18 0.00 -1.6360 -0.1409 -0.1409
18825 53.14 26.02 0.00 0.3725 0.6062 0.6062
18850 53.13 25.78 0.00 -0.9186 -1.6610 -1.6610
18875 53.13 25.78 0.00 -0.9186 -1.6610 -1.6610
18900 53.14 25.60 0.00 1.3271 3.0511 3.0511
18925 53.18 25.52 0.00 0.6038 -1.1855 -1.1855
18950 53.18 25.52 0.00 0.6038 -1.1855 -1.1855
18975 53.16 25.50 0.00 -0.9473 -2.4330 -2.4330
19000 53.07 25.46 0.00 -2.9478 -1.3083 -1.3083
19025 53.07 25.46 0.00 -2.9478 -1.3083 -1.3083
19050 52.99 25.44 0.00 -1.3753 -0.3793 -0.3793
19075 52.99 25.44 0.00 -1.3753 -0.3793 -0.3793
19100 53.04 25.28 0.00 1.2379 0.8728 0.8728
19125 53.04 25.28 0.00 1.2379 0.8728 0.8728
19150 53.07 25.22 0.00 1.1883 0.9469 0.9469
19175 53.07 25.22 0.00 1.1883 0.9469 0.9469
19200 53.09 25.18 0.00 0.3705 0.6715 0.6715
19225 53.09 25.20 0.00 -0.0561 0.3988 0.3988
19250 53.09 25.24 0.00 -0.6066 -1.1026 -1.1026
19275 53.09 25.24 0.00 -0.6066 -1.1026 -1.1026
19300 53.04 25.24 0.00 -1.3217 -0.4647 -0.4647
19325 53.00 25.20 0.00 -0.5307 0.5191 0.5191
19350 53.00 25.14 0.00 -0.1018 0.0689 0.0689
19375 53.00 25.14 0.00 -0.1018 0.0689 0.0689
19400 52.97 25.10 0.00 -1.1730 -1.3108 -1.3108
19425 52.92 25.04 0.00 -0.8989 0.2406 0.2406
19450 52.92 25.04 0.00 -0.8989 0.2406 0.2406
19475 52.90 25.08 0.00 -0.7071 -0.5308 -0.5308
19500 52.85 25.18 0.00 -1.8189 -4.1308 -4.1308
19525 52.85 25.18 0.00 -1.8189 -4.1308 -4.1308
19550 52.72 25.24 0.00 -3.6716 -2.5488 -2.5488
19575 52.58 25.26 0.00 -2.9984 -0.7691 -0.7691
19600 52.50 25.24 0.00 -1.8907 -0.8044 -0.8044
19625 52.50 25.24 0.00 -1.8907 -0.8044 -0.8044
19650 52.46 25.18 0.00 -0.5845 0.9599 0.9599
19675 52.43 25.14 0.00 -0.7576 -0.3134 -0.3134
19700 52.43 25.14 0.00 -0.7576 -0.3134 -0.3134
19725 52.39 25.14 0.00 -0.7790 -0.0322 -0.0322
19750 52.37 25.21 0.00 0.0816 0.3515 0.3515
19775 52.37 25.29 0.00 -0.0976 -0.6810 -0.6810
19800 52.37 25.29 0.00 -0.0976 -0.6810 -0.6810
19825 52.37 25.31 0.00 -0.5985 -0.8354 -0.8354
19850 52.30 25.29 0.00 -2.0962 -0.5077 -0.5077
19875 52.30 25.29 0.00 -2.0962 -0.5077 -0.5077
19900 52.25 25.31 0.00 -0.4547 -0.2041 -0.2041
19925 52.25 25.31 0.00 -0.4547 -0.2041 -0.2041
19950 52.27 25.35 0.00 0.4476 -0.7475 -0.7475
19975 52.23 25.35 0.00 -1.0849 -2.2864 -2.2864
20000 52.23 25.43 0.00 0.3917 1.9708 1.9708
20025 52.23 25.43 0.00 0.3917 1.9708 1.9708
20050 52.22 25.55 0.00 -0.6735 -2.1313 -2.1313
20075 52.22 25.55 0.00 -0.6735 -2.1313 -2.1313
20100 52.18 25.61 0.00 -1.3438 -2.3569 -2.3569
20125 52.11 25.63 0.00 -1.9836 -0.3976 -0.3976
20150 52.06 25.61 0.00 -0.8812 0.0447 0.0447
20175 52.06 25.61 0.00 -0.8812 0.0447 0.0447
20200 52.04 25.53 0.00 0.7475 2.0651 2.0651
20225 52.09 25.45 0.00 1.0071 1.8266 1.8266
20250 52.09 25.45 0.00 1.0071 1.8266 1.8266
20275 52.13 25.39 0.00 0.7594 0.6591 0.6591
20300 52.15 25.37 0.00 0.1079 0.7496 0.7496
20325 52.15 25.31 0.00 -0.0995 0.9715 0.9715
20350 52.13 25.27 0.00 -0.7166 -0.3455 -0.3455
20375 52.13 25.27 0.00 -0.7166 -0.3455 -0.3455
20400 52.09 25.15 0.00 -1.3073 -0.6840 -0.6840
20425 52.09 25.15 0.00 -1.3073 -0.6840 -0.6840
20450 52.02 24.99 0.00 -1.6462 -0.6963 -0.6963
20475 51.96 24.83 0.00 -1.7821 0.2165 0.2165
20500 51.89 24.56 0.00 -2.0538 -2.2126 -2.2126
20525 51.89 24.56 0.00 -2.0538 -2.2126 -2.2126
20550 51.85 24.32 0.00 1.0751 2.3240 2.3240
20575 51.85 24.14 0.00 -1.3838 -1.6721 -1.6721
20600 51.85 24.14 0.00 -1.3838 -1.6721 -1.6721
20625 51.75 23.95 0.00 -3.4160 -3.0059 -3.0059
20650 51.59 23.75 0.00 -4.3953 -1.9654 -1.9654
20675 51.45 23.61 0.00 -2.8053 -0.1315 -0.1315
20700 51.45 23.61 0.00 -2.8053 -0.1315 -0.1315
20725 51.38 23.49 0.00 -1.0645 -0.4392 -0.4392
20750 51.36 23.41 0.00 -0.4753 0.4554 0.4554
20775 51.36 23.41 0.00 -0.4753 0.4554 0.4554
20800 51.31 23.28 0.00 -1.4819 -0.7594 -0.7594
20825 51.24 23.22 0.00 -1.5443 -0.6269 -0.6269
20850 51.20 23.22 0.00 -0.3790 0.1161 0.1161
20875 51.20 23.22 0.00 -0.3790 0.1161 0.1161
20900 51.20 23.28 0.00 0.1679 -0.6131 -0.6131
20925 51.17 23.35 0.00 -1.5096 -2.0713 -2.0713
20950 51.17 23.35 0.00 -1.5096 -2.0713 -2.0713
20975 51.10 23.39 0.00 -1.8765 -1.7978 -1.7978
21000 51.05 23.41 0.00 -0.9703 -0.8636 -0.8636
21025 51.05 23.41 0.00 -0.9703 -0.8636 -0.8636
21050 51.05 23.39 0.00 0.3067 -0.5737 -0.5737
21075 51.05 23.37 0.00 -0.3945 -1.8911 -1.8911
21100 50.98 23.33 0.00 -1.6675 -0.4306 -0.4306
21125 50.98 23.33 0.00 -1.6675 -0.4306 -0.4306
21150 50.94 23.41 0.00 -1.4629 -1.0842 -1.0842
21175 50.87 23.53 0.00 -1.5336 -4.2686 -4.2686
21200 50.87 23.53 0.00 -1.5336 -4.2686 -4.2686
21225 50.77 23.61 0.00 -3.5970 -3.2285 -3.2285
21250 50.61 23.61 0.00 -3.6590 -0.9365 -0.9365
21275 50.52 23.59 0.00 -0.8886 -0.5577 -0.5577
21300 50.52 23.59 0.00 -0.8886 -0.5577 -0.5577
21325 50.56 23.49 0.00 1.2762 1.1864 1.1864
21350 50.58 23.39 0.00 0.4775 0.1513 0.1513
21375 50.58 23.39 0.00 0.4775 0.1513 0.1513
21400 50.58 23.29 0.00 -0.5109 0.4749 0.4749
21425 50.56 23.25 0.00 -0.2183 0.6425 0.6425
21450 50.56 23.25 0.00 -0.2183 0.6425 0.6425
21475 50.56 23.29 0.00 -0.3255 -0.4486 -0.4486
21500 50.52 23.31 0.00 -1.3855 -1.8492 -1.8492
21525 50.52 23.31 0.00 -1.3855 -1.8492 -1.8492
21550 50.45 23.29 0.00 -1.7206 -1.0624 -1.0624
21575 50.40 23.25 0.00 -0.9737 -0.0671 -0.0671
21600 50.40 23.16 0.00 0.4185 0.1459 0.1459
21625 50.40 23.16 0.00 0.4185 0.1459 0.1459
21650 50.42 23.06 0.00 -0.4758 -1.9265 -1.9265
21675 50.38 23.02 0.00 -0.3082 0.9188 0.9188
21700 50.38 23.02 0.00 -0.3082 0.9188 0.9188
21725 50.38 23.06 0.00 -0.1644 0.0124 0.0124
21750 50.38 23.14 0.00 0.0309 -3.1978 -3.1978
21775 50.38 23.14 0.00 0.0309 -3.1978 -3.1978
21800 50.35 23.14 0.00 -1.5729 -2.0796 -2.0796
21825 50.28 23.08 0.00 -1.5120 0.3070 0.3070
21850 50.24 23.02 0.00 0.1651 0.4056 0.4056
21875 50.24 23.02 0.00 0.1651 0.4056 0.4056
21900 50.33 22.90 0.00 2.8383 2.9695 2.9695
21925 50.44 22.86 0.00 2.4170 1.1580 1.1580
21950 50.44 22.86 0.00 2.4170 1.1580 1.1580
21975 50.52 22.92 0.00 1.9625 1.1091 1.1091
22000 50.59 23.02 0.00 1.5037 1.1164 1.1164
22025 50.59 23.02 0.00 1.5037 1.1164 1.1164
22050 50.65 23.16 0.00 1.0492 0.0490 0.0490
22075 50.65 23.27 0.00 -0.6664 -1.2287 -1.2287
22100 50.65 23.27 0.00 -0.6664 -1.2287 -1.2287
22125 50.59 23.33 0.00 -1.3178 -0.6720 -0.6720
22150 50.58 23.39 0.00 0.2040 0.0167 0.0167
22175 50.59 23.47 0.00 0.5070 -0.3297 -0.3297
22200 50.59 23.47 0.00 0.5070 -0.3297 -0.3297
22225 50.58 23.49 0.00 -1.1972 -2.1113 -2.1113
22250 50.59 23.59 0.00 1.0675 2.0421 2.0421
22275 50.59 23.59 0.00 1.0675 2.0421 2.0421
22300 50.63 23.71 0.00 0.8469 -2.0422 -2.0422
22325 50.63 23.78 0.00 -0.3711 -2.4108 -2.4108
22350 50.63 23.78 0.00 -0.3711 -2.4108 -2.4108
22375 50.58 23.78 0.00 -1.6920 -0.1022 -0.1022
22400 50.52 23.74 0.00 -1.0811 0.7263 0.7263
22425 50.52 23.59 0.00 0.5100 1.9444 1.9444
22450 50.52 23.59 0.00 0.5100 1.9444 1.9444
22475 50.52 23.45 0.00 -0.2901 1.4943 1.4943
22500 50.52 23.33 0.00 0.1990 1.0796 1.0796
22525 50.56 23.22 0.00 1.2289 1.9604 1.9604
22550 50.56 23.22 0.00 1.2289 1.9604 1.9604
22575 50.59 23.16 0.00 0.3472 0.8563 0.8563
22600 50.59 23.16 0.00 0.3472 0.8563 0.8563
22625 50.56 23.06 0.00 -1.3480 -0.0657 -0.0657
22650 50.47 22.94 0.00 -2.2772 -0.3550 -0.3550
22675 50.40 22.82 0.00 -1.6555 -0.1312 -0.1312
22700 50.40 22.82 0.00 -1.6555 -0.1312 -0.1312
22725 50.35 22.73 0.00 -0.9221 -1.1445 -1.1445
22750 50.24 22.63 0.00 -3.5266 -3.2087 -3.2087
22775 50.24 22.63 0.00 -3.5266 -3.2087 -3.2087
22800 50.16 22.61 0.00 -1.7308 0.6993 0.6993
22825 50.09 22.69 0.00 -2.1068 -3.6698 -3.6698
22850 50.00 22.75 0.00 -2.0841 -3.3331 -3.3331
22875 50.00 22.75 0.00 -2.0841 -3.3331 -3.3331
22900 49.88 22.75 0.00 -3.4617 -1.5932 -1.5932
22925 49.77 22.75 0.00 -2.1351 -1.1501 -1.1501
22950 49.72 22.65 0.00 -0.9146 0.9669 0.9669
22975 49.72 22.65 0.00 -0.9146 0.9669 0.9669
23000 49.69 22.55 0.00 -0.8683 0.1744 0.1744
23025 49.67 22.57 0.00 -0.3878 -0.1599 -0.1599
23050 49.67 22.57 0.00 -0.3878 -0.1599 -0.1599
23075 49.65 22.61 0.00 -0.3650 -0.1023 -0.1023
23100 49.63 22.67 0.00 -0.2485 -0.5957 -0.5957
23125 49.63 22.67 0.00 -0.2485 -0.5957 -0.5957
23150 49.62 22.77 0.00 -0.6617 -0.7931 -0.7931
23175 49.58 22.79 0.00 -1.3015 -0.6020 -0.6020
23200 49.58 22.79 0.00 -1.3015 -0.6020 -0.6020
23225 49.56 22.77 0.00 0.2857 0.2625 0.2625
23250 49.53 22.67 0.00 -1.7977 -3.6981 -3.6981
23275 49.53 22.67 0.00 -1.7977 -3.6981 -3.6981
23300 49.51 22.65 0.00 0.2454 2.0291 2.0291
23325 49.49 22.71 0.00 -0.6531 -2.1081 -2.1081
23350 49.46 22.79 0.00 -1.4721 -3.3626 -3.3626
23375 49.46 22.79 0.00 -1.4721 -3.3626 -3.3626
23400 49.35 22.79 0.00 -2.9035 -0.5982 -0.5982
23425 49.27 22.75 0.00 -1.2862 0.0901 0.0901
23450 49.27 22.75 0.00 -1.2862 0.0901 0.0901
23475 49.27 22.63 0.00 0.6866 0.7134 0.7134
23500 49.28 22.49 0.00 0.0096 1.2405 1.2405
23525 49.30 22.38 0.00 0.7891 0.7887 0.7887
23550 49.30 22.38 0.00 0.7891 0.7887 0.7887
23575 49.34 22.30 0.00 0.6250 0.4607 0.4607
23600 49.35 22.24 0.00 0.2129 0.6860 0.6860
23625 49.35 22.24 0.00 0.2129 0.6860 0.6860
23650 49.34 22.26 0.00 -0.6219 -0.7499 -0.7499
23675 49.28 22.28 0.00 -1.4040 -0.8895 -0.8895
23700 49.28 22.28 0.00 -1.4040 -0.8895 -0.8895
23725 49.23 22.24 0.00 -1.1291 -0.3002 -0.3002
23750 49.21 22.16 0.00 -0.3943 -0.6904 -0.6904
23775 49.21 22.16 0.00 -0.3943 -0.6904 -0.6904
23800 49.16 22.03 0.00 -0.8799 -0.6551 -0.6551
23825 49.18 22.07 0.00 -0.1040 0.2233 0.2233
23850 49.18 22.07 0.00 -0.1040 0.2233 0.2233
23875 49.16 22.16 0.00 -0.2353 -3.3267 -3.3267
23900 49.13 22.22 0.00 -1.4220 -2.4539 -2.4539
23925 49.06 22.20 0.00 -2.7635 -0.4848 -0.4848
23950 49.06 22.20 0.00 -2.7635 -0.4848 -0.4848
23975 48.97 22.13 0.00 -1.5455 0.4552 0.4552
24000 48.95 21.97 0.00 0.3735 1.5943 1.5943
24025 48.97 21.80 0.00 0.1660 0.6015 0.6015
24050 48.97 21.80 0.00 0.1660 0.6015 0.6015
24075 48.97 21.70 0.00 -0.3678 -0.3910 -0.3910
24100 48.92 21.68 0.00 -1.8155 -0.1763 -0.1763
24125 48.92 21.68 0.00 -1.8155 -0.1763 -0.1763
24150 48.85 21.70 0.00 -1.4755 -0.7978 -0.7978
24175 48.81 21.74 0.00 -0.4975 -1.3211 -1.3211
24200 48.81 21.74 0.00 -0.4975 -1.3211 -1.3211
24225 48.78 21.74 0.00 -1.2462 -0.3033 -0.3033
24250 48.73 21.68 0.00 -1.0718 -0.1207 -0.1207
24275 48.69 21.57 0.00 -1.2624 -2.5233 -2.5233
24300 48.69 21.57 0.00 -1.2624 -2.5233 -2.5233
24325 48.67 21.51 0.00 0.1100 2.9361 2.9361
24350 48.67 21.51 0.00 0.1100 2.9361 2.9361
24375 48.66 21.55 0.00 -0.4593 -1.6943 -1.6943
24400 48.62 21.66 0.00 -1.7748 -4.4882 -4.4882
24425 48.48 21.72 0.00 -4.0901 -2.9421 -2.9421
24450 48.48 21.72 0.00 -4.0901 -2.9421 -2.9421
24475 48.32 21.74 0.00 -3.4412 -0.7113 -0.7113
24500 48.27 21.63 0.00 -0.2511 0.3792 0.3792
24525 48.27 21.63 0.00 -0.2511 0.3792 0.3792
24550 48.29 21.51 0.00 0.5822 0.7995 0.7995
24575 48.27 21.45 0.00 -0.9826 -0.5168 -0.5168
24600 48.22 21.51 0.00 -1.4063 -0.7318 -0.7318
24625 48.22 21.51 0.00 -1.4063 -0.7318 -0.7318
24650 48.18 21.63 0.00 -0.6950 -1.3828 -1.3828
24675 48.13 21.80 0.00 -1.6290 -2.7794 -2.7794
24700 48.13 21.80 0.00 -1.6290 -2.7794 -2.7794
24725 48.06 21.86 0.00 -2.8604 -3.0735 -3.0735
24750 47.96 21.88 0.00 -2.1745 -0.8873 -0.8873
24775 47.96 21.53 0.00 1.4904 0.9120 0.9120
24800 47.96 21.53 0.00 1.4904 0.9120 0.9120
24825 47.98 20.74 0.00 -0.6289 -3.8064 -3.8064
24850 47.92 20.57 0.00 -1.6617 -0.6367 -0.6367
24875 47.92 20.57 0.00 -1.6617 -0.6367 -0.6367
24900 47.84 20.67 0.00 -2.6624 -3.0538 -3.0538
24925 47.73 21.03 0.00 -2.6663 -3.7295 -3.7295
24950 47.73 21.03 0.00 -2.6663 -3.7295 -3.7295
24975 47.57 21.32 0.00 -3.9307 -3.3599 -3.3599
25000 47.47 21.11 0.00 -2.0743 0.4703 0.4703
25025 47.42 20.57 0.00 -1.1976 1.2234 1.2234
25050 47.42 20.57 0.00 -1.1976 1.2234 1.2234
25075 47.28 20.06 0.00 -4.5777 -2.7775 -2.7775
25100 47.28 20.06 0.00 -4.5777 -2.7775 -2.7775
25125 47.03 19.75 0.00 -7.5208 -5.0424 -5.0424
25150 46.72 19.72 0.00 -7.1022 -6.6166 -6.6166
25175 46.53 19.99 0.00 -3.1269 -5.6348 -5.6348
25200 46.53 19.99 0.00 -3.1269 -5.6348 -5.6348
25225 46.49 20.28 0.00 0.4138 -3.0977 -3.0977
25250 46.51 20.30 0.00 -0.2854 -0.6652 -0.6652
25275 46.51 20.30 0.00 -0.2854 -0.6652 -0.6652
25300 46.46 20.07 0.00 -2.0895 1.2185 1.2185
25325 46.30 19.82 0.00 -4.9086 -3.1346 -3.1346
25350 46.30 19.82 0.00 -4.9086 -3.1346 -3.1346
25375 46.14 19.77 0.00 -2.8416 -0.6006 -0.6006
25400 46.04 19.83 0.00 -2.9661 -5.7204 -5.7204
25425 46.04 19.83 0.00 -2.9661 -5.7204 -5.7204
25450 45.95 19.90 0.00 -2.1401 -5.4762 -5.4762
25475 45.90 20.06 0.00 -0.9614 -0.7519 -0.7519
25500 45.95 20.19 0.00 2.3898 1.2700 1.2700
25525 45.95 20.19 0.00 2.3898 1.2700 1.2700
25550 46.07 20.11 0.00 3.1192 3.1568 3.1568
25575 46.09 19.94 0.00 -1.4049 1.2117 1.2117
25600 45.98 19.85 0.00 -2.3390 1.2435 1.2435
25625 45.98 19.85 0.00 -2.3390 1.2435 1.2435
25650 45.93 19.81 0.00 -1.0031 -1.2332 -1.2332
25675 45.88 19.79 0.00 -1.5362 -2.9080 -2.9080
25700 45.88 19.79 0.00 -1.5362 -2.9080 -2.9080
25725 45.81 19.77 0.00 -1.7559 -1.9331 -1.9331
25750 45.77 19.62 0.00 -0.2084 0.4045 0.4045
25775 45.77 19.62 0.00 -0.2084 0.4045 0.4045
25800 45.76 19.51 0.00 -1.3659 -2.7324 -2.7324
25825 45.72 19.41 0.00 0.9446 3.1343 3.1343
25850 45.72 19.39 0.00 -1.3770 -1.3305 -1.3305
25875 45.72 19.39 0.00 -1.3770 -1.3305 -1.3305
25900 45.69 19.47 0.00 -0.6449 -2.4165 -2.4165
25925 45.67 19.58 0.00 -0.8851 -1.2262 -1.2262
25950 45.67 19.58 0.00 -0.8851 -1.2262 -1.2262
25975 45.60 19.64 0.00 -1.8246 -0.6879 -0.6879
26000 45.55 19.57 0.00 -1.0423 -0.5111 -0.5111
26025 45.55 19.57 0.00 -1.0423 -0.5111 -0.5111
26050 45.53 19.53 0.00 -0.1208 -0.0809 -0.0809
26075 45.56 19.47 0.00 1.3254 2.4864 2.4864
26100 45.67 19.47 0.00 3.2242 5.1674 5.1674
26125 45.67 19.47 0.00 3.2242 5.1674 5.1674
26150 45.83 19.56 0.00 4.3576 4.4117 4.4117
26175 45.98 19.77 0.00 3.5220 3.1183 3.1183
26200 45.98 19.77 0.00 3.5220 3.1183 3.1183
26225 46.09 19.98 0.00 2.1507 2.1790 2.1790
26250 46.11 20.09 0.00 0.0458 -2.1174 -2.1174
26275 46.16 20.17 0.00 2.5804 4.2411 4.2411
26300 46.16 20.17 0.00 2.5804 4.2411 4.2411
26325 46.23 20.28 0.00 1.0024 -0.6215 -0.6215
26350 46.25 20.42 0.00 0.0570 -1.9867 -1.9867
26375 46.25 20.42 0.00 0.0570 -1.9867 -1.9867
26400 46.21 20.59 0.00 -0.8208 -0.9567 -0.9567
26425 46.21 20.72 0.00 -0.0759 -0.0371 -0.0371
26450 46.21 20.72 0.00 -0.0759 -0.0371 -0.0371
26475 46.18 20.69 0.00 -1.0033 0.4437 0.4437
26500 46.12 20.57 0.00 -1.0542 0.9514 0.9514
26525 46.12 20.57 0.00 -1.0542 0.9514 0.9514
26550 46.14 20.49 0.00 0.6287 1.3531 1.3531
26575 46.16 20.42 0.00 0.4169 0.2365 0.2365
26600 46.16 20.40 0.00 -0.6446 -0.5975 -0.5975
26625 46.16 20.40 0.00 -0.6446 -0.5975 -0.5975
26650 46.11 20.40 0.00 -1.5990 -0.7566 -0.7566
26675 46.00 20.36 0.00 -2.1990 -0.9320 -0.9320
26700 46.00 20.36 0.00 -2.1990 -0.9320 -0.9320
26725 45.91 20.23 0.00 -2.7498 -3.2940 -3.2940
26750 45.88 20.06 0.00 -0.0593 2.8402 2.8402
26775 45.88 20.06 0.00 -0.0593 2.8402 2.8402
26800 45.84 19.92 0.00 -0.9499 -1.0225 -1.0225
26825 45.79 19.83 0.00 -1.8306 -3.2699 -3.2699
26850 45.69 19.72 0.00 -3.0210 -2.0221 -2.0221
26875 45.69 19.72 0.00 -3.0210 -2.0221 -2.0221
26900 45.58 19.66 0.00 -2.2578 0.0066 0.0066
26925 45.51 19.53 0.00 -1.1847 0.4941 0.4941
26950 45.51 19.53 0.00 -1.1847 0.4941 0.4941
26975 45.46 19.32 0.00 -2.3175 -0.2700 -0.2700
27000 45.37 19.11 0.00 -1.8955 -0.1887 -0.1887
27025 45.37 19.11 0.00 -1.8955 -0.1887 -0.1887
27050 45.32 19.04 0.00 -1.1013 -0.2148 -0.2148
27075 45.32 19.00 0.00 0.2650 0.7128 0.7128
27100 45.32 19.06 0.00 0.0444 0.2283 0.2283
27125 45.32 19.06 0.00 0.0444 0.2283 0.2283
27150 45.28 19.17 0.00 -1.9792 -2.4932 -2.4932
27175 45.16 19.27 0.00 -3.7226 -3.2778 -3.2778
27200 45.16 19.27 0.00 -3.7226 -3.2778 -3.2778
27225 45.06 19.29 0.00 -0.9586 1.0600 1.0600
27250 45.02 19.35 0.00 -1.4720 -2.1205 -2.1205
27275 44.95 19.46 0.00 -1.7302 -4.1157 -4.1157
27300 44.95 19.46 0.00 -1.7302 -4.1157 -4.1157
27325 44.83 19.47 0.00 -4.1604 -3.7475 -3.7475
27350 44.76 19.56 0.00 0.6183 2.8493 2.8493
27375 44.76 19.56 0.00 0.6183 2.8493 2.8493
27400 44.81 19.54 0.00 0.5528 0.3855 0.3855
27425 44.85 19.41 0.00 0.8584 1.4247 1.4247
27450 44.85 19.41 0.00 0.8584 1.4247 1.4247
27475 44.83 19.31 0.00 -1.0344 0.9488 0.9488
27500 44.78 19.14 0.00 -0.9254 0.7086 0.7086
27525 44.76 19.01 0.00 -0.4160 0.4541 0.4541
27550 44.76 19.01 0.00 -0.4160 0.4541 0.4541
27575 44.72 18.94 0.00 -1.2087 -1.3737 -1.3737
27600 44.72 18.94 0.00 -1.2087 -1.3737 -1.3737
27625 44.67 19.03 0.00 -1.5325 -3.0225 -3.0225
27650 44.58 19.09 0.00 -2.6416 -3.0380 -3.0380
27675 44.44 19.13 0.00 -3.0575 -3.0713 -3.0713
27700 44.44 19.13 0.00 -3.0575 -3.0713 -3.0713
27725 44.39 19.32 0.00 -0.8936 -0.0979 -0.0979
27750 44.36 19.42 0.00 -0.6331 -4.2261 -4.2261
27775 44.36 19.42 0.00 -0.6331 -4.2261 -4.2261
27800 44.27 19.35 0.00 -3.7615 -4.7617 -4.7617
27825 44.13 19.29 0.00 -5.0861 -3.2800 -3.2800
27850 43.95 19.33 0.00 -3.9646 -2.7989 -2.7989
27875 43.95 19.33 0.00 -3.9646 -2.7989 -2.7989
27900 43.85 19.28 0.00 -1.2733 -1.8807 -1.8807
27925 43.76 19.13 0.00 -3.1692 -2.0052 -2.0052
27950 43.76 19.13 0.00 -3.1692 -2.0052 -2.0052
27975 43.67 18.94 0.00 -1.6577 0.3537 0.3537
28000 43.66 18.73 0.00 0.6026 1.1131 1.1131
28025 43.73 18.58 0.00 2.4965 1.1287 1.1287
28050 43.73 18.58 0.00 2.4965 1.1287 1.1287
28075 43.76 18.52 0.00 -0.7799 -1.3360 -1.3360
28100 43.67 18.43 0.00 -2.7631 -1.2604 -1.2604
28125 43.67 18.43 0.00 -2.7631 -1.2604 -1.2604
28150 43.59 18.36 0.00 -1.7534 -0.9883 -0.9883
28175 43.59 18.38 0.00 1.1628 -0.5852 -0.5852
28200 43.57 18.36 0.00 -2.0035 -3.8546 -3.8546
28225 43.57 18.36 0.00 -2.0035 -3.8546 -3.8546
28250 43.52 18.38 0.00 -0.4233 1.4686 1.4686
28275 43.48 18.53 0.00 -1.1733 -3.5980 -3.5980
28300 43.48 18.53 0.00 -1.1733 -3.5980 -3.5980
28325 43.41 18.74 0.00 -2.0669 -4.7374 -4.7374
28350 43.29 18.90 0.00 -4.0746 -4.3244 -4.3244
28375 43.29 18.90 0.00 -4.0746 -4.3244 -4.3244
28400 43.15 19.03 0.00 -2.5624 -2.1500 -2.1500
28425 43.10 19.03 0.00 -0.2296 -0.3872 -0.3872
28450 43.10 19.03 0.00 -0.2296 -0.3872 -0.3872
28475 43.13 18.94 0.00 1.0364 0.5992 0.5992
28500 43.15 18.86 0.00 0.4059 0.3566 0.3566
28525 43.17 18.82 0.00 0.3421 1.2882 1.2882
28550 43.17 18.82 0.00 0.3421 1.2882 1.2882
28575 43.18 18.80 0.00 0.7282 0.1203 0.1203
28600 43.20 18.82 0.00 -0.1354 -1.1138 -1.1138
28625 43.20 18.82 0.00 -0.1354 -1.1138 -1.1138
28650 43.15 18.79 0.00 -1.7714 -1.6163 -1.6163
28675 43.10 18.71 0.00 -1.1269 -1.2288 -1.2288
28700 43.04 18.52 0.00 -0.8743 -0.5359 -0.5359
28725 43.04 18.52 0.00 -0.8743 -0.5359 -0.5359
28750 43.04 18.30 0.00 0.0221 0.7630 0.7630
28775 43.06 18.13 0.00 0.4847 -0.0282 -0.0282
28800 43.06 18.13 0.00 0.4847 -0.0282 -0.0282
28825 43.01 17.98 0.00 -2.1620 -3.1656 -3.1656
28850 42.97 17.94 0.00 0.2640 2.8479 2.8479
28875 42.97 17.94 0.00 0.2640 2.8479 2.8479
28900 42.99 18.00 0.00 -0.0151 -2.2238 -2.2238
28925 42.95 18.15 0.00 -0.8900 -3.3900 -3.3900
28950 42.95 18.15 0.00 -0.8900 -3.3900 -3.3900
28975 42.90 18.26 0.00 -1.9171 -1.9377 -1.9377
29000 42.83 18.25 0.00 -1.2787 0.1026 0.1026
29025 42.83 18.25 0.00 -1.2787 0.1026 0.1026
29050 42.81 18.21 0.00 0.0233 1.1523 1.1523
29075 42.83 18.19 0.00 0.4637 0.4162 0.4162
29100 42.83 18.15 0.00 -0.0514 -0.0506 -0.0506
29125 42.83 18.15 0.00 -0.0514 -0.0506 -0.0506
29150 42.81 18.15 0.00 -0.7516 1.2151 1.2151
29175 42.80 18.15 0.00 -0.0472 0.3755 0.3755
29200 42.80 18.15 0.00 -0.0472 0.3755 0.3755
29225 42.78 18.15 0.00 -1.8616 -2.9048 -2.9048
29250 42.57 18.03 0.00 -6.7735 -5.7817 -5.7817
29275 42.32 17.96 0.00 -5.3351 -3.0955 -3.0955
29300 42.32 17.96 0.00 -5.3351 -3.0955 -3.0955
29325 42.18 17.83 0.00 -1.6678 -2.4291 -2.4291
29350 42.20 17.74 0.00 1.6058 -0.2556 -0.2556
29375 42.20 17.74 0.00 1.6058 -0.2556 -0.2556
29400 42.31 17.68 0.00 2.7801 0.5055 0.5055
29425 42.38 17.68 0.00 0.6292 -1.2930 -1.2930
29450 42.36 17.68 0.00 0.6304 0.8822 0.8822
29475 42.36 17.68 0.00 0.6304 0.8822 0.8822
29500 42.43 17.84 0.00 1.4253 0.7085 0.7085
29525 42.45 17.99 0.00 -0.5322 -2.2380 -2.2380
29550 42.45 17.99 0.00 -0.5322 -2.2380 -2.2380
29575 42.38 18.03 0.00 -1.8013 -1.4481 -1.4481
29600 42.31 18.02 0.00 -1.9358 -0.6565 -0.6565
29625 42.31 18.02 0.00 -1.9358 -0.6565 -0.6565
29650 42.22 17.91 0.00 -1.9908 -0.9468 -0.9468
29675 42.16 17.76 0.00 -1.3973 0.6685 0.6685
29700 42.16 17.76 0.00 -1.3973 0.6685 0.6685
29725 42.04 17.54 0.00 -4.0948 -0.6618 -0.6618
29750 41.85 17.24 0.00 -5.2922 -1.1387 -1.1387
29775 41.66 16.95 0.00 -4.1224 -1.6936 -1.6936
29800 41.66 16.95 0.00 -4.1224 -1.6936 -1.6936
29825 41.51 16.69 0.00 -3.8834 -2.2809 -2.2809
29850 41.30 16.38 0.00 -5.4870 -3.0126 -3.0126
29875 41.30 16.38 0.00 -5.4870 -3.0126 -3.0126
29900 41.08 15.98 0.00 -5.8308 -3.8713 -3.8713
29925 40.86 15.58 0.00 -5.4207 -3.3224 -3.3224
29950 40.67 15.15 0.00 -4.1172 -2.4058 -2.4058
29975 40.67 15.15 0.00 -4.1172 -2.4058 -2.4058
30000 40.42 14.68 0.00 -7.9984 -7.0266 -7.0266
30025 40.09 14.21 0.00 -8.2119 -2.0904 -2.0904
30050 40.09 14.21 0.00 -8.2119 -2.0904 -2.0904
30075 39.74 13.88 0.00 -9.0657 -6.2761 -6.2761
30100 39.37 13.69 0.00 -9.2714 -9.3352 -9.3352
30125 39.37 13.69 0.00 -9.2714 -9.3352 -9.3352
30150 39.07 13.56 0.00 -11.2789 -9.7635 -9.7635
30175 38.46 13.21 0.00 -16.4907 -10.7407 -10.7407
30200 38.46 13.21 0.00 -16.4907 -10.7407 -10.7407
30225 37.79 12.75 0.00 -15.9321 -9.9277 -9.9277
30250 37.28 12.25 0.00 -11.1732 -7.3911 -7.3911
30275 36.91 11.82 0.00 -8.8486 -7.3123 -7.3123
30300 36.91 11.82 0.00 -8.8486 -7.3123 -7.3123
30325 36.59 11.53 0.00 -7.1297 -6.7185 -6.7185
30350 36.32 11.33 0.00 -6.4082 -5.5937 -5.5937
30375 36.32 11.33 0.00 -6.4082 -5.5937 -5.5937
30400 36.12 11.32 0.00 -4.0682 -4.6998 -4.6998
30425 35.96 11.37 0.00 -4.1969 -5.5380 -5.5380
30450 35.79 11.34 0.00 -4.3464 -4.2166 -4.2166
30475 35.79 11.34 0.00 -4.3464 -4.2166 -4.2166
30500 35.61 11.26 0.00 -4.0554 -4.7324 -4.7324
30525 35.61 11.26 0.00 -4.0554 -4.7324 -4.7324
30550 35.47 11.22 0.00 -3.7925 -6.2379 -6.2379
30575 35.39 11.31 0.00 0.8612 1.5726 1.5726
30600 35.50 11.54 0.00 3.6786 -0.2818 -0.2818
30625 35.66 11.85 0.00 3.0152 -2.0170 -2.0170
30650 35.66 11.85 0.00 3.0152 -2.0170 -2.0170
30675 35.73 12.14 0.00 1.9303 0.2639 0.2639
30700 35.82 12.44 0.00 1.9629 1.4461 1.4461
30725 35.82 12.44 0.00 1.9629 1.4461 1.4461
30750 35.91 12.67 0.00 2.5464 1.2058 1.2058
30775 36.07 12.84 0.00 4.0471 3.2033 3.2033
30800 36.07 12.84 0.00 4.0471 3.2033 3.2033
30825 36.20 12.94 0.00 2.6549 1.3575 1.3575
30850 36.30 13.03 0.00 3.4822 2.8495 2.8495
30875 36.30 13.03 0.00 3.4822 2.8495 2.8495
30900 36.48 13.16 0.00 4.5529 3.4439 3.4439
30925 36.62 13.25 0.00 4.1804 2.2724 2.2724
30950 36.62 13.25 0.00 4.1804 2.2724 2.2724
30975 36.71 13.35 0.00 1.7813 0.7758 0.7758
31000 36.80 13.38 0.00 2.0176 1.9658 1.9658
31025 36.80 13.38 0.00 2.0176 1.9658 1.9658
31050 36.85 13.38 0.00 0.9913 0.9703 0.9703
31075 36.83 13.29 0.00 -1.0872 -2.0012 -2.0012
31100 36.83 13.29 0.00 -1.0872 -2.0012 -2.0012
31125 36.85 13.31 0.00 1.0534 2.3975 2.3975
31150 36.87 13.43 0.00 -0.0614 -2.2111 -2.2111
31175 36.82 13.60 0.00 -2.1427 -3.8736 -3.8736
31200 36.82 13.60 0.00 -2.1427 -3.8736 -3.8736
31225 36.82 13.60 0.00 -2.1427 -3.8736 -3.8736
31250 36.52 13.91 0.00 -4.7487 -4.5934 -4.5934
31275 36.36 14.05 0.00 -3.2394 -2.1599 -2.1599
31300 36.36 14.05 0.00 -3.2394 -2.1599 -2.1599
31325 36.23 14.22 0.00 -3.2108 -4.0927 -4.0927
31350 36.09 14.48 0.00 -4.3259 -5.7816 -5.7816
31375 36.09 14.48 0.00 -4.3259 -5.7816 -5.7816
31400 35.95 14.84 0.00 -2.5592 -3.6916 -3.6916
31425 35.89 15.32 0.00 -0.8596 -3.7313 -3.7313
31450 35.86 15.84 0.00 -1.2821 -3.9345 -3.9345
31475 35.86 15.84 0.00 -1.2821 -3.9345 -3.9345
31500 35.79 16.25 0.00 -1.4959 -2.6978 -2.6978
31525 35.79 16.25 0.00 -1.4959 -2.6978 -2.6978
31550 35.71 16.52 0.00 -1.6053 -2.4516 -2.4516
31575 35.68 16.69 0.00 -1.0902 -4.3391 -4.3391
31600 35.70 16.93 0.00 1.4514 1.2163 1.2163
31625 35.70 16.93 0.00 1.4514 1.2163 1.2163
31650 35.71 17.26 0.00 0.0025 -2.5289 -2.5289
31675 35.75 17.67 0.00 1.3411 -3.2179 -3.2179
31700 35.75 17.67 0.00 1.3411 -3.2179 -3.2179
31725 35.77 17.93 0.00 0.2667 -3.1620 -3.1620
31750 35.77 18.27 0.00 0.2064 -1.0951 -1.0951
31775 35.84 18.72 0.00 2.4255 0.7662 0.7662
31800 35.84 18.72 0.00 2.4255 0.7662 0.7662
31825 36.00 19.18 0.00 5.0952 1.9488 1.9488
31850 36.21 19.51 0.00 4.8813 0.8472 0.8472
31875 36.21 19.51 0.00 4.8813 0.8472 0.8472
31900 36.41 19.86 0.00 4.8444 1.9393 1.9393
31925 36.57 20.18 0.00 2.9655 1.6741 1.6741
31950 36.57 20.18 0.00 2.9655 1.6741 1.6741
31975 36.66 20.42 0.00 2.5243 0.5559 0.5559
32000 36.73 20.66 0.00 0.6286 -0.9102 -0.9102
32025 36.73 20.66 0.00 0.6286 -0.9102 -0.9102
32050 36.73 20.87 0.00 0.0590 -0.3109 -0.3109
32075 36.69 21.03 0.00 -1.6428 -3.0011 -3.0011
32100 36.71 21.18 0.00 3.1568 3.7244 3.7244
32125 36.71 21.18 0.00 3.1568 3.7244 3.7244
32150 36.87 21.33 0.00 3.2577 0.3449 0.3449
32175 36.92 21.52 0.00 0.2681 -2.7489 -2.7489
32200 36.92 21.52 0.00 0.2681 -2.7489 -2.7489
32225 36.87 21.67 0.00 -2.5440 -2.6603 -2.6603
32250 36.75 21.81 0.00 -3.3767 -1.9830 -1.9830
32275 36.66 21.93 0.00 -0.3569 0.4143 0.4143
32300 36.66 21.93 0.00 -0.3569 0.4143 0.4143
32325 36.73 22.07 0.00 1.9745 -0.2588 -0.2588
32350 36.83 22.33 0.00 3.3507 -0.2354 -0.2354
32375 36.83 22.33 0.00 3.3507 -0.2354 -0.2354
32400 36.94 22.71 0.00 1.5949 -0.3618 -0.3618
32425 36.98 23.20 0.00 0.9340 -0.1974 -0.1974
32450 36.98 23.20 0.00 0.9340 -0.1974 -0.1974
32475 36.99 23.53 0.00 0.5339 -0.8288 -0.8288
32500 37.01 23.95 0.00 -0.0431 -1.2991 -1.2991
32525 36.98 24.29 0.00 -0.8642 -1.6208 -1.6208
32550 36.98 24.29 0.00 -0.8642 -1.6208 -1.6208
32575 36.92 24.49 0.00 -2.4176 -4.4660 -4.4660
32600 36.83 24.67 0.00 -0.4203 1.5795 1.5795
32625 36.83 24.67 0.00 -0.4203 1.5795 1.5795
32650 36.87 24.90 0.00 0.6415 -0.6429 -0.6429
32675 36.85 25.20 0.00 -1.3378 -3.9841 -3.9841
32700 36.73 25.42 0.00 -3.7353 -2.1903 -2.1903
32725 36.73 25.42 0.00 -3.7353 -2.1903 -2.1903
32750 36.57 25.57 0.00 -3.9982 -1.8657 -1.8657
32775 36.44 25.57 0.00 -2.4071 -0.6231 -0.6231
32800 36.44 25.57 0.00 -2.4071 -0.6231 -0.6231
32825 36.34 25.48 0.00 -3.0096 -1.5519 -1.5519
32850 36.21 25.41 0.00 -3.4384 -0.9696 -0.9696
32875 36.21 25.41 0.00 -3.4384 -0.9696 -0.9696
32900 36.02 25.40 0.00 -5.5656 -2.6136 -2.6136
32925 35.73 25.47 0.00 -8.9552 -6.5038 -6.5038
32950 35.73 25.47 0.00 -8.9552 -6.5038 -6.5038
32975 35.30 25.67 0.00 -11.1810 -8.0397 -8.0397
33000 34.81 25.92 0.00 -13.0919 -11.0110 -11.0110
33025 34.27 26.13 0.00 -13.8258 -13.5251 -13.5251
33050 34.27 26.13 0.00 -13.8258 -13.5251 -13.5251
33075 33.82 26.27 0.00 -8.1136 -6.2521 -6.2521
33100 33.62 26.54 0.00 -4.8371 -5.8016 -5.8016
33125 33.62 26.54 0.00 -4.8371 -5.8016 -5.8016
33150 33.45 26.85 0.00 -3.6292 -5.9681 -5.9681
33175 33.34 27.23 0.00 -2.4562 -4.6727 -4.6727
33200 33.34 27.23 0.00 -2.4562 -4.6727 -4.6727
33225 33.25 27.58 0.00 -1.9563 -3.5784 -3.5784
33250 33.16 27.78 0.00 -3.8885 -3.7898 -3.7898
33275 33.00 27.93 0.00 -3.4140 -2.2546 -2.2546
33300 33.00 27.93 0.00 -3.4140 -2.2546 -2.2546
33325 32.92 28.07 0.00 -1.1636 -1.5588 -1.5588
33350 32.91 28.20 0.00 0.0404 -0.8439 -0.8439
33375 32.91 28.20 0.00 0.0404 -0.8439 -0.8439
33400 32.87 28.34 0.00 -2.0511 -2.2184 -2.2184
33425 32.76 28.50 0.00 -2.4851 -1.3315 -1.3315
33450 32.66 28.67 0.00 -3.3812 -3.7859 -3.7859
33475 32.66 28.67 0.00 -3.3812 -3.7859 -3.7859
33500 32.42 28.85 0.00 -7.7190 -7.2979 -7.2979
33525 32.03 28.99 0.00 -10.7867 -7.4824 -7.4824
33550 32.03 28.99 0.00 -10.7867 -7.4824 -7.4824
33575 31.52 29.20 0.00 -14.9481 -11.1553 -11.1553
33600 30.78 29.47 0.00 -21.1402 -17.9410 -17.9410
33625 29.84 29.76 0.00 -24.4850 -18.1215 -18.1215
33650 29.84 29.76 0.00 -24.4850 -18.1215 -18.1215
33675 28.87 30.05 0.00 -22.7327 -16.9300 -16.9300
33700 28.09 30.28 0.00 -17.9367 -14.7101 -14.7101
33725 28.09 30.28 0.00 -17.9367 -14.7101 -14.7101
33750 27.52 30.45 0.00 -12.0969 -10.3100 -10.3100
33775 27.13 30.57 0.00 -7.8013 -7.7796 -7.7796
33800 27.13 30.57 0.00 -7.8013 -7.7796 -7.7796
33825 26.93 30.71 0.00 -3.7922 -5.9746 -5.9746
33850 26.80 30.84 0.00 -3.2608 -4.5842 -4.5842
33875 26.80 30.84 0.00 -3.2608 -4.5842 -4.5842
33900 26.55 30.98 0.00 -8.2767 -6.2493 -6.2493
33925 26.27 31.12 0.00 -5.2657 -4.8435 -4.8435
33950 26.10 31.16 0.00 -4.3155 -5.8265 -5.8265
33975 26.10 31.16 0.00 -4.3155 -5.8265 -5.8265
34000 25.86 31.16 0.00 -6.2869 -6.3339 -6.3339
34025 25.73 31.19 0.00 -4.1211 -1.5526 -1.5526
34050 25.73 31.19 0.00 -4.1211 -1.5526 -1.5526
34075 25.55 31.32 0.00 -4.3014 -4.7697 -4.7697
34100 25.35 31.48 0.00 -6.3868 -6.3208 -6.3208
34125 25.35 31.48 0.00 -6.3868 -6.3208 -6.3208
34150 25.12 31.56 0.00 -4.5955 -3.0772 -3.0772
34175 25.12 31.56 0.00 -4.5955 -3.0772 -3.0772
34200 24.92 31.57 0.00 -5.7987 -3.2426 -3.2426
34225 24.71 31.49 0.00 -4.2280 -0.9179 -0.9179
34250 24.71 31.49 0.00 -4.2280 -0.9179 -0.9179
34275 24.51 31.30 0.00 -5.7000 -2.8389 -2.8389
34300 24.32 31.14 0.00 -4.1323 -2.4790 -2.4790
34325 24.19 31.01 0.00 -2.3579 -1.3708 -1.3708
34350 24.08 30.92 0.00 -3.2550 -1.7997 -1.7997
34375 24.08 30.92 0.00 -3.2550 -1.7997 -1.7997
34400 23.97 30.91 0.00 -2.5574 -1.4212 -1.4212
34425 23.84 30.92 0.00 -4.0719 -3.0243 -3.0243
34450 23.84 30.92 0.00 -4.0719 -3.0243 -3.0243
34475 23.60 30.92 0.00 -7.7086 -5.5000 -5.5000
34500 23.30 30.84 0.00 -6.2503 -2.0440 -2.0440
34525 23.02 30.79 0.00 -7.9672 -4.4596 -4.4596
34550 23.02 30.79 0.00 -7.9672 -4.4596 -4.4596
34575 22.68 30.79 0.00 -8.6140 -6.9215 -6.9215
34600 22.68 30.79 0.00 -8.6140 -6.9215 -6.9215
34625 22.25 30.85 0.00 -11.6770 -9.1327 -9.1327
34650 21.80 30.95 0.00 -11.2784 -7.8940 -7.8940
34675 21.33 31.05 0.00 -11.5837 -8.3964 -8.3964
34700 20.93 31.09 0.00 -10.3014 -6.6897 -6.6897
34725 20.93 31.09 0.00 -10.3014 -6.6897 -6.6897
34750 20.34 31.02 0.00 -16.6804 -7.5199 -7.5199
34775 20.34 31.02 0.00 -16.6804 -7.5199 -7.5199
34800 19.64 30.97 0.00 -17.5132 -4.0927 -4.0927
34825 19.14 31.03 0.00 -16.3588 -4.2173 -4.2173
34850 18.51 31.19 0.00 -14.4094 -5.1956 -5.1956
34875 18.51 31.19 0.00 -14.4094 -5.1956 -5.1956
34900 18.09 31.51 0.00 -9.9412 -3.8990 -3.8990
34925 17.64 31.83 0.00 -11.3746 -5.6985 -5.6985
34950 17.64 31.83 0.00 -11.3746 -5.6985 -5.6985
34975 17.22 32.07 0.00 -10.0162 -4.8112 -4.8112
35000 16.91 32.32 0.00 -4.9486 -2.0768 -2.0768
35025 16.83 32.58 0.00 -0.6701 0.3077 0.3077
35050 16.83 32.58 0.00 -0.6701 0.3077 0.3077
35075 16.91 32.87 0.00 2.8725 -1.4006 -1.4006
35100 16.99 33.11 0.00 0.6364 -2.6813 -2.6813
35125 16.99 33.11 0.00 0.6364 -2.6813 -2.6813
35150 16.89 33.33 0.00 -3.7008 -2.0598 -2.0598
35175 16.75 33.47 0.00 -2.7234 -1.6793 -1.6793
35200 16.75 33.47 0.00 -2.7234 -1.6793 -1.6793
35225 16.75 33.49 0.00 1.1253 -0.3459 -0.3459
35250 16.85 33.50 0.00 2.8946 0.0509 0.0509
35275 16.93 33.55 0.00 1.7416 0.8281 0.8281
35300 16.93 33.55 0.00 1.7416 0.8281 0.8281
35325 16.99 33.60 0.00 1.5422 0.9194 0.9194
35350 17.01 33.66 0.00 -0.3530 -0.8571 -0.8571
35375 17.01 33.66 0.00 -0.3530 -0.8571 -0.8571
35400 16.99 33.63 0.00 -0.2588 -0.3985 -0.3985
35425 16.97 33.55 0.00 -0.9170 -0.3509 -0.3509
35450 16.97 33.55 0.00 -0.9170 -0.3509 -0.3509
35475 16.93 33.45 0.00 -1.3397 -0.6804 -0.6804
35500 16.87 33.38 0.00 -1.8792 -1.6661 -1.6661
35525 16.75 33.31 0.00 -3.2749 -3.6433 -3.6433
35550 16.75 33.31 0.00 -3.2749 -3.6433 -3.6433
35575 16.68 33.39 0.00 -2.1713 -0.2483 -0.2483
35600 16.58 33.48 0.00 -1.7309 -2.5658 -2.5658
35625 16.58 33.48 0.00 -1.7309 -2.5658 -2.5658
35650 16.48 33.61 0.00 -3.1610 -5.0375 -5.0375
35675 16.29 33.71 0.00 -5.3858 -3.9607 -3.9607
35700 16.17 33.78 0.00 -1.9118 -1.5573 -1.5573
35725 16.17 33.78 0.00 -1.9118 -1.5573 -1.5573
35750 16.13 33.82 0.00 0.3160 -0.6218 -0.6218
35775 16.13 33.82 0.00 0.3160 -0.6218 -0.6218
35800 16.17 33.92 0.00 0.9140 -1.2180 -1.2180
35825 16.19 34.24 0.00 -0.1000 -2.5122 -2.5122
35850 16.15 34.80 0.00 -0.9405 -1.1700 -1.1700
35875 16.15 34.80 0.00 -0.9405 -1.1700 -1.1700
35900 16.11 35.57 0.00 -0.9141 -1.7602 -1.7602
35925 16.04 36.39 0.00 -3.1896 -4.1477 -4.1477
35950 15.78 37.28 0.00 -8.4492 -6.4173 -6.4173
35975 15.78 37.28 0.00 -8.4492 -6.4173 -6.4173
36000 15.35 38.20 0.00 -12.3208 -6.0130 -6.0130
36025 14.78 39.12 0.00 -15.7554 -8.9543 -8.9543
36050 14.78 39.12 0.00 -15.7554 -8.9543 -8.9543
36075 14.78 39.12 0.00 -15.7554 -8.9543 -8.9543
36100 13.74 40.87 0.00 -9.6826 -7.4185 -7.4185
36125 13.74 40.87 0.00 -9.6826 -7.4185 -7.4185
36150 13.56 41.52 0.00 -1.2958 -0.5078 -0.5078
36175 13.64 42.03 0.00 2.9903 -1.6646 -1.6646
36200 13.64 42.03 0.00 2.9903 -1.6646 -1.6646
36225 13.72 42.35 0.00 1.2923 -2.7918 -2.7918
36250 13.72 42.43 0.00 -0.0472 -0.5963 -0.5963
36275 13.72 42.43 0.00 -0.0472 -0.5963 -0.5963
36300 13.78 42.47 0.00 2.1899 1.3165 1.3165
36325 13.90 42.38 0.00 3.9205 2.2596 2.2596
36350 14.04 42.28 0.00 4.2437 2.3237 2.3237
36375 14.04 42.28 0.00 4.2437 2.3237 2.3237
36400 14.12 42.17 0.00 0.5065 -0.4604 -0.4604
36425 14.14 42.09 0.00 1.0271 2.2500 2.2500
36450 14.14 42.09 0.00 1.0271 2.2500 2.2500
36475 14.23 41.94 0.00 2.6804 2.0081 2.0081
36500 14.29 41.81 0.00 1.0081 0.6276 0.6276
36525 14.29 41.81 0.00 1.0081 0.6276 0.6276
36550 14.27 41.77 0.00 -1.0882 0.0176 0.0176
36575 14.19 41.75 0.00 -1.8454 0.2445 0.2445
36600 14.19 41.75 0.00 -1.8454 0.2445 0.2445
36625 14.19 41.78 0.00 0.7715 0.4142 0.4142
36650 14.27 41.83 0.00 2.1940 0.1981 0.1981
36675 14.29 41.87 0.00 0.4105 0.3363 0.3363
36700 14.29 41.87 0.00 0.4105 0.3363 0.3363
36725 14.33 42.05 0.00 1.1639 1.4817 1.4817
36750 14.45 42.23 0.00 4.1903 1.0810 1.0810
36775 14.65 42.44 0.00 4.3143 0.1995 0.1995
36800 14.65 42.44 0.00 4.3143 0.1995 0.1995
36825 14.76 42.62 0.00 2.3652 1.1667 1.1667
36850 14.86 42.78 0.00 2.5887 0.7706 0.7706
36875 14.86 42.78 0.00 2.5887 0.7706 0.7706
36900 15.04 42.89 0.00 6.3870 3.8805 3.8805
36925 15.41 43.03 0.00 10.9655 4.7580 4.7580
36950 15.41 43.03 0.00 10.9655 4.7580 4.7580
36975 15.92 43.33 0.00 13.4385 5.3715 5.3715
37000 16.54 43.79 0.00 16.6489 7.9597 7.9597
37025 16.54 43.79 0.00 16.6489 7.9597 7.9597
37050 17.12 44.17 0.00 12.2480 4.9498 4.9498
37075 17.51 44.41 0.00 8.7385 5.7300 5.7300
37100 17.51 44.41 0.00 8.7385 5.7300 5.7300
37125 17.72 44.49 0.00 6.5577 4.3109 4.3109
37150 17.95 44.57 0.00 5.4029 2.9626 2.9626
37175 18.16 44.60 0.00 5.2471 2.2550 2.2550
37200 18.16 44.60 0.00 5.2471 2.2550 2.2550
37225 18.39 44.63 0.00 6.8060 2.7198 2.7198
37250 18.74 44.74 0.00 9.3082 4.9348 4.9348
37275 19.08 44.91 0.00 7.3146 1.9765 1.9765
37300 19.08 44.91 0.00 7.3146 1.9765 1.9765
37325 19.29 45.04 0.00 4.3454 2.0156 2.0156
37350 19.41 45.05 0.00 1.2265 1.8427 1.8427
37375 19.41 45.05 0.00 1.2265 1.8427 1.8427
37400 19.39 44.95 0.00 -0.5893 0.8717 0.8717
37425 19.43 44.80 0.00 1.8226 2.1115 2.1115
37450 19.43 44.80 0.00 1.8226 2.1115 2.1115
37475 19.47 44.71 0.00 1.2227 0.5634 0.5634
37500 19.52 44.67 0.00 0.8158 0.2216 0.2216
37525 19.52 44.67 0.00 0.8158 0.2216 0.2216
37550 19.52 44.69 0.00 -0.3271 0.9412 0.9412
37575 19.54 44.71 0.00 1.0974 0.0673 0.0673
37600 19.54 44.71 0.00 1.0974 0.0673 0.0673
37625 19.60 44.77 0.00 1.5160 -0.3512 -0.3512
37650 19.64 44.85 0.00 0.7484 0.1085 0.1085
37675 19.64 44.85 0.00 0.7484 0.1085 0.1085
37700 19.71 45.02 0.00 2.5022 0.0242 0.0242
37725 19.87 45.28 0.00 4.2486 -0.5495 -0.5495
37750 20.06 45.68 0.00 5.2768 0.1183 0.1183
37775 20.06 45.68 0.00 5.2768 0.1183 0.1183
37800 20.34 46.26 0.00 8.7095 4.1341 4.1341
37825 20.83 46.87 0.00 14.1113 2.9380 2.9380
37850 21.19 47.24 0.00 11.1157 1.3596 1.3596
37875 21.19 47.24 0.00 11.1157 1.3596 1.3596
37900 21.48 47.61 0.00 4.9999 1.4324 1.4324
37925 21.67 48.01 0.00 4.1429 1.5385 1.5385
37950 21.67 48.01 0.00 4.1429 1.5385 1.5385
37975 21.80 48.24 0.00 3.4067 2.2455 2.2455
38000 22.00 48.41 0.00 6.1760 2.7888 2.7888
38025 22.00 48.41 0.00 6.1760 2.7888 2.7888
38050 22.23 48.63 0.00 5.0525 1.3333 1.3333
38075 22.40 48.80 0.00 3.6296 2.9315 2.9315
38100 22.49 48.97 0.00 1.5809 1.4332 1.4332
38125 22.49 48.97 0.00 1.5809 1.4332 1.4332
38150 22.55 49.14 0.00 1.6726 0.7134 0.7134
38175 22.66 49.22 0.00 3.6140 1.1667 1.1667
38200 22.66 49.22 0.00 3.6140 1.1667 1.1667
38225 22.87 49.43 0.00 6.6063 1.6935 1.6935
38250 23.15 49.81 0.00 5.7067 -0.1228 -0.1228
38275 23.15 49.81 0.00 5.7067 -0.1228 -0.1228
38300 23.32 50.09 0.00 4.4870 0.7632 0.7632
38325 23.52 50.43 0.00 4.8823 1.5401 1.5401
38350 23.71 50.77 0.00 4.7050 0.1893 0.1893
38375 23.71 50.77 0.00 4.7050 0.1893 0.1893
38400 23.91 51.05 0.00 5.0590 0.5706 0.5706
38425 24.06 51.31 0.00 2.3400 0.3744 0.3744
38450 24.06 51.31 0.00 2.3400 0.3744 0.3744
38475 24.12 51.52 0.00 1.5775 1.3146 1.3146
38500 24.25 51.59 0.00 4.2590 3.0516 3.0516
38525 24.42 51.62 0.00 3.6321 1.6519 1.6519
38550 24.42 51.62 0.00 3.6321 1.6519 1.6519
38575 24.55 51.64 0.00 3.3217 2.7285 2.7285
38600 24.70 51.68 0.00 4.0674 3.3546 3.3546
38625 24.70 51.68 0.00 4.0674 3.3546 3.3546
38650 24.86 51.74 0.00 3.4871 2.2291 2.2291
38675 24.94 51.76 0.00 2.4792 1.8133 1.8133
38700 24.94 51.76 0.00 2.4792 1.8133 1.8133
38725 25.05 51.73 0.00 3.1503 1.9456 1.9456
38750 25.22 51.72 0.00 4.0695 2.0850 2.0850
38775 25.22 51.72 0.00 4.0695 2.0850 2.0850
38800 25.38 51.76 0.00 4.3288 1.8050 1.8050
38825 25.59 51.78 0.00 6.4948 3.6995 3.6995
38850 25.59 51.78 0.00 6.4948 3.6995 3.6995
38875 25.90 51.90 0.00 8.2420 3.4821 3.4821
38900 26.27 52.04 0.00 9.1971 3.1691 3.1691
38925 26.62 52.10 0.00 8.8753 4.4912 4.4912
38950 26.62 52.10 0.00 8.8753 4.4912 4.4912
38975 26.99 52.19 0.00 9.1484 4.4785 4.4785
39000 27.37 52.21 0.00 9.9728 4.4124 4.4124
39025 27.37 52.21 0.00 9.9728 4.4124 4.4124
39050 27.81 52.23 0.00 11.4975 6.0644 6.0644
39075 28.31 52.26 0.00 12.1465 6.5263 6.5263
39100 28.80 52.31 0.00 12.6165 7.0201 7.0201
39125 28.80 52.31 0.00 12.6165 7.0201 7.0201
39150 29.29 52.37 0.00 11.1917 6.6058 6.6058
39175 29.69 52.45 0.00 8.5032 5.8823 5.8823
39200 29.98 52.55 0.00 7.1513 5.5377 5.5377
39225 29.98 52.55 0.00 7.1513 5.5377 5.5377
39250 30.25 52.58 0.00 6.2368 4.7581 4.7581
39275 30.54 52.58 0.00 7.8560 4.2098 4.2098
39300 30.54 52.58 0.00 7.8560 4.2098 4.2098
39325 30.85 52.61 0.00 7.8317 4.3036 4.3036
39350 31.20 52.72 0.00 8.7071 5.4539 5.4539
39375 31.20 52.72 0.00 8.7071 5.4539 5.4539
39400 31.47 52.84 0.00 5.2732 2.8926 2.8926
39425 31.61 52.89 0.00 3.0524 2.4077 2.4077
39450 31.61 52.89 0.00 3.0524 2.4077 2.4077
39475 31.68 52.91 0.00 1.1861 2.3684 2.3684
39500 31.68 52.90 0.00 -0.9734 1.3948 1.3948
39525 31.65 52.81 0.00 0.2573 2.1894 2.1894
39550 31.65 52.81 0.00 0.2573 2.1894 2.1894
39575 31.72 52.72 0.00 2.0495 1.4039 1.4039
39600 31.83 52.70 0.00 2.9516 1.5900 1.5900
39625 31.83 52.70 0.00 2.9516 1.5900 1.5900
39650 31.95 52.78 0.00 4.0107 2.3776 2.3776
39675 31.95 52.78 0.00 4.0107 2.3776 2.3776
39700 32.15 52.92 0.00 4.7431 1.5628 1.5628
39725 32.31 53.09 0.00 3.4411 1.2928 1.2928
39750 32.46 53.22 0.00 3.5632 1.3967 1.3967
39775 32.46 53.22 0.00 3.5632 1.3967 1.3967
39800 32.57 53.31 0.00 1.9271 0.3009 0.3009
39825 32.58 53.36 0.00 0.4859 -0.9457 -0.9457
39850 32.58 53.36 0.00 0.4859 -0.9457 -0.9457
39875 32.69 53.51 0.00 3.4901 1.8478 1.8478
39900 32.87 53.67 0.00 5.3564 0.1804 0.1804
39925 33.07 53.84 0.00 3.8681 -0.2579 -0.2579
39950 33.07 53.84 0.00 3.8681 -0.2579 -0.2579
39975 33.19 53.95 0.00 4.1301 1.2308 1.2308
40000 33.39 53.99 0.00 5.2102 1.6291 1.6291
40025 33.39 53.99 0.00 5.2102 1.6291 1.6291
40050 33.61 53.94 0.00 5.7660 3.6375 3.6375
40075 33.82 53.85 0.00 4.6584 2.4993 2.4993
40100 33.82 53.85 0.00 4.6584 2.4993 2.4993
40125 34.02 53.82 0.00 5.4891 2.8704 2.8704
40150 34.29 53.77 0.00 7.0289 3.8979 3.8979
40175 34.55 53.70 0.00 10.1074 4.5541 4.5541
40200 34.55 53.70 0.00 10.1074 4.5541 4.5541
40225 35.02 53.59 0.00 12.7681 3.8876 3.8876
40250 35.55 53.43 0.00 13.1295 3.7446 3.7446
40275 36.05 53.26 0.00 11.9801 4.7999 4.7999
40300 36.05 53.26 0.00 11.9801 4.7999 4.7999
40325 36.50 53.06 0.00 10.5174 4.7836 4.7836
40350 36.89 52.83 0.00 9.9932 4.3490 4.3490
40375 36.89 52.83 0.00 9.9932 4.3490 4.3490
40400 37.33 52.71 0.00 10.3180 4.6836 4.6836
40425 37.76 52.66 0.00 12.4982 4.3634 4.3634
40450 37.76 52.66 0.00 12.4982 4.3634 4.3634
40475 38.31 52.55 0.00 13.7688 3.5397 3.5397
40500 38.82 52.32 0.00 12.3559 3.4938 3.4938
40525 38.82 52.32 0.00 12.3559 3.4938 3.4938
40550 39.26 52.11 0.00 9.7679 4.2439 4.2439
40575 39.60 51.89 0.00 7.1047 5.5836 5.5836
40600 39.81 51.73 0.00 4.4605 4.0862 4.0862
40625 39.81 51.73 0.00 4.4605 4.0862 4.0862
40650 40.02 51.63 0.00 6.0371 4.2318 4.2318
40675 40.25 51.57 0.00 5.8972 4.1245 4.1245
40700 40.25 51.57 0.00 5.8972 4.1245 4.1245
40725 40.51 51.58 0.00 6.7090 3.5359 3.5359
40750 40.79 51.60 0.00 6.9155 2.6564 2.6564
40775 40.79 51.60 0.00 6.9155 2.6564 2.6564
40800 41.00 51.62 0.00 4.4146 2.4907 2.4907
40825 41.13 51.66 0.00 2.4097 1.7192 1.7192
40850 41.20 51.73 0.00 1.6030 -0.5804 -0.5804
40875 41.20 51.73 0.00 1.6030 -0.5804 -0.5804
40900 41.29 51.89 0.00 1.6821 1.2935 1.2935
40925 41.32 52.10 0.00 1.0363 -0.9654 -0.9654
40950 41.32 52.10 0.00 1.0363 -0.9654 -0.9654
40975 41.37 52.28 0.00 1.1292 -1.3557 -1.3557
41000 41.39 52.41 0.00 -0.0452 -0.7402 -0.7402
41025 41.39 52.41 0.00 -0.0452 -0.7402 -0.7402
41050 41.39 52.53 0.00 0.5649 0.8914 0.8914
41075 41.46 52.53 0.00 2.7146 1.8269 1.8269
41100 41.46 52.53 0.00 2.7146 1.8269 1.8269
41125 41.62 52.50 0.00 3.9440 1.7996 1.7996
41150 41.76 52.45 0.00 3.7222 1.9891 1.9891
41175 41.90 52.45 0.00 3.7133 2.7618 2.7618
41200 41.90 52.45 0.00 3.7133 2.7618 2.7618
41225 42.08 52.47 0.00 4.4871 2.3663 2.3663
41250 42.08 52.47 0.00 4.4871 2.3663 2.3663
41275 42.25 52.47 0.00 4.3763 1.9434 1.9434
41300 42.41 52.47 0.00 3.8510 1.7277 1.7277
41325 42.64 52.42 0.00 7.3590 4.0570 4.0570
41350 43.04 52.30 0.00 11.0949 3.9474 3.9474
41375 43.04 52.30 0.00 11.0949 3.9474 3.9474
41400 43.53 52.11 0.00 13.4495 3.0242 3.0242
41425 44.06 51.97 0.00 11.9243 4.4476 4.4476
41450 44.06 51.97 0.00 11.9243 4.4476 4.4476
41475 44.50 51.87 0.00 10.8197 4.1043 4.1043
41500 44.93 51.66 0.00 10.8490 3.4726 3.4726
41525 44.93 51.66 0.00 10.8490 3.4726 3.4726
41550 45.37 51.37 0.00 11.0599 4.4728 4.4728
41575 45.83 51.02 0.00 11.4639 5.7114 5.7114
41600 45.83 51.02 0.00 11.4639 5.7114 5.7114
41625 46.28 50.65 0.00 11.6005 7.6339 7.6339
41650 46.68 50.35 0.00 7.8677 5.4559 5.4559
41675 46.89 50.12 0.00 4.3165 5.0677 5.0677
41700 46.89 50.12 0.00 4.3165 5.0677 5.0677
41725 47.01 49.90 0.00 2.4745 4.8119 4.8119
41750 47.17 49.82 0.00 5.2007 5.0555 5.0555
41775 47.36 49.75 0.00 6.6393 3.9473 3.9473
41800 47.36 49.75 0.00 6.6393 3.9473 3.9473
41825 47.36 49.75 0.00 6.6393 3.9473 3.9473
41850 47.59 49.67 0.00 5.4537 3.1735 3.1735
41875 47.82 49.55 0.00 5.7641 4.4573 4.4573
41900 48.06 49.35 0.00 6.2635 4.9428 4.9428
41925 48.34 49.12 0.00 7.2580 5.4999 5.4999
41950 48.34 49.12 0.00 7.2580 5.4999 5.4999
