%#        Time[ms]        X[pixel],        Y[pixel],        Z[pixel],  dX/dt[pixel/s],  dY/dt[pixel/s],  dZ/dt[pixel/s] 
0 50.00 50.00 0.00 5.7573 0.8660 0.8660
25 50.28 50.02 0.00 7.1940 4.8364 4.8364
50 50.28 50.02 0.00 7.1940 4.8364 4.8364
75 50.52 50.05 0.00 5.7140 3.1306 3.1306
100 50.52 50.05 0.00 5.7140 3.1306 3.1306
125 50.75 50.09 0.00 5.0963 3.3779 3.3779
150 50.94 50.04 0.00 5.0286 3.7530 3.7530
175 51.10 49.89 0.00 3.0299 2.0173 2.0173
200 51.10 49.89 0.00 3.0299 2.0173 2.0173
225 51.26 49.78 0.00 4.2308 4.0864 4.0864
250 51.26 49.78 0.00 4.2308 4.0864 4.0864
275 51.26 49.78 0.00 4.2308 4.0864 4.0864
300 51.38 49.71 0.00 2.4310 1.5031 1.5031
325 51.54 49.71 0.00 1.9264 0.4845 0.4845
350 51.66 50.02 0.00 3.1163 1.1625 1.1625
375 51.66 50.02 0.00 3.1163 1.1625 1.1625
400 51.78 50.11 0.00 4.6645 3.2874 3.2874
425 51.96 50.16 0.00 3.8934 2.1140 2.1140
450 51.96 50.16 0.00 3.8934 2.1140 2.1140
475 52.02 50.23 0.00 0.7985 -0.3859 -0.3859
500 52.04 50.34 0.00 -0.1729 0.6834 0.6834
525 52.04 50.43 0.00 0.5551 0.5871 0.5871
550 52.04 50.43 0.00 0.5551 0.5871 0.5871
575 52.16 50.79 0.00 4.9329 1.5660 1.5660
600 52.51 51.44 0.00 11.1237 2.6319 2.6319
625 52.51 51.44 0.00 11.1237 2.6319 2.6319
650 52.99 52.45 0.00 11.8851 -0.6346 -0.6346
675 52.99 52.45 0.00 11.8851 -0.6346 -0.6346
700 53.44 54.00 0.00 10.5169 -3.8871 -3.8871
725 53.74 55.87 0.00 5.1865 -9.5863 -9.5863
750 53.74 55.87 0.00 5.1865 -9.5863 -9.5863
775 53.77 57.46 0.00 -1.8048 -14.1157 -14.1157
800 53.54 58.77 0.00 -7.1680 -14.5783 -14.5783
825 53.25 59.97 0.00 -7.0739 -10.8101 -10.8101
850 53.25 59.97 0.00 -7.0739 -10.8101 -10.8101
875 53.04 60.79 0.00 -3.9617 -6.5912 -6.5912
900 52.97 61.44 0.00 -0.7821 -4.7942 -4.7942
925 52.95 62.05 0.00 -0.7218 -5.6459 -5.6459
950 52.95 62.05 0.00 -0.7218 -5.6459 -5.6459
975 52.92 62.60 0.00 -0.8498 -4.4617 -4.4617
1000 52.92 62.60 0.00 -0.8498 -4.4617 -4.4617
1025 52.86 63.11 0.00 -1.1398 -4.0521 -4.0521
1050 52.83 63.55 0.00 -0.7862 -4.5016 -4.5016
1075 52.79 63.93 0.00 -1.4106 -4.4968 -4.4968
1100 52.72 64.19 0.00 -2.2020 -4.5615 -4.5615
1125 52.72 64.19 0.00 -2.2020 -4.5615 -4.5615
1150 52.71 64.62 0.00 1.2415 -0.3520 -0.3520
1175 52.83 65.02 0.00 3.6217 -2.0383 -2.0383
1200 53.02 65.32 0.00 6.0637 -0.7669 -0.7669
1225 53.02 65.32 0.00 6.0637 -0.7669 -0.7669
1250 53.26 65.65 0.00 6.0208 0.0177 0.0177
1275 53.26 65.65 0.00 6.0208 0.0177 0.0177
1300 53.54 66.07 0.00 7.5984 1.5529 1.5529
1325 53.91 66.35 0.00 9.8131 2.8790 2.8790
1350 53.91 66.35 0.00 9.8131 2.8790 2.8790
1375 54.30 66.70 0.00 9.5492 1.3551 1.3551
1400 54.65 67.15 0.00 8.2215 0.5942 0.5942
1425 54.96 67.52 0.00 7.5320 1.7573 1.7573
1450 54.96 67.52 0.00 7.5320 1.7573 1.7573
1475 55.24 67.85 0.00 6.6410 2.0582 2.0582
1500 55.49 68.25 0.00 6.0176 1.2236 1.2236
1525 55.49 68.25 0.00 6.0176 1.2236 1.2236
1550 55.71 68.64 0.00 5.4345 1.0054 1.0054
1575 55.89 68.91 0.00 3.4289 -1.3235 -1.3235
1600 56.01 69.32 0.00 2.6593 -0.3554 -0.3554
1625 56.01 69.32 0.00 2.6593 -0.3554 -0.3554
1650 56.06 69.77 0.00 1.2040 -2.4900 -2.4900
1675 56.12 70.17 0.00 1.5874 -3.4857 -3.4857
1700 56.12 70.17 0.00 1.5874 -3.4857 -3.4857
1725 56.17 70.44 0.00 1.1174 -2.8937 -2.8937
1750 56.17 70.44 0.00 1.1174 -2.8937 -2.8937
1775 56.26 70.59 0.00 2.6820 -0.6744 -0.6744
1800 56.45 70.73 0.00 6.4264 1.0924 1.0924
1825 56.76 70.89 0.00 8.3225 0.9001 0.9001
1850 56.76 70.89 0.00 8.3225 0.9001 0.9001
1875 57.05 71.05 0.00 10.1209 2.1974 2.1974
1900 57.62 71.26 0.00 12.1472 1.6053 1.6053
1925 57.62 71.26 0.00 12.1472 1.6053 1.6053
1950 58.03 71.38 0.00 14.8419 2.0570 2.0570
1975 58.71 71.49 0.00 17.7793 2.5105 2.5105
2000 59.49 71.45 0.00 20.7995 3.7813 3.7813
2025 59.49 71.45 0.00 20.7995 3.7813 3.7813
2050 60.39 71.35 0.00 23.7950 5.3108 5.3108
2075 61.39 71.16 0.00 25.7707 8.4859 8.4859
2100 61.39 71.16 0.00 25.7707 8.4859 8.4859
2125 62.47 70.98 0.00 26.9301 11.0840 11.0840
2150 63.45 70.84 0.00 22.0387 8.1252 8.1252
2175 64.21 70.77 0.00 16.6400 7.7409 7.7409
2200 64.21 70.77 0.00 16.6400 7.7409 7.7409
2225 64.77 70.67 0.00 12.8493 8.2301 8.2301
2250 65.23 70.49 0.00 10.5858 7.9442 7.9442
2275 65.23 70.49 0.00 10.5858 7.9442 7.9442
2300 65.62 70.35 0.00 9.4752 8.6408 8.6408
2325 65.98 70.21 0.00 9.0240 7.7735 7.7735
2350 65.98 70.21 0.00 9.0240 7.7735 7.7735
2375 66.30 70.10 0.00 6.6188 4.9301 4.9301
2400 66.50 70.08 0.00 3.7811 3.9477 3.9477
2425 66.50 70.08 0.00 3.7811 3.9477 3.9477
2450 66.57 70.10 0.00 0.4729 2.2850 2.2850
2475 66.54 70.14 0.00 -1.3030 0.8294 0.8294
2500 66.54 70.14 0.00 -1.3030 0.8294 0.8294
2525 66.41 70.15 0.00 -4.6947 -1.2924 -1.2924
2550 66.12 70.05 0.00 -8.4464 -2.3186 -2.3186
2575 65.68 69.89 0.00 -12.8965 -4.6384 -4.6384
2600 65.68 69.89 0.00 -12.8965 -4.6384 -4.6384
2625 65.07 69.73 0.00 -16.4742 -5.6759 -5.6759
2650 65.07 69.73 0.00 -16.4742 -5.6759 -5.6759
2675 64.37 69.54 0.00 -17.9187 -7.6136 -7.6136
2700 63.68 69.41 0.00 -17.1534 -6.2535 -6.2535
2725 63.17 69.33 0.00 -17.1258 -6.9453 -6.9453
2750 62.53 69.22 0.00 -14.8841 -7.5406 -7.5406
2775 62.53 69.22 0.00 -14.8841 -7.5406 -7.5406
2800 61.96 69.08 0.00 -13.9303 -7.4531 -7.4531
2825 61.45 68.94 0.00 -11.6049 -5.9528 -5.9528
2850 61.45 68.94 0.00 -11.6049 -5.9528 -5.9528
2875 61.04 68.84 0.00 -8.9321 -4.9785 -4.9785
2900 60.78 68.80 0.00 -4.9814 -3.3321 -3.3321
2925 60.78 68.80 0.00 -4.9814 -3.3321 -3.3321
2950 60.62 68.77 0.00 -3.4329 -3.3137 -3.3137
2975 60.51 68.79 0.00 -2.3411 -1.5100 -1.5100
3000 60.46 68.84 0.00 -0.8591 -0.5877 -0.5877
3025 60.46 68.84 0.00 -0.8591 -0.5877 -0.5877
3050 60.46 68.91 0.00 0.9503 0.1607 0.1607
3075 60.53 68.93 0.00 1.6064 0.3543 0.3543
3100 60.53 68.93 0.00 1.6064 0.3543 0.3543
3125 60.56 68.93 0.00 0.5383 -0.0605 -0.0605
3150 60.55 68.96 0.00 -1.3684 -0.1287 -0.1287
3175 60.55 68.96 0.00 -1.3684 -0.1287 -0.1287
3200 60.46 69.00 0.00 -2.1847 -0.0510 -0.0510
3225 60.35 69.00 0.00 -3.3605 -0.8759 -0.8759
3250 60.35 69.00 0.00 -3.3605 -0.8759 -0.8759
3275 60.12 69.05 0.00 -7.4326 -3.3297 -3.3297
3300 59.63 69.14 0.00 -16.1300 -7.2356 -7.2356
3325 58.70 69.31 0.00 -26.7006 -11.7005 -11.7005
3350 58.70 69.31 0.00 -26.7006 -11.7005 -11.7005
3375 57.54 69.68 0.00 -30.8721 -13.8244 -13.8244
3400 56.20 70.16 0.00 -34.5313 -16.3949 -16.3949
3425 56.20 70.16 0.00 -34.5313 -16.3949 -16.3949
3450 54.86 70.63 0.00 -32.5607 -15.3953 -15.3953
3475 53.63 71.08 0.00 -29.7127 -15.4924 -15.4924
3500 52.76 71.41 0.00 -28.7233 -17.0681 -17.0681
3525 52.76 71.41 0.00 -28.7233 -17.0681 -17.0681
3550 51.66 71.89 0.00 -25.7755 -15.9735 -15.9735
3575 51.66 71.89 0.00 -25.7755 -15.9735 -15.9735
3600 50.77 72.37 0.00 -20.7069 -13.6269 -13.6269
3625 50.03 72.83 0.00 -16.4941 -14.1602 -14.1602
3650 49.48 73.28 0.00 -12.8290 -12.7430 -12.7430
3675 48.95 73.72 0.00 -13.3668 -11.9180 -11.9180
3700 48.95 73.72 0.00 -13.3668 -11.9180 -11.9180
3725 48.39 74.09 0.00 -14.3814 -10.7075 -10.7075
3750 48.39 74.09 0.00 -14.3814 -10.7075 -10.7075
3775 47.82 74.35 0.00 -14.3107 -10.5620 -10.5620
3800 47.24 74.54 0.00 -14.8216 -11.0120 -11.0120
3825 46.60 74.75 0.00 -16.5158 -11.5591 -11.5591
3850 45.93 75.05 0.00 -17.3163 -11.9705 -11.9705
3875 45.93 75.05 0.00 -17.3163 -11.9705 -11.9705
3900 45.20 75.39 0.00 -18.6046 -12.0092 -12.0092
3925 45.20 75.39 0.00 -18.6046 -12.0092 -12.0092
3950 44.48 75.77 0.00 -17.6732 -11.7174 -11.7174
3975 43.74 76.09 0.00 -18.6824 -13.2210 -13.2210
4000 43.01 76.41 0.00 -17.6330 -10.2842 -10.2842
4025 43.01 76.41 0.00 -17.6330 -10.2842 -10.2842
4050 42.36 76.75 0.00 -14.8203 -8.7763 -8.7763
4075 41.87 77.03 0.00 -11.5209 -9.7655 -9.7655
4100 41.87 77.03 0.00 -11.5209 -9.7655 -9.7655
4125 41.48 77.30 0.00 -8.1925 -8.3940 -8.3940
4150 41.23 77.58 0.00 -5.4132 -7.0758 -7.0758
4175 41.04 77.77 0.00 -4.3577 -4.9589 -4.9589
4200 41.04 77.77 0.00 -4.3577 -4.9589 -4.9589
4225 40.93 77.88 0.00 -1.4702 -1.6474 -1.6474
4250 40.93 78.00 0.00 0.3716 -2.1439 -2.1439
4275 40.93 78.00 0.00 0.3716 -2.1439 -2.1439
4300 40.93 78.13 0.00 -0.1988 -1.6676 -1.6676
4325 40.88 78.34 0.00 -2.0817 -1.3340 -1.3340
4350 40.88 78.34 0.00 -2.0817 -1.3340 -1.3340
4375 40.79 78.66 0.00 -2.1408 -2.6509 -2.6509
4400 40.71 78.99 0.00 -2.6890 -3.9460 -3.9460
4425 40.51 79.38 0.00 -6.5606 -5.2870 -5.2870
4450 40.51 79.38 0.00 -6.5606 -5.2870 -5.2870
4475 40.16 79.90 0.00 -9.9633 -6.9816 -6.9816
4500 39.74 80.54 0.00 -10.5241 -7.3373 -7.3373
4525 39.74 80.54 0.00 -10.5241 -7.3373 -7.3373
4550 39.28 81.15 0.00 -12.0061 -6.6907 -6.6907
4575 38.78 81.74 0.00 -12.9546 -8.7561 -8.7561
4600 38.24 82.37 0.00 -13.8160 -7.5428 -7.5428
4625 38.24 82.37 0.00 -13.8160 -7.5428 -7.5428
4650 37.65 82.91 0.00 -15.0254 -7.5909 -7.5909
4675 37.65 82.91 0.00 -15.0254 -7.5909 -7.5909
4700 37.03 83.46 0.00 -16.5552 -9.3956 -9.3956
4725 36.34 83.97 0.00 -17.6022 -10.4291 -10.4291
4750 35.57 84.40 0.00 -19.9897 -10.4849 -10.4849
4775 35.57 84.40 0.00 -19.9897 -10.4849 -10.4849
4800 34.68 84.69 0.00 -23.9394 -9.9062 -9.9062
4825 33.57 84.86 0.00 -29.8407 -8.9332 -8.9332
4850 32.30 85.09 0.00 -33.8357 -8.4200 -8.4200
4875 32.30 85.09 0.00 -33.8357 -8.4200 -8.4200
4900 30.78 85.35 0.00 -40.1207 -10.0852 -10.0852
4925 29.13 85.52 0.00 -42.1598 -8.0023 -8.0023
4950 29.13 85.52 0.00 -42.1598 -8.0023 -8.0023
4975 27.32 85.76 0.00 -46.8503 -11.7976 -11.7976
5000 25.36 86.05 0.00 -50.3458 -11.7027 -11.7027
5025 25.36 86.05 0.00 -50.3458 -11.7027 -11.7027
5050 23.30 86.35 0.00 -51.9191 -12.5789 -12.5789
5075 21.76 86.62 0.00 -51.2783 -14.9995 -14.9995
5100 19.88 87.00 0.00 -43.3702 -12.4430 -12.4430
5125 19.88 87.00 0.00 -43.3702 -12.4430 -12.4430
5150 18.30 87.30 0.00 -36.8643 -13.9290 -13.9290
5175 17.12 87.64 0.00 -23.7361 -15.4295 -15.4295
5200 17.12 87.64 0.00 -23.7361 -15.4295 -15.4295
5225 16.44 88.14 0.00 -14.3164 -16.2034 -16.2034
5250 15.96 88.53 0.00 -9.8640 -13.9544 -13.9544
5275 15.96 88.53 0.00 -9.8640 -13.9544 -13.9544
5300 15.72 88.79 0.00 -3.1107 -11.3003 -11.3003
5325 15.68 89.02 0.00 0.5074 -10.9684 -10.9684
5350 15.68 89.02 0.00 0.5074 -10.9684 -10.9684
5375 15.82 89.24 0.00 5.2420 -7.2976 -7.2976
5400 16.11 89.38 0.00 8.4409 -5.0997 -5.0997
5425 16.11 89.38 0.00 8.4409 -5.0997 -5.0997
5450 16.48 89.36 0.00 9.9204 -1.9744 -1.9744
5475 16.48 89.36 0.00 9.9204 -1.9744 -1.9744
5500 17.43 89.32 0.00 12.6436 1.3506 1.3506
5525 17.43 89.32 0.00 12.6436 1.3506 1.3506
5550 17.99 89.25 0.00 14.9748 3.1179 3.1179
5575 18.62 89.16 0.00 16.7870 1.5724 1.5724
5600 18.62 89.16 0.00 16.7870 1.5724 1.5724
5625 19.27 89.09 0.00 14.9853 0.6265 0.6265
5650 19.77 88.91 0.00 11.5299 2.8079 2.8079
5675 19.77 88.91 0.00 11.5299 2.8079 2.8079
5700 20.19 88.74 0.00 9.5436 4.4377 4.4377
5725 20.51 88.56 0.00 7.3346 3.7817 3.7817
5750 20.81 88.39 0.00 8.2563 5.8098 5.8098
5775 20.81 88.39 0.00 8.2563 5.8098 5.8098
5800 21.06 88.21 0.00 8.0725 6.3480 6.3480
5825 21.42 87.90 0.00 10.2911 5.5867 5.5867
5850 21.89 87.39 0.00 11.3852 3.7743 3.7743
5875 21.89 87.39 0.00 11.3852 3.7743 3.7743
5900 22.34 86.70 0.00 11.4180 3.8256 3.8256
5925 22.77 86.05 0.00 10.5039 3.7044 3.7044
5950 22.77 86.05 0.00 10.5039 3.7044 3.7044
5975 23.17 85.30 0.00 9.5718 5.0304 5.0304
6000 23.54 84.50 0.00 8.7986 5.3032 5.3032
6025 23.54 84.50 0.00 8.7986 5.3032 5.3032
6050 23.86 83.68 0.00 7.0294 5.2943 5.2943
6075 24.08 82.90 0.00 4.9608 4.8883 4.8883
6100 24.08 82.90 0.00 4.9608 4.8883 4.8883
6125 24.25 82.22 0.00 4.2298 4.6516 4.6516
6150 24.45 81.56 0.00 5.2369 4.4831 4.4831
6175 24.66 81.01 0.00 4.6779 3.2978 3.2978
6200 24.66 81.01 0.00 4.6779 3.2978 3.2978
6225 24.83 80.64 0.00 4.0912 3.1153 3.1153
6250 24.99 80.43 0.00 4.4811 2.5221 2.5221
6275 24.99 80.43 0.00 4.4811 2.5221 2.5221
6300 25.12 80.23 0.00 2.6436 0.6282 0.6282
6325 25.25 80.12 0.00 3.9978 3.3156 3.3156
6350 25.25 80.12 0.00 3.9978 3.3156 3.3156
6375 25.46 80.12 0.00 5.5183 1.1616 1.1616
6400 25.70 80.07 0.00 5.9965 0.5418 0.5418
6425 25.92 80.01 0.00 5.2237 0.6856 0.6856
6450 25.92 80.01 0.00 5.2237 0.6856 0.6856
6475 26.14 79.90 0.00 6.1640 0.6410 0.6410
6500 26.40 79.64 0.00 6.9186 0.7023 0.7023
6525 26.40 79.64 0.00 6.9186 0.7023 0.7023
6550 26.73 79.33 0.00 8.9939 2.7123 2.7123
6575 27.15 78.94 0.00 11.3905 3.6101 3.6101
6600 27.15 78.94 0.00 11.3905 3.6101 3.6101
6625 27.67 78.41 0.00 14.3439 5.3278 5.3278
6650 28.12 77.83 0.00 15.5932 6.6338 6.6338
6675 28.82 76.76 0.00 17.7419 9.7215 9.7215
6700 28.82 76.76 0.00 17.7419 9.7215 9.7215
6725 29.56 75.30 0.00 18.9177 11.4943 11.4943
6750 30.29 73.66 0.00 18.3770 12.3797 12.3797
6775 30.29 73.66 0.00 18.3770 12.3797 12.3797
6800 31.05 71.88 0.00 18.9629 13.1572 13.1572
6825 31.81 70.28 0.00 18.4452 11.2428 11.2428
6850 31.81 70.28 0.00 18.4452 11.2428 11.2428
6875 32.42 68.95 0.00 13.5376 8.6525 8.6525
6900 32.94 67.89 0.00 12.8294 10.7582 10.7582
6925 33.43 66.98 0.00 11.7905 8.3215 8.3215
6950 33.43 66.98 0.00 11.7905 8.3215 8.3215
6975 33.88 66.28 0.00 10.9094 6.7074 6.7074
7000 34.29 65.73 0.00 9.9066 6.0897 6.0897
7025 34.29 65.73 0.00 9.9066 6.0897 6.0897
7050 34.64 65.26 0.00 8.1172 5.4423 5.4423
7075 34.93 64.84 0.00 6.5787 4.9692 4.9692
7100 34.93 64.84 0.00 6.5787 4.9692 4.9692
7125 35.18 64.52 0.00 6.1360 4.9541 4.9541
7150 35.45 64.33 0.00 6.9253 3.5852 3.5852
7175 35.71 64.19 0.00 6.9149 3.2139 3.2139
7200 35.71 64.19 0.00 6.9149 3.2139 3.2139
7225 35.98 64.08 0.00 6.0272 2.8801 2.8801
7250 36.21 63.87 0.00 5.8733 3.8904 3.8904
7275 36.44 63.57 0.00 5.3642 5.0724 5.0724
7300 36.44 63.57 0.00 5.3642 5.0724 5.0724
7325 36.64 63.10 0.00 5.0386 6.3313 6.3313
7350 36.64 63.10 0.00 5.0386 6.3313 6.3313
7375 36.82 62.36 0.00 3.9464 6.2011 6.2011
7400 36.89 61.13 0.00 0.7353 6.4812 6.4812
7425 36.94 59.57 0.00 2.2231 12.6753 12.6753
7450 36.94 59.57 0.00 2.2231 12.6753 12.6753
7475 37.01 57.48 0.00 1.4030 11.7562 11.7562
7500 37.03 55.47 0.00 -0.1624 8.9801 8.9801
7525 37.03 55.47 0.00 -0.1624 8.9801 8.9801
7550 36.99 53.67 0.00 -1.1237 8.6210 8.6210
7575 36.94 52.16 0.00 -1.9995 6.1135 6.1135
7600 36.94 52.16 0.00 -1.9995 6.1135 6.1135
7625 36.80 50.81 0.00 -4.3246 4.0212 4.0212
7650 36.60 49.74 0.00 -5.2313 4.0160 4.0160
7675 36.43 48.97 0.00 -3.3454 3.0545 3.0545
7700 36.43 48.97 0.00 -3.3454 3.0545 3.0545
7725 36.36 48.26 0.00 -1.1401 2.1031 2.1031
7750 36.32 47.63 0.00 -0.3821 1.8522 1.8522
7775 36.36 47.21 0.00 1.2217 1.9816 1.9816
7800 36.36 47.21 0.00 1.2217 1.9816 1.9816
7825 36.43 46.90 0.00 1.9511 0.9866 0.9866
7850 36.46 46.66 0.00 0.2687 0.0656 0.0656
7875 36.46 46.66 0.00 0.2687 0.0656 0.0656
7900 36.39 46.37 0.00 -2.9948 -2.0057 -2.0057
7925 36.25 46.02 0.00 -3.1277 -0.2375 -0.2375
7950 36.25 46.02 0.00 -3.1277 -0.2375 -0.2375
7975 36.14 45.62 0.00 -2.9262 0.2897 0.2897
8000 36.02 45.20 0.00 -3.3020 -1.1721 -1.1721
8025 36.02 45.20 0.00 -3.3020 -1.1721 -1.1721
8050 35.86 44.75 0.00 -4.4490 -0.8838 -0.8838
8075 35.66 44.18 0.00 -5.0278 0.0374 0.0374
8100 35.47 43.64 0.00 -4.3928 0.4024 0.4024
8125 35.47 43.64 0.00 -4.3928 0.4024 0.4024
8150 35.30 43.13 0.00 -4.8496 1.0277 1.0277
8175 35.14 42.65 0.00 -4.6744 1.9123 1.9123
8200 35.00 41.96 0.00 -3.0823 2.3009 2.3009
8225 35.00 41.96 0.00 -3.0823 2.3009 2.3009
8250 34.95 41.32 0.00 -0.9765 2.8466 2.8466
8275 34.93 40.77 0.00 0.2219 3.0505 3.0505
8300 34.93 40.77 0.00 0.2219 3.0505 3.0505
8325 34.98 40.21 0.00 1.7577 2.5550 2.5550
8350 35.05 39.70 0.00 2.6069 3.3335 3.3335
8375 35.05 39.70 0.00 2.6069 3.3335 3.3335
8400 35.20 39.36 0.00 3.6569 3.1951 3.1951
8425 35.34 39.09 0.00 3.3767 1.3223 1.3223
8450 35.34 39.09 0.00 3.3767 1.3223 1.3223
8475 35.54 38.89 0.00 6.6826 5.6234 5.6234
8500 35.86 38.88 0.00 8.0385 5.0647 5.0647
8525 35.86 38.88 0.00 8.0385 5.0647 5.0647
8550 36.16 38.99 0.00 7.6377 2.0646 2.0646
8575 36.46 39.12 0.00 7.6089 2.5753 2.5753
8600 36.78 39.33 0.00 7.9608 4.0271 4.0271
8625 36.78 39.33 0.00 7.9608 4.0271 4.0271
8650 37.05 39.49 0.00 5.6534 3.0204 3.0204
8675 37.26 39.65 0.00 4.9788 4.3353 4.3353
8700 37.26 39.65 0.00 4.9788 4.3353 4.3353
8725 37.38 39.83 0.00 1.8041 1.4569 1.4569
8750 37.42 39.93 0.00 0.1819 1.1871 1.1871
8775 37.42 39.93 0.00 0.1819 1.1871 1.1871
8800 37.38 39.93 0.00 -1.2580 0.9876 0.9876
8825 37.31 39.93 0.00 -2.0327 0.5218 0.5218
8850 37.21 39.83 0.00 -3.1597 -0.5176 -0.5176
8875 37.21 39.83 0.00 -3.1597 -0.5176 -0.5176
8900 37.05 39.63 0.00 -4.6381 -1.0506 -1.0506
8925 36.82 39.37 0.00 -6.0811 -1.1324 -1.1324
8950 36.82 39.37 0.00 -6.0811 -1.1324 -1.1324
8975 36.60 39.19 0.00 -7.2761 -3.4281 -3.4281
9000 36.30 38.90 0.00 -6.9978 -0.4236 -0.4236
9025 36.30 38.90 0.00 -6.9978 -0.4236 -0.4236
9050 36.05 38.52 0.00 -5.7919 0.0163 0.0163
9075 35.84 37.97 0.00 -5.6162 -2.6214 -2.6214
9100 35.59 37.37 0.00 -6.5350 -2.4975 -2.4975
9125 35.59 37.37 0.00 -6.5350 -2.4975 -2.4975
9150 35.34 36.85 0.00 -5.5270 -0.2644 -0.2644
9175 35.14 36.30 0.00 -4.7053 -0.2681 -0.2681
9200 35.02 35.66 0.00 -2.1375 1.8834 1.8834
9225 35.02 35.66 0.00 -2.1375 1.8834 1.8834
9250 34.98 35.00 0.00 -0.4089 2.3933 2.3933
9275 34.95 34.29 0.00 -1.3194 3.2755 3.2755
9300 34.95 34.29 0.00 -1.3194 3.2755 3.2755
9325 34.89 33.41 0.00 -0.9365 4.8801 4.8801
9350 34.82 32.40 0.00 -2.7788 2.5016 2.5016
9375 34.82 32.40 0.00 -2.7788 2.5016 2.5016
9400 34.72 31.50 0.00 -2.7670 2.3195 2.3195
9425 34.63 30.81 0.00 -1.8705 2.6440 2.6440
9450 34.63 30.81 0.00 -1.8705 2.6440 2.6440
9475 34.55 30.25 0.00 -1.9451 1.0272 1.0272
9500 34.45 29.86 0.00 -3.4433 -1.5679 -1.5679
9525 34.34 29.46 0.00 -1.7611 0.1529 0.1529
9550 34.34 29.46 0.00 -1.7611 0.1529 0.1529
9575 34.34 29.46 0.00 -1.7611 0.1529 0.1529
9600 34.18 28.64 0.00 -2.7316 -0.7888 -0.7888
9625 34.18 28.64 0.00 -2.7316 -0.7888 -0.7888
9650 34.05 28.28 0.00 -3.7158 -2.6288 -2.6288
9675 34.05 28.28 0.00 -3.7158 -2.6288 -2.6288
9700 33.84 27.94 0.00 -6.0151 -3.1099 -3.1099
9725 33.59 27.71 0.00 -6.6069 -3.5275 -3.5275
9750 33.39 27.51 0.00 -6.0056 -2.5582 -2.5582
9775 33.19 27.35 0.00 -4.7319 -2.4779 -2.4779
9800 33.19 27.35 0.00 -4.7319 -2.4779 -2.4779
9825 33.00 27.27 0.00 -5.1449 -3.3814 -3.3814
9850 33.00 27.27 0.00 -5.1449 -3.3814 -3.3814
9875 32.73 27.11 0.00 -7.8710 -3.1410 -3.1410
9900 32.33 26.87 0.00 -10.9677 -4.5873 -4.5873
9925 31.88 26.56 0.00 -11.1882 -4.0363 -4.0363
9950 31.88 26.56 0.00 -11.1882 -4.0363 -4.0363
9975 31.47 26.26 0.00 -10.1141 -4.7812 -4.7812
10000 31.12 26.00 0.00 -7.9943 -4.6207 -4.6207
10025 31.12 26.00 0.00 -7.9943 -4.6207 -4.6207
10050 30.83 25.80 0.00 -5.8713 -3.5015 -3.5015
10075 30.62 25.62 0.00 -5.4979 -5.7467 -5.7467
10100 30.44 25.39 0.00 -3.7687 -0.9065 -0.9065
10125 30.44 25.39 0.00 -3.7687 -0.9065 -0.9065
10150 30.27 25.18 0.00 -4.8312 -1.6957 -1.6957
10175 30.05 24.93 0.00 -5.4387 -3.4643 -3.4643
10200 30.05 24.93 0.00 -5.4387 -3.4643 -3.4643
10225 29.87 24.66 0.00 -3.9669 -2.8397 -2.8397
10250 29.71 24.36 0.00 -4.5815 -2.6278 -2.6278
10275 29.51 24.05 0.00 -4.8457 -2.2047 -2.2047
10300 29.51 24.05 0.00 -4.8457 -2.2047 -2.2047
10325 29.38 23.75 0.00 -2.5834 0.0144 0.0144
10350 29.31 23.47 0.00 -0.8769 0.0131 0.0131
10375 29.31 23.47 0.00 -0.8769 0.0131 0.0131
10400 29.25 23.07 0.00 -2.2797 -0.1073 -0.1073
10425 29.15 22.58 0.00 -2.8938 2.3470 2.3470
10450 29.15 22.58 0.00 -2.8938 2.3470 2.3470
10475 29.00 22.03 0.00 -4.4604 0.0671 0.0671
10500 28.78 21.50 0.00 -6.2697 -2.0272 -2.0272
10525 28.58 21.13 0.00 -6.1469 -2.7297 -2.7297
10550 28.58 21.13 0.00 -6.1469 -2.7297 -2.7297
10575 28.31 20.73 0.00 -7.3974 -3.9034 -3.9034
10600 28.03 20.46 0.00 -6.9289 -4.1680 -4.1680
10625 28.03 20.46 0.00 -6.9289 -4.1680 -4.1680
10650 27.72 20.13 0.00 -8.0769 -6.0208 -6.0208
10675 27.34 19.83 0.00 -10.2221 -5.7925 -5.7925
10700 26.91 19.62 0.00 -11.3302 -6.1576 -6.1576
10725 26.91 19.62 0.00 -11.3302 -6.1576 -6.1576
10750 26.40 19.52 0.00 -14.1740 -11.6071 -11.6071
10775 25.75 19.51 0.00 -17.4393 -14.6990 -14.6990
10800 25.75 19.51 0.00 -17.4393 -14.6990 -14.6990
10825 24.94 19.62 0.00 -21.7108 -18.3670 -18.3670
10850 23.99 19.84 0.00 -25.8207 -21.2857 -21.2857
10875 23.99 19.84 0.00 -25.8207 -21.2857 -21.2857
10900 22.91 19.95 0.00 -26.8539 -19.0900 -19.0900
10925 21.83 19.99 0.00 -26.5659 -19.1982 -19.1982
10950 21.83 19.99 0.00 -26.5659 -19.1982 -19.1982
10975 20.81 19.97 0.00 -25.0071 -17.9806 -17.9806
11000 19.88 19.88 0.00 -22.4612 -15.2351 -15.2351
11025 19.88 19.88 0.00 -22.4612 -15.2351 -15.2351
11050 19.04 19.76 0.00 -20.1782 -15.4592 -15.4592
11075 18.26 19.60 0.00 -19.2507 -17.0697 -17.0697
11100 18.26 19.60 0.00 -19.2507 -17.0697 -17.0697
11125 17.53 19.31 0.00 -16.7325 -14.5636 -14.5636
11150 17.01 18.92 0.00 -11.1502 -10.4155 -10.4155
11175 16.66 18.50 0.00 -7.0667 -8.1618 -8.1618
11200 16.66 18.50 0.00 -7.0667 -8.1618 -8.1618
11225 16.50 18.04 0.00 -3.3788 -7.0279 -7.0279
11250 16.31 17.57 0.00 -4.4614 -7.6813 -7.6813
11275 16.19 17.28 0.00 -4.5851 -4.4292 -4.4292
11300 16.19 17.28 0.00 -4.5851 -4.4292 -4.4292
11325 15.96 16.96 0.00 -6.8098 -6.5695 -6.5695
11350 15.63 16.74 0.00 -8.7695 -8.3346 -8.3346
11375 15.33 16.44 0.00 -6.8518 -5.9317 -5.9317
11400 15.33 16.44 0.00 -6.8518 -5.9317 -5.9317
11425 15.08 16.14 0.00 -6.3513 -6.7317 -6.7317
11450 15.08 16.14 0.00 -6.3513 -6.7317 -6.7317
11475 14.88 15.87 0.00 -2.8569 -2.0828 -2.0828
11500 14.78 15.72 0.00 -2.2139 -2.0150 -2.0150
11525 14.78 15.72 0.00 -2.2139 -2.0150 -2.0150
11550 14.73 15.56 0.00 -1.7152 -0.7380 -0.7380
11575 14.65 15.46 0.00 -2.0687 0.4263 0.4263
11600 14.55 15.39 0.00 -2.6979 -0.8538 -0.8538
11625 14.55 15.39 0.00 -2.6979 -0.8538 -0.8538
11650 14.37 15.29 0.00 -5.6396 -4.5448 -4.5448
11675 14.18 14.97 0.00 -3.8526 -1.6247 -1.6247
11700 14.18 14.97 0.00 -3.8526 -1.6247 -1.6247
11725 14.06 14.62 0.00 -2.7061 -2.4509 -2.4509
11750 13.96 14.25 0.00 -2.6299 -3.2406 -3.2406
11775 13.96 14.25 0.00 -2.6299 -3.2406 -3.2406
11800 13.88 13.95 0.00 -0.0456 -0.5386 -0.5386
11825 13.92 13.89 0.00 1.6232 1.7577 1.7577
11850 13.96 14.01 0.00 -0.3694 -2.7531 -2.7531
11875 13.96 14.01 0.00 -0.3694 -2.7531 -2.7531
11900 13.92 14.05 0.00 -2.0313 -3.7128 -3.7128
11925 13.80 14.08 0.00 -2.4604 -2.6500 -2.6500
11950 13.80 14.08 0.00 -2.4604 -2.6500 -2.6500
11975 13.74 14.12 0.00 -1.3948 -1.7975 -1.7975
12000 13.78 14.24 0.00 2.4852 2.0352 2.0352
12025 13.98 14.51 0.00 6.3987 4.4819 4.4819
12050 13.98 14.51 0.00 6.3987 4.4819 4.4819
12075 14.35 14.96 0.00 10.7314 7.1323 7.1323
12100 14.84 15.51 0.00 13.4673 9.8766 9.8766
12125 14.84 15.51 0.00 13.4673 9.8766 9.8766
12150 15.41 16.20 0.00 14.4057 9.9255 9.9255
12175 15.41 16.20 0.00 14.4057 9.9255 9.9255
12200 15.98 17.08 0.00 13.6390 8.7726 8.7726
12225 16.50 17.76 0.00 12.4740 8.3253 8.3253
12250 16.97 18.25 0.00 11.3690 8.1425 8.1425
12275 17.41 18.52 0.00 11.1441 8.6655 8.6655
12300 17.41 18.52 0.00 11.1441 8.6655 8.6655
12325 17.80 18.63 0.00 8.0615 5.4193 5.4193
12350 18.09 18.69 0.00 7.4454 8.4252 8.4252
12375 18.09 18.69 0.00 7.4454 8.4252 8.4252
12400 18.35 18.67 0.00 5.5090 6.4482 6.4482
12425 18.51 18.60 0.00 2.8024 1.9818 1.9818
12450 18.57 18.45 0.00 0.4382 0.9884 0.9884
12475 18.57 18.45 0.00 0.4382 0.9884 0.9884
12500 18.53 18.19 0.00 -0.8574 0.5065 0.5065
12525 18.53 17.89 0.00 0.1525 0.3144 0.3144
12550 18.53 17.89 0.00 0.1525 0.3144 0.3144
12575 18.60 17.63 0.00 2.4571 2.0532 2.0532
12600 18.70 17.48 0.00 2.8515 0.9920 0.9920
12625 18.70 17.48 0.00 2.8515 0.9920 0.9920
12650 18.85 17.51 0.00 4.1182 1.8843 1.8843
12675 18.99 17.62 0.00 3.2876 2.4203 2.4203
12700 19.14 17.82 0.00 4.5055 3.6057 3.6057
12725 19.14 17.82 0.00 4.5055 3.6057 3.6057
12750 19.14 17.82 0.00 4.5055 3.6057 3.6057
12775 19.41 18.27 0.00 8.0972 4.6328 4.6328
12800 19.85 19.06 0.00 12.5397 8.1474 8.1474
12825 20.47 20.37 0.00 17.5837 13.3240 13.3240
12850 21.02 21.38 0.00 18.5137 12.4244 12.4244
12875 21.02 21.38 0.00 18.5137 12.4244 12.4244
12900 21.72 22.66 0.00 17.1482 7.9265 7.9265
12925 22.59 23.92 0.00 24.1500 16.8480 16.8480
12950 23.50 25.28 0.00 21.2284 12.0868 12.0868
12975 23.50 25.28 0.00 21.2284 12.0868 12.0868
13000 24.25 26.31 0.00 16.9213 8.6912 8.6912
13025 24.83 27.13 0.00 12.5901 6.8858 6.8858
13050 24.83 27.13 0.00 12.5901 6.8858 6.8858
13075 25.31 28.02 0.00 12.4763 7.5139 7.5139
13100 25.31 28.02 0.00 12.4763 7.5139 7.5139
13125 25.83 28.91 0.00 13.4814 8.4481 8.4481
13150 26.43 29.55 0.00 16.0320 9.6677 9.6677
13175 27.15 30.11 0.00 18.3027 9.5232 9.5232
13200 27.15 30.11 0.00 18.3027 9.5232 9.5232
13225 27.83 30.75 0.00 16.9295 9.6481 9.6481
13250 28.51 31.30 0.00 16.1602 10.9806 10.9806
13275 28.51 31.30 0.00 16.1602 10.9806 10.9806
13300 29.11 31.73 0.00 14.6893 9.5724 9.5724
13325 29.71 32.20 0.00 15.5802 8.6474 8.6474
13350 30.29 32.67 0.00 12.9991 5.6768 5.6768
13375 30.29 32.67 0.00 12.9991 5.6768 5.6768
13400 30.80 32.99 0.00 12.9639 7.6206 7.6206
13425 31.30 33.39 0.00 12.4896 5.6714 5.6714
13450 31.30 33.39 0.00 12.4896 5.6714 5.6714
13475 31.81 33.82 0.00 13.8901 8.1483 8.1483
13500 32.44 34.38 0.00 15.5002 8.9222 8.9222
13525 33.01 34.86 0.00 14.1205 6.2838 6.2838
13550 33.01 34.86 0.00 14.1205 6.2838 6.2838
13575 33.55 35.28 0.00 13.0951 7.3533 7.3533
13600 33.55 35.28 0.00 13.0951 7.3533 7.3533
13625 33.95 35.62 0.00 13.3347 7.7962 7.7962
13650 34.48 36.12 0.00 13.1794 7.4910 7.4910
13675 35.05 36.66 0.00 15.5242 9.5830 9.5830
13700 35.71 37.26 0.00 16.1546 9.0089 9.0089
13725 35.71 37.26 0.00 16.1546 9.0089 9.0089
13750 36.39 38.03 0.00 17.6797 9.9055 9.9055
13775 36.39 38.03 0.00 17.6797 9.9055 9.9055
13800 36.39 38.03 0.00 17.6797 9.9055 9.9055
13825 37.77 40.12 0.00 15.5277 7.9838 7.9838
13850 38.32 41.09 0.00 13.0553 6.6574 6.6574
13875 38.32 41.09 0.00 13.0553 6.6574 6.6574
13900 38.84 42.32 0.00 12.9898 4.8346 4.8346
13925 39.33 43.55 0.00 12.1719 3.0020 3.0020
13950 39.33 43.55 0.00 12.1719 3.0020 3.0020
13975 39.82 44.55 0.00 12.3963 3.9053 3.9053
14000 40.32 45.59 0.00 11.7709 0.0103 0.0103
14025 40.32 45.59 0.00 11.7709 0.0103 0.0103
14050 40.83 46.49 0.00 13.7166 2.6231 2.6231
14075 41.44 47.56 0.00 16.7319 3.0219 3.0219
14100 42.20 48.69 0.00 20.5418 1.7819 1.7819
14125 42.20 48.69 0.00 20.5418 1.7819 1.7819
14150 42.99 49.57 0.00 18.8873 2.4699 2.4699
14175 42.99 49.57 0.00 18.8873 2.4699 2.4699
14200 44.41 51.42 0.00 18.4597 5.1062 5.1062
14225 44.41 51.42 0.00 18.4597 5.1062 5.1062
14250 45.27 52.15 0.00 22.5171 6.5209 6.5209
14275 45.27 52.15 0.00 22.5171 6.5209 6.5209
14300 46.37 52.77 0.00 31.2501 11.2631 11.2631
14325 47.75 53.27 0.00 36.2914 13.3456 13.3456
14350 49.41 53.92 0.00 43.8795 16.9783 16.9783
14375 49.41 53.92 0.00 43.8795 16.9783 16.9783
14400 50.79 54.45 0.00 46.9706 17.3783 17.3783
14425 50.79 54.45 0.00 46.9706 17.3783 17.3783
14450 52.81 55.18 0.00 53.2358 20.5137 20.5137
14475 55.14 56.06 0.00 60.9596 20.7286 20.7286
14500 57.52 56.97 0.00 57.0490 14.3667 14.3667
14525 57.52 56.97 0.00 57.0490 14.3667 14.3667
14550 59.59 57.80 0.00 47.3603 12.4793 12.4793
14575 61.18 58.53 0.00 35.3951 10.7698 10.7698
14600 62.37 59.17 0.00 25.0156 11.3829 11.3829
14625 62.37 59.17 0.00 25.0156 11.3829 11.3829
14650 63.11 59.78 0.00 15.4948 10.6032 10.6032
14675 63.11 59.78 0.00 15.4948 10.6032 10.6032
14700 63.63 60.50 0.00 11.7158 7.9033 7.9033
14725 64.16 61.24 0.00 14.4869 6.4258 6.4258
14750 64.80 62.05 0.00 16.6655 4.6503 4.6503
14775 64.80 62.05 0.00 16.6655 4.6503 4.6503
14800 65.41 63.01 0.00 14.4586 3.9669 3.9669
14825 66.04 64.29 0.00 16.5261 5.9188 5.9188
14850 66.04 64.29 0.00 16.5261 5.9188 5.9188
14875 66.75 65.81 0.00 19.4073 3.0362 3.0362
14900 67.52 67.69 0.00 18.4313 -2.1225 -2.1225
14925 68.16 69.73 0.00 14.5485 -4.0608 -4.0608
14950 68.16 69.73 0.00 14.5485 -4.0608 -4.0608
14975 68.73 71.89 0.00 14.6329 -2.3412 -2.3412
15000 69.29 73.57 0.00 13.6659 -5.4479 -5.4479
15025 69.29 73.57 0.00 13.6659 -5.4479 -5.4479
15050 69.87 74.64 0.00 15.2372 -2.1836 -2.1836
15075 70.53 75.63 0.00 17.2314 -0.4571 -0.4571
15100 71.24 76.64 0.00 17.7770 -2.8337 -2.8337
15125 71.24 76.64 0.00 17.7770 -2.8337 -2.8337
15150 71.99 77.65 0.00 19.6334 -0.0022 -0.0022
15175 72.61 78.23 0.00 20.1921 0.6175 0.6175
15200 72.61 78.23 0.00 20.1921 0.6175 0.6175
15225 72.61 78.23 0.00 20.1921 0.6175 0.6175
15250 74.01 79.36 0.00 15.6952 2.8775 2.8775
15275 74.60 80.10 0.00 15.2583 3.8340 3.8340
15300 74.60 80.10 0.00 15.2583 3.8340 3.8340
15325 75.27 80.91 0.00 17.9999 4.5595 4.5595
15350 76.18 81.87 0.00 25.3456 5.6327 5.6327
15375 76.18 81.87 0.00 25.3456 5.6327 5.6327
15400 77.30 83.16 0.00 29.8708 1.4236 1.4236
15425 78.64 84.85 0.00 34.5286 0.3892 0.3892
15450 78.64 84.85 0.00 34.5286 0.3892 0.3892
15475 80.08 86.64 0.00 37.8671 -1.1579 -1.1579
15500 80.08 86.64 0.00 37.8671 -1.1579 -1.1579
15525 81.70 88.31 0.00 42.0979 1.1342 1.1342
15550 83.48 89.89 0.00 46.6430 -0.3802 -0.3802
15575 85.39 90.94 0.00 47.2678 -0.5063 -0.5063
15600 87.01 91.76 0.00 35.0093 -3.1018 -3.1018
15625 87.01 91.76 0.00 35.0093 -3.1018 -3.1018
15650 88.01 92.69 0.00 18.0844 -2.9853 -2.9853
15675 88.37 93.65 0.00 3.3039 -3.8301 -3.8301
15700 88.37 93.65 0.00 3.3039 -3.8301 -3.8301
15725 88.25 94.31 0.00 -5.5832 -3.2407 -3.2407
15750 87.99 94.64 0.00 -7.2458 -1.5875 -1.5875
15775 87.99 94.64 0.00 -7.2458 -1.5875 -1.5875
15800 87.61 94.67 0.00 -10.4521 -2.5315 -2.5315
15825 87.15 94.50 0.00 -12.1987 -0.4162 -0.4162
15850 86.61 94.14 0.00 -13.7396 1.3890 1.3890
15875 86.61 94.14 0.00 -13.7396 1.3890 1.3890
15900 86.04 93.65 0.00 -15.3003 1.7680 1.7680
15925 86.04 93.65 0.00 -15.3003 1.7680 1.7680
15950 85.33 93.06 0.00 -19.3466 1.5845 1.5845
15975 84.71 92.41 0.00 -20.9742 3.6415 3.6415
16000 83.87 91.53 0.00 -20.7513 3.8588 3.8588
16025 83.07 90.51 0.00 -18.9705 4.4423 4.4423
16050 83.07 90.51 0.00 -18.9705 4.4423 4.4423
16075 82.40 89.43 0.00 -15.5803 4.9140 4.9140
16100 81.88 88.36 0.00 -12.1616 3.1097 3.1097
16125 81.88 88.36 0.00 -12.1616 3.1097 3.1097
16150 81.41 87.41 0.00 -10.4498 0.1142 0.1142
16175 81.11 86.89 0.00 -6.1100 -0.1327 -0.1327
16200 81.11 86.89 0.00 -6.1100 -0.1327 -0.1327
16225 80.88 86.60 0.00 -5.7400 -2.5782 -2.5782
16250 80.67 86.35 0.00 -4.6061 -0.4264 -0.4264
16275 80.67 86.35 0.00 -4.6061 -0.4264 -0.4264
16300 80.57 86.16 0.00 -1.5953 0.4530 0.4530
16325 80.53 85.93 0.00 -0.5064 0.6387 0.6387
16350 80.53 85.67 0.00 0.1145 3.4912 3.4912
16375 80.53 85.67 0.00 0.1145 3.4912 3.4912
16400 80.53 85.52 0.00 0.2856 2.8268 2.8268
16425 80.59 85.51 0.00 2.7017 1.5731 1.5731
16450 80.59 85.51 0.00 2.7017 1.5731 1.5731
16475 80.78 85.50 0.00 5.2228 3.1767 3.1767
16500 81.01 85.47 0.00 6.4723 3.1123 3.1123
16525 81.01 85.47 0.00 6.4723 3.1123 3.1123
16550 81.28 85.44 0.00 6.9112 2.7492 2.7492
16575 81.59 85.25 0.00 7.9391 4.2957 4.2957
16600 81.91 84.96 0.00 8.6358 4.9284 4.9284
16625 81.91 84.96 0.00 8.6358 4.9284 4.9284
16650 82.22 84.59 0.00 6.6364 3.6867 3.6867
16675 82.47 84.24 0.00 6.5143 6.9353 6.9353
16700 82.47 84.24 0.00 6.5143 6.9353 6.9353
16725 82.74 83.93 0.00 6.2246 5.1477 5.1477
16750 82.94 83.61 0.00 6.5161 5.0234 5.0234
16775 83.17 83.06 0.00 5.5354 6.2440 6.2440
16800 83.17 83.06 0.00 5.5354 6.2440 6.2440
16825 83.30 82.37 0.00 1.4020 7.4568 7.4568
16850 83.21 81.49 0.00 -5.1076 9.9062 9.9062
16875 83.21 81.49 0.00 -5.1076 9.9062 9.9062
16900 82.90 80.54 0.00 -9.6396 11.9562 11.9562
16925 82.49 79.52 0.00 -9.9592 13.2442 13.2442
16950 82.49 79.52 0.00 -9.9592 13.2442 13.2442
16975 82.13 78.63 0.00 -8.8943 11.5161 11.5161
17000 81.72 77.90 0.00 -10.2698 8.9326 8.9326
17025 81.30 77.38 0.00 -10.7078 7.1256 7.1256
17050 81.30 77.38 0.00 -10.7078 7.1256 7.1256
17075 80.92 77.02 0.00 -9.1598 5.3643 5.3643
17100 80.92 77.02 0.00 -9.1598 5.3643 5.3643
17125 80.57 76.72 0.00 -7.5363 3.8075 3.8075
17150 80.31 76.42 0.00 -6.7170 2.8033 2.8033
17175 80.02 76.15 0.00 -6.3266 3.2466 3.2466
17200 80.02 76.15 0.00 -6.3266 3.2466 3.2466
17225 79.87 76.03 0.00 -2.8765 3.0544 3.0544
17250 79.77 75.96 0.00 -1.9954 -0.5135 -0.5135
17275 79.72 75.85 0.00 -1.8444 -0.3650 -0.3650
17300 79.72 75.85 0.00 -1.8444 -0.3650 -0.3650
17325 79.60 75.68 0.00 -3.0258 0.9491 0.9491
17350 79.53 75.48 0.00 -0.5258 2.6649 2.6649
17375 79.53 75.48 0.00 -0.5258 2.6649 2.6649
17400 79.58 75.21 0.00 1.3507 4.3092 4.3092
17425 79.60 74.79 0.00 0.6365 6.5326 6.5326
17450 79.60 74.79 0.00 0.6365 6.5326 6.5326
17475 79.66 74.19 0.00 1.8239 9.5847 9.5847
17500 79.66 74.19 0.00 1.8239 9.5847 9.5847
17525 79.91 72.77 0.00 5.4727 11.7160 11.7160
17550 79.91 72.77 0.00 5.4727 11.7160 11.7160
17575 80.13 71.66 0.00 5.1830 10.1837 10.1837
17600 80.25 70.44 0.00 1.4714 9.9486 9.9486
17625 80.25 70.44 0.00 1.4714 9.9486 9.9486
17650 80.25 68.79 0.00 -0.5900 12.2936 12.2936
17675 80.17 67.08 0.00 -3.0243 10.6867 10.6867
17700 80.17 67.08 0.00 -3.0243 10.6867 10.6867
17725 80.08 65.29 0.00 -1.3382 12.0645 12.0645
17750 79.96 63.80 0.00 -3.5216 9.1394 9.1394
17775 79.96 63.80 0.00 -3.5216 9.1394 9.1394
17800 79.75 62.35 0.00 -6.9810 6.9626 6.9626
17825 79.36 61.12 0.00 -11.6137 5.4858 5.4858
17850 78.86 60.12 0.00 -12.0245 5.8493 5.8493
17875 78.86 60.12 0.00 -12.0245 5.8493 5.8493
17900 78.39 59.29 0.00 -11.2931 6.1161 6.1161
17925 78.00 58.51 0.00 -8.8543 7.9112 7.9112
17950 78.00 58.51 0.00 -8.8543 7.9112 7.9112
17975 77.66 57.79 0.00 -8.5186 6.0112 6.0112
18000 77.36 57.12 0.00 -7.0930 5.1363 5.1363
18025 77.08 56.67 0.00 -6.9364 4.3863 4.3863
18050 77.08 56.67 0.00 -6.9364 4.3863 4.3863
18075 76.85 56.29 0.00 -4.5784 3.5655 3.5655
18100 76.70 55.80 0.00 -4.1913 2.6705 2.6705
18125 76.70 55.80 0.00 -4.1913 2.6705 2.6705
18150 76.51 55.29 0.00 -4.1577 3.0981 3.0981
18175 76.38 54.85 0.00 -3.0526 3.1835 3.1835
18200 76.38 54.85 0.00 -3.0526 3.1835 3.1835
18225 76.25 54.45 0.00 -3.5270 1.8004 1.8004
18250 76.16 54.05 0.00 -1.4486 5.2287 5.2287
18275 76.09 53.79 0.00 -2.6304 4.1592 4.1592
18300 76.09 53.79 0.00 -2.6304 4.1592 4.1592
18325 75.97 53.31 0.00 -3.0398 2.5382 2.5382
18350 75.90 52.67 0.00 -0.8059 4.8170 4.8170
18375 75.90 52.67 0.00 -0.8059 4.8170 4.8170
18400 75.88 52.06 0.00 -0.3199 4.2158 4.2158
18425 75.84 51.46 0.00 -1.6314 4.1479 4.1479
18450 75.84 51.46 0.00 -1.6314 4.1479 4.1479
18475 75.79 50.89 0.00 -1.3810 5.5734 5.5734
18500 75.66 50.44 0.00 -3.7511 3.8276 3.8276
18525 75.49 50.02 0.00 -4.3883 4.4931 4.4931
18550 75.49 50.02 0.00 -4.3883 4.4931 4.4931
18575 75.36 49.71 0.00 -2.3996 5.2876 5.2876
18600 75.27 49.40 0.00 -2.5541 4.3727 4.3727
18625 75.27 49.40 0.00 -2.5541 4.3727 4.3727
18650 75.17 49.06 0.00 -1.3006 3.8491 3.8491
18675 75.17 48.74 0.00 -0.2498 2.4929 2.4929
18700 75.14 48.43 0.00 -1.3381 1.8997 1.8997
18725 75.14 48.43 0.00 -1.3381 1.8997 1.8997
18750 75.08 48.11 0.00 -1.4915 0.5821 0.5821
18775 75.01 47.85 0.00 -1.3658 2.8803 2.8803
18800 75.01 47.85 0.00 -1.3658 2.8803 2.8803
18825 74.91 47.68 0.00 -3.9212 1.4220 1.4220
18850 74.73 47.41 0.00 -3.8541 0.7816 0.7816
18875 74.73 47.41 0.00 -3.8541 0.7816 0.7816
18900 74.58 46.98 0.00 -3.6603 1.3475 1.3475
18925 74.58 46.98 0.00 -3.6603 1.3475 1.3475
18950 74.43 46.44 0.00 -4.6591 1.6983 1.6983
18975 74.19 45.75 0.00 -6.5150 2.5113 2.5113
19000 73.93 45.05 0.00 -7.0941 3.4687 3.4687
19025 73.93 45.05 0.00 -7.0941 3.4687 3.4687
19050 73.58 44.48 0.00 -9.6151 1.3940 1.3940
19075 73.27 44.19 0.00 -10.2442 1.1508 1.1508
19100 73.27 44.19 0.00 -10.2442 1.1508 1.1508
19125 72.92 43.94 0.00 -7.7752 1.0653 1.0653
19150 72.63 43.77 0.00 -6.2438 -0.0965 -0.0965
19175 72.46 43.32 0.00 -3.2174 0.7688 0.7688
19200 72.46 43.32 0.00 -3.2174 0.7688 0.7688
19225 72.37 42.63 0.00 -1.9337 1.1405 1.1405
19250 72.28 41.89 0.00 -2.4127 0.8251 0.8251
19275 72.17 41.18 0.00 -3.2409 -0.3528 -0.3528
19300 72.17 41.18 0.00 -3.2409 -0.3528 -0.3528
19325 72.06 40.63 0.00 -2.4855 -0.0679 -0.0679
19350 71.97 40.23 0.00 -2.8543 0.0179 0.0179
19375 71.97 40.23 0.00 -2.8543 0.0179 0.0179
19400 71.82 39.94 0.00 -3.5762 -1.9989 -1.9989
19425 71.64 39.64 0.00 -5.6968 -1.9831 -1.9831
19450 71.64 39.64 0.00 -5.6968 -1.9831 -1.9831
19475 71.38 39.23 0.00 -6.4321 1.3013 1.3013
19500 71.09 38.68 0.00 -7.9427 1.2725 1.2725
19525 71.09 38.68 0.00 -7.9427 1.2725 1.2725
19550 70.75 38.12 0.00 -9.0818 0.9542 0.9542
19575 70.29 37.83 0.00 -12.6505 -2.3723 -2.3723
19600 69.78 37.79 0.00 -12.9292 -2.9249 -2.9249
19625 69.78 37.79 0.00 -12.9292 -2.9249 -2.9249
19650 69.28 37.84 0.00 -12.2692 -3.1809 -3.1809
19675 68.79 37.98 0.00 -12.4449 -5.2212 -5.2212
19700 68.30 38.15 0.00 -11.7312 -6.4192 -6.4192
19725 68.30 38.15 0.00 -11.7312 -6.4192 -6.4192
19750 67.83 38.31 0.00 -11.9002 -7.4367 -7.4367
19775 67.83 38.31 0.00 -11.9002 -7.4367 -7.4367
19800 67.36 38.49 0.00 -10.7670 -5.8017 -5.8017
19825 67.11 38.64 0.00 -7.4732 -4.1200 -4.1200
19850 66.91 38.77 0.00 -3.8453 -5.0924 -5.0924
19875 66.91 38.77 0.00 -3.8453 -5.0924 -5.0924
19900 66.82 38.99 0.00 -1.0950 -3.3479 -3.3479
19925 66.81 39.49 0.00 -1.1805 -4.0856 -4.0856
19950 66.70 40.17 0.00 -3.9479 -8.7942 -8.7942
19975 66.70 40.17 0.00 -3.9479 -8.7942 -8.7942
20000 66.48 40.93 0.00 -5.0902 -7.4232 -7.4232
20025 66.32 41.40 0.00 -3.4792 -2.1547 -2.1547
20050 66.32 41.40 0.00 -3.4792 -2.1547 -2.1547
20075 66.27 41.69 0.00 0.0321 0.0333 0.0333
20100 66.36 41.99 0.00 3.4129 1.2173 1.2173
20125 66.36 41.99 0.00 3.4129 1.2173 1.2173
20150 66.50 42.54 0.00 3.5014 -2.1792 -2.1792
20175 66.55 43.37 0.00 -0.3267 -7.0788 -7.0788
20200 66.55 43.37 0.00 -0.3267 -7.0788 -7.0788
20225 66.47 44.43 0.00 -3.0088 -7.1052 -7.1052
20250 66.30 45.36 0.00 -5.1412 -6.2561 -6.2561
20275 66.02 46.14 0.00 -7.8621 -5.5915 -5.5915
20300 66.02 46.14 0.00 -7.8621 -5.5915 -5.5915
20325 65.68 46.73 0.00 -9.6244 -5.2898 -5.2898
20350 65.18 47.22 0.00 -14.4353 -7.6094 -7.6094
20375 65.18 47.22 0.00 -14.4353 -7.6094 -7.6094
20400 64.41 48.00 0.00 -21.9734 -12.5410 -12.5410
20425 63.27 49.10 0.00 -32.1295 -20.2457 -20.2457
20450 62.12 49.94 0.00 -40.9112 -23.3816 -23.3816
20475 62.12 49.94 0.00 -40.9112 -23.3816 -23.3816
20500 60.40 51.20 0.00 -42.6833 -20.2059 -20.2059
20525 58.71 52.25 0.00 -41.7077 -21.9705 -21.9705
20550 58.71 52.25 0.00 -41.7077 -21.9705 -21.9705
20575 57.06 53.14 0.00 -40.9981 -22.2468 -22.2468
20600 55.45 53.93 0.00 -40.6324 -21.0919 -21.0919
20625 55.45 53.93 0.00 -40.6324 -21.0919 -21.0919
20650 53.74 54.78 0.00 -44.3546 -24.5471 -24.5471
20675 51.87 55.74 0.00 -47.7092 -25.0865 -25.0865
20700 49.88 56.99 0.00 -50.0678 -25.4483 -25.4483
20725 49.88 56.99 0.00 -50.0678 -25.4483 -25.4483
20750 47.92 58.33 0.00 -48.0806 -25.5393 -25.5393
20775 46.12 59.48 0.00 -42.6408 -22.7781 -22.7781
20800 46.12 59.48 0.00 -42.6408 -22.7781 -22.7781
20825 44.57 60.55 0.00 -36.4554 -21.3708 -21.3708
20850 43.29 61.37 0.00 -28.9014 -19.6410 -19.6410
20875 43.29 61.37 0.00 -28.9014 -19.6410 -19.6410
20900 42.27 62.08 0.00 -24.0890 -20.0099 -20.0099
20925 41.30 62.92 0.00 -23.8196 -19.2983 -19.2983
20950 40.39 63.78 0.00 -22.5996 -15.3065 -15.3065
20975 40.39 63.78 0.00 -22.5996 -15.3065 -15.3065
21000 39.51 64.74 0.00 -20.5577 -14.1541 -14.1541
21025 38.75 65.76 0.00 -18.3401 -13.9593 -13.9593
21050 38.75 65.76 0.00 -18.3401 -13.9593 -13.9593
21075 38.08 66.76 0.00 -15.8547 -13.3360 -13.3360
21100 37.47 68.01 0.00 -15.2186 -12.8201 -12.8201
21125 37.47 68.01 0.00 -15.2186 -12.8201 -12.8201
21150 36.94 69.06 0.00 -11.7083 -10.5861 -10.5861
21175 36.52 70.12 0.00 -9.9862 -12.4993 -12.4993
21200 36.52 70.12 0.00 -9.9862 -12.4993 -12.4993
21225 36.12 71.46 0.00 -9.5324 -13.0484 -13.0484
21250 35.73 73.22 0.00 -9.8469 -13.2798 -13.2798
21275 35.39 75.29 0.00 -7.0385 -10.8016 -10.8016
21300 35.39 75.29 0.00 -7.0385 -10.8016 -10.8016
21325 35.20 77.27 0.00 -4.1022 -10.4670 -10.4670
21350 35.11 78.82 0.00 -2.6311 -9.9816 -9.9816
21375 35.11 78.82 0.00 -2.6311 -9.9816 -9.9816
21400 35.02 80.30 0.00 -1.9069 -6.0181 -6.0181
21425 34.95 81.33 0.00 -2.0517 -6.1372 -6.1372
21450 34.88 82.21 0.00 -1.5600 -5.2807 -5.2807
21475 34.88 82.21 0.00 -1.5600 -5.2807 -5.2807
21500 34.82 82.82 0.00 -1.1586 -4.4386 -4.4386
21525 34.77 83.25 0.00 -1.4774 -4.0584 -4.0584
21550 34.77 83.25 0.00 -1.4774 -4.0584 -4.0584
21575 34.72 83.47 0.00 -1.0454 -3.1929 -3.1929
21600 34.68 83.50 0.00 -0.9042 -2.2586 -2.2586
21625 34.68 83.50 0.00 -0.9042 -2.2586 -2.2586
21650 34.64 83.43 0.00 -1.1260 -2.0126 -2.0126
21675 34.55 83.20 0.00 -2.6095 -2.0943 -2.0943
21700 34.55 83.20 0.00 -2.6095 -2.0943 -2.0943
21725 34.47 82.99 0.00 -2.4282 -1.0960 -1.0960
21750 34.30 82.88 0.00 -5.4689 -2.9969 -2.9969
21775 33.95 82.89 0.00 -11.3325 -4.7685 -4.7685
21800 33.95 82.89 0.00 -11.3325 -4.7685 -4.7685
21825 33.95 82.89 0.00 -11.3325 -4.7685 -4.7685
21850 32.33 83.44 0.00 -29.1606 -10.5590 -10.5590
21875 32.33 83.44 0.00 -29.1606 -10.5590 -10.5590
21900 31.00 83.78 0.00 -36.0708 -8.3239 -8.3239
21925 29.49 84.26 0.00 -37.6848 -7.4712 -7.4712
21950 29.49 84.26 0.00 -37.6848 -7.4712 -7.4712
21975 27.96 84.74 0.00 -39.3059 -7.3006 -7.3006
22000 26.49 85.06 0.00 -34.3304 -4.6088 -4.6088
22025 25.20 85.32 0.00 -31.5507 -6.9079 -6.9079
22050 25.20 85.32 0.00 -31.5507 -6.9079 -6.9079
22075 24.31 85.42 0.00 -28.7190 -6.0071 -6.0071
22100 24.31 85.42 0.00 -28.7190 -6.0071 -6.0071
22125 22.38 85.26 0.00 -20.5075 -7.0908 -7.0908
22150 22.38 85.26 0.00 -20.5075 -7.0908 -7.0908
22175 21.65 85.03 0.00 -16.9412 -7.1867 -7.1867
22200 21.65 85.03 0.00 -16.9412 -7.1867 -7.1867
22225 21.00 84.64 0.00 -16.7255 -8.6177 -8.6177
22250 20.28 84.26 0.00 -17.8702 -8.0745 -8.0745
22275 19.54 84.01 0.00 -19.4021 -6.9985 -6.9985
22300 19.54 84.01 0.00 -19.4021 -6.9985 -6.9985
22325 18.78 83.82 0.00 -18.6236 -7.3814 -7.3814
22350 18.78 83.82 0.00 -18.6236 -7.3814 -7.3814
22375 17.51 83.35 0.00 -14.5207 -7.1324 -7.1324
22400 17.51 83.35 0.00 -14.5207 -7.1324 -7.1324
22425 16.97 83.22 0.00 -13.1118 -6.5262 -6.5262
22450 16.48 83.14 0.00 -11.1804 -4.8875 -4.8875
22475 16.48 83.14 0.00 -11.1804 -4.8875 -4.8875
22500 16.15 83.10 0.00 -6.3142 -3.8857 -3.8857
22525 15.98 83.05 0.00 -2.5277 -3.4626 -3.4626
22550 15.98 83.05 0.00 -2.5277 -3.4626 -3.4626
22575 16.00 83.09 0.00 1.7468 -1.5466 -1.5466
22600 16.11 83.19 0.00 3.6061 -1.8368 -1.8368
22625 16.23 83.28 0.00 2.1567 -2.1778 -2.1778
22650 16.23 83.28 0.00 2.1567 -2.1778 -2.1778
22675 16.27 83.34 0.00 0.6915 -0.5766 -0.5766
22700 16.27 83.34 0.00 0.6915 -0.5766 -0.5766
22725 16.31 83.43 0.00 1.8931 -0.6035 -0.6035
22750 16.40 83.50 0.00 2.6280 -2.4133 -2.4133
22775 16.60 83.62 0.00 5.9086 1.0974 1.0974
22800 16.60 83.62 0.00 5.9086 1.0974 1.0974
22825 16.85 83.78 0.00 6.3629 -0.0741 -0.0741
22850 17.08 83.89 0.00 4.8204 -1.1998 -1.1998
22875 17.18 83.92 0.00 3.2142 -0.1868 -0.1868
22900 17.18 83.92 0.00 3.2142 -0.1868 -0.1868
22925 17.26 83.95 0.00 0.8110 0.4681 0.4681
22950 17.24 83.92 0.00 -0.8245 0.6599 0.6599
22975 17.24 83.92 0.00 -0.8245 0.6599 0.6599
23000 17.20 83.82 0.00 -1.2498 1.4190 1.4190
23025 17.12 83.73 0.00 -2.5355 -0.1587 -0.1587
23050 17.12 83.73 0.00 -2.5355 -0.1587 -0.1587
23075 16.97 83.70 0.00 -5.1422 -2.1802 -2.1802
23100 16.62 83.92 0.00 -10.9427 -7.8728 -7.8728
23125 16.62 83.92 0.00 -10.9427 -7.8728 -7.8728
23150 16.09 84.34 0.00 -14.5853 -7.1287 -7.1287
23175 15.49 84.49 0.00 -14.5486 -4.0368 -4.0368
23200 15.02 84.44 0.00 -8.7970 -4.1501 -4.1501
23225 15.02 84.44 0.00 -8.7970 -4.1501 -4.1501
23250 14.86 84.45 0.00 -1.7416 -5.6102 -5.6102
23275 14.84 84.45 0.00 -0.3008 -5.9353 -5.9353
23300 14.84 84.45 0.00 -0.3008 -5.9353 -5.9353
23325 14.82 84.41 0.00 0.0535 -3.4216 -3.4216
23350 14.86 84.37 0.00 1.3184 -1.4804 -1.4804
23375 14.86 84.37 0.00 1.3184 -1.4804 -1.4804
23400 14.94 84.29 0.00 2.6382 -1.9971 -1.9971
23425 15.10 84.19 0.00 4.3288 -1.2518 -1.2518
23450 15.10 84.19 0.00 4.3288 -1.2518 -1.2518
23475 15.27 83.96 0.00 4.8545 -1.6575 -1.6575
23500 15.51 83.59 0.00 6.3108 -0.9370 -0.9370
23525 15.82 83.08 0.00 9.4713 1.7421 1.7421
23550 15.82 83.08 0.00 9.4713 1.7421 1.7421
23575 16.25 82.54 0.00 10.5651 1.4138 1.4138
23600 16.70 82.02 0.00 11.8330 2.8289 2.8289
23625 16.70 82.02 0.00 11.8330 2.8289 2.8289
23650 17.22 81.44 0.00 13.6934 4.1560 4.1560
23675 17.80 80.77 0.00 15.6938 4.6304 4.6304
23700 18.62 80.01 0.00 23.5812 7.8416 7.8416
23725 18.62 80.01 0.00 23.5812 7.8416 7.8416
23750 19.37 79.40 0.00 25.3606 5.8525 5.8525
23775 20.38 78.53 0.00 24.9301 4.9645 4.9645
23800 20.38 78.53 0.00 24.9301 4.9645 4.9645
23825 21.27 77.75 0.00 19.4949 3.7856 3.7856
23850 21.95 77.21 0.00 16.4009 5.8563 5.8563
23875 22.61 76.85 0.00 16.3396 7.9069 7.9069
23900 22.61 76.85 0.00 16.3396 7.9069 7.9069
23925 23.22 76.55 0.00 15.0804 6.0352 6.0352
23950 23.80 76.29 0.00 13.9240 4.8440 4.8440
23975 23.80 76.29 0.00 13.9240 4.8440 4.8440
24000 24.29 76.05 0.00 11.3867 2.8748 2.8748
24025 24.75 75.90 0.00 11.4893 2.9101 2.9101
24050 24.75 75.90 0.00 11.4893 2.9101 2.9101
24075 25.25 75.74 0.00 13.6948 4.5878 4.5878
24100 25.86 75.65 0.00 16.8102 5.0175 5.0175
24125 25.86 75.65 0.00 16.8102 5.0175 5.0175
24150 26.62 75.67 0.00 20.6237 4.5249 4.5249
24175 27.57 75.84 0.00 25.6769 4.6259 4.6259
24200 28.71 76.10 0.00 29.6660 3.3959 3.3959
24225 28.71 76.10 0.00 29.6660 3.3959 3.3959
24250 30.00 76.41 0.00 33.8889 3.7886 3.7886
24275 31.34 76.60 0.00 33.4593 2.3673 2.3673
24300 31.34 76.60 0.00 33.4593 2.3673 2.3673
24325 32.67 76.52 0.00 33.1303 4.9509 4.9509
24350 33.96 76.38 0.00 32.0957 5.6078 5.6078
24375 35.29 75.96 0.00 34.0672 7.8035 7.8035
24400 35.29 75.96 0.00 34.0672 7.8035 7.8035
24425 36.78 75.16 0.00 38.3816 11.8946 11.8946
24450 37.93 74.43 0.00 38.6154 10.8333 10.8333
24475 37.93 74.43 0.00 38.6154 10.8333 10.8333
24500 39.47 73.37 0.00 38.6128 11.8533 11.8533
24525 39.47 73.37 0.00 38.6128 11.8533 11.8533
24550 41.04 72.35 0.00 39.3647 13.3820 13.3820
24575 42.62 71.14 0.00 38.9899 14.8145 14.8145
24600 44.11 69.91 0.00 35.9072 16.7305 16.7305
24625 45.48 68.79 0.00 33.8494 18.4004 18.4004
24650 45.48 68.79 0.00 33.8494 18.4004 18.4004
24675 46.77 67.90 0.00 30.8033 17.3986 17.3986
24700 48.08 67.10 0.00 34.3539 19.7838 19.7838
24725 48.08 67.10 0.00 34.3539 19.7838 19.7838
24750 49.42 66.44 0.00 32.8197 16.7721 16.7721
24775 50.70 65.98 0.00 31.1352 16.0116 16.0116
24800 50.70 65.98 0.00 31.1352 16.0116 16.0116
24825 51.94 65.63 0.00 30.9457 15.8793 15.8793
24850 53.11 65.35 0.00 27.6619 12.9653 12.9653
24875 53.11 65.35 0.00 27.6619 12.9653 12.9653
24900 54.12 65.09 0.00 23.9411 11.0012 11.0012
24925 54.98 64.96 0.00 19.6864 9.8635 9.8635
24950 55.66 65.03 0.00 15.2525 8.4152 8.4152
24975 55.66 65.03 0.00 15.2525 8.4152 8.4152
25000 56.13 65.15 0.00 10.2172 5.2581 5.2581
25025 56.45 65.34 0.00 6.1197 2.4936 2.4936
25050 56.55 65.60 0.00 0.1637 -0.5720 -0.5720
25075 56.55 65.60 0.00 0.1637 -0.5720 -0.5720
25100 56.48 65.83 0.00 -2.1288 -0.2461 -0.2461
25125 56.36 66.03 0.00 -3.7582 -0.2176 -0.2176
25150 56.36 66.03 0.00 -3.7582 -0.2176 -0.2176
25175 56.20 66.22 0.00 -3.2404 -0.8704 -0.8704
25200 56.12 66.41 0.00 -2.0663 -2.0271 -2.0271
25225 56.12 66.41 0.00 -2.0663 -2.0271 -2.0271
25250 56.06 66.53 0.00 -1.9283 -1.3176 -1.3176
25275 55.94 66.66 0.00 -3.4718 -1.1118 -1.1118
25300 55.94 66.66 0.00 -3.4718 -1.1118 -1.1118
25325 55.78 66.71 0.00 -3.7303 -1.1150 -1.1150
25350 55.68 66.71 0.00 -2.7912 -1.2309 -1.2309
25375 55.68 66.71 0.00 -2.7912 -1.2309 -1.2309
25400 55.59 66.64 0.00 -1.3920 -0.0592 -0.0592
25425 55.59 66.64 0.00 -1.3920 -0.0592 -0.0592
25450 55.56 66.36 0.00 0.6450 2.2395 2.2395
25475 55.56 66.36 0.00 0.6450 2.2395 2.2395
25500 55.63 66.24 0.00 3.0116 3.6486 3.6486
25525 55.78 65.96 0.00 4.4408 3.0161 3.0161
25550 55.78 65.96 0.00 4.4408 3.0161 3.0161
25575 56.05 65.54 0.00 7.4982 6.9082 6.9082
25600 56.41 65.04 0.00 11.2578 10.1983 10.1983
25625 56.41 65.04 0.00 11.2578 10.1983 10.1983
25650 56.99 64.34 0.00 15.9879 13.0814 13.0814
25675 57.71 63.58 0.00 19.1904 15.2263 15.2263
25700 58.57 62.78 0.00 23.2094 17.7717 17.7717
25725 58.57 62.78 0.00 23.2094 17.7717 17.7717
25750 59.59 61.91 0.00 26.1246 19.6890 19.6890
25775 59.59 61.91 0.00 26.1246 19.6890 19.6890
25800 60.69 60.93 0.00 27.6894 21.2494 21.2494
25825 61.80 60.03 0.00 28.2371 21.3054 21.3054
25850 62.86 59.25 0.00 24.6888 17.1812 17.1812
25875 62.86 59.25 0.00 24.6888 17.1812 17.1812
25900 63.68 58.62 0.00 18.0712 13.5004 13.5004
25925 64.25 58.16 0.00 11.4119 10.5924 10.5924
25950 64.25 58.16 0.00 11.4119 10.5924 10.5924
25975 64.53 57.87 0.00 4.7829 6.4206 6.4206
26000 64.64 57.69 0.00 1.9448 5.6636 5.6636
26025 64.68 57.69 0.00 0.8260 3.6279 3.6279
26050 64.68 57.69 0.00 0.8260 3.6279 3.6279
26075 64.71 57.79 0.00 1.4511 0.2282 0.2282
26100 64.84 57.86 0.00 4.0263 -0.0997 -0.0997
26125 65.00 57.91 0.00 3.7389 0.0793 0.0793
26150 65.00 57.91 0.00 3.7389 0.0793 0.0793
26175 65.00 57.91 0.00 3.7389 0.0793 0.0793
26200 65.46 58.16 0.00 9.2509 3.2581 3.2581
26225 65.46 58.16 0.00 9.2509 3.2581 3.2581
26250 65.93 58.25 0.00 13.6227 3.7504 3.7504
26275 65.93 58.25 0.00 13.6227 3.7504 3.7504
26300 66.55 58.22 0.00 16.4917 4.9160 4.9160
26325 67.33 58.10 0.00 20.8353 6.6263 6.6263
26350 68.16 57.94 0.00 20.6002 6.7623 6.7623
26375 68.16 57.94 0.00 20.6002 6.7623 6.7623
26400 69.02 57.59 0.00 22.4758 11.1812 11.1812
26425 69.93 57.12 0.00 22.3689 13.0444 13.0444
26450 70.82 56.55 0.00 21.9942 14.5617 14.5617
26475 70.82 56.55 0.00 21.9942 14.5617 14.5617
26500 71.60 56.11 0.00 18.4399 12.9006 12.9006
26525 72.26 55.69 0.00 14.9986 11.7848 11.7848
26550 72.26 55.69 0.00 14.9986 11.7848 11.7848
26575 72.87 55.32 0.00 15.4143 14.5147 14.5147
26600 73.29 55.11 0.00 13.6531 11.9559 11.9559
26625 73.84 54.87 0.00 9.8238 7.2376 7.2376
26650 73.84 54.87 0.00 9.8238 7.2376 7.2376
26675 74.16 54.73 0.00 6.1036 5.9533 5.9533
26700 74.38 54.52 0.00 5.4625 7.0996 7.0996
26725 74.38 54.52 0.00 5.4625 7.0996 7.0996
26750 74.53 54.35 0.00 4.5767 6.1230 6.1230
26775 74.67 54.23 0.00 3.5191 4.6785 4.6785
26800 74.67 54.23 0.00 3.5191 4.6785 4.6785
26825 74.84 54.17 0.00 4.1241 3.9628 3.9628
26850 74.99 54.15 0.00 3.1814 2.2197 2.2197
26875 74.99 54.15 0.00 3.1814 2.2197 2.2197
26900 75.08 54.11 0.00 2.1377 1.9339 1.9339
26925 75.10 54.01 0.00 -0.6850 1.1801 1.1801
26950 75.10 54.01 0.00 -0.6850 1.1801 1.1801
26975 75.01 53.89 0.00 -3.1919 1.2784 1.2784
27000 74.88 53.67 0.00 -3.2750 1.3845 1.3845
27025 74.73 53.42 0.00 -3.1891 0.6671 0.6671
27050 74.73 53.42 0.00 -3.1891 0.6671 0.6671
27075 74.60 53.18 0.00 -3.5812 0.0328 0.0328
27100 74.41 52.93 0.00 -5.4003 0.2383 0.2383
27125 74.25 52.68 0.00 -3.9764 3.0316 3.0316
27150 74.25 52.68 0.00 -3.9764 3.0316 3.0316
27175 74.06 52.41 0.00 -4.9155 0.0346 0.0346
27200 73.86 52.12 0.00 -5.2179 0.4780 0.4780
27225 73.86 52.12 0.00 -5.2179 0.4780 0.4780
27250 73.68 51.82 0.00 -4.2784 1.9179 1.9179
27275 73.55 51.45 0.00 -2.2768 2.6652 2.6652
27300 73.55 51.45 0.00 -2.2768 2.6652 2.6652
27325 73.53 51.10 0.00 1.1823 4.3969 4.3969
27350 73.69 50.83 0.00 5.5134 4.8201 4.8201
27375 73.92 50.62 0.00 5.0179 3.2077 3.2077
27400 73.92 50.62 0.00 5.0179 3.2077 3.2077
27425 74.01 50.46 0.00 0.3664 5.1704 5.1704
27450 73.97 50.37 0.00 -0.8733 9.7992 9.7992
27475 73.97 50.37 0.00 -0.8733 9.7992 9.7992
27500 73.97 50.32 0.00 0.1868 11.4925 11.4925
27525 73.97 50.17 0.00 -0.4049 8.1909 8.1909
27550 73.97 50.17 0.00 -0.4049 8.1909 8.1909
27575 73.93 50.00 0.00 -1.3028 4.5621 4.5621
27600 73.88 49.86 0.00 -1.7129 3.2184 3.2184
27625 73.88 49.86 0.00 -1.7129 3.2184 3.2184
27650 73.80 49.62 0.00 -2.4372 2.1781 2.1781
27675 73.69 49.40 0.00 -2.6356 1.3632 1.3632
27700 73.60 49.31 0.00 -3.4859 1.6814 1.6814
27725 73.60 49.31 0.00 -3.4859 1.6814 1.6814
27750 73.34 49.28 0.00 -7.7394 -1.4991 -1.4991
27775 72.94 49.19 0.00 -11.7941 -2.7789 -2.7789
27800 72.94 49.19 0.00 -11.7941 -2.7789 -2.7789
27825 72.32 48.98 0.00 -17.1854 -2.7530 -2.7530
27850 72.32 48.98 0.00 -17.1854 -2.7530 -2.7530
27875 71.53 48.51 0.00 -21.0086 -1.8445 -1.8445
27900 70.67 47.82 0.00 -21.8774 0.1891 0.1891
27925 69.84 46.90 0.00 -20.2097 1.1313 1.1313
27950 69.84 46.90 0.00 -20.2097 1.1313 1.1313
27975 69.06 45.70 0.00 -19.3157 0.1339 0.1339
28000 68.30 44.52 0.00 -18.8705 -0.1478 -0.1478
28025 67.49 43.54 0.00 -21.5358 -2.9355 -2.9355
28050 67.49 43.54 0.00 -21.5358 -2.9355 -2.9355
28075 66.64 42.65 0.00 -20.5524 -2.9300 -2.9300
28100 65.87 41.80 0.00 -18.2402 -1.8793 -1.8793
28125 65.87 41.80 0.00 -18.2402 -1.8793 -1.8793
28150 65.25 41.01 0.00 -13.6242 -0.4236 -0.4236
28175 64.78 40.20 0.00 -10.9650 -1.0394 -1.0394
28200 64.78 40.20 0.00 -10.9650 -1.0394 -1.0394
28225 64.37 39.43 0.00 -10.0747 -2.8677 -2.8677
28250 64.02 38.77 0.00 -7.8571 -1.5253 -1.5253
28275 63.73 38.32 0.00 -7.1107 -1.5465 -1.5465
28300 63.73 38.32 0.00 -7.1107 -1.5465 -1.5465
28325 63.45 38.08 0.00 -7.0932 -3.1159 -3.1159
28350 63.15 37.82 0.00 -7.5919 -2.0343 -2.0343
28375 63.15 37.82 0.00 -7.5919 -2.0343 -2.0343
28400 62.93 37.62 0.00 -7.2158 -0.4054 -0.4054
28425 62.65 37.33 0.00 -6.3364 -0.5245 -0.5245
28450 62.44 36.89 0.00 -4.8163 1.5861 1.5861
28475 62.44 36.89 0.00 -4.8163 1.5861 1.5861
28500 62.30 36.57 0.00 -2.3838 1.1815 1.1815
28525 62.26 36.31 0.00 -0.9207 0.5609 0.5609
28550 62.26 36.31 0.00 -0.9207 0.5609 0.5609
28575 62.23 36.06 0.00 -1.1404 2.4535 2.4535
28600 62.17 35.89 0.00 -0.8785 1.4976 1.4976
28625 62.17 35.89 0.00 -0.8785 1.4976 1.4976
28650 62.15 35.85 0.00 -0.3602 -0.6341 -0.6341
28675 62.14 35.77 0.00 -0.9317 0.2343 0.2343
28700 62.08 35.65 0.00 -1.6061 0.7967 0.7967
28725 62.08 35.65 0.00 -1.6061 0.7967 0.7967
28750 62.01 35.46 0.00 -2.2103 -0.9044 -0.9044
28775 61.85 35.17 0.00 -5.2269 0.1310 0.1310
28800 61.85 35.17 0.00 -5.2269 0.1310 0.1310
28825 61.45 34.91 0.00 -13.1715 3.5815 3.5815
28850 60.85 34.68 0.00 -15.3930 5.5737 5.5737
28875 60.30 34.50 0.00 -12.3144 3.6943 3.6943
28900 60.30 34.50 0.00 -12.3144 3.6943 3.6943
28925 59.93 34.42 0.00 -7.0824 0.0214 0.0214
28950 59.72 34.19 0.00 -4.1011 -3.0568 -3.0568
28975 59.72 34.19 0.00 -4.1011 -3.0568 -3.0568
29000 59.52 33.83 0.00 -6.2421 -2.3370 -2.3370
29025 59.52 33.83 0.00 -6.2421 -2.3370 -2.3370
29050 59.21 33.53 0.00 -8.2624 -1.1266 -1.1266
29075 58.92 33.32 0.00 -9.8443 -0.9289 -0.9289
29100 58.38 32.94 0.00 -12.4855 -1.9022 -1.9022
29125 58.38 32.94 0.00 -12.4855 -1.9022 -1.9022
29150 57.96 32.73 0.00 -14.5353 -3.2505 -3.2505
29175 57.36 32.49 0.00 -14.5077 -2.8405 -2.8405
29200 57.36 32.49 0.00 -14.5077 -2.8405 -2.8405
29225 56.83 32.26 0.00 -12.3466 -1.6943 -1.6943
29250 56.45 32.03 0.00 -7.9550 -0.3562 -0.3562
29275 56.45 32.03 0.00 -7.9550 -0.3562 -0.3562
29300 56.20 31.76 0.00 -5.6906 -2.7520 -2.7520
29325 55.99 31.46 0.00 -4.4417 -1.6410 -1.6410
29350 55.85 31.20 0.00 -3.8574 -1.3110 -1.3110
29375 55.85 31.20 0.00 -3.8574 -1.3110 -1.3110
29400 55.64 31.04 0.00 -5.9565 -4.3140 -4.3140
29425 55.38 30.95 0.00 -7.0437 -4.0712 -4.0712
29450 55.10 30.85 0.00 -6.3975 -2.6826 -2.6826
29475 55.10 30.85 0.00 -6.3975 -2.6826 -2.6826
29500 54.84 30.70 0.00 -6.8804 -2.7471 -2.7471
29525 54.63 30.44 0.00 -3.8392 0.8966 0.8966
29550 54.63 30.44 0.00 -3.8392 0.8966 0.8966
29575 54.52 30.24 0.00 -2.2695 -0.6172 -0.6172
29600 54.47 30.09 0.00 -0.0960 0.2166 0.2166
29625 54.51 29.97 0.00 0.6843 1.0374 1.0374
29650 54.51 29.97 0.00 0.6843 1.0374 1.0374
29675 54.49 29.87 0.00 -1.0943 0.3681 0.3681
29700 54.42 29.73 0.00 -2.3104 -0.2478 -0.2478
29725 54.42 29.73 0.00 -2.3104 -0.2478 -0.2478
29750 54.30 29.63 0.00 -3.1278 -1.6558 -1.6558
29775 54.30 29.63 0.00 -3.1278 -1.6558 -1.6558
29800 54.19 29.61 0.00 -3.7368 -2.4949 -2.4949
29825 54.05 29.57 0.00 -3.6791 -2.1532 -2.1532
29850 53.88 29.51 0.00 -4.0738 -2.8108 -2.8108
29875 53.88 29.51 0.00 -4.0738 -2.8108 -2.8108
29900 53.77 29.58 0.00 -3.0714 -1.4132 -1.4132
29925 53.58 29.70 0.00 -5.2285 -5.6116 -5.6116
29950 53.30 29.89 0.00 -8.5560 -8.1529 -8.1529
29975 53.30 29.89 0.00 -8.5560 -8.1529 -8.1529
30000 52.86 30.16 0.00 -12.7206 -10.1854 -10.1854
30025 52.86 30.16 0.00 -12.7206 -10.1854 -10.1854
30050 52.23 30.53 0.00 -17.1657 -12.8035 -12.8035
30075 51.54 30.90 0.00 -17.1982 -10.7154 -10.7154
30100 50.91 31.08 0.00 -14.6456 -9.7120 -9.7120
30125 50.91 31.08 0.00 -14.6456 -9.7120 -9.7120
30150 50.42 31.21 0.00 -10.7701 -7.9843 -7.9843
30175 50.42 31.21 0.00 -10.7701 -7.9843 -7.9843
30200 49.86 31.35 0.00 -4.9613 -4.7112 -4.7112
30225 49.86 31.35 0.00 -4.9613 -4.7112 -4.7112
30250 49.67 31.43 0.00 -4.6692 -4.9038 -4.9038
30275 49.48 31.47 0.00 -4.7923 -4.6670 -4.6670
30300 49.48 31.47 0.00 -4.7923 -4.6670 -4.6670
30325 49.25 31.53 0.00 -6.6110 -5.3226 -5.3226
30350 48.95 31.57 0.00 -8.1085 -5.6354 -5.6354
30375 48.95 31.57 0.00 -8.1085 -5.6354 -5.6354
30400 48.59 31.58 0.00 -9.0765 -7.3428 -7.3428
30425 48.31 31.70 0.00 -6.1483 -4.6460 -4.6460
30450 48.04 31.90 0.00 -6.9955 -7.2260 -7.2260
30475 48.04 31.90 0.00 -6.9955 -7.2260 -7.2260
30500 47.80 32.20 0.00 -5.1891 -6.9371 -6.9371
30525 47.59 32.42 0.00 -5.2455 -5.8678 -5.8678
30550 47.59 32.42 0.00 -5.2455 -5.8678 -5.8678
30575 47.42 32.72 0.00 -3.7195 -4.2527 -4.2527
30600 47.33 32.95 0.00 -0.9082 -2.6367 -2.6367
30625 47.33 32.95 0.00 -0.9082 -2.6367 -2.6367
30650 47.31 33.13 0.00 -0.5523 -2.5467 -2.5467
30675 47.28 33.43 0.00 -0.9912 -2.7698 -2.7698
30700 47.26 33.79 0.00 -0.1752 -1.8365 -1.8365
30725 47.26 33.79 0.00 -0.1752 -1.8365 -1.8365
30750 47.26 34.10 0.00 0.3390 -0.8777 -0.8777
30775 47.31 34.44 0.00 1.3760 -0.9149 -0.9149
30800 47.31 34.44 0.00 1.3760 -0.9149 -0.9149
30825 47.36 34.80 0.00 1.4390 -1.9694 -1.9694
30850 47.38 35.05 0.00 0.1200 -1.6898 -1.6898
30875 47.40 35.33 0.00 0.9318 -0.4759 -0.4759
30900 47.40 35.33 0.00 0.9318 -0.4759 -0.4759
30925 47.47 35.54 0.00 1.6296 -2.1987 -2.1987
30950 47.57 35.78 0.00 3.4714 1.3078 1.3078
30975 47.57 35.78 0.00 3.4714 1.3078 1.3078
31000 47.68 36.01 0.00 1.6312 -0.8654 -0.8654
31025 47.71 36.31 0.00 0.8822 -3.0903 -3.0903
31050 47.71 36.31 0.00 0.8822 -3.0903 -3.0903
31075 47.71 36.52 0.00 -0.8537 -3.1409 -3.1409
31100 47.64 36.71 0.00 -1.8312 -1.5585 -1.5585
31125 47.64 36.71 0.00 -1.8312 -1.5585 -1.5585
31150 47.61 36.89 0.00 0.0616 -0.6546 -0.6546
31175 47.70 37.12 0.00 2.9751 -0.5094 -0.5094
31200 47.80 37.45 0.00 2.8704 -2.0895 -2.0895
31225 47.80 37.45 0.00 2.8704 -2.0895 -2.0895
31250 47.92 37.86 0.00 2.4279 -1.9457 -1.9457
31275 47.98 38.38 0.00 1.1802 -2.5372 -2.5372
31300 47.98 38.38 0.00 1.1802 -2.5372 -2.5372
31325 48.01 38.92 0.00 0.5015 -2.1696 -2.1696
31350 48.04 39.55 0.00 1.3724 -2.7201 -2.7201
31375 48.15 40.26 0.00 3.3138 -3.3352 -3.3352
31400 48.15 40.26 0.00 3.3138 -3.3352 -3.3352
31425 48.29 40.75 0.00 5.2199 -3.0651 -3.0651
31450 48.52 41.47 0.00 5.3094 -4.2869 -4.2869
31475 48.52 41.47 0.00 5.3094 -4.2869 -4.2869
31500 48.74 42.31 0.00 6.7387 -2.0127 -2.0127
31525 48.74 42.31 0.00 6.7387 -2.0127 -2.0127
31550 49.06 43.25 0.00 8.0490 -1.2967 -1.2967
31575 49.37 44.24 0.00 7.2799 -4.1092 -4.1092
31600 49.60 45.08 0.00 4.7360 -4.8773 -4.8773
31625 49.72 45.82 0.00 2.5096 -3.4665 -3.4665
31650 49.72 45.82 0.00 2.5096 -3.4665 -3.4665
31675 49.83 46.52 0.00 2.1633 -2.9541 -2.9541
31700 49.91 47.00 0.00 2.0654 -0.7826 -0.7826
31725 49.91 47.00 0.00 2.0654 -0.7826 -0.7826
31750 49.93 47.37 0.00 0.2897 -0.5988 -0.5988
31775 49.97 47.70 0.00 0.9664 -0.1398 -0.1398
31800 49.97 47.70 0.00 0.9664 -0.1398 -0.1398
31825 50.03 47.97 0.00 2.4477 0.3826 0.3826
31850 50.14 48.27 0.00 2.9023 -0.2686 -0.2686
31875 50.28 48.63 0.00 3.9626 -0.9511 -0.9511
31900 50.28 48.63 0.00 3.9626 -0.9511 -0.9511
31925 50.45 48.98 0.00 4.2154 -1.5477 -1.5477
