%#        Time[ms]        X[pixel],        Y[pixel],        Z[pixel],  dX/dt[pixel/s],  dY/dt[pixel/s],  dZ/dt[pixel/s] 
0 50.00 50.00 0.00 0.9172 0.7200 0.7200
25 50.03 50.07 0.00 0.6636 0.5743 0.5743
50 50.03 50.07 0.00 0.6636 0.5743 0.5743
75 50.05 50.12 0.00 0.3187 0.3927 0.3927
100 50.05 50.18 0.00 -0.1984 -0.2295 -0.2295
125 50.05 50.18 0.00 -0.1984 -0.2295 -0.2295
150 50.03 50.21 0.00 -0.4634 -0.6514 -0.6514
175 50.02 50.25 0.00 -0.2086 -0.4474 -0.4474
200 50.02 50.25 0.00 0.1052 -0.4449 -0.4449
225 50.02 50.25 0.00 0.1052 -0.4449 -0.4449
250 50.03 50.25 0.00 0.1812 -0.1550 -0.1550
275 50.03 50.26 0.00 0.1236 -0.0091 -0.0091
300 50.05 50.28 0.00 0.3114 -0.0418 -0.0418
325 50.05 50.28 0.00 0.3114 -0.0418 -0.0418
350 50.05 50.26 0.00 0.2300 -0.2820 -0.2820
375 50.05 50.25 0.00 -0.3271 -1.1872 -1.1872
400 50.05 50.25 0.00 -0.3271 -1.1872 -1.1872
425 50.03 50.23 0.00 -0.5400 -1.6862 -1.6862
450 50.02 50.28 0.00 -0.1988 -0.1427 -0.1427
475 50.02 50.28 0.00 -0.1988 -0.1427 -0.1427
500 49.98 50.39 0.00 -1.3799 -1.2801 -1.2801
525 49.90 50.46 0.00 -2.4319 -1.4124 -1.4124
550 49.79 50.49 0.00 -2.9898 -0.9307 -0.9307
575 49.79 50.49 0.00 -2.9898 -0.9307 -0.9307
600 49.67 50.49 0.00 -3.1067 -1.5184 -1.5184
625 49.67 50.49 0.00 -3.1067 -1.5184 -1.5184
650 49.53 50.44 0.00 -3.9859 -2.7142 -2.7142
675 49.32 50.35 0.00 -6.3966 -2.7106 -2.7106
700 48.95 50.25 0.00 -11.2567 -3.1042 -3.1042
725 48.95 50.25 0.00 -11.2567 -3.1042 -3.1042
750 48.34 50.21 0.00 -18.7736 -3.9853 -3.9853
775 47.38 50.21 0.00 -27.0175 -2.8539 -2.8539
800 46.21 50.20 0.00 -29.4047 -2.4544 -2.4544
825 46.21 50.20 0.00 -29.4047 -2.4544 -2.4544
850 45.13 50.15 0.00 -24.9340 -3.2632 -3.2632
875 44.29 50.05 0.00 -18.4548 -3.5821 -3.5821
900 44.29 50.05 0.00 -18.4548 -3.5821 -3.5821
925 43.73 49.91 0.00 -11.6379 -2.9999 -2.9999
950 43.46 49.82 0.00 -6.8704 -2.7204 -2.7204
975 43.46 49.82 0.00 -6.8704 -2.7204 -2.7204
1000 43.29 49.70 0.00 -3.6603 -3.4008 -3.4008
1025 43.13 49.58 0.00 -4.7497 -3.7466 -3.7466
1050 42.87 49.44 0.00 -7.6696 -3.3817 -3.3817
1075 42.87 49.44 0.00 -7.6696 -3.3817 -3.3817
1100 42.52 49.28 0.00 -9.3612 -3.2610 -3.2610
1125 42.52 49.28 0.00 -9.3612 -3.2610 -3.2610
1150 42.11 49.14 0.00 -10.5615 -3.6741 -3.6741
1175 41.67 49.04 0.00 -11.2839 -3.6216 -3.6216
1200 41.22 48.92 0.00 -11.4477 -4.2067 -4.2067
1225 41.22 48.92 0.00 -11.4477 -4.2067 -4.2067
1250 40.69 48.77 0.00 -14.6550 -6.6579 -6.6579
1275 40.00 48.56 0.00 -18.8371 -5.8182 -5.8182
1300 39.17 48.41 0.00 -22.2617 -5.2857 -5.2857
1325 39.17 48.41 0.00 -22.2617 -5.2857 -5.2857
1350 38.20 48.27 0.00 -25.0835 -6.0066 -6.0066
1375 37.17 48.14 0.00 -25.8433 -5.4895 -5.4895
1400 37.17 48.14 0.00 -25.8433 -5.4895 -5.4895
1425 36.18 47.97 0.00 -24.4600 -5.1565 -5.1565
1450 36.18 47.97 0.00 -24.4600 -5.1565 -5.1565
1475 34.48 47.58 0.00 -18.2079 -5.9230 -5.9230
1500 34.48 47.58 0.00 -18.2079 -5.9230 -5.9230
1525 33.86 47.30 0.00 -13.9914 -4.1387 -4.1387
1550 33.43 47.05 0.00 -8.5327 -3.9132 -3.9132
1575 33.43 47.05 0.00 -8.5327 -3.9132 -3.9132
1600 33.21 46.86 0.00 -3.5243 -4.6925 -4.6925
1625 33.16 46.68 0.00 -0.8463 -4.0139 -4.0139
1650 33.16 46.68 0.00 -0.8463 -4.0139 -4.0139
1675 33.10 46.52 0.00 -1.9777 -3.5607 -3.5607
1700 32.98 46.38 0.00 -3.2256 -2.1506 -2.1506
1725 32.89 46.24 0.00 -2.0206 -1.6960 -1.6960
1750 32.89 46.24 0.00 -2.0206 -1.6960 -1.6960
1775 32.85 46.08 0.00 -0.2479 -2.0826 -2.0826
1800 32.85 45.94 0.00 -0.2097 -1.8056 -1.8056
1825 32.85 45.94 0.00 -0.2097 -1.8056 -1.8056
1850 32.83 45.71 0.00 -0.2550 -1.1877 -1.1877
1875 32.83 45.43 0.00 0.2494 -0.8049 -0.8049
1900 32.83 45.43 0.00 0.2494 -0.8049 -0.8049
1925 32.87 45.12 0.00 0.8918 -0.0784 -0.0784
1950 32.91 44.81 0.00 1.0652 0.4510 0.4510
1975 32.91 44.81 0.00 1.0652 0.4510 0.4510
2000 32.94 44.50 0.00 1.1847 0.9858 0.9858
2025 33.00 44.20 0.00 0.8649 0.2878 0.2878
2050 33.00 43.95 0.00 -0.1508 0.1778 0.1778
2075 33.00 43.95 0.00 -0.1508 0.1778 0.1778
2100 32.96 43.72 0.00 -1.5787 -0.9642 -0.9642
2125 32.96 43.72 0.00 -1.5787 -0.9642 -0.9642
2150 32.89 43.53 0.00 -1.7776 0.8940 0.8940
2175 32.82 43.34 0.00 -2.1390 0.6818 0.6818
2200 32.73 43.19 0.00 -2.4452 0.0894 0.0894
2225 32.62 43.14 0.00 -2.8986 -0.8806 -0.8806
2250 32.62 43.14 0.00 -2.8986 -0.8806 -0.8806
2275 32.48 43.07 0.00 -3.2890 -0.9539 -0.9539
2300 32.35 42.95 0.00 -3.6503 -1.3535 -1.3535
2325 32.35 42.95 0.00 -3.6503 -1.3535 -1.3535
2350 32.17 42.77 0.00 -4.6200 -2.7890 -2.7890
2375 31.97 42.56 0.00 -5.4327 -3.2985 -3.2985
2400 31.97 42.56 0.00 -5.4327 -3.2985 -3.2985
2425 31.68 42.54 0.00 -8.9428 -4.7613 -4.7613
2450 31.27 42.66 0.00 -10.6893 -5.7926 -5.7926
2475 31.27 42.66 0.00 -10.6893 -5.7926 -5.7926
2500 30.80 42.79 0.00 -12.5359 -5.8463 -5.8463
2525 30.25 42.86 0.00 -14.4575 -5.5172 -5.5172
2550 29.65 42.86 0.00 -14.3021 -4.6064 -4.6064
2575 29.65 42.86 0.00 -14.3021 -4.6064 -4.6064
2600 29.13 42.79 0.00 -12.5150 -3.7295 -3.7295
2625 28.80 42.70 0.00 -9.8661 -3.9709 -3.9709
2650 28.80 42.70 0.00 -9.8661 -3.9709 -3.9709
2675 28.51 42.51 0.00 -6.2616 -4.1454 -4.1454
2700 28.32 42.24 0.00 -3.4511 -3.9657 -3.9657
2725 28.21 41.94 0.00 -2.8547 -2.7644 -2.7644
2750 28.21 41.94 0.00 -2.8547 -2.7644 -2.7644
2775 28.11 41.56 0.00 -2.4366 -2.2127 -2.2127
2800 28.03 41.17 0.00 -1.5326 -0.9814 -0.9814
2825 28.03 41.17 0.00 -1.5326 -0.9814 -0.9814
2850 28.00 40.74 0.00 -0.2371 -0.4916 -0.4916
2875 28.03 40.26 0.00 1.6528 -0.0886 -0.0886
2900 28.03 40.26 0.00 1.6528 -0.0886 -0.0886
2925 28.12 39.74 0.00 2.6849 0.5138 0.5138
2950 28.21 39.26 0.00 2.0349 -0.3913 -0.3913
2975 28.21 39.26 0.00 2.0349 -0.3913 -0.3913
3000 28.27 38.81 0.00 0.4950 1.2479 1.2479
3025 28.25 38.56 0.00 -1.0055 0.6135 0.6135
3050 28.25 38.56 0.00 -1.0055 0.6135 0.6135
3075 28.18 38.45 0.00 -1.9672 0.0470 0.0470
3100 28.12 38.38 0.00 -0.8535 0.6238 0.6238
3125 28.14 38.29 0.00 0.8670 0.1240 0.1240
3150 28.14 38.29 0.00 0.8670 0.1240 0.1240
3175 28.20 38.22 0.00 1.8992 0.3603 0.3603
3200 28.20 38.22 0.00 1.8992 0.3603 0.3603
3225 28.27 38.13 0.00 1.3587 0.3353 0.3353
3250 28.31 38.04 0.00 0.7023 1.8902 1.8902
3275 28.32 37.99 0.00 0.2189 1.4404 1.4404
3300 28.32 37.99 0.00 0.2189 1.4404 1.4404
3325 28.36 37.99 0.00 1.2873 0.7772 0.7772
3350 28.40 37.99 0.00 0.8047 -0.7502 -0.7502
3375 28.40 37.99 0.00 0.8047 -0.7502 -0.7502
3400 28.40 37.99 0.00 -0.2309 -1.2836 -1.2836
3425 28.36 37.97 0.00 -1.0816 -0.4293 -0.4293
3450 28.34 37.99 0.00 -0.2235 0.0343 0.0343
3475 28.34 37.99 0.00 -0.2235 0.0343 0.0343
3500 28.36 38.01 0.00 0.7158 0.2151 0.2151
3525 28.38 37.97 0.00 0.5899 0.2351 0.2351
3550 28.40 37.88 0.00 -0.0656 -0.2923 -0.2923
3575 28.40 37.88 0.00 -0.0656 -0.2923 -0.2923
3600 28.38 37.74 0.00 -0.7766 -0.7119 -0.7119
3625 28.32 37.56 0.00 -1.0694 -1.3256 -1.3256
3650 28.32 37.56 0.00 -1.0694 -1.3256 -1.3256
3675 28.31 37.40 0.00 -0.6725 -1.0892 -1.0892
3700 28.29 37.27 0.00 0.0579 -0.7597 -0.7597
3725 28.29 37.27 0.00 0.0579 -0.7597 -0.7597
3750 28.31 37.18 0.00 0.4273 -0.6183 -0.6183
3775 28.32 37.06 0.00 1.0547 -0.8214 -0.8214
3800 28.32 37.06 0.00 1.0547 -0.8214 -0.8214
3825 28.42 36.91 0.00 3.0357 1.5237 1.5237
3850 28.58 36.75 0.00 4.7618 1.3872 1.3872
3875 28.58 36.75 0.00 4.7618 1.3872 1.3872
3900 28.84 36.65 0.00 7.6099 1.3773 1.3773
3925 29.18 36.55 0.00 9.0449 2.1167 2.1167
3950 29.56 36.44 0.00 9.6851 2.3576 2.3576
3975 29.56 36.44 0.00 9.6851 2.3576 2.3576
4000 29.96 36.34 0.00 9.9845 2.8270 2.8270
4025 30.34 36.24 0.00 9.1483 1.4687 1.4687
4050 30.34 36.24 0.00 9.1483 1.4687 1.4687
4075 30.72 36.12 0.00 9.5586 2.5910 2.5910
4100 31.10 36.00 0.00 9.6309 2.1162 2.1162
4125 31.10 36.00 0.00 9.6309 2.1162 2.1162
4150 31.50 35.95 0.00 10.5967 2.4151 2.4151
4175 31.84 35.95 0.00 11.3697 2.8108 2.8108
4200 32.31 35.92 0.00 11.5363 2.7674 2.7674
4225 32.31 35.92 0.00 11.5363 2.7674 2.7674
4250 32.74 35.85 0.00 10.6720 3.4180 3.4180
4275 33.14 35.77 0.00 9.1131 3.4285 3.4285
4300 33.14 35.77 0.00 9.1131 3.4285 3.4285
4325 33.46 35.65 0.00 6.8945 2.7350 2.7350
4350 33.68 35.51 0.00 4.9300 2.0536 2.0536
4375 33.84 35.35 0.00 3.6964 1.8771 1.8771
4400 33.84 35.35 0.00 3.6964 1.8771 1.8771
4425 33.96 35.17 0.00 3.0398 1.7285 1.7285
4450 34.09 34.98 0.00 3.2290 1.9354 1.9354
4475 34.09 34.98 0.00 3.2290 1.9354 1.9354
4500 34.23 34.79 0.00 3.4030 2.0204 2.0204
4525 34.36 34.65 0.00 3.2860 2.4064 2.4064
4550 34.36 34.65 0.00 3.2860 2.4064 2.4064
4575 34.48 34.52 0.00 2.8719 1.8213 1.8213
4600 34.57 34.42 0.00 1.8382 1.1717 1.1717
4625 34.63 34.28 0.00 0.8225 0.5773 0.5773
4650 34.63 34.28 0.00 0.8225 0.5773 0.5773
4675 34.66 34.15 0.00 1.5533 2.3188 2.3188
4700 34.73 34.08 0.00 1.9866 1.4324 1.4324
4725 34.73 34.08 0.00 1.9866 1.4324 1.4324
4750 34.82 34.10 0.00 1.9598 0.6296 0.6296
4775 34.88 34.17 0.00 1.3784 0.5520 0.5520
4800 34.93 34.24 0.00 1.3837 0.6240 0.6240
4825 34.93 34.24 0.00 1.3837 0.6240 0.6240
4850 35.04 34.24 0.00 3.3436 1.0254 1.0254
4875 35.18 34.18 0.00 3.8334 0.1082 0.1082
4900 35.18 34.18 0.00 3.8334 0.1082 0.1082
4925 35.38 34.05 0.00 5.5412 1.2753 1.2753
4950 35.55 33.98 0.00 5.9013 0.7380 0.7380
4975 35.55 33.98 0.00 5.9013 0.7380 0.7380
5000 35.82 33.99 0.00 7.1197 1.5478 1.5478
5025 36.12 34.06 0.00 8.1594 2.1689 2.1689
5050 36.12 34.06 0.00 8.1594 2.1689 2.1689
5075 36.44 34.17 0.00 7.8341 2.0045 2.0045
5100 36.75 34.26 0.00 7.0308 3.5102 3.5102
5125 36.75 34.26 0.00 7.0308 3.5102 3.5102
5150 37.01 34.37 0.00 6.4149 4.1461 4.1461
5175 37.26 34.50 0.00 6.2376 3.6850 3.6850
5200 37.49 34.64 0.00 5.9190 3.7307 3.7307
5225 37.49 34.64 0.00 5.9190 3.7307 3.7307
5250 37.74 34.80 0.00 6.0189 3.7009 3.7009
5275 37.97 34.98 0.00 5.8321 3.4070 3.4070
5300 37.97 34.98 0.00 5.8321 3.4070 3.4070
5325 38.20 35.20 0.00 5.8331 3.2024 3.2024
5350 38.45 35.50 0.00 6.2949 3.4957 3.4957
5375 38.71 35.87 0.00 6.8369 3.3766 3.3766
5400 38.71 35.87 0.00 6.8369 3.3766 3.3766
5425 39.01 36.28 0.00 7.4519 3.4663 3.4663
5450 39.30 36.72 0.00 7.3125 3.9505 3.9505
5475 39.30 36.72 0.00 7.3125 3.9505 3.9505
5500 39.58 37.07 0.00 6.7567 3.1329 3.1329
5525 39.86 37.41 0.00 7.1866 2.0397 2.0397
5550 39.86 37.41 0.00 7.1866 2.0397 2.0397
5575 40.18 37.80 0.00 8.2739 3.3766 3.3766
5600 40.51 38.22 0.00 8.6073 2.6306 2.6306
5625 40.86 38.69 0.00 9.1803 2.5551 2.5551
5650 40.86 38.69 0.00 9.1803 2.5551 2.5551
5675 41.15 39.03 0.00 9.2237 3.4102 3.4102
5700 41.55 39.41 0.00 10.7157 3.6528 3.6528
5725 41.55 39.41 0.00 10.7157 3.6528 3.6528
5750 42.01 39.68 0.00 12.4267 4.0792 4.0792
5775 42.52 39.80 0.00 12.5899 3.9090 3.9090
5800 42.52 39.80 0.00 12.5899 3.9090 3.9090
5825 43.04 39.80 0.00 13.0618 5.3065 5.3065
5850 43.55 39.77 0.00 12.5622 4.8213 4.8213
5875 44.06 39.75 0.00 12.7109 5.7798 5.7798
5900 44.06 39.75 0.00 12.7109 5.7798 5.7798
5925 44.58 39.73 0.00 13.9584 5.7706 5.7706
5950 45.21 39.68 0.00 16.6322 5.5620 5.5620
5975 45.21 39.68 0.00 16.6322 5.5620 5.5620
6000 45.97 39.60 0.00 20.3997 5.8795 5.8795
6025 46.87 39.49 0.00 24.0608 6.1779 6.1779
6050 46.87 39.49 0.00 24.0608 6.1779 6.1779
6075 47.94 39.35 0.00 28.0188 4.9296 4.9296
6100 49.11 39.20 0.00 29.6391 3.7297 3.7297
6125 50.24 39.07 0.00 27.4888 4.8483 4.8483
6150 50.24 39.07 0.00 27.4888 4.8483 4.8483
6175 51.27 38.99 0.00 24.2883 4.6469 4.6469
6200 52.15 38.95 0.00 20.5022 3.9749 3.9749
6225 52.15 38.95 0.00 20.5022 3.9749 3.9749
6250 52.86 38.93 0.00 16.2409 4.2858 4.2858
6275 53.42 38.97 0.00 12.0757 3.7428 3.7428
6300 53.42 38.97 0.00 12.0757 3.7428 3.7428
6325 53.79 39.05 0.00 7.9041 3.7543 3.7543
6350 54.03 39.11 0.00 5.2421 2.6860 2.6860
6375 54.03 39.11 0.00 5.2421 2.6860 2.6860
6400 54.21 39.16 0.00 3.8479 1.4070 1.4070
6425 54.37 39.23 0.00 3.9425 2.3822 2.3822
6450 54.54 39.37 0.00 4.6432 1.2237 1.2237
6475 54.54 39.37 0.00 4.6432 1.2237 1.2237
6500 54.70 39.53 0.00 5.3884 0.5704 0.5704
6525 54.94 39.75 0.00 6.7251 1.1584 1.1584
6550 55.26 39.98 0.00 8.4813 0.2974 0.2974
6575 55.26 39.98 0.00 8.4813 0.2974 0.2974
6600 55.70 40.28 0.00 12.9099 -1.6248 -1.6248
6625 56.34 40.63 0.00 17.5286 -5.1235 -5.1235
6650 56.34 40.63 0.00 17.5286 -5.1235 -5.1235
6675 57.13 41.10 0.00 20.9865 -4.7879 -4.7879
6700 58.01 41.78 0.00 22.2691 -4.8167 -4.8167
6725 58.91 42.59 0.00 22.0381 -4.1373 -4.1373
6750 58.91 42.59 0.00 22.0381 -4.1373 -4.1373
6775 59.75 43.43 0.00 20.8914 -2.3171 -2.3171
6800 59.75 43.43 0.00 20.8914 -2.3171 -2.3171
6825 60.55 44.18 0.00 18.4255 -1.3046 -1.3046
6850 61.20 44.85 0.00 15.2541 -0.5572 -0.5572
6875 61.73 45.43 0.00 11.9514 0.0730 0.0730
6900 61.73 45.43 0.00 11.9514 0.0730 0.0730
6925 62.14 45.96 0.00 9.3676 -0.7538 -0.7538
6950 62.44 46.46 0.00 6.0187 -1.1294 -1.1294
6975 62.44 46.46 0.00 6.0187 -1.1294 -1.1294
7000 62.58 46.94 0.00 2.1403 -0.9066 -0.9066
7025 62.60 47.38 0.00 -0.5133 -1.0222 -1.0222
7050 62.60 47.38 0.00 -0.5133 -1.0222 -1.0222
7075 62.54 47.77 0.00 -1.2580 -1.6536 -1.6536
7100 62.51 48.12 0.00 -0.8624 -1.9291 -1.9291
7125 62.49 48.45 0.00 -0.1656 -1.6807 -1.6807
7150 62.49 48.45 0.00 -0.1656 -1.6807 -1.6807
7175 62.47 48.77 0.00 -0.3107 -1.5556 -1.5556
7200 62.46 49.09 0.00 -0.7320 -1.9959 -1.9959
7225 62.46 49.09 0.00 -0.7320 -1.9959 -1.9959
7250 62.46 49.32 0.00 1.1670 -3.8967 -3.8967
7275 62.54 49.41 0.00 3.8330 -6.0212 -6.0212
7300 62.54 49.41 0.00 3.8330 -6.0212 -6.0212
7325 62.79 49.55 0.00 6.8956 -6.4746 -6.4746
7350 62.79 49.55 0.00 6.8956 -6.4746 -6.4746
7375 63.11 49.80 0.00 9.3846 -9.4317 -9.4317
7400 63.56 50.11 0.00 11.5448 -8.9344 -8.9344
7425 64.09 50.42 0.00 14.5734 -7.6695 -7.6695
7450 64.71 50.64 0.00 16.0279 -6.2348 -6.2348
7475 64.71 50.64 0.00 16.0279 -6.2348 -6.2348
7500 65.36 50.77 0.00 15.8102 -5.0000 -5.0000
7525 65.95 50.80 0.00 13.8339 -3.5603 -3.5603
7550 65.95 50.80 0.00 13.8339 -3.5603 -3.5603
7575 66.47 50.80 0.00 12.4246 -2.1575 -2.1575
7600 66.47 50.80 0.00 12.4246 -2.1575 -2.1575
7625 67.42 50.89 0.00 13.2103 -4.0092 -4.0092
7650 67.42 50.89 0.00 13.2103 -4.0092 -4.0092
7675 68.01 50.93 0.00 15.1627 -4.3162 -4.3162
7700 68.61 50.98 0.00 14.9184 -4.7513 -4.7513
7725 68.61 50.98 0.00 14.9184 -4.7513 -4.7513
7750 69.18 51.02 0.00 14.2684 -4.1564 -4.1564
7775 69.78 51.09 0.00 15.3020 -4.0153 -4.0153
7800 69.78 51.09 0.00 15.3020 -4.0153 -4.0153
7825 70.27 51.11 0.00 16.7198 -4.7923 -4.7923
7850 71.22 51.09 0.00 20.3853 -5.2789 -5.2789
7875 71.22 51.09 0.00 20.3853 -5.2789 -5.2789
7900 72.10 51.06 0.00 22.8293 -6.0028 -6.0028
7925 73.05 51.08 0.00 24.5341 -6.6996 -6.6996
7950 74.08 51.10 0.00 27.0401 -7.2100 -7.2100
7975 74.08 51.10 0.00 27.0401 -7.2100 -7.2100
8000 75.21 51.12 0.00 28.7002 -8.5722 -8.5722
8025 76.07 51.14 0.00 28.2525 -9.0111 -9.0111
8050 76.07 51.14 0.00 28.2525 -9.0111 -9.0111
8075 77.17 51.20 0.00 27.4633 -8.6189 -8.6189
8100 78.26 51.26 0.00 26.9595 -8.2150 -8.2150
8125 78.26 51.26 0.00 26.9595 -8.2150 -8.2150
8150 79.34 51.36 0.00 27.6681 -8.0041 -8.0041
8175 80.46 51.52 0.00 27.7194 -8.2553 -8.2553
8200 81.51 51.84 0.00 24.6262 -8.2737 -8.2737
8225 81.51 51.84 0.00 24.6262 -8.2737 -8.2737
8250 82.32 52.35 0.00 17.2546 -7.6942 -7.6942
8275 82.80 52.96 0.00 9.0769 -4.8601 -4.8601
8300 82.80 52.96 0.00 9.0769 -4.8601 -4.8601
8325 82.98 53.60 0.00 1.0765 -2.0670 -2.0670
8350 82.92 54.28 0.00 -2.3645 -2.1554 -2.1554
8375 82.92 54.28 0.00 -2.3645 -2.1554 -2.1554
8400 82.76 55.02 0.00 -5.4961 -3.5952 -3.5952
8425 82.47 55.81 0.00 -7.2066 -1.5674 -1.5674
8450 82.18 56.68 0.00 -7.5476 -1.9872 -1.9872
8475 82.18 56.68 0.00 -7.5476 -1.9872 -1.9872
8500 81.93 57.64 0.00 -4.5873 -3.4676 -3.4676
8525 81.86 58.71 0.00 0.1846 -4.4819 -4.4819
8550 81.86 58.71 0.00 0.1846 -4.4819 -4.4819
8575 81.95 59.73 0.00 3.4627 -5.5107 -5.5107
8600 82.11 60.77 0.00 3.6156 -4.6302 -4.6302
8625 82.11 60.77 0.00 3.6156 -4.6302 -4.6302
8650 82.26 61.77 0.00 4.6475 -3.5316 -3.5316
8675 82.51 62.73 0.00 7.5919 -4.3168 -4.3168
8700 82.51 62.73 0.00 7.5919 -4.3168 -4.3168
8725 82.78 63.42 0.00 9.7926 -5.0499 -5.0499
8750 83.23 64.20 0.00 11.6097 -3.5752 -3.5752
8775 83.75 64.79 0.00 13.6559 -3.1043 -3.1043
8800 83.75 64.79 0.00 13.6559 -3.1043 -3.1043
8825 84.32 65.31 0.00 14.5575 -3.8299 -3.8299
8850 84.92 65.82 0.00 15.8046 -3.7612 -3.7612
8875 85.65 66.27 0.00 19.2823 -3.4365 -3.4365
8900 85.65 66.27 0.00 19.2823 -3.4365 -3.4365
8925 86.50 66.60 0.00 22.7627 -4.0181 -4.0181
8950 87.53 66.84 0.00 27.6636 -3.3583 -3.3583
8975 87.53 66.84 0.00 27.6636 -3.3583 -3.3583
9000 88.91 67.00 0.00 39.5090 -3.9155 -3.9155
9025 90.79 67.02 0.00 51.8221 -6.4720 -6.4720
9050 90.79 67.02 0.00 51.8221 -6.4720 -6.4720
9075 93.11 66.99 0.00 60.5241 -12.7434 -12.7434
9100 95.57 67.06 0.00 63.0821 -12.5939 -12.5939
9125 95.57 67.06 0.00 63.0821 -12.5939 -12.5939
9150 98.11 67.02 0.00 61.9368 -10.1849 -10.1849
9175 100.34 66.93 0.00 52.5713 -9.0456 -9.0456
9200 102.21 66.81 0.00 42.6185 -4.4008 -4.4008
9225 102.21 66.81 0.00 42.6185 -4.4008 -4.4008
9250 103.64 66.71 0.00 31.5402 -3.1973 -3.1973
9275 104.70 66.59 0.00 23.7718 0.0114 0.0114
9300 104.70 66.59 0.00 23.7718 0.0114 0.0114
9325 105.57 66.54 0.00 21.1316 0.2307 0.2307
9350 106.32 66.57 0.00 16.7734 -1.3188 -1.3188
9375 106.32 66.57 0.00 16.7734 -1.3188 -1.3188
9400 106.88 66.69 0.00 13.3439 -1.0921 -1.0921
9425 107.27 66.80 0.00 6.8326 -0.8284 -0.8284
9450 107.25 66.94 0.00 -4.2444 0.8541 0.8541
9475 107.25 66.94 0.00 -4.2444 0.8541 0.8541
9500 106.88 67.05 0.00 -12.7287 2.1216 2.1216
9525 106.88 67.05 0.00 -12.7287 2.1216 2.1216
9550 105.93 67.14 0.00 -31.4383 3.4734 3.4734
9575 104.00 67.23 0.00 -56.7946 3.3989 3.3989
9600 101.37 67.26 0.00 -69.9785 6.2717 6.2717
9625 101.37 67.26 0.00 -69.9785 6.2717 6.2717
9650 99.05 67.34 0.00 -79.3382 6.0824 6.0824
9675 95.72 67.52 0.00 -84.4323 5.0064 5.0064
9700 95.72 67.52 0.00 -84.4323 5.0064 5.0064
9725 92.47 67.79 0.00 -76.2740 8.1725 8.1725
9750 89.82 67.91 0.00 -60.7336 5.4743 5.4743
9775 87.75 68.05 0.00 -44.6461 2.9150 2.9150
9800 87.75 68.05 0.00 -44.6461 2.9150 2.9150
9825 86.34 68.16 0.00 -30.8810 1.7927 1.7927
9850 85.27 68.21 0.00 -24.8452 -1.4252 -1.4252
9875 85.27 68.21 0.00 -24.8452 -1.4252 -1.4252
9900 84.34 68.31 0.00 -22.3099 0.6802 0.6802
9925 83.54 68.46 0.00 -17.8071 1.4016 1.4016
9950 82.94 68.61 0.00 -13.2430 -0.5136 -0.5136
9975 82.94 68.61 0.00 -13.2430 -0.5136 -0.5136
10000 82.55 68.81 0.00 -8.0686 -0.1125 -0.1125
10025 82.30 68.95 0.00 -4.4217 -1.4135 -1.4135
10050 82.30 68.95 0.00 -4.4217 -1.4135 -1.4135
10075 82.26 69.05 0.00 0.7610 -1.4321 -1.4321
10100 82.38 69.04 0.00 3.9132 -2.7349 -2.7349
10125 82.38 69.04 0.00 3.9132 -2.7349 -2.7349
10150 82.61 68.96 0.00 7.2409 -1.1589 -1.1589
10175 82.98 68.91 0.00 10.2638 -1.8079 -1.8079
10200 82.98 68.91 0.00 10.2638 -1.8079 -1.8079
10225 83.40 68.88 0.00 10.9075 -1.4504 -1.4504
10250 83.71 68.91 0.00 10.1832 -0.4592 -0.4592
10275 84.10 68.94 0.00 8.5575 -0.3305 -0.3305
10300 84.10 68.94 0.00 8.5575 -0.3305 -0.3305
10325 84.35 68.98 0.00 5.3821 -0.2235 -0.2235
10350 84.53 69.03 0.00 4.1932 0.4624 0.4624
10375 84.53 69.03 0.00 4.1932 0.4624 0.4624
10400 84.69 69.05 0.00 3.1000 -0.1977 -0.1977
10425 84.76 69.01 0.00 1.7147 0.0060 0.0060
10450 84.80 68.98 0.00 0.6179 -0.0149 -0.0149
10475 84.80 68.98 0.00 0.6179 -0.0149 -0.0149
10500 84.80 68.96 0.00 0.0231 -0.2311 -0.2311
10525 84.82 68.98 0.00 0.3552 -0.4890 -0.4890
10550 84.82 68.98 0.00 0.3552 -0.4890 -0.4890
10575 84.82 69.02 0.00 -0.0753 -0.9209 -0.9209
10600 84.80 69.12 0.00 -0.8410 -0.7985 -0.7985
10625 84.80 69.12 0.00 -0.8410 -0.7985 -0.7985
10650 84.76 69.19 0.00 -0.6694 -0.2324 -0.2324
10675 84.71 69.25 0.00 -1.8353 -0.4528 -0.4528
10700 84.71 69.25 0.00 -1.8353 -0.4528 -0.4528
10725 84.61 69.26 0.00 -2.7445 -0.4637 -0.4637
10750 84.49 69.29 0.00 -2.8429 -0.3213 -0.3213
10775 84.49 69.29 0.00 -2.8429 -0.3213 -0.3213
10800 84.37 69.38 0.00 -3.7573 -1.8058 -1.8058
10825 84.16 69.50 0.00 -6.0884 -2.2301 -2.2301
10850 83.87 69.59 0.00 -8.5118 -0.4697 -0.4697
10875 83.87 69.59 0.00 -8.5118 -0.4697 -0.4697
10900 83.50 69.66 0.00 -9.8891 0.4045 0.4045
10925 83.07 69.70 0.00 -11.0595 0.4226 0.4226
10950 83.07 69.70 0.00 -11.0595 0.4226 0.4226
10975 82.59 69.68 0.00 -12.9391 -0.2340 -0.2340
11000 82.14 69.66 0.00 -15.3351 0.8212 0.8212
11025 81.30 69.67 0.00 -17.8154 0.4387 0.4387
11050 81.30 69.67 0.00 -17.8154 0.4387 0.4387
11075 80.57 69.73 0.00 -18.1001 0.1941 0.1941
11100 80.04 69.79 0.00 -18.2397 -0.3416 -0.3416
11125 80.04 69.79 0.00 -18.2397 -0.3416 -0.3416
11150 79.30 69.91 0.00 -17.8349 -1.0289 -1.0289
11175 78.62 70.05 0.00 -17.2522 -0.7041 -0.7041
11200 78.62 70.05 0.00 -17.2522 -0.7041 -0.7041
11225 77.96 70.20 0.00 -15.9490 0.5641 0.5641
11250 77.38 70.29 0.00 -12.9479 0.7772 0.7772
11275 76.91 70.32 0.00 -11.2721 0.6462 0.6462
11300 76.91 70.32 0.00 -11.2721 0.6462 0.6462
11325 76.46 70.31 0.00 -10.8870 0.6681 0.6681
11350 76.05 70.28 0.00 -10.0508 0.0443 0.0443
11375 76.05 70.28 0.00 -10.0508 0.0443 0.0443
11400 75.68 70.27 0.00 -8.7168 -0.6996 -0.6996
11425 75.36 70.27 0.00 -7.5347 -1.6135 -1.6135
11450 75.08 70.31 0.00 -7.0931 -2.0156 -2.0156
11475 75.08 70.31 0.00 -7.0931 -2.0156 -2.0156
11500 74.82 70.33 0.00 -5.6764 -1.7573 -1.7573
11525 74.62 70.36 0.00 -5.0957 -1.6457 -1.6457
11550 74.62 70.36 0.00 -5.0957 -1.6457 -1.6457
11575 74.41 70.38 0.00 -4.7013 -1.6436 -1.6436
11600 74.25 70.43 0.00 -3.7722 -0.5923 -0.5923
11625 74.25 70.43 0.00 -3.7722 -0.5923 -0.5923
11650 74.10 70.54 0.00 -3.6317 -2.1579 -2.1579
11675 73.95 70.66 0.00 -3.1956 -1.8462 -1.8462
11700 73.84 70.75 0.00 -2.4837 -0.9718 -0.9718
11725 73.84 70.75 0.00 -2.4837 -0.9718 -0.9718
11750 73.75 70.78 0.00 -2.3925 -1.1344 -1.1344
11775 73.64 70.78 0.00 -2.9851 -1.2394 -1.2394
11800 73.64 70.78 0.00 -2.9851 -1.2394 -1.2394
11825 73.49 70.73 0.00 -3.6883 0.1779 0.1779
11850 73.36 70.66 0.00 -3.5814 0.2604 0.2604
11875 73.36 70.66 0.00 -3.5814 0.2604 0.2604
11900 73.25 70.64 0.00 -3.2300 -0.7632 -0.7632
11925 73.14 70.65 0.00 -2.8869 -0.4463 -0.4463
11950 73.14 70.65 0.00 -2.8869 -0.4463 -0.4463
11975 73.01 70.70 0.00 -3.6342 -0.8184 -0.8184
12000 72.83 70.74 0.00 -5.4259 -0.2244 -0.2244
12025 72.55 70.80 0.00 -7.6989 0.6223 0.6223
12050 72.55 70.80 0.00 -7.6989 0.6223 0.6223
12075 72.19 70.90 0.00 -9.4070 1.4495 1.4495
12100 71.82 70.93 0.00 -8.5383 0.9738 0.9738
12125 71.53 70.95 0.00 -7.2141 0.5937 0.5937
12150 71.53 70.95 0.00 -7.2141 0.5937 0.5937
12175 71.26 70.96 0.00 -6.3223 0.3887 0.3887
12200 71.26 70.96 0.00 -6.3223 0.3887 0.3887
12225 71.02 70.92 0.00 -5.4394 0.4135 0.4135
12250 70.84 70.89 0.00 -4.3574 0.3198 0.3198
12275 70.84 70.89 0.00 -4.3574 0.3198 0.3198
12300 70.65 70.85 0.00 -4.4332 0.1811 0.1811
12325 70.47 70.78 0.00 -5.1341 0.9641 0.9641
12350 70.24 70.69 0.00 -5.6265 0.8834 0.8834
12375 70.24 70.69 0.00 -5.6265 0.8834 0.8834
12400 70.02 70.56 0.00 -5.5164 0.8292 0.8292
12425 69.80 70.41 0.00 -5.6870 0.4216 0.4216
12450 69.80 70.41 0.00 -5.6870 0.4216 0.4216
12475 69.56 70.27 0.00 -5.9259 2.5135 2.5135
12500 69.31 70.16 0.00 -6.1406 2.0619 2.0619
12525 69.31 70.16 0.00 -6.1406 2.0619 2.0619
12550 69.08 70.07 0.00 -5.7013 1.1326 1.1326
12575 68.88 69.96 0.00 -4.8859 1.2467 1.2467
12600 68.73 69.88 0.00 -4.4962 1.0839 1.0839
12625 68.73 69.88 0.00 -4.4962 1.0839 1.0839
12650 68.55 69.68 0.00 -4.7121 1.9722 1.9722
12675 68.32 69.40 0.00 -6.4866 2.1716 2.1716
12700 68.03 69.06 0.00 -7.9536 3.8516 3.8516
12725 68.03 69.06 0.00 -7.9536 3.8516 3.8516
12750 67.69 68.74 0.00 -8.6956 3.4740 3.4740
12775 67.36 68.45 0.00 -8.2321 3.0495 3.0495
12800 67.36 68.45 0.00 -8.2321 3.0495 3.0495
12825 67.04 68.20 0.00 -7.7690 2.4250 2.4250
12850 66.73 68.00 0.00 -7.4363 2.0056 2.0056
12875 66.73 68.00 0.00 -7.4363 2.0056 2.0056
12900 66.43 67.84 0.00 -7.1909 2.0158 2.0158
12925 66.14 67.68 0.00 -7.7637 2.4215 2.4215
12950 66.14 67.68 0.00 -7.7637 2.4215 2.4215
12975 65.80 67.46 0.00 -8.5202 2.3940 2.3940
13000 65.45 67.20 0.00 -9.7574 2.0121 2.0121
13025 65.03 66.90 0.00 -10.5905 1.6163 1.6163
13050 65.03 66.90 0.00 -10.5905 1.6163 1.6163
13075 64.57 66.59 0.00 -11.6420 1.4182 1.4182
13100 64.11 66.27 0.00 -12.1758 1.3690 1.3690
13125 64.11 66.27 0.00 -12.1758 1.3690 1.3690
13150 63.59 65.96 0.00 -12.7306 1.7358 1.7358
13175 63.09 65.66 0.00 -12.8805 1.6857 1.6857
13200 63.09 65.66 0.00 -12.8805 1.6857 1.6857
13225 62.56 65.35 0.00 -13.2433 1.3462 1.3462
13250 62.05 65.02 0.00 -13.0266 1.1600 1.1600
13275 61.54 64.60 0.00 -12.3107 1.2341 1.2341
13300 61.54 64.60 0.00 -12.3107 1.2341 1.2341
13325 61.08 64.18 0.00 -10.8306 2.0911 2.0911
13350 60.69 63.83 0.00 -8.6512 2.4477 2.4477
13375 60.69 63.83 0.00 -8.6512 2.4477 2.4477
13400 60.39 63.56 0.00 -6.9645 1.4772 1.4772
13425 60.16 63.37 0.00 -4.8665 1.4251 1.4251
13450 60.16 63.37 0.00 -4.8665 1.4251 1.4251
13475 60.05 63.24 0.00 -3.4300 1.2907 1.2907
13500 59.93 63.07 0.00 -2.5530 0.8117 0.8117
13525 59.86 62.89 0.00 -1.8906 0.0136 0.0136
13550 59.86 62.89 0.00 -1.8906 0.0136 0.0136
13575 59.79 62.63 0.00 -1.2875 1.1220 1.1220
13600 59.75 62.41 0.00 -0.7908 0.7738 0.7738
13625 59.75 62.41 0.00 -0.7908 0.7738 0.7738
13650 59.73 62.27 0.00 -0.1575 0.5442 0.5442
13675 59.73 62.27 0.00 -0.1575 0.5442 0.5442
13700 59.75 62.21 0.00 0.8020 0.7010 0.7010
13725 59.79 62.21 0.00 1.0974 0.4069 0.4069
13750 59.84 62.25 0.00 1.2376 0.6964 0.6964
13775 59.88 62.27 0.00 0.7597 1.0075 1.0075
13800 59.88 62.27 0.00 0.7597 1.0075 1.0075
13825 59.89 62.27 0.00 0.4180 0.7085 0.7085
13850 59.89 62.27 0.00 0.4180 0.7085 0.7085
13875 59.89 62.23 0.00 -0.3354 0.4960 0.4960
13900 59.86 62.18 0.00 -1.2121 0.6249 0.6249
13925 59.81 62.14 0.00 -1.4569 0.4923 0.4923
13950 59.81 62.14 0.00 -1.4569 0.4923 0.4923
13975 59.75 62.12 0.00 -1.1495 0.4836 0.4836
14000 59.70 62.14 0.00 -1.6277 1.8401 1.8401
14025 59.61 62.14 0.00 -3.0315 1.8817 1.8817
14050 59.61 62.14 0.00 -3.0315 1.8817 1.8817
14075 59.47 62.10 0.00 -3.5663 1.5610 1.5610
14100 59.33 61.95 0.00 -3.3556 0.4366 0.4366
14125 59.33 61.95 0.00 -3.3556 0.4366 0.4366
14150 59.17 61.71 0.00 -4.6772 -0.2011 -0.2011
14175 58.92 61.43 0.00 -6.7720 1.2711 1.2711
14200 58.92 61.43 0.00 -6.7720 1.2711 1.2711
14225 58.70 61.23 0.00 -7.5968 1.4524 1.4524
14250 58.40 60.97 0.00 -7.3420 0.4522 0.4522
14275 58.40 60.97 0.00 -7.3420 0.4522 0.4522
14300 58.13 60.71 0.00 -5.9094 0.5062 0.5062
14325 57.94 60.42 0.00 -4.3030 0.8464 0.8464
14350 57.80 60.09 0.00 -3.1215 0.9947 0.9947
14375 57.69 59.69 0.00 -2.8558 -0.1013 -0.1013
14400 57.69 59.69 0.00 -2.8558 -0.1013 -0.1013
14425 57.57 59.22 0.00 -3.1001 1.2300 1.2300
14450 57.41 58.72 0.00 -4.1400 1.9350 1.9350
14475 57.41 58.72 0.00 -4.1400 1.9350 1.9350
14500 57.26 58.25 0.00 -3.8040 1.9955 1.9955
14525 57.26 58.25 0.00 -3.8040 1.9955 1.9955
14550 57.13 57.87 0.00 -2.8469 1.8306 1.8306
14575 57.03 57.51 0.00 -2.4790 1.0013 1.0013
14600 56.92 57.18 0.00 -2.7103 0.9837 0.9837
14625 56.92 57.18 0.00 -2.7103 0.9837 0.9837
14650 56.82 56.95 0.00 -2.6793 0.9666 0.9666
14675 56.71 56.75 0.00 -2.4492 0.1011 0.1011
14700 56.71 56.75 0.00 -2.4492 0.1011 0.1011
14725 56.62 56.56 0.00 -2.3730 0.3966 0.3966
14750 56.52 56.32 0.00 -2.5618 0.3040 0.3040
14775 56.41 56.09 0.00 -2.7106 0.4400 0.4400
14800 56.41 56.09 0.00 -2.7106 0.4400 0.4400
14825 56.31 55.80 0.00 -2.5080 0.3380 0.3380
14850 56.20 55.54 0.00 -2.4529 -0.2307 -0.2307
14875 56.20 55.54 0.00 -2.4529 -0.2307 -0.2307
14900 56.10 55.25 0.00 -2.6691 -0.4885 -0.4885
14925 55.99 54.96 0.00 -3.1860 -0.6153 -0.6153
14950 55.85 54.70 0.00 -3.7154 -0.7054 -0.7054
14975 55.85 54.70 0.00 -3.7154 -0.7054 -0.7054
15000 55.73 54.48 0.00 -3.8128 -1.2567 -1.2567
15025 55.57 54.23 0.00 -3.5707 0.4107 0.4107
15050 55.57 54.23 0.00 -3.5707 0.4107 0.4107
15075 55.45 53.97 0.00 -3.2679 -0.0541 -0.0541
15100 55.33 53.75 0.00 -2.9555 -0.8185 -0.8185
15125 55.33 53.75 0.00 -2.9555 -0.8185 -0.8185
15150 55.21 53.54 0.00 -3.2492 -0.3232 -0.3232
15175 55.07 53.31 0.00 -3.3264 -0.2458 -0.2458
15200 55.07 53.31 0.00 -3.3264 -0.2458 -0.2458
15225 54.94 53.08 0.00 -3.0530 -0.6227 -0.6227
15250 54.80 52.85 0.00 -3.4315 -1.3337 -1.3337
15275 54.66 52.56 0.00 -3.6602 -0.4775 -0.4775
15300 54.66 52.56 0.00 -3.6602 -0.4775 -0.4775
15325 54.49 52.28 0.00 -4.4136 -0.3991 -0.3991
15350 54.35 52.00 0.00 -3.3827 -0.2488 -0.2488
15375 54.35 52.00 0.00 -3.3827 -0.2488 -0.2488
15400 54.23 51.77 0.00 -2.7007 -0.1660 -0.1660
15425 54.14 51.52 0.00 -2.0308 -0.1594 -0.1594
15450 54.07 51.33 0.00 -1.7900 0.0168 0.0168
15475 54.07 51.33 0.00 -1.7900 0.0168 0.0168
15500 53.98 51.13 0.00 -2.0456 -0.0138 -0.0138
15525 53.98 51.13 0.00 -2.0456 -0.0138 -0.0138
15550 53.89 50.90 0.00 -2.5449 -0.1229 -0.1229
15575 53.77 50.62 0.00 -2.9494 0.1810 0.1810
15600 53.65 50.36 0.00 -2.9869 0.3495 0.3495
15625 53.65 50.36 0.00 -2.9869 0.3495 0.3495
15650 53.54 50.04 0.00 -2.5461 0.3286 0.3286
15675 53.46 49.72 0.00 -2.1872 0.1867 0.1867
15700 53.46 49.72 0.00 -2.1872 0.1867 0.1867
15725 53.37 49.42 0.00 -1.9851 0.5720 0.5720
15750 53.37 49.42 0.00 -1.9851 0.5720 0.5720
15775 53.26 48.88 0.00 -0.8388 0.5682 0.5682
15800 53.26 48.88 0.00 -0.8388 0.5682 0.5682
15825 53.23 48.69 0.00 -0.8159 0.4040 0.4040
15850 53.20 48.37 0.00 -1.2315 0.2766 0.2766
15875 53.20 48.37 0.00 -1.2315 0.2766 0.2766
15900 53.14 48.06 0.00 -1.1216 2.3329 2.3329
15925 53.09 47.72 0.00 -1.4537 1.9056 1.9056
15950 53.02 47.46 0.00 -1.9431 0.9810 0.9810
15975 53.02 47.46 0.00 -1.9431 0.9810 0.9810
16000 52.93 47.18 0.00 -2.5619 1.2866 1.2866
16025 52.83 46.86 0.00 -2.1962 1.1306 1.1306
16050 52.76 46.55 0.00 -1.3254 0.8123 0.8123
16075 52.76 46.55 0.00 -1.3254 0.8123 0.8123
16100 52.71 46.20 0.00 -1.6490 0.0123 0.0123
16125 52.64 45.78 0.00 -1.6968 1.1119 1.1119
16150 52.64 45.78 0.00 -1.6968 1.1119 1.1119
16175 52.55 45.36 0.00 -2.3099 0.9053 0.9053
16200 52.48 44.98 0.00 -1.8051 0.9313 0.9313
16225 52.48 44.98 0.00 -1.8051 0.9313 0.9313
16250 52.41 44.64 0.00 -1.3227 1.0816 1.0816
16275 52.36 44.31 0.00 -1.2149 0.7831 0.7831
16300 52.36 44.31 0.00 -1.2149 0.7831 0.7831
16325 52.34 44.03 0.00 -0.5813 0.7600 0.7600
16350 52.30 43.81 0.00 -0.6056 0.6590 0.6590
16375 52.30 43.81 0.00 -0.6056 0.6590 0.6590
16400 52.27 43.56 0.00 -0.9543 0.6100 0.6100
16425 52.23 43.32 0.00 -0.9204 0.7039 0.7039
16450 52.23 43.32 0.00 -0.9204 0.7039 0.7039
16475 52.20 43.07 0.00 -0.6653 0.5771 0.5771
16500 52.18 42.81 0.00 -0.2605 0.5759 0.5759
16525 52.18 42.58 0.00 0.0671 0.8101 0.8101
16550 52.18 42.58 0.00 0.0671 0.8101 0.8101
16575 52.20 42.36 0.00 0.2700 0.7743 0.7743
16600 52.20 42.18 0.00 0.4434 0.9288 0.9288
16625 52.23 41.95 0.00 0.7193 1.2322 1.2322
16650 52.23 41.95 0.00 0.7193 1.2322 1.2322
16675 52.25 41.68 0.00 0.6182 0.6916 0.6916
16700 52.29 41.34 0.00 0.7556 1.3638 1.3638
16725 52.29 41.34 0.00 0.7556 1.3638 1.3638
16750 52.34 41.03 0.00 1.5109 3.2063 3.2063
16775 52.39 40.77 0.00 1.4371 1.8560 1.8560
16800 52.39 40.77 0.00 1.4371 1.8560 1.8560
16825 52.44 40.56 0.00 1.0202 1.5456 1.5456
16850 52.48 40.30 0.00 0.7452 2.2191 2.2191
16875 52.48 40.30 0.00 0.7452 2.2191 2.2191
16900 52.51 39.98 0.00 1.1233 1.6059 1.6059
16925 52.57 39.60 0.00 1.5149 0.4831 0.4831
16950 52.60 39.09 0.00 1.1593 1.2349 1.2349
16975 52.60 39.09 0.00 1.1593 1.2349 1.2349
17000 52.64 38.48 0.00 0.4930 2.2249 2.2249
17025 52.65 37.88 0.00 0.3413 2.1404 2.1404
17050 52.65 37.88 0.00 0.3413 2.1404 2.1404
17075 52.69 37.31 0.00 0.8328 2.3076 2.3076
17100 52.71 36.82 0.00 0.6880 1.6158 1.6158
17125 52.71 36.82 0.00 0.6880 1.6158 1.6158
17150 52.72 36.34 0.00 0.2375 1.6167 1.6167
17175 52.72 35.89 0.00 -0.2337 1.8519 1.8519
17200 52.72 35.89 0.00 -0.2337 1.8519 1.8519
17225 52.72 35.40 0.00 0.0578 2.0573 2.0573
17250 52.72 34.92 0.00 0.1909 1.4515 1.4515
17275 52.72 34.43 0.00 0.0842 2.0495 2.0495
17300 52.72 34.43 0.00 0.0842 2.0495 2.0495
17325 52.74 33.91 0.00 0.4431 1.8659 1.8659
17350 52.76 33.43 0.00 0.2996 1.4886 1.4886
17375 52.76 33.43 0.00 0.2996 1.4886 1.4886
17400 52.78 33.10 0.00 0.3507 1.4846 1.4846
17425 52.79 32.71 0.00 0.5375 1.3437 1.3437
17450 52.81 32.37 0.00 0.8468 1.2545 1.2545
17475 52.81 32.37 0.00 0.8468 1.2545 1.2545
17500 52.85 32.07 0.00 0.6720 1.0571 1.0571
17525 52.86 31.74 0.00 0.0417 0.7561 0.7561
17550 52.86 31.74 0.00 0.0417 0.7561 0.7561
17575 52.86 31.39 0.00 0.3541 3.1566 3.1566
17600 52.88 30.96 0.00 0.2884 2.7511 2.7511
17625 52.88 30.96 0.00 0.2884 2.7511 2.7511
17650 52.88 30.56 0.00 0.1523 1.9000 1.9000
17675 52.88 30.10 0.00 -0.3955 2.1328 2.1328
17700 52.86 29.60 0.00 -0.2409 2.0639 2.0639
17725 52.86 29.60 0.00 -0.2409 2.0639 2.0639
17750 52.88 29.12 0.00 0.8407 2.2954 2.2954
17775 52.93 28.59 0.00 1.8359 1.4266 1.4266
17800 52.93 28.59 0.00 1.8359 1.4266 1.4266
17825 53.06 27.98 0.00 3.5390 3.3448 3.3448
17850 53.21 27.30 0.00 4.0320 4.2025 4.2025
17875 53.21 27.30 0.00 4.0320 4.2025 4.2025
17900 53.40 26.50 0.00 5.5372 5.5756 5.5756
17925 53.67 25.64 0.00 6.8144 5.7768 5.7768
17950 53.96 24.76 0.00 7.7440 5.2655 5.2655
17975 53.96 24.76 0.00 7.7440 5.2655 5.2655
18000 54.30 23.93 0.00 8.9477 5.0199 5.0199
18025 54.58 23.40 0.00 9.1285 3.8477 3.8477
18050 54.58 23.40 0.00 9.1285 3.8477 3.8477
18075 54.94 22.80 0.00 9.3413 2.4649 2.4649
18100 55.29 22.23 0.00 8.1606 1.4794 1.4794
18125 55.29 22.23 0.00 8.1606 1.4794 1.4794
18150 55.59 21.69 0.00 7.2026 1.1893 1.1893
18175 55.84 21.14 0.00 5.6740 1.3817 1.3817
18200 56.01 20.57 0.00 3.4374 2.2924 2.2924
18225 56.01 20.57 0.00 3.4374 2.2924 2.2924
18250 56.12 20.05 0.00 2.1227 2.6165 2.6165
18275 56.19 19.63 0.00 1.4515 1.9200 1.9200
18300 56.19 19.63 0.00 1.4515 1.9200 1.9200
18325 56.22 19.28 0.00 0.6668 1.6515 1.6515
18350 56.22 18.97 0.00 -0.1798 0.7049 0.7049
18375 56.24 18.65 0.00 0.5885 2.1908 2.1908
18400 56.24 18.65 0.00 0.5885 2.1908 2.1908
18425 56.27 18.40 0.00 0.6283 2.0138 2.0138
18450 56.27 18.19 0.00 0.3122 1.0613 1.0613
18475 56.27 18.19 0.00 0.3122 1.0613 1.0613
18500 56.29 17.95 0.00 0.2590 1.3454 1.3454
18525 56.31 17.60 0.00 0.4456 2.8303 2.8303
18550 56.31 17.60 0.00 0.4456 2.8303 2.8303
18575 56.34 16.97 0.00 1.5790 5.1849 5.1849
18600 56.45 16.17 0.00 3.0856 5.3000 5.3000
18625 56.61 15.25 0.00 5.1987 7.7444 7.7444
18650 56.61 15.25 0.00 5.1987 7.7444 7.7444
18675 56.87 14.34 0.00 7.2785 8.5627 8.5627
18700 57.20 13.49 0.00 8.5514 8.1305 8.1305
18725 57.20 13.49 0.00 8.5514 8.1305 8.1305
18750 57.55 12.70 0.00 8.4593 7.4612 7.4612
18775 57.85 11.97 0.00 7.1689 6.4981 6.4981
18800 57.85 11.97 0.00 7.1689 6.4981 6.4981
18825 58.10 11.32 0.00 5.7369 5.5715 5.5715
18850 58.26 10.89 0.00 4.6087 4.8221 4.8221
18875 58.26 10.89 0.00 4.6087 4.8221 4.8221
18900 58.41 10.39 0.00 3.5337 4.0861 4.0861
18925 58.54 9.84 0.00 2.8676 3.6096 3.6096
18950 58.63 9.38 0.00 1.8802 2.6564 2.6564
18975 58.63 9.38 0.00 1.8802 2.6564 2.6564
19000 58.66 9.03 0.00 0.4565 1.8264 1.8264
19025 58.64 8.72 0.00 -0.5701 1.9122 1.9122
19050 58.64 8.72 0.00 -0.5701 1.9122 1.9122
19075 58.63 8.50 0.00 -0.8340 0.9835 0.9835
19100 58.59 8.39 0.00 -0.8220 0.2955 0.2955
19125 58.59 8.39 0.00 -0.8220 0.2955 0.2955
19150 58.54 8.41 0.00 -1.1902 0.0590 0.0590
19175 58.47 8.60 0.00 -2.3042 -1.7202 -1.7202
19200 58.40 8.82 0.00 -0.6561 -0.1534 -0.1534
19225 58.40 8.82 0.00 -0.6561 -0.1534 -0.1534
19250 58.41 9.11 0.00 0.6233 0.0244 0.0244
19275 58.41 9.46 0.00 -0.3273 -2.0844 -2.0844
19300 58.41 9.46 0.00 -0.3273 -2.0844 -2.0844
19325 58.41 9.81 0.00 -0.2174 -0.8477 -0.8477
19350 58.40 10.10 0.00 -0.0958 -0.1133 -0.1133
19375 58.41 10.31 0.00 0.5753 0.1627 0.1627
19400 58.41 10.31 0.00 0.5753 0.1627 0.1627
19425 58.45 10.44 0.00 0.7929 -0.3601 -0.3601
19450 58.47 10.46 0.00 0.9714 1.4361 1.4361
19475 58.47 10.46 0.00 0.9714 1.4361 1.4361
19500 58.50 10.44 0.00 0.4349 1.3727 1.3727
19525 58.54 10.44 0.00 1.3396 1.5379 1.5379
19550 58.54 10.44 0.00 1.3396 1.5379 1.5379
19575 58.61 10.46 0.00 2.1679 1.3237 1.3237
19600 58.70 10.48 0.00 1.6808 0.2974 0.2974
19625 58.70 10.48 0.00 1.6808 0.2974 0.2974
19650 58.73 10.51 0.00 0.5693 0.2979 0.2979
19675 58.73 10.53 0.00 -0.2654 -0.0443 -0.0443
19700 58.73 10.53 0.00 -0.2654 -0.0443 -0.0443
19725 58.70 10.59 0.00 -0.8981 -0.6465 -0.6465
19750 58.66 10.61 0.00 -0.9483 -0.8692 -0.8692
19775 58.63 10.59 0.00 -0.8894 -1.4835 -1.4835
19800 58.63 10.59 0.00 -0.8894 -1.4835 -1.4835
19825 58.59 10.56 0.00 -0.8844 -1.4353 -1.4353
19850 58.54 10.52 0.00 -1.4641 -1.1851 -1.1851
19875 58.54 10.52 0.00 -1.4641 -1.1851 -1.1851
19900 58.47 10.52 0.00 -1.7849 -0.8735 -0.8735
19925 58.40 10.54 0.00 -1.6620 -0.5140 -0.5140
19950 58.40 10.54 0.00 -1.6620 -0.5140 -0.5140
19975 58.36 10.52 0.00 -0.8958 -0.3554 -0.3554
20000 58.31 10.50 0.00 -1.1242 -1.5654 -1.5654
20025 58.29 10.49 0.00 -0.3023 -0.1761 -0.1761
20050 58.29 10.49 0.00 -0.3023 -0.1761 -0.1761
20075 58.27 10.52 0.00 -1.0310 -0.7252 -0.7252
20100 58.19 10.64 0.00 -2.4709 -2.5115 -2.5115
20125 58.19 10.64 0.00 -2.4709 -2.5115 -2.5115
20150 58.06 10.78 0.00 -3.2463 -2.4671 -2.4671
20175 57.96 10.90 0.00 -2.1542 -1.0031 -1.0031
20200 57.96 10.90 0.00 -2.1542 -1.0031 -1.0031
20225 57.91 10.96 0.00 -0.7199 -0.1545 -0.1545
20250 57.91 10.96 0.00 -0.1242 -0.1779 -0.1779
20275 57.91 10.88 0.00 0.1159 1.7578 1.7578
20300 57.91 10.88 0.00 0.1159 1.7578 1.7578
20325 57.85 10.77 0.00 -1.7580 0.8496 0.8496
20350 57.78 10.69 0.00 -1.8972 0.7460 0.7460
20375 57.78 10.69 0.00 -1.8972 0.7460 0.7460
20400 57.71 10.67 0.00 -1.5132 -0.0248 -0.0248
20425 57.68 10.73 0.00 -0.7663 -0.4943 -0.4943
20450 57.68 10.73 0.00 -0.7663 -0.4943 -0.4943
20475 57.66 10.85 0.00 -0.1139 -0.2771 -0.2771
20500 57.64 10.92 0.00 -0.4140 -0.4382 -0.4382
20525 57.59 11.04 0.00 -2.2251 -1.5121 -1.5121
20550 57.59 11.04 0.00 -2.2251 -1.5121 -1.5121
20575 57.47 11.14 0.00 -3.5296 -1.6612 -1.6612
20600 57.31 11.26 0.00 -3.9343 -1.8317 -1.8317
20625 57.15 11.38 0.00 -4.3718 -1.9576 -1.9576
20650 57.15 11.38 0.00 -4.3718 -1.9576 -1.9576
20675 56.96 11.53 0.00 -5.0209 -1.9189 -1.9189
20700 56.73 11.75 0.00 -5.8588 -1.8910 -1.8910
20725 56.73 11.75 0.00 -5.8588 -1.8910 -1.8910
20750 56.47 12.06 0.00 -7.1584 -2.4511 -2.4511
20775 56.13 12.45 0.00 -9.3126 -3.3156 -3.3156
20800 56.13 12.45 0.00 -9.3126 -3.3156 -3.3156
20825 55.73 12.83 0.00 -10.8790 -4.1980 -4.1980
20850 55.26 13.24 0.00 -11.9684 -3.5966 -3.5966
20875 55.26 13.24 0.00 -11.9684 -3.5966 -3.5966
20900 54.77 13.72 0.00 -12.6114 -2.9403 -2.9403
20925 54.26 14.27 0.00 -12.4012 -4.2352 -4.2352
20950 54.26 14.27 0.00 -12.4012 -4.2352 -4.2352
20975 53.81 14.91 0.00 -11.3093 -4.3682 -4.3682
21000 53.37 15.57 0.00 -10.4094 -4.2624 -4.2624
21025 52.99 16.25 0.00 -9.2063 -3.9545 -3.9545
21050 52.99 16.25 0.00 -9.2063 -3.9545 -3.9545
21075 52.62 16.88 0.00 -8.9766 -4.5331 -4.5331
21100 52.27 17.42 0.00 -8.5766 -3.2575 -3.2575
21125 52.27 17.42 0.00 -8.5766 -3.2575 -3.2575
21150 51.94 17.90 0.00 -8.3790 -2.3946 -2.3946
21175 51.69 18.27 0.00 -7.9285 -2.1344 -2.1344
21200 51.69 18.27 0.00 -7.9285 -2.1344 -2.1344
21225 51.40 18.79 0.00 -7.0593 -1.6944 -1.6944
21250 51.12 19.31 0.00 -6.5753 -2.7059 -2.7059
21275 50.86 19.80 0.00 -6.4345 -2.6306 -2.6306
21300 50.86 19.80 0.00 -6.4345 -2.6306 -2.6306
21325 50.61 20.31 0.00 -6.6611 -2.1391 -2.1391
21350 50.31 20.79 0.00 -7.3439 -2.4054 -2.4054
21375 50.00 21.21 0.00 -8.1638 -2.6124 -2.6124
21400 50.00 21.21 0.00 -8.1638 -2.6124 -2.6124
21425 49.67 21.59 0.00 -8.4857 -2.4060 -2.4060
21450 49.35 21.93 0.00 -7.4530 -2.3201 -2.3201
21475 49.35 21.93 0.00 -7.4530 -2.3201 -2.3201
21500 49.09 22.22 0.00 -5.8053 -2.5761 -2.5761
21525 48.88 22.51 0.00 -4.7032 -2.5458 -2.5458
21550 48.88 22.51 0.00 -4.7032 -2.5458 -2.5458
21575 48.71 22.82 0.00 -4.2324 -2.6324 -2.6324
21600 48.55 23.13 0.00 -4.2230 -2.5178 -2.5178
21625 48.36 23.40 0.00 -4.9024 -2.8818 -2.8818
21650 48.36 23.40 0.00 -4.9024 -2.8818 -2.8818
21675 48.15 23.63 0.00 -5.5225 -2.9908 -2.9908
21700 47.94 23.85 0.00 -4.6110 -1.1799 -1.1799
21725 47.94 23.85 0.00 -4.6110 -1.1799 -1.1799
21750 47.75 24.10 0.00 -5.1981 -2.1113 -2.1113
21775 47.54 24.37 0.00 -5.2413 -2.0378 -2.0378
21800 47.54 24.37 0.00 -5.2413 -2.0378 -2.0378
21825 47.33 24.64 0.00 -5.1664 -1.6895 -1.6895
21850 47.14 24.85 0.00 -4.6303 -1.6442 -1.6442
21875 46.96 25.05 0.00 -4.1036 -2.1358 -2.1358
21900 46.96 25.05 0.00 -4.1036 -2.1358 -2.1358
21925 46.80 25.17 0.00 -3.8372 -1.5929 -1.5929
21950 46.67 25.28 0.00 -3.6018 -0.6898 -0.6898
21975 46.67 25.28 0.00 -3.6018 -0.6898 -0.6898
22000 46.53 25.41 0.00 -3.3096 -0.8414 -0.8414
22025 46.42 25.55 0.00 -2.6855 -0.2167 -0.2167
22050 46.42 25.55 0.00 -2.6855 -0.2167 -0.2167
22075 46.33 25.69 0.00 -2.8901 -0.2600 -0.2600
22100 46.21 25.87 0.00 -3.1863 -0.0735 -0.0735
22125 46.21 25.87 0.00 -3.1863 -0.0735 -0.0735
22150 46.07 26.05 0.00 -3.3947 0.7081 0.7081
22175 45.91 26.23 0.00 -4.1718 0.7918 0.7918
22200 45.91 26.23 0.00 -4.1718 0.7918 0.7918
22225 45.74 26.37 0.00 -4.7056 0.1871 0.1871
22250 45.55 26.49 0.00 -4.8017 -0.2696 -0.2696
22275 45.35 26.60 0.00 -4.5942 -0.4552 -0.4552
22300 45.35 26.60 0.00 -4.5942 -0.4552 -0.4552
22325 45.18 26.71 0.00 -4.8692 -0.6044 -0.6044
22350 44.95 26.83 0.00 -5.9333 -1.2248 -1.2248
22375 44.95 26.83 0.00 -5.9333 -1.2248 -1.2248
22400 44.69 26.97 0.00 -7.4701 -1.5182 -1.5182
22425 44.32 27.11 0.00 -10.7514 -2.6211 -2.6211
22450 43.81 27.23 0.00 -13.4955 -2.4527 -2.4527
22475 43.81 27.23 0.00 -13.4955 -2.4527 -2.4527
22500 43.20 27.33 0.00 -16.5628 -2.6653 -2.6653
22525 42.52 27.38 0.00 -17.2637 -1.0224 -1.0224
22550 42.52 27.38 0.00 -17.2637 -1.0224 -1.0224
22575 41.83 27.51 0.00 -17.0753 -1.2431 -1.2431
22600 41.16 27.68 0.00 -16.5383 -1.4179 -1.4179
22625 41.16 27.68 0.00 -16.5383 -1.4179 -1.4179
22650 40.55 27.89 0.00 -14.2533 -0.4586 -0.4586
22675 40.02 28.06 0.00 -12.8010 -0.9243 -0.9243
22700 39.52 28.23 0.00 -11.8878 -1.2296 -1.2296
22725 39.52 28.23 0.00 -11.8878 -1.2296 -1.2296
22750 39.07 28.41 0.00 -11.2440 -3.2778 -3.2778
22775 38.61 28.58 0.00 -11.6569 -3.7890 -3.7890
22800 38.61 28.58 0.00 -11.6569 -3.7890 -3.7890
22825 38.27 28.72 0.00 -11.7668 -3.4047 -3.4047
22850 37.81 28.96 0.00 -11.0477 -3.0339 -3.0339
22875 37.37 29.27 0.00 -11.2723 -3.2853 -3.2853
22900 37.37 29.27 0.00 -11.2723 -3.2853 -3.2853
22925 36.91 29.70 0.00 -11.4188 -2.9262 -2.9262
22950 36.43 30.31 0.00 -12.0857 -2.9545 -2.9545
22975 36.43 30.31 0.00 -12.0857 -2.9545 -2.9545
23000 35.95 31.14 0.00 -12.1318 -2.2604 -2.2604
23025 35.95 31.14 0.00 -12.1318 -2.2604 -2.2604
23050 35.50 32.15 0.00 -10.2006 -2.6912 -2.6912
23075 35.16 33.30 0.00 -7.4855 -2.3949 -2.3949
23100 34.89 34.51 0.00 -6.3143 -2.6987 -2.6987
23125 34.89 34.51 0.00 -6.3143 -2.6987 -2.6987
23150 34.68 35.54 0.00 -3.9020 -1.7588 -1.7588
23175 34.59 36.40 0.00 -1.3304 -2.4216 -2.4216
23200 34.57 37.13 0.00 -0.2543 -3.0003 -3.0003
23225 34.57 37.13 0.00 -0.2543 -3.0003 -3.0003
23250 34.57 37.78 0.00 -0.1208 -2.6681 -2.6681
23275 34.55 38.39 0.00 -0.6197 -2.8703 -2.8703
23300 34.55 38.39 0.00 -0.6197 -2.8703 -2.8703
23325 34.52 38.95 0.00 -0.9433 -3.2870 -3.2870
23350 34.48 39.45 0.00 -0.8358 -1.8227 -1.8227
23375 34.48 39.45 0.00 -0.8358 -1.8227 -1.8227
23400 34.43 39.96 0.00 -2.1598 -2.4111 -2.4111
23425 34.29 40.54 0.00 -4.2978 -3.5984 -3.5984
23450 34.07 41.21 0.00 -5.9150 -4.5532 -4.5532
23475 34.07 41.21 0.00 -5.9150 -4.5532 -4.5532
23500 33.82 41.97 0.00 -6.3062 -5.5548 -5.5548
23525 33.55 42.79 0.00 -6.8217 -5.7057 -5.7057
23550 33.55 42.79 0.00 -6.8217 -5.7057 -5.7057
23575 33.25 43.51 0.00 -7.9859 -6.5543 -6.5543
23600 33.03 44.03 0.00 -7.1706 -5.5480 -5.5480
23625 32.74 44.72 0.00 -6.8793 -6.0087 -6.0087
23650 32.74 44.72 0.00 -6.8793 -6.0087 -6.0087
23675 32.49 45.45 0.00 -5.5598 -6.3727 -6.3727
23700 32.31 46.23 0.00 -4.4638 -6.3166 -6.3166
23725 32.31 46.23 0.00 -4.4638 -6.3166 -6.3166
23750 32.10 47.01 0.00 -6.3410 -5.4375 -5.4375
23775 31.83 47.80 0.00 -6.7745 -4.1774 -4.1774
23800 31.83 47.80 0.00 -6.7745 -4.1774 -4.1774
23825 31.56 48.49 0.00 -6.5207 -4.1012 -4.1012
23850 31.30 49.14 0.00 -6.6083 -3.7103 -3.7103
23875 31.01 49.64 0.00 -7.3532 -4.2291 -4.2291
23900 31.01 49.64 0.00 -7.3532 -4.2291 -4.2291
23925 30.69 50.06 0.00 -8.4277 -4.1351 -4.1351
23950 30.69 50.06 0.00 -8.4277 -4.1351 -4.1351
23975 30.33 50.46 0.00 -9.7024 -3.6436 -3.6436
24000 29.95 50.86 0.00 -9.6452 -3.9638 -3.9638
24025 29.55 51.26 0.00 -10.1795 -3.2732 -3.2732
24050 29.13 51.70 0.00 -10.3146 -3.0399 -3.0399
24075 29.13 51.70 0.00 -10.3146 -3.0399 -3.0399
24100 28.67 52.07 0.00 -12.7320 -3.4983 -3.4983
24125 28.09 52.41 0.00 -15.8559 -3.5464 -3.5464
24150 28.09 52.41 0.00 -15.8559 -3.5464 -3.5464
24175 27.39 52.73 0.00 -17.1591 -2.5185 -2.5185
24200 27.39 52.73 0.00 -17.1591 -2.5185 -2.5185
24225 26.75 53.12 0.00 -16.0589 -2.1803 -2.1803
24250 26.12 53.56 0.00 -14.8612 -2.2597 -2.2597
24275 25.55 54.03 0.00 -14.2347 -1.9281 -1.9281
24300 25.55 54.03 0.00 -14.2347 -1.9281 -1.9281
24325 24.99 54.54 0.00 -13.8754 -1.6550 -1.6550
24350 24.44 54.99 0.00 -13.5122 -1.6057 -1.6057
24375 24.44 54.99 0.00 -13.5122 -1.6057 -1.6057
24400 24.05 55.33 0.00 -13.3989 -2.5246 -2.5246
24425 23.52 55.77 0.00 -12.7352 -3.0090 -3.0090
24450 23.07 56.30 0.00 -10.2711 -2.7113 -2.7113
24475 23.07 56.30 0.00 -10.2711 -2.7113 -2.7113
24500 22.72 57.06 0.00 -7.9562 -2.7718 -2.7718
24525 22.42 58.05 0.00 -8.1461 -0.0206 -0.0206
24550 22.42 58.05 0.00 -8.1461 -0.0206 -0.0206
24575 22.04 59.05 0.00 -9.3405 0.7415 0.7415
24600 21.70 60.00 0.00 -7.6942 -0.2210 -0.2210
24625 21.46 60.81 0.00 -5.1812 -2.9904 -2.9904
24650 21.46 60.81 0.00 -5.1812 -2.9904 -2.9904
24675 21.31 61.55 0.00 -3.2204 -4.4248 -4.4248
24700 21.17 62.28 0.00 -3.6694 -4.2039 -4.2039
24725 21.00 62.95 0.00 -4.7502 -3.0892 -3.0892
24750 21.00 62.95 0.00 -4.7502 -3.0892 -3.0892
24775 20.83 63.64 0.00 -4.1895 -2.7441 -2.7441
24800 20.66 64.33 0.00 -3.9856 -3.7092 -3.7092
24825 20.66 64.33 0.00 -3.9856 -3.7092 -3.7092
24850 20.47 65.03 0.00 -5.6492 -3.1029 -3.1029
24875 20.47 65.03 0.00 -5.6492 -3.1029 -3.1029
24900 20.21 65.68 0.00 -7.4792 -3.5629 -3.5629
24925 19.85 66.28 0.00 -9.2901 -2.8443 -2.8443
24950 19.45 66.90 0.00 -10.6056 -3.0606 -3.0606
24975 19.45 66.90 0.00 -10.6056 -3.0606 -3.0606
25000 19.06 67.55 0.00 -8.9131 -2.1847 -2.1847
25025 18.74 68.31 0.00 -7.8393 -1.3924 -1.3924
25050 18.37 69.09 0.00 -9.5135 -1.5534 -1.5534
25075 18.37 69.09 0.00 -9.5135 -1.5534 -1.5534
25100 18.07 69.67 0.00 -10.3272 -0.2783 -0.2783
25125 17.57 70.59 0.00 -10.3564 0.1088 0.1088
25150 17.57 70.59 0.00 -10.3564 0.1088 0.1088
25175 17.24 71.17 0.00 -11.5850 0.6383 0.6383
25200 16.72 71.89 0.00 -13.7618 -0.2693 -0.2693
25225 16.72 71.89 0.00 -13.7618 -0.2693 -0.2693
25250 16.15 72.62 0.00 -13.5536 -0.0691 -0.0691
25275 15.65 73.39 0.00 -11.9831 -0.5540 -0.5540
25300 15.65 73.39 0.00 -11.9831 -0.5540 -0.5540
25325 15.25 74.19 0.00 -8.4986 -1.8008 -1.8008
25350 14.98 74.95 0.00 -5.7359 -3.2292 -3.2292
25375 14.98 74.95 0.00 -5.7359 -3.2292 -3.2292
25400 14.80 75.62 0.00 -3.7440 -3.0496 -3.0496
25425 14.73 76.14 0.00 -0.9371 -3.3196 -3.3196
25450 14.75 76.52 0.00 1.6271 -2.7555 -2.7555
25475 14.75 76.52 0.00 1.6271 -2.7555 -2.7555
25500 14.84 76.80 0.00 2.6433 -2.4766 -2.4766
25525 14.96 76.97 0.00 2.6398 -1.2464 -1.2464
25550 14.96 76.97 0.00 2.6398 -1.2464 -1.2464
25575 15.06 77.04 0.00 3.2298 -1.7172 -1.7172
25600 15.22 76.98 0.00 4.3208 -2.1777 -2.1777
25625 15.43 76.82 0.00 5.4002 -2.0583 -2.0583
25650 15.43 76.82 0.00 5.4002 -2.0583 -2.0583
25675 15.66 76.59 0.00 6.6011 -2.3140 -2.3140
25700 15.98 76.37 0.00 8.2007 -2.8176 -2.8176
25725 15.98 76.37 0.00 8.2007 -2.8176 -2.8176
25750 16.31 76.17 0.00 8.0193 -4.1309 -4.1309
25775 16.62 76.02 0.00 7.6136 -3.0166 -3.0166
25800 16.62 76.02 0.00 7.6136 -3.0166 -3.0166
25825 16.91 75.93 0.00 6.7115 -1.8978 -1.8978
25850 17.12 75.93 0.00 4.4677 -0.9545 -0.9545
25875 17.26 75.96 0.00 2.8670 -0.2829 -0.2829
25900 17.26 75.96 0.00 2.8670 -0.2829 -0.2829
25925 17.31 75.97 0.00 2.0436 -0.3713 -0.3713
25950 17.39 75.98 0.00 2.1796 -1.0488 -1.0488
25975 17.51 75.95 0.00 2.5067 -3.1118 -3.1118
26000 17.51 75.95 0.00 2.5067 -3.1118 -3.1118
26025 17.59 75.92 0.00 2.2797 -2.9860 -2.9860
26050 17.64 75.88 0.00 0.2541 -1.2210 -1.2210
26075 17.64 75.88 0.00 0.2541 -1.2210 -1.2210
26100 17.64 75.88 0.00 0.0555 -0.3261 -0.3261
26125 17.66 75.89 0.00 0.7885 -0.2622 -0.2622
26150 17.66 75.89 0.00 0.7885 -0.2622 -0.2622
26175 17.72 75.91 0.00 1.5026 -1.2430 -1.2430
26200 17.76 75.95 0.00 1.0439 -0.4245 -0.4245
26225 17.76 75.95 0.00 1.0439 -0.4245 -0.4245
26250 17.78 75.96 0.00 -0.0563 0.3710 0.3710
26275 17.78 76.03 0.00 0.2160 -0.1935 -0.1935
26300 17.80 76.06 0.00 0.6507 -0.5089 -0.5089
26325 17.80 76.06 0.00 0.6507 -0.5089 -0.5089
26350 17.82 76.08 0.00 0.1252 -0.2228 -0.2228
26375 17.82 76.08 0.00 0.0050 0.1284 0.1284
26400 17.82 76.08 0.00 0.0050 0.1284 0.1284
26425 17.84 76.08 0.00 0.7363 -0.4351 -0.4351
26450 17.87 76.06 0.00 0.8330 -0.1564 -0.1564
26475 17.87 76.06 0.00 0.8330 -0.1564 -0.1564
26500 17.89 76.03 0.00 0.9087 0.0674 0.0674
26525 17.95 75.95 0.00 1.3518 0.5306 0.5306
26550 18.01 75.84 0.00 1.1959 0.3363 0.3363
26575 18.01 75.84 0.00 1.1959 0.3363 0.3363
26600 18.07 75.73 0.00 1.9558 1.9885 1.9885
26625 18.16 75.62 0.00 2.6777 1.1580 1.1580
26650 18.16 75.62 0.00 2.6777 1.1580 1.1580
26675 18.28 75.57 0.00 3.1002 0.4404 0.4404
26700 18.35 75.56 0.00 2.1987 0.7717 0.7717
26725 18.35 75.56 0.00 2.1987 0.7717 0.7717
26750 18.43 75.58 0.00 1.6319 -0.1263 -0.1263
26775 18.49 75.57 0.00 1.7235 -0.8160 -0.8160
26800 18.55 75.57 0.00 1.2386 -2.0625 -2.0625
26825 18.55 75.57 0.00 1.2386 -2.0625 -2.0625
26850 18.59 75.58 0.00 0.6901 -0.5454 -0.5454
26875 18.59 75.58 0.00 0.6901 -0.5454 -0.5454
26900 18.68 75.80 0.00 2.9639 0.1023 0.1023
26925 18.68 75.80 0.00 2.9639 0.1023 0.1023
26950 18.87 76.04 0.00 6.2573 0.2061 0.2061
26975 19.18 76.29 0.00 8.1225 -0.1138 -0.1138
27000 19.18 76.29 0.00 8.1225 -0.1138 -0.1138
27025 19.52 76.48 0.00 9.4407 0.5520 0.5520
27050 19.94 76.66 0.00 10.5825 0.8550 0.8550
27075 19.94 76.66 0.00 10.5825 0.8550 0.8550
27100 20.36 76.83 0.00 10.3035 0.6489 0.6489
27125 20.74 76.95 0.00 9.0793 0.8923 0.8923
27150 20.74 76.95 0.00 9.0793 0.8923 0.8923
27175 21.08 77.08 0.00 8.0019 0.7804 0.7804
27200 21.38 77.20 0.00 7.7162 0.6140 0.6140
27225 21.38 77.20 0.00 7.7162 0.6140 0.6140
27250 21.68 77.31 0.00 7.2040 1.0487 1.0487
27275 21.97 77.41 0.00 6.9995 1.6225 1.6225
27300 21.97 77.41 0.00 6.9995 1.6225 1.6225
27325 22.25 77.48 0.00 6.8319 0.7206 0.7206
27350 22.46 77.54 0.00 6.9473 0.6632 0.6632
27375 22.79 77.57 0.00 6.2362 -0.3939 -0.3939
27400 22.79 77.57 0.00 6.2362 -0.3939 -0.3939
27425 23.04 77.61 0.00 6.3874 0.4590 0.4590
27450 23.30 77.67 0.00 6.2572 1.7006 1.7006
27475 23.30 77.67 0.00 6.2572 1.7006 1.7006
27500 23.49 77.75 0.00 6.3104 1.8112 1.8112
27525 23.73 77.89 0.00 5.7127 1.7316 1.7316
27550 23.73 77.89 0.00 5.7127 1.7316 1.7316
27575 23.93 78.00 0.00 4.6188 1.7097 1.7097
27600 24.10 78.06 0.00 4.4640 1.0773 1.0773
27625 24.27 78.09 0.00 4.1740 -0.4605 -0.4605
27650 24.27 78.09 0.00 4.1740 -0.4605 -0.4605
27675 24.42 78.06 0.00 3.6544 1.1087 1.1087
27700 24.42 78.06 0.00 3.6544 1.1087 1.1087
27725 24.57 78.04 0.00 3.2045 1.1367 1.1367
27750 24.71 78.09 0.00 4.2195 1.8895 1.8895
27775 24.90 78.16 0.00 5.4154 1.8850 1.8850
27800 24.90 78.16 0.00 5.4154 1.8850 1.8850
27825 25.14 78.22 0.00 6.0745 0.8633 0.8633
27850 25.38 78.28 0.00 5.9246 0.9770 0.9770
27875 25.38 78.28 0.00 5.9246 0.9770 0.9770
27900 25.60 78.34 0.00 5.0254 1.4324 1.4324
27925 25.77 78.39 0.00 4.0191 1.9133 1.9133
27950 25.94 78.43 0.00 3.7295 1.7376 1.7376
27975 25.94 78.43 0.00 3.7295 1.7376 1.7376
28000 26.08 78.46 0.00 3.8822 1.4857 1.4857
28025 26.25 78.45 0.00 4.3461 1.0856 1.0856
28050 26.25 78.45 0.00 4.3461 1.0856 1.0856
28075 26.43 78.43 0.00 5.0557 0.5956 0.5956
28100 26.64 78.44 0.00 5.3462 0.3169 0.3169
28125 26.64 78.44 0.00 5.3462 0.3169 0.3169
28150 26.84 78.44 0.00 4.9517 0.1758 0.1758
28175 26.99 78.45 0.00 4.3820 0.7285 0.7285
28200 27.13 78.42 0.00 3.4430 0.0416 0.0416
28225 27.13 78.42 0.00 3.4430 0.0416 0.0416
28250 27.28 78.40 0.00 3.6103 0.7933 0.7933
28275 27.45 78.43 0.00 4.1007 1.1123 1.1123
28300 27.45 78.43 0.00 4.1007 1.1123 1.1123
28325 27.63 78.52 0.00 4.9301 0.4744 0.4744
28350 27.85 78.52 0.00 5.7536 1.2130 1.2130
28375 28.11 78.46 0.00 7.3987 1.7527 1.7527
28400 28.11 78.46 0.00 7.3987 1.7527 1.7527
28425 28.47 78.35 0.00 10.0030 1.1119 1.1119
28450 28.91 78.18 0.00 11.7080 -0.6390 -0.6390
28475 29.42 77.92 0.00 13.1413 0.7214 0.7214
28500 29.42 77.92 0.00 13.1413 0.7214 0.7214
28525 29.95 77.65 0.00 13.1600 1.3385 1.3385
28550 30.47 77.45 0.00 13.3098 1.6617 1.6617
28575 30.47 77.45 0.00 13.3098 1.6617 1.6617
28600 31.00 77.30 0.00 13.0265 1.6015 1.6015
28625 31.54 77.18 0.00 13.4110 1.2111 1.2111
28650 31.54 77.18 0.00 13.4110 1.2111 1.2111
28675 32.08 77.03 0.00 13.8040 1.1224 1.1224
28700 32.64 76.86 0.00 14.1491 1.1436 1.1436
28725 32.64 76.86 0.00 14.1491 1.1436 1.1436
28750 33.21 76.65 0.00 14.2670 0.8505 0.8505
28775 33.77 76.44 0.00 13.8476 0.0397 0.0397
28800 33.77 76.44 0.00 13.8476 0.0397 0.0397
28825 34.29 76.23 0.00 12.0592 0.4008 0.4008
28850 34.72 76.03 0.00 10.2178 0.7655 0.7655
28875 35.09 75.88 0.00 9.0741 1.0319 1.0319
28900 35.09 75.88 0.00 9.0741 1.0319 1.0319
28925 35.43 75.74 0.00 7.9918 1.4939 1.4939
28950 35.73 75.63 0.00 7.6404 1.2730 1.2730
28975 35.73 75.63 0.00 7.6404 1.2730 1.2730
29000 36.03 75.48 0.00 7.4728 1.2673 1.2673
29025 36.27 75.37 0.00 7.5732 0.7613 0.7613
29050 36.57 75.24 0.00 7.6229 2.2025 2.2025
29075 36.57 75.24 0.00 7.6229 2.2025 2.2025
29100 36.85 75.13 0.00 7.0725 1.9775 1.9775
29125 37.14 75.08 0.00 6.9077 1.9924 1.9924
29150 37.14 75.08 0.00 6.9077 1.9924 1.9924
29175 37.40 75.01 0.00 6.3997 2.3277 2.3277
29200 37.67 74.90 0.00 6.4473 1.6931 1.6931
29225 37.67 74.90 0.00 6.4473 1.6931 1.6931
29250 37.92 74.76 0.00 6.3526 1.8647 1.8647
29275 38.15 74.57 0.00 5.6890 0.8756 0.8756
29300 38.38 74.35 0.00 5.2528 1.9711 1.9711
29325 38.38 74.35 0.00 5.2528 1.9711 1.9711
29350 38.57 74.15 0.00 5.1306 2.4296 2.4296
29375 38.84 73.95 0.00 7.2576 2.9924 2.9924
29400 38.84 73.95 0.00 7.2576 2.9924 2.9924
29425 39.17 73.76 0.00 9.7581 2.0312 2.0312
29450 39.63 73.55 0.00 12.3233 1.0519 1.0519
29475 39.63 73.55 0.00 12.3233 1.0519 1.0519
29500 40.14 73.36 0.00 12.7639 0.7552 0.7552
29525 40.65 73.18 0.00 12.6526 0.5804 0.5804
29550 41.16 72.95 0.00 12.8738 0.4232 0.4232
29575 41.16 72.95 0.00 12.8738 0.4232 0.4232
29600 41.69 72.67 0.00 12.8884 -0.1212 -0.1212
29625 42.18 72.39 0.00 12.0456 -0.0083 -0.0083
29650 42.18 72.39 0.00 12.0456 -0.0083 -0.0083
29675 42.62 72.13 0.00 10.2944 0.8002 0.8002
29700 42.99 71.87 0.00 8.8109 1.3471 1.3471
29725 43.32 71.64 0.00 7.9286 1.3260 1.3260
29750 43.32 71.64 0.00 7.9286 1.3260 1.3260
29775 43.64 71.44 0.00 7.7177 1.1305 1.1305
29800 43.87 71.27 0.00 7.3856 0.7438 0.7438
29825 43.87 71.27 0.00 7.3856 0.7438 0.7438
29850 44.13 71.02 0.00 6.7136 0.4682 0.4682
29875 44.41 70.78 0.00 6.7629 2.1472 2.1472
29900 44.41 70.78 0.00 6.7629 2.1472 2.1472
29925 44.67 70.59 0.00 6.5494 2.0423 2.0423
29950 44.95 70.42 0.00 7.3554 1.3733 1.3733
29975 44.95 70.42 0.00 7.3554 1.3733 1.3733
30000 45.23 70.26 0.00 7.0986 1.4184 1.4184
30025 45.51 70.11 0.00 6.6904 1.2375 1.2375
30050 45.51 70.11 0.00 6.6904 1.2375 1.2375
30075 45.79 69.93 0.00 6.9643 1.4599 1.4599
30100 46.07 69.71 0.00 7.3511 1.2279 1.2279
30125 46.39 69.46 0.00 7.4672 1.2363 1.2363
30150 46.39 69.46 0.00 7.4672 1.2363 1.2363
30175 46.65 69.25 0.00 6.4592 1.6112 1.6112
30200 46.91 69.10 0.00 6.1271 2.3355 2.3355
30225 46.91 69.10 0.00 6.1271 2.3355 2.3355
30250 47.15 68.96 0.00 6.4912 2.0444 2.0444
30275 47.43 68.83 0.00 7.2582 1.9989 1.9989
30300 47.75 68.68 0.00 8.2537 3.0009 3.0009
30325 47.75 68.68 0.00 8.2537 3.0009 3.0009
30350 48.11 68.51 0.00 9.5912 3.6079 3.6079
30375 48.50 68.32 0.00 9.5753 3.3198 3.3198
30400 48.50 68.32 0.00 9.5753 3.3198 3.3198
30425 48.88 68.09 0.00 9.7688 2.5917 2.5917
30450 49.25 67.83 0.00 8.8022 3.0471 3.0471
30475 49.25 67.83 0.00 8.8022 3.0471 3.0471
30500 49.58 67.59 0.00 8.3243 2.9542 2.9542
30525 49.91 67.35 0.00 7.8748 2.9163 2.9163
30550 50.14 67.20 0.00 7.6611 2.7747 2.7747
30575 50.14 67.20 0.00 7.6611 2.7747 2.7747
30600 50.45 67.00 0.00 7.5902 3.0502 3.0502
30625 50.75 66.77 0.00 7.4497 2.5625 2.5625
30650 50.75 66.77 0.00 7.4497 2.5625 2.5625
30675 51.06 66.52 0.00 8.2497 2.0533 2.0533
30700 51.40 66.24 0.00 8.6765 3.0690 3.0690
30725 51.40 66.24 0.00 8.6765 3.0690 3.0690
30750 51.73 66.00 0.00 7.9534 2.6836 2.6836
30775 52.06 65.78 0.00 8.1573 2.8074 2.8074
30800 52.06 65.78 0.00 8.1573 2.8074 2.8074
30825 52.39 65.54 0.00 8.7610 3.4119 3.4119
30850 52.76 65.29 0.00 9.2686 2.9575 2.9575
30875 53.14 65.00 0.00 9.9661 2.2448 2.2448
30900 53.14 65.00 0.00 9.9661 2.2448 2.2448
30925 53.56 64.65 0.00 11.2830 3.2503 3.2503
30950 54.05 64.29 0.00 12.5587 2.6097 2.6097
30975 54.05 64.29 0.00 12.5587 2.6097 2.6097
31000 54.58 63.91 0.00 13.1223 2.4670 2.4670
31025 55.08 63.47 0.00 12.3196 3.3536 3.3536
31050 55.08 63.47 0.00 12.3196 3.3536 3.3536
31075 55.54 63.04 0.00 10.6181 4.4156 4.4156
31100 55.96 62.55 0.00 10.3526 3.9659 3.9659
31125 55.96 62.55 0.00 10.3526 3.9659 3.9659
31150 56.36 62.07 0.00 10.0656 3.9725 3.9725
31175 56.73 61.54 0.00 8.7856 3.5738 3.5738
31200 57.03 61.02 0.00 6.5729 4.6673 4.6673
31225 57.03 61.02 0.00 6.5729 4.6673 4.6673
31250 57.26 60.54 0.00 5.3737 4.8784 4.8784
31275 57.45 60.09 0.00 4.3542 5.4517 5.4517
31300 57.45 60.09 0.00 4.3542 5.4517 5.4517
31325 57.62 59.62 0.00 4.7231 4.4623 4.4623
31350 57.82 59.13 0.00 4.3492 4.0397 4.0397
31375 57.82 59.13 0.00 4.3492 4.0397 4.0397
31400 57.94 58.79 0.00 4.1836 4.2823 4.2823
31425 58.10 58.33 0.00 4.1198 3.2280 3.2280
31450 58.26 57.90 0.00 4.0583 3.3427 3.3427
31475 58.26 57.90 0.00 4.0583 3.3427 3.3427
31500 58.43 57.53 0.00 4.1829 3.0008 3.0008
31525 58.56 57.22 0.00 2.4021 2.1367 2.1367
31550 58.56 57.22 0.00 2.4021 2.1367 2.1367
31575 58.61 57.04 0.00 0.5386 2.4637 2.4637
31600 58.59 56.90 0.00 -0.9422 2.9211 2.9211
31625 58.59 56.90 0.00 -0.9422 2.9211 2.9211
31650 58.57 56.76 0.00 -0.0239 2.1233 2.1233
31675 58.59 56.58 0.00 0.7358 0.4941 0.4941
31700 58.59 56.58 0.00 0.7358 0.4941 0.4941
31725 58.63 56.36 0.00 1.2359 1.5073 1.5073
31750 58.70 56.10 0.00 1.7768 1.2659 1.2659
31775 58.77 55.85 0.00 2.2340 0.8773 0.8773
31800 58.87 55.65 0.00 2.2739 1.1784 1.1784
31825 58.87 55.65 0.00 2.2739 1.1784 1.1784
31850 58.94 55.51 0.00 1.6405 0.4254 0.4254
31875 58.96 55.40 0.00 0.0530 0.7062 0.7062
31900 58.96 55.40 0.00 0.0530 0.7062 0.7062
31925 58.94 55.35 0.00 -0.6564 0.5795 0.5795
31950 58.92 55.31 0.00 -0.2885 0.1068 0.1068
31975 58.92 55.31 0.00 -0.2885 0.1068 0.1068
32000 58.91 55.26 0.00 -0.4055 -0.0741 -0.0741
32025 58.89 55.22 0.00 -0.6869 0.0854 0.0854
32050 58.89 55.22 0.00 -0.6869 0.0854 0.0854
32075 58.85 55.17 0.00 -0.7509 -0.3711 -0.3711
32100 58.84 55.10 0.00 -0.3430 -0.4151 -0.4151
32125 58.84 55.10 0.00 -0.3430 -0.4151 -0.4151
32150 58.82 55.05 0.00 -0.3384 -0.5648 -0.5648
32175 58.82 55.01 0.00 -0.4455 -0.4093 -0.4093
32200 58.78 54.92 0.00 -1.3300 -0.1707 -0.1707
32225 58.78 54.92 0.00 -1.3300 -0.1707 -0.1707
32250 58.73 54.79 0.00 -1.2995 -0.1236 -0.1236
32275 58.70 54.69 0.00 -0.0890 0.9064 0.9064
32300 58.70 54.69 0.00 -0.0890 0.9064 0.9064
32325 58.70 54.62 0.00 -0.2471 -0.2816 -0.2816
32350 58.68 54.60 0.00 -0.3900 0.1378 0.1378
32375 58.64 54.53 0.00 -1.0856 0.9905 0.9905
32400 58.64 54.53 0.00 -1.0856 0.9905 0.9905
32425 58.61 54.44 0.00 -0.4705 1.0133 1.0133
32450 58.61 54.31 0.00 -0.0002 0.7401 0.7401
32475 58.61 54.31 0.00 -0.0002 0.7401 0.7401
32500 58.59 54.14 0.00 -0.7286 2.1319 2.1319
32525 58.56 54.01 0.00 -1.1760 1.9253 1.9253
32550 58.56 54.01 0.00 -1.1760 1.9253 1.9253
32575 58.50 53.94 0.00 -0.7847 1.8462 1.8462
32600 58.50 53.90 0.00 0.1932 1.8923 1.8923
32625 58.50 53.90 0.00 0.1932 1.8923 1.8923
32650 58.50 53.83 0.00 0.0937 1.4404 1.4404
32675 58.50 53.76 0.00 -0.0592 1.4381 1.4381
32700 58.50 53.73 0.00 -0.3393 1.5167 1.5167
32725 58.50 53.73 0.00 -0.3393 1.5167 1.5167
32750 58.47 53.73 0.00 -1.4005 1.1442 1.1442
32775 58.36 53.72 0.00 -2.8767 1.2375 1.2375
32800 58.36 53.72 0.00 -2.8767 1.2375 1.2375
32825 58.24 53.69 0.00 -3.2517 0.8339 0.8339
32850 58.12 53.65 0.00 -3.1061 0.3307 0.3307
32875 58.12 53.65 0.00 -3.1061 0.3307 0.3307
32900 58.01 53.61 0.00 -2.2742 -0.3481 -0.3481
32925 57.94 53.58 0.00 -1.6230 -0.7508 -0.7508
32950 57.91 53.56 0.00 -1.1091 -0.3248 -0.3248
32975 57.91 53.56 0.00 -1.1091 -0.3248 -0.3248
33000 57.85 53.49 0.00 -1.3829 -0.0016 -0.0016
33025 57.78 53.38 0.00 -1.6409 -0.2402 -0.2402
33050 57.73 53.31 0.00 -1.2262 0.5035 0.5035
33075 57.73 53.31 0.00 -1.2262 0.5035 0.5035
33100 57.66 53.36 0.00 -2.4471 -0.9782 -0.9782
33125 57.54 53.49 0.00 -3.0611 -0.7751 -0.7751
33150 57.54 53.49 0.00 -3.0611 -0.7751 -0.7751
33175 57.41 53.59 0.00 -2.8463 -0.1794 -0.1794
33200 57.31 53.87 0.00 -2.5146 -1.3127 -1.3127
33225 57.31 53.87 0.00 -2.5146 -1.3127 -1.3127
33250 57.20 54.00 0.00 -3.0872 -0.9920 -0.9920
33275 57.03 53.80 0.00 -5.6002 1.4486 1.4486
33300 57.03 53.80 0.00 -5.6002 1.4486 1.4486
33325 56.73 53.64 0.00 -8.6380 0.7728 0.7728
33350 56.34 53.62 0.00 -9.5028 -0.1622 -0.1622
33375 56.34 53.62 0.00 -9.5028 -0.1622 -0.1622
33400 56.03 53.74 0.00 -6.3880 -0.5309 -0.5309
33425 55.89 53.86 0.00 -2.0803 -0.8710 -0.8710
33450 55.82 54.06 0.00 -2.0435 -1.3351 -1.3351
33475 55.82 54.06 0.00 -2.0435 -1.3351 -1.3351
33500 55.71 54.27 0.00 -2.9037 -0.2973 -0.2973
33525 55.59 54.41 0.00 -3.4984 -0.0963 -0.0963
33550 55.59 54.41 0.00 -3.4984 -0.0963 -0.0963
33575 55.45 54.45 0.00 -3.0909 -1.1264 -1.1264
33600 55.33 54.43 0.00 -3.1195 -1.0175 -1.0175
33625 55.19 54.20 0.00 -3.8434 0.0195 0.0195
33650 55.19 54.20 0.00 -3.8434 0.0195 0.0195
33675 55.03 53.88 0.00 -5.4345 0.5320 0.5320
33700 54.80 53.54 0.00 -5.9289 0.0810 0.0810
33725 54.80 53.54 0.00 -5.9289 0.0810 0.0810
33750 54.59 53.18 0.00 -4.7830 0.3455 0.3455
33775 54.44 52.70 0.00 -3.7875 0.1579 0.1579
33800 54.44 52.70 0.00 -3.7875 0.1579 0.1579
33825 54.28 52.17 0.00 -3.9006 0.8324 0.8324
33850 54.14 51.71 0.00 -2.8830 2.2904 2.2904
33875 54.02 51.40 0.00 -3.5150 1.3530 1.3530
33900 54.02 51.40 0.00 -3.5150 1.3530 1.3530
33925 53.86 51.20 0.00 -4.3314 0.2208 0.2208
33950 53.68 51.06 0.00 -4.2001 -0.4227 -0.4227
33975 53.68 51.06 0.00 -4.2001 -0.4227 -0.4227
34000 53.51 50.88 0.00 -4.1580 -0.6150 -0.6150
34025 53.37 50.67 0.00 -3.3471 -1.4633 -1.4633
34050 53.23 50.44 0.00 -3.8558 -1.7265 -1.7265
34075 53.23 50.44 0.00 -3.8558 -1.7265 -1.7265
