%#        Time[ms]        X[pixel],        Y[pixel],        Z[pixel],  dX/dt[pixel/s],  dY/dt[pixel/s],  dZ/dt[pixel/s] 
0 50.00 50.00 0.00 0.7679 -1.0171 -1.0171
25 50.02 49.95 0.00 0.4613 -0.4331 -0.4331
50 50.02 49.91 0.00 -0.1761 0.1258 0.1258
75 50.02 49.90 0.00 -0.2101 -0.1557 -0.1557
100 50.02 49.90 0.00 -0.2101 -0.1557 -0.1557
125 50.02 49.91 0.00 0.1216 -0.5174 -0.5174
150 50.02 49.95 0.00 -0.0883 -1.2648 -1.2648
175 50.00 50.02 0.00 -0.7175 -1.8923 -1.8923
200 50.00 50.02 0.00 -0.7175 -1.8923 -1.8923
225 49.97 50.09 0.00 -1.0896 -1.5146 -1.5146
250 49.97 50.09 0.00 -1.0896 -1.5146 -1.5146
275 49.91 50.19 0.00 -1.2390 -3.0926 -3.0926
300 49.88 50.30 0.00 -0.6636 0.3987 0.3987
325 49.83 50.31 0.00 -1.8916 -3.1320 -3.1320
350 49.83 50.31 0.00 -1.8916 -3.1320 -3.1320
375 49.72 50.24 0.00 -2.8816 -4.1684 -4.1684
400 49.60 50.09 0.00 -3.4731 -2.0128 -2.0128
425 49.60 50.09 0.00 -3.4731 -2.0128 -2.0128
450 49.48 49.90 0.00 -2.3255 -0.6568 -0.6568
475 49.44 49.79 0.00 -0.1157 -0.4409 -0.4409
500 49.49 49.65 0.00 1.8545 -1.6657 -1.6657
525 49.49 49.65 0.00 1.8545 -1.6657 -1.6657
550 49.55 49.58 0.00 1.1326 -0.6368 -0.6368
575 49.56 49.72 0.00 -0.3829 -1.3509 -1.3509
600 49.56 49.72 0.00 -0.3829 -1.3509 -1.3509
625 49.53 50.23 0.00 -1.0547 -4.1797 -4.1797
650 49.48 51.21 0.00 -1.7394 -6.2665 -6.2665
675 49.37 52.52 0.00 -2.7654 -7.5089 -7.5089
700 49.37 52.52 0.00 -2.7654 -7.5089 -7.5089
725 49.23 53.79 0.00 -4.0145 -5.9925 -5.9925
750 49.09 54.83 0.00 -2.8022 -3.9019 -3.9019
775 49.09 54.83 0.00 -2.8022 -3.9019 -3.9019
800 49.02 55.67 0.00 -1.0127 -3.2979 -3.2979
825 49.04 56.31 0.00 1.4299 -2.4278 -2.4278
850 49.04 56.31 0.00 1.4299 -2.4278 -2.4278
875 49.13 56.86 0.00 2.5419 -2.0512 -2.0512
900 49.13 56.86 0.00 2.5419 -2.0512 -2.0512
925 49.32 57.90 0.00 1.9107 -2.6667 -2.6667
950 49.32 57.90 0.00 1.9107 -2.6667 -2.6667
975 49.39 58.49 0.00 1.5623 -2.3562 -2.3562
1000 49.39 58.49 0.00 1.5623 -2.3562 -2.3562
1025 49.46 59.07 0.00 2.0285 -1.9381 -1.9381
1050 49.56 59.55 0.00 3.1167 -0.9669 -0.9669
1075 49.74 59.96 0.00 4.9568 0.0637 0.0637
1100 49.74 59.96 0.00 4.9568 0.0637 0.0637
1125 49.98 60.52 0.00 7.1855 0.5140 0.5140
1150 50.35 61.29 0.00 9.8790 -0.4465 -0.4465
1175 50.35 61.29 0.00 9.8790 -0.4465 -0.4465
1200 50.80 62.22 0.00 12.4761 -1.3115 -1.3115
1225 51.36 63.45 0.00 15.0102 -1.9248 -1.9248
1250 51.83 64.48 0.00 15.2911 -1.8529 -1.8529
1275 51.83 64.48 0.00 15.2911 -1.8529 -1.8529
1300 52.43 65.61 0.00 14.4095 -2.2650 -2.2650
1325 52.97 66.61 0.00 12.4885 -3.0515 -3.0515
1350 52.97 66.61 0.00 12.4885 -3.0515 -3.0515
1375 53.39 67.49 0.00 9.1529 -2.5456 -2.5456
1400 53.68 68.25 0.00 6.3723 -2.0319 -2.0319
1425 53.91 68.91 0.00 5.6787 -0.9723 -0.9723
1450 53.91 68.91 0.00 5.6787 -0.9723 -0.9723
1475 54.14 69.43 0.00 6.2088 -1.3359 -1.3359
1500 54.14 69.43 0.00 6.2088 -1.3359 -1.3359
1525 54.42 69.81 0.00 7.2422 -0.4317 -0.4317
1550 54.73 70.20 0.00 8.1625 -2.0332 -2.0332
1575 55.10 70.54 0.00 10.2551 -2.5790 -2.5790
1600 55.10 70.54 0.00 10.2551 -2.5790 -2.5790
1625 55.50 70.79 0.00 9.5767 -1.6523 -1.6523
1650 55.85 70.98 0.00 7.8644 0.4731 0.4731
1675 55.85 70.98 0.00 7.8644 0.4731 0.4731
1700 56.15 71.09 0.00 7.4695 0.7502 0.7502
1725 56.43 71.17 0.00 6.7194 0.2837 0.2837
1750 56.73 71.29 0.00 8.0605 -0.5489 -0.5489
1775 56.73 71.29 0.00 8.0605 -0.5489 -0.5489
1800 57.13 71.48 0.00 11.8327 -2.5540 -2.5540
1825 57.69 71.74 0.00 15.5848 -5.1675 -5.1675
1850 57.69 71.74 0.00 15.5848 -5.1675 -5.1675
1875 58.41 71.96 0.00 19.2655 -5.6522 -5.6522
1900 59.24 72.11 0.00 21.0725 -5.3313 -5.3313
1925 60.09 72.28 0.00 21.5961 -4.2907 -4.2907
1950 60.09 72.28 0.00 21.5961 -4.2907 -4.2907
1975 60.92 72.44 0.00 19.8463 -2.7493 -2.7493
2000 61.62 72.54 0.00 16.3764 -1.1636 -1.1636
2025 61.62 72.54 0.00 16.3764 -1.1636 -1.1636
2050 62.07 72.59 0.00 14.7251 -0.9549 -0.9549
2075 62.62 72.64 0.00 13.1972 -0.7500 -0.7500
2100 62.62 72.64 0.00 13.1972 -0.7500 -0.7500
2125 63.13 72.72 0.00 12.0111 -1.7668 -1.7668
2150 63.54 72.79 0.00 9.0514 -2.1642 -2.1642
2175 63.54 72.79 0.00 9.0514 -2.1642 -2.1642
2200 63.82 72.90 0.00 6.4173 0.4123 0.4123
2225 64.04 73.02 0.00 4.7141 0.3303 0.3303
2250 64.04 73.02 0.00 4.7141 0.3303 0.3303
2275 64.14 73.10 0.00 0.9108 1.2280 1.2280
2300 64.07 73.15 0.00 -2.9058 3.4423 3.4423
2325 63.91 73.16 0.00 -4.1743 2.3335 2.3335
2350 63.91 73.16 0.00 -4.1743 2.3335 2.3335
2375 63.77 73.18 0.00 -3.6696 -0.0011 -0.0011
2400 63.61 73.17 0.00 -4.0344 0.1507 0.1507
2425 63.61 73.17 0.00 -4.0344 0.1507 0.1507
2450 63.38 73.16 0.00 -7.3157 0.5413 0.5413
2475 62.97 73.13 0.00 -12.2771 1.7652 1.7652
2500 62.38 73.07 0.00 -15.9264 2.7306 2.7306
2525 62.38 73.07 0.00 -15.9264 2.7306 2.7306
2550 61.69 72.97 0.00 -17.6293 2.6688 2.6688
2575 61.02 72.86 0.00 -16.4510 2.2264 2.2264
2600 61.02 72.86 0.00 -16.4510 2.2264 2.2264
2625 60.42 72.71 0.00 -13.5818 1.3765 1.3765
2650 59.95 72.49 0.00 -10.8900 0.2512 0.2512
2675 59.58 72.21 0.00 -8.2962 0.1735 0.1735
2700 59.58 72.21 0.00 -8.2962 0.1735 0.1735
2725 59.31 71.96 0.00 -5.5345 -0.3574 -0.3574
2750 59.15 71.75 0.00 -3.0889 -0.8181 -0.8181
2775 59.15 71.75 0.00 -3.0889 -0.8181 -0.8181
2800 59.08 71.60 0.00 -1.0724 -1.1725 -1.1725
2825 59.07 71.49 0.00 -0.4306 -0.9468 -0.9468
2850 59.07 71.49 0.00 -0.4306 -0.9468 -0.9468
2875 59.07 71.38 0.00 -0.2902 -0.2175 -0.2175
2900 59.07 71.28 0.00 0.3687 -0.1500 -0.1500
2925 59.10 71.21 0.00 1.2602 -0.4623 -0.4623
2950 59.10 71.21 0.00 1.2602 -0.4623 -0.4623
2975 59.15 71.17 0.00 1.6693 -0.9261 -0.9261
3000 59.22 71.14 0.00 1.4595 -0.3653 -0.3653
3025 59.22 71.14 0.00 1.4595 -0.3653 -0.3653
3050 59.29 71.12 0.00 1.7963 -0.6033 -0.6033
3075 59.36 71.12 0.00 1.9288 1.2116 1.2116
3100 59.36 71.12 0.00 1.9288 1.2116 1.2116
3125 59.42 71.14 0.00 1.0929 1.4432 1.4432
3150 59.44 71.18 0.00 -0.0040 0.4796 0.4796
3175 59.42 71.20 0.00 -1.4030 0.8230 0.8230
3200 59.42 71.20 0.00 -1.4030 0.8230 0.8230
3225 59.33 71.21 0.00 -2.5469 0.3775 0.3775
3250 59.22 71.17 0.00 -2.1988 0.0028 0.0028
3275 59.22 71.17 0.00 -2.1988 0.0028 0.0028
3300 59.15 71.08 0.00 -2.0210 -0.7658 -0.7658
3325 59.03 70.98 0.00 -3.3140 0.5160 0.5160
3350 59.03 70.98 0.00 -3.3140 0.5160 0.5160
3375 58.85 70.96 0.00 -5.3164 0.6221 0.6221
3400 58.59 71.05 0.00 -7.6150 -0.2307 -0.2307
3425 58.12 71.22 0.00 -14.2440 2.1275 2.1275
3450 58.12 71.22 0.00 -14.2440 2.1275 2.1275
3475 57.36 71.43 0.00 -21.4542 1.5744 1.5744
3500 56.38 71.62 0.00 -26.4056 0.2849 0.2849
3525 56.38 71.62 0.00 -26.4056 0.2849 0.2849
3550 55.28 71.79 0.00 -27.5026 -0.3179 -0.3179
3575 54.21 71.95 0.00 -26.3265 0.4328 0.4328
3600 53.44 72.05 0.00 -24.8118 -0.2823 -0.2823
3625 53.44 72.05 0.00 -24.8118 -0.2823 -0.2823
3650 52.51 72.17 0.00 -22.5707 -1.6183 -1.6183
3675 52.51 72.17 0.00 -22.5707 -1.6183 -1.6183
3700 51.68 72.32 0.00 -19.8648 -1.9829 -1.9829
3725 50.93 72.45 0.00 -17.7698 -2.9486 -2.9486
3750 50.26 72.60 0.00 -16.2957 -3.3874 -3.3874
3775 50.26 72.60 0.00 -16.2957 -3.3874 -3.3874
3800 49.65 72.75 0.00 -14.0300 -2.8758 -2.8758
3825 49.14 72.92 0.00 -12.0138 -3.3567 -3.3567
3850 49.14 72.92 0.00 -12.0138 -3.3567 -3.3567
3875 48.73 73.16 0.00 -9.3430 -3.6591 -3.6591
3900 48.41 73.43 0.00 -6.9166 -4.1396 -4.1396
3925 48.41 73.43 0.00 -6.9166 -4.1396 -4.1396
3950 48.18 73.71 0.00 -5.3948 -4.7412 -4.7412
3975 47.98 73.98 0.00 -5.4162 -4.7942 -4.7942
4000 47.73 74.28 0.00 -6.1534 -5.0756 -5.0756
4025 47.73 74.28 0.00 -6.1534 -5.0756 -5.0756
4050 47.49 74.66 0.00 -6.1654 -3.4986 -3.4986
4075 47.22 75.14 0.00 -6.9168 -4.2388 -4.2388
4100 47.22 75.14 0.00 -6.9168 -4.2388 -4.2388
4125 46.93 75.68 0.00 -7.6144 -4.8757 -4.8757
4150 46.60 76.27 0.00 -9.0004 -4.1926 -4.1926
4175 46.21 76.91 0.00 -10.3229 -5.5376 -5.5376
4200 46.21 76.91 0.00 -10.3229 -5.5376 -5.5376
4225 45.77 77.65 0.00 -10.8320 -6.0250 -6.0250
4250 45.34 78.33 0.00 -11.1122 -6.4362 -6.4362
4275 45.34 78.33 0.00 -11.1122 -6.4362 -6.4362
4300 44.86 78.98 0.00 -12.4331 -4.5908 -4.5908
4325 44.30 79.56 0.00 -14.8563 -2.9816 -2.9816
4350 43.85 79.98 0.00 -15.6703 -2.4802 -2.4802
4375 43.85 79.98 0.00 -15.6703 -2.4802 -2.4802
4400 43.18 80.60 0.00 -17.5500 -2.3118 -2.3118
4425 43.18 80.60 0.00 -17.5500 -2.3118 -2.3118
4450 42.43 81.21 0.00 -19.2636 -2.4000 -2.4000
4475 41.66 81.81 0.00 -18.8270 -1.6833 -1.6833
4500 40.92 82.31 0.00 -18.3967 -1.8383 -1.8383
4525 40.92 82.31 0.00 -18.3967 -1.8383 -1.8383
4550 40.16 82.66 0.00 -19.8609 -2.2326 -2.2326
4575 39.30 82.85 0.00 -23.0942 -1.7184 -1.7184
4600 39.30 82.85 0.00 -23.0942 -1.7184 -1.7184
4625 38.29 82.89 0.00 -26.1355 0.0364 0.0364
4650 37.19 82.90 0.00 -28.0495 0.8759 0.8759
4675 36.07 82.94 0.00 -27.6606 0.4672 0.4672
4700 36.07 82.94 0.00 -27.6606 0.4672 0.4672
4725 34.98 83.01 0.00 -26.9853 0.2015 0.2015
4750 33.93 83.14 0.00 -26.2311 -2.8525 -2.8525
4775 33.93 83.14 0.00 -26.2311 -2.8525 -2.8525
4800 32.85 83.24 0.00 -27.3455 -5.8649 -5.8649
4825 31.75 83.46 0.00 -28.2309 -6.1528 -6.1528
4850 30.58 83.66 0.00 -29.6527 -5.2626 -5.2626
4875 30.58 83.66 0.00 -29.6527 -5.2626 -5.2626
4900 29.31 83.94 0.00 -33.6483 -3.5103 -3.5103
4925 27.89 84.19 0.00 -36.0758 -1.5445 -1.5445
4950 27.89 84.19 0.00 -36.0758 -1.5445 -1.5445
4975 26.47 84.60 0.00 -34.7609 0.4941 0.4941
5000 25.12 85.24 0.00 -33.6108 0.6796 0.6796
5025 25.12 85.24 0.00 -33.6108 0.6796 0.6796
5050 23.75 86.00 0.00 -34.5375 1.4237 1.4237
5075 22.46 86.78 0.00 -31.1462 3.4898 3.4898
5100 22.46 86.78 0.00 -31.1462 3.4898 3.4898
5125 21.31 87.71 0.00 -27.0267 4.0564 4.0564
5150 20.36 88.86 0.00 -21.3995 1.5161 1.5161
5175 19.62 90.38 0.00 -16.9732 1.4936 1.4936
5200 19.62 90.38 0.00 -16.9732 1.4936 1.4936
5225 19.18 91.56 0.00 -13.6516 2.6988 2.6988
5250 18.76 92.72 0.00 -7.7026 -1.3270 -1.3270
5275 18.76 92.72 0.00 -7.7026 -1.3270 -1.3270
5300 18.64 93.51 0.00 -0.3059 -3.5123 -3.5123
5325 18.72 93.96 0.00 2.6036 -3.5090 -3.5090
5350 18.72 93.96 0.00 2.6036 -3.5090 -3.5090
5375 18.83 94.28 0.00 2.9619 0.3525 0.3525
5400 18.99 94.57 0.00 4.4811 2.0881 2.0881
5425 19.26 94.71 0.00 8.1585 -0.0635 -0.0635
5450 19.26 94.71 0.00 8.1585 -0.0635 -0.0635
5475 19.67 94.68 0.00 11.7403 -2.1944 -2.1944
5500 20.17 94.43 0.00 12.1679 -2.2347 -2.2347
5525 20.17 94.43 0.00 12.1679 -2.2347 -2.2347
5550 20.66 94.06 0.00 13.0083 -3.0088 -3.0088
5575 21.19 93.52 0.00 12.5821 -3.1879 -3.1879
5600 21.65 92.87 0.00 10.5788 -2.4048 -2.4048
5625 21.65 92.87 0.00 10.5788 -2.4048 -2.4048
5650 22.02 92.16 0.00 8.6180 -1.6426 -1.6426
5675 22.32 91.48 0.00 7.0087 -1.2417 -1.2417
5700 22.32 91.48 0.00 7.0087 -1.2417 -1.2417
5725 22.59 90.79 0.00 6.2252 -1.8338 -1.8338
5750 22.83 90.21 0.00 6.1304 -2.7613 -2.7613
5775 22.83 90.21 0.00 6.1304 -2.7613 -2.7613
5800 23.04 89.67 0.00 3.9581 -2.4260 -2.4260
5825 23.15 89.25 0.00 3.0425 -3.8992 -3.8992
5850 23.15 89.25 0.00 3.0425 -3.8992 -3.8992
5875 23.30 88.93 0.00 3.7150 -3.3319 -3.3319
5900 23.43 88.71 0.00 2.7178 -3.6962 -3.6962
5925 23.52 88.61 0.00 2.7746 -4.1235 -4.1235
5950 23.52 88.61 0.00 2.7746 -4.1235 -4.1235
5975 23.63 88.56 0.00 2.5202 -3.4966 -3.4966
6000 23.71 88.53 0.00 2.7848 -3.6231 -3.6231
6025 23.71 88.53 0.00 2.7848 -3.6231 -3.6231
6050 23.82 88.43 0.00 4.6532 -3.0426 -3.0426
6075 24.03 88.22 0.00 5.0679 -4.1924 -4.1924
6100 24.23 87.88 0.00 5.3583 -2.1687 -2.1687
6125 24.23 87.88 0.00 5.3583 -2.1687 -2.1687
6150 24.45 87.54 0.00 5.5496 -1.2410 -1.2410
6175 24.70 87.18 0.00 6.4561 0.2315 0.2315
6200 24.70 87.18 0.00 6.4561 0.2315 0.2315
6225 24.97 86.73 0.00 6.9536 1.6825 1.6825
6250 25.31 86.10 0.00 9.4774 2.3589 2.3589
6275 25.31 86.10 0.00 9.4774 2.3589 2.3589
6300 25.72 85.19 0.00 10.9247 4.2224 4.2224
6325 26.18 83.79 0.00 11.4538 7.4230 7.4230
6350 26.18 83.79 0.00 11.4538 7.4230 7.4230
6375 26.64 82.04 0.00 11.6760 8.3585 8.3585
6400 27.13 80.11 0.00 12.9893 8.2736 8.2736
6425 27.70 78.24 0.00 15.0471 5.4804 5.4804
6450 27.70 78.24 0.00 15.0471 5.4804 5.4804
6475 28.32 76.49 0.00 15.1382 4.2476 4.2476
6500 28.93 74.86 0.00 15.6449 3.6342 3.6342
6525 28.93 74.86 0.00 15.6449 3.6342 3.6342
6550 29.60 73.22 0.00 17.6900 3.3080 3.3080
6575 30.33 71.56 0.00 17.9686 3.1124 3.1124
6600 30.33 71.56 0.00 17.9686 3.1124 3.1124
6625 31.00 70.09 0.00 16.0380 3.9285 3.9285
6650 31.61 68.66 0.00 15.1486 5.4350 5.4350
6675 31.61 68.66 0.00 15.1486 5.4350 5.4350
6700 32.22 67.27 0.00 15.2796 3.7351 3.7351
6725 32.82 66.10 0.00 14.5224 3.3458 3.3458
6750 32.82 66.10 0.00 14.5224 3.3458 3.3458
6775 33.34 65.05 0.00 11.9272 2.3520 2.3520
6800 33.68 64.42 0.00 10.8628 1.8752 1.8752
6825 34.09 63.78 0.00 10.0724 2.8124 2.8124
6850 34.09 63.78 0.00 10.0724 2.8124 2.8124
6875 34.45 63.32 0.00 7.9805 2.8782 2.8782
6900 34.73 62.82 0.00 6.5568 3.5361 3.5361
6925 34.98 62.23 0.00 6.0451 4.0778 4.0778
6950 34.98 62.23 0.00 6.0451 4.0778 4.0778
6975 35.22 61.46 0.00 5.4792 5.1593 5.1593
7000 35.41 60.57 0.00 4.4323 4.1099 4.1099
7025 35.41 60.57 0.00 4.4323 4.1099 4.1099
7050 35.54 59.70 0.00 2.4597 3.6101 3.6101
7075 35.63 58.97 0.00 2.1760 3.2165 3.2165
7100 35.71 58.34 0.00 2.1539 2.6286 2.6286
7125 35.71 58.34 0.00 2.1539 2.6286 2.6286
7150 35.82 57.81 0.00 2.9644 2.2345 2.2345
7175 35.82 57.81 0.00 2.9644 2.2345 2.2345
7200 35.95 57.35 0.00 3.2490 2.7145 2.7145
7225 36.09 56.79 0.00 3.7665 4.1113 4.1113
7250 36.09 56.79 0.00 3.7665 4.1113 4.1113
7275 36.23 56.16 0.00 3.1755 4.9040 4.9040
7300 36.32 55.57 0.00 2.0902 4.0419 4.0419
7325 36.32 55.57 0.00 2.0902 4.0419 4.0419
7350 36.39 55.02 0.00 1.8914 3.0156 3.0156
7375 36.44 54.58 0.00 0.6150 2.1030 2.1030
7400 36.46 54.38 0.00 0.4930 0.7417 0.7417
7425 36.46 54.38 0.00 0.4930 0.7417 0.7417
7450 36.52 54.36 0.00 1.6793 0.3147 0.3147
7475 36.59 54.31 0.00 1.6765 0.3080 0.3080
7500 36.59 54.31 0.00 1.6765 0.3080 0.3080
7525 36.64 54.22 0.00 1.6022 1.0476 1.0476
7550 36.69 54.11 0.00 1.7981 1.5789 1.5789
7575 36.76 53.86 0.00 1.6287 1.8280 1.8280
7600 36.83 53.54 0.00 1.7939 1.4842 1.4842
7625 36.83 53.54 0.00 1.7939 1.4842 1.4842
7650 36.87 53.26 0.00 0.2003 1.2457 1.2457
7675 36.85 52.99 0.00 -0.3947 0.2702 0.2702
7700 36.85 52.99 0.00 -0.3947 0.2702 0.2702
7725 36.87 52.78 0.00 0.8025 2.0155 2.0155
7750 36.89 52.57 0.00 0.3673 2.0003 2.0003
7775 36.91 52.43 0.00 0.1915 1.2701 1.2701
7800 36.91 52.43 0.00 0.1915 1.2701 1.2701
7825 36.91 52.21 0.00 -0.3077 1.7314 1.7314
7850 36.91 52.21 0.00 -0.3077 1.7314 1.7314
7875 36.89 51.91 0.00 -0.2833 0.9846 0.9846
7900 36.89 51.54 0.00 0.4227 1.4465 1.4465
7925 36.89 51.54 0.00 0.4227 1.4465 1.4465
7950 36.91 51.03 0.00 0.3859 0.4266 0.4266
7975 36.92 50.52 0.00 0.8679 1.8840 1.8840
8000 36.98 49.95 0.00 1.3062 2.0940 2.0940
8025 36.98 49.95 0.00 1.3062 2.0940 2.0940
8050 37.07 49.25 0.00 2.8075 1.4757 1.4757
8075 37.24 48.15 0.00 5.7948 -0.7890 -0.7890
8100 37.24 48.15 0.00 5.7948 -0.7890 -0.7890
8125 37.53 46.94 0.00 7.2831 -1.6301 -1.6301
8150 37.79 45.64 0.00 6.1108 -1.4225 -1.4225
8175 37.79 45.64 0.00 6.1108 -1.4225 -1.4225
8200 37.99 44.46 0.00 4.1434 -0.0521 -0.0521
8225 38.08 43.37 0.00 1.0982 0.8647 0.8647
8250 38.08 43.37 0.00 1.0982 0.8647 0.8647
8275 38.06 42.44 0.00 -1.1947 1.2899 1.2899
8300 38.00 41.82 0.00 -1.8961 1.4363 1.4363
8325 37.92 41.19 0.00 -2.5234 1.9029 1.9029
8350 37.92 41.19 0.00 -2.5234 1.9029 1.9029
8375 37.81 40.71 0.00 -2.9252 1.9630 1.9630
8400 37.70 40.36 0.00 -2.5647 1.2249 1.2249
8425 37.70 40.36 0.00 -2.5647 1.2249 1.2249
8450 37.62 40.08 0.00 -2.0266 0.1876 0.1876
8475 37.53 39.83 0.00 -2.3221 0.0992 0.0992
8500 37.42 39.58 0.00 -2.9465 0.2081 0.2081
8525 37.42 39.58 0.00 -2.9465 0.2081 0.2081
8550 37.28 39.30 0.00 -3.2423 -0.1089 -0.1089
8575 37.15 38.98 0.00 -3.5062 -0.4232 -0.4232
8600 37.15 38.98 0.00 -3.5062 -0.4232 -0.4232
8625 37.03 38.64 0.00 -2.6367 -0.7073 -0.7073
8650 36.98 38.36 0.00 -0.4450 2.0125 2.0125
8675 36.98 38.36 0.00 -0.4450 2.0125 2.0125
8700 36.98 38.02 0.00 0.1885 2.3217 2.3217
8725 37.01 37.63 0.00 1.2074 2.4424 2.4424
8750 37.07 37.12 0.00 1.1868 3.3861 3.3861
8775 37.10 36.55 0.00 1.2589 1.8454 1.8454
8800 37.10 36.55 0.00 1.2589 1.8454 1.8454
8825 37.19 36.02 0.00 2.4103 1.3918 1.3918
8850 37.19 36.02 0.00 2.4103 1.3918 1.3918
8875 37.26 35.47 0.00 0.9998 0.3605 0.3605
8900 37.28 34.99 0.00 0.4494 0.2721 0.2721
8925 37.28 34.51 0.00 -0.0637 1.6544 1.6544
8950 37.28 34.51 0.00 -0.0637 1.6544 1.6544
8975 37.26 33.93 0.00 -0.9120 2.6860 2.6860
9000 37.21 33.34 0.00 -0.7906 2.6341 2.6341
9025 37.21 33.34 0.00 -0.7906 2.6341 2.6341
9050 37.21 32.89 0.00 0.1432 2.6699 2.6699
9075 37.24 32.37 0.00 1.9108 0.9956 0.9956
9100 37.24 32.37 0.00 1.9108 0.9956 0.9956
9125 37.30 31.86 0.00 0.5324 2.8141 2.8141
9150 37.24 31.44 0.00 -2.1659 1.0897 1.0897
9175 37.14 31.08 0.00 -3.7054 0.7148 0.7148
9200 37.14 31.08 0.00 -3.7054 0.7148 0.7148
9225 36.94 30.68 0.00 -5.0901 0.0466 0.0466
9250 36.73 30.23 0.00 -5.7697 -0.8346 -0.8346
9275 36.73 30.23 0.00 -5.7697 -0.8346 -0.8346
9300 36.50 29.69 0.00 -5.5753 -1.1224 -1.1224
9325 36.25 29.12 0.00 -6.7015 -0.7996 -0.7996
9350 35.91 28.55 0.00 -9.4798 -0.8301 -0.8301
9375 35.91 28.55 0.00 -9.4798 -0.8301 -0.8301
9400 35.45 28.02 0.00 -12.8592 -1.4658 -1.4658
9425 34.88 27.53 0.00 -15.9469 -3.6471 -3.6471
9450 34.88 27.53 0.00 -15.9469 -3.6471 -3.6471
9475 34.18 27.02 0.00 -18.3204 -4.7162 -4.7162
9500 33.37 26.50 0.00 -21.0324 -5.9633 -5.9633
9525 33.37 26.50 0.00 -21.0324 -5.9633 -5.9633
9550 32.46 25.94 0.00 -23.8033 -6.4009 -6.4009
9575 31.54 25.45 0.00 -22.9991 -6.3673 -6.3673
9600 31.54 25.45 0.00 -22.9991 -6.3673 -6.3673
9625 30.63 25.05 0.00 -21.4721 -7.5948 -7.5948
9650 29.87 24.78 0.00 -18.0136 -7.9651 -7.9651
9675 29.24 24.51 0.00 -14.5437 -7.4000 -7.4000
9700 29.24 24.51 0.00 -14.5437 -7.4000 -7.4000
9725 28.74 24.29 0.00 -10.7359 -6.9859 -6.9859
9750 28.40 24.03 0.00 -7.5910 -7.7709 -7.7709
9775 28.40 24.03 0.00 -7.5910 -7.7709 -7.7709
9800 28.16 23.72 0.00 -5.1175 -6.2041 -6.2041
9825 28.16 23.72 0.00 -5.1175 -6.2041 -6.2041
9850 28.01 23.38 0.00 -2.5526 -5.2159 -5.2159
9875 27.98 23.17 0.00 -0.8251 -4.5677 -4.5677
9900 28.00 22.90 0.00 1.1638 -2.6528 -2.6528
9925 28.07 22.66 0.00 2.1584 -1.4875 -1.4875
9950 28.07 22.66 0.00 2.1584 -1.4875 -1.4875
9975 28.16 22.40 0.00 2.9144 -0.2271 -0.2271
10000 28.32 22.14 0.00 4.5036 1.0131 1.0131
10025 28.32 22.14 0.00 4.5036 1.0131 1.0131
10050 28.53 21.81 0.00 5.5728 1.2554 1.2554
10075 28.78 21.47 0.00 6.2035 1.5516 1.5516
10100 28.78 21.47 0.00 6.2035 1.5516 1.5516
10125 29.04 21.14 0.00 6.3961 1.7709 1.7709
10150 29.25 20.87 0.00 5.1664 1.7562 1.7562
10175 29.25 20.87 0.00 5.1664 1.7562 1.7562
10200 29.42 20.60 0.00 3.5801 1.3041 1.3041
10225 29.55 20.32 0.00 2.6601 0.9803 0.9803
10250 29.62 20.04 0.00 1.5026 0.9219 0.9219
10275 29.62 20.04 0.00 1.5026 0.9219 0.9219
10300 29.65 19.66 0.00 -0.2506 0.4881 0.4881
10325 29.60 19.26 0.00 -1.6987 0.3473 0.3473
10350 29.60 19.26 0.00 -1.6987 0.3473 0.3473
10375 29.49 18.82 0.00 -3.6435 -1.2617 -1.2617
10400 29.29 18.35 0.00 -5.7894 -3.7714 -3.7714
10425 29.04 17.86 0.00 -6.7279 -5.7905 -5.7905
10450 29.04 17.86 0.00 -6.7279 -5.7905 -5.7905
10475 28.78 17.43 0.00 -6.6547 -5.3853 -5.3853
10500 28.78 17.43 0.00 -6.6547 -5.3853 -5.3853
10525 28.43 17.06 0.00 -9.7961 -6.2597 -6.2597
10550 27.98 16.88 0.00 -12.3189 -6.3619 -6.3619
10575 27.46 16.78 0.00 -12.6318 -6.2177 -6.2177
10600 27.46 16.78 0.00 -12.6318 -6.2177 -6.2177
10625 27.08 16.68 0.00 -13.1836 -7.0846 -7.0846
10650 26.55 16.53 0.00 -12.9380 -7.4279 -7.4279
10675 26.55 16.53 0.00 -12.9380 -7.4279 -7.4279
10700 26.01 16.32 0.00 -13.9009 -9.4999 -9.4999
10725 25.47 16.11 0.00 -12.2936 -8.2831 -8.2831
10750 25.03 15.94 0.00 -10.8197 -7.7963 -7.7963
10775 25.03 15.94 0.00 -10.8197 -7.7963 -7.7963
10800 24.62 15.76 0.00 -9.6459 -6.9066 -6.9066
10825 24.27 15.58 0.00 -8.7514 -5.4174 -5.4174
10850 24.27 15.58 0.00 -8.7514 -5.4174 -5.4174
10875 23.91 15.39 0.00 -8.9249 -5.4578 -5.4578
10900 23.58 15.25 0.00 -8.4349 -4.8193 -4.8193
10925 23.58 15.25 0.00 -8.4349 -4.8193 -4.8193
10950 23.22 15.15 0.00 -8.6279 -4.6847 -4.6847
10975 22.87 15.04 0.00 -9.6130 -5.0851 -5.0851
11000 22.46 14.91 0.00 -10.7640 -5.0918 -5.0918
11025 22.46 14.91 0.00 -10.7640 -5.0918 -5.0918
11050 21.95 14.72 0.00 -14.4706 -6.6679 -6.6679
11075 21.29 14.45 0.00 -17.5024 -6.2721 -6.2721
11100 21.29 14.45 0.00 -17.5024 -6.2721 -6.2721
11125 20.55 14.19 0.00 -19.4251 -6.7777 -6.7777
11150 19.73 13.88 0.00 -20.8731 -7.8507 -7.8507
11175 19.73 13.88 0.00 -20.8731 -7.8507 -7.8507
11200 18.89 13.63 0.00 -20.7726 -6.9287 -6.9287
11225 18.07 13.35 0.00 -20.7092 -7.1706 -7.1706
11250 17.22 13.09 0.00 -21.5353 -8.1072 -8.1072
11275 17.22 13.09 0.00 -21.5353 -8.1072 -8.1072
11300 16.35 12.87 0.00 -23.0195 -9.4284 -9.4284
11325 15.25 12.60 0.00 -29.1914 -13.3049 -13.3049
11350 15.25 12.60 0.00 -29.1914 -13.3049 -13.3049
11375 14.02 12.35 0.00 -31.4389 -14.0467 -14.0467
11400 12.83 12.12 0.00 -28.1712 -10.9752 -10.9752
11425 12.83 12.12 0.00 -28.1712 -10.9752 -10.9752
11450 12.05 12.00 0.00 -24.9790 -9.3144 -9.3144
11475 11.11 11.87 0.00 -22.7688 -10.5868 -10.5868
11500 10.27 11.82 0.00 -20.0536 -9.1821 -9.1821
11525 10.27 11.82 0.00 -20.0536 -9.1821 -9.1821
11550 9.56 11.78 0.00 -15.5139 -8.1737 -8.1737
11575 9.03 11.84 0.00 -12.2413 -8.9405 -8.9405
11600 8.64 11.90 0.00 -7.7135 -8.2924 -8.2924
11625 8.64 11.90 0.00 -7.7135 -8.2924 -8.2924
11650 8.44 11.85 0.00 -3.4999 -6.5573 -6.5573
11675 8.33 11.78 0.00 -1.5660 -5.4973 -5.4973
11700 8.33 11.78 0.00 -1.5660 -5.4973 -5.4973
11725 8.33 11.78 0.00 0.8994 -2.7043 -2.7043
11750 8.39 11.81 0.00 1.4645 -2.2629 -2.2629
11775 8.39 11.81 0.00 1.4645 -2.2629 -2.2629
11800 8.48 11.90 0.00 2.9006 -1.5846 -1.5846
11825 8.68 12.11 0.00 6.2368 1.0622 1.0622
11850 8.68 12.11 0.00 6.2368 1.0622 1.0622
11875 9.05 12.48 0.00 11.7998 3.9024 3.9024
11900 9.72 13.05 0.00 20.4765 7.6908 7.6908
11925 9.72 13.05 0.00 20.4765 7.6908 7.6908
11950 10.79 13.90 0.00 30.8351 12.6079 12.6079
11975 12.11 14.89 0.00 34.1768 14.6746 14.6746
12000 13.50 15.84 0.00 35.0185 14.4575 14.4575
12025 13.50 15.84 0.00 35.0185 14.4575 14.4575
12050 14.78 16.62 0.00 29.5496 11.9906 11.9906
12075 15.78 17.12 0.00 21.3672 9.6295 9.6295
12100 15.78 17.12 0.00 21.3672 9.6295 9.6295
12125 16.48 17.50 0.00 15.7838 7.6729 7.6729
12150 16.99 17.72 0.00 11.2355 6.0443 6.0443
12175 17.33 17.88 0.00 6.9571 4.6680 4.6680
12200 17.33 17.88 0.00 6.9571 4.6680 4.6680
12225 17.51 18.01 0.00 5.0063 4.0831 4.0831
12250 17.66 18.14 0.00 3.2307 2.9879 2.9879
12275 17.66 18.14 0.00 3.2307 2.9879 2.9879
12300 17.74 18.23 0.00 1.5718 1.5209 1.5209
12325 17.78 18.21 0.00 1.0819 0.9256 0.9256
12350 17.78 18.21 0.00 1.0819 0.9256 0.9256
12375 17.89 18.18 0.00 3.0224 3.4182 3.4182
12400 17.99 18.21 0.00 2.2842 2.0474 2.0474
12425 18.11 18.31 0.00 3.2008 2.5846 2.5846
12450 18.11 18.31 0.00 3.2008 2.5846 2.5846
12475 18.26 18.54 0.00 4.4529 3.3261 3.3261
12500 18.45 18.83 0.00 4.5952 3.4648 3.4648
12525 18.45 18.83 0.00 4.5952 3.4648 3.4648
12550 18.62 19.05 0.00 4.5576 2.0257 2.0257
12575 18.82 19.20 0.00 4.5979 1.4414 1.4414
12600 18.82 19.20 0.00 4.5979 1.4414 1.4414
12625 18.99 19.24 0.00 4.0405 1.4334 1.4334
12650 19.14 19.31 0.00 3.9582 1.7120 1.7120
12675 19.14 19.31 0.00 3.9582 1.7120 1.7120
12700 19.33 19.45 0.00 5.2540 3.2363 3.2363
12725 19.56 19.66 0.00 6.8122 3.9531 3.9531
12750 19.90 19.98 0.00 9.4020 5.8722 5.8722
12775 20.38 20.40 0.00 13.3026 7.2735 7.2735
12800 20.38 20.40 0.00 13.3026 7.2735 7.2735
12825 20.99 20.97 0.00 15.5508 8.5448 8.5448
12850 20.99 20.97 0.00 15.5508 8.5448 8.5448
12875 21.55 21.52 0.00 12.8325 7.2375 7.2375
12900 21.99 21.99 0.00 9.8437 5.8634 5.8634
12925 22.31 22.37 0.00 7.2601 4.0164 4.0164
12950 22.31 22.37 0.00 7.2601 4.0164 4.0164
12975 22.57 22.73 0.00 6.7988 3.1240 3.1240
13000 22.79 23.00 0.00 7.7440 3.2477 3.2477
13025 22.79 23.00 0.00 7.7440 3.2477 3.2477
13050 23.17 23.42 0.00 9.8216 4.1755 4.1755
13075 23.58 23.88 0.00 10.4304 4.3642 4.3642
13100 23.58 23.88 0.00 10.4304 4.3642 4.3642
13125 23.99 24.35 0.00 10.1699 4.5341 4.5341
13150 24.38 24.80 0.00 8.9794 3.7500 3.7500
13175 24.70 25.17 0.00 7.2283 2.5007 2.5007
13200 24.70 25.17 0.00 7.2283 2.5007 2.5007
13225 24.94 25.44 0.00 5.5892 1.4541 1.4541
13250 25.18 25.64 0.00 6.6382 3.4527 3.4527
13275 25.18 25.64 0.00 6.6382 3.4527 3.4527
13300 25.51 25.88 0.00 9.3389 5.3984 5.3984
13325 25.94 26.19 0.00 11.4526 6.0387 6.0387
13350 26.43 26.62 0.00 13.5940 6.7170 6.7170
13375 26.43 26.62 0.00 13.5940 6.7170 6.7170
13400 27.04 27.09 0.00 15.8934 8.0659 8.0659
13425 27.72 27.65 0.00 18.2806 8.8793 8.8793
13450 27.72 27.65 0.00 18.2806 8.8793 8.8793
13475 28.54 28.40 0.00 21.1587 10.2580 10.2580
13500 29.44 29.18 0.00 23.7322 10.3407 10.3407
13525 30.45 29.99 0.00 26.0182 10.5177 10.5177
13550 30.45 29.99 0.00 26.0182 10.5177 10.5177
13575 31.48 30.78 0.00 25.9485 9.7049 9.7049
13600 31.48 30.78 0.00 25.9485 9.7049 9.7049
13625 32.53 31.64 0.00 25.6803 9.9903 9.9903
13650 33.52 32.43 0.00 24.1797 7.7914 7.7914
13675 34.43 33.18 0.00 21.3235 6.3279 6.3279
13700 34.43 33.18 0.00 21.3235 6.3279 6.3279
13725 35.04 33.71 0.00 19.6856 6.1738 6.1738
13750 35.79 34.55 0.00 18.3898 5.3820 5.3820
13775 35.79 34.55 0.00 18.3898 5.3820 5.3820
13800 36.52 35.62 0.00 17.9701 4.5973 4.5973
13825 37.23 36.71 0.00 17.7266 3.7444 3.7444
13850 37.93 37.77 0.00 18.0406 2.5261 2.5261
13875 37.93 37.77 0.00 18.0406 2.5261 2.5261
13900 38.66 38.79 0.00 17.9526 2.5334 2.5334
13925 39.35 39.77 0.00 17.0249 1.0992 1.0992
13950 39.35 39.77 0.00 17.0249 1.0992 1.0992
13975 40.02 40.79 0.00 16.8928 0.2239 0.2239
14000 40.74 41.92 0.00 18.2553 -0.0996 -0.0996
14025 40.74 41.92 0.00 18.2553 -0.0996 -0.0996
14050 41.48 43.30 0.00 19.0274 -0.6074 -0.6074
14075 42.24 44.92 0.00 18.9328 -0.7210 -0.7210
14100 42.24 44.92 0.00 18.9328 -0.7210 -0.7210
14125 42.99 46.67 0.00 18.2064 -1.2561 -1.2561
14150 42.99 46.67 0.00 18.2064 -1.2561 -1.2561
14175 44.36 49.99 0.00 15.7883 -0.5336 -0.5336
14200 44.36 49.99 0.00 15.7883 -0.5336 -0.5336
14225 44.93 51.39 0.00 13.7769 0.9910 0.9910
14250 45.48 52.83 0.00 13.9533 0.9991 0.9991
14275 45.48 52.83 0.00 13.9533 0.9991 0.9991
14300 46.09 54.39 0.00 15.9080 0.6876 0.6876
14325 46.75 56.15 0.00 17.1483 0.8869 0.8869
14350 46.75 56.15 0.00 17.1483 0.8869 0.8869
14375 47.43 57.96 0.00 17.1015 0.2232 0.2232
14400 48.10 59.58 0.00 16.5294 -0.5086 -0.5086
14425 48.76 61.11 0.00 16.3798 0.3655 0.3655
14450 48.76 61.11 0.00 16.3798 0.3655 0.3655
14475 49.41 62.45 0.00 15.8860 1.2205 1.2205
14500 49.41 62.45 0.00 15.8860 1.2205 1.2205
14525 50.05 63.62 0.00 16.8826 0.3190 0.3190
14550 50.79 64.86 0.00 19.1904 -0.9250 -0.9250
14575 51.38 65.71 0.00 19.9540 -0.7778 -0.7778
14600 52.27 66.92 0.00 24.1563 -1.2457 -1.2457
14625 52.27 66.92 0.00 24.1563 -1.2457 -1.2457
14650 53.37 68.23 0.00 29.2364 -3.1206 -3.1206
14675 54.65 69.40 0.00 33.6362 -5.2207 -5.2207
14700 54.65 69.40 0.00 33.6362 -5.2207 -5.2207
14725 56.06 70.38 0.00 36.2845 -6.6180 -6.6180
14750 57.61 71.14 0.00 41.3388 -7.2029 -7.2029
14775 59.38 71.65 0.00 46.7468 -8.7723 -8.7723
14800 59.38 71.65 0.00 46.7468 -8.7723 -8.7723
14825 61.62 72.01 0.00 61.6799 -13.2021 -13.2021
14850 64.23 72.29 0.00 66.5485 -18.6634 -18.6634
14875 64.23 72.29 0.00 66.5485 -18.6634 -18.6634
14900 66.86 72.49 0.00 65.2761 -15.2130 -15.2130
14925 69.35 72.69 0.00 59.3245 -10.9841 -10.9841
14950 69.35 72.69 0.00 59.3245 -10.9841 -10.9841
14975 71.49 72.97 0.00 50.1778 -6.5645 -6.5645
15000 73.29 73.37 0.00 41.0267 -3.2692 -3.2692
15025 74.67 73.81 0.00 30.3350 -2.7781 -2.7781
15050 74.67 73.81 0.00 30.3350 -2.7781 -2.7781
15075 75.64 74.24 0.00 20.3637 -1.4370 -1.4370
15100 76.16 74.73 0.00 8.9039 0.9321 0.9321
15125 76.16 74.73 0.00 8.9039 0.9321 0.9321
15150 76.25 75.24 0.00 -0.3140 3.4947 3.4947
15175 76.14 75.72 0.00 -3.6102 2.4346 2.4346
15200 76.14 75.72 0.00 -3.6102 2.4346 2.4346
15225 75.94 76.16 0.00 -6.2729 2.1487 2.1487
15250 75.64 76.57 0.00 -7.9013 2.1791 2.1791
15275 75.64 76.57 0.00 -7.9013 2.1791 2.1791
15300 75.30 76.98 0.00 -8.4245 1.0193 1.0193
15325 75.10 77.34 0.00 -5.8831 0.5265 0.5265
15350 75.10 77.34 0.00 -5.8831 0.5265 0.5265
15375 74.95 77.84 0.00 -2.3429 0.7496 0.7496
15400 75.03 78.38 0.00 4.2569 -1.4244 -1.4244
15425 75.40 79.01 0.00 12.5594 -4.6958 -4.6958
15450 75.40 79.01 0.00 12.5594 -4.6958 -4.6958
15475 76.29 79.82 0.00 30.4141 -10.5687 -10.5687
15500 78.05 80.89 0.00 51.9652 -23.1690 -23.1690
15525 78.05 80.89 0.00 51.9652 -23.1690 -23.1690
15550 80.59 82.38 0.00 70.4653 -37.6366 -37.6366
15575 83.61 84.11 0.00 75.8589 -45.5924 -45.5924
15600 86.32 85.41 0.00 60.7717 -38.7735 -38.7735
15625 86.32 85.41 0.00 60.7717 -38.7735 -38.7735
15650 88.15 86.13 0.00 35.9112 -25.0817 -25.0817
15675 89.13 86.52 0.00 19.2334 -13.2217 -13.2217
15700 89.13 86.52 0.00 19.2334 -13.2217 -13.2217
15725 89.61 86.70 0.00 7.5979 -5.9599 -5.9599
15750 89.71 86.90 0.00 -0.2748 -2.6514 -2.6514
15775 89.71 86.90 0.00 -0.2748 -2.6514 -2.6514
15800 89.61 87.21 0.00 -2.9099 -0.1539 -0.1539
15825 89.47 87.50 0.00 -4.1592 -1.6118 -1.6118
15850 89.23 87.79 0.00 -7.6564 -2.1521 -2.1521
15875 89.23 87.79 0.00 -7.6564 -2.1521 -2.1521
15900 88.77 88.07 0.00 -14.2801 -0.2761 -0.2761
15925 88.05 88.12 0.00 -18.3963 2.9709 2.9709
15950 88.05 88.12 0.00 -18.3963 2.9709 2.9709
15975 87.27 88.03 0.00 -20.4015 4.4824 4.4824
16000 86.44 87.98 0.00 -19.8179 6.9803 6.9803
16025 86.44 87.98 0.00 -19.8179 6.9803 6.9803
16050 85.79 87.97 0.00 -13.6265 4.9496 4.9496
16075 85.41 88.10 0.00 -8.0406 0.3522 0.3522
16100 85.16 88.26 0.00 -8.2774 0.5748 0.5748
16125 85.16 88.26 0.00 -8.2774 0.5748 0.5748
16150 84.82 88.43 0.00 -8.6229 2.2733 2.2733
16175 84.51 88.45 0.00 -7.1989 2.9973 2.9973
16200 84.51 88.45 0.00 -7.1989 2.9973 2.9973
16225 84.22 88.35 0.00 -7.9218 2.5776 2.5776
16250 83.87 88.11 0.00 -8.7305 5.2305 5.2305
16275 83.52 87.85 0.00 -9.6003 4.6806 4.6806
16300 83.52 87.85 0.00 -9.6003 4.6806 4.6806
16325 83.52 87.85 0.00 -9.6003 4.6806 4.6806
16350 82.61 87.52 0.00 -12.4283 5.5338 5.5338
16375 82.61 87.52 0.00 -12.4283 5.5338 5.5338
16400 82.05 87.34 0.00 -14.7157 6.4968 6.4968
16425 81.41 87.09 0.00 -16.7195 9.3605 9.3605
16450 81.41 87.09 0.00 -16.7195 9.3605 9.3605
16475 80.71 86.73 0.00 -17.7349 11.3725 11.3725
16500 80.02 86.23 0.00 -16.9701 10.4791 10.4791
16525 79.37 85.62 0.00 -15.4903 9.8560 9.8560
16550 79.37 85.62 0.00 -15.4903 9.8560 9.8560
16575 78.84 84.91 0.00 -12.1607 8.2067 8.2067
16600 78.39 84.12 0.00 -10.8791 6.5509 6.5509
16625 78.39 84.12 0.00 -10.8791 6.5509 6.5509
16650 77.98 83.48 0.00 -10.2400 5.5459 5.5459
16675 77.58 82.99 0.00 -9.3887 5.2868 5.2868
16700 77.58 82.99 0.00 -9.3887 5.2868 5.2868
16725 77.26 82.63 0.00 -6.7943 5.1914 5.1914
16750 77.08 82.28 0.00 -4.1090 4.5169 4.5169
16775 76.98 82.09 0.00 -2.5223 3.5097 3.5097
16800 76.98 82.09 0.00 -2.5223 3.5097 3.5097
16825 76.91 81.74 0.00 -1.1754 3.4166 3.4166
16850 76.87 81.43 0.00 -1.6930 2.8419 2.8419
16875 76.87 81.43 0.00 -1.6930 2.8419 2.8419
16900 76.79 80.98 0.00 -2.2580 2.5351 2.5351
16925 76.70 80.58 0.00 -1.7060 3.8436 3.8436
16950 76.68 80.30 0.00 0.7346 1.8924 1.8924
16975 76.68 80.30 0.00 0.7346 1.8924 1.8924
17000 76.85 80.11 0.00 8.0196 -0.3332 -0.3332
17025 77.43 79.82 0.00 18.4589 -2.8158 -2.8158
17050 77.43 79.82 0.00 18.4589 -2.8158 -2.8158
17075 78.28 79.23 0.00 22.3213 -4.3629 -4.3629
17100 79.13 78.41 0.00 20.1618 -2.2237 -2.2237
17125 79.13 78.41 0.00 20.1618 -2.2237 -2.2237
17150 79.85 77.37 0.00 16.4415 1.0484 1.0484
17175 80.40 76.17 0.00 11.4969 3.3351 3.3351
17200 80.40 76.17 0.00 11.4969 3.3351 3.3351
17225 80.73 74.89 0.00 5.2606 4.6268 4.6268
17250 80.74 73.65 0.00 -2.6102 8.1549 8.1549
17275 80.52 72.28 0.00 -7.0755 12.0092 12.0092
17300 80.52 72.28 0.00 -7.0755 12.0092 12.0092
17325 80.19 70.84 0.00 -8.7763 12.0385 12.0385
17350 79.81 69.35 0.00 -10.4684 12.2387 12.2387
17375 79.81 69.35 0.00 -10.4684 12.2387 12.2387
17400 79.43 67.80 0.00 -7.8544 13.5606 13.5606
17425 79.24 66.12 0.00 -2.6615 11.2554 11.2554
17450 79.24 66.12 0.00 -2.6615 11.2554 11.2554
17475 79.20 64.49 0.00 -0.0843 9.0610 9.0610
17500 79.19 62.91 0.00 -1.7186 9.4062 9.4062
17525 79.07 61.45 0.00 -2.7007 10.6892 10.6892
17550 79.07 61.45 0.00 -2.7007 10.6892 10.6892
17575 79.01 60.11 0.00 -0.8790 8.6560 8.6560
17600 79.05 58.89 0.00 2.3117 7.1004 7.1004
17625 79.05 58.89 0.00 2.3117 7.1004 7.1004
17650 79.20 58.08 0.00 6.4467 7.0344 7.0344
17675 79.56 57.08 0.00 10.8819 5.6408 5.6408
17700 79.56 57.08 0.00 10.8819 5.6408 5.6408
17725 80.08 56.27 0.00 13.8404 3.5634 3.5634
17750 80.65 55.62 0.00 13.9128 3.3406 3.3406
17775 81.11 55.17 0.00 9.8275 2.2481 2.2481
17800 81.11 55.17 0.00 9.8275 2.2481 2.2481
17825 81.43 54.98 0.00 7.5497 3.9466 3.9466
17850 81.66 54.97 0.00 4.2111 2.7357 2.7357
17875 81.66 54.97 0.00 4.2111 2.7357 2.7357
17900 81.76 55.03 0.00 1.7734 1.5130 1.5130
17925 81.80 55.10 0.00 0.1470 1.0901 1.0901
17950 81.80 55.10 0.00 0.1470 1.0901 1.0901
17975 81.76 55.16 0.00 -1.6981 -0.6909 -0.6909
18000 81.63 55.23 0.00 -4.1562 -0.4604 -0.4604
18025 81.41 55.24 0.00 -6.6308 0.4400 0.4400
18050 81.41 55.24 0.00 -6.6308 0.4400 0.4400
18075 81.11 55.19 0.00 -7.7094 2.8434 2.8434
18100 80.80 55.13 0.00 -7.7436 2.1381 2.1381
18125 80.80 55.13 0.00 -7.7436 2.1381 2.1381
18150 80.52 55.08 0.00 -6.6155 1.0830 1.0830
18175 80.29 55.04 0.00 -5.1144 0.6717 0.6717
18200 80.29 55.04 0.00 -5.1144 0.6717 0.6717
18225 80.08 54.91 0.00 -5.6786 1.3081 1.3081
18250 79.77 54.71 0.00 -9.1214 3.1960 3.1960
18275 79.77 54.71 0.00 -9.1214 3.1960 3.1960
18300 79.36 54.50 0.00 -11.3388 4.9690 4.9690
18325 78.84 54.14 0.00 -13.8151 4.6509 4.6509
18350 78.26 53.67 0.00 -14.3238 5.1001 5.1001
18375 78.26 53.67 0.00 -14.3238 5.1001 5.1001
18400 77.69 52.97 0.00 -14.2298 6.0381 6.0381
18425 77.28 52.30 0.00 -13.2159 5.8261 5.8261
18450 76.85 51.35 0.00 -8.7602 6.0425 6.0425
18475 76.85 51.35 0.00 -8.7602 6.0425 6.0425
18500 76.59 50.46 0.00 -5.6108 5.1930 5.1930
18525 76.40 49.66 0.00 -4.4433 4.6295 4.6295
18550 76.40 49.66 0.00 -4.4433 4.6295 4.6295
18575 76.23 48.99 0.00 -4.2609 4.4373 4.4373
18600 76.07 48.43 0.00 -4.3040 3.2937 3.2937
18625 76.07 48.43 0.00 -4.3040 3.2937 3.2937
18650 75.88 47.90 0.00 -4.5781 2.5538 2.5538
18675 75.68 47.33 0.00 -5.6299 3.1849 3.1849
18700 75.68 47.33 0.00 -5.6299 3.1849 3.1849
18725 75.42 46.73 0.00 -6.4153 2.5221 2.5221
18750 75.17 46.19 0.00 -5.9505 3.4926 3.4926
18775 74.93 45.70 0.00 -5.8638 2.2467 2.2467
18800 74.93 45.70 0.00 -5.8638 2.2467 2.2467
18825 74.71 45.31 0.00 -5.8111 1.1503 1.1503
18850 74.49 44.98 0.00 -5.2965 2.0148 2.0148
18875 74.49 44.98 0.00 -5.2965 2.0148 2.0148
18900 74.30 44.70 0.00 -4.5979 1.5171 1.5171
18925 74.10 44.39 0.00 -4.9541 1.5051 1.5051
18950 74.10 44.39 0.00 -4.9541 1.5051 1.5051
18975 73.90 44.05 0.00 -5.8634 0.5304 0.5304
19000 73.64 43.67 0.00 -6.9717 1.5881 1.5881
19025 73.31 43.24 0.00 -8.9328 0.9450 0.9450
19050 73.31 43.24 0.00 -8.9328 0.9450 0.9450
19075 72.90 42.80 0.00 -10.2797 0.8197 0.8197
19100 72.48 42.37 0.00 -10.9136 0.6019 0.6019
19125 72.15 42.07 0.00 -10.6350 0.2610 0.2610
19150 72.15 42.07 0.00 -10.6350 0.2610 0.2610
19175 71.75 41.62 0.00 -10.1908 0.3602 0.3602
19200 71.75 41.62 0.00 -10.1908 0.3602 0.3602
19225 71.33 41.16 0.00 -10.9290 0.3788 0.3788
19250 70.87 40.67 0.00 -10.9803 0.1723 0.1723
19275 70.44 40.13 0.00 -11.4804 -0.6772 -0.6772
19300 70.44 40.13 0.00 -11.4804 -0.6772 -0.6772
19325 70.00 39.57 0.00 -9.9624 -0.4328 -0.4328
19350 69.64 38.98 0.00 -8.9127 -0.6919 -0.6919
19375 69.64 38.98 0.00 -8.9127 -0.6919 -0.6919
19400 69.31 38.40 0.00 -7.4917 -0.1336 -0.1336
19425 69.06 37.85 0.00 -5.5350 0.0532 0.0532
19450 69.06 37.85 0.00 -5.5350 0.0532 0.0532
19475 68.86 37.35 0.00 -4.8167 -0.2341 -0.2341
19500 68.68 36.96 0.00 -4.0580 -0.0399 -0.0399
19525 68.57 36.66 0.00 -2.2101 -0.0379 -0.0379
19550 68.57 36.66 0.00 -2.2101 -0.0379 -0.0379
19575 68.50 36.41 0.00 -1.7159 -0.7737 -0.7737
19600 68.43 36.21 0.00 -1.7779 -0.8382 -0.8382
19625 68.43 36.21 0.00 -1.7779 -0.8382 -0.8382
19650 68.37 36.12 0.00 -1.1428 0.9404 0.9404
19675 68.32 36.16 0.00 -1.3118 0.1861 0.1861
19700 68.28 36.27 0.00 -0.6560 -0.6340 -0.6340
19725 68.28 36.27 0.00 -0.6560 -0.6340 -0.6340
19750 68.26 36.39 0.00 -0.0402 0.1600 0.1600
19775 68.28 36.48 0.00 0.5409 0.1084 0.1084
19800 68.28 36.48 0.00 0.5409 0.1084 0.1084
19825 68.32 36.55 0.00 1.4552 0.0756 0.0756
19850 68.37 36.61 0.00 0.6604 -1.1154 -1.1154
19875 68.37 36.61 0.00 0.6604 -1.1154 -1.1154
19900 68.37 36.71 0.00 -0.0110 0.0525 0.0525
19925 68.34 37.04 0.00 -1.3517 -1.4482 -1.4482
19950 68.34 37.04 0.00 -1.3517 -1.4482 -1.4482
19975 68.30 37.54 0.00 -0.9650 -2.0339 -2.0339
20000 68.26 37.98 0.00 -1.3940 -2.9837 -2.9837
20025 68.17 38.61 0.00 -2.7845 -3.2980 -3.2980
20050 68.17 38.61 0.00 -2.7845 -3.2980 -3.2980
20075 68.03 39.23 0.00 -4.2087 -2.5372 -2.5372
20100 67.83 39.77 0.00 -4.8338 -1.8918 -1.8918
20125 67.83 39.77 0.00 -4.8338 -1.8918 -1.8918
20150 67.65 40.27 0.00 -4.6688 -1.9791 -1.9791
20175 67.47 40.66 0.00 -4.2071 -2.1623 -2.1623
20200 67.29 41.00 0.00 -4.8700 -2.9238 -2.9238
20225 67.29 41.00 0.00 -4.8700 -2.9238 -2.9238
20250 67.04 41.46 0.00 -7.3476 -4.1371 -4.1371
20275 66.66 41.99 0.00 -10.3376 -5.4694 -5.4694
20300 66.66 41.99 0.00 -10.3376 -5.4694 -5.4694
20325 66.18 42.60 0.00 -13.0445 -6.3536 -6.3536
20350 65.61 43.32 0.00 -15.4737 -6.4442 -6.4442
20375 64.93 44.09 0.00 -17.3849 -6.4834 -6.4834
20400 64.93 44.09 0.00 -17.3849 -6.4834 -6.4834
20425 64.18 44.99 0.00 -19.8055 -7.5119 -7.5119
20450 63.31 46.08 0.00 -22.8602 -9.0134 -9.0134
20475 63.31 46.08 0.00 -22.8602 -9.0134 -9.0134
20500 62.31 47.50 0.00 -26.1630 -11.2800 -11.2800
20525 61.18 49.17 0.00 -29.5885 -13.9871 -13.9871
20550 61.18 49.17 0.00 -29.5885 -13.9871 -13.9871
20575 59.95 51.10 0.00 -32.2134 -15.5362 -15.5362
20600 58.57 53.40 0.00 -35.5513 -16.8909 -16.8909
20625 58.57 53.40 0.00 -35.5513 -16.8909 -16.8909
20650 57.06 55.82 0.00 -38.9422 -15.6985 -15.6985
20675 55.49 58.17 0.00 -39.5234 -14.7713 -14.7713
20700 55.49 58.17 0.00 -39.5234 -14.7713 -14.7713
20725 53.93 60.69 0.00 -37.7206 -14.2385 -14.2385
20750 52.55 62.59 0.00 -31.9992 -13.0305 -13.0305
20775 51.66 63.65 0.00 -29.3045 -13.8902 -13.8902
20800 51.66 63.65 0.00 -29.3045 -13.8902 -13.8902
20825 50.54 64.89 0.00 -27.0323 -13.1946 -13.1946
20850 49.51 65.78 0.00 -25.3684 -10.5768 -10.5768
20875 49.51 65.78 0.00 -25.3684 -10.5768 -10.5768
20900 48.53 66.57 0.00 -23.4034 -9.4402 -9.4402
20925 47.64 67.30 0.00 -22.1333 -7.3493 -7.3493
20950 46.79 67.82 0.00 -20.2879 -5.9981 -5.9981
20975 46.79 67.82 0.00 -20.2879 -5.9981 -5.9981
21000 46.04 68.12 0.00 -17.9966 -5.0422 -5.0422
21025 45.35 68.28 0.00 -16.7794 -4.8208 -4.8208
21050 45.35 68.28 0.00 -16.7794 -4.8208 -4.8208
21075 44.71 68.34 0.00 -16.0178 -4.5265 -4.5265
21100 44.06 68.31 0.00 -16.1855 -4.0704 -4.0704
21125 43.36 68.26 0.00 -18.9832 -4.9160 -4.9160
21150 43.36 68.26 0.00 -18.9832 -4.9160 -4.9160
21175 42.52 68.26 0.00 -23.1174 -6.2633 -6.2633
21200 42.52 68.26 0.00 -23.1174 -6.2633 -6.2633
21225 41.48 68.35 0.00 -27.9139 -7.3275 -7.3275
21250 40.28 68.53 0.00 -30.6097 -8.2355 -8.2355
21275 39.01 68.80 0.00 -32.8043 -6.8714 -6.8714
21300 39.01 68.80 0.00 -32.8043 -6.8714 -6.8714
21325 37.69 69.17 0.00 -32.9750 -5.0407 -5.0407
21350 36.37 69.54 0.00 -33.1191 -3.7999 -3.7999
21375 36.37 69.54 0.00 -33.1191 -3.7999 -3.7999
21400 34.97 69.93 0.00 -36.5948 -3.7541 -3.7541
21425 33.36 70.38 0.00 -42.5574 -1.2427 -1.2427
21450 32.06 70.76 0.00 -42.9968 0.5476 0.5476
21475 32.06 70.76 0.00 -42.9968 0.5476 0.5476
21500 30.45 71.31 0.00 -38.5231 0.8965 0.8965
21525 29.02 71.97 0.00 -34.6738 1.2812 1.2812
21550 29.02 71.97 0.00 -34.6738 1.2812 1.2812
21575 27.74 72.85 0.00 -29.8471 5.0872 5.0872
21600 26.71 73.68 0.00 -22.9799 6.3945 6.3945
21625 26.71 73.68 0.00 -22.9799 6.3945 6.3945
21650 26.03 74.46 0.00 -13.5777 4.2792 4.2792
21675 25.66 75.16 0.00 -7.2110 1.7318 1.7318
21700 25.66 75.16 0.00 -7.2110 1.7318 1.7318
21725 25.44 75.90 0.00 -4.7311 -0.2269 -0.2269
21750 25.27 76.70 0.00 -3.7747 2.2044 2.2044
21775 25.27 76.70 0.00 -3.7747 2.2044 2.2044
21800 25.14 77.52 0.00 -2.2411 2.8891 2.8891
21825 25.20 78.33 0.00 3.5146 2.5606 2.5606
21850 25.46 79.08 0.00 7.8787 2.0087 2.0087
21875 25.46 79.08 0.00 7.8787 2.0087 2.0087
21900 25.77 79.61 0.00 8.2423 1.0304 1.0304
21925 26.14 80.07 0.00 9.5981 1.3098 1.3098
21950 26.14 80.07 0.00 9.5981 1.3098 1.3098
21975 26.55 80.51 0.00 10.7713 1.3681 1.3681
22000 26.93 80.95 0.00 7.9043 1.4208 1.4208
22025 27.19 81.39 0.00 5.5283 0.4752 0.4752
22050 27.19 81.39 0.00 5.5283 0.4752 0.4752
22075 27.32 81.82 0.00 1.3360 0.3061 0.3061
22100 27.23 82.27 0.00 -4.3587 -0.0279 -0.0279
22125 26.82 82.75 0.00 -13.4686 0.7571 0.7571
22150 26.82 82.75 0.00 -13.4686 0.7571 0.7571
22175 26.16 83.26 0.00 -17.9509 4.3320 4.3320
22200 25.44 83.75 0.00 -17.3761 3.8220 3.8220
22225 25.44 83.75 0.00 -17.3761 3.8220 3.8220
22250 24.83 84.30 0.00 -14.1552 2.6655 2.6655
22275 24.31 84.99 0.00 -13.4795 1.6241 1.6241
22300 24.31 84.99 0.00 -13.4795 1.6241 1.6241
22325 23.88 85.55 0.00 -14.8394 1.8281 1.8281
22350 23.15 86.33 0.00 -20.4460 3.7650 3.7650
22375 23.15 86.33 0.00 -20.4460 3.7650 3.7650
22400 22.29 87.05 0.00 -21.3794 6.0325 6.0325
22425 21.48 87.65 0.00 -18.9199 4.6894 4.6894
22450 20.85 88.23 0.00 -13.7574 2.4914 2.4914
22475 20.85 88.23 0.00 -13.7574 2.4914 2.4914
22500 20.45 88.66 0.00 -7.4196 0.4199 0.4199
22525 20.26 88.87 0.00 -3.4009 -2.7832 -2.7832
22550 20.26 88.87 0.00 -3.4009 -2.7832 -2.7832
22575 20.21 88.99 0.00 -0.2491 -2.8772 -2.8772
22600 20.11 88.98 0.00 -5.5290 -3.7733 -3.7733
22625 19.67 88.86 0.00 -13.3153 1.5861 1.5861
22650 19.67 88.86 0.00 -13.3153 1.5861 1.5861
22675 19.08 88.80 0.00 -15.1039 2.4376 2.4376
22700 18.59 88.74 0.00 -9.6139 0.4481 0.4481
22725 18.59 88.74 0.00 -9.6139 0.4481 0.4481
22750 18.39 88.48 0.00 -1.6542 -2.4085 -2.4085
22775 18.41 88.01 0.00 1.0248 -2.6988 -2.6988
22800 18.41 88.01 0.00 1.0248 -2.6988 -2.6988
22825 18.41 87.41 0.00 -1.3369 0.0100 0.0100
22850 18.24 86.75 0.00 -6.0424 1.9564 1.9564
22875 18.24 86.75 0.00 -6.0424 1.9564 1.9564
22900 17.87 86.12 0.00 -10.8567 3.4156 3.4156
22925 17.35 85.61 0.00 -14.2684 2.9357 2.9357
22950 16.81 85.19 0.00 -12.2884 3.1808 3.1808
22975 16.81 85.19 0.00 -12.2884 3.1808 3.1808
23000 16.46 84.69 0.00 -6.4051 1.0566 1.0566
23025 16.35 84.24 0.00 -1.5828 -1.9301 -1.9301
23050 16.35 84.24 0.00 -1.5828 -1.9301 -1.9301
23075 16.33 83.80 0.00 0.0762 -2.5118 -2.5118
23100 16.35 83.47 0.00 1.1858 -1.6647 -1.6647
23125 16.35 83.05 0.00 -1.2235 -1.4334 -1.4334
23150 16.35 83.05 0.00 -1.2235 -1.4334 -1.4334
23175 16.25 82.81 0.00 -3.1969 0.1893 0.1893
23200 16.11 82.70 0.00 -2.6131 -0.1299 -0.1299
23225 16.11 82.70 0.00 -2.6131 -0.1299 -0.1299
23250 16.05 82.63 0.00 -0.7069 -1.7944 -1.7944
23275 16.05 82.63 0.00 -0.7069 -1.7944 -1.7944
23300 16.05 82.56 0.00 -0.1119 -2.9465 -2.9465
23325 16.07 82.50 0.00 1.0669 0.7688 0.7688
23350 16.13 82.49 0.00 1.3597 0.8867 0.8867
23375 16.13 82.49 0.00 1.3597 0.8867 0.8867
23400 16.19 82.51 0.00 1.8604 1.0824 1.0824
23425 16.25 82.50 0.00 1.5576 0.4182 0.4182
23450 16.31 82.43 0.00 1.5217 0.0452 0.0452
23475 16.31 82.43 0.00 1.5217 0.0452 0.0452
23500 16.40 82.36 0.00 2.9212 -0.5255 -0.5255
23525 16.56 82.22 0.00 4.6615 -2.9250 -2.9250
23550 16.56 82.22 0.00 4.6615 -2.9250 -2.9250
23575 16.81 82.05 0.00 6.9964 -1.9478 -1.9478
23600 17.14 81.86 0.00 9.0710 -2.4075 -2.4075
23625 17.57 81.61 0.00 12.0637 -1.6157 -1.6157
23650 17.57 81.61 0.00 12.0637 -1.6157 -1.6157
23675 18.11 81.27 0.00 14.8194 -1.7395 -1.7395
23700 18.78 80.85 0.00 18.0214 -2.3913 -2.3913
23725 18.78 80.85 0.00 18.0214 -2.3913 -2.3913
23750 19.58 80.36 0.00 21.2066 -2.7440 -2.7440
23775 20.47 79.87 0.00 22.9638 -2.0056 -2.0056
23800 20.47 79.87 0.00 22.9638 -2.0056 -2.0056
23825 21.46 79.38 0.00 25.1868 -3.4319 -3.4319
23850 22.23 78.99 0.00 26.1883 -4.1318 -4.1318
23875 22.23 78.99 0.00 26.1883 -4.1318 -4.1318
23900 23.22 78.48 0.00 23.4137 -3.5094 -3.5094
23925 24.06 78.02 0.00 19.3343 -2.0535 -2.0535
23950 24.75 77.59 0.00 16.8873 -1.1699 -1.1699
23975 24.75 77.59 0.00 16.8873 -1.1699 -1.1699
24000 25.40 77.22 0.00 15.6168 -0.4044 -0.4044
24025 25.97 76.94 0.00 13.2820 0.1263 0.1263
24050 25.97 76.94 0.00 13.2820 0.1263 0.1263
24075 26.43 76.73 0.00 10.5351 0.7454 0.7454
24100 26.80 76.55 0.00 8.4346 0.9362 0.9362
24125 26.80 76.55 0.00 8.4346 0.9362 0.9362
24150 27.12 76.37 0.00 7.3530 0.6432 0.6432
24175 27.41 76.18 0.00 7.4369 -0.2057 -0.2057
24200 27.74 76.00 0.00 9.2762 1.1570 1.1570
24225 27.74 76.00 0.00 9.2762 1.1570 1.1570
24250 28.18 75.81 0.00 11.5528 1.5847 1.5847
24275 28.71 75.65 0.00 14.4110 1.1479 1.1479
24300 28.71 75.65 0.00 14.4110 1.1479 1.1479
24325 29.36 75.41 0.00 17.7808 0.8358 0.8358
24350 30.18 75.11 0.00 22.5270 -0.5772 -0.5772
24375 31.20 74.73 0.00 26.8200 -3.8356 -3.8356
24400 31.20 74.73 0.00 26.8200 -3.8356 -3.8356
24425 32.35 74.34 0.00 30.3308 -6.5524 -6.5524
24450 33.64 73.95 0.00 32.8027 -5.9317 -5.9317
24475 33.64 73.95 0.00 32.8027 -5.9317 -5.9317
24500 35.00 73.47 0.00 35.6147 -4.8209 -4.8209
24525 36.64 72.93 0.00 43.7921 -6.1558 -6.1558
24550 36.64 72.93 0.00 43.7921 -6.1558 -6.1558
24575 38.57 72.30 0.00 50.1103 -8.0065 -8.0065
24600 40.69 71.68 0.00 55.0870 -9.0745 -9.0745
24625 43.04 70.99 0.00 60.0639 -10.2678 -10.2678
24650 43.04 70.99 0.00 60.0639 -10.2678 -10.2678
24675 44.86 70.48 0.00 61.1493 -11.4266 -11.4266
24700 47.26 69.79 0.00 57.2865 -10.7038 -10.7038
24725 47.26 69.79 0.00 57.2865 -10.7038 -10.7038
24750 49.30 69.14 0.00 47.7688 -6.1705 -6.1705
24775 50.99 68.58 0.00 38.6428 -1.7688 -1.7688
24800 52.36 68.11 0.00 31.8577 0.1555 0.1555
24825 52.36 68.11 0.00 31.8577 0.1555 0.1555
24850 53.46 67.68 0.00 25.3905 0.7469 0.7469
24875 54.35 67.28 0.00 20.2198 1.0830 1.0830
24900 54.35 67.28 0.00 20.2198 1.0830 1.0830
24925 55.00 66.99 0.00 13.1674 2.6302 2.6302
24950 55.31 66.81 0.00 4.6919 3.9249 3.9249
24975 55.31 66.81 0.00 4.6919 3.9249 3.9249
25000 55.38 66.80 0.00 0.5370 4.2305 4.2305
25025 55.36 66.78 0.00 -0.7378 3.0762 3.0762
25050 55.33 66.78 0.00 -0.9408 2.2142 2.2142
25075 55.33 66.78 0.00 -0.9408 2.2142 2.2142
25100 55.29 66.78 0.00 -0.7328 3.3987 3.3987
25125 55.26 66.81 0.00 -0.9202 5.3457 5.3457
25150 55.26 66.81 0.00 -0.9202 5.3457 5.3457
25175 55.21 66.90 0.00 -1.4604 5.0102 5.0102
25200 55.17 67.05 0.00 -1.0446 5.2424 5.2424
25225 55.17 67.05 0.00 -1.0446 5.2424 5.2424
25250 55.10 67.16 0.00 -2.2624 4.8046 4.8046
25275 54.96 67.23 0.00 -3.7267 5.0833 5.0833
25300 54.96 67.23 0.00 -3.7267 5.0833 5.0833
25325 54.89 67.25 0.00 -1.7436 4.5049 4.5049
25350 54.93 67.12 0.00 2.3777 2.1548 2.1548
25375 54.93 67.12 0.00 2.3777 2.1548 2.1548
25400 55.12 66.92 0.00 6.0989 2.4145 2.4145
25425 55.38 66.76 0.00 7.3838 1.2660 1.2660
25450 55.70 66.67 0.00 8.1980 0.6131 0.6131
25475 55.70 66.67 0.00 8.1980 0.6131 0.6131
25500 56.12 66.57 0.00 11.8671 -0.3844 -0.3844
25525 56.66 66.45 0.00 13.7900 -2.6368 -2.6368
25550 57.22 66.35 0.00 14.6374 -1.1272 -1.1272
25575 57.22 66.35 0.00 14.6374 -1.1272 -1.1272
25600 57.84 66.19 0.00 15.1399 -1.2604 -1.2604
25625 58.36 66.05 0.00 12.3593 -0.9150 -0.9150
25650 58.36 66.05 0.00 12.3593 -0.9150 -0.9150
25675 58.77 65.92 0.00 8.0790 0.9740 0.9740
25700 58.96 65.77 0.00 3.3746 1.3685 1.3685
25725 58.96 65.77 0.00 3.3746 1.3685 1.3685
25750 59.07 65.68 0.00 2.5515 1.7243 1.7243
25775 59.21 65.59 0.00 4.7094 0.4201 0.4201
25800 59.51 65.53 0.00 8.9131 -1.2477 -1.2477
25825 59.51 65.53 0.00 8.9131 -1.2477 -1.2477
25850 59.91 65.43 0.00 10.5184 -1.7513 -1.7513
25875 60.33 65.31 0.00 10.6440 -0.8484 -0.8484
25900 60.33 65.31 0.00 10.6440 -0.8484 -0.8484
25925 60.76 65.17 0.00 10.6078 -0.5839 -0.5839
25950 61.18 65.01 0.00 10.7307 0.2442 0.2442
25975 61.18 65.01 0.00 10.7307 0.2442 0.2442
26000 61.68 64.79 0.00 14.0180 0.0650 0.0650
26025 62.42 64.50 0.00 20.7988 -0.5466 -0.5466
26050 63.40 64.19 0.00 25.8854 -1.7250 -1.7250
26075 63.40 64.19 0.00 25.8854 -1.7250 -1.7250
26100 64.50 63.84 0.00 28.4890 -2.3724 -2.3724
26125 65.66 63.43 0.00 29.5638 -1.2844 -1.2844
26150 65.66 63.43 0.00 29.5638 -1.2844 -1.2844
26175 66.55 62.98 0.00 29.9412 0.2376 0.2376
26200 67.72 62.23 0.00 27.7981 0.7414 0.7414
26225 67.72 62.23 0.00 27.7981 0.7414 0.7414
26250 68.75 61.24 0.00 24.7072 1.9839 1.9839
26275 69.66 59.92 0.00 21.7455 7.0656 7.0656
26300 70.53 58.33 0.00 21.8070 5.9530 5.9530
26325 70.53 58.33 0.00 21.8070 5.9530 5.9530
26350 71.31 56.85 0.00 17.4071 6.8304 6.8304
26375 71.84 55.78 0.00 10.6939 9.5487 9.5487
26400 71.84 55.78 0.00 10.6939 9.5487 9.5487
26425 72.06 54.97 0.00 1.6375 9.9389 9.9389
26450 71.95 54.39 0.00 -4.7759 8.1300 8.1300
26475 71.95 54.39 0.00 -4.7759 8.1300 8.1300
26500 71.58 54.06 0.00 -12.6385 8.8864 8.8864
26525 70.95 54.03 0.00 -17.6506 9.1235 9.1235
26550 70.95 54.03 0.00 -17.6506 9.1235 9.1235
26575 70.25 54.00 0.00 -16.1065 6.4792 6.4792
26600 69.67 53.99 0.00 -13.2417 3.7513 3.7513
26625 69.67 53.99 0.00 -13.2417 3.7513 3.7513
26650 69.24 53.98 0.00 -9.1354 3.0803 3.0803
26675 68.95 54.01 0.00 -6.3712 1.5940 1.5940
26700 68.71 54.08 0.00 -6.1270 0.5652 0.5652
26725 68.71 54.08 0.00 -6.1270 0.5652 0.5652
26750 68.46 54.22 0.00 -6.2618 1.6274 1.6274
26775 68.23 54.38 0.00 -5.4420 1.3885 1.3885
26800 68.23 54.38 0.00 -5.4420 1.3885 1.3885
26825 68.06 54.54 0.00 -2.5996 0.9046 0.9046
26850 68.03 54.61 0.00 -0.4759 0.2569 0.2569
26875 68.03 54.61 0.00 -0.4759 0.2569 0.2569
26900 68.03 54.55 0.00 -0.1885 0.3409 0.3409
26925 68.01 54.50 0.00 -0.3305 1.0393 1.0393
26950 68.03 54.52 0.00 1.0468 1.2440 1.2440
26975 68.08 54.55 0.00 1.6177 0.2061 0.2061
27000 68.08 54.55 0.00 1.6177 0.2061 0.2061
27025 68.21 54.57 0.00 4.2464 1.4693 1.4693
27050 68.52 54.44 0.00 9.7446 0.1819 0.1819
27075 68.52 54.44 0.00 9.7446 0.1819 0.1819
27100 69.02 54.25 0.00 15.1415 -0.4804 -0.4804
27125 69.73 53.99 0.00 19.0945 -0.8813 -0.8813
27150 69.73 53.99 0.00 19.0945 -0.8813 -0.8813
27175 70.58 53.61 0.00 22.3109 -1.6480 -1.6480
27200 71.51 53.21 0.00 23.0011 -0.3414 -0.3414
27225 72.39 52.80 0.00 21.8193 -0.7272 -0.7272
27250 72.39 52.80 0.00 21.8193 -0.7272 -0.7272
27275 73.25 52.41 0.00 21.6206 0.2789 0.2789
27300 74.08 52.07 0.00 18.9923 0.0598 0.0598
27325 74.08 52.07 0.00 18.9923 0.0598 0.0598
27350 74.71 51.66 0.00 13.8848 -0.1138 -0.1138
27375 75.06 51.32 0.00 4.7886 2.8874 2.8874
27400 75.06 51.32 0.00 4.7886 2.8874 2.8874
27425 75.06 51.14 0.00 -3.1366 4.2577 4.2577
27450 74.88 51.00 0.00 -4.7155 2.2130 2.2130
27475 74.88 51.00 0.00 -4.7155 2.2130 2.2130
27500 74.69 50.83 0.00 -4.5460 1.6450 1.6450
27525 74.53 50.72 0.00 -4.3873 1.6726 1.6726
27550 74.34 50.65 0.00 -4.5895 1.7443 1.7443
27575 74.34 50.65 0.00 -4.5895 1.7443 1.7443
27600 74.16 50.57 0.00 -4.8366 0.8962 0.8962
27625 74.01 50.53 0.00 -4.7080 1.3758 1.3758
27650 74.01 50.53 0.00 -4.7080 1.3758 1.3758
27675 73.82 50.46 0.00 -4.8797 2.2460 2.2460
27700 73.82 50.46 0.00 -4.8797 2.2460 2.2460
27725 73.55 50.35 0.00 -6.0684 1.8509 1.8509
27750 73.34 50.27 0.00 -6.4596 1.3401 1.3401
27775 73.11 50.15 0.00 -6.2191 1.7002 1.7002
27800 72.85 49.98 0.00 -6.2648 1.4573 1.4573
27825 72.85 49.98 0.00 -6.2648 1.4573 1.4573
27850 72.59 49.82 0.00 -6.2395 3.9046 3.9046
27875 72.32 49.62 0.00 -7.9016 4.9911 4.9911
27900 72.32 49.62 0.00 -7.9016 4.9911 4.9911
27925 71.97 49.42 0.00 -8.6897 4.2932 4.2932
27950 71.58 49.06 0.00 -10.4084 5.8918 5.8918
27975 71.58 49.06 0.00 -10.4084 5.8918 5.8918
28000 71.11 48.43 0.00 -12.4485 6.6162 6.6162
28025 70.53 47.50 0.00 -16.3340 9.2916 9.2916
28050 69.75 46.35 0.00 -21.7617 9.2122 9.2122
28075 69.75 46.35 0.00 -21.7617 9.2122 9.2122
28100 68.90 45.16 0.00 -19.9405 8.3810 8.3810
28125 68.90 45.16 0.00 -19.9405 8.3810 8.3810
28150 68.17 44.08 0.00 -17.3062 7.3357 7.3357
28175 67.54 43.09 0.00 -14.1009 4.8267 4.8267
28200 67.04 42.19 0.00 -12.0638 5.6240 5.6240
28225 67.04 42.19 0.00 -12.0638 5.6240 5.6240
28250 66.61 41.32 0.00 -10.1507 5.9354 5.9354
28275 66.23 40.53 0.00 -8.9039 5.2158 5.2158
28300 65.89 39.80 0.00 -8.3675 4.8866 4.8866
28325 65.89 39.80 0.00 -8.3675 4.8866 4.8866
28350 65.57 39.20 0.00 -7.4496 5.5157 5.5157
28375 65.57 39.20 0.00 -7.4496 5.5157 5.5157
28400 65.28 38.73 0.00 -6.8472 4.9842 4.9842
28425 65.05 38.36 0.00 -4.9434 4.8965 4.8965
28450 64.89 38.04 0.00 -3.8951 4.4732 4.4732
28475 64.89 38.04 0.00 -3.8951 4.4732 4.4732
28500 64.75 37.72 0.00 -3.7009 4.4918 4.4918
28525 64.61 37.44 0.00 -3.4573 3.7089 3.7089
28550 64.61 37.44 0.00 -3.4573 3.7089 3.7089
28575 64.52 37.24 0.00 -2.6534 3.4911 3.4911
28600 64.43 36.89 0.00 -2.0614 3.7789 3.7789
28625 64.34 36.54 0.00 -2.4212 3.9199 3.9199
28650 64.34 36.54 0.00 -2.4212 3.9199 3.9199
28675 64.23 36.08 0.00 -2.7301 4.5093 4.5093
28700 64.09 35.58 0.00 -4.3992 3.6758 3.6758
28725 64.09 35.58 0.00 -4.3992 3.6758 3.6758
28750 63.86 35.00 0.00 -6.5816 3.5336 3.5336
28775 63.57 34.41 0.00 -7.3602 4.0588 4.0588
28800 63.57 34.41 0.00 -7.3602 4.0588 4.0588
28825 63.27 33.85 0.00 -7.7105 2.4091 2.4091
28850 63.27 33.85 0.00 -7.7105 2.4091 2.4091
28875 62.97 33.28 0.00 -7.1532 2.4310 2.4310
28900 62.69 32.68 0.00 -6.6079 3.4308 3.4308
28925 62.44 32.09 0.00 -6.5583 2.7470 2.7470
28950 62.14 31.56 0.00 -7.9782 1.2581 1.2581
28975 62.14 31.56 0.00 -7.9782 1.2581 1.2581
29000 61.76 30.99 0.00 -9.8189 1.3959 1.3959
29025 61.38 30.41 0.00 -10.2840 1.6346 1.6346
29050 60.95 29.88 0.00 -10.6815 -0.0348 -0.0348
29075 60.95 29.88 0.00 -10.6815 -0.0348 -0.0348
29100 60.51 29.45 0.00 -11.3962 -1.2493 -1.2493
29125 60.03 29.17 0.00 -12.2575 -0.8890 -0.8890
29150 60.03 29.17 0.00 -12.2575 -0.8890 -0.8890
29175 59.51 28.95 0.00 -13.2789 -0.6090 -0.6090
29200 58.98 28.61 0.00 -13.5042 0.2245 0.2245
29225 58.98 28.61 0.00 -13.5042 0.2245 0.2245
29250 58.40 28.28 0.00 -14.8227 -0.2213 -0.2213
29275 57.76 28.00 0.00 -16.8051 -1.0170 -1.0170
29300 57.76 28.00 0.00 -16.8051 -1.0170 -1.0170
29325 57.06 27.79 0.00 -17.3639 -2.2622 -2.2622
29350 56.55 27.65 0.00 -17.4178 -2.9339 -2.9339
29375 56.55 27.65 0.00 -17.4178 -2.9339 -2.9339
29400 55.85 27.50 0.00 -16.9987 -3.5143 -3.5143
29425 55.21 27.25 0.00 -15.5717 -3.3001 -3.3001
29450 54.61 26.88 0.00 -14.9118 -1.9882 -1.9882
29475 54.61 26.88 0.00 -14.9118 -1.9882 -1.9882
29500 54.02 26.47 0.00 -14.2283 -2.5096 -2.5096
29525 53.49 26.11 0.00 -12.5260 -2.3469 -2.3469
29550 53.49 26.11 0.00 -12.5260 -2.3469 -2.3469
29575 53.04 25.79 0.00 -10.5230 -1.9115 -1.9115
29600 52.67 25.48 0.00 -8.3437 -2.5034 -2.5034
29625 52.67 25.48 0.00 -8.3437 -2.5034 -2.5034
29650 52.41 25.27 0.00 -5.5593 -0.4251 -0.4251
29675 52.41 25.27 0.00 -5.5593 -0.4251 -0.4251
29700 52.18 25.16 0.00 -1.1959 -0.1892 -0.1892
29725 52.18 25.16 0.00 -1.1959 -0.1892 -0.1892
29750 52.16 25.27 0.00 -0.0124 0.8184 0.8184
29775 52.18 25.34 0.00 0.8792 0.7474 0.7474
29800 52.18 25.34 0.00 0.8792 0.7474 0.7474
29825 52.23 25.41 0.00 1.3891 1.0699 1.0699
29850 52.27 25.45 0.00 0.7945 0.6012 0.6012
29875 52.30 25.48 0.00 0.8658 1.9711 1.9711
29900 52.30 25.48 0.00 0.8658 1.9711 1.9711
29925 52.32 25.52 0.00 0.6000 1.9184 1.9184
29950 52.36 25.59 0.00 1.1952 1.8663 1.8663
29975 52.36 25.59 0.00 1.1952 1.8663 1.8663
30000 52.43 25.70 0.00 1.4711 1.6268 1.6268
30025 52.46 25.77 0.00 0.8393 1.3214 1.3214
30050 52.46 25.77 0.00 0.8393 1.3214 1.3214
30075 52.46 25.76 0.00 -0.5845 2.1313 2.1313
30100 52.43 25.66 0.00 -1.3543 2.3686 2.3686
30125 52.36 25.48 0.00 -2.3694 1.6401 1.6401
30150 52.36 25.48 0.00 -2.3694 1.6401 1.6401
30175 52.25 25.36 0.00 -2.5451 0.4955 0.4955
30200 52.16 25.34 0.00 -2.0481 -0.7277 -0.7277
30225 52.16 25.34 0.00 -2.0481 -0.7277 -0.7277
30250 52.09 25.54 0.00 -1.8828 -1.0685 -1.0685
30275 51.99 25.79 0.00 -2.9660 -1.7258 -1.7258
30300 51.99 25.79 0.00 -2.9660 -1.7258 -1.7258
30325 51.85 26.05 0.00 -3.9140 -1.2727 -1.2727
30350 51.68 26.30 0.00 -4.6692 -1.4110 -1.4110
30375 51.68 26.30 0.00 -4.6692 -1.4110 -1.4110
30400 51.47 26.66 0.00 -5.4609 -1.8888 -1.8888
30425 51.22 27.24 0.00 -6.2208 -2.1553 -2.1553
30450 50.96 27.98 0.00 -7.0902 -1.9146 -1.9146
30475 50.96 27.98 0.00 -7.0902 -1.9146 -1.9146
30500 50.66 28.79 0.00 -7.1942 -1.4136 -1.4136
30525 50.40 29.54 0.00 -5.7564 -0.0901 -0.0901
30550 50.40 29.54 0.00 -5.7564 -0.0901 -0.0901
30575 50.23 30.25 0.00 -3.4776 0.2773 0.2773
30600 50.10 30.95 0.00 -3.1913 -0.7599 -0.7599
30625 49.97 31.55 0.00 -3.5811 -0.7179 -0.7179
30650 49.97 31.55 0.00 -3.5811 -0.7179 -0.7179
30675 49.83 32.05 0.00 -3.7649 -0.4175 -0.4175
30700 49.67 32.39 0.00 -3.4551 -0.7304 -0.7304
30725 49.67 32.39 0.00 -3.4551 -0.7304 -0.7304
30750 49.55 32.69 0.00 -3.0479 -1.2271 -1.2271
30775 49.55 32.69 0.00 -3.0479 -1.2271 -1.2271
30800 49.42 32.88 0.00 -3.1132 -0.3732 -0.3732
30825 49.30 33.08 0.00 -3.0522 0.0155 0.0155
30850 49.16 33.31 0.00 -3.4942 -0.0900 -0.0900
30875 49.06 33.52 0.00 -3.6847 0.0374 0.0374
30900 49.06 33.52 0.00 -3.6847 0.0374 0.0374
30925 48.88 33.84 0.00 -4.4429 -1.0358 -1.0358
30950 48.88 33.84 0.00 -4.4429 -1.0358 -1.0358
30975 48.69 34.17 0.00 -5.1714 -1.2678 -1.2678
31000 48.48 34.54 0.00 -5.2840 -1.0591 -1.0591
31025 48.24 35.00 0.00 -6.7101 -1.4794 -1.4794
31050 48.24 35.00 0.00 -6.7101 -1.4794 -1.4794
31075 47.92 35.50 0.00 -8.3229 -1.3955 -1.3955
31100 47.54 36.08 0.00 -10.4600 -2.1515 -2.1515
31125 47.54 36.08 0.00 -10.4600 -2.1515 -2.1515
31150 47.07 36.78 0.00 -12.0091 -1.8272 -1.8272
31175 46.61 37.60 0.00 -10.9827 -1.3423 -1.3423
31200 46.61 37.60 0.00 -10.9827 -1.3423 -1.3423
31225 46.23 38.52 0.00 -8.8646 -0.3496 -0.3496
31250 45.93 39.37 0.00 -5.8058 -0.1368 -0.1368
31275 45.93 39.37 0.00 -5.8058 -0.1368 -0.1368
31300 45.79 40.25 0.00 -2.6945 0.2491 0.2491
31325 45.72 41.11 0.00 -1.0635 0.8395 0.8395
31350 45.70 41.91 0.00 -0.1151 0.6018 0.6018
31375 45.70 41.91 0.00 -0.1151 0.6018 0.6018
31400 45.72 42.73 0.00 0.8090 0.7870 0.7870
31425 45.77 43.47 0.00 1.9759 0.1611 0.1611
31450 45.77 43.47 0.00 1.9759 0.1611 0.1611
31475 45.91 44.15 0.00 4.3715 1.9440 1.9440
31500 46.14 44.93 0.00 6.2571 1.7050 1.7050
31525 46.14 44.93 0.00 6.2571 1.7050 1.7050
31550 46.40 45.84 0.00 6.9252 0.9323 0.9323
31575 46.63 46.52 0.00 7.4886 1.8221 1.8221
31600 46.94 47.31 0.00 8.1085 2.3591 2.3591
31625 46.94 47.31 0.00 8.1085 2.3591 2.3591
31650 47.28 48.04 0.00 8.9151 1.5127 1.5127
31675 47.66 48.76 0.00 9.4918 -0.1584 -0.1584
31700 48.01 49.37 0.00 8.7058 0.8762 0.8762
31725 48.01 49.37 0.00 8.7058 0.8762 0.8762
31750 48.32 49.90 0.00 7.2122 0.2423 0.2423
31775 48.59 50.40 0.00 6.4044 -0.5453 -0.5453
31800 48.59 50.40 0.00 6.4044 -0.5453 -0.5453
31825 48.85 50.96 0.00 6.2076 0.2176 0.2176
31850 49.07 51.45 0.00 5.4750 -0.4245 -0.4245
31875 49.07 51.45 0.00 5.4750 -0.4245 -0.4245
31900 49.28 51.96 0.00 5.1966 -0.5766 -0.5766
31925 49.46 52.44 0.00 3.4859 -0.0947 -0.0947
