%#        Time[ms]        X[pixel],        Y[pixel],        Z[pixel],  dX/dt[pixel/s],  dY/dt[pixel/s],  dZ/dt[pixel/s] 
0 50.00 50.00 0.00 0.2339 0.1747 0.1747
25 50.00 50.00 0.00 -0.2051 -0.1193 -0.1193
50 50.00 50.00 0.00 -0.2051 -0.1193 -0.1193
75 49.98 49.97 0.00 -0.6376 -0.3067 -0.3067
100 49.97 49.95 0.00 -0.2986 -0.2190 -0.2190
125 49.97 49.95 0.00 0.1990 -0.2187 -0.2187
150 49.97 49.95 0.00 0.1990 -0.2187 -0.2187
175 49.97 49.93 0.00 0.1492 -0.0042 -0.0042
200 49.97 49.93 0.00 -0.2086 0.2061 0.2061
225 49.97 49.93 0.00 -0.2086 0.2061 0.2061
250 49.97 49.93 0.00 -0.0503 0.5141 0.5141
275 49.97 49.93 0.00 0.3721 0.1792 0.1792
300 49.97 49.93 0.00 0.3721 0.1792 0.1792
325 49.98 49.95 0.00 0.3761 -0.5630 -0.5630
350 49.98 49.98 0.00 -0.5758 -0.7207 -0.7207
375 49.93 50.00 0.00 -1.7057 -0.5107 -0.5107
400 49.93 50.00 0.00 -1.7057 -0.5107 -0.5107
425 49.88 50.03 0.00 -0.8247 0.6940 0.6940
450 49.90 50.12 0.00 0.5353 0.0468 0.0468
475 49.90 50.12 0.00 0.5353 0.0468 0.0468
500 49.88 50.28 0.00 -1.3907 -0.6448 -0.6448
525 49.69 50.31 0.00 -7.0521 -0.9046 -0.9046
550 49.69 50.31 0.00 -7.0521 -0.9046 -0.9046
575 49.35 50.16 0.00 -8.3051 -3.8990 -3.8990
600 49.09 49.97 0.00 -5.1752 -4.2394 -4.2394
625 48.92 49.74 0.00 -4.3392 -4.0672 -4.0672
650 48.92 49.74 0.00 -4.3392 -4.0672 -4.0672
675 48.71 49.42 0.00 -5.3552 -2.1212 -2.1212
700 48.48 49.09 0.00 -6.4372 -2.5360 -2.5360
725 48.48 49.09 0.00 -6.4372 -2.5360 -2.5360
750 48.18 48.81 0.00 -8.2222 -2.5412 -2.5412
775 47.64 48.57 0.00 -17.0764 -2.1804 -2.1804
800 46.77 48.36 0.00 -24.2835 -1.0656 -1.0656
825 46.77 48.36 0.00 -24.2835 -1.0656 -1.0656
850 45.72 48.08 0.00 -27.1539 -1.0289 -1.0289
875 44.58 47.77 0.00 -29.3195 -1.2297 -1.2297
900 43.43 47.45 0.00 -27.5191 -1.2554 -1.2554
925 43.43 47.45 0.00 -27.5191 -1.2554 -1.2554
950 42.46 47.19 0.00 -22.2758 -2.9989 -2.9989
975 41.87 47.07 0.00 -18.2337 -4.2572 -4.2572
1000 41.87 47.07 0.00 -18.2337 -4.2572 -4.2572
1025 41.23 46.91 0.00 -14.8093 -5.5111 -5.5111
1050 40.71 46.82 0.00 -12.4973 -5.4849 -5.4849
1075 40.71 46.82 0.00 -12.4973 -5.4849 -5.4849
1100 40.23 46.73 0.00 -11.8857 -4.9256 -4.9256
1125 39.75 46.68 0.00 -11.7651 -3.4836 -3.4836
1150 39.75 46.68 0.00 -11.7651 -3.4836 -3.4836
1175 39.30 46.65 0.00 -11.1899 -3.1440 -3.1440
1200 38.89 46.61 0.00 -9.1964 -3.6396 -3.6396
1225 38.57 46.56 0.00 -7.6517 -3.8572 -3.8572
1250 38.57 46.56 0.00 -7.6517 -3.8572 -3.8572
1275 38.29 46.52 0.00 -6.6411 -4.5217 -4.5217
1300 38.00 46.52 0.00 -7.1836 -3.6633 -3.6633
1325 38.00 46.52 0.00 -7.1836 -3.6633 -3.6633
1350 37.74 46.57 0.00 -6.6613 -1.4778 -1.4778
1375 37.44 46.64 0.00 -8.5975 -2.6097 -2.6097
1400 37.05 46.70 0.00 -9.9840 -1.1619 -1.1619
1425 37.05 46.70 0.00 -9.9840 -1.1619 -1.1619
1450 36.67 46.71 0.00 -9.0029 -1.3249 -1.3249
1475 36.67 46.71 0.00 -9.0029 -1.3249 -1.3249
1500 36.32 46.68 0.00 -8.7307 -1.8984 -1.8984
1525 35.96 46.61 0.00 -9.1492 -3.0304 -3.0304
1550 35.59 46.48 0.00 -9.5553 -2.3252 -2.3252
1575 35.59 46.48 0.00 -9.5553 -2.3252 -2.3252
1600 35.20 46.31 0.00 -9.7645 -2.0241 -2.0241
1625 34.81 46.17 0.00 -10.0002 -2.1557 -2.1557
1650 34.81 46.17 0.00 -10.0002 -2.1557 -2.1557
1675 34.41 46.11 0.00 -9.5916 -2.2852 -2.2852
1700 34.04 46.06 0.00 -9.7738 -2.5390 -2.5390
1725 34.04 46.06 0.00 -9.7738 -2.5390 -2.5390
1750 33.66 46.02 0.00 -8.7462 -2.0734 -2.0734
1775 33.34 45.99 0.00 -7.6069 -1.9972 -1.9972
1800 33.12 45.97 0.00 -6.9872 -1.9644 -1.9644
1825 33.12 45.97 0.00 -6.9872 -1.9644 -1.9644
1850 32.89 45.93 0.00 -5.2547 -1.5029 -1.5029
1875 32.71 45.84 0.00 -3.6177 -1.6111 -1.6111
1900 32.71 45.84 0.00 -3.6177 -1.6111 -1.6111
1925 32.60 45.72 0.00 -1.8863 -0.8396 -0.8396
1950 32.58 45.54 0.00 0.0813 -0.6834 -0.6834
1975 32.60 45.37 0.00 0.9678 -0.2532 -0.2532
2000 32.60 45.37 0.00 0.9678 -0.2532 -0.2532
2025 32.66 45.15 0.00 1.4390 1.3977 1.3977
2050 32.73 44.94 0.00 2.3783 1.5920 1.5920
2075 32.73 44.94 0.00 2.3783 1.5920 1.5920
2100 32.87 44.73 0.00 4.4310 1.4208 1.4208
2125 33.09 44.45 0.00 5.6542 1.0560 1.0560
2150 33.28 44.07 0.00 4.0048 1.3637 1.3637
2175 33.28 44.07 0.00 4.0048 1.3637 1.3637
2200 33.39 43.67 0.00 2.0394 3.1390 3.1390
2225 33.45 43.31 0.00 1.3054 3.5349 3.5349
2250 33.45 43.31 0.00 1.3054 3.5349 3.5349
2275 33.50 43.05 0.00 0.8561 1.9505 1.9505
2300 33.52 42.82 0.00 0.5945 1.6364 1.6364
2325 33.52 42.82 0.00 0.5945 1.6364 1.6364
2350 33.53 42.62 0.00 0.5797 0.5292 0.5292
2375 33.57 42.39 0.00 0.7202 0.3166 0.3166
2400 33.57 42.39 0.00 0.7202 0.3166 0.3166
2425 33.57 42.18 0.00 -0.4945 -1.4294 -1.4294
2450 33.52 41.90 0.00 -1.9340 -0.0780 -0.0780
2475 33.41 41.59 0.00 -3.3798 0.1582 0.1582
2500 33.41 41.59 0.00 -3.3798 0.1582 0.1582
2525 33.27 41.40 0.00 -4.7116 -1.2068 -1.2068
2550 33.27 41.40 0.00 -4.7116 -1.2068 -1.2068
2575 33.05 41.20 0.00 -5.9251 -0.5841 -0.5841
2600 32.78 41.04 0.00 -7.1358 -0.9121 -0.9121
2625 32.46 40.89 0.00 -9.0900 0.2163 0.2163
2650 32.06 40.67 0.00 -10.0806 0.6240 0.6240
2675 32.06 40.67 0.00 -10.0806 0.6240 0.6240
2700 31.65 40.44 0.00 -10.0713 -0.4504 -0.4504
2725 31.65 40.44 0.00 -10.0713 -0.4504 -0.4504
2750 31.29 40.17 0.00 -8.9037 -1.0692 -1.0692
2775 30.94 39.89 0.00 -8.4643 -3.0426 -3.0426
2800 30.94 39.89 0.00 -8.4643 -3.0426 -3.0426
2825 30.58 39.62 0.00 -9.1365 -2.5818 -2.5818
2850 30.20 39.40 0.00 -10.0480 -1.9161 -1.9161
2875 29.78 39.20 0.00 -10.2157 -1.8469 -1.8469
2900 29.78 39.20 0.00 -10.2157 -1.8469 -1.8469
2925 29.44 38.98 0.00 -7.2394 -1.4127 -1.4127
2950 29.22 38.76 0.00 -4.4553 -1.3835 -1.3835
2975 29.07 38.56 0.00 -2.8995 -1.2997 -1.2997
3000 29.07 38.56 0.00 -2.8995 -1.2997 -1.2997
3025 28.98 38.36 0.00 -2.2824 -1.2611 -1.2611
3050 28.98 38.36 0.00 -2.2824 -1.2611 -1.2611
3075 28.89 38.16 0.00 -2.2751 -1.6751 -1.6751
3100 28.78 37.89 0.00 -3.2307 -2.3140 -2.3140
3125 28.67 37.63 0.00 -2.1322 -0.1416 -0.1416
3150 28.60 37.51 0.00 -1.8322 -1.2129 -1.2129
3175 28.60 37.51 0.00 -1.8322 -1.2129 -1.2129
3200 28.53 37.50 0.00 -2.0327 -1.1591 -1.1591
3225 28.45 37.52 0.00 -1.6954 -0.3138 -0.3138
3250 28.45 37.52 0.00 -1.6954 -0.3138 -0.3138
3275 28.40 37.52 0.00 -1.0175 -0.9310 -0.9310
3300 28.36 37.45 0.00 -0.9501 -1.8635 -1.8635
3325 28.36 37.45 0.00 -0.9501 -1.8635 -1.8635
3350 28.32 37.34 0.00 -1.5319 -2.5686 -2.5686
3375 28.27 37.08 0.00 -1.6572 -1.0065 -1.0065
3400 28.27 37.08 0.00 -1.6572 -1.0065 -1.0065
3425 28.20 36.83 0.00 -1.3268 -1.2317 -1.2317
3450 28.14 36.58 0.00 -1.5339 -0.2432 -0.2432
3475 28.14 36.58 0.00 -1.5339 -0.2432 -0.2432
3500 28.11 36.36 0.00 -0.6080 0.2764 0.2764
3525 28.12 36.20 0.00 1.6473 0.8634 0.8634
3550 28.25 36.06 0.00 3.9552 2.8607 2.8607
3575 28.25 36.06 0.00 3.9552 2.8607 2.8607
3600 28.25 36.06 0.00 3.9552 2.8607 2.8607
3625 28.71 35.67 0.00 7.0636 4.2000 4.2000
3650 29.04 35.42 0.00 8.7999 4.4726 4.4726
3675 29.04 35.42 0.00 8.7999 4.4726 4.4726
3700 29.42 35.18 0.00 9.3374 4.4618 4.4618
3725 29.42 35.18 0.00 9.3374 4.4618 4.4618
3750 29.78 34.95 0.00 9.6255 4.7432 4.7432
3775 30.20 34.78 0.00 11.1403 4.5283 4.5283
3800 30.67 34.65 0.00 11.7857 4.2619 4.2619
3825 30.67 34.65 0.00 11.7857 4.2619 4.2619
3850 31.12 34.57 0.00 10.5315 4.1566 4.1566
3875 31.48 34.54 0.00 7.9752 3.5552 3.5552
3900 31.48 34.54 0.00 7.9752 3.5552 3.5552
3925 31.74 34.48 0.00 5.6054 3.1902 3.1902
3950 31.92 34.39 0.00 4.4193 1.2531 1.2531
3975 31.92 34.39 0.00 4.4193 1.2531 1.2531
4000 32.10 34.29 0.00 4.2526 1.6124 1.6124
4025 32.24 34.23 0.00 3.1625 1.7767 1.7767
4050 32.24 34.23 0.00 3.1625 1.7767 1.7767
4075 32.33 34.27 0.00 1.9906 1.4154 1.4154
4100 32.39 34.35 0.00 1.0747 1.6200 1.6200
4125 32.42 34.40 0.00 0.7229 1.7993 1.7993
4150 32.44 34.44 0.00 0.0797 1.0159 1.0159
4175 32.44 34.44 0.00 0.0797 1.0159 1.0159
4200 32.39 34.40 0.00 -1.9254 -1.4948 -1.4948
4225 32.31 34.31 0.00 -1.6165 -0.1928 -0.1928
4250 32.31 34.31 0.00 -1.6165 -0.1928 -0.1928
4275 32.26 34.22 0.00 -1.5484 -0.7592 -0.7592
4300 32.21 34.20 0.00 -0.7590 -0.7891 -0.7891
4325 32.21 34.20 0.00 -0.7590 -0.7891 -0.7891
4350 32.19 34.25 0.00 -0.3670 -0.5579 -0.5579
4375 32.17 34.32 0.00 -0.1777 -0.9635 -0.9635
4400 32.17 34.32 0.00 -0.1777 -0.9635 -0.9635
4425 32.19 34.36 0.00 0.2508 -0.2947 -0.2947
4450 32.22 34.38 0.00 1.6039 0.9149 0.9149
4475 32.31 34.42 0.00 2.7685 1.3076 1.3076
4500 32.31 34.42 0.00 2.7685 1.3076 1.3076
4525 32.46 34.51 0.00 4.3348 2.3485 2.3485
4550 32.66 34.59 0.00 4.8027 2.6068 2.6068
4575 32.66 34.59 0.00 4.8027 2.6068 2.6068
4600 32.85 34.70 0.00 5.2369 2.9127 2.9127
4625 33.10 34.83 0.00 7.2246 3.0625 3.0625
4650 33.10 34.83 0.00 7.2246 3.0625 3.0625
4675 33.45 34.98 0.00 8.9131 2.8449 2.8449
4700 33.82 35.15 0.00 9.8216 3.3223 3.3223
4725 34.25 35.32 0.00 11.2424 3.4617 3.4617
4750 34.25 35.32 0.00 11.2424 3.4617 3.4617
4775 34.59 35.45 0.00 10.6831 2.0168 2.0168
4800 34.97 35.56 0.00 8.8450 1.3787 1.3787
4825 34.97 35.56 0.00 8.8450 1.3787 1.3787
4850 35.29 35.66 0.00 7.2977 0.9474 0.9474
4875 35.29 35.66 0.00 7.2977 0.9474 0.9474
4900 35.55 35.75 0.00 7.2004 1.8426 1.8426
4925 35.86 35.88 0.00 7.0225 1.7759 1.7759
4950 36.12 36.08 0.00 6.7406 1.5057 1.5057
4975 36.39 36.24 0.00 6.4280 2.1629 2.1629
5000 36.39 36.24 0.00 6.4280 2.1629 2.1629
5025 36.62 36.34 0.00 5.6150 1.2171 1.2171
5050 36.85 36.39 0.00 6.2375 2.0710 2.0710
5075 36.85 36.39 0.00 6.2375 2.0710 2.0710
5100 37.12 36.40 0.00 6.4320 0.6912 0.6912
5125 37.40 36.33 0.00 7.8641 1.9906 1.9906
5150 37.40 36.33 0.00 7.8641 1.9906 1.9906
5175 37.74 36.28 0.00 8.7588 2.4348 2.4348
5200 38.15 36.30 0.00 11.1239 3.9270 3.9270
5225 38.15 36.30 0.00 11.1239 3.9270 3.9270
5250 38.62 36.38 0.00 12.5653 4.8196 4.8196
5275 39.15 36.48 0.00 14.0004 4.7113 4.7113
5300 39.75 36.59 0.00 14.9868 5.3390 5.3390
5325 39.75 36.59 0.00 14.9868 5.3390 5.3390
5350 40.35 36.72 0.00 15.3443 5.8110 5.8110
5375 40.97 36.80 0.00 14.9478 5.8022 5.8022
5400 40.97 36.80 0.00 14.9478 5.8022 5.8022
5425 41.57 36.84 0.00 15.2916 5.6705 5.6705
5450 42.18 36.82 0.00 15.2362 4.5436 4.5436
5475 42.76 36.83 0.00 14.1932 4.1238 4.1238
5500 42.76 36.83 0.00 14.1932 4.1238 4.1238
5525 43.29 36.85 0.00 12.0101 3.4380 3.4380
5550 43.69 36.87 0.00 9.2725 3.4989 3.4989
5575 43.69 36.87 0.00 9.2725 3.4989 3.4989
5600 44.01 36.91 0.00 7.2830 4.1683 4.1683
5625 44.27 37.00 0.00 6.1611 3.5926 3.5926
5650 44.27 37.00 0.00 6.1611 3.5926 3.5926
5675 44.44 37.07 0.00 5.6655 2.8258 2.8258
5700 44.65 37.16 0.00 5.2375 2.1999 2.1999
5725 44.65 37.16 0.00 5.2375 2.1999 2.1999
5750 44.86 37.21 0.00 4.8274 1.1173 1.1173
5775 45.04 37.25 0.00 4.1281 1.7267 1.7267
5800 45.04 37.25 0.00 4.1281 1.7267 1.7267
5825 45.18 37.30 0.00 3.3294 1.8678 1.8678
5850 45.28 37.41 0.00 2.1048 0.6534 0.6534
5875 45.37 37.57 0.00 2.8069 1.4478 1.4478
5900 45.37 37.57 0.00 2.8069 1.4478 1.4478
5925 45.55 37.76 0.00 4.8536 0.7567 0.7567
5950 45.79 37.89 0.00 7.2981 1.3659 1.3659
5975 46.12 37.96 0.00 8.5337 0.7081 0.7081
6000 46.12 37.96 0.00 8.5337 0.7081 0.7081
6025 46.47 37.96 0.00 9.2383 2.3561 2.3561
6050 46.47 37.96 0.00 9.2383 2.3561 2.3561
6075 46.82 37.96 0.00 7.9432 2.1082 2.1082
6100 47.12 38.05 0.00 7.4049 1.7497 1.7497
6125 47.42 38.19 0.00 7.2621 1.6582 1.6582
6150 47.42 38.19 0.00 7.2621 1.6582 1.6582
6175 47.70 38.35 0.00 7.3853 0.8743 0.8743
6200 47.99 38.49 0.00 7.0334 1.0812 1.0812
6225 48.27 38.62 0.00 6.8319 0.9115 0.9115
6250 48.27 38.62 0.00 6.8319 0.9115 0.9115
6275 48.52 38.72 0.00 5.6826 -0.0476 -0.0476
6300 48.78 38.86 0.00 7.5790 0.4159 0.4159
6325 48.78 38.86 0.00 7.5790 0.4159 0.4159
6350 49.18 39.06 0.00 12.0942 0.8653 0.8653
6375 49.81 39.30 0.00 18.0684 0.5297 0.5297
6400 49.81 39.30 0.00 18.0684 0.5297 0.5297
6425 50.47 39.55 0.00 23.8868 2.3979 2.3979
6450 51.52 39.99 0.00 26.5362 2.5583 2.5583
6475 52.53 40.42 0.00 23.9351 2.6919 2.6919
6500 52.53 40.42 0.00 23.9351 2.6919 2.6919
6525 53.37 40.86 0.00 19.5430 3.0420 3.0420
6550 54.12 41.26 0.00 18.9443 4.2760 4.2760
6575 54.12 41.26 0.00 18.9443 4.2760 4.2760
6600 54.89 41.59 0.00 19.3329 3.1574 3.1574
6625 55.70 41.91 0.00 20.5580 2.0034 2.0034
6650 55.70 41.91 0.00 20.5580 2.0034 2.0034
6675 56.52 42.32 0.00 19.8360 2.2319 2.2319
6700 57.19 42.76 0.00 14.7430 1.2097 1.2097
6725 57.64 43.27 0.00 9.0613 0.8320 0.8320
6750 57.64 43.27 0.00 9.0613 0.8320 0.8320
6775 57.87 43.74 0.00 4.0180 2.2651 2.2651
6800 57.98 44.12 0.00 1.8488 2.3773 2.3773
6825 57.98 44.12 0.00 1.8488 2.3773 2.3773
6850 58.05 44.47 0.00 1.6410 1.4775 1.4775
6875 58.13 44.81 0.00 2.4008 1.0525 1.0525
6900 58.13 44.81 0.00 2.4008 1.0525 1.0525
6925 58.26 45.14 0.00 3.7821 1.6785 1.6785
6950 58.43 45.51 0.00 4.3235 0.1854 0.1854
6975 58.43 45.51 0.00 4.3235 0.1854 0.1854
7000 58.66 45.89 0.00 6.8710 0.9602 0.9602
7025 59.01 46.30 0.00 9.3379 0.3756 0.3756
7050 59.42 46.72 0.00 10.9499 0.3912 0.3912
7075 59.42 46.72 0.00 10.9499 0.3912 0.3912
7100 59.88 47.15 0.00 11.6257 1.5357 1.5357
7125 60.35 47.66 0.00 12.1252 2.2090 2.2090
7150 60.35 47.66 0.00 12.1252 2.2090 2.2090
7175 60.85 48.21 0.00 12.5005 2.3033 2.3033
7200 61.38 48.68 0.00 13.8460 2.4021 2.4021
7225 61.38 48.68 0.00 13.8460 2.4021 2.4021
7250 61.80 49.00 0.00 14.6011 2.7649 2.7649
7275 62.40 49.39 0.00 15.3137 2.8486 2.8486
7300 63.02 49.72 0.00 15.2648 2.0448 2.0448
7325 63.02 49.72 0.00 15.2648 2.0448 2.0448
7350 63.63 50.04 0.00 14.8649 2.4591 2.4591
7375 64.20 50.33 0.00 13.9663 1.4875 1.4875
7400 64.20 50.33 0.00 13.9663 1.4875 1.4875
7425 64.77 50.54 0.00 14.1130 1.2117 1.2117
7450 65.32 50.63 0.00 13.8641 0.8607 0.8607
7475 65.32 50.63 0.00 13.8641 0.8607 0.8607
7500 65.93 50.71 0.00 16.1025 3.0632 3.0632
7525 66.68 50.80 0.00 21.6939 3.1736 3.1736
7550 67.65 50.86 0.00 25.5884 1.4806 1.4806
7575 67.65 50.86 0.00 25.5884 1.4806 1.4806
7600 68.68 50.96 0.00 25.2493 1.9807 1.9807
7625 69.66 50.98 0.00 23.5223 2.8897 2.8897
7650 70.53 50.97 0.00 20.4548 3.2552 3.2552
7675 70.53 50.97 0.00 20.4548 3.2552 3.2552
7700 71.24 50.94 0.00 16.4307 2.2355 2.2355
7725 71.84 50.89 0.00 14.5635 4.5307 4.5307
7750 71.84 50.89 0.00 14.5635 4.5307 4.5307
7775 72.33 50.86 0.00 10.6138 4.5357 4.5357
7800 72.66 50.91 0.00 6.8327 3.9655 3.9655
7825 72.66 50.91 0.00 6.8327 3.9655 3.9655
7850 72.85 51.04 0.00 3.3511 4.0045 4.0045
7875 72.94 51.24 0.00 1.8620 3.2321 3.2321
7900 72.94 51.24 0.00 1.8620 3.2321 3.2321
7925 73.05 51.47 0.00 3.8392 2.9294 2.9294
7950 73.31 51.71 0.00 7.6195 2.2641 2.2641
7975 73.31 51.71 0.00 7.6195 2.2641 2.2641
8000 73.66 51.98 0.00 9.6526 2.0565 2.0565
8025 73.97 52.22 0.00 10.7249 2.0521 2.0521
8050 74.45 52.55 0.00 13.5043 1.6641 1.6641
8075 74.45 52.55 0.00 13.5043 1.6641 1.6641
8100 75.14 52.96 0.00 18.9810 0.8970 0.8970
8125 76.03 53.35 0.00 24.3961 0.3660 0.3660
8150 76.03 53.35 0.00 24.3961 0.3660 0.3660
8175 77.11 53.78 0.00 29.0110 0.1109 0.1109
8200 78.35 54.24 0.00 31.7638 -1.5120 -1.5120
8225 79.74 54.74 0.00 36.3654 -3.0229 -3.0229
8250 79.74 54.74 0.00 36.3654 -3.0229 -3.0229
8275 81.20 55.20 0.00 36.5411 -6.0768 -6.0768
8300 81.20 55.20 0.00 36.5411 -6.0768 -6.0768
8325 82.55 55.60 0.00 30.8747 -6.0556 -6.0556
8350 83.60 56.05 0.00 23.1588 -4.4838 -4.4838
8375 84.39 56.52 0.00 18.8262 -4.4259 -4.4259
8400 84.39 56.52 0.00 18.8262 -4.4259 -4.4259
8425 85.10 57.02 0.00 16.5536 -5.8220 -5.8220
8450 85.73 57.51 0.00 14.5445 -5.9196 -5.9196
8475 86.16 57.94 0.00 9.0749 -3.7403 -3.7403
8500 86.16 57.94 0.00 9.0749 -3.7403 -3.7403
8525 86.44 58.29 0.00 5.4248 -2.4337 -2.4337
8550 86.58 58.61 0.00 2.5378 -2.1222 -2.1222
8575 86.58 58.61 0.00 2.5378 -2.1222 -2.1222
8600 86.73 59.03 0.00 5.5453 -2.8965 -2.8965
8625 87.07 59.57 0.00 10.1038 -7.0000 -7.0000
8650 87.07 59.57 0.00 10.1038 -7.0000 -7.0000
8675 87.53 60.29 0.00 11.1396 -7.0735 -7.0735
8700 87.91 61.12 0.00 8.7655 -4.7373 -4.7373
8725 88.23 62.03 0.00 7.3387 -3.4147 -3.4147
8750 88.23 62.03 0.00 7.3387 -3.4147 -3.4147
8775 88.49 62.73 0.00 9.5684 -4.4025 -4.4025
8800 88.89 63.63 0.00 9.8627 -4.6083 -4.6083
8825 89.27 64.46 0.00 10.0493 -3.8350 -3.8350
8850 89.27 64.46 0.00 10.0493 -3.8350 -3.8350
8875 89.69 65.08 0.00 10.7960 -2.9751 -2.9751
8900 89.69 65.08 0.00 10.7960 -2.9751 -2.9751
8925 90.14 65.67 0.00 11.3465 -2.8633 -2.8633
8950 90.61 66.25 0.00 11.9888 -2.5984 -2.5984
8975 91.11 66.92 0.00 12.1037 -2.4007 -2.4007
9000 91.11 66.92 0.00 12.1037 -2.4007 -2.4007
9025 91.59 67.72 0.00 11.9122 -3.1508 -3.1508
9050 92.06 68.36 0.00 11.8130 -3.1700 -3.1700
9075 92.06 68.36 0.00 11.8130 -3.1700 -3.1700
9100 92.53 68.87 0.00 12.4280 -2.1489 -2.1489
9125 93.05 69.25 0.00 13.1334 -0.8616 -0.8616
9150 93.05 69.25 0.00 13.1334 -0.8616 -0.8616
9175 93.61 69.67 0.00 13.9960 -0.4083 -0.4083
9200 94.19 70.10 0.00 15.7284 -2.5001 -2.5001
9225 94.94 70.52 0.00 21.5692 -1.7121 -1.7121
9250 94.94 70.52 0.00 21.5692 -1.7121 -1.7121
9275 95.97 70.95 0.00 28.6794 -2.1655 -2.1655
9300 97.27 71.31 0.00 33.9463 -2.5213 -2.5213
9325 97.27 71.31 0.00 33.9463 -2.5213 -2.5213
9350 98.62 71.65 0.00 33.2073 -3.1993 -3.1993
9375 99.73 71.88 0.00 23.9243 -2.4404 -2.4404
9400 99.73 71.88 0.00 23.9243 -2.4404 -2.4404
9425 100.51 72.08 0.00 17.3205 -0.6807 -0.6807
9450 101.04 72.17 0.00 11.2454 -1.4354 -1.4354
9475 101.28 72.13 0.00 2.3582 -0.4869 -0.4869
9500 101.28 72.13 0.00 2.3582 -0.4869 -0.4869
9525 101.04 71.62 0.00 -11.7109 0.5860 0.5860
9550 100.40 70.96 0.00 -26.6337 -1.5570 -1.5570
9575 98.56 69.45 0.00 -60.5440 5.3305 5.3305
9600 98.56 69.45 0.00 -60.5440 5.3305 5.3305
9625 95.26 65.92 0.00 -91.6940 16.3642 16.3642
9650 95.26 65.92 0.00 -91.6940 16.3642 16.3642
9675 91.44 62.97 0.00 -94.3075 7.8020 7.8020
9700 87.97 60.44 0.00 -80.1725 0.3499 0.3499
9725 85.20 58.88 0.00 -63.4118 -7.1186 -7.1186
9750 85.20 58.88 0.00 -63.4118 -7.1186 -7.1186
9775 82.94 57.91 0.00 -52.5634 -9.9457 -9.9457
9800 81.05 57.22 0.00 -43.7091 -9.7229 -9.7229
9825 79.45 56.77 0.00 -37.9761 -6.9739 -6.9739
9850 79.45 56.77 0.00 -37.9761 -6.9739 -6.9739
9875 78.05 56.66 0.00 -33.1249 -4.1878 -4.1878
9900 78.05 56.66 0.00 -33.1249 -4.1878 -4.1878
9925 76.85 56.83 0.00 -27.1165 -0.2168 -0.2168
9950 75.97 57.32 0.00 -18.9588 1.4638 1.4638
9975 75.38 57.89 0.00 -12.0738 -1.3152 -1.3152
10000 75.38 57.89 0.00 -12.0738 -1.3152 -1.3152
10025 75.04 58.45 0.00 -5.6748 -2.1562 -2.1562
10050 74.99 59.28 0.00 1.6121 -0.1394 -0.1394
10075 74.99 59.28 0.00 1.6121 -0.1394 -0.1394
10100 75.29 60.44 0.00 10.9371 -2.7295 -2.7295
10125 75.84 61.52 0.00 14.4003 -6.4826 -6.4826
10150 76.38 62.35 0.00 13.2955 -4.7626 -4.7626
10175 76.38 62.35 0.00 13.2955 -4.7626 -4.7626
10200 76.76 62.72 0.00 5.8044 -3.4148 -3.4148
10225 76.76 62.72 0.00 5.8044 -3.4148 -3.4148
10250 76.74 63.12 0.00 -3.1799 -2.3743 -2.3743
10275 76.66 63.34 0.00 -0.1084 0.1057 0.1057
10300 76.83 63.72 0.00 7.1679 -4.1451 -4.1451
10325 76.83 63.72 0.00 7.1679 -4.1451 -4.1451
10350 77.19 64.00 0.00 13.8731 -3.6765 -3.6765
10375 77.90 64.53 0.00 19.7984 -1.6317 -1.6317
10400 78.75 65.07 0.00 21.0230 -6.4820 -6.4820
10425 78.75 65.07 0.00 21.0230 -6.4820 -6.4820
10450 79.51 65.54 0.00 17.8769 -2.0770 -2.0770
10475 80.12 66.12 0.00 13.4597 -2.6356 -2.6356
10500 80.12 66.12 0.00 13.4597 -2.6356 -2.6356
10525 80.65 66.69 0.00 14.2769 -3.6021 -3.6021
10550 81.32 67.39 0.00 17.9791 -4.7224 -4.7224
10575 81.32 67.39 0.00 17.9791 -4.7224 -4.7224
10600 82.11 68.16 0.00 20.7678 -6.3187 -6.3187
10625 82.94 68.81 0.00 20.1793 -5.6450 -5.6450
10650 83.60 69.31 0.00 13.3593 -4.3064 -4.3064
10675 83.60 69.31 0.00 13.3593 -4.3064 -4.3064
10700 83.96 69.76 0.00 8.1388 -0.7073 -0.7073
10725 84.34 70.21 0.00 9.5075 -2.3651 -2.3651
10750 84.34 70.21 0.00 9.5075 -2.3651 -2.3651
10775 84.73 70.70 0.00 10.3645 -4.2468 -4.2468
10800 85.25 71.23 0.00 14.4275 -3.2818 -3.2818
10825 85.25 71.23 0.00 14.4275 -3.2818 -3.2818
10850 85.77 71.66 0.00 11.2511 -4.7651 -4.7651
10875 86.06 71.97 0.00 4.5992 -2.3530 -2.3530
10900 86.08 71.90 0.00 -2.9486 1.9951 1.9951
10925 86.08 71.90 0.00 -2.9486 1.9951 1.9951
10950 85.75 71.75 0.00 -9.9756 -0.5760 -0.5760
10975 85.35 71.84 0.00 -9.8961 -1.3111 -1.3111
11000 85.35 71.84 0.00 -9.8961 -1.3111 -1.3111
11025 84.98 71.81 0.00 -7.8362 -1.4936 -1.4936
11050 84.76 71.85 0.00 -4.7046 -2.2084 -2.2084
11075 84.76 71.85 0.00 -4.7046 -2.2084 -2.2084
11100 84.57 71.91 0.00 -5.0258 -1.0159 -1.0159
11125 84.39 71.88 0.00 -6.2481 0.6260 0.6260
11150 84.10 71.78 0.00 -8.6814 0.2352 0.2352
11175 84.10 71.78 0.00 -8.6814 0.2352 0.2352
11200 83.65 71.63 0.00 -12.5840 -1.4471 -1.4471
11225 83.05 71.43 0.00 -16.3716 -0.8987 -0.8987
11250 83.05 71.43 0.00 -16.3716 -0.8987 -0.8987
11275 82.32 71.30 0.00 -18.9659 -0.8622 -0.8622
11300 81.59 71.25 0.00 -17.5712 -1.5082 -1.5082
11325 80.94 71.11 0.00 -15.1685 -1.9035 -1.9035
11350 80.94 71.11 0.00 -15.1685 -1.9035 -1.9035
11375 80.34 71.07 0.00 -14.5272 -2.6058 -2.6058
11400 79.77 71.30 0.00 -15.0096 -2.4544 -2.4544
11425 79.77 71.30 0.00 -15.0096 -2.4544 -2.4544
11450 79.19 71.28 0.00 -14.0417 -3.4940 -3.4940
11475 78.66 70.94 0.00 -12.3653 -2.4720 -2.4720
11500 78.66 70.94 0.00 -12.3653 -2.4720 -2.4720
11525 78.13 70.70 0.00 -13.2481 0.3088 0.3088
11550 77.54 70.36 0.00 -15.3262 0.4218 0.4218
11575 77.54 70.36 0.00 -15.3262 0.4218 0.4218
11600 76.94 70.31 0.00 -14.9737 -2.4869 -2.4869
11625 76.42 70.20 0.00 -11.2163 -3.5696 -3.5696
11650 76.07 70.07 0.00 -8.2016 -4.2272 -4.2272
11675 76.07 70.07 0.00 -8.2016 -4.2272 -4.2272
11700 75.77 69.97 0.00 -6.0665 -2.8304 -2.8304
11725 75.56 69.91 0.00 -5.2913 -2.5970 -2.5970
11750 75.56 69.91 0.00 -5.2913 -2.5970 -2.5970
11775 75.32 69.78 0.00 -6.7940 -1.5084 -1.5084
11800 74.97 69.69 0.00 -9.7740 -1.1282 -1.1282
11825 74.97 69.69 0.00 -9.7740 -1.1282 -1.1282
11850 74.56 69.57 0.00 -10.3437 -0.6900 -0.6900
11875 74.14 69.40 0.00 -10.8085 -0.6770 -0.6770
11900 73.80 69.29 0.00 -10.5785 -0.9065 -0.9065
11925 73.80 69.29 0.00 -10.5785 -0.9065 -0.9065
11950 73.42 69.21 0.00 -9.0922 -2.1598 -2.1598
11975 73.09 69.16 0.00 -7.4814 -2.6281 -2.6281
12000 73.09 69.16 0.00 -7.4814 -2.6281 -2.6281
12025 72.81 69.14 0.00 -6.9379 -3.1186 -3.1186
12050 72.54 69.09 0.00 -6.9115 -2.0176 -2.0176
12075 72.26 68.97 0.00 -6.9981 -1.8024 -1.8024
12100 72.26 68.97 0.00 -6.9981 -1.8024 -1.8024
12125 71.97 68.81 0.00 -7.3700 -1.8608 -1.8608
12150 71.64 68.60 0.00 -8.7869 -2.3296 -2.3296
12175 71.64 68.60 0.00 -8.7869 -2.3296 -2.3296
12200 71.29 68.48 0.00 -8.3131 -2.4044 -2.4044
12225 70.98 68.41 0.00 -7.6114 -2.9611 -2.9611
12250 70.98 68.41 0.00 -7.6114 -2.9611 -2.9611
12275 70.67 68.38 0.00 -7.2744 -2.7913 -2.7913
12300 70.38 68.33 0.00 -7.5700 -3.0186 -3.0186
12325 70.38 68.33 0.00 -7.5700 -3.0186 -3.0186
12350 70.05 68.30 0.00 -7.8988 -1.4925 -1.4925
12375 69.76 68.25 0.00 -7.0797 -1.3732 -1.3732
12400 69.49 68.24 0.00 -6.5268 -3.2340 -3.2340
12425 69.49 68.24 0.00 -6.5268 -3.2340 -3.2340
12450 69.24 68.26 0.00 -6.2104 -2.7305 -2.7305
12475 69.00 68.24 0.00 -5.6598 -1.6583 -1.6583
12500 69.00 68.24 0.00 -5.6598 -1.6583 -1.6583
12525 68.86 68.23 0.00 -4.4706 -1.2998 -1.2998
12550 68.71 68.19 0.00 -3.4274 -2.2900 -2.2900
12575 68.71 68.19 0.00 -3.4274 -2.2900 -2.2900
12600 68.53 68.09 0.00 -3.1509 -0.9856 -0.9856
12625 68.44 68.03 0.00 -3.1331 -0.4310 -0.4310
12650 68.32 67.99 0.00 -2.9957 -1.1622 -1.1622
12675 68.32 67.99 0.00 -2.9957 -1.1622 -1.1622
12700 68.21 67.98 0.00 -2.9526 -0.9642 -0.9642
12725 68.10 67.98 0.00 -2.1724 -1.0192 -1.0192
12750 68.10 67.98 0.00 -2.1724 -1.0192 -1.0192
12775 68.05 68.00 0.00 -1.6065 -1.3529 -1.3529
12800 67.97 68.01 0.00 -2.0082 -1.6798 -1.6798
12825 67.88 68.01 0.00 -2.3806 -1.7736 -1.7736
12850 67.88 68.01 0.00 -2.3806 -1.7736 -1.7736
12875 67.76 67.99 0.00 -3.4013 -2.2751 -2.2751
12900 67.61 67.94 0.00 -3.9401 -2.3089 -2.3089
12925 67.61 67.94 0.00 -3.9401 -2.3089 -2.3089
12950 67.45 67.86 0.00 -4.4297 -2.0336 -2.0336
12975 67.24 67.78 0.00 -5.6469 -1.4041 -1.4041
13000 67.24 67.78 0.00 -5.6469 -1.4041 -1.4041
13025 66.95 67.66 0.00 -8.0581 -1.3866 -1.3866
13050 66.61 67.50 0.00 -8.9537 -1.0809 -1.0809
13075 66.27 67.42 0.00 -8.1260 -1.4226 -1.4226
13100 66.27 67.42 0.00 -8.1260 -1.4226 -1.4226
13125 65.98 67.34 0.00 -6.4118 -1.3385 -1.3385
13150 65.71 67.25 0.00 -6.8346 -2.3737 -2.3737
13175 65.71 67.25 0.00 -6.8346 -2.3737 -2.3737
13200 65.43 67.12 0.00 -7.5754 -0.7539 -0.7539
13225 65.11 66.98 0.00 -7.9830 0.9915 0.9915
13250 64.78 66.88 0.00 -7.9513 -0.7546 -0.7546
13275 64.78 66.88 0.00 -7.9513 -0.7546 -0.7546
13300 64.46 66.74 0.00 -8.9728 -0.6933 -0.6933
13325 64.05 66.51 0.00 -10.2725 0.7962 0.7962
13350 64.05 66.51 0.00 -10.2725 0.7962 0.7962
13375 63.63 66.28 0.00 -10.7045 1.0906 1.0906
13400 63.20 66.01 0.00 -10.9627 0.4676 0.4676
13425 63.20 66.01 0.00 -10.9627 0.4676 0.4676
13450 62.86 65.73 0.00 -10.8731 2.0787 2.0787
13475 62.49 65.38 0.00 -8.8247 2.2398 2.2398
13500 62.49 65.38 0.00 -8.8247 2.2398 2.2398
13525 62.17 65.03 0.00 -7.5167 0.6447 0.6447
13550 61.91 64.69 0.00 -6.5974 0.9273 0.9273
13575 61.66 64.44 0.00 -5.5033 0.6197 0.6197
13600 61.66 64.44 0.00 -5.5033 0.6197 0.6197
13625 61.45 64.11 0.00 -5.2837 1.0804 1.0804
13650 61.23 63.76 0.00 -5.6054 1.7470 1.7470
13675 61.23 63.76 0.00 -5.6054 1.7470 1.7470
13700 60.99 63.41 0.00 -6.0261 1.9461 1.9461
13725 60.76 63.03 0.00 -6.0365 2.1798 2.1798
13750 60.76 63.03 0.00 -6.0365 2.1798 2.1798
13775 60.53 62.65 0.00 -5.7980 1.2645 1.2645
13800 60.32 62.27 0.00 -4.7456 1.1266 1.1266
13825 60.14 61.85 0.00 -4.1738 0.9255 0.9255
13850 60.14 61.85 0.00 -4.1738 0.9255 0.9255
13875 59.98 61.48 0.00 -3.6668 0.6288 0.6288
13900 59.86 61.15 0.00 -2.4318 0.2110 0.2110
13925 59.86 61.15 0.00 -2.4318 0.2110 0.2110
13950 59.77 60.90 0.00 -1.8372 -0.1813 -0.1813
13975 59.72 60.65 0.00 -1.5236 0.3171 0.3171
14000 59.72 60.65 0.00 -1.5236 0.3171 0.3171
14025 59.65 60.38 0.00 -1.6767 -0.1129 -0.1129
14050 59.58 60.13 0.00 -1.9977 1.9327 1.9327
14075 59.47 59.95 0.00 -3.0678 1.1117 1.1117
14100 59.47 59.95 0.00 -3.0678 1.1117 1.1117
14125 59.35 59.82 0.00 -3.3458 -0.1099 -0.1099
14150 59.21 59.70 0.00 -3.7075 -0.2565 -0.2565
14175 59.21 59.70 0.00 -3.7075 -0.2565 -0.2565
14200 59.08 59.61 0.00 -3.7663 -0.2028 -0.2028
14225 58.92 59.48 0.00 -4.3764 -0.6432 -0.6432
14250 58.92 59.48 0.00 -4.3764 -0.6432 -0.6432
14275 58.71 59.34 0.00 -5.3113 -1.7891 -1.7891
14300 58.47 59.16 0.00 -6.7837 -0.1160 -0.1160
14325 58.47 59.16 0.00 -6.7837 -0.1160 -0.1160
14350 58.17 58.98 0.00 -7.9315 0.4206 0.4206
14375 57.84 58.83 0.00 -8.5263 0.6467 0.6467
14400 57.50 58.70 0.00 -8.0742 0.4977 0.4977
14425 57.50 58.70 0.00 -8.0742 0.4977 0.4977
14450 57.19 58.60 0.00 -7.7624 -0.3933 -0.3933
14475 56.90 58.54 0.00 -6.3684 -0.3439 -0.3439
14500 56.69 58.45 0.00 -5.1080 -0.8469 -0.8469
14525 56.69 58.45 0.00 -5.1080 -0.8469 -0.8469
14550 56.50 58.32 0.00 -4.4436 -0.9325 -0.9325
14575 56.33 58.15 0.00 -4.7029 -0.6456 -0.6456
14600 56.33 58.15 0.00 -4.7029 -0.6456 -0.6456
14625 56.13 57.93 0.00 -4.8704 -0.1172 -0.1172
14650 55.92 57.70 0.00 -4.8736 -0.3366 -0.3366
14675 55.92 57.70 0.00 -4.8736 -0.3366 -0.3366
14700 55.75 57.47 0.00 -4.0716 -0.1672 -0.1672
14725 55.61 57.28 0.00 -2.8015 -0.1171 -0.1171
14750 55.61 57.28 0.00 -2.8015 -0.1171 -0.1171
14775 55.52 57.15 0.00 -2.2447 -0.5358 -0.5358
14800 55.43 57.01 0.00 -2.3309 -0.1658 -0.1658
14825 55.43 57.01 0.00 -2.3309 -0.1658 -0.1658
14850 55.33 56.80 0.00 -2.7243 -0.6549 -0.6549
14875 55.22 56.55 0.00 -2.5586 1.0859 1.0859
14900 55.10 56.27 0.00 -3.2086 1.5238 1.5238
14925 55.10 56.27 0.00 -3.2086 1.5238 1.5238
14950 55.00 56.07 0.00 -4.0957 0.6430 0.6430
14975 54.82 55.91 0.00 -4.2522 1.0079 1.0079
15000 54.82 55.91 0.00 -4.2522 1.0079 1.0079
15025 54.65 55.74 0.00 -4.0245 0.9606 0.9606
15050 54.51 55.51 0.00 -3.4381 0.7168 0.7168
15075 54.37 55.23 0.00 -3.6832 0.0517 0.0517
15100 54.37 55.23 0.00 -3.6832 0.0517 0.0517
15125 54.21 54.84 0.00 -3.9027 0.2408 0.2408
15150 54.03 54.35 0.00 -5.2144 1.4720 1.4720
15175 54.03 54.35 0.00 -5.2144 1.4720 1.4720
15200 53.77 53.77 0.00 -7.1318 2.1522 2.1522
15225 53.47 53.26 0.00 -7.0813 2.8708 2.8708
15250 53.47 53.26 0.00 -7.0813 2.8708 2.8708
15275 53.21 52.82 0.00 -6.1191 2.0778 2.0778
15300 52.99 52.47 0.00 -5.2611 1.2330 1.2330
15325 52.81 52.26 0.00 -3.7568 0.6873 0.6873
15350 52.81 52.26 0.00 -3.7568 0.6873 0.6873
15375 52.71 52.10 0.00 -2.1001 -0.2802 -0.2802
15400 52.71 52.10 0.00 -2.1001 -0.2802 -0.2802
15425 52.64 51.91 0.00 -1.5820 -0.3759 -0.3759
15450 52.57 51.71 0.00 -1.7582 0.1260 0.1260
15475 52.51 51.50 0.00 -1.2959 0.0078 0.0078
15500 52.51 51.50 0.00 -1.2959 0.0078 0.0078
15525 52.48 51.31 0.00 -0.6462 0.0969 0.0969
15550 52.46 51.12 0.00 -0.0419 0.2446 0.2446
15575 52.46 51.12 0.00 -0.0419 0.2446 0.2446
15600 52.48 51.00 0.00 0.5028 0.7887 0.7887
15625 52.51 50.91 0.00 1.1933 0.7701 0.7701
15650 52.51 50.91 0.00 1.1933 0.7701 0.7701
15675 52.58 50.82 0.00 1.9625 1.3288 1.3288
15700 52.64 50.67 0.00 1.2568 0.5898 0.5898
15725 52.71 50.47 0.00 1.9097 2.9906 2.9906
15750 52.71 50.47 0.00 1.9097 2.9906 2.9906
15775 52.79 50.28 0.00 2.3979 2.6048 2.6048
15800 52.86 50.14 0.00 2.0268 1.2272 1.2272
15825 52.86 50.14 0.00 2.0268 1.2272 1.2272
15850 52.93 50.04 0.00 1.1569 1.5095 1.5095
15875 52.93 49.88 0.00 -0.0858 1.5869 1.5869
15900 52.93 49.88 0.00 -0.0858 1.5869 1.5869
15925 52.93 49.74 0.00 0.3109 1.2328 1.2328
15950 52.99 49.56 0.00 1.8709 -0.0902 -0.0902
15975 53.06 49.34 0.00 1.0218 0.9051 0.9051
16000 53.06 49.34 0.00 1.0218 0.9051 0.9051
16025 53.06 49.09 0.00 -0.3443 2.3770 2.3770
16050 53.04 48.87 0.00 -0.6598 1.2522 1.2522
16075 53.04 48.87 0.00 -0.6598 1.2522 1.2522
16100 53.02 48.67 0.00 -0.0458 1.2348 1.2348
16125 53.04 48.46 0.00 0.3709 0.4549 0.4549
16150 53.02 48.29 0.00 -0.5938 0.1655 0.1655
16175 53.02 48.29 0.00 -0.5938 0.1655 0.1655
16200 52.97 48.08 0.00 -1.9137 1.4541 1.4541
16225 52.97 48.08 0.00 -1.9137 1.4541 1.4541
16250 52.88 47.85 0.00 -2.5585 1.2200 1.2200
16275 52.76 47.50 0.00 -2.9662 1.3162 1.3162
16300 52.64 47.08 0.00 -3.3181 0.9734 0.9734
16325 52.64 47.08 0.00 -3.3181 0.9734 0.9734
16350 52.48 46.53 0.00 -4.1844 0.9576 0.9576
16375 52.32 45.98 0.00 -3.5163 0.9571 0.9571
16400 52.32 45.98 0.00 -3.5163 0.9571 0.9571
16425 52.22 45.48 0.00 -2.2115 1.1799 1.1799
16450 52.15 44.90 0.00 -1.6064 2.5468 2.5468
16475 52.11 44.15 0.00 -0.5231 3.3025 3.3025
16500 52.11 44.15 0.00 -0.5231 3.3025 3.3025
16525 52.08 43.28 0.00 -1.1297 3.1155 3.1155
16550 52.01 42.23 0.00 -2.6056 1.8828 1.8828
16575 52.01 42.23 0.00 -2.6056 1.8828 1.8828
16600 51.90 41.53 0.00 -3.2782 1.4298 1.4298
16625 51.80 40.67 0.00 -2.0872 3.6702 3.6702
16650 51.73 40.04 0.00 -1.9658 1.3008 1.3008
16675 51.73 40.04 0.00 -1.9658 1.3008 1.3008
16700 51.69 39.58 0.00 -0.0597 1.5313 1.5313
16725 51.71 39.21 0.00 0.7619 1.5974 1.5974
16750 51.75 38.97 0.00 1.4218 2.3070 2.3070
16775 51.75 38.97 0.00 1.4218 2.3070 2.3070
16800 51.83 38.69 0.00 2.2777 1.8043 1.8043
16825 51.94 38.37 0.00 2.6712 1.8203 1.8203
16850 51.94 38.37 0.00 2.6712 1.8203 1.8203
16875 52.06 37.96 0.00 3.7982 2.8652 2.8652
16900 52.25 37.51 0.00 5.3630 2.4650 2.4650
16925 52.25 37.51 0.00 5.3630 2.4650 2.4650
16950 52.50 37.05 0.00 6.6348 2.8132 2.8132
16975 52.79 36.57 0.00 7.4098 2.4440 2.4440
17000 52.79 36.57 0.00 7.4098 2.4440 2.4440
17025 53.07 36.16 0.00 6.8569 2.0386 2.0386
17050 53.33 35.75 0.00 6.6494 2.5866 2.5866
17075 53.33 35.75 0.00 6.6494 2.5866 2.5866
17100 53.63 35.35 0.00 7.4701 2.6737 2.6737
17125 53.95 34.92 0.00 8.1900 2.5872 2.5872
17150 53.95 34.92 0.00 8.1900 2.5872 2.5872
17175 54.26 34.39 0.00 7.9728 2.8213 2.8213
17200 54.56 33.78 0.00 6.5675 3.1046 3.1046
17225 54.79 33.08 0.00 5.5950 2.9742 2.9742
17250 54.79 33.08 0.00 5.5950 2.9742 2.9742
17275 55.00 32.46 0.00 4.6013 2.3523 2.3523
17300 55.17 31.89 0.00 4.3913 2.8005 2.8005
17325 55.17 31.89 0.00 4.3913 2.8005 2.8005
17350 55.29 31.51 0.00 3.7535 1.8591 1.8591
17375 55.40 31.15 0.00 1.9276 1.2840 1.2840
17400 55.42 30.81 0.00 -0.8194 0.4411 0.4411
17425 55.42 30.81 0.00 -0.8194 0.4411 0.4411
17450 55.35 30.45 0.00 -1.7710 1.2207 1.2207
17475 55.35 30.45 0.00 -1.7710 1.2207 1.2207
17500 55.28 30.16 0.00 -1.6142 1.4950 1.4950
17525 55.19 29.88 0.00 -2.5325 0.1599 0.1599
17550 55.07 29.59 0.00 -3.4700 0.7727 0.7727
17575 55.07 29.59 0.00 -3.4700 0.7727 0.7727
17600 54.91 29.36 0.00 -4.5246 0.4120 0.4120
17625 54.73 29.18 0.00 -4.0084 -0.2077 -0.2077
17650 54.73 29.18 0.00 -4.0084 -0.2077 -0.2077
17675 54.61 29.02 0.00 -2.7892 -1.7859 -1.7859
17700 54.47 28.82 0.00 -3.4279 -1.3137 -1.3137
17725 54.35 28.59 0.00 -2.9578 0.0202 0.0202
17750 54.35 28.59 0.00 -2.9578 0.0202 0.0202
17775 54.24 28.33 0.00 -2.2805 0.1516 0.1516
17800 54.17 28.08 0.00 -1.3163 1.1644 1.1644
17825 54.17 27.81 0.00 0.4794 1.5474 1.5474
17850 54.17 27.81 0.00 0.4794 1.5474 1.5474
17875 54.21 27.50 0.00 1.4795 1.2274 1.2274
17900 54.28 27.21 0.00 1.5649 1.3855 1.3855
17925 54.28 27.21 0.00 1.5649 1.3855 1.3855
17950 54.35 26.94 0.00 1.6761 1.3853 1.3853
17975 54.42 26.64 0.00 1.9011 0.9454 0.9454
18000 54.42 26.64 0.00 1.9011 0.9454 0.9454
18025 54.51 26.35 0.00 2.4963 1.1745 1.1745
18050 54.63 26.11 0.00 3.5518 0.8187 0.8187
18075 54.63 26.11 0.00 3.5518 0.8187 0.8187
18100 54.80 25.87 0.00 4.5693 1.0506 1.0506
18125 54.94 25.65 0.00 5.1254 1.6422 1.6422
18150 55.15 25.45 0.00 5.2081 1.9928 1.9928
18175 55.15 25.45 0.00 5.2081 1.9928 1.9928
18200 55.36 25.21 0.00 5.2703 2.1468 2.1468
18225 55.56 24.97 0.00 4.6009 1.3609 1.3609
18250 55.56 24.97 0.00 4.6009 1.3609 1.3609
18275 55.73 24.73 0.00 4.1624 1.1113 1.1113
18300 55.89 24.40 0.00 3.9662 0.3418 0.3418
18325 55.89 24.40 0.00 3.9662 0.3418 0.3418
18350 56.06 24.10 0.00 4.7919 2.7463 2.7463
18375 56.26 23.78 0.00 4.8309 1.9265 1.9265
18400 56.26 23.78 0.00 4.8309 1.9265 1.9265
18425 56.47 23.49 0.00 5.0046 1.6118 1.6118
18450 56.66 23.13 0.00 4.8422 2.3211 2.3211
18475 56.83 22.76 0.00 4.0954 1.9584 1.9584
18500 56.83 22.76 0.00 4.0954 1.9584 1.9584
18525 56.98 22.35 0.00 2.9052 1.2771 1.2771
18550 56.98 22.35 0.00 2.9052 1.2771 1.2771
18575 57.17 21.26 0.00 3.2440 3.0041 3.0041
18600 57.17 21.26 0.00 3.2440 3.0041 3.0041
18625 57.31 20.46 0.00 3.9348 3.2569 3.2569
18650 57.50 19.55 0.00 4.9795 4.0347 4.0347
18675 57.50 19.55 0.00 4.9795 4.0347 4.0347
18700 57.68 18.62 0.00 3.4377 2.7448 2.7448
18725 57.80 17.67 0.00 3.5033 4.0797 4.0797
18750 57.80 17.67 0.00 3.5033 4.0797 4.0797
18775 57.96 16.52 0.00 4.4798 5.5364 5.5364
18800 58.13 15.33 0.00 3.8121 5.3212 5.3212
18825 58.13 15.33 0.00 3.8121 5.3212 5.3212
18850 58.20 14.52 0.00 2.1958 3.5213 3.5213
18875 58.31 13.50 0.00 3.0385 4.3203 4.3203
18900 58.47 12.48 0.00 4.0279 3.2826 3.2826
18925 58.47 12.48 0.00 4.0279 3.2826 3.2826
18950 58.64 11.69 0.00 4.8865 3.4939 3.4939
18975 58.87 11.11 0.00 6.1414 4.4305 4.4305
19000 59.12 10.69 0.00 6.3502 4.9380 4.9380
19025 59.12 10.69 0.00 6.3502 4.9380 4.9380
19050 59.40 10.36 0.00 7.4607 4.9721 4.9721
19075 59.70 10.03 0.00 7.9367 3.2833 3.2833
19100 59.70 10.03 0.00 7.9367 3.2833 3.2833
19125 60.05 9.72 0.00 9.0317 4.2650 4.2650
19150 60.44 9.37 0.00 10.0104 3.0069 3.0069
19175 60.44 9.37 0.00 10.0104 3.0069 3.0069
19200 60.85 8.91 0.00 10.5591 4.6639 4.6639
19225 61.23 8.59 0.00 9.1576 4.0181 4.0181
19250 61.23 8.59 0.00 9.1576 4.0181 4.0181
19275 61.57 8.25 0.00 7.4158 1.7184 1.7184
19300 61.82 7.90 0.00 5.1504 2.3508 2.3508
19325 61.98 7.57 0.00 3.5239 3.8622 3.8622
19350 61.98 7.57 0.00 3.5239 3.8622 3.8622
19375 62.08 7.20 0.00 2.5459 4.3938 4.3938
19400 62.17 6.91 0.00 1.7154 2.1430 2.1430
19425 62.17 6.91 0.00 1.7154 2.1430 2.1430
19450 62.26 6.66 0.00 2.7422 4.1955 4.1955
19475 62.31 6.51 0.00 0.2810 2.6261 2.6261
19500 62.31 6.51 0.00 0.2810 2.6261 2.6261
19525 62.24 6.60 0.00 -2.9309 1.1745 1.1745
19550 62.03 6.99 0.00 -7.1969 -1.8946 -1.8946
19575 61.68 7.50 0.00 -9.0427 -2.6735 -2.6735
19600 61.68 7.50 0.00 -9.0427 -2.6735 -2.6735
19625 61.34 8.08 0.00 -8.1629 -3.2878 -3.2878
19650 61.06 8.60 0.00 -5.9533 -3.7573 -3.7573
19675 61.06 8.60 0.00 -5.9533 -3.7573 -3.7573
19700 60.90 8.93 0.00 -4.9640 -3.2795 -3.2795
19725 60.90 8.93 0.00 -4.9640 -3.2795 -3.2795
19750 60.70 9.29 0.00 -5.1643 -3.3259 -3.3259
19775 60.49 9.60 0.00 -5.7263 -3.2338 -3.2338
19800 60.25 9.93 0.00 -6.2521 -3.1802 -3.1802
19825 60.00 10.28 0.00 -5.8156 -2.7379 -2.7379
19850 60.00 10.28 0.00 -5.8156 -2.7379 -2.7379
19875 59.81 10.57 0.00 -4.2564 -2.1208 -2.1208
19900 59.66 10.81 0.00 -3.2092 -1.4565 -1.4565
19925 59.66 10.81 0.00 -3.2092 -1.4565 -1.4565
19950 59.54 10.95 0.00 -2.6628 -2.1782 -2.1782
19975 59.45 11.03 0.00 -2.2844 -1.7905 -1.7905
20000 59.45 11.03 0.00 -2.2844 -1.7905 -1.7905
20025 59.35 11.04 0.00 -2.7509 -2.4770 -2.4770
20050 59.26 10.98 0.00 -1.4390 1.1045 1.1045
20075 59.26 10.98 0.00 -1.4390 1.1045 1.1045
20100 59.17 10.98 0.00 -3.1189 -0.8642 -0.8642
20125 59.01 11.07 0.00 -4.1584 -1.8506 -1.8506
20150 58.85 11.19 0.00 -3.9514 -1.9431 -1.9431
20175 58.73 11.27 0.00 -2.8328 -1.2892 -1.2892
20200 58.73 11.27 0.00 -2.8328 -1.2892 -1.2892
20225 58.64 11.28 0.00 -1.8857 -0.3564 -0.3564
20250 58.56 11.18 0.00 -2.1950 -1.6994 -1.6994
20275 58.56 11.18 0.00 -2.1950 -1.6994 -1.6994
20300 58.47 11.03 0.00 -2.2070 0.0559 0.0559
20325 58.34 10.87 0.00 -3.9280 -1.3320 -1.3320
20350 58.34 10.87 0.00 -3.9280 -1.3320 -1.3320
20375 58.19 10.82 0.00 -3.8869 -1.5939 -1.5939
20400 57.99 10.80 0.00 -4.9234 -2.8864 -2.8864
20425 57.99 10.80 0.00 -4.9234 -2.8864 -2.8864
20450 57.73 10.81 0.00 -7.8484 -3.3896 -3.3896
20475 57.47 10.86 0.00 -9.5315 -3.2931 -3.2931
20500 57.47 10.86 0.00 -9.5315 -3.2931 -3.2931
20525 57.03 10.93 0.00 -11.5401 -2.9096 -2.9096
20550 56.54 11.06 0.00 -12.8499 -2.3132 -2.3132
20575 56.05 11.21 0.00 -11.9078 -2.8739 -2.8739
20600 56.05 11.21 0.00 -11.9078 -2.8739 -2.8739
20625 55.56 11.36 0.00 -12.1125 -3.8394 -3.8394
20650 55.08 11.52 0.00 -11.9285 -4.0397 -4.0397
20675 55.08 11.52 0.00 -11.9285 -4.0397 -4.0397
20700 54.61 11.73 0.00 -11.9078 -5.1956 -5.1956
20725 54.14 11.89 0.00 -11.4964 -4.4785 -4.4785
20750 53.70 12.11 0.00 -10.4397 -3.1231 -3.1231
20775 53.70 12.11 0.00 -10.4397 -3.1231 -3.1231
20800 53.30 12.39 0.00 -9.9641 -3.9751 -3.9751
20825 52.90 12.71 0.00 -10.3386 -3.4583 -3.4583
20850 52.90 12.71 0.00 -10.3386 -3.4583 -3.4583
20875 52.46 13.01 0.00 -10.5159 -3.5117 -3.5117
20900 52.08 13.30 0.00 -9.0648 -1.8067 -1.8067
20925 51.76 13.61 0.00 -7.6139 -1.6396 -1.6396
20950 51.76 13.61 0.00 -7.6139 -1.6396 -1.6396
20975 51.48 13.96 0.00 -6.1604 -2.7044 -2.7044
21000 51.48 13.96 0.00 -6.1604 -2.7044 -2.7044
21025 51.26 14.33 0.00 -5.1883 -2.0756 -2.0756
21050 51.08 14.66 0.00 -4.4303 -1.6455 -1.6455
21075 50.93 15.01 0.00 -3.1057 -1.3596 -1.3596
21100 50.93 15.01 0.00 -3.1057 -1.3596 -1.3596
21125 50.82 15.36 0.00 -2.5578 -2.0572 -2.0572
21150 50.75 15.68 0.00 -0.6917 0.2610 0.2610
21175 50.75 15.68 0.00 -0.6917 0.2610 0.2610
21200 50.73 16.09 0.00 -0.8790 -0.9380 -0.9380
21225 50.72 16.43 0.00 -0.3604 -0.7981 -0.7981
21250 50.72 16.43 0.00 -0.3604 -0.7981 -0.7981
21275 50.72 16.96 0.00 0.1615 -0.9552 -0.9552
21300 50.72 17.48 0.00 -0.2318 -0.8878 -0.8878
21325 50.70 17.93 0.00 -0.6259 -1.0366 -1.0366
21350 50.70 17.93 0.00 -0.6259 -1.0366 -1.0366
21375 50.66 18.35 0.00 -0.4728 -1.0120 -1.0120
21400 50.66 18.35 0.00 -0.4728 -1.0120 -1.0120
21425 50.66 18.69 0.00 -0.2561 -0.8845 -0.8845
21450 50.65 18.97 0.00 -0.4713 -1.3506 -1.3506
21475 50.61 19.18 0.00 -0.7615 -1.1839 -1.1839
21500 50.61 19.18 0.00 -0.7615 -1.1839 -1.1839
21525 50.58 19.35 0.00 -1.4626 -1.4038 -1.4038
21550 50.49 19.52 0.00 -2.1723 -1.3259 -1.3259
21575 50.49 19.52 0.00 -2.1723 -1.3259 -1.3259
21600 50.40 19.69 0.00 -1.7729 -1.0468 -1.0468
21625 50.33 19.84 0.00 -1.9007 -1.2079 -1.2079
21650 50.33 19.84 0.00 -1.9007 -1.2079 -1.2079
21675 50.24 20.02 0.00 -2.4882 -1.3039 -1.3039
21700 50.12 20.21 0.00 -3.3256 -2.5637 -2.5637
21725 49.97 20.38 0.00 -4.4972 -2.7075 -2.7075
21750 49.97 20.38 0.00 -4.4972 -2.7075 -2.7075
21775 49.76 20.53 0.00 -5.6181 -3.6349 -3.6349
21800 49.53 20.70 0.00 -6.2873 -1.7970 -1.7970
21825 49.53 20.70 0.00 -6.2873 -1.7970 -1.7970
21850 49.20 20.98 0.00 -9.3168 -3.0747 -3.0747
21875 48.78 21.40 0.00 -11.4467 -3.5012 -3.5012
21900 48.29 21.87 0.00 -12.3276 -4.0321 -4.0321
21925 48.29 21.87 0.00 -12.3276 -4.0321 -4.0321
21950 47.80 22.35 0.00 -12.2295 -3.8158 -3.8158
21975 47.33 22.84 0.00 -11.2757 -3.1297 -3.1297
22000 47.33 22.84 0.00 -11.2757 -3.1297 -3.1297
22025 47.01 23.16 0.00 -9.9106 -3.4484 -3.4484
22050 46.70 23.49 0.00 -6.6536 -1.7882 -1.7882
22075 46.70 23.49 0.00 -6.6536 -1.7882 -1.7882
22100 46.47 23.81 0.00 -5.1183 -1.5355 -1.5355
22125 46.32 24.20 0.00 -3.3746 -0.3960 -0.3960
22150 46.32 24.20 0.00 -3.3746 -0.3960 -0.3960
22175 46.21 24.66 0.00 -2.5136 0.0038 0.0038
22200 46.12 25.13 0.00 -2.4164 -0.1826 -0.1826
22225 46.02 25.59 0.00 -2.7788 0.0409 0.0409
22250 46.02 25.59 0.00 -2.7788 0.0409 0.0409
22275 45.91 26.01 0.00 -2.4481 -0.0645 -0.0645
22300 45.81 26.37 0.00 -2.5749 -1.0094 -1.0094
22325 45.69 26.72 0.00 -3.4858 -1.6756 -1.6756
22350 45.69 26.72 0.00 -3.4858 -1.6756 -1.6756
22375 45.51 27.06 0.00 -4.4494 -1.8207 -1.8207
22400 45.32 27.46 0.00 -4.9966 -2.1639 -2.1639
22425 45.32 27.46 0.00 -4.9966 -2.1639 -2.1639
22450 45.11 27.91 0.00 -5.8070 -2.8467 -2.8467
22475 44.86 28.31 0.00 -6.1074 -3.1215 -3.1215
22500 44.86 28.31 0.00 -6.1074 -3.1215 -3.1215
22525 44.60 28.76 0.00 -7.2495 -3.5996 -3.5996
22550 44.29 29.24 0.00 -8.4562 -3.3158 -3.3158
22575 44.29 29.24 0.00 -8.4562 -3.3158 -3.3158
22600 43.92 29.69 0.00 -9.8440 -3.2098 -3.2098
22625 43.60 30.03 0.00 -10.5038 -3.3161 -3.3161
22650 43.17 30.56 0.00 -11.0341 -2.4450 -2.4450
22675 43.17 30.56 0.00 -11.0341 -2.4450 -2.4450
22700 42.71 31.26 0.00 -12.4410 -2.7200 -2.7200
22725 42.16 32.04 0.00 -13.7047 -3.2796 -3.2796
22750 42.16 32.04 0.00 -13.7047 -3.2796 -3.2796
22775 41.62 32.75 0.00 -13.6483 -2.9118 -2.9118
22800 41.62 32.75 0.00 -13.6483 -2.9118 -2.9118
22825 40.95 33.53 0.00 -12.9942 -3.3686 -3.3686
22850 40.56 33.98 0.00 -12.7147 -3.3796 -3.3796
22875 40.05 34.60 0.00 -13.0723 -5.2434 -5.2434
22900 39.52 35.29 0.00 -13.1893 -3.5556 -3.5556
22925 39.52 35.29 0.00 -13.1893 -3.5556 -3.5556
22950 38.98 35.99 0.00 -14.2704 -3.0887 -3.0887
22975 38.39 36.66 0.00 -14.1360 -2.8157 -2.8157
23000 38.39 36.66 0.00 -14.1360 -2.8157 -2.8157
23025 37.90 37.22 0.00 -11.6611 -2.1810 -2.1810
23050 37.49 37.73 0.00 -9.0743 -3.2831 -3.2831
23075 37.49 37.73 0.00 -9.0743 -3.2831 -3.2831
23100 37.17 38.21 0.00 -7.6666 -2.4856 -2.4856
23125 36.85 38.67 0.00 -7.8287 -2.0648 -2.0648
23150 36.85 38.67 0.00 -7.8287 -2.0648 -2.0648
23175 36.52 39.07 0.00 -9.1307 -1.9257 -1.9257
23200 36.12 39.47 0.00 -10.2659 -1.7161 -1.7161
23225 36.12 39.47 0.00 -10.2659 -1.7161 -1.7161
23250 35.68 39.81 0.00 -11.5127 -2.2430 -2.2430
23275 35.23 40.12 0.00 -11.2737 -2.3348 -2.3348
23300 34.77 40.40 0.00 -11.2673 -2.6624 -2.6624
23325 34.77 40.40 0.00 -11.2673 -2.6624 -2.6624
23350 34.34 40.64 0.00 -10.7104 -1.8140 -1.8140
23375 33.91 40.89 0.00 -10.7054 -2.0943 -2.0943
23400 33.50 41.10 0.00 -10.2422 -1.0280 -1.0280
23425 33.50 41.10 0.00 -10.2422 -1.0280 -1.0280
23450 33.07 41.29 0.00 -11.2796 -1.3840 -1.3840
23475 32.71 41.39 0.00 -11.5195 -1.7418 -1.7418
23500 32.71 41.39 0.00 -11.5195 -1.7418 -1.7418
23525 32.26 41.57 0.00 -10.9153 -1.5860 -1.5860
23550 31.86 41.76 0.00 -9.2989 -0.6578 -0.6578
23575 31.52 41.97 0.00 -8.7541 -1.6402 -1.6402
23600 31.52 41.97 0.00 -8.7541 -1.6402 -1.6402
23625 31.18 42.20 0.00 -8.5741 -1.3993 -1.3993
23650 30.82 42.41 0.00 -8.8783 -1.2637 -1.2637
23675 30.82 42.41 0.00 -8.8783 -1.2637 -1.2637
23700 30.49 42.62 0.00 -8.0553 -1.4653 -1.4653
23725 30.16 42.81 0.00 -8.0488 -2.2232 -2.2232
23750 30.16 42.81 0.00 -8.0488 -2.2232 -2.2232
23775 29.84 42.99 0.00 -8.0097 -2.2070 -2.2070
23800 29.51 43.22 0.00 -8.6680 -2.3676 -2.3676
23825 29.51 43.22 0.00 -8.6680 -2.3676 -2.3676
23850 29.16 43.55 0.00 -8.6861 -2.1360 -2.1360
23875 28.82 44.03 0.00 -8.5399 -1.3555 -1.3555
23900 28.49 44.57 0.00 -7.8182 -1.0960 -1.0960
23925 28.49 44.57 0.00 -7.8182 -1.0960 -1.0960
23950 28.21 45.23 0.00 -6.3953 -0.5413 -0.5413
23975 28.01 45.90 0.00 -4.3671 -1.1249 -1.1249
24000 27.89 46.60 0.00 -2.4165 -1.6004 -1.6004
24025 27.89 46.60 0.00 -2.4165 -1.6004 -1.6004
24050 27.79 47.39 0.00 -2.6235 -1.6656 -1.6656
24075 27.68 48.26 0.00 -2.3953 -0.5630 -0.5630
24100 27.68 48.26 0.00 -2.3953 -0.5630 -0.5630
24125 27.59 49.32 0.00 -2.4994 -1.1177 -1.1177
24150 27.59 49.32 0.00 -2.4994 -1.1177 -1.1177
24175 27.54 50.32 0.00 -0.0827 -2.3431 -2.3431
24200 27.59 51.45 0.00 2.0736 -2.5897 -2.5897
24225 27.70 52.58 0.00 2.7406 -2.0062 -2.0062
24250 27.70 52.58 0.00 2.7406 -2.0062 -2.0062
24275 27.81 53.64 0.00 2.9441 -1.3738 -1.3738
24300 27.92 54.78 0.00 2.5490 -1.7670 -1.7670
24325 27.92 54.78 0.00 2.5490 -1.7670 -1.7670
24350 27.98 55.86 0.00 0.2203 -1.9273 -1.9273
24375 27.96 56.71 0.00 -1.2716 -1.6209 -1.6209
24400 27.85 57.83 0.00 -2.8477 -1.0547 -1.0547
24425 27.85 57.83 0.00 -2.8477 -1.0547 -1.0547
24450 27.74 58.85 0.00 -3.4163 -0.2577 -0.2577
24475 27.57 59.90 0.00 -4.3441 -0.4465 -0.4465
24500 27.57 59.90 0.00 -4.3441 -0.4465 -0.4465
24525 27.37 60.96 0.00 -5.1221 0.1404 0.1404
24550 27.13 61.90 0.00 -6.2095 -0.5040 -0.5040
24575 26.88 62.82 0.00 -7.2722 -0.5678 -0.5678
24600 26.88 62.82 0.00 -7.2722 -0.5678 -0.5678
24625 26.56 63.77 0.00 -8.3349 -1.8981 -1.8981
24650 26.18 64.76 0.00 -9.9944 -2.3963 -2.3963
24675 26.18 64.76 0.00 -9.9944 -2.3963 -2.3963
24700 25.77 65.78 0.00 -10.5296 -1.9799 -1.9799
24725 25.29 66.81 0.00 -12.4716 -2.0259 -2.0259
24750 25.29 66.81 0.00 -12.4716 -2.0259 -2.0259
24775 24.77 67.86 0.00 -14.4478 0.2251 0.2251
24800 24.05 68.89 0.00 -20.5547 4.0403 4.0403
24825 23.06 69.83 0.00 -27.1482 7.4823 7.4823
24850 23.06 69.83 0.00 -27.1482 7.4823 7.4823
24875 21.97 70.69 0.00 -26.2765 9.1818 9.1818
24900 20.97 71.43 0.00 -24.0692 6.8187 6.8187
24925 20.97 71.43 0.00 -24.0692 6.8187 6.8187
24950 20.07 72.08 0.00 -21.7162 4.0020 4.0020
24975 19.24 72.66 0.00 -20.7233 3.4337 3.4337
25000 19.24 72.66 0.00 -20.7233 3.4337 3.4337
25025 18.39 73.17 0.00 -20.8543 3.5837 3.5837
25050 17.82 73.50 0.00 -18.8096 3.7554 3.7554
25075 17.18 73.87 0.00 -13.8336 2.6712 2.6712
25100 17.18 73.87 0.00 -13.8336 2.6712 2.6712
25125 16.79 74.13 0.00 -7.3861 0.5672 0.5672
25150 16.66 74.28 0.00 -1.0616 -2.8994 -2.8994
25175 16.66 74.28 0.00 -1.0616 -2.8994 -2.8994
25200 16.64 74.40 0.00 -0.7310 -3.2150 -3.2150
25225 16.56 74.48 0.00 -2.9727 -2.1776 -2.1776
25250 16.44 74.61 0.00 -2.4850 -2.1818 -2.1818
25275 16.44 74.61 0.00 -2.4850 -2.1818 -2.1818
25300 16.37 74.82 0.00 -2.2550 -2.0730 -2.0730
25325 16.25 75.10 0.00 -2.8577 -1.2942 -1.2942
25350 16.25 75.10 0.00 -2.8577 -1.2942 -1.2942
25375 16.15 75.48 0.00 -1.6644 -2.0214 -2.0214
25400 16.15 75.48 0.00 -1.6644 -2.0214 -2.0214
25425 16.13 75.84 0.00 0.6881 -3.4388 -3.4388
25450 16.25 76.21 0.00 3.9003 -4.3767 -4.3767
25475 16.42 76.49 0.00 4.9568 -5.3529 -5.3529
25500 16.42 76.49 0.00 4.9568 -5.3529 -5.3529
25525 16.66 76.69 0.00 6.2832 -5.2873 -5.2873
25550 16.93 76.74 0.00 7.1646 -4.3824 -4.3824
25575 16.93 76.74 0.00 7.1646 -4.3824 -4.3824
25600 17.22 76.80 0.00 7.7814 -3.6266 -3.6266
25625 17.57 76.81 0.00 9.6838 -2.9652 -2.9652
25650 18.05 76.76 0.00 13.5470 -4.2842 -4.2842
25675 18.05 76.76 0.00 13.5470 -4.2842 -4.2842
25700 18.66 76.63 0.00 15.5901 -4.7143 -4.7143
25725 19.29 76.52 0.00 16.0550 -3.9677 -3.9677
25750 19.29 76.52 0.00 16.0550 -3.9677 -3.9677
25775 19.92 76.41 0.00 15.4283 -3.6806 -3.6806
25800 20.47 76.29 0.00 13.1044 -3.8615 -3.8615
25825 20.95 76.19 0.00 10.1478 -3.4144 -3.4144
25850 20.95 76.19 0.00 10.1478 -3.4144 -3.4144
25875 21.17 76.08 0.00 6.1406 -3.0081 -3.0081
25900 21.29 75.99 0.00 1.4267 -1.0652 -1.0652
25925 21.29 75.99 0.00 1.4267 -1.0652 -1.0652
25950 21.29 75.91 0.00 -1.1823 0.4917 0.4917
25975 21.21 75.90 0.00 -2.1385 0.4094 0.4094
26000 21.14 75.88 0.00 -1.3555 0.0909 0.0909
26025 21.14 75.88 0.00 -1.3555 0.0909 0.0909
26050 21.08 75.85 0.00 -2.1116 -0.5999 -0.5999
26075 20.97 75.84 0.00 -2.6110 -0.5072 -0.5072
26100 20.97 75.84 0.00 -2.6110 -0.5072 -0.5072
26125 20.85 75.81 0.00 -3.7624 -1.2759 -1.2759
26150 20.64 75.80 0.00 -5.4599 -0.9460 -0.9460
26175 20.64 75.80 0.00 -5.4599 -0.9460 -0.9460
26200 20.44 75.78 0.00 -5.2171 1.4646 1.4646
26225 20.25 75.74 0.00 -4.5530 0.9298 0.9298
26250 20.09 75.71 0.00 -3.0430 0.9791 0.9791
26275 20.09 75.71 0.00 -3.0430 0.9791 0.9791
26300 20.02 75.68 0.00 -1.5189 0.4247 0.4247
26325 19.94 75.62 0.00 -2.3067 0.3409 0.3409
26350 19.94 75.62 0.00 -2.3067 0.3409 0.3409
26375 19.85 75.57 0.00 -1.7664 0.9035 0.9035
26400 19.85 75.48 0.00 0.5889 -1.5291 -1.5291
26425 19.85 75.48 0.00 0.5889 -1.5291 -1.5291
26450 19.94 75.37 0.00 4.1094 -1.2844 -1.2844
26475 20.15 75.28 0.00 5.9171 -1.3705 -1.3705
26500 20.47 75.19 0.00 8.9191 -1.0561 -1.0561
26525 20.47 75.19 0.00 8.9191 -1.0561 -1.0561
26550 20.91 75.18 0.00 11.7998 -0.5668 -0.5668
26575 21.36 75.15 0.00 11.0067 -0.8979 -0.8979
26600 21.36 75.15 0.00 11.0067 -0.8979 -0.8979
26625 21.76 75.12 0.00 8.6089 0.7057 0.7057
26650 21.99 75.10 0.00 3.6916 2.0947 2.0947
26675 21.99 75.10 0.00 3.6916 2.0947 2.0947
26700 22.04 75.11 0.00 0.8792 2.1421 2.1421
26725 22.08 75.13 0.00 1.1909 0.6344 0.6344
26750 22.17 75.14 0.00 2.9584 -0.9209 -0.9209
26775 22.17 75.14 0.00 2.9584 -0.9209 -0.9209
26800 22.32 75.11 0.00 4.2424 -1.0151 -1.0151
26825 22.46 75.03 0.00 2.4093 -0.6954 -0.6954
26850 22.46 75.03 0.00 2.4093 -0.6954 -0.6954
26875 22.46 74.93 0.00 -1.2592 0.6290 0.6290
26900 22.34 74.94 0.00 -3.9378 0.6592 0.6592
26925 22.34 74.94 0.00 -3.9378 0.6592 0.6592
26950 22.15 75.11 0.00 -5.1284 0.6017 0.6017
26975 21.97 75.37 0.00 -4.3352 -0.4498 -0.4498
27000 21.80 75.64 0.00 -3.6257 -1.4479 -1.4479
27025 21.80 75.64 0.00 -3.6257 -1.4479 -1.4479
27050 21.68 75.86 0.00 -2.5312 -0.7933 -0.7933
27075 21.55 76.07 0.00 -3.8741 -1.5145 -1.5145
27100 21.55 76.07 0.00 -3.8741 -1.5145 -1.5145
27125 21.36 76.36 0.00 -4.8224 2.3366 2.3366
27150 21.06 76.75 0.00 -10.2479 2.0998 2.0998
27175 20.53 77.33 0.00 -14.7943 4.6078 4.6078
27200 20.53 77.33 0.00 -14.7943 4.6078 4.6078
27225 19.96 77.95 0.00 -13.0796 3.6740 3.6740
27250 19.96 77.95 0.00 -13.0796 3.6740 3.6740
27275 19.58 78.50 0.00 -6.0302 -0.0575 -0.0575
27300 19.58 79.03 0.00 3.7675 -3.1933 -3.1933
27325 19.85 79.41 0.00 7.2298 -5.2130 -5.2130
27350 19.85 79.41 0.00 7.2298 -5.2130 -5.2130
27375 20.15 79.60 0.00 7.7275 -1.6552 -1.6552
27400 20.36 79.80 0.00 3.5034 0.1322 0.1322
27425 20.42 80.00 0.00 1.5841 1.8280 1.8280
27450 20.42 80.00 0.00 1.5841 1.8280 1.8280
27475 20.47 80.27 0.00 1.6948 1.6698 1.6698
27500 20.57 80.46 0.00 3.0492 0.2371 0.2371
27525 20.57 80.46 0.00 3.0492 0.2371 0.2371
27550 20.72 80.59 0.00 4.3266 0.3445 0.3445
27575 20.93 80.57 0.00 5.4483 0.5240 0.5240
27600 20.93 80.57 0.00 5.4483 0.5240 0.5240
27625 21.17 80.51 0.00 6.7595 -0.5223 -0.5223
27650 21.48 80.40 0.00 7.4942 -0.8553 -0.8553
27675 21.48 80.40 0.00 7.4942 -0.8553 -0.8553
27700 21.78 80.28 0.00 7.6033 -0.8229 -0.8229
27725 22.06 80.17 0.00 6.8043 -0.3014 -0.3014
27750 22.06 80.17 0.00 6.8043 -0.3014 -0.3014
27775 22.32 80.07 0.00 6.7400 0.1270 0.1270
27800 22.62 79.97 0.00 7.6100 -0.4029 -0.4029
27825 22.96 79.82 0.00 9.7180 -0.5700 -0.5700
27850 22.96 79.82 0.00 9.7180 -0.5700 -0.5700
27875 23.37 79.63 0.00 10.5602 -0.9582 -0.9582
27900 23.82 79.39 0.00 11.0151 -0.7944 -0.7944
27925 23.82 79.39 0.00 11.0151 -0.7944 -0.7944
27950 24.23 79.10 0.00 9.4947 -1.5404 -1.5404
27975 24.58 78.84 0.00 9.2184 -1.5988 -1.5988
28000 24.99 78.59 0.00 10.8808 -0.3499 -0.3499
28025 24.99 78.59 0.00 10.8808 -0.3499 -0.3499
28050 25.46 78.40 0.00 11.2910 -1.5558 -1.5558
28075 25.92 78.29 0.00 11.6150 -1.1270 -1.1270
28100 25.92 78.29 0.00 11.6150 -1.1270 -1.1270
28125 26.36 78.18 0.00 10.9001 -0.8775 -0.8775
28150 26.69 78.10 0.00 11.1378 -1.2640 -1.2640
28175 27.15 77.95 0.00 12.3750 -1.1670 -1.1670
28200 27.15 77.95 0.00 12.3750 -1.1670 -1.1670
28225 27.70 77.80 0.00 14.2256 -3.2705 -3.2705
28250 28.29 77.58 0.00 15.4181 -2.4641 -2.4641
28275 28.29 77.58 0.00 15.4181 -2.4641 -2.4641
28300 28.94 77.37 0.00 16.5589 -1.7338 -1.7338
28325 29.62 77.19 0.00 16.5728 -1.9091 -1.9091
28350 29.62 77.19 0.00 16.5728 -1.9091 -1.9091
28375 30.27 77.08 0.00 16.3309 -0.3793 -0.3793
28400 30.92 77.02 0.00 16.9154 0.3608 0.3608
28425 31.65 77.00 0.00 18.2380 1.2953 1.2953
28450 31.65 77.00 0.00 18.2380 1.2953 1.2953
28475 32.35 76.97 0.00 17.4264 1.4036 1.4036
28500 33.03 76.87 0.00 16.3008 1.7385 1.7385
28525 33.03 76.87 0.00 16.3008 1.7385 1.7385
28550 33.62 76.77 0.00 14.2724 2.3101 2.3101
28575 34.14 76.65 0.00 12.2663 1.8257 1.8257
28600 34.14 76.65 0.00 12.2663 1.8257 1.8257
28625 34.59 76.51 0.00 10.3842 1.8667 1.8667
28650 34.93 76.38 0.00 7.4758 1.6637 1.6637
28675 34.93 76.38 0.00 7.4758 1.6637 1.6637
28700 35.16 76.30 0.00 4.2812 1.7912 1.7912
28725 35.27 76.24 0.00 1.6898 2.6839 2.6839
28750 35.27 76.24 0.00 1.6898 2.6839 2.6839
28775 35.30 76.18 0.00 0.5181 2.4396 2.4396
28800 35.32 76.14 0.00 1.1391 1.4777 1.4777
28825 35.41 76.10 0.00 2.3586 0.7041 0.7041
28850 35.41 76.10 0.00 2.3586 0.7041 0.7041
28875 35.50 76.03 0.00 2.4016 0.2553 0.2553
28900 35.59 75.92 0.00 2.1846 0.7688 0.7688
28925 35.59 75.92 0.00 2.1846 0.7688 0.7688
28950 35.70 75.78 0.00 3.2559 2.1979 2.1979
28975 35.80 75.68 0.00 3.3814 1.4581 1.4581
29000 35.95 75.60 0.00 3.4213 1.2812 1.2812
29025 35.95 75.60 0.00 3.4213 1.2812 1.2812
29050 36.07 75.50 0.00 2.8722 1.6591 1.6591
29075 36.18 75.36 0.00 2.8238 1.6930 1.6930
29100 36.18 75.36 0.00 2.8238 1.6930 1.6930
29125 36.30 75.19 0.00 2.8839 1.2458 1.2458
29150 36.41 74.93 0.00 2.6512 0.1116 0.1116
29175 36.41 74.93 0.00 2.6512 0.1116 0.1116
29200 36.52 74.68 0.00 2.9578 0.7826 0.7826
29225 36.64 74.47 0.00 2.8669 0.1177 0.1177
29250 36.64 74.47 0.00 2.8669 0.1177 0.1177
29275 36.76 74.35 0.00 3.6154 0.8747 0.8747
29300 36.92 74.27 0.00 3.9980 1.4018 1.4018
29325 37.10 74.13 0.00 4.4892 1.7097 1.7097
29350 37.10 74.13 0.00 4.4892 1.7097 1.7097
29375 37.28 74.00 0.00 4.9687 2.0457 2.0457
29400 37.49 73.82 0.00 5.5152 1.5530 1.5530
29425 37.49 73.82 0.00 5.5152 1.5530 1.5530
29450 37.72 73.64 0.00 5.5390 0.9531 0.9531
29475 37.95 73.45 0.00 5.8620 0.7680 0.7680
29500 38.20 73.23 0.00 6.8053 0.5231 0.5231
29525 38.20 73.23 0.00 6.8053 0.5231 0.5231
29550 38.50 72.96 0.00 7.8982 0.2503 0.2503
29575 38.84 72.67 0.00 8.7790 0.1085 0.1085
29600 38.84 72.67 0.00 8.7790 0.1085 0.1085
29625 39.22 72.38 0.00 9.7673 0.7023 0.7023
29650 39.22 72.38 0.00 9.7673 0.7023 0.7023
29675 39.63 72.11 0.00 10.2764 0.4951 0.4951
29700 40.05 71.86 0.00 10.9600 0.2981 0.2981
29725 40.41 71.64 0.00 11.9176 0.0543 0.0543
29750 40.41 71.64 0.00 11.9176 0.0543 0.0543
29775 40.92 71.32 0.00 13.9407 -1.3290 -1.3290
29800 41.53 70.86 0.00 15.8818 -2.3506 -2.3506
29825 41.53 70.86 0.00 15.8818 -2.3506 -2.3506
29850 42.15 70.39 0.00 14.3039 -2.6753 -2.6753
29875 42.64 69.97 0.00 10.8032 0.4795 0.4795
29900 42.97 69.67 0.00 7.1737 1.2192 1.2192
29925 42.97 69.67 0.00 7.1737 1.2192 1.2192
29950 43.22 69.43 0.00 5.7845 1.5873 1.5873
29975 43.45 69.17 0.00 5.4737 2.6222 2.6222
30000 43.45 69.17 0.00 5.4737 2.6222 2.6222
30025 43.69 68.93 0.00 6.6897 2.5496 2.5496
30050 43.97 68.67 0.00 6.8951 2.2254 2.2254
30075 43.97 68.67 0.00 6.8951 2.2254 2.2254
30100 44.25 68.41 0.00 7.3947 1.8016 1.8016
30125 44.55 68.11 0.00 7.4845 1.1966 1.1966
30150 44.55 68.11 0.00 7.4845 1.1966 1.1966
30175 44.83 67.89 0.00 6.6351 0.7427 0.7427
30200 45.07 67.73 0.00 5.9888 1.3859 1.3859
30225 45.32 67.65 0.00 6.0860 1.5593 1.5593
30250 45.32 67.65 0.00 6.0860 1.5593 1.5593
30275 45.58 67.61 0.00 6.9246 1.2338 1.2338
30300 45.91 67.61 0.00 9.1138 1.2604 1.2604
30325 45.91 67.61 0.00 9.1138 1.2604 1.2604
30350 46.32 67.57 0.00 10.6405 1.2163 1.2163
30375 46.79 67.46 0.00 13.0128 1.3072 1.3072
30400 46.79 67.46 0.00 13.0128 1.3072 1.3072
30425 47.38 67.27 0.00 15.7837 0.2418 0.2418
30450 48.04 67.07 0.00 16.5950 -1.3840 -1.3840
30475 48.04 67.07 0.00 16.5950 -1.3840 -1.3840
30500 48.73 66.88 0.00 17.4402 -1.5085 -1.5085
30525 49.42 66.72 0.00 17.0701 -1.8506 -1.8506
30550 50.05 66.57 0.00 15.3463 -1.4404 -1.4404
30575 50.05 66.57 0.00 15.3463 -1.4404 -1.4404
30600 50.49 66.50 0.00 13.6095 -0.6432 -0.6432
30625 50.96 66.38 0.00 10.8758 -0.3633 -0.3633
30650 51.34 66.23 0.00 8.9113 1.2587 1.2587
30675 51.34 66.23 0.00 8.9113 1.2587 1.2587
30700 51.64 66.02 0.00 6.0394 1.4248 1.4248
30725 51.64 66.02 0.00 6.0394 1.4248 1.4248
30750 51.82 65.80 0.00 3.5854 3.0908 3.0908
30775 51.90 65.64 0.00 1.3706 2.5645 2.5645
30800 51.94 65.53 0.00 1.0354 1.2534 1.2534
30825 51.94 65.53 0.00 1.0354 1.2534 1.2534
30850 51.99 65.39 0.00 1.4199 1.0293 1.0293
30875 52.04 65.17 0.00 1.3146 1.0632 1.0632
30900 52.04 65.17 0.00 1.3146 1.0632 1.0632
30925 52.13 64.85 0.00 3.1303 1.3135 1.3135
30950 52.25 64.38 0.00 2.1936 1.8414 1.8414
30975 52.25 64.38 0.00 2.1936 1.8414 1.8414
31000 52.32 63.68 0.00 1.8283 4.9972 4.9972
31025 52.43 62.82 0.00 3.5000 4.9596 4.9596
31050 52.43 62.82 0.00 3.5000 4.9596 4.9596
31075 52.62 62.02 0.00 6.0236 3.4063 3.4063
31100 52.92 61.30 0.00 7.6205 1.5826 1.5826
31125 53.18 60.70 0.00 5.9838 1.0191 1.0191
31150 53.18 60.70 0.00 5.9838 1.0191 1.0191
31175 53.40 60.11 0.00 5.6775 1.9098 1.9098
31200 53.63 59.48 0.00 5.6241 1.0947 1.0947
31225 53.63 59.48 0.00 5.6241 1.0947 1.0947
31250 53.86 58.88 0.00 5.8447 1.3073 1.3073
31275 54.09 58.35 0.00 5.6010 1.3422 1.3422
31300 54.09 58.35 0.00 5.6010 1.3422 1.3422
31325 54.30 57.89 0.00 4.6606 1.6818 1.6818
31350 54.45 57.60 0.00 3.5936 2.4600 2.4600
31375 54.58 57.50 0.00 4.5526 1.7984 1.7984
31400 54.58 57.50 0.00 4.5526 1.7984 1.7984
31425 54.77 57.38 0.00 5.0492 1.8096 1.8096
31450 55.00 57.20 0.00 5.8991 2.5082 2.5082
31475 55.00 57.20 0.00 5.8991 2.5082 2.5082
31500 55.24 57.03 0.00 6.7831 2.2901 2.2901
31525 55.56 56.80 0.00 9.0951 1.4093 1.4093
31550 55.98 56.52 0.00 11.0289 1.5069 1.5069
31575 55.98 56.52 0.00 11.0289 1.5069 1.5069
31600 56.52 56.12 0.00 16.0844 -0.0875 -0.0875
31625 57.27 55.75 0.00 19.4363 0.0811 0.0811
31650 57.27 55.75 0.00 19.4363 0.0811 0.0811
31675 57.96 55.51 0.00 15.1774 0.2292 0.2292
31700 58.38 55.42 0.00 7.8267 1.8018 1.8018
31725 58.38 55.42 0.00 7.8267 1.8018 1.8018
31750 58.54 55.41 0.00 1.6403 2.6748 2.6748
31775 58.56 55.42 0.00 -0.4096 2.4163 2.4163
31800 58.56 55.32 0.00 0.3166 1.4742 1.4742
31825 58.56 55.32 0.00 0.3166 1.4742 1.4742
31850 58.57 55.18 0.00 -0.0937 0.0570 0.0570
31875 58.52 55.02 0.00 -1.6675 1.5709 1.5709
31900 58.52 55.02 0.00 -1.6675 1.5709 1.5709
31925 58.40 54.84 0.00 -3.7793 0.8284 0.8284
31950 58.22 54.72 0.00 -5.0524 -0.4969 -0.4969
31975 58.22 54.72 0.00 -5.0524 -0.4969 -0.4969
32000 57.99 54.61 0.00 -6.1826 0.6836 0.6836
32025 57.73 54.43 0.00 -6.6719 0.2375 0.2375
32050 57.45 54.24 0.00 -6.9023 -0.4467 -0.4467
32075 57.45 54.24 0.00 -6.9023 -0.4467 -0.4467
32100 57.24 54.13 0.00 -7.0575 0.2838 0.2838
32125 56.98 54.01 0.00 -6.6368 -0.1760 -0.1760
32150 56.98 54.01 0.00 -6.6368 -0.1760 -0.1760
32175 56.71 53.93 0.00 -6.1239 0.1136 0.1136
32200 56.52 53.86 0.00 -3.7756 -0.4009 -0.4009
32225 56.41 53.81 0.00 -2.4041 -0.9708 -0.9708
32250 56.41 53.81 0.00 -2.4041 -0.9708 -0.9708
32275 56.34 53.76 0.00 -1.3195 -0.7325 -0.7325
32300 56.29 53.72 0.00 -1.2677 -0.5260 -0.5260
32325 56.29 53.72 0.00 -1.2677 -0.5260 -0.5260
32350 56.26 53.69 0.00 -0.4971 0.6553 0.6553
32375 56.26 53.69 0.00 -0.4971 0.6553 0.6553
32400 56.27 53.67 0.00 1.3508 0.2055 0.2055
32425 56.36 53.63 0.00 2.6454 -0.0128 -0.0128
32450 56.48 53.56 0.00 2.5011 0.7297 0.7297
32475 56.48 53.56 0.00 2.5011 0.7297 0.7297
32500 56.54 53.48 0.00 1.2073 0.2150 0.2150
32525 56.59 53.42 0.00 1.0186 1.5946 1.5946
32550 56.59 53.42 0.00 1.0186 1.5946 1.5946
32575 56.61 53.44 0.00 0.2114 0.1034 0.1034
32600 56.59 53.46 0.00 -0.6077 -0.1739 -0.1739
32625 56.57 53.44 0.00 -0.8016 1.1939 1.1939
32650 56.57 53.44 0.00 -0.8016 1.1939 1.1939
32675 56.54 53.39 0.00 -0.6776 0.7070 0.7070
32700 56.54 53.32 0.00 0.3754 0.6906 0.6906
32725 56.54 53.32 0.00 0.3754 0.6906 0.6906
32750 56.55 53.20 0.00 0.0305 -1.4450 -1.4450
32775 56.54 53.07 0.00 -0.6054 0.7768 0.7768
32800 56.45 52.90 0.00 -2.6769 0.0854 0.0854
32825 56.45 52.90 0.00 -2.6769 0.0854 0.0854
32850 56.36 52.69 0.00 -2.0606 -0.5619 -0.5619
32875 56.36 52.69 0.00 -2.0606 -0.5619 -0.5619
32900 56.27 52.42 0.00 -2.4815 -0.5543 -0.5543
32925 56.13 52.16 0.00 -3.8347 0.0429 0.0429
32950 56.01 51.98 0.00 -3.9126 0.4783 0.4783
32975 55.89 51.83 0.00 -2.4398 0.4431 0.4431
33000 55.89 51.83 0.00 -2.4398 0.4431 0.4431
33025 55.84 51.65 0.00 -1.1721 -0.3025 -0.3025
33050 55.80 51.46 0.00 -0.8479 -0.2204 -0.2204
33075 55.80 51.46 0.00 -0.8479 -0.2204 -0.2204
33100 55.73 51.21 0.00 -2.3827 -0.5575 -0.5575
33125 55.61 50.93 0.00 -3.7011 -0.1504 -0.1504
33150 55.61 50.93 0.00 -3.7011 -0.1504 -0.1504
33175 55.43 50.60 0.00 -4.4774 -0.7810 -0.7810
33200 55.22 50.28 0.00 -5.6384 -0.9377 -0.9377
33225 54.94 50.00 0.00 -8.4360 -0.2664 -0.2664
33250 54.94 50.00 0.00 -8.4360 -0.2664 -0.2664
33275 54.56 49.78 0.00 -10.1172 -0.1719 -0.1719
33300 54.14 49.57 0.00 -10.2745 -0.2629 -0.2629
33325 54.14 49.57 0.00 -10.2745 -0.2629 -0.2629
33350 53.74 49.34 0.00 -10.1640 0.1026 0.1026
33375 53.35 49.15 0.00 -9.1013 0.7771 0.7771
33400 53.35 49.15 0.00 -9.1013 0.7771 0.7771
33425 53.04 49.04 0.00 -7.3799 -0.0813 -0.0813
33450 52.79 49.01 0.00 -5.4408 -1.3959 -1.3959
33475 52.79 49.01 0.00 -5.4408 -1.3959 -1.3959
33500 52.62 49.02 0.00 -4.2544 -1.1782 -1.1782
33525 52.46 49.01 0.00 -3.7994 -1.5212 -1.5212
33550 52.46 49.01 0.00 -3.7994 -1.5212 -1.5212
33575 52.30 48.99 0.00 -3.8316 -1.2005 -1.2005
33600 52.15 48.97 0.00 -3.7814 -2.3075 -2.3075
33625 52.15 48.97 0.00 -3.7814 -2.3075 -2.3075
33650 52.01 48.92 0.00 -3.4117 -0.8501 -0.8501
33675 51.90 48.90 0.00 -3.5834 -0.8453 -0.8453
33700 51.76 48.88 0.00 -3.5546 -0.6597 -0.6597
33725 51.76 48.88 0.00 -3.5546 -0.6597 -0.6597
33750 51.64 48.88 0.00 -2.6065 -0.4568 -0.4568
33775 51.55 48.92 0.00 -1.5932 -0.8435 -0.8435
33800 51.52 48.95 0.00 -0.9170 -0.6093 -0.6093
33825 51.52 48.95 0.00 -0.9170 -0.6093 -0.6093
33850 51.47 48.97 0.00 -1.0013 -0.0837 -0.0837
33875 51.43 48.97 0.00 -0.9062 0.2208 0.2208
33900 51.40 48.95 0.00 -0.9725 -0.0250 -0.0250
33925 51.40 48.95 0.00 -0.9725 -0.0250 -0.0250
33950 51.34 48.93 0.00 -1.3888 0.0967 0.0967
33975 51.34 48.93 0.00 -1.3888 0.0967 0.0967
34000 51.27 48.90 0.00 -2.0689 0.4872 0.4872
34025 51.19 48.85 0.00 -2.4876 0.6221 0.6221
34050 51.19 48.85 0.00 -2.4876 0.6221 0.6221
34075 51.08 48.78 0.00 -2.5460 0.9495 0.9495
