%#        Time[ms]        X[pixel],        Y[pixel],        Z[pixel],  dX/dt[pixel/s],  dY/dt[pixel/s],  dZ/dt[pixel/s] 
0 50.00 50.00 0.00 -0.0457 -0.6490 -0.6490
25 50.00 50.04 0.00 0.2061 -1.4131 -1.4131
50 50.00 50.09 0.00 -0.0463 -0.9660 -0.9660
75 50.00 50.09 0.00 -0.0463 -0.9660 -0.9660
100 49.97 50.11 0.00 -1.0915 -1.4557 -1.4557
125 49.93 50.12 0.00 -0.8037 -1.4863 -1.4863
150 49.91 50.18 0.00 -0.1180 -0.0002 -0.0002
175 49.91 50.18 0.00 -0.1180 -0.0002 -0.0002
200 49.91 50.27 0.00 -0.2128 -0.9647 -0.9647
225 49.91 50.27 0.00 -0.2128 -0.9647 -0.9647
250 49.90 50.34 0.00 -0.3824 -0.3150 -0.3150
275 49.88 50.36 0.00 -0.1428 0.9420 0.9420
300 49.90 50.32 0.00 0.7782 0.5868 0.5868
325 49.90 50.32 0.00 0.7782 0.5868 0.5868
350 49.95 50.25 0.00 1.2854 -0.3623 -0.3623
375 49.97 50.20 0.00 -0.3295 -0.0062 -0.0062
400 49.97 50.20 0.00 -0.3295 -0.0062 -0.0062
425 49.91 50.20 0.00 -1.6369 0.9464 0.9464
450 49.88 50.23 0.00 -0.6407 0.0580 0.0580
475 49.90 50.28 0.00 1.2703 0.0173 0.0173
500 49.90 50.28 0.00 1.2703 0.0173 0.0173
525 49.95 50.27 0.00 1.1510 -0.5659 -0.5659
550 49.98 50.25 0.00 0.0747 0.1882 0.1882
575 49.98 50.25 0.00 0.0747 0.1882 0.1882
600 49.97 50.21 0.00 -0.3245 0.1717 0.1717
625 49.98 50.18 0.00 0.9592 -1.2997 -1.2997
650 50.09 50.04 0.00 3.9015 -2.3450 -2.3450
675 50.09 50.04 0.00 3.9015 -2.3450 -2.3450
700 50.31 49.73 0.00 7.1041 -5.2714 -5.2714
725 50.77 49.38 0.00 13.9282 -6.8159 -6.8159
750 50.77 49.38 0.00 13.9282 -6.8159 -6.8159
775 51.27 49.08 0.00 17.3465 -7.7837 -7.7837
800 51.96 48.71 0.00 16.8318 -6.9294 -6.9294
825 52.57 48.35 0.00 13.8160 -4.3617 -4.3617
850 52.57 48.35 0.00 13.8160 -4.3617 -4.3617
875 53.00 48.04 0.00 8.8070 -2.0331 -2.0331
900 53.00 48.04 0.00 8.8070 -2.0331 -2.0331
925 53.26 47.84 0.00 5.4409 -0.6209 -0.6209
950 53.44 47.65 0.00 3.4813 -0.8920 -0.8920
975 53.56 47.42 0.00 3.4628 -0.8925 -0.8925
1000 53.56 47.42 0.00 3.4628 -0.8925 -0.8925
1025 53.75 47.19 0.00 5.7789 -0.9890 -0.9890
1050 54.05 47.01 0.00 8.5793 -0.4701 -0.4701
1075 54.05 47.01 0.00 8.5793 -0.4701 -0.4701
1100 54.42 46.89 0.00 9.3956 -0.9437 -0.9437
1125 54.80 46.80 0.00 9.8384 -0.6657 -0.6657
1150 55.21 46.72 0.00 9.7065 -0.1337 -0.1337
1175 55.21 46.72 0.00 9.7065 -0.1337 -0.1337
1200 55.59 46.61 0.00 10.0742 -0.0724 -0.0724
1225 56.06 46.44 0.00 12.9832 0.0443 0.0443
1250 56.06 46.44 0.00 12.9832 0.0443 0.0443
1275 56.66 46.14 0.00 16.6252 -0.6685 -0.6685
1300 56.66 46.14 0.00 16.6252 -0.6685 -0.6685
1325 57.43 45.78 0.00 20.9043 -0.6622 -0.6622
1350 58.34 45.43 0.00 24.1510 -1.1830 -1.1830
1375 59.42 45.12 0.00 27.6998 -0.5450 -0.5450
1400 59.42 45.12 0.00 27.6998 -0.5450 -0.5450
1425 60.48 44.90 0.00 25.0482 0.1108 0.1108
1450 61.38 44.73 0.00 21.2307 2.0060 2.0060
1475 62.15 44.56 0.00 18.3153 2.3208 2.3208
1500 62.15 44.56 0.00 18.3153 2.3208 2.3208
1525 62.83 44.39 0.00 16.0023 1.7553 1.7553
1550 63.27 44.20 0.00 13.1840 1.6190 1.6190
1575 63.27 44.20 0.00 13.1840 1.6190 1.6190
1600 63.70 43.96 0.00 9.7069 2.1438 2.1438
1625 64.02 43.72 0.00 7.1797 2.3348 2.3348
1650 64.29 43.52 0.00 5.7836 1.8449 1.8449
1675 64.29 43.52 0.00 5.7836 1.8449 1.8449
1700 64.48 43.37 0.00 4.2189 1.0151 1.0151
1725 64.59 43.26 0.00 1.8488 1.1858 1.1858
1750 64.59 43.26 0.00 1.8488 1.1858 1.1858
1775 64.61 43.21 0.00 -0.4868 1.6074 1.6074
1800 64.55 43.21 0.00 -1.8017 0.9460 0.9460
1825 64.48 43.24 0.00 -1.9314 -0.0684 -0.0684
1850 64.48 43.24 0.00 -1.9314 -0.0684 -0.0684
1875 64.39 43.24 0.00 -2.2947 -0.0571 -0.0571
1900 64.29 43.20 0.00 -2.7539 -0.5709 -0.5709
1925 64.29 43.20 0.00 -2.7539 -0.5709 -0.5709
1950 64.18 43.19 0.00 -2.8811 0.6836 0.6836
1975 64.09 43.20 0.00 -1.9916 0.2211 0.2211
2000 64.09 43.20 0.00 -1.9916 0.2211 0.2211
2025 64.02 43.26 0.00 -1.5794 -1.3678 -1.3678
2050 63.98 43.31 0.00 -0.3687 -0.3119 -0.3119
2075 63.98 43.31 0.00 -0.3687 -0.3119 -0.3119
2100 63.98 43.31 0.00 0.0980 -0.3604 -0.3604
2125 64.02 43.29 0.00 1.3004 0.0210 0.0210
2150 64.07 43.24 0.00 1.5960 -0.5999 -0.5999
2175 64.07 43.24 0.00 1.5960 -0.5999 -0.5999
2200 64.13 43.10 0.00 0.9732 0.9020 0.9020
2225 64.14 42.99 0.00 0.0936 0.9155 0.9155
2250 64.14 42.99 0.00 0.0936 0.9155 0.9155
2275 64.16 42.96 0.00 0.7522 0.2880 0.2880
2300 64.21 42.97 0.00 1.6227 0.3438 0.3438
2325 64.21 42.97 0.00 1.6227 0.3438 0.3438
2350 64.27 42.99 0.00 2.1003 0.1052 0.1052
2375 64.37 43.01 0.00 2.8636 0.1936 0.1936
2400 64.52 43.05 0.00 4.1035 0.4003 0.4003
2425 64.52 43.05 0.00 4.1035 0.4003 0.4003
2450 64.71 43.05 0.00 6.0601 -0.6642 -0.6642
2475 65.02 42.96 0.00 8.1209 -1.6106 -1.6106
2500 65.02 42.96 0.00 8.1209 -1.6106 -1.6106
2525 65.37 42.84 0.00 9.4442 -1.1612 -1.1612
2550 65.37 42.84 0.00 9.4442 -1.1612 -1.1612
2575 65.80 42.69 0.00 11.1555 0.1131 0.1131
2600 66.27 42.52 0.00 11.7063 0.2262 0.2262
2625 66.77 42.34 0.00 13.1536 0.3466 0.3466
2650 66.77 42.34 0.00 13.1536 0.3466 0.3466
2675 67.31 42.14 0.00 13.9984 0.2004 0.2004
2700 67.88 41.95 0.00 14.2873 -0.0993 -0.0993
2725 68.44 41.81 0.00 13.4889 -0.2308 -0.2308
2750 68.44 41.81 0.00 13.4889 -0.2308 -0.2308
2775 68.93 41.65 0.00 11.5496 -0.4084 -0.4084
2800 69.35 41.48 0.00 9.2604 0.2243 0.2243
2825 69.35 41.48 0.00 9.2604 0.2243 0.2243
2850 69.64 41.29 0.00 6.1213 0.2650 0.2650
2875 69.84 41.16 0.00 4.6609 1.7166 1.7166
2900 69.84 41.16 0.00 4.6609 1.7166 1.7166
2925 69.96 41.08 0.00 2.4517 0.5938 0.5938
2950 70.02 41.04 0.00 1.2932 0.8792 0.8792
2975 70.09 40.97 0.00 2.0270 1.8055 1.8055
3000 70.09 40.97 0.00 2.0270 1.8055 1.8055
3025 70.18 40.85 0.00 2.2932 0.9190 0.9190
3050 70.31 40.70 0.00 3.6426 0.6556 0.6556
3075 70.31 40.70 0.00 3.6426 0.6556 0.6556
3100 70.49 40.53 0.00 5.2747 -0.3081 -0.3081
3125 70.69 40.39 0.00 6.9704 0.3685 0.3685
3150 70.69 40.39 0.00 6.9704 0.3685 0.3685
3175 71.02 40.25 0.00 9.8776 -0.6932 -0.6932
3200 71.57 40.20 0.00 15.3757 -2.6248 -2.6248
3225 71.57 40.20 0.00 15.3757 -2.6248 -2.6248
3250 72.24 40.11 0.00 17.9739 -2.4826 -2.4826
3275 72.98 39.96 0.00 18.6575 -1.1810 -1.1810
3300 73.71 39.75 0.00 17.8149 -0.7067 -0.7067
3325 73.71 39.75 0.00 17.8149 -0.7067 -0.7067
3350 74.40 39.49 0.00 16.2159 0.2241 0.2241
3375 74.99 39.22 0.00 13.9800 0.7502 0.7502
3400 74.99 39.22 0.00 13.9800 0.7502 0.7502
3425 75.47 38.95 0.00 10.6773 0.2444 0.2444
3450 75.79 38.72 0.00 6.5069 0.5154 0.5154
3475 75.92 38.52 0.00 0.7998 1.0509 1.0509
3500 75.92 38.52 0.00 0.7998 1.0509 1.0509
3525 75.84 38.36 0.00 -3.3780 1.4272 1.4272
3550 75.84 38.36 0.00 -3.3780 1.4272 1.4272
3575 75.66 38.22 0.00 -4.9770 0.6592 0.6592
3600 75.45 38.11 0.00 -5.1853 -0.3778 -0.3778
3625 75.45 38.11 0.00 -5.1853 -0.3778 -0.3778
3650 74.90 38.01 0.00 -9.6873 -1.5825 -1.5825
3675 74.90 38.01 0.00 -9.6873 -1.5825 -1.5825
3700 74.38 37.99 0.00 -14.1798 -1.6280 -1.6280
3725 74.38 37.99 0.00 -14.1798 -1.6280 -1.6280
3750 73.75 37.97 0.00 -17.0719 -1.4773 -1.4773
3775 73.05 38.08 0.00 -17.8272 -2.2347 -2.2347
3800 73.05 38.08 0.00 -17.8272 -2.2347 -2.2347
3825 72.33 38.24 0.00 -17.1503 -3.1670 -3.1670
3850 71.69 38.36 0.00 -15.3177 -2.2305 -2.2305
3875 71.15 38.44 0.00 -13.2395 -0.8034 -0.8034
3900 70.76 38.48 0.00 -12.3908 -0.5925 -0.5925
3925 70.76 38.48 0.00 -12.3908 -0.5925 -0.5925
3950 70.31 38.55 0.00 -10.7689 -0.3144 -0.3144
3975 69.89 38.56 0.00 -9.9666 0.3877 0.3877
4000 69.89 38.56 0.00 -9.9666 0.3877 0.3877
4025 69.55 38.54 0.00 -8.1901 1.3664 1.3664
4050 69.24 38.56 0.00 -6.5930 0.6867 0.6867
4075 69.24 38.56 0.00 -6.5930 0.6867 0.6867
4100 69.02 38.59 0.00 -4.7728 0.3689 0.3689
4125 68.86 38.68 0.00 -4.1708 -0.1754 -0.1754
4150 68.68 38.77 0.00 -4.4254 0.1248 0.1248
4175 68.68 38.77 0.00 -4.4254 0.1248 0.1248
4200 68.52 38.86 0.00 -3.9111 0.5035 0.5035
4225 68.39 38.93 0.00 -3.1968 0.0581 0.0581
4250 68.39 38.93 0.00 -3.1968 0.0581 0.0581
4275 68.26 38.93 0.00 -3.2209 0.0121 0.0121
4300 68.12 38.87 0.00 -3.5288 0.4395 0.4395
4325 68.12 38.87 0.00 -3.5288 0.4395 0.4395
4350 67.97 38.75 0.00 -4.0656 0.7113 0.7113
4375 67.78 38.52 0.00 -5.2360 0.9880 0.9880
4400 67.78 38.52 0.00 -5.2360 0.9880 0.9880
4425 67.54 38.21 0.00 -6.3082 1.2418 1.2418
4450 67.24 37.77 0.00 -8.5325 1.8136 1.8136
4475 66.86 37.31 0.00 -9.9687 1.9138 1.9138
4500 66.86 37.31 0.00 -9.9687 1.9138 1.9138
4525 66.45 36.83 0.00 -10.3838 1.8863 1.8863
4550 66.02 36.32 0.00 -10.7102 1.5346 1.5346
4575 66.02 36.32 0.00 -10.7102 1.5346 1.5346
4600 65.68 35.95 0.00 -11.2941 1.2844 1.2844
4625 65.25 35.45 0.00 -10.9660 1.5750 1.5750
4650 65.25 35.45 0.00 -10.9660 1.5750 1.5750
4675 64.82 35.06 0.00 -9.8892 2.6214 2.6214
4700 64.45 34.76 0.00 -9.1831 1.1282 1.1282
4725 64.45 34.76 0.00 -9.1831 1.1282 1.1282
4750 64.11 34.54 0.00 -8.1046 1.1643 1.1643
4775 63.80 34.36 0.00 -7.1238 1.1520 1.1520
4800 63.56 34.18 0.00 -5.5714 0.5457 0.5457
4825 63.56 34.18 0.00 -5.5714 0.5457 0.5457
4850 63.36 34.03 0.00 -4.5196 0.4804 0.4804
4875 63.20 33.82 0.00 -3.6351 0.9163 0.9163
4900 63.20 33.82 0.00 -3.6351 0.9163 0.9163
4925 63.08 33.62 0.00 -2.7925 0.6889 0.6889
4950 62.97 33.48 0.00 -2.3115 -0.3668 -0.3668
4975 62.97 33.48 0.00 -2.3115 -0.3668 -0.3668
5000 62.90 33.45 0.00 -1.2192 0.7703 0.7703
5025 62.88 33.50 0.00 -0.5316 0.0714 0.0714
5050 62.88 33.64 0.00 0.5710 0.1270 0.1270
5075 62.88 33.64 0.00 0.5710 0.1270 0.1270
5100 62.92 33.87 0.00 1.2325 0.5734 0.5734
5125 62.97 34.13 0.00 1.2742 0.3262 0.3262
5150 62.97 34.13 0.00 1.2742 0.3262 0.3262
5175 63.02 34.45 0.00 1.4876 0.1294 0.1294
5200 63.09 34.73 0.00 2.3121 -0.1884 -0.1884
5225 63.20 35.00 0.00 2.7336 -0.0393 -0.0393
5250 63.20 35.00 0.00 2.7336 -0.0393 -0.0393
5275 63.33 35.24 0.00 2.9839 -0.3606 -0.3606
5300 63.45 35.49 0.00 3.2414 -0.5749 -0.5749
5325 63.45 35.49 0.00 3.2414 -0.5749 -0.5749
5350 63.59 35.74 0.00 3.8015 -0.8500 -0.8500
5375 63.73 35.93 0.00 3.2364 -0.9278 -0.9278
5400 63.73 35.93 0.00 3.2364 -0.9278 -0.9278
5425 63.84 36.03 0.00 2.4552 -0.8335 -0.8335
5450 63.91 36.07 0.00 2.4393 -0.4114 -0.4114
5475 64.02 36.05 0.00 2.6463 -1.4769 -1.4769
5500 64.02 36.05 0.00 2.6463 -1.4769 -1.4769
5525 64.13 36.00 0.00 2.9173 -0.4779 -0.4779
5550 64.25 36.02 0.00 2.7949 0.0277 0.0277
5575 64.25 36.02 0.00 2.7949 0.0277 0.0277
5600 64.36 36.05 0.00 3.2482 -1.1950 -1.1950
5625 64.52 36.05 0.00 4.4979 -0.3646 -0.3646
5650 64.52 36.05 0.00 4.4979 -0.3646 -0.3646
5675 64.73 36.00 0.00 5.7737 0.6563 0.6563
5700 65.03 35.86 0.00 8.9389 0.9064 0.9064
5725 65.03 35.86 0.00 8.9389 0.9064 0.9064
5750 65.50 35.63 0.00 13.6670 -0.0386 -0.0386
5775 66.11 35.33 0.00 15.9912 0.2618 0.2618
5800 66.72 35.08 0.00 13.9158 0.9522 0.9522
5825 66.72 35.08 0.00 13.9158 0.9522 0.9522
5850 67.18 34.94 0.00 10.4743 1.2208 1.2208
5875 67.51 34.87 0.00 6.3380 1.9904 1.9904
5900 67.51 34.87 0.00 6.3380 1.9904 1.9904
5925 67.65 34.86 0.00 1.4736 1.9310 1.9310
5950 67.61 34.90 0.00 -1.7899 1.8912 1.8912
5975 67.61 34.90 0.00 -1.7899 1.8912 1.8912
6000 67.52 34.94 0.00 -2.1817 1.3610 1.3610
6025 67.45 34.94 0.00 -1.9661 0.1377 0.1377
6050 67.36 34.88 0.00 -1.8745 -0.2557 -0.2557
6075 67.36 34.88 0.00 -1.8745 -0.2557 -0.2557
6100 67.27 34.81 0.00 -2.4932 -0.0935 -0.0935
6125 67.15 34.78 0.00 -4.0116 -0.0701 -0.0701
6150 66.95 34.80 0.00 -4.9169 0.1983 0.1983
6175 66.95 34.80 0.00 -4.9169 0.1983 0.1983
6200 66.77 34.80 0.00 -4.7209 -0.2748 -0.2748
6225 66.63 34.80 0.00 -4.5300 -0.4794 -0.4794
6250 66.63 34.80 0.00 -4.5300 -0.4794 -0.4794
6275 66.47 34.81 0.00 -3.9107 -0.7575 -0.7575
6300 66.32 34.83 0.00 -2.9434 -1.2275 -1.2275
6325 66.32 34.83 0.00 -2.9434 -1.2275 -1.2275
6350 66.21 34.81 0.00 -3.0392 -1.7598 -1.7598
6375 66.09 34.78 0.00 -2.8032 -1.6193 -1.6193
6400 66.09 34.78 0.00 -2.8032 -1.6193 -1.6193
6425 65.98 34.73 0.00 -2.4464 -0.1023 -0.1023
6450 65.87 34.73 0.00 -2.9182 -0.6535 -0.6535
6475 65.77 34.76 0.00 -2.6065 -1.2045 -1.2045
6500 65.77 34.76 0.00 -2.6065 -1.2045 -1.2045
6525 65.66 34.82 0.00 -2.3855 -0.4404 -0.4404
6550 65.57 34.85 0.00 -2.2185 -0.4378 -0.4378
6575 65.57 34.85 0.00 -2.2185 -0.4378 -0.4378
6600 65.50 34.87 0.00 -1.4589 -0.9823 -0.9823
6625 65.45 34.85 0.00 -1.5270 -1.1641 -1.1641
6650 65.45 34.85 0.00 -1.5270 -1.1641 -1.1641
6675 65.39 34.82 0.00 -0.9603 0.4694 0.4694
6700 65.36 34.76 0.00 -1.0921 0.0020 0.0020
6725 65.34 34.80 0.00 -0.0218 0.1055 0.1055
6750 65.34 34.80 0.00 -0.0218 0.1055 0.1055
6775 65.36 34.85 0.00 0.2278 -0.0846 -0.0846
6800 65.36 34.90 0.00 -0.0609 0.2329 0.2329
6825 65.36 34.90 0.00 -0.0609 0.2329 0.2329
6850 65.36 34.96 0.00 -0.0704 0.7176 0.7176
6875 65.34 34.99 0.00 -0.1352 0.4470 0.4470
6900 65.34 34.99 0.00 -0.1352 0.4470 0.4470
6925 65.34 35.05 0.00 -0.4782 -0.3431 -0.3431
6950 65.30 35.08 0.00 -1.1637 -0.2460 -0.2460
6975 65.30 35.08 0.00 -1.1637 -0.2460 -0.2460
7000 65.25 35.08 0.00 -1.4977 -0.1542 -0.1542
7025 65.19 35.03 0.00 -0.9358 -0.4543 -0.4543
7050 65.16 34.99 0.00 -0.8068 -0.7352 -0.7352
7075 65.16 34.99 0.00 -0.8068 -0.7352 -0.7352
7100 65.12 34.96 0.00 -0.9706 -0.1703 -0.1703
7125 65.09 34.96 0.00 -0.9279 -0.2226 -0.2226
7150 65.05 34.98 0.00 -0.4262 -0.3272 -0.3272
7175 65.05 34.98 0.00 -0.4262 -0.3272 -0.3272
7200 65.05 34.98 0.00 -0.2236 -0.6660 -0.6660
7225 65.02 34.94 0.00 -1.0028 -0.9311 -0.9311
7250 65.02 34.94 0.00 -1.0028 -0.9311 -0.9311
7275 64.96 34.91 0.00 -1.6491 -1.1068 -1.1068
7300 64.91 34.91 0.00 -1.0806 0.7872 0.7872
7325 64.91 34.91 0.00 -1.0806 0.7872 0.7872
7350 64.87 34.94 0.00 -0.8934 -0.2298 -0.2298
7375 64.84 34.99 0.00 -1.0233 -1.1983 -1.1983
7400 64.84 34.99 0.00 -1.0233 -1.1983 -1.1983
7425 64.77 35.06 0.00 -2.1645 -0.6076 -0.6076
7450 64.66 35.13 0.00 -2.9797 -0.5374 -0.5374
7475 64.55 35.15 0.00 -2.5137 0.0424 0.0424
7500 64.55 35.15 0.00 -2.5137 0.0424 0.0424
7525 64.48 35.10 0.00 -1.8646 -0.8197 -0.8197
7550 64.43 35.01 0.00 -1.0122 0.6442 0.6442
7575 64.43 35.01 0.00 -1.0122 0.6442 0.6442
7600 64.37 34.96 0.00 -1.6816 -0.3545 -0.3545
7625 64.32 34.98 0.00 -1.3009 -0.0198 -0.0198
7650 64.32 34.98 0.00 -1.3009 -0.0198 -0.0198
7675 64.27 35.05 0.00 -1.5187 -0.5714 -0.5714
7700 64.20 35.10 0.00 -1.7413 -0.2889 -0.2889
7725 64.20 35.10 0.00 -1.7413 -0.2889 -0.2889
7750 64.13 35.15 0.00 -1.7291 -0.1166 -0.1166
7775 64.07 35.19 0.00 -1.7014 -0.2833 -0.2833
7800 64.00 35.24 0.00 -2.1136 -0.4930 -0.4930
7825 64.00 35.24 0.00 -2.1136 -0.4930 -0.4930
7850 63.91 35.28 0.00 -2.2924 -0.7883 -0.7883
7875 63.82 35.28 0.00 -2.0917 -0.8457 -0.8457
7900 63.82 35.28 0.00 -2.0917 -0.8457 -0.8457
7925 63.73 35.29 0.00 -1.9232 -0.7871 -0.7871
7950 63.66 35.29 0.00 -1.5590 -0.7284 -0.7284
7975 63.66 35.29 0.00 -1.5590 -0.7284 -0.7284
8000 63.61 35.29 0.00 -1.4118 -0.5853 -0.5853
8025 63.56 35.33 0.00 -1.7040 -0.2736 -0.2736
8050 63.48 35.35 0.00 -1.7134 -0.5431 -0.5431
8075 63.48 35.35 0.00 -1.7134 -0.5431 -0.5431
8100 63.41 35.38 0.00 -1.9569 -1.1028 -1.1028
8125 63.33 35.40 0.00 -2.3641 -0.8921 -0.8921
8150 63.33 35.40 0.00 -2.3641 -0.8921 -0.8921
8175 63.22 35.42 0.00 -2.4350 -0.7834 -0.7834
8200 63.15 35.40 0.00 -1.2626 -1.1157 -1.1157
8225 63.13 35.40 0.00 0.1037 0.6465 0.6465
8250 63.13 35.40 0.00 0.1037 0.6465 0.6465
8275 63.13 35.44 0.00 -0.6324 -0.3882 -0.3882
8300 63.09 35.49 0.00 -0.9329 -0.3203 -0.3203
8325 63.09 35.49 0.00 -0.9329 -0.3203 -0.3203
8350 63.06 35.49 0.00 -0.7906 0.9123 0.9123
8375 63.04 35.42 0.00 -0.1867 0.3751 0.3751
8400 63.04 35.42 0.00 -0.1867 0.3751 0.3751
8425 63.06 35.33 0.00 0.7063 0.0189 0.0189
8450 63.08 35.19 0.00 0.2159 -0.7392 -0.7392
8475 63.08 35.05 0.00 -0.3140 0.9740 0.9740
8500 63.08 35.05 0.00 -0.3140 0.9740 0.9740
8525 63.04 34.91 0.00 -0.9299 -0.0929 -0.0929
8550 63.02 34.86 0.00 -0.3900 0.0425 0.0425
8575 63.02 34.86 0.00 -0.3900 0.0425 0.0425
8600 63.02 34.82 0.00 0.2359 -0.2091 -0.2091
8625 63.04 34.80 0.00 0.1977 -0.3802 -0.3802
8650 63.04 34.80 0.00 0.1977 -0.3802 -0.3802
8675 63.04 34.80 0.00 0.1883 0.0219 0.0219
8700 63.04 34.82 0.00 -0.0641 -0.2321 -0.2321
8725 63.04 34.86 0.00 -0.4871 -0.3045 -0.3045
8750 63.04 34.86 0.00 -0.4871 -0.3045 -0.3045
8775 63.01 34.87 0.00 -0.9339 -0.3535 -0.3535
8800 62.95 34.86 0.00 -1.0676 -0.2065 -0.2065
8825 62.95 34.86 0.00 -1.0676 -0.2065 -0.2065
8850 62.92 34.80 0.00 -0.8365 -0.2817 -0.2817
8875 62.88 34.73 0.00 -0.9986 -0.8267 -0.8267
8900 62.88 34.73 0.00 -0.9986 -0.8267 -0.8267
8925 62.85 34.68 0.00 -1.3205 -0.5525 -0.5525
8950 62.77 34.66 0.00 -1.7346 -0.2445 -0.2445
8975 62.77 34.66 0.00 -1.7346 -0.2445 -0.2445
9000 62.72 34.63 0.00 -1.3140 -0.8187 -0.8187
9025 62.72 34.63 0.00 -1.3140 -0.8187 -0.8187
9050 62.62 34.49 0.00 -1.7151 -0.7305 -0.7305
9075 62.62 34.49 0.00 -1.7151 -0.7305 -0.7305
9100 62.54 34.36 0.00 -2.0391 -0.8814 -0.8814
9125 62.47 34.21 0.00 -1.5142 0.1263 0.1263
9150 62.47 34.21 0.00 -1.5142 0.1263 0.1263
9175 62.42 34.13 0.00 -1.3563 -0.2939 -0.2939
9200 62.35 34.13 0.00 -2.0615 -1.1661 -1.1661
9225 62.35 34.13 0.00 -2.0615 -1.1661 -1.1661
9250 62.28 34.15 0.00 -1.5803 -0.4770 -0.4770
9275 62.24 34.15 0.00 -0.7837 -0.3803 -0.3803
9300 62.23 34.10 0.00 -0.0391 -0.6901 -0.6901
9325 62.23 34.10 0.00 -0.0391 -0.6901 -0.6901
9350 62.23 34.01 0.00 -0.1111 -1.8601 -1.8601
9375 62.19 33.91 0.00 -1.2450 -1.1803 -1.1803
9400 62.19 33.91 0.00 -1.2450 -1.1803 -1.1803
9425 62.12 33.82 0.00 -2.2077 -0.8920 -0.8920
9450 62.03 33.77 0.00 -1.6734 -1.5990 -1.5990
9475 62.03 33.77 0.00 -1.6734 -1.5990 -1.5990
9500 62.00 33.78 0.00 -0.9661 -1.4637 -1.4637
9525 61.94 33.82 0.00 -1.1630 -1.8996 -1.8996
9550 61.89 33.89 0.00 -1.4537 -1.4975 -1.4975
9575 61.89 33.89 0.00 -1.4537 -1.4975 -1.4975
9600 61.84 33.94 0.00 -1.2521 -0.9162 -0.9162
9625 61.80 33.98 0.00 -0.7317 -0.7726 -0.7726
9650 61.78 33.94 0.00 -0.4781 -0.5836 -0.5836
9675 61.78 33.94 0.00 -0.4781 -0.5836 -0.5836
9700 61.75 33.89 0.00 -0.6593 -0.1274 -0.1274
9725 61.73 33.84 0.00 -0.8640 0.1263 0.1263
9750 61.73 33.84 0.00 -0.8640 0.1263 0.1263
9775 61.68 33.77 0.00 -1.0197 -0.1684 -0.1684
9800 61.64 33.73 0.00 -1.0497 -0.3047 -0.3047
9825 61.64 33.73 0.00 -1.0497 -0.3047 -0.3047
9850 61.59 33.70 0.00 -1.4794 0.0136 0.0136
9875 61.59 33.70 0.00 -1.4794 0.0136 0.0136
9900 61.54 33.68 0.00 -1.2421 0.0708 0.0708
9925 61.50 33.66 0.00 -0.6000 -0.2415 -0.2415
9950 61.48 33.63 0.00 -0.5510 -0.6526 -0.6526
9975 61.48 33.63 0.00 -0.5510 -0.6526 -0.6526
10000 61.45 33.54 0.00 -1.5638 -1.0245 -1.0245
10025 61.36 33.43 0.00 -2.1833 -1.4538 -1.4538
10050 61.29 33.35 0.00 -1.4206 -0.0213 -0.0213
10075 61.29 33.35 0.00 -1.4206 -0.0213 -0.0213
10100 61.25 33.28 0.00 -0.8192 -0.6944 -0.6944
10125 61.22 33.26 0.00 -0.7552 -1.5453 -1.5453
10150 61.22 33.26 0.00 -0.7552 -1.5453 -1.5453
10175 61.16 33.28 0.00 -1.7459 -0.6636 -0.6636
10200 61.09 33.26 0.00 -1.9864 -0.3655 -0.3655
10225 61.04 33.21 0.00 -0.8280 -0.4611 -0.4611
10250 61.04 33.21 0.00 -0.8280 -0.4611 -0.4611
10275 61.02 33.10 0.00 0.0223 -1.4037 -1.4037
10300 61.02 32.93 0.00 -0.3544 0.2740 0.2740
10325 61.02 32.93 0.00 -0.3544 0.2740 0.2740
10350 60.99 32.79 0.00 -1.3131 0.2916 0.2916
10375 60.93 32.71 0.00 -0.6099 -0.0470 -0.0470
10400 60.93 32.71 0.00 0.2482 0.0650 0.0650
10425 60.93 32.71 0.00 0.2482 0.0650 0.0650
10450 60.95 32.71 0.00 0.2282 0.0259 0.0259
10475 60.97 32.71 0.00 0.3049 0.4826 0.4826
10500 60.97 32.71 0.00 0.3049 0.4826 0.4826
10525 60.97 32.75 0.00 0.1657 0.2555 0.2555
10550 60.99 32.79 0.00 0.1464 0.3341 0.3341
10575 60.99 32.79 0.00 0.1464 0.3341 0.3341
10600 60.97 32.77 0.00 -0.1420 0.1000 0.1000
10625 60.99 32.73 0.00 0.2782 0.1939 0.1939
10650 60.99 32.73 0.00 0.2782 0.1939 0.1939
10675 61.00 32.71 0.00 0.4591 0.4953 0.4953
10700 61.02 32.68 0.00 0.4538 0.7054 0.7054
10725 61.04 32.66 0.00 0.3351 0.2268 0.2268
10750 61.04 32.66 0.00 0.3351 0.2268 0.2268
10775 61.04 32.68 0.00 -0.2056 0.2957 0.2957
10800 61.02 32.70 0.00 -0.5471 0.3200 0.3200
10825 61.02 32.70 0.00 -0.5471 0.3200 0.3200
10850 61.00 32.73 0.00 -0.0166 -0.2399 -0.2399
10875 61.02 32.73 0.00 0.2383 -0.6233 -0.6233
10900 61.02 32.71 0.00 -0.1169 -0.1551 -0.1551
10925 61.02 32.71 0.00 -0.1169 -0.1551 -0.1551
10950 60.99 32.66 0.00 -1.0918 -0.1743 -0.1743
10975 60.95 32.57 0.00 -0.8533 -0.5389 -0.5389
11000 60.95 32.57 0.00 -0.8533 -0.5389 -0.5389
11025 60.93 32.56 0.00 -0.0021 0.1510 0.1510
11050 60.92 32.57 0.00 -0.6812 -1.4070 -1.4070
11075 60.92 32.57 0.00 -0.6812 -1.4070 -1.4070
11100 60.88 32.64 0.00 -1.6003 -1.0177 -1.0177
11125 60.79 32.68 0.00 -2.0732 -0.4343 -0.4343
11150 60.79 32.68 0.00 -2.0732 -0.4343 -0.4343
11175 60.74 32.66 0.00 -1.0317 -1.0184 -1.0184
11200 60.70 32.63 0.00 -0.6334 -2.2240 -2.2240
11225 60.70 32.63 0.00 -0.6334 -2.2240 -2.2240
11250 60.65 32.51 0.00 -2.0929 -1.2414 -1.2414
11275 60.53 32.40 0.00 -3.1222 -0.4441 -0.4441
11300 60.40 32.33 0.00 -2.9553 -0.4148 -0.4148
11325 60.40 32.33 0.00 -2.9553 -0.4148 -0.4148
11350 60.32 32.31 0.00 -1.9221 -0.4666 -0.4666
11375 60.28 32.31 0.00 -0.6473 -1.0840 -1.0840
11400 60.28 32.31 0.00 -0.6473 -1.0840 -1.0840
11425 60.26 32.30 0.00 0.0464 -0.9540 -0.9540
11450 60.26 32.30 0.00 -0.1852 -0.4961 -0.4961
11475 60.25 32.30 0.00 -0.6536 -0.2834 -0.2834
11500 60.25 32.30 0.00 -0.6536 -0.2834 -0.2834
11525 60.21 32.24 0.00 -0.6599 -0.2712 -0.2712
11550 60.19 32.17 0.00 -0.9456 -0.4124 -0.4124
11575 60.19 32.17 0.00 -0.9456 -0.4124 -0.4124
11600 60.14 32.12 0.00 -1.4297 -0.6153 -0.6153
11625 60.09 32.07 0.00 -1.1233 -0.5242 -0.5242
11650 60.05 32.03 0.00 -0.6710 -0.4981 -0.4981
11675 60.05 32.03 0.00 -0.6710 -0.4981 -0.4981
11700 60.03 32.00 0.00 -0.3838 0.1674 0.1674
11725 60.02 31.96 0.00 -0.5287 0.4087 0.4087
11750 60.02 31.96 0.00 -0.5287 0.4087 0.4087
11775 60.00 31.95 0.00 -0.6140 0.3379 0.3379
11800 59.96 31.93 0.00 -0.7130 -0.5679 -0.5679
11825 59.96 31.93 0.00 -0.7130 -0.5679 -0.5679
11850 59.93 31.91 0.00 -1.3134 -1.3937 -1.3937
11875 59.86 31.86 0.00 -1.8934 -2.2867 -2.2867
11900 59.79 31.81 0.00 -1.4903 -0.9308 -0.9308
11925 59.79 31.81 0.00 -1.4903 -0.9308 -0.9308
11950 59.73 31.82 0.00 -1.3783 -0.6799 -0.6799
11975 59.68 31.88 0.00 -1.2832 -1.0107 -1.0107
12000 59.68 31.88 0.00 -1.2832 -1.0107 -1.0107
12025 59.65 31.93 0.00 -1.0427 -0.0885 -0.0885
12050 59.61 31.91 0.00 -0.8740 0.1286 0.1286
12075 59.61 31.91 0.00 -0.8740 0.1286 0.1286
12100 59.58 31.84 0.00 -0.6026 0.0631 0.0631
12125 59.52 31.72 0.00 -1.7157 -0.9891 -0.9891
12150 59.52 31.72 0.00 -1.7157 -0.9891 -0.9891
12175 59.44 31.54 0.00 -2.3029 0.2581 0.2581
12200 59.35 31.40 0.00 -2.2243 0.2450 0.2450
12225 59.29 31.30 0.00 -0.8235 -0.0663 -0.0663
12250 59.29 31.30 0.00 -0.8235 -0.0663 -0.0663
12275 59.28 31.28 0.00 -0.0502 -0.2127 -0.2127
12300 59.26 31.33 0.00 -0.6855 -0.1597 -0.1597
12325 59.26 31.33 0.00 -0.6855 -0.1597 -0.1597
12350 59.22 31.40 0.00 -1.0675 0.2370 0.2370
12375 59.19 31.46 0.00 -0.5458 0.1203 0.1203
12400 59.19 31.46 0.00 -0.5458 0.1203 0.1203
12425 59.19 31.46 0.00 -0.1948 -0.4974 -0.4974
12450 59.17 31.44 0.00 -0.4722 -0.8382 -0.8382
12475 59.14 31.44 0.00 -0.8981 -0.7146 -0.7146
12500 59.14 31.44 0.00 -0.8981 -0.7146 -0.7146
12525 59.10 31.42 0.00 -0.8619 -0.5340 -0.5340
12550 59.08 31.42 0.00 -0.6930 -0.5886 -0.5886
12575 59.05 31.42 0.00 -0.5826 -0.6451 -0.6451
12600 59.05 31.42 0.00 -0.5826 -0.6451 -0.6451
12625 59.03 31.42 0.00 -0.8793 -0.4358 -0.4358
12650 59.00 31.42 0.00 -0.8169 -0.1252 -0.1252
12675 59.00 31.42 0.00 -0.8169 -0.1252 -0.1252
12700 58.96 31.44 0.00 -0.3876 -0.4413 -0.4413
12725 58.96 31.46 0.00 -0.1251 -0.9617 -0.9617
12750 58.96 31.46 0.00 -0.1251 -0.9617 -0.9617
12775 58.94 31.48 0.00 -0.9481 -0.7983 -0.7983
12800 58.89 31.46 0.00 -1.4965 -1.0234 -1.0234
12825 58.89 31.46 0.00 -1.4965 -1.0234 -1.0234
12850 58.84 31.46 0.00 -0.4739 0.6181 0.6181
12875 58.84 31.46 0.00 -0.0799 0.0958 0.0958
12900 58.84 31.51 0.00 -0.3641 -0.7884 -0.7884
12925 58.84 31.51 0.00 -0.3641 -0.7884 -0.7884
12950 58.78 31.56 0.00 -1.7234 -0.1859 -0.1859
12975 58.70 31.58 0.00 -1.6952 0.0319 0.0319
13000 58.70 31.58 0.00 -1.6952 0.0319 0.0319
13025 58.66 31.55 0.00 -0.5332 -0.1661 -0.1661
13050 58.66 31.48 0.00 -0.4649 -1.1717 -1.1717
13075 58.66 31.48 0.00 -0.4649 -1.1717 -1.1717
13100 58.59 31.41 0.00 -1.7521 0.5381 0.5381
13125 58.50 31.39 0.00 -4.0120 0.2536 0.2536
13150 58.34 31.44 0.00 -3.3879 -0.3343 -0.3343
13175 58.34 31.44 0.00 -3.3879 -0.3343 -0.3343
13200 58.24 31.53 0.00 -2.2179 -1.2228 -1.2228
13225 58.10 31.57 0.00 -4.1052 -0.7005 -0.7005
13250 58.10 31.57 0.00 -4.1052 -0.7005 -0.7005
13275 57.96 31.60 0.00 -3.7687 0.1143 0.1143
13300 57.85 31.60 0.00 -1.5930 0.4454 0.4454
13325 57.84 31.62 0.00 0.1637 0.2027 0.2027
13350 57.84 31.62 0.00 0.1637 0.2027 0.2027
13375 57.87 31.60 0.00 0.6984 -0.5549 -0.5549
13400 57.87 31.58 0.00 0.0799 -0.4311 -0.4311
13425 57.87 31.58 0.00 0.0799 -0.4311 -0.4311
13450 57.87 31.57 0.00 -0.4759 -0.7453 -0.7453
13475 57.87 31.57 0.00 -0.4759 -0.7453 -0.7453
13500 57.85 31.57 0.00 -0.4136 -1.1352 -1.1352
13525 57.82 31.57 0.00 -0.7586 -0.8116 -0.8116
13550 57.78 31.53 0.00 -0.8913 -0.2069 -0.2069
13575 57.78 31.53 0.00 -0.8913 -0.2069 -0.2069
13600 57.76 31.51 0.00 -0.5908 -0.6247 -0.6247
13625 57.75 31.51 0.00 -0.2291 -1.3404 -1.3404
13650 57.73 31.55 0.00 -0.2223 -0.5719 -0.5719
13675 57.73 31.55 0.00 -0.2223 -0.5719 -0.5719
13700 57.71 31.60 0.00 -0.8124 -0.7744 -0.7744
13725 57.69 31.64 0.00 -0.0140 -0.4642 -0.4642
13750 57.69 31.64 0.00 -0.0140 -0.4642 -0.4642
13775 57.71 31.71 0.00 1.1363 0.5385 0.5385
13800 57.75 31.81 0.00 0.5734 -0.4466 -0.4466
13825 57.75 31.81 0.00 0.5734 -0.4466 -0.4466
13850 57.76 31.92 0.00 0.2720 -0.0798 -0.0798
13875 57.78 31.99 0.00 0.9419 1.3938 1.3938
13900 57.85 32.09 0.00 2.3853 0.8401 0.8401
13925 57.85 32.09 0.00 2.3853 0.8401 0.8401
13950 57.96 32.15 0.00 3.2412 1.8256 1.8256
13975 58.05 32.11 0.00 1.8884 1.2110 1.2110
14000 58.05 32.11 0.00 1.8884 1.2110 1.2110
14025 58.10 31.99 0.00 0.7728 3.2093 3.2093
14050 58.08 31.86 0.00 -0.9061 0.5010 0.5010
14075 58.08 31.86 0.00 -0.9061 0.5010 0.5010
14100 58.05 31.86 0.00 -0.7373 -0.3145 -0.3145
14125 58.03 31.99 0.00 -0.3961 -0.6499 -0.6499
14150 58.03 31.99 0.00 -0.3961 -0.6499 -0.6499
14175 58.03 32.15 0.00 0.0255 -0.9635 -0.9635
14200 58.03 32.29 0.00 0.3394 0.4540 0.4540
14225 58.03 32.29 0.00 0.3394 0.4540 0.4540
14250 58.05 32.36 0.00 0.2141 0.1759 0.1759
14275 58.05 32.37 0.00 -0.5453 -0.1036 -0.1036
14300 57.99 32.34 0.00 -1.4419 0.2042 0.2042
14325 57.99 32.34 0.00 -1.4419 0.2042 0.2042
14350 57.92 32.30 0.00 -1.6546 -0.1004 -0.1004
14375 57.85 32.23 0.00 -1.6137 -0.9779 -0.9779
14400 57.85 32.23 0.00 -1.6137 -0.9779 -0.9779
14425 57.80 32.16 0.00 -1.8332 -0.1627 -0.1627
14450 57.69 32.09 0.00 -2.8080 -0.3526 -0.3526
14475 57.59 32.06 0.00 -2.4230 0.6283 0.6283
14500 57.59 32.06 0.00 -2.4230 0.6283 0.6283
14525 57.50 31.99 0.00 -1.8336 0.6522 0.6522
14550 57.41 31.80 0.00 -2.3634 0.1977 0.1977
14575 57.41 31.80 0.00 -2.3634 0.1977 0.1977
14600 57.31 31.55 0.00 -2.8288 -0.0896 -0.0896
14625 57.17 31.34 0.00 -4.0587 -0.7349 -0.7349
14650 56.98 31.20 0.00 -5.1894 -2.1833 -2.1833
14675 56.98 31.20 0.00 -5.1894 -2.1833 -2.1833
14700 56.78 31.11 0.00 -4.6799 -2.3888 -2.3888
14725 56.78 31.11 0.00 -4.6799 -2.3888 -2.3888
14750 56.62 31.05 0.00 -2.9126 -1.6624 -1.6624
14775 56.57 30.96 0.00 -1.7704 -0.5737 -0.5737
14800 56.50 30.80 0.00 -1.8847 0.4246 0.4246
14825 56.50 30.80 0.00 -1.8847 0.4246 0.4246
14850 56.40 30.61 0.00 -3.0402 -0.7620 -0.7620
14875 56.27 30.43 0.00 -2.7681 0.0547 0.0547
14900 56.17 30.29 0.00 -2.1113 -0.4099 -0.4099
14925 56.17 30.29 0.00 -2.1113 -0.4099 -0.4099
14950 56.13 30.20 0.00 -0.4758 0.5057 0.5057
14975 56.13 30.13 0.00 -0.0632 -1.0420 -1.0420
15000 56.13 30.13 0.00 -0.0632 -1.0420 -1.0420
15025 56.13 30.10 0.00 0.6839 -0.7070 -0.7070
15050 56.22 30.15 0.00 2.9665 0.1219 0.1219
15075 56.22 30.15 0.00 2.9665 0.1219 0.1219
15100 56.36 30.24 0.00 3.7584 -1.2062 -1.2062
15125 56.48 30.34 0.00 2.5140 0.4186 0.4186
15150 56.48 30.34 0.00 2.5140 0.4186 0.4186
15175 56.54 30.38 0.00 0.0177 0.3231 0.3231
15200 56.52 30.34 0.00 -0.4718 -0.0937 -0.0937
15225 56.50 30.33 0.00 -0.1008 -0.9922 -0.9922
15250 56.50 30.33 0.00 -0.1008 -0.9922 -0.9922
15275 56.52 30.29 0.00 0.8699 -0.8200 -0.8200
15300 56.57 30.24 0.00 1.5537 -0.2336 -0.2336
15325 56.57 30.24 0.00 1.5537 -0.2336 -0.2336
15350 56.62 30.20 0.00 0.9566 -0.4773 -0.4773
15375 56.68 30.15 0.00 1.1653 -0.2938 -0.2938
15400 56.69 30.12 0.00 0.3189 0.2684 0.2684
15425 56.69 30.12 0.00 0.3189 0.2684 0.2684
15450 56.66 30.05 0.00 -1.4568 -0.3251 -0.3251
15475 56.57 30.06 0.00 -2.7115 -0.4320 -0.4320
15500 56.57 30.06 0.00 -2.7115 -0.4320 -0.4320
15525 56.48 30.12 0.00 -3.1278 0.1877 0.1877
15550 56.48 30.12 0.00 -3.1278 0.1877 0.1877
15575 56.34 30.24 0.00 -0.7630 1.8062 1.8062
15600 56.34 30.24 0.00 -0.7630 1.8062 1.8062
15625 56.31 30.17 0.00 -1.4889 -0.2988 -0.2988
15650 56.22 29.99 0.00 -2.2979 1.4592 1.4592
15675 56.22 29.99 0.00 -2.2979 1.4592 1.4592
15700 56.10 29.89 0.00 -3.5334 -0.6522 -0.6522
15725 55.98 29.87 0.00 -2.2858 -1.1220 -1.1220
15750 55.98 29.87 0.00 -2.2858 -1.1220 -1.1220
15775 55.92 29.89 0.00 -0.8055 -1.3208 -1.3208
15800 55.92 29.96 0.00 -0.0082 -0.4330 -0.4330
15825 55.92 29.96 0.00 -0.0082 -0.4330 -0.4330
15850 55.92 30.00 0.00 0.0879 0.2931 0.2931
15875 55.92 30.03 0.00 -0.2767 0.0898 0.0898
15900 55.89 30.07 0.00 -0.6979 -0.1571 -0.1571
15925 55.89 30.07 0.00 -0.6979 -0.1571 -0.1571
15950 55.85 30.05 0.00 -1.0389 -1.1110 -1.1110
15975 55.82 30.01 0.00 -0.9229 -0.6426 -0.6426
16000 55.82 30.01 0.00 -0.9229 -0.6426 -0.6426
16025 55.78 29.96 0.00 -1.0952 -0.9082 -0.9082
16050 55.73 29.87 0.00 -0.8452 -0.5008 -0.5008
16075 55.71 29.84 0.00 -0.4568 -0.6264 -0.6264
16100 55.71 29.84 0.00 -0.4568 -0.6264 -0.6264
16125 55.71 29.82 0.00 -0.2662 -0.1238 -0.1238
16150 55.71 29.82 0.00 -0.2662 -0.1238 -0.1238
16175 55.68 29.77 0.00 -1.1355 0.2285 0.2285
16200 55.61 29.70 0.00 -1.6002 -0.5979 -0.5979
16225 55.56 29.65 0.00 -0.7724 0.4747 0.4747
16250 55.56 29.65 0.00 -0.7724 0.4747 0.4747
16275 55.54 29.70 0.00 -1.0277 -0.9987 -0.9987
16300 55.49 29.80 0.00 -0.9724 -0.3976 -0.3976
16325 55.49 29.80 0.00 -0.9724 -0.3976 -0.3976
16350 55.47 29.86 0.00 -0.8373 0.1928 0.1928
16375 55.43 29.87 0.00 -0.8196 0.1780 0.1780
16400 55.42 29.82 0.00 -0.3798 0.6547 0.6547
16425 55.42 29.82 0.00 -0.3798 0.6547 0.6547
16450 55.40 29.77 0.00 -0.8236 -0.6798 -0.6798
16475 55.40 29.77 0.00 -0.8236 -0.6798 -0.6798
16500 55.35 29.66 0.00 -0.7995 1.4446 1.4446
16525 55.29 29.56 0.00 -2.0591 -0.3257 -0.3257
16550 55.21 29.45 0.00 -2.0812 -0.5869 -0.5869
16575 55.21 29.45 0.00 -2.0812 -0.5869 -0.5869
16600 55.14 29.37 0.00 -1.8257 -1.6215 -1.6215
16625 55.05 29.28 0.00 -2.0065 -3.0666 -3.0666
16650 54.98 29.19 0.00 -2.0628 -1.1119 -1.1119
16675 54.98 29.19 0.00 -2.0628 -1.1119 -1.1119
16700 54.87 29.10 0.00 -2.5404 -1.2730 -1.2730
16725 54.79 29.03 0.00 -2.2523 -1.2526 -1.2526
16750 54.70 28.93 0.00 -2.3978 -2.0028 -2.0028
16775 54.70 28.93 0.00 -2.3978 -2.0028 -2.0028
16800 54.70 28.93 0.00 -2.3978 -2.0028 -2.0028
16825 54.45 28.67 0.00 -3.4360 -1.9752 -1.9752
16850 54.45 28.67 0.00 -3.4360 -1.9752 -1.9752
16875 54.33 28.51 0.00 -3.0155 -2.3012 -2.3012
16900 54.23 28.37 0.00 -2.3938 -2.8039 -2.8039
16925 54.23 28.37 0.00 -2.3938 -2.8039 -2.8039
16950 54.14 28.26 0.00 -2.0940 -3.3346 -3.3346
16975 54.07 28.23 0.00 -1.8949 -3.4157 -3.4157
17000 54.00 28.19 0.00 -1.6481 -2.9500 -2.9500
17025 54.00 28.19 0.00 -1.6481 -2.9500 -2.9500
17050 53.93 28.16 0.00 -1.5059 -2.1165 -2.1165
17075 53.93 28.16 0.00 -1.5059 -2.1165 -2.1165
17100 53.88 28.07 0.00 -1.1407 -1.6631 -1.6631
17125 53.86 27.97 0.00 -0.4508 -0.9382 -0.9382
17150 53.88 27.86 0.00 0.3657 -0.2278 -0.2278
17175 53.88 27.86 0.00 0.3657 -0.2278 -0.2278
17200 53.88 27.81 0.00 0.0040 -0.9773 -0.9773
17225 53.88 27.81 0.00 0.1645 -0.0199 -0.0199
17250 53.88 27.81 0.00 0.1645 -0.0199 -0.0199
17275 53.89 27.84 0.00 0.8058 1.2574 1.2574
17300 53.95 27.81 0.00 1.5122 1.1754 1.1754
17325 54.03 27.74 0.00 2.1207 1.4166 1.4166
17350 54.03 27.74 0.00 2.1207 1.4166 1.4166
17375 54.09 27.61 0.00 1.3699 0.8977 0.8977
17400 54.09 27.61 0.00 1.3699 0.8977 0.8977
17425 54.17 27.47 0.00 2.9067 3.0118 3.0118
17450 54.31 27.44 0.00 3.8437 2.5246 2.5246
17475 54.51 27.42 0.00 4.7900 3.6036 3.6036
17500 54.51 27.42 0.00 4.7900 3.6036 3.6036
17525 54.68 27.42 0.00 4.0491 3.3417 3.3417
17550 54.82 27.45 0.00 3.0445 2.4206 2.4206
17575 54.82 27.45 0.00 3.0445 2.4206 2.4206
17600 54.94 27.52 0.00 3.1790 3.1109 3.1109
17625 55.05 27.61 0.00 2.6765 2.6045 2.6045
17650 55.15 27.66 0.00 2.2041 2.9352 2.9352
17675 55.15 27.66 0.00 2.2041 2.9352 2.9352
17700 55.22 27.68 0.00 1.4451 2.3937 2.3937
17725 55.28 27.64 0.00 1.0401 2.2085 2.2085
17750 55.28 27.64 0.00 1.0401 2.2085 2.2085
17775 55.31 27.61 0.00 0.8587 2.2966 2.2966
17800 55.35 27.55 0.00 0.9755 1.9935 1.9935
17825 55.35 27.55 0.00 0.9755 1.9935 1.9935
17850 55.40 27.55 0.00 1.2939 1.5078 1.5078
17875 55.43 27.54 0.00 0.5911 1.1102 1.1102
17900 55.43 27.54 0.00 -0.1600 0.9675 0.9675
17925 55.43 27.54 0.00 -0.1600 0.9675 0.9675
17950 55.42 27.55 0.00 -0.6576 0.0252 0.0252
17975 55.38 27.55 0.00 -1.2188 -0.1816 -0.1816
18000 55.29 27.48 0.00 -2.9860 -0.0867 -0.0867
18025 55.29 27.48 0.00 -2.9860 -0.0867 -0.0867
18050 55.12 27.26 0.00 -4.7408 -1.1978 -1.1978
18075 54.94 27.01 0.00 -3.7550 0.9136 0.9136
18100 54.94 27.01 0.00 -3.7550 0.9136 0.9136
18125 54.80 26.78 0.00 -3.7347 0.1680 0.1680
18150 54.66 26.61 0.00 -3.0844 -1.2789 -1.2789
18175 54.66 26.61 0.00 -3.0844 -1.2789 -1.2789
18200 54.56 26.52 0.00 -2.6596 -2.1097 -2.1097
18225 54.45 26.50 0.00 -2.4675 -2.3322 -2.3322
18250 54.45 26.50 0.00 -2.4675 -2.3322 -2.3322
18275 54.37 26.52 0.00 -2.3074 -2.0380 -2.0380
18300 54.26 26.49 0.00 -2.7511 -1.7687 -1.7687
18325 54.14 26.33 0.00 -3.2332 -1.3981 -1.3981
18350 54.14 26.33 0.00 -3.2332 -1.3981 -1.3981
18375 54.00 26.12 0.00 -3.6683 -2.0932 -2.0932
18400 53.88 25.89 0.00 -2.8962 -1.3284 -1.3284
18425 53.88 25.89 0.00 -2.8962 -1.3284 -1.3284
18450 53.79 25.75 0.00 -1.4712 -0.2377 -0.2377
18475 53.75 25.62 0.00 -0.5979 -0.0321 -0.0321
18500 53.74 25.53 0.00 -0.5119 -0.5881 -0.5881
18525 53.74 25.53 0.00 -0.5119 -0.5881 -0.5881
18550 53.68 25.48 0.00 -1.3244 -0.9952 -0.9952
18575 53.63 25.46 0.00 -1.8105 -1.5931 -1.5931
18600 53.63 25.46 0.00 -1.8105 -1.5931 -1.5931
18625 53.54 25.43 0.00 -2.0198 -1.7642 -1.7642
18650 53.47 25.34 0.00 -1.6664 -1.5470 -1.5470
18675 53.47 25.34 0.00 -1.6664 -1.5470 -1.5470
18700 53.42 25.27 0.00 -1.4531 -1.3995 -1.3995
18725 53.37 25.17 0.00 -1.1130 -0.9993 -0.9993
18750 53.37 25.17 0.00 -1.1130 -0.9993 -0.9993
18775 53.33 25.08 0.00 -0.6460 -0.6843 -0.6843
18800 53.33 25.02 0.00 -0.0765 -0.6478 -0.6478
18825 53.33 25.02 0.00 -0.0765 -0.6478 -0.6478
18850 53.33 25.02 0.00 0.2675 -0.6006 -0.6006
18875 53.35 25.06 0.00 0.4442 -0.5445 -0.5445
18900 53.37 25.13 0.00 0.4683 -0.4410 -0.4410
18925 53.37 25.13 0.00 0.4683 -0.4410 -0.4410
18950 53.40 25.20 0.00 0.4858 -0.5692 -0.5692
18975 53.40 25.24 0.00 -0.3694 -0.3161 -0.3161
19000 53.40 25.24 0.00 -0.3694 -0.3161 -0.3161
19025 53.37 25.24 0.00 -1.1385 -0.1506 -0.1506
19050 53.33 25.22 0.00 -0.2123 1.5787 1.5787
19075 53.35 25.22 0.00 0.4153 0.7069 0.7069
19100 53.35 25.22 0.00 0.4153 0.7069 0.7069
19125 53.37 25.27 0.00 0.3374 -0.8795 -0.8795
19150 53.33 25.39 0.00 -1.3788 -1.1257 -1.1257
19175 53.33 25.39 0.00 -1.3788 -1.1257 -1.1257
19200 53.26 25.48 0.00 -1.9472 -0.6030 -0.6030
19225 53.21 25.54 0.00 -0.9663 0.0168 0.0168
19250 53.21 25.54 0.00 -0.9663 0.0168 0.0168
19275 53.20 25.54 0.00 -0.0376 -0.8271 -0.8271
19300 53.21 25.45 0.00 0.4446 0.3861 0.3861
19325 53.20 25.34 0.00 -0.7876 0.3425 0.3425
19350 53.20 25.34 0.00 -0.7876 0.3425 0.3425
19375 53.16 25.25 0.00 -1.0872 -0.1495 -0.1495
19400 53.11 25.20 0.00 -0.9004 0.1397 0.1397
19425 53.11 25.20 0.00 -0.9004 0.1397 0.1397
19450 53.09 25.13 0.00 -0.7993 -0.3996 -0.3996
19475 53.06 25.08 0.00 -0.5414 -0.7262 -0.7262
19500 53.06 25.08 0.00 -0.5414 -0.7262 -0.7262
19525 53.04 25.04 0.00 -0.7819 -1.2584 -1.2584
19550 52.97 25.06 0.00 -2.0318 -1.7305 -1.7305
19575 52.86 25.06 0.00 -2.8926 -1.7621 -1.7621
19600 52.86 25.06 0.00 -2.8926 -1.7621 -1.7621
19625 52.76 25.04 0.00 -2.4158 -1.7319 -1.7319
19650 52.67 24.99 0.00 -1.7410 -1.9435 -1.9435
19675 52.67 24.99 0.00 -1.7410 -1.9435 -1.9435
19700 52.60 24.94 0.00 -1.7364 -1.8733 -1.8733
19725 52.53 24.90 0.00 -1.9688 -1.4543 -1.4543
19750 52.53 24.90 0.00 -1.9688 -1.4543 -1.4543
19775 52.44 24.85 0.00 -2.2013 -1.3106 -1.3106
19800 52.37 24.80 0.00 -1.7023 -0.9053 -0.9053
19825 52.37 24.80 0.00 -1.7023 -0.9053 -0.9053
19850 52.32 24.76 0.00 -1.2046 -1.0478 -1.0478
19875 52.27 24.78 0.00 -0.8115 -1.0704 -1.0704
19900 52.23 24.80 0.00 -0.9574 -1.3096 -1.3096
19925 52.23 24.80 0.00 -0.9574 -1.3096 -1.3096
19950 52.20 24.83 0.00 -1.4991 -1.0598 -1.0598
19975 52.13 24.83 0.00 -1.7922 -1.4585 -1.4585
20000 52.13 24.83 0.00 -1.7922 -1.4585 -1.4585
20025 52.08 24.83 0.00 -0.3550 0.5703 0.5703
20050 52.09 24.87 0.00 0.6871 0.6459 0.6459
20075 52.13 24.94 0.00 0.6290 -0.7088 -0.7088
20100 52.13 24.94 0.00 0.6290 -0.7088 -0.7088
20125 52.11 25.01 0.00 -0.6613 -0.0896 -0.0896
20150 52.11 25.01 0.00 -0.6613 -0.0896 -0.0896
20175 52.06 25.05 0.00 -1.5681 0.1904 0.1904
20200 52.02 25.03 0.00 -0.4644 0.1183 0.1183
20225 52.02 24.97 0.00 0.2883 -0.7010 -0.7010
20250 52.02 24.97 0.00 0.2883 -0.7010 -0.7010
20275 52.02 24.85 0.00 0.0014 0.1002 0.1002
20300 52.01 24.76 0.00 -1.1676 0.6609 0.6609
20325 51.96 24.67 0.00 -0.8440 0.1173 0.1173
20350 51.96 24.67 0.00 -0.8440 0.1173 0.1173
20375 51.96 24.64 0.00 -0.1503 -0.0294 -0.0294
20400 51.94 24.64 0.00 -0.3237 -0.3830 -0.3830
20425 51.94 24.64 0.00 -0.3237 -0.3830 -0.3830
20450 51.92 24.64 0.00 -0.4677 0.3577 0.3577
20475 51.92 24.67 0.00 0.2060 1.0807 1.0807
20500 51.92 24.67 0.00 0.2060 1.0807 1.0807
20525 51.94 24.69 0.00 0.5640 0.7698 0.7698
20550 51.94 24.66 0.00 -0.2404 0.0408 0.0408
20575 51.94 24.66 0.00 -0.2404 0.0408 0.0408
20600 51.92 24.62 0.00 -0.9289 0.0715 0.0715
20625 51.87 24.57 0.00 -1.1319 -0.2979 -0.2979
20650 51.85 24.52 0.00 -0.3214 -0.2015 -0.2015
20675 51.85 24.52 0.00 -0.3214 -0.2015 -0.2015
20700 51.85 24.44 0.00 -0.1131 0.0452 0.0452
20725 51.83 24.39 0.00 -0.5161 -0.0486 -0.0486
20750 51.83 24.39 0.00 -0.5161 -0.0486 -0.0486
20775 51.80 24.34 0.00 -1.0301 -0.0622 -0.0622
20800 51.75 24.32 0.00 -1.1837 -0.9423 -0.9423
20825 51.71 24.34 0.00 -1.0302 -1.6298 -1.6298
20850 51.71 24.34 0.00 -1.0302 -1.6298 -1.6298
20875 51.66 24.37 0.00 -1.2043 -1.5381 -1.5381
20900 51.61 24.39 0.00 -1.9939 -2.2626 -2.2626
20925 51.61 24.39 0.00 -1.9939 -2.2626 -2.2626
20950 51.52 24.37 0.00 -1.8702 -1.6982 -1.6982
20975 51.47 24.37 0.00 -0.7192 0.0042 0.0042
21000 51.47 24.37 0.00 -0.7192 0.0042 0.0042
21025 51.45 24.41 0.00 -1.0443 -1.4997 -1.4997
21050 51.41 24.48 0.00 -1.0017 -1.8763 -1.8763
21075 51.34 24.52 0.00 -2.0546 -1.1227 -1.1227
21100 51.34 24.52 0.00 -2.0546 -1.1227 -1.1227
21125 51.26 24.48 0.00 -2.2857 -1.0671 -1.0671
21150 51.17 24.43 0.00 -1.8658 -1.9439 -1.9439
21175 51.17 24.43 0.00 -1.8658 -1.9439 -1.9439
21200 51.08 24.30 0.00 -2.2561 -3.2921 -3.2921
21225 50.98 24.15 0.00 -2.9619 -1.6853 -1.6853
21250 50.82 24.02 0.00 -4.1378 -2.4850 -2.4850
21275 50.82 24.02 0.00 -4.1378 -2.4850 -2.4850
21300 50.68 23.93 0.00 -2.8119 -1.7281 -1.7281
21325 50.63 23.88 0.00 -0.9249 -1.3929 -1.3929
21350 50.63 23.88 0.00 -0.9249 -1.3929 -1.3929
21375 50.61 23.86 0.00 -0.0892 -0.4588 -0.4588
21400 50.61 23.86 0.00 -0.0047 0.0491 0.0491
21425 50.61 23.86 0.00 -0.0047 0.0491 0.0491
21450 50.59 23.90 0.00 -0.5098 -0.3019 -0.3019
21475 50.56 23.92 0.00 -1.1706 -0.6394 -0.6394
21500 50.52 23.93 0.00 -1.1842 -0.7959 -0.7959
21525 50.52 23.93 0.00 -1.1842 -0.7959 -0.7959
21550 50.51 23.92 0.00 -0.3353 -0.4402 -0.4402
21575 50.51 23.88 0.00 0.1976 -0.2665 -0.2665
21600 50.51 23.88 0.00 0.1976 -0.2665 -0.2665
21625 50.52 23.79 0.00 0.2843 0.0298 0.0298
21650 50.52 23.79 0.00 0.2843 0.0298 0.0298
21675 50.52 23.70 0.00 0.0995 0.3114 0.3114
21700 50.54 23.65 0.00 0.3461 0.4982 0.4982
21725 50.58 23.63 0.00 0.9258 0.6440 0.6440
21750 50.58 23.63 0.00 0.9258 0.6440 0.6440
21775 50.61 23.60 0.00 1.2059 0.4662 0.4662
21800 50.65 23.56 0.00 0.6378 0.3058 0.3058
21825 50.65 23.56 0.00 0.6378 0.3058 0.3058
21850 50.65 23.51 0.00 -0.2321 -0.2577 -0.2577
21875 50.65 23.49 0.00 0.5503 2.0458 2.0458
21900 50.65 23.49 0.00 0.5503 2.0458 2.0458
21925 50.66 23.51 0.00 0.4898 0.7308 0.7308
21950 50.70 23.60 0.00 0.7327 -0.1600 -0.1600
21975 50.70 23.67 0.00 -0.1714 0.1681 0.1681
22000 50.70 23.67 0.00 -0.1714 0.1681 0.1681
22025 50.68 23.69 0.00 -0.6432 0.8996 0.8996
22050 50.66 23.65 0.00 -0.2100 0.2470 0.2470
22075 50.66 23.58 0.00 0.1649 -0.9905 -0.9905
22100 50.66 23.58 0.00 0.1649 -0.9905 -0.9905
22125 50.68 23.45 0.00 0.1321 1.0570 1.0570
22150 50.65 23.33 0.00 -0.7833 0.3603 0.3603
22175 50.65 23.33 0.00 -0.7833 0.3603 0.3603
22200 50.65 23.24 0.00 0.2224 0.5507 0.5507
22225 50.66 23.19 0.00 0.3997 -0.2258 -0.2258
22250 50.66 23.19 0.00 0.3997 -0.2258 -0.2258
22275 50.66 23.17 0.00 -0.3257 -0.4528 -0.4528
22300 50.63 23.17 0.00 -1.0818 -0.4077 -0.4077
22325 50.58 23.19 0.00 -1.0608 -0.6379 -0.6379
22350 50.58 23.19 0.00 -1.0608 -0.6379 -0.6379
22375 50.52 23.15 0.00 -1.4282 -1.2535 -1.2535
22400 50.45 23.10 0.00 -2.1259 -1.6841 -1.6841
22425 50.45 23.10 0.00 -2.1259 -1.6841 -1.6841
22450 50.35 23.03 0.00 -2.6936 -1.9071 -1.9071
22475 50.24 22.96 0.00 -2.8027 -2.1389 -2.1389
22500 50.16 22.89 0.00 -2.7257 -2.0887 -2.0887
22525 50.16 22.89 0.00 -2.7257 -2.0887 -2.0887
22550 50.03 22.76 0.00 -2.9548 -1.6609 -1.6609
22575 49.91 22.64 0.00 -3.7376 -1.1054 -1.1054
22600 49.91 22.64 0.00 -3.7376 -1.1054 -1.1054
22625 49.74 22.51 0.00 -4.1656 -0.3242 -0.3242
22650 49.60 22.43 0.00 -3.6637 0.1507 0.1507
22675 49.60 22.43 0.00 -3.6637 0.1507 0.1507
22700 49.48 22.34 0.00 -2.5629 -1.3564 -1.3564
22725 49.39 22.23 0.00 -1.9514 -1.8824 -1.8824
22750 49.39 22.23 0.00 -1.9514 -1.8824 -1.8824
22775 49.32 22.12 0.00 -0.9985 0.7272 0.7272
22800 49.30 22.07 0.00 -0.6605 1.1852 1.1852
22825 49.30 22.07 0.00 -0.6605 1.1852 1.1852
22850 49.28 22.07 0.00 -0.1321 -0.6284 -0.6284
22875 49.28 22.12 0.00 -0.3311 -0.5646 -0.5646
22900 49.25 22.16 0.00 -0.8085 0.2096 0.2096
22925 49.25 22.16 0.00 -0.8085 0.2096 0.2096
22950 49.23 22.16 0.00 -0.2753 -0.2082 -0.2082
22975 49.23 22.12 0.00 0.3639 -1.4082 -1.4082
23000 49.23 22.12 0.00 0.3639 -1.4082 -1.4082
23025 49.25 22.02 0.00 0.4362 0.6117 0.6117
23050 49.23 21.91 0.00 -0.8256 0.2795 0.2795
23075 49.23 21.91 0.00 -0.8256 0.2795 0.2795
23100 49.23 21.86 0.00 0.2726 0.7089 0.7089
23125 49.27 21.86 0.00 1.1281 0.3953 0.3953
23150 49.30 21.87 0.00 0.8783 0.0548 0.0548
23175 49.30 21.87 0.00 0.8783 0.0548 0.0548
23200 49.32 21.94 0.00 0.4711 0.4960 0.4960
23225 49.34 22.03 0.00 0.1716 0.2050 0.2050
23250 49.34 22.03 0.00 0.1716 0.2050 0.2050
23275 49.34 22.09 0.00 -0.1351 -0.4084 -0.4084
23300 49.34 22.09 0.00 -0.1351 -0.4084 -0.4084
23325 49.32 22.12 0.00 -0.5079 -0.7606 -0.7606
23350 49.30 22.12 0.00 -0.4362 -0.6421 -0.6421
23375 49.30 22.12 0.00 -0.2814 -0.5155 -0.5155
23400 49.28 22.11 0.00 -0.0668 -0.4989 -0.4989
23425 49.28 22.11 0.00 -0.0668 -0.4989 -0.4989
23450 49.28 22.09 0.00 -0.4350 -0.1919 -0.1919
23475 49.25 22.07 0.00 -0.8830 0.0985 0.0985
23500 49.25 22.07 0.00 -0.8830 0.0985 0.0985
23525 49.21 22.03 0.00 -0.6263 -0.0747 -0.0747
23550 49.21 22.02 0.00 -0.0639 -0.4254 -0.4254
23575 49.21 22.02 0.00 -0.0639 -0.4254 -0.4254
23600 49.21 21.98 0.00 -0.0719 -0.3482 -0.3482
23625 49.18 21.93 0.00 -1.4026 -1.5621 -1.5621
23650 49.13 21.87 0.00 -0.6146 1.2568 1.2568
23675 49.13 21.87 0.00 -0.6146 1.2568 1.2568
23700 49.11 21.86 0.00 -0.7511 -0.0223 -0.0223
23725 49.11 21.86 0.00 -0.7511 -0.0223 -0.0223
23750 49.06 21.87 0.00 -1.5343 -2.2861 -2.2861
23775 48.97 21.94 0.00 -3.1967 -2.5305 -2.5305
23800 48.83 22.03 0.00 -3.4899 -1.5437 -1.5437
23825 48.83 22.03 0.00 -3.4899 -1.5437 -1.5437
23850 48.73 22.10 0.00 -1.9004 -1.6640 -1.6640
23875 48.69 22.07 0.00 -0.4247 -2.8346 -2.8346
23900 48.66 21.96 0.00 -0.8402 -0.2887 -0.2887
23925 48.66 21.96 0.00 -0.8402 -0.2887 -0.2887
23950 48.59 21.84 0.00 -2.3183 -0.3773 -0.3773
23975 48.53 21.73 0.00 -0.9324 0.2139 0.2139
24000 48.53 21.73 0.00 -0.9324 0.2139 0.2139
24025 48.52 21.66 0.00 0.2039 -0.4086 -0.4086
24050 48.52 21.61 0.00 -0.3532 -0.7166 -0.7166
24075 48.52 21.61 0.00 -0.3532 -0.7166 -0.7166
24100 48.50 21.61 0.00 -1.0408 -0.3960 -0.3960
24125 48.45 21.64 0.00 -1.2960 -0.7358 -0.7358
24150 48.39 21.69 0.00 -1.2093 -1.3811 -1.3811
24175 48.39 21.69 0.00 -1.2093 -1.3811 -1.3811
24200 48.34 21.69 0.00 -1.4914 -1.5556 -1.5556
24225 48.34 21.69 0.00 -1.4914 -1.5556 -1.5556
24250 48.27 21.69 0.00 -1.4182 -1.0447 -1.0447
24275 48.24 21.66 0.00 -0.7975 -0.7335 -0.7335
24300 48.20 21.60 0.00 -0.6374 -0.5360 -0.5360
24325 48.20 21.60 0.00 -0.6374 -0.5360 -0.5360
24350 48.17 21.57 0.00 -1.1818 -0.4663 -0.4663
24375 48.11 21.55 0.00 -1.3336 -0.4328 -0.4328
24400 48.08 21.55 0.00 -0.8215 -0.3651 -0.3651
24425 48.08 21.55 0.00 -0.8215 -0.3651 -0.3651
24450 48.04 21.55 0.00 -0.5519 -0.9313 -0.9313
24475 48.03 21.51 0.00 -0.7752 -0.7668 -0.7668
24500 48.03 21.51 0.00 -0.7752 -0.7668 -0.7668
24525 47.98 21.48 0.00 -1.9032 -2.0774 -2.0774
24550 47.91 21.43 0.00 -0.7967 1.1751 1.1751
24575 47.91 21.43 0.00 -0.7967 1.1751 1.1751
24600 47.91 21.41 0.00 -0.3050 0.1194 0.1194
24625 47.89 21.44 0.00 -0.2474 -1.9444 -1.9444
24650 47.85 21.50 0.00 -1.7358 -1.7454 -1.7454
24675 47.85 21.50 0.00 -1.7358 -1.7454 -1.7454
24700 47.75 21.53 0.00 -2.7531 -1.2313 -1.2313
24725 47.66 21.51 0.00 -1.7912 -1.5634 -1.5634
24750 47.66 21.51 0.00 -1.7912 -1.5634 -1.5634
24775 47.61 21.41 0.00 -1.3155 -3.5665 -3.5665
24800 47.54 21.23 0.00 -2.4570 -1.8146 -1.8146
24825 47.42 21.08 0.00 -4.3947 -2.1108 -2.1108
24850 47.42 21.08 0.00 -4.3947 -2.1108 -2.1108
24875 47.22 20.91 0.00 -4.5745 -2.3772 -2.3772
24900 47.08 20.78 0.00 -3.2596 -2.3699 -2.3699
24925 47.08 20.78 0.00 -3.2596 -2.3699 -2.3699
24950 46.98 20.71 0.00 -2.2986 -2.4958 -2.4958
24975 46.89 20.67 0.00 -1.6107 -1.6829 -1.6829
25000 46.89 20.67 0.00 -1.6107 -1.6829 -1.6829
25025 46.84 20.67 0.00 -1.1470 -1.2298 -1.2298
25050 46.80 20.69 0.00 -1.0705 -0.8257 -0.8257
25075 46.80 20.69 0.00 -1.0705 -0.8257 -0.8257
25100 46.75 20.67 0.00 -1.2389 -1.2329 -1.2329
25125 46.70 20.62 0.00 -1.5300 -1.5638 -1.5638
25150 46.63 20.55 0.00 -1.7300 -1.4127 -1.4127
25175 46.63 20.55 0.00 -1.7300 -1.4127 -1.4127
25200 46.58 20.46 0.00 -1.6237 -1.2216 -1.2216
25225 46.51 20.37 0.00 -1.5058 -0.8723 -0.8723
25250 46.51 20.37 0.00 -1.5058 -0.8723 -0.8723
25275 46.46 20.29 0.00 -1.5294 -1.0768 -1.0768
25300 46.46 20.29 0.00 -1.5294 -1.0768 -1.0768
25325 46.35 20.22 0.00 -0.8219 -0.6926 -0.6926
25350 46.35 20.22 0.00 -0.8219 -0.6926 -0.6926
25375 46.33 20.19 0.00 -1.0074 -1.2781 -1.2781
25400 46.33 20.19 0.00 -1.0074 -1.2781 -1.2781
25425 46.30 20.13 0.00 -0.4721 -0.8620 -0.8620
25450 46.30 20.13 0.00 0.4693 1.3708 1.3708
25475 46.32 20.20 0.00 0.2001 -0.5115 -0.5115
25500 46.32 20.29 0.00 0.2372 -0.5414 -0.5414
25525 46.32 20.29 0.00 0.2372 -0.5414 -0.5414
25550 46.30 20.38 0.00 -0.4752 0.7324 0.7324
25575 46.30 20.38 0.00 -0.4752 0.7324 0.7324
25600 46.30 20.40 0.00 0.3558 1.4692 1.4692
25625 46.33 20.36 0.00 0.7718 -0.4812 -0.4812
25650 46.35 20.24 0.00 0.1124 -0.7860 -0.7860
25675 46.35 20.24 0.00 0.1124 -0.7860 -0.7860
25700 46.33 20.17 0.00 -1.2779 -0.1068 -0.1068
25725 46.23 20.08 0.00 -2.2631 -0.7729 -0.7729
25750 46.23 20.08 0.00 -2.2631 -0.7729 -0.7729
25775 46.19 20.06 0.00 -0.0577 -0.1830 -0.1830
25800 46.23 20.06 0.00 0.9858 -0.7282 -0.7282
25825 46.25 20.10 0.00 0.0080 -0.3257 -0.3257
25850 46.25 20.10 0.00 0.0080 -0.3257 -0.3257
25875 46.21 20.15 0.00 -1.3441 -0.0326 -0.0326
25900 46.16 20.22 0.00 -0.9647 -0.3368 -0.3368
25925 46.16 20.22 0.00 -0.9647 -0.3368 -0.3368
25950 46.14 20.26 0.00 -0.1648 -0.9371 -0.9371
25975 46.14 20.26 0.00 -0.1688 -1.0236 -1.0236
26000 46.12 20.22 0.00 -0.7315 -0.8755 -0.8755
26025 46.12 20.22 0.00 -0.7315 -0.8755 -0.8755
26050 46.09 20.20 0.00 -0.8438 -0.8897 -0.8897
26075 46.05 20.15 0.00 -0.7901 -0.6703 -0.6703
26100 46.05 20.15 0.00 -0.7901 -0.6703 -0.6703
26125 46.02 20.09 0.00 -0.8810 -0.4753 -0.4753
26150 45.98 20.04 0.00 -0.6781 -0.4430 -0.4430
26175 45.98 20.04 0.00 -0.6781 -0.4430 -0.4430
26200 45.97 19.97 0.00 -0.6493 -0.8760 -0.8760
26225 45.91 19.86 0.00 -1.6477 -1.9333 -1.9333
26250 45.91 19.86 0.00 -1.6477 -1.9333 -1.9333
26275 45.84 19.74 0.00 -1.9783 -2.1167 -2.1167
26300 45.79 19.66 0.00 -0.3831 0.8032 0.8032
26325 45.79 19.66 0.00 -0.3831 0.8032 0.8032
26350 45.77 19.59 0.00 -0.4163 -1.1527 -1.1527
26375 45.76 19.59 0.00 -0.6543 -1.1203 -1.1203
26400 45.69 19.59 0.00 -2.3209 -0.9429 -0.9429
26425 45.69 19.59 0.00 -2.3209 -0.9429 -0.9429
26450 45.60 19.57 0.00 -1.7739 -0.3723 -0.3723
26475 45.58 19.54 0.00 -0.5309 -0.6923 -0.6923
26500 45.58 19.43 0.00 0.0553 -1.4167 -1.4167
26525 45.58 19.43 0.00 0.0553 -1.4167 -1.4167
26550 45.58 19.23 0.00 -0.3048 1.0012 1.0012
26575 45.53 19.05 0.00 -1.5465 0.3490 0.3490
26600 45.53 19.05 0.00 -1.5465 0.3490 0.3490
26625 45.48 18.91 0.00 -0.8183 0.6956 0.6956
26650 45.48 18.91 0.00 -0.8183 0.6956 0.6956
26675 45.44 18.82 0.00 -0.9715 -0.3222 -0.3222
26700 45.41 18.80 0.00 -1.0776 -0.4648 -0.4648
26725 45.37 18.82 0.00 -0.7962 0.1700 0.1700
26750 45.37 18.82 0.00 -0.7962 0.1700 0.1700
26775 45.34 18.85 0.00 -0.6342 0.1370 0.1370
26800 45.32 18.83 0.00 -0.9347 -0.3897 -0.3897
26825 45.32 18.83 0.00 -0.9347 -0.3897 -0.3897
26850 45.27 18.80 0.00 -1.3747 -0.8565 -0.8565
26875 45.21 18.72 0.00 -1.1080 -0.5453 -0.5453
26900 45.21 18.72 0.00 -1.1080 -0.5453 -0.5453
26925 45.18 18.63 0.00 -0.8278 -0.5735 -0.5735
26950 45.14 18.54 0.00 -0.7454 -0.2942 -0.2942
26975 45.11 18.49 0.00 -0.9241 -0.3621 -0.3621
27000 45.07 18.49 0.00 -1.0394 -0.3747 -0.3747
27025 45.07 18.49 0.00 -1.0394 -0.3747 -0.3747
27050 45.02 18.49 0.00 -1.2095 -1.0016 -1.0016
27075 44.97 18.49 0.00 -1.6747 -1.6525 -1.6525
27100 44.97 18.49 0.00 -1.6747 -1.6525 -1.6525
27125 44.90 18.47 0.00 -2.2320 -2.4866 -2.4866
27150 44.85 18.43 0.00 -1.1728 0.6531 0.6531
27175 44.85 18.43 0.00 -1.1728 0.6531 0.6531
27200 44.79 18.45 0.00 -1.6074 -0.5938 -0.5938
27225 44.72 18.50 0.00 -1.8527 -1.8137 -1.8137
27250 44.72 18.50 0.00 -1.8527 -1.8137 -1.8137
27275 44.62 18.61 0.00 -2.7933 -1.8347 -1.8347
27300 44.51 18.68 0.00 -2.8564 -0.9570 -0.9570
27325 44.51 18.68 0.00 -2.8564 -0.9570 -0.9570
27350 44.43 18.70 0.00 -1.6739 -1.0067 -1.0067
27375 44.37 18.63 0.00 -1.5693 -2.1750 -2.1750
27400 44.37 18.63 0.00 -1.5693 -2.1750 -2.1750
27425 44.30 18.50 0.00 -1.5848 0.3982 0.3982
27450 44.22 18.37 0.00 -1.8041 -0.4111 -0.4111
27475 44.20 18.30 0.00 -0.1059 0.3063 0.3063
27500 44.20 18.30 0.00 -0.1059 0.3063 0.3063
27525 44.22 18.27 0.00 0.4203 -0.1277 -0.1277
27550 44.22 18.25 0.00 -0.0648 -0.1992 -0.1992
27575 44.20 18.28 0.00 -0.2641 0.3289 0.3289
27600 44.20 18.28 0.00 -0.2641 0.3289 0.3289
27625 44.20 18.32 0.00 -0.1529 -0.0295 -0.0295
27650 44.20 18.32 0.00 -0.1529 -0.0295 -0.0295
27675 44.20 18.34 0.00 -0.2275 -0.5125 -0.5125
27700 44.16 18.32 0.00 -0.7662 -0.8085 -0.8085
27725 44.15 18.30 0.00 -0.6319 -0.5975 -0.5975
27750 44.15 18.30 0.00 -0.6319 -0.5975 -0.5975
27775 44.13 18.28 0.00 -0.1890 -0.7185 -0.7185
27800 44.13 18.26 0.00 0.2152 -0.0941 -0.0941
27825 44.13 18.26 0.00 0.2152 -0.0941 -0.0941
27850 44.13 18.25 0.00 -0.0863 -0.0240 -0.0240
27875 44.13 18.23 0.00 -0.1944 0.2182 0.2182
27900 44.13 18.23 0.00 -0.1944 0.2182 0.2182
27925 44.11 18.23 0.00 -0.2230 -0.1197 -0.1197
27950 44.09 18.21 0.00 -0.4322 -0.4094 -0.4094
27975 44.08 18.19 0.00 -1.3646 -1.7606 -1.7606
28000 44.08 18.19 0.00 -1.3646 -1.7606 -1.7606
28025 44.02 18.14 0.00 -0.9639 -0.6989 -0.6989
28050 44.02 18.14 0.00 0.3421 1.4543 1.4543
28075 44.02 18.14 0.00 0.3421 1.4543 1.4543
28100 44.01 18.15 0.00 -0.1102 -0.8588 -0.8588
28125 44.01 18.21 0.00 -0.6223 -0.7585 -0.7585
28150 43.94 18.24 0.00 -1.9381 -0.4419 -0.4419
28175 43.94 18.24 0.00 -1.9381 -0.4419 -0.4419
28200 43.88 18.26 0.00 -1.2244 -0.6405 -0.6405
28225 43.87 18.23 0.00 0.2072 -1.5189 -1.5189
28250 43.87 18.23 0.00 0.2072 -1.5189 -1.5189
28275 43.87 18.12 0.00 -0.2353 -0.4392 -0.4392
28300 43.81 17.99 0.00 -2.1485 -0.4679 -0.4679
28325 43.81 17.99 0.00 -2.1485 -0.4679 -0.4679
28350 43.74 17.94 0.00 -1.6136 -0.5983 -0.5983
28375 43.71 17.93 0.00 -0.0605 -0.4093 -0.4093
28400 43.71 17.93 0.00 -0.0605 -0.4093 -0.4093
28425 43.71 17.93 0.00 -0.0974 -1.1085 -1.1085
28450 43.71 17.95 0.00 -0.3930 -0.5192 -0.5192
28475 43.71 17.95 0.00 -0.3930 -0.5192 -0.5192
28500 43.69 17.99 0.00 -0.6165 -0.3169 -0.3169
28525 43.66 18.02 0.00 -0.5783 -0.9243 -0.9243
28550 43.62 18.04 0.00 -1.0208 -1.5124 -1.5124
28575 43.62 18.04 0.00 -1.0208 -1.5124 -1.5124
28600 43.57 18.06 0.00 -1.3260 -1.4405 -1.4405
28625 43.53 18.06 0.00 -1.1690 -1.4801 -1.4801
28650 43.53 18.06 0.00 -1.1690 -1.4801 -1.4801
28675 43.48 18.08 0.00 -1.0769 -1.7912 -1.7912
28700 43.45 18.08 0.00 -1.0503 -1.2771 -1.2771
28725 43.45 18.08 0.00 -1.0503 -1.2771 -1.2771
28750 43.41 18.08 0.00 -1.1336 -0.8187 -0.8187
28775 43.36 18.08 0.00 -1.1298 -0.3602 -0.3602
28800 43.36 18.08 0.00 -1.1298 -0.3602 -0.3602
28825 43.32 18.07 0.00 -0.8101 -0.8328 -0.8328
28850 43.29 18.07 0.00 -0.7053 -0.9975 -0.9975
28875 43.24 18.04 0.00 -1.9953 -2.1369 -2.1369
28900 43.24 18.04 0.00 -1.9953 -2.1369 -2.1369
28925 43.15 17.98 0.00 -1.7570 -1.2834 -1.2834
28950 43.11 18.02 0.00 -1.2770 -0.9905 -0.9905
28975 43.04 18.11 0.00 -1.4618 -2.5531 -2.5531
29000 43.04 18.11 0.00 -1.4618 -2.5531 -2.5531
29025 42.99 18.22 0.00 -1.6410 -1.7613 -1.7613
29050 42.92 18.27 0.00 -1.7218 -1.0203 -1.0203
29075 42.92 18.27 0.00 -1.7218 -1.0203 -1.0203
29100 42.85 18.27 0.00 -1.3334 -1.3998 -1.3998
29125 42.80 18.18 0.00 -1.3507 -2.7187 -2.7187
29150 42.80 18.18 0.00 -1.3507 -2.7187 -2.7187
29175 42.74 18.03 0.00 -1.3706 -0.6226 -0.6226
29200 42.66 17.90 0.00 -2.3378 -0.3838 -0.3838
29225 42.59 17.85 0.00 -1.4950 0.2573 0.2573
29250 42.59 17.85 0.00 -1.4950 0.2573 0.2573
29275 42.57 17.83 0.00 0.1932 0.3986 0.3986
29300 42.57 17.83 0.00 0.1932 0.3986 0.3986
29325 42.59 17.83 0.00 0.5532 -0.2543 -0.2543
29350 42.59 17.78 0.00 -0.3603 0.1579 0.1579
29375 42.57 17.70 0.00 -0.7832 0.7797 0.7797
29400 42.57 17.70 0.00 -0.7832 0.7797 0.7797
29425 42.53 17.52 0.00 -0.8315 3.1123 3.1123
29450 42.43 17.27 0.00 -3.3892 2.4702 2.4702
29475 42.43 17.27 0.00 -3.3892 2.4702 2.4702
29500 42.29 17.01 0.00 -3.5435 1.6184 1.6184
29525 42.18 16.81 0.00 -1.6187 0.0655 0.0655
29550 42.18 16.81 0.00 -1.6187 0.0655 0.0655
29575 42.16 16.68 0.00 -0.4295 -1.1004 -1.1004
29600 42.16 16.57 0.00 0.0643 -1.0436 -1.0436
29625 42.16 16.52 0.00 -0.5073 -0.3273 -0.3273
29650 42.16 16.52 0.00 -0.5073 -0.3273 -0.3273
29675 42.15 16.54 0.00 -0.1633 0.1089 0.1089
29700 42.15 16.54 0.00 -0.1633 0.1089 0.1089
29725 42.15 16.54 0.00 0.5200 -0.3423 -0.3423
29750 42.16 16.54 0.00 0.1568 -0.9708 -0.9708
29775 42.15 16.50 0.00 -1.1416 -1.6907 -1.6907
29800 42.15 16.50 0.00 -1.1416 -1.6907 -1.6907
29825 42.11 16.45 0.00 -0.2859 1.1096 1.1096
29850 42.09 16.43 0.00 -0.8363 0.0762 0.0762
29875 42.09 16.43 0.00 -0.8363 0.0762 0.0762
29900 42.06 16.43 0.00 -0.8792 -0.8453 -0.8453
29925 41.99 16.43 0.00 -2.4593 -0.3328 -0.3328
29950 41.99 16.43 0.00 -2.4593 -0.3328 -0.3328
29975 41.81 16.24 0.00 -5.7746 0.4613 0.4613
30000 41.51 15.89 0.00 -7.9831 1.3484 1.3484
30025 41.15 15.36 0.00 -10.5520 0.4376 0.4376
30050 41.15 15.36 0.00 -10.5520 0.4376 0.4376
30075 40.69 14.69 0.00 -11.7085 1.8383 1.8383
30100 40.21 14.04 0.00 -12.3756 0.9645 0.9645
30125 39.74 13.46 0.00 -10.9204 0.7349 0.7349
30150 39.74 13.46 0.00 -10.9204 0.7349 0.7349
30175 39.35 13.02 0.00 -9.1926 -0.1179 -0.1179
30200 39.01 12.74 0.00 -7.9656 -0.5448 -0.5448
30225 39.01 12.74 0.00 -7.9656 -0.5448 -0.5448
30250 38.71 12.51 0.00 -7.2219 -0.3084 -0.3084
30275 38.52 12.35 0.00 -6.6205 0.1620 0.1620
30300 38.52 12.35 0.00 -6.6205 0.1620 0.1620
30325 38.27 12.14 0.00 -6.0883 0.0172 0.0172
30350 38.04 11.91 0.00 -5.2611 0.0058 0.0058
30375 38.04 11.91 0.00 -5.2611 0.0058 0.0058
30400 37.86 11.67 0.00 -3.9765 -0.1414 -0.1414
30425 37.72 11.46 0.00 -3.1337 -0.6666 -0.6666
30450 37.72 11.46 0.00 -3.1337 -0.6666 -0.6666
30475 37.62 11.31 0.00 -2.3650 -1.2088 -1.2088
30500 37.54 11.25 0.00 -1.8031 -1.1396 -1.1396
30525 37.47 11.24 0.00 -1.7295 -1.0877 -1.0877
30550 37.47 11.24 0.00 -1.7295 -1.0877 -1.0877
30575 37.42 11.30 0.00 -1.0634 -0.6276 -0.6276
30600 37.37 11.32 0.00 -1.1942 -1.0969 -1.0969
30625 37.31 11.31 0.00 -2.0364 -1.5501 -1.5501
30650 37.31 11.31 0.00 -2.0364 -1.5501 -1.5501
30675 37.21 11.31 0.00 -2.8224 -2.4427 -2.4427
30700 37.12 11.38 0.00 -1.5312 -0.1369 -0.1369
30725 37.05 11.51 0.00 -2.4243 -0.5581 -0.5581
30750 37.05 11.51 0.00 -2.4243 -0.5581 -0.5581
30775 36.87 11.77 0.00 -5.1405 -2.0866 -2.0866
30800 36.62 12.21 0.00 -7.3031 -1.8576 -1.8576
30825 36.62 12.21 0.00 -7.3031 -1.8576 -1.8576
30850 36.32 12.68 0.00 -6.9728 -1.0753 -1.0753
30875 36.09 13.10 0.00 -4.9272 -1.4343 -1.4343
30900 36.09 13.10 0.00 -4.9272 -1.4343 -1.4343
30925 35.93 13.43 0.00 -3.6068 -2.9519 -2.9519
30950 35.84 13.59 0.00 -1.4341 -1.1686 -1.1686
30975 35.84 13.59 0.00 -1.4341 -1.1686 -1.1686
31000 35.80 13.68 0.00 -0.9556 -1.2141 -1.2141
31025 35.79 13.77 0.00 -0.2308 -0.0449 -0.0449
31050 35.79 13.77 0.00 -0.2308 -0.0449 -0.0449
31075 35.77 13.90 0.00 -0.3189 0.2115 0.2115
31100 35.77 14.03 0.00 -0.4370 0.1297 0.1297
31125 35.75 14.18 0.00 -0.1202 0.3626 0.3626
31150 35.75 14.18 0.00 -0.1202 0.3626 0.3626
31175 35.75 14.33 0.00 0.0404 0.7084 0.7084
31200 35.75 14.46 0.00 -0.3893 0.2272 0.2272
31225 35.75 14.46 0.00 -0.3893 0.2272 0.2272
31250 35.71 14.53 0.00 -0.8964 -0.4417 -0.4417
31275 35.68 14.60 0.00 -0.4508 0.0473 0.0473
31300 35.68 14.60 0.00 -0.4508 0.0473 0.0473
31325 35.68 14.67 0.00 0.3252 0.2983 0.2983
31350 35.71 14.77 0.00 1.0093 0.6754 0.6754
31375 35.77 14.88 0.00 1.6103 1.2304 1.2304
31400 35.77 14.88 0.00 1.6103 1.2304 1.2304
31425 35.84 15.03 0.00 1.6651 2.1560 2.1560
31450 35.91 15.21 0.00 1.9227 2.1899 2.1899
31475 35.91 15.21 0.00 1.9227 2.1899 2.1899
31500 35.98 15.47 0.00 1.8811 1.7474 1.7474
31525 36.03 15.75 0.00 0.8103 1.2798 1.2798
31550 36.03 16.08 0.00 -0.3689 0.8058 0.8058
31575 36.03 16.08 0.00 -0.3689 0.8058 0.8058
31600 36.02 16.46 0.00 -0.2884 1.9906 1.9906
31625 36.02 16.46 0.00 -0.2884 1.9906 1.9906
31650 36.05 16.98 0.00 0.9775 3.1557 3.1557
31675 36.09 17.67 0.00 1.2119 1.8340 1.8340
31700 36.12 18.54 0.00 0.4282 1.4750 1.4750
31725 36.12 18.54 0.00 0.4282 1.4750 1.4750
31750 36.12 19.27 0.00 -0.3238 2.0118 2.0118
31775 36.07 20.53 0.00 -0.9593 1.1820 1.1820
31800 36.05 21.52 0.00 -0.3390 0.4844 0.4844
31825 36.05 21.52 0.00 -0.3390 0.4844 0.4844
31850 36.05 22.20 0.00 0.5667 1.6473 1.6473
31875 36.11 23.08 0.00 1.4181 2.4356 2.4356
31900 36.11 23.08 0.00 1.4181 2.4356 2.4356
31925 36.18 23.94 0.00 2.4784 2.2940 2.2940
31950 36.30 24.82 0.00 3.8714 3.1211 3.1211
31975 36.30 24.82 0.00 3.8714 3.1211 3.1211
32000 36.48 25.66 0.00 4.4984 3.3058 3.3058
32025 36.66 26.43 0.00 4.5460 3.7367 3.7367
32050 36.83 27.09 0.00 4.0236 3.7510 3.7510
32075 36.83 27.09 0.00 4.0236 3.7510 3.7510
32100 36.98 27.64 0.00 3.1368 2.7789 2.7789
32125 37.07 28.08 0.00 2.1202 2.0564 2.0564
32150 37.07 28.08 0.00 2.1202 2.0564 2.0564
32175 37.14 28.45 0.00 1.2560 1.3508 1.3508
32200 37.17 28.75 0.00 0.6805 1.1281 1.1281
32225 37.17 28.75 0.00 0.6805 1.1281 1.1281
32250 37.19 29.04 0.00 0.4566 0.8369 0.8369
32275 37.21 29.27 0.00 0.3457 0.8928 0.8928
32300 37.23 29.46 0.00 -0.0307 0.6929 0.6929
32325 37.23 29.46 0.00 -0.0307 0.6929 0.6929
32350 37.21 29.60 0.00 -0.2679 0.2980 0.2980
32375 37.19 29.67 0.00 -0.5412 -0.5576 -0.5576
32400 37.19 29.67 0.00 -0.5412 -0.5576 -0.5576
32425 37.17 29.66 0.00 -0.9225 -0.6068 -0.6068
32450 37.10 29.60 0.00 -2.2980 -2.0106 -2.0106
32475 37.10 29.60 0.00 -2.2980 -2.0106 -2.0106
32500 37.01 29.51 0.00 -2.0238 -1.3528 -1.3528
32525 36.94 29.44 0.00 -1.7753 -0.4895 -0.4895
32550 36.94 29.44 0.00 -1.7753 -0.4895 -0.4895
32575 36.83 29.39 0.00 -2.6035 -1.8459 -1.8459
32600 36.73 29.33 0.00 -2.9252 -2.3662 -2.3662
32625 36.73 29.33 0.00 -2.9252 -2.3662 -2.3662
32650 36.60 29.21 0.00 -3.6867 -3.0675 -3.0675
32675 36.41 29.03 0.00 -5.4303 -4.3013 -4.3013
32700 36.21 28.87 0.00 -7.2606 -5.7591 -5.7591
32725 35.86 28.65 0.00 -9.5679 -7.3511 -7.3511
32750 35.86 28.65 0.00 -9.5679 -7.3511 -7.3511
32775 35.45 28.44 0.00 -10.6856 -6.5239 -6.5239
32800 35.02 28.25 0.00 -10.6178 -7.2701 -7.2701
32825 35.02 28.25 0.00 -10.6178 -7.2701 -7.2701
32850 34.59 28.18 0.00 -10.8725 -6.5331 -6.5331
32875 34.16 28.14 0.00 -10.5372 -6.0109 -6.0109
32900 34.16 28.14 0.00 -10.5372 -6.0109 -6.0109
32925 33.79 28.15 0.00 -8.8461 -5.8086 -5.8086
32950 33.46 28.24 0.00 -7.0560 -5.0282 -5.0282
32975 33.46 28.24 0.00 -7.0560 -5.0282 -5.0282
33000 33.19 28.32 0.00 -6.6362 -4.6323 -4.6323
33025 32.94 28.43 0.00 -5.8454 -4.3045 -4.3045
33050 32.73 28.51 0.00 -5.8013 -3.8462 -3.8462
33075 32.73 28.51 0.00 -5.8013 -3.8462 -3.8462
33100 32.49 28.62 0.00 -5.6988 -3.4110 -3.4110
33125 32.28 28.70 0.00 -5.4802 -3.5095 -3.5095
33150 32.28 28.70 0.00 -5.4802 -3.5095 -3.5095
33175 32.06 28.81 0.00 -5.1265 -2.8413 -2.8413
33200 32.06 28.81 0.00 -5.1265 -2.8413 -2.8413
33225 31.88 28.93 0.00 -4.6418 -2.2791 -2.2791
33250 31.70 29.03 0.00 -4.4891 -1.6237 -1.6237
33275 31.52 29.21 0.00 -4.5141 -0.7795 -0.7795
33300 31.52 29.21 0.00 -4.5141 -0.7795 -0.7795
33325 31.34 29.39 0.00 -4.7874 -0.3950 -0.3950
33350 31.14 29.53 0.00 -4.6629 -0.2602 -0.2602
33375 31.14 29.53 0.00 -4.6629 -0.2602 -0.2602
33400 30.98 29.67 0.00 -3.9054 0.1725 0.1725
33425 30.83 29.81 0.00 -4.3150 2.1722 2.1722
33450 30.65 29.91 0.00 -6.9203 0.6040 0.6040
33475 30.65 29.91 0.00 -6.9203 0.6040 0.6040
33500 30.25 30.10 0.00 -11.3364 0.8931 0.8931
33525 29.73 30.35 0.00 -14.8325 0.4009 0.4009
33550 29.02 30.57 0.00 -19.6464 -0.0411 -0.0411
33575 29.02 30.57 0.00 -19.6464 -0.0411 -0.0411
33600 28.12 30.78 0.00 -24.2655 0.1845 0.1845
33625 27.01 30.94 0.00 -30.2115 -0.4364 -0.4364
33650 27.01 30.94 0.00 -30.2115 -0.4364 -0.4364
33675 25.75 31.07 0.00 -31.6932 0.3658 0.3658
33700 24.44 31.20 0.00 -32.9839 0.0830 0.0830
33725 24.44 31.20 0.00 -32.9839 0.0830 0.0830
33750 23.15 31.39 0.00 -31.5198 0.6482 0.6482
33775 21.91 31.56 0.00 -30.7171 1.4263 1.4263
33800 21.91 31.56 0.00 -30.7171 1.4263 1.4263
33825 20.76 31.76 0.00 -27.6062 1.5666 1.5666
33850 19.77 31.95 0.00 -22.8248 2.0538 2.0538
33875 18.99 32.14 0.00 -17.5290 1.5329 1.5329
33900 18.99 32.14 0.00 -17.5290 1.5329 1.5329
33925 18.41 32.28 0.00 -12.2777 0.5424 0.5424
33950 18.05 32.41 0.00 -7.1201 -0.2574 -0.2574
33975 18.05 32.41 0.00 -7.1201 -0.2574 -0.2574
34000 17.89 32.48 0.00 -1.9988 -0.7188 -0.7188
34025 17.91 32.53 0.00 1.1978 -1.4513 -1.4513
34050 17.91 32.53 0.00 1.1978 -1.4513 -1.4513
34075 17.95 32.59 0.00 1.2071 -0.8129 -0.8129
34100 17.97 32.63 0.00 -0.3487 0.1235 0.1235
34125 17.97 32.63 0.00 -0.3487 0.1235 0.1235
34150 17.93 32.66 0.00 -0.7684 0.5718 0.5718
34175 17.93 32.68 0.00 -0.2454 0.0976 0.0976
34200 17.93 32.74 0.00 0.0285 -0.0916 -0.0916
34225 17.93 32.74 0.00 0.0285 -0.0916 -0.0916
34250 17.93 32.77 0.00 -0.0924 0.2962 0.2962
34275 17.91 32.79 0.00 -0.2716 -0.9619 -0.9619
34300 17.91 32.79 0.00 -0.2716 -0.9619 -0.9619
34325 17.95 32.85 0.00 2.0724 1.9156 1.9156
34350 18.09 32.92 0.00 3.6948 1.5673 1.5673
34375 18.26 33.03 0.00 4.6204 2.0272 2.0272
34400 18.26 33.03 0.00 4.6204 2.0272 2.0272
34425 18.41 33.14 0.00 2.8040 1.8763 1.8763
34450 18.45 33.16 0.00 -0.1311 0.8628 0.8628
34475 18.45 33.16 0.00 -0.1311 0.8628 0.8628
34500 18.41 33.12 0.00 -1.3632 0.0076 0.0076
34525 18.32 33.01 0.00 -3.0200 -2.7944 -2.7944
34550 18.18 32.79 0.00 -3.5211 -0.4204 -0.4204
34575 18.18 32.79 0.00 -3.5211 -0.4204 -0.4204
34600 18.03 32.55 0.00 -4.1331 -0.8194 -0.8194
34625 17.89 32.46 0.00 -2.2192 -0.3649 -0.3649
34650 17.89 32.46 0.00 -2.2192 -0.3649 -0.3649
34675 17.86 32.42 0.00 -0.2598 -0.5258 -0.5258
34700 17.84 32.39 0.00 -0.5044 -0.0156 -0.0156
34725 17.84 32.39 0.00 -0.5044 -0.0156 -0.0156
34750 17.78 32.31 0.00 -1.9475 0.2636 0.2636
34775 17.68 32.26 0.00 -2.6275 0.5095 0.5095
34800 17.55 32.22 0.00 -4.4621 -0.8258 -0.8258
34825 17.55 32.22 0.00 -4.4621 -0.8258 -0.8258
34850 17.31 32.20 0.00 -6.4301 -0.6378 -0.6378
34875 17.04 32.19 0.00 -6.4356 -0.4316 -0.4316
34900 17.04 32.19 0.00 -6.4356 -0.4316 -0.4316
34925 16.85 32.19 0.00 -3.9899 -0.4944 -0.4944
34950 16.75 32.21 0.00 -0.9476 -0.3680 -0.3680
34975 16.75 32.21 0.00 -0.9476 -0.3680 -0.3680
35000 16.75 32.25 0.00 -0.0566 0.4984 0.4984
35025 16.75 32.30 0.00 0.3733 1.0623 1.0623
35050 16.79 32.43 0.00 0.8542 0.1559 0.1559
35075 16.79 32.43 0.00 0.8542 0.1559 0.1559
35100 16.81 32.60 0.00 0.6363 0.1245 0.1245
35125 16.81 32.60 0.00 0.6363 0.1245 0.1245
35150 16.81 32.60 0.00 0.6363 0.1245 0.1245
35175 16.83 33.00 0.00 0.4309 -0.0920 -0.0920
35200 16.89 33.41 0.00 2.3798 3.8106 3.8106
35225 16.89 33.41 0.00 2.3798 3.8106 3.8106
35250 17.02 34.09 0.00 3.9676 6.1942 6.1942
35275 17.24 34.93 0.00 5.9708 6.9950 6.9950
35300 17.51 35.78 0.00 7.2060 6.6870 6.6870
35325 17.51 35.78 0.00 7.2060 6.6870 6.6870
35350 17.80 36.49 0.00 6.7495 5.1096 5.1096
35375 17.80 36.49 0.00 6.7495 5.1096 5.1096
35400 18.03 37.08 0.00 5.1398 3.2526 3.2526
35425 18.12 37.52 0.00 0.7837 1.2025 1.2025
35450 18.12 37.52 0.00 0.7837 1.2025 1.2025
35475 18.11 37.81 0.00 -1.7467 1.6304 1.6304
35500 18.03 38.03 0.00 -1.8897 0.3270 0.3270
35525 17.95 38.22 0.00 -1.3974 0.2439 0.2439
35550 17.91 38.35 0.00 -0.6670 -1.1139 -1.1139
35575 17.91 38.35 0.00 -0.6670 -1.1139 -1.1139
35600 17.87 38.44 0.00 -2.0127 -1.0237 -1.0237
35625 17.68 38.46 0.00 -6.0086 -0.6553 -0.6553
35650 17.68 38.46 0.00 -6.0086 -0.6553 -0.6553
35675 17.35 38.44 0.00 -9.9708 -1.2827 -1.2827
35700 16.89 38.46 0.00 -12.2510 -2.4400 -2.4400
35725 16.89 38.46 0.00 -12.2510 -2.4400 -2.4400
35750 16.39 38.50 0.00 -12.7542 -3.8037 -3.8037
35775 15.88 38.60 0.00 -12.3944 -4.2225 -4.2225
35800 15.49 38.68 0.00 -13.7366 -4.3858 -4.3858
35825 15.49 38.68 0.00 -13.7366 -4.3858 -4.3858
35850 14.92 38.79 0.00 -14.0589 -3.8303 -3.8303
35875 14.41 38.85 0.00 -11.6245 -4.4723 -4.4723
35900 14.41 38.85 0.00 -11.6245 -4.4723 -4.4723
35925 14.04 38.89 0.00 -7.2448 -4.4685 -4.4685
35950 13.86 38.91 0.00 -2.8806 -3.7699 -3.7699
35975 13.86 38.91 0.00 -2.8806 -3.7699 -3.7699
36000 13.82 38.91 0.00 -0.3276 -3.0974 -3.0974
36025 13.80 38.91 0.00 -0.5930 -2.2837 -2.2837
36050 13.78 38.88 0.00 -0.4728 -0.7248 -0.7248
36075 13.78 38.88 0.00 -0.4728 -0.7248 -0.7248
36100 13.78 38.91 0.00 0.8254 1.7627 1.7627
36125 13.78 38.91 0.00 0.8254 1.7627 1.7627
36150 13.86 39.03 0.00 2.3443 2.2256 2.2256
36175 14.00 39.23 0.00 4.2392 4.3969 4.3969
36200 14.16 39.56 0.00 3.9945 6.5651 6.5651
36225 14.16 39.56 0.00 3.9945 6.5651 6.5651
36250 14.33 39.87 0.00 4.0333 7.5169 7.5169
36275 14.49 40.17 0.00 3.7923 8.3641 8.3641
36300 14.49 40.17 0.00 3.7923 8.3641 8.3641
36325 14.59 40.43 0.00 1.8147 6.2430 6.2430
36350 14.65 40.67 0.00 1.4557 6.2259 6.2259
36375 14.71 40.89 0.00 1.5657 3.8382 3.8382
36400 14.71 40.89 0.00 1.5657 3.8382 3.8382
36425 14.78 41.11 0.00 2.2598 2.7844 2.7844
36450 14.86 41.29 0.00 1.8651 2.6029 2.6029
36475 14.86 41.29 0.00 1.8651 2.6029 2.6029
36500 14.94 41.50 0.00 1.9369 2.3152 2.3152
36525 15.04 41.68 0.00 2.5560 2.3556 2.3556
36550 15.12 41.79 0.00 2.6912 2.3232 2.3232
36575 15.12 41.79 0.00 2.6912 2.3232 2.3232
36600 15.20 41.88 0.00 1.6791 1.4927 1.4927
36625 15.24 41.94 0.00 0.3302 0.3250 0.3250
36650 15.24 41.94 0.00 0.3302 0.3250 0.3250
36675 15.24 42.01 0.00 -0.2183 0.1585 0.1585
36700 15.24 42.01 0.00 -0.2183 0.1585 0.1585
36725 15.24 42.09 0.00 0.0137 -0.4658 -0.4658
36750 15.24 42.20 0.00 0.2289 -0.3509 -0.3509
36775 15.25 42.33 0.00 1.1458 0.2297 0.2297
36800 15.33 42.51 0.00 1.8286 0.4256 0.4256
36825 15.33 42.51 0.00 1.8286 0.4256 0.4256
36850 15.41 42.75 0.00 2.2047 0.7983 0.7983
36875 15.51 42.97 0.00 2.4869 1.0652 1.0652
36900 15.51 42.97 0.00 2.4869 1.0652 1.0652
36925 15.59 43.19 0.00 1.5189 -0.0418 -0.0418
36950 15.63 43.39 0.00 1.6600 0.2019 0.2019
36975 15.63 43.39 0.00 1.6600 0.2019 0.2019
37000 15.74 43.61 0.00 3.2591 1.2623 1.2623
37025 15.88 43.89 0.00 3.3858 0.4528 0.4528
37050 15.88 43.89 0.00 3.3858 0.4528 0.4528
37075 16.00 44.16 0.00 2.2891 1.4997 1.4997
37100 16.05 44.35 0.00 1.3135 1.9928 1.9928
37125 16.11 44.48 0.00 1.6387 0.9391 0.9391
37150 16.11 44.48 0.00 1.6387 0.9391 0.9391
37175 16.19 44.57 0.00 1.8869 -0.2953 -0.2953
37200 16.25 44.60 0.00 1.8283 -0.5227 -0.5227
37225 16.25 44.60 0.00 1.8283 -0.5227 -0.5227
37250 16.33 44.67 0.00 1.7128 -0.1020 -0.1020
37275 16.40 44.82 0.00 2.3419 -0.0590 -0.0590
37300 16.52 45.10 0.00 2.9054 1.1250 1.1250
37325 16.52 45.10 0.00 2.9054 1.1250 1.1250
37350 16.62 45.33 0.00 3.0709 0.7274 0.7274
37375 16.75 45.68 0.00 3.7945 0.6150 0.6150
37400 16.75 45.68 0.00 3.7945 0.6150 0.6150
37425 16.91 46.09 0.00 3.9461 1.6570 1.6570
37450 17.06 46.49 0.00 4.0970 1.7160 1.7160
37475 17.06 46.49 0.00 4.0970 1.7160 1.7160
37500 17.24 46.87 0.00 4.4484 1.0480 1.0480
37525 17.43 47.24 0.00 4.8997 0.6744 0.6744
37550 17.43 47.24 0.00 4.8997 0.6744 0.6744
37575 17.64 47.58 0.00 5.5750 0.4037 0.4037
37600 17.89 47.97 0.00 7.0010 0.3535 0.3535
37625 18.22 48.42 0.00 8.9218 1.0878 1.0878
37650 18.22 48.42 0.00 8.9218 1.0878 1.0878
37675 18.62 48.94 0.00 10.7223 1.9475 1.9475
37700 19.08 49.50 0.00 12.0701 2.4946 2.4946
37725 19.56 50.04 0.00 12.0424 1.8696 1.8696
37750 19.56 50.04 0.00 12.0424 1.8696 1.8696
37775 20.04 50.54 0.00 11.0960 0.7631 0.7631
37800 20.44 50.95 0.00 9.3993 -0.0145 -0.0145
37825 20.44 50.95 0.00 9.3993 -0.0145 -0.0145
37850 20.78 51.31 0.00 8.1682 1.8421 1.8421
37875 21.06 51.69 0.00 6.6399 2.4348 2.4348
37900 21.06 51.69 0.00 6.6399 2.4348 2.4348
37925 21.33 52.07 0.00 6.1941 2.0026 2.0026
37950 21.57 52.41 0.00 5.9565 1.4215 1.4215
37975 21.57 52.41 0.00 5.9565 1.4215 1.4215
38000 21.80 52.68 0.00 5.9485 0.5725 0.5725
38025 22.04 52.91 0.00 5.4887 0.2796 0.2796
38050 22.04 52.91 0.00 5.4887 0.2796 0.2796
38075 22.23 53.03 0.00 4.4808 -0.8432 -0.8432
38100 22.40 53.04 0.00 3.7977 0.5099 0.5099
38125 22.49 53.04 0.00 3.4433 0.0020 0.0020
38150 22.49 53.04 0.00 3.4433 0.0020 0.0020
38175 22.64 53.05 0.00 3.9237 0.5474 0.5474
38200 22.81 53.04 0.00 4.5145 0.3677 0.3677
38225 22.81 53.04 0.00 4.5145 0.3677 0.3677
38250 23.02 53.03 0.00 5.5110 -0.2112 -0.2112
38275 23.28 53.06 0.00 7.4579 -0.3793 -0.3793
38300 23.63 53.12 0.00 9.3758 -0.9938 -0.9938
38325 23.63 53.12 0.00 9.3758 -0.9938 -0.9938
38350 24.03 53.18 0.00 10.2668 -1.2816 -1.2816
38375 24.03 53.18 0.00 10.2668 -1.2816 -1.2816
38400 24.42 53.22 0.00 9.6628 -0.7113 -0.7113
38425 24.79 53.24 0.00 8.5253 -0.2982 -0.2982
38450 25.10 53.26 0.00 7.4101 -0.0549 -0.0549
38475 25.10 53.26 0.00 7.4101 -0.0549 -0.0549
38500 25.36 53.27 0.00 6.2430 1.0907 1.0907
38525 25.60 53.30 0.00 5.6070 1.0683 1.0683
38550 25.60 53.30 0.00 5.6070 1.0683 1.0683
38575 25.84 53.33 0.00 6.5390 1.1102 1.1102
38600 26.14 53.37 0.00 8.0735 0.0957 0.0957
38625 26.49 53.39 0.00 9.1075 -0.3350 -0.3350
38650 26.49 53.39 0.00 9.1075 -0.3350 -0.3350
38675 26.86 53.38 0.00 9.2278 -0.7737 -0.7737
38700 27.21 53.33 0.00 8.1671 -0.0323 -0.0323
38725 27.21 53.33 0.00 8.1671 -0.0323 -0.0323
38750 27.52 53.30 0.00 7.2111 1.9940 1.9940
38775 27.76 53.31 0.00 5.9650 1.7614 1.7614
38800 27.76 53.31 0.00 5.9650 1.7614 1.7614
38825 27.98 53.36 0.00 4.8178 2.4896 2.4896
38850 28.14 53.40 0.00 3.5466 2.1458 2.1458
38875 28.27 53.44 0.00 3.5327 1.4800 1.4800
38900 28.27 53.44 0.00 3.5327 1.4800 1.4800
38925 28.40 53.45 0.00 3.9415 1.0447 1.0447
38950 28.40 53.45 0.00 3.9415 1.0447 1.0447
38975 28.54 53.44 0.00 3.8997 -0.5663 -0.5663
39000 28.73 53.40 0.00 4.3072 0.6089 0.6089
39025 28.87 53.38 0.00 3.8943 0.7988 0.7988
39050 28.87 53.38 0.00 3.8943 0.7988 0.7988
39075 29.04 53.41 0.00 3.8789 2.8188 2.8188
39100 29.18 53.46 0.00 4.0742 2.4889 2.4889
39125 29.18 53.46 0.00 4.0742 2.4889 2.4889
39150 29.36 53.53 0.00 4.7262 2.1100 2.1100
39175 29.56 53.61 0.00 5.1310 2.3344 2.3344
39200 29.78 53.68 0.00 5.2871 2.4926 2.4926
39225 29.78 53.68 0.00 5.2871 2.4926 2.4926
39250 29.98 53.71 0.00 5.2487 2.1016 2.1016
39275 30.20 53.68 0.00 5.1585 1.9102 1.9102
39300 30.42 53.60 0.00 5.4797 1.1866 1.1866
39325 30.42 53.60 0.00 5.4797 1.1866 1.1866
39350 30.63 53.48 0.00 5.5484 0.9364 0.9364
39375 30.87 53.33 0.00 6.1498 0.1388 0.1388
39400 30.87 53.33 0.00 6.1498 0.1388 0.1388
39425 31.16 53.14 0.00 7.7439 -0.6230 -0.6230
39450 31.52 52.94 0.00 9.8039 -1.3260 -1.3260
39475 31.52 52.94 0.00 9.8039 -1.3260 -1.3260
39500 31.94 52.77 0.00 10.4138 -1.5538 -1.5538
39525 32.35 52.54 0.00 10.3856 -1.0223 -1.0223
39550 32.35 52.54 0.00 10.3856 -1.0223 -1.0223
39575 32.74 52.31 0.00 9.3542 -0.9818 -0.9818
39600 33.09 52.12 0.00 8.1578 -0.2235 -0.2235
39625 33.09 52.12 0.00 8.1578 -0.2235 -0.2235
39650 33.39 52.00 0.00 7.5640 0.3324 0.3324
39675 33.61 51.96 0.00 6.5551 0.2845 0.2845
39700 33.61 51.96 0.00 6.5551 0.2845 0.2845
39725 33.84 51.86 0.00 5.7413 0.7396 0.7396
39750 34.05 51.66 0.00 5.5409 1.9977 1.9977
39775 34.30 51.36 0.00 5.9401 1.4399 1.4399
39800 34.30 51.36 0.00 5.9401 1.4399 1.4399
39825 34.55 50.91 0.00 6.5455 0.5774 0.5774
39850 34.79 50.22 0.00 5.5823 1.5392 1.5392
39875 34.79 50.22 0.00 5.5823 1.5392 1.5392
39900 35.04 49.29 0.00 6.2190 2.2044 2.2044
39925 35.29 48.30 0.00 6.8245 2.2182 2.2182
39950 35.61 47.42 0.00 8.1948 2.0035 2.0035
39975 35.61 47.42 0.00 8.1948 2.0035 2.0035
40000 35.93 46.68 0.00 7.7874 1.8321 1.8321
40025 36.20 46.08 0.00 5.7626 1.8558 1.8558
40050 36.20 46.08 0.00 5.7626 1.8558 1.8558
40075 36.39 45.57 0.00 4.5890 2.0891 2.0891
40100 36.55 45.15 0.00 3.1922 1.8680 1.8680
40125 36.66 44.84 0.00 2.5326 1.7240 1.7240
40150 36.66 44.84 0.00 2.5326 1.7240 1.7240
40175 36.75 44.77 0.00 2.3535 0.8602 0.8602
40200 36.85 44.95 0.00 2.5333 0.2414 0.2414
40225 36.85 44.95 0.00 2.5333 0.2414 0.2414
40250 36.98 45.35 0.00 3.3983 -1.2005 -1.2005
40275 37.14 46.19 0.00 4.8060 -2.2037 -2.2037
40300 37.14 46.19 0.00 4.8060 -2.2037 -2.2037
40325 37.37 47.06 0.00 5.6320 -2.2529 -2.2529
40350 37.53 47.66 0.00 5.3410 -3.7395 -3.7395
40375 37.74 48.57 0.00 5.3783 -3.8217 -3.8217
40400 37.74 48.57 0.00 5.3783 -3.8217 -3.8217
40425 37.92 49.26 0.00 3.5128 -2.1886 -2.1886
40450 38.04 49.78 0.00 3.6443 -2.5566 -2.5566
40475 38.04 49.78 0.00 3.6443 -2.5566 -2.5566
40500 38.22 50.28 0.00 4.4174 -0.8132 -0.8132
40525 38.38 50.69 0.00 3.7688 -1.0465 -1.0465
40550 38.38 50.69 0.00 3.7688 -1.0465 -1.0465
40575 38.52 51.15 0.00 3.5025 -0.8506 -0.8506
40600 38.68 51.54 0.00 4.3563 -0.1298 -0.1298
40625 38.92 51.92 0.00 7.8210 -1.3758 -1.3758
40650 38.92 51.92 0.00 7.8210 -1.3758 -1.3758
40675 39.37 52.27 0.00 12.8287 -2.2459 -2.2459
40700 39.98 52.47 0.00 17.8103 -1.6053 -1.6053
40725 39.98 52.47 0.00 17.8103 -1.6053 -1.6053
40750 40.86 52.66 0.00 24.9256 -1.9262 -1.9262
40775 40.86 52.66 0.00 24.9256 -1.9262 -1.9262
40800 41.97 52.88 0.00 28.9565 -2.9327 -2.9327
40825 43.17 53.08 0.00 30.5083 -2.6047 -2.6047
40850 44.36 53.35 0.00 29.1129 -2.5438 -2.5438
40875 45.46 53.56 0.00 26.1111 -0.9514 -0.9514
40900 45.46 53.56 0.00 26.1111 -0.9514 -0.9514
40925 46.39 53.72 0.00 20.6996 0.8597 0.8597
40950 47.08 53.80 0.00 15.5582 3.7002 3.7002
40975 47.08 53.80 0.00 15.5582 3.7002 3.7002
41000 47.61 53.85 0.00 11.1344 3.7725 3.7725
41025 48.01 53.83 0.00 9.5127 3.2669 3.2669
41050 48.38 53.76 0.00 9.2225 2.9136 2.9136
41075 48.38 53.76 0.00 9.2225 2.9136 2.9136
41100 48.76 53.67 0.00 9.6212 3.3384 3.3384
41125 49.11 53.54 0.00 8.2788 3.4784 3.4784
41150 49.11 53.54 0.00 8.2788 3.4784 3.4784
41175 49.35 53.43 0.00 4.9068 4.5367 4.5367
41200 49.35 53.43 0.00 4.9068 4.5367 4.5367
41225 49.46 53.38 0.00 2.4308 5.1046 5.1046
41250 49.51 53.31 0.00 1.3692 4.2323 4.2323
41275 49.58 53.22 0.00 1.8984 3.0391 3.0391
41300 49.58 53.22 0.00 1.8984 3.0391 3.0391
41325 49.65 53.07 0.00 1.1818 2.5214 2.5214
41350 49.67 52.90 0.00 -0.4709 3.8523 3.8523
41375 49.60 52.68 0.00 -2.1285 4.5936 4.5936
41400 49.60 52.68 0.00 -2.1285 4.5936 4.5936
41425 49.48 52.43 0.00 -3.5738 3.3596 3.3596
41450 49.34 52.14 0.00 -3.7130 2.9693 2.9693
41475 49.34 52.14 0.00 -3.7130 2.9693 2.9693
41500 49.18 51.82 0.00 -4.1446 2.0263 2.0263
41525 49.02 51.46 0.00 -3.5825 1.7182 1.7182
41550 49.02 51.46 0.00 -3.5825 1.7182 1.7182
41575 48.90 51.16 0.00 -2.4767 0.4200 0.4200
41600 48.83 50.84 0.00 -1.3135 1.3950 1.3950
41625 48.80 50.59 0.00 -0.5305 1.5037 1.5037
41650 48.80 50.59 0.00 -0.5305 1.5037 1.5037
41675 48.81 50.41 0.00 0.9236 1.5672 1.5672
41700 48.88 50.36 0.00 1.9189 1.6168 1.6168
41725 48.88 50.36 0.00 1.9189 1.6168 1.6168
41750 48.95 50.34 0.00 1.8513 1.2616 1.2616
41775 48.95 50.34 0.00 1.8513 1.2616 1.2616
41800 49.04 50.34 0.00 2.1780 1.5624 1.5624
41825 49.11 50.36 0.00 1.7078 1.7354 1.7354
41850 49.16 50.36 0.00 1.6330 1.6798 1.6798
41875 49.16 50.36 0.00 1.6330 1.6798 1.6798
41900 49.23 50.39 0.00 1.5503 1.5610 1.5610
41925 49.28 50.37 0.00 1.6044 1.4317 1.4317
41950 49.28 50.37 0.00 1.6044 1.4317 1.4317
