%#        Time[ms]        X[pixel],        Y[pixel],        Z[pixel],  dX/dt[pixel/s],  dY/dt[pixel/s],  dZ/dt[pixel/s] 
0 50.00 50.00 0.00 17.5894 3.8576 3.8576
25 50.49 50.04 0.00 8.5040 4.9336 4.9336
50 50.61 50.53 0.00 -0.4866 1.2745 1.2745
75 50.45 50.76 0.00 -4.5990 0.1135 0.1135
100 50.45 50.76 0.00 -4.5990 0.1135 0.1135
125 50.31 51.00 0.00 -2.5321 2.0937 2.0937
150 50.33 51.18 0.00 2.3552 2.5435 2.5435
175 50.33 51.18 0.00 2.3552 2.5435 2.5435
200 50.54 51.35 0.00 5.9790 3.4956 3.4956
225 50.68 51.49 0.00 3.9937 4.3163 4.3163
250 50.79 51.56 0.00 1.7336 3.7611 3.7611
275 50.79 51.56 0.00 1.7336 3.7611 3.7611
300 50.87 51.63 0.00 2.2173 2.5915 2.5915
325 50.96 51.62 0.00 2.6652 -0.4676 -0.4676
350 50.96 51.62 0.00 2.6652 -0.4676 -0.4676
375 50.99 51.49 0.00 -0.9658 -1.3836 -1.3836
400 50.99 51.42 0.00 1.4928 -2.7724 -2.7724
425 50.99 51.42 0.00 1.4928 -2.7724 -2.7724
450 51.05 51.65 0.00 0.6221 1.3476 1.3476
475 50.99 52.00 0.00 -2.1012 1.1647 1.1647
500 50.99 52.00 0.00 -2.1012 1.1647 1.1647
525 50.98 52.12 0.00 0.7640 -2.9114 -2.9114
550 51.08 52.02 0.00 4.3476 -5.3692 -5.3692
575 51.34 52.41 0.00 7.4200 -4.5300 -4.5300
600 51.34 52.41 0.00 7.4200 -4.5300 -4.5300
625 51.73 53.18 0.00 12.6527 -5.2627 -5.2627
650 52.34 54.52 0.00 15.3621 -0.8573 -0.8573
675 52.34 54.52 0.00 15.3621 -0.8573 -0.8573
700 52.78 55.68 0.00 7.2653 -0.5354 -0.5354
725 52.78 55.68 0.00 7.2653 -0.5354 -0.5354
750 52.90 56.11 0.00 1.5391 0.0454 0.0454
775 52.97 56.45 0.00 2.6170 0.9665 0.9665
800 53.13 56.90 0.00 4.3945 0.4643 0.4643
825 53.13 56.90 0.00 4.3945 0.4643 0.4643
850 53.35 57.41 0.00 6.3040 -1.7375 -1.7375
875 53.63 57.95 0.00 7.2805 -5.2751 -5.2751
900 53.63 57.95 0.00 7.2805 -5.2751 -5.2751
925 53.95 59.01 0.00 7.0588 -7.4716 -7.4716
950 54.07 60.06 0.00 0.8183 -0.4811 -0.4811
975 54.02 60.51 0.00 -1.8237 2.6839 2.6839
1000 54.02 60.51 0.00 -1.8237 2.6839 2.6839
1025 54.00 60.60 0.00 0.8475 0.8795 0.8795
1050 54.19 60.71 0.00 7.1286 -1.5424 -1.5424
1075 54.19 60.71 0.00 7.1286 -1.5424 -1.5424
1100 54.61 61.00 0.00 12.3958 -2.4368 -2.4368
1125 55.19 61.53 0.00 14.9237 -3.0793 -3.0793
1150 55.73 62.23 0.00 12.8241 -3.4559 -3.4559
1175 55.73 62.23 0.00 12.8241 -3.4559 -3.4559
1200 56.19 63.18 0.00 10.3714 -2.1333 -2.1333
1225 56.55 64.46 0.00 8.5910 -1.6696 -1.6696
1250 56.55 64.46 0.00 8.5910 -1.6696 -1.6696
1275 56.82 65.30 0.00 5.5454 0.5053 0.5053
1300 56.98 65.64 0.00 2.9059 0.3469 0.3469
1325 56.98 65.64 0.00 2.9059 0.3469 0.3469
1350 57.06 65.83 0.00 1.7958 -1.2628 -1.2628
1375 57.17 66.18 0.00 3.7410 -1.2174 -1.2174
1400 57.17 66.18 0.00 3.7410 -1.2174 -1.2174
1425 57.41 66.89 0.00 7.2643 -2.0519 -2.0519
1450 57.73 67.79 0.00 8.3030 -2.9358 -2.9358
1475 58.05 68.58 0.00 7.2786 -0.0988 -0.0988
1500 58.05 68.58 0.00 7.2786 -0.0988 -0.0988
1525 58.29 69.33 0.00 5.4363 -0.4137 -0.4137
1550 58.49 70.16 0.00 5.2369 -0.5065 -0.5065
1575 58.49 70.16 0.00 5.2369 -0.5065 -0.5065
1600 58.71 70.93 0.00 5.7428 -1.3781 -1.3781
1625 58.98 71.54 0.00 7.0038 -0.6018 -0.6018
1650 58.98 71.54 0.00 7.0038 -0.6018 -0.6018
1675 59.28 71.99 0.00 7.8168 -0.6895 -0.6895
1700 59.63 72.31 0.00 8.7792 0.9629 0.9629
1725 59.96 72.55 0.00 8.4687 1.5187 1.5187
1750 60.21 72.71 0.00 8.0159 0.8440 0.8440
1775 60.21 72.71 0.00 8.0159 0.8440 0.8440
1800 60.21 72.71 0.00 8.0159 0.8440 0.8440
1825 60.69 72.95 0.00 3.6709 0.8506 0.8506
1850 60.69 72.95 0.00 3.6709 0.8506 0.8506
1875 60.79 72.92 0.00 2.5104 1.2018 1.2018
1900 60.90 72.86 0.00 2.9197 0.7120 0.7120
1925 60.90 72.86 0.00 2.9197 0.7120 0.7120
1950 61.02 72.88 0.00 3.4345 0.3161 0.3161
1975 61.18 72.83 0.00 4.1933 0.3568 0.3568
2000 61.18 72.83 0.00 4.1933 0.3568 0.3568
2025 61.36 72.60 0.00 4.4212 0.9012 0.9012
2050 61.55 72.36 0.00 4.5852 0.4342 0.4342
2075 61.55 72.36 0.00 4.5852 0.4342 0.4342
2100 61.73 72.27 0.00 4.4685 -0.7529 -0.7529
2125 61.89 72.29 0.00 4.1129 -0.0357 -0.0357
2150 62.07 72.31 0.00 4.2526 0.1321 0.1321
2175 62.07 72.31 0.00 4.2526 0.1321 0.1321
2200 62.23 72.28 0.00 3.8280 -0.0284 -0.0284
2225 62.31 72.05 0.00 1.1238 1.4307 1.4307
2250 62.31 72.05 0.00 1.1238 1.4307 1.4307
2275 62.30 71.79 0.00 -1.4608 0.4234 0.4234
2300 62.23 71.70 0.00 -1.9448 -0.6887 -0.6887
2325 62.23 71.70 0.00 -1.9448 -0.6887 -0.6887
2350 62.17 71.60 0.00 -0.5037 -1.4873 -1.4873
2375 62.19 71.40 0.00 0.8672 -1.9653 -1.9653
2400 62.21 71.17 0.00 -0.3125 -0.5628 -0.5628
2425 62.21 71.17 0.00 -0.3125 -0.5628 -0.5628
2450 62.17 70.99 0.00 -1.6653 -0.0753 -0.0753
2475 62.03 70.81 0.00 -4.1141 0.0008 0.0008
2500 62.03 70.81 0.00 -4.1141 0.0008 0.0008
2525 61.89 70.65 0.00 -3.1189 -1.3363 -1.3363
2550 61.82 70.59 0.00 -2.2581 -1.0929 -1.0929
2575 61.76 70.57 0.00 -0.5944 0.7831 0.7831
2600 61.76 70.57 0.00 -0.5944 0.7831 0.7831
2625 61.78 70.57 0.00 1.2256 -0.1046 -0.1046
2650 61.87 70.59 0.00 2.3846 -0.9970 -0.9970
2675 61.87 70.59 0.00 2.3846 -0.9970 -0.9970
2700 61.91 70.56 0.00 -0.0770 -0.1066 -0.1066
2725 61.84 70.43 0.00 -2.2899 0.7976 0.7976
2750 61.84 70.43 0.00 -2.2899 0.7976 0.7976
2775 61.80 70.31 0.00 0.1451 1.7602 1.7602
2800 61.84 70.13 0.00 0.9677 -0.8798 -0.8798
2825 61.84 69.99 0.00 -0.6131 -0.3541 -0.3541
2850 61.84 69.99 0.00 -0.6131 -0.3541 -0.3541
2875 61.75 69.83 0.00 -3.3750 0.2001 0.2001
2900 61.62 69.70 0.00 -1.9633 2.9255 2.9255
2925 61.62 69.70 0.00 -1.9633 2.9255 2.9255
2950 61.61 69.56 0.00 -0.3368 3.7468 3.7468
2975 61.55 69.38 0.00 -2.6100 3.2972 3.2972
3000 61.38 69.18 0.00 -5.8400 5.2120 5.2120
3025 61.38 69.18 0.00 -5.8400 5.2120 5.2120
3050 61.00 68.98 0.00 -11.1427 4.1172 4.1172
3075 61.00 68.98 0.00 -11.1427 4.1172 4.1172
3100 60.55 68.84 0.00 -10.3640 4.4298 4.4298
3125 60.23 68.51 0.00 -7.3182 1.5807 1.5807
3150 59.93 68.51 0.00 -8.0146 1.0463 1.0463
3175 59.93 68.51 0.00 -8.0146 1.0463 1.0463
3200 59.49 68.19 0.00 -12.7311 -1.9884 -1.9884
3225 58.89 67.43 0.00 -15.9690 0.9959 0.9959
3250 58.89 67.43 0.00 -15.9690 0.9959 0.9959
3275 58.12 67.74 0.00 -22.1444 -0.1210 -0.1210
3300 57.33 68.00 0.00 -26.9651 1.2307 1.2307
3325 57.33 68.00 0.00 -26.9651 1.2307 1.2307
3350 56.20 67.85 0.00 -28.7476 4.8946 4.8946
3375 55.07 67.98 0.00 -27.9275 7.2265 7.2265
3400 53.95 68.01 0.00 -27.1519 7.5621 7.5621
3425 53.95 68.01 0.00 -27.1519 7.5621 7.5621
3450 53.09 67.82 0.00 -17.3307 3.6067 3.6067
3475 52.62 67.92 0.00 -8.2382 -1.7930 -1.7930
3500 52.62 67.92 0.00 -8.2382 -1.7930 -1.7930
3525 52.43 68.05 0.00 -3.4864 -3.1946 -3.1946
3550 52.34 68.27 0.00 -1.5849 -2.0331 -2.0331
3575 52.34 68.27 0.00 -1.5849 -2.0331 -2.0331
3600 52.27 68.61 0.00 -2.5394 -0.0307 -0.0307
3625 52.09 68.96 0.00 -5.2697 3.2305 3.2305
3650 51.85 69.14 0.00 -6.1184 1.1192 1.1192
3675 51.61 69.24 0.00 -7.2038 0.9456 0.9456
3700 51.61 69.24 0.00 -7.2038 0.9456 0.9456
3725 51.20 69.54 0.00 -11.8851 -0.0264 -0.0264
3750 50.56 70.18 0.00 -19.4680 2.5121 2.5121
3775 50.56 70.18 0.00 -19.4680 2.5121 2.5121
3800 49.63 71.49 0.00 -24.2433 2.3289 2.3289
3825 49.63 71.49 0.00 -24.2433 2.3289 2.3289
3850 48.76 72.46 0.00 -19.9054 5.0442 5.0442
3875 48.08 73.18 0.00 -15.8657 2.2408 2.2408
3900 47.52 73.39 0.00 -12.8935 -1.1989 -1.1989
3925 47.52 73.39 0.00 -12.8935 -1.1989 -1.1989
3950 47.03 73.82 0.00 -12.4719 -0.9569 -0.9569
3975 46.49 74.24 0.00 -13.5779 0.0273 0.0273
4000 46.49 74.24 0.00 -13.5779 0.0273 0.0273
4025 46.02 74.99 0.00 -11.7309 -1.8667 -1.8667
4050 45.58 75.76 0.00 -10.6297 -2.4422 -2.4422
4075 45.21 76.50 0.00 -13.3397 -1.1159 -1.1159
4100 45.21 76.50 0.00 -13.3397 -1.1159 -1.1159
4125 44.48 77.21 0.00 -21.4946 1.5298 1.5298
4150 43.50 77.97 0.00 -25.3180 4.4130 4.4130
4175 43.50 77.97 0.00 -25.3180 4.4130 4.4130
4200 42.50 78.80 0.00 -25.1216 4.2382 4.2382
4225 41.64 79.21 0.00 -18.9924 0.2800 0.2800
4250 41.64 79.21 0.00 -18.9924 0.2800 0.2800
4275 40.97 79.42 0.00 -15.7055 -1.3013 -1.3013
4300 40.28 79.80 0.00 -19.7194 0.4350 0.4350
4325 39.22 80.47 0.00 -30.3133 4.3094 4.3094
4350 39.22 80.47 0.00 -30.3133 4.3094 4.3094
4375 37.97 81.18 0.00 -30.4534 5.7307 5.7307
4400 36.91 81.59 0.00 -24.3984 2.9758 2.9758
4425 36.91 81.59 0.00 -24.3984 2.9758 2.9758
4450 36.03 81.75 0.00 -19.7891 1.3918 1.3918
4475 35.45 81.77 0.00 -11.1290 -0.9949 -0.9949
4500 35.45 81.77 0.00 -11.1290 -0.9949 -0.9949
4525 35.18 81.72 0.00 -4.8840 -3.5128 -3.5128
4550 34.88 81.73 0.00 -10.2686 1.2171 1.2171
4575 34.41 81.86 0.00 -11.7574 3.2429 3.2429
4600 34.41 81.86 0.00 -11.7574 3.2429 3.2429
4625 33.82 82.10 0.00 -17.5774 4.5172 4.5172
4650 32.89 82.40 0.00 -26.1018 9.6587 9.6587
4675 32.89 82.40 0.00 -26.1018 9.6587 9.6587
4700 31.90 82.63 0.00 -22.4914 6.5113 6.5113
4725 31.09 82.92 0.00 -20.3496 3.3804 3.3804
4750 30.33 83.33 0.00 -17.4251 1.5085 1.5085
4775 30.33 83.33 0.00 -17.4251 1.5085 1.5085
4800 29.65 83.82 0.00 -18.2304 2.3413 2.3413
4825 28.85 84.21 0.00 -20.3693 3.8383 3.8383
4850 28.85 84.21 0.00 -20.3693 3.8383 3.8383
4875 28.11 84.61 0.00 -17.7839 3.0997 3.0997
4900 27.63 84.89 0.00 -15.1868 0.2089 0.2089
4925 27.63 84.89 0.00 -15.1868 0.2089 0.2089
4950 27.04 85.15 0.00 -14.3127 1.4361 1.4361
4975 26.56 85.31 0.00 -10.3617 1.1557 1.1557
5000 26.56 85.31 0.00 -10.3617 1.1557 1.1557
5025 26.12 85.53 0.00 -12.9962 1.4632 1.4632
5050 25.44 85.84 0.00 -19.2169 4.7013 4.7013
5075 24.73 86.44 0.00 -15.8745 2.9099 2.9099
5100 24.73 86.44 0.00 -15.8745 2.9099 2.9099
5125 24.05 87.20 0.00 -19.2267 3.3953 3.3953
5150 23.19 87.65 0.00 -21.8928 7.5272 7.5272
5175 23.19 87.65 0.00 -21.8928 7.5272 7.5272
5200 22.32 87.87 0.00 -22.3498 6.1969 6.1969
5225 21.29 88.08 0.00 -27.0879 8.8420 8.8420
5250 20.34 88.57 0.00 -19.7085 10.5420 10.5420
5275 20.34 88.57 0.00 -19.7085 10.5420 10.5420
5300 19.90 89.04 0.00 -6.9578 2.2090 2.2090
5325 19.83 89.36 0.00 1.4049 -2.0720 -2.0720
5350 19.83 89.36 0.00 1.4049 -2.0720 -2.0720
5375 20.02 89.64 0.00 5.6644 -5.9573 -5.9573
5400 20.09 89.81 0.00 -0.5305 -2.2056 -2.2056
5425 20.09 89.81 0.00 -0.5305 -2.2056 -2.2056
5450 20.17 89.81 0.00 4.9928 -1.9235 -1.9235
5475 20.51 89.74 0.00 10.3578 -4.6365 -4.6365
5500 20.51 89.74 0.00 10.3578 -4.6365 -4.6365
5525 20.87 89.61 0.00 7.1168 -1.9163 -1.9163
5550 21.08 89.59 0.00 5.0713 -0.2608 -0.2608
5575 21.08 89.59 0.00 5.0713 -0.2608 -0.2608
5600 21.21 89.56 0.00 1.1737 -2.1658 -2.1658
5625 21.16 89.35 0.00 -1.3328 -0.3832 -0.3832
5650 21.16 89.35 0.00 -1.3328 -0.3832 -0.3832
5675 21.25 89.11 0.00 3.3274 -3.0197 -3.0197
5700 21.25 88.97 0.00 -1.7866 -1.8552 -1.8552
5725 21.04 88.85 0.00 -5.8145 0.2964 0.2964
5750 21.04 88.85 0.00 -5.8145 0.2964 0.2964
5775 20.91 88.86 0.00 -1.9617 -4.2209 -4.2209
5800 20.66 88.88 0.00 -9.3082 -1.1673 -1.1673
5825 20.66 88.88 0.00 -9.3082 -1.1673 -1.1673
5850 20.28 88.63 0.00 -7.0842 2.1837 2.1837
5875 20.30 88.34 0.00 3.8217 -5.0227 -5.0227
5900 20.42 88.09 0.00 1.6183 -0.6140 -0.6140
5925 20.42 88.09 0.00 1.6183 -0.6140 -0.6140
5950 20.53 87.87 0.00 5.0687 0.1100 0.1100
5975 20.83 87.51 0.00 8.1948 -4.4097 -4.4097
6000 21.10 86.93 0.00 6.0875 -3.4037 -3.4037
6025 21.10 86.93 0.00 6.0875 -3.4037 -3.4037
6050 21.40 86.26 0.00 8.9023 -5.3229 -5.3229
6075 21.87 85.67 0.00 13.3114 -7.7036 -7.7036
6100 21.87 85.67 0.00 13.3114 -7.7036 -7.7036
6125 22.38 84.92 0.00 12.6667 -4.2423 -4.2423
6150 23.13 83.91 0.00 23.8796 -7.1191 -7.1191
6175 23.13 83.91 0.00 23.8796 -7.1191 -7.1191
6200 24.27 82.93 0.00 29.7884 -10.1210 -10.1210
6225 25.29 82.10 0.00 21.7456 -5.2130 -5.2130
6250 25.29 82.10 0.00 21.7456 -5.2130 -5.2130
6275 26.01 81.32 0.00 17.4043 -2.9140 -2.9140
6300 26.75 80.48 0.00 18.9774 -6.0359 -6.0359
6325 27.41 79.54 0.00 13.9794 -6.5628 -6.5628
6350 27.41 79.54 0.00 13.9794 -6.5628 -6.5628
6375 27.78 78.57 0.00 7.4174 -3.8133 -3.8133
6400 28.05 77.62 0.00 7.3341 -5.1682 -5.1682
6425 28.05 77.62 0.00 7.3341 -5.1682 -5.1682
6450 28.34 77.26 0.00 10.4356 -5.2342 -5.2342
6475 28.71 76.75 0.00 7.7381 -4.7258 -4.7258
6500 28.71 76.75 0.00 7.7381 -4.7258 -4.7258
6525 28.91 76.02 0.00 4.5501 -3.3417 -3.3417
6550 29.15 75.21 0.00 7.4430 -5.6979 -5.6979
6575 29.15 75.21 0.00 7.4430 -5.6979 -5.6979
6600 29.62 74.72 0.00 12.6937 -4.3870 -4.3870
6625 30.02 74.02 0.00 9.2831 -5.4407 -5.4407
6650 30.36 73.30 0.00 8.3666 -2.2843 -2.2843
6675 30.36 73.30 0.00 8.3666 -2.2843 -2.2843
6700 30.74 72.35 0.00 10.8361 -7.2356 -7.2356
6725 31.27 71.96 0.00 13.8315 -4.6942 -4.6942
6750 31.27 71.96 0.00 13.8315 -4.6942 -4.6942
6775 31.97 71.36 0.00 21.4330 -8.7359 -8.7359
6800 32.92 69.98 0.00 23.6174 -10.5516 -10.5516
6825 32.92 69.98 0.00 23.6174 -10.5516 -10.5516
6850 33.75 68.66 0.00 17.7753 -5.1007 -5.1007
6875 34.20 67.55 0.00 7.4786 3.9549 3.9549
6900 34.41 66.57 0.00 4.7679 -1.1479 -1.1479
6925 34.41 66.57 0.00 4.7679 -1.1479 -1.1479
6950 34.73 65.47 0.00 9.6860 -2.1776 -2.1776
6975 35.14 64.24 0.00 10.2471 -3.4735 -3.4735
7000 35.14 64.24 0.00 10.2471 -3.4735 -3.4735
7025 35.50 63.11 0.00 7.4351 -3.2517 -3.2517
7050 35.73 62.01 0.00 5.1547 -2.1604 -2.1604
7075 35.73 62.01 0.00 5.1547 -2.1604 -2.1604
7100 35.93 60.97 0.00 5.4011 -3.2556 -3.2556
7125 36.16 60.09 0.00 6.1033 -4.3456 -4.3456
7150 36.44 59.47 0.00 7.4256 -3.7965 -3.7965
7175 36.44 59.47 0.00 7.4256 -3.7965 -3.7965
7200 36.73 59.17 0.00 6.8523 -1.7450 -1.7450
7225 36.91 58.84 0.00 2.0130 2.3172 2.3172
7250 36.91 58.84 0.00 2.0130 2.3172 2.3172
7275 36.85 58.54 0.00 -3.0446 3.6526 3.6526
7300 36.66 58.55 0.00 -5.2931 7.2237 7.2237
7325 36.66 58.55 0.00 -5.2931 7.2237 7.2237
7350 36.59 58.43 0.00 0.1283 1.8013 1.8013
7375 36.64 58.15 0.00 1.1261 -1.1599 -1.1599
7400 36.55 58.08 0.00 -4.6818 2.9464 2.9464
7425 36.55 58.08 0.00 -4.6818 2.9464 2.9464
7450 36.32 58.36 0.00 -5.8100 3.0586 3.0586
7475 36.11 58.31 0.00 -5.1131 2.8639 2.8639
7500 36.11 58.31 0.00 -5.1131 2.8639 2.8639
7525 35.95 58.18 0.00 -3.8234 1.6489 1.6489
7550 35.77 58.20 0.00 -5.3543 2.0325 2.0325
7575 35.77 58.20 0.00 -5.3543 2.0325 2.0325
7600 35.52 58.20 0.00 -6.3606 1.7903 1.7903
7625 35.38 57.88 0.00 -1.2798 0.7357 0.7357
7650 35.38 57.88 0.00 -1.2798 0.7357 0.7357
7675 35.41 57.88 0.00 1.5023 0.0477 0.0477
7700 35.45 57.85 0.00 0.8343 1.4203 1.4203
7725 35.57 57.76 0.00 4.9163 0.5567 0.5567
7750 35.57 57.76 0.00 4.9163 0.5567 0.5567
7775 35.75 57.69 0.00 3.4860 -1.2050 -1.2050
7800 35.86 57.48 0.00 2.9687 -0.3317 -0.3317
7825 35.86 57.48 0.00 2.9687 -0.3317 -0.3317
7850 36.05 57.00 0.00 5.8531 -2.3994 -2.3994
7875 36.27 56.53 0.00 4.5468 -3.1490 -3.1490
7900 36.27 56.53 0.00 4.5468 -3.1490 -3.1490
7925 36.37 56.26 0.00 1.8734 -0.6817 -0.6817
7950 36.43 56.09 0.00 1.1404 0.2015 0.2015
7975 36.44 55.81 0.00 -0.4022 -0.8792 -0.8792
8000 36.44 55.81 0.00 -0.4022 -0.8792 -0.8792
8025 36.36 55.19 0.00 -2.9025 -2.9582 -2.9582
8050 36.25 54.53 0.00 -1.8231 -2.6596 -2.6596
8075 36.25 54.53 0.00 -1.8231 -2.6596 -2.6596
8100 36.30 53.88 0.00 3.3028 -2.6984 -2.6984
8125 36.50 53.23 0.00 5.9563 -1.4242 -1.4242
8150 36.75 52.47 0.00 5.9236 -1.2855 -1.2855
8175 36.75 52.47 0.00 5.9236 -1.2855 -1.2855
8200 36.98 51.78 0.00 5.6787 -2.1913 -2.1913
8225 37.10 51.34 0.00 0.8105 -0.6723 -0.6723
8250 37.10 51.34 0.00 0.8105 -0.6723 -0.6723
8275 36.99 50.92 0.00 -4.7449 -1.1012 -1.1012
8300 36.82 50.05 0.00 -3.5361 -4.0351 -4.0351
8325 36.78 48.96 0.00 1.6973 -6.1859 -6.1859
8350 36.78 48.96 0.00 1.6973 -6.1859 -6.1859
8375 36.94 48.02 0.00 4.7093 -6.1297 -6.1297
8400 36.94 48.02 0.00 4.7093 -6.1297 -6.1297
8425 37.17 47.45 0.00 6.8469 -0.1261 -0.1261
8450 37.46 46.80 0.00 6.0734 0.6146 0.6146
8475 37.62 45.53 0.00 2.4164 -2.2333 -2.2333
8500 37.62 45.53 0.00 2.4164 -2.2333 -2.2333
8525 37.60 44.24 0.00 -2.3756 -4.3161 -4.3161
8550 37.38 43.41 0.00 -7.0117 -4.3522 -4.3522
8575 37.38 43.41 0.00 -7.0117 -4.3522 -4.3522
8600 37.08 43.08 0.00 -7.8915 -3.0905 -3.0905
8625 36.78 42.68 0.00 -6.2259 -4.0489 -4.0489
8650 36.78 42.68 0.00 -6.2259 -4.0489 -4.0489
8675 36.57 42.07 0.00 -5.5389 -4.4562 -4.4562
8700 36.27 41.31 0.00 -8.3612 -1.6357 -1.6357
8725 35.96 40.61 0.00 -7.0779 0.0150 0.0150
8750 35.96 40.61 0.00 -7.0779 0.0150 0.0150
8775 35.68 40.05 0.00 -7.2846 -1.8109 -1.8109
8800 35.68 40.05 0.00 -7.2846 -1.8109 -1.8109
8825 35.34 39.55 0.00 -8.9026 -0.8536 -0.8536
8850 35.13 39.45 0.00 -5.8123 2.2623 2.2623
8875 35.00 39.10 0.00 -2.0657 0.4574 0.4574
8900 35.00 39.10 0.00 -2.0657 0.4574 0.4574
8925 34.97 38.26 0.00 -0.2923 -3.1280 -3.1280
8950 34.98 37.45 0.00 0.6705 -2.3962 -2.3962
8975 34.98 37.45 0.00 0.6705 -2.3962 -2.3962
9000 34.98 37.00 0.00 -0.4067 -1.5591 -1.5591
9025 34.89 36.94 0.00 -3.3066 -0.1145 -0.1145
9050 34.81 36.72 0.00 -1.5199 -0.8144 -0.8144
9075 34.81 36.72 0.00 -1.5199 -0.8144 -0.8144
9100 34.77 36.27 0.00 -0.1663 -3.2622 -3.2622
9125 34.79 35.94 0.00 0.6284 -0.9837 -0.9837
9150 34.79 35.94 0.00 0.6284 -0.9837 -0.9837
9175 34.84 35.64 0.00 1.5030 2.6057 2.6057
9200 34.95 35.24 0.00 3.4609 4.8189 4.8189
9225 35.09 34.82 0.00 3.1647 4.7732 4.7732
9250 35.09 34.82 0.00 3.1647 4.7732 4.7732
9275 35.16 34.65 0.00 1.6011 2.7908 2.7908
9300 35.16 34.80 0.00 -2.2688 0.0716 0.0716
9325 35.16 34.80 0.00 -2.2688 0.0716 0.0716
9350 34.95 34.66 0.00 -6.4061 -2.3838 -2.3838
9375 34.72 34.43 0.00 -4.8264 -1.9804 -1.9804
9400 34.72 34.43 0.00 -4.8264 -1.9804 -1.9804
9425 34.55 34.22 0.00 -4.1847 -0.5870 -0.5870
9450 34.38 33.78 0.00 -4.4536 0.4173 0.4173
9475 34.38 33.78 0.00 -4.4536 0.4173 0.4173
9500 34.20 33.06 0.00 -4.9911 3.4302 3.4302
9525 33.96 31.80 0.00 -6.2516 1.5696 1.5696
9550 33.71 30.42 0.00 -6.0046 0.9665 0.9665
9575 33.71 30.42 0.00 -6.0046 0.9665 0.9665
9600 33.50 29.30 0.00 -8.1815 -1.6242 -1.6242
9625 33.14 27.95 0.00 -9.2330 -3.0801 -3.0801
9650 33.14 27.95 0.00 -9.2330 -3.0801 -3.0801
9675 32.80 27.16 0.00 -6.5864 -4.5464 -4.5464
9700 32.74 26.80 0.00 0.8375 -0.1665 -0.1665
9725 32.74 26.80 0.00 0.8375 -0.1665 -0.1665
9750 32.87 26.25 0.00 5.1931 0.2785 0.2785
9775 33.12 25.85 0.00 5.8427 2.0550 2.0550
9800 33.12 25.85 0.00 5.8427 2.0550 2.0550
9825 33.27 25.82 0.00 2.0980 1.1595 1.1595
9850 33.18 25.67 0.00 -4.3048 2.6083 2.6083
9875 33.18 25.67 0.00 -4.3048 2.6083 2.6083
9900 32.98 25.72 0.00 -4.7546 -0.2780 -0.2780
9925 32.80 25.75 0.00 -4.3377 -3.0064 -3.0064
9950 32.60 25.78 0.00 -5.7120 -3.0919 -3.0919
9975 32.60 25.78 0.00 -5.7120 -3.0919 -3.0919
10000 32.31 25.74 0.00 -8.1508 -0.4340 -0.4340
10025 31.94 25.58 0.00 -9.8324 -1.1806 -1.1806
10050 31.94 25.58 0.00 -9.8324 -1.1806 -1.1806
10075 31.41 25.38 0.00 -15.5001 -3.0828 -3.0828
10100 30.87 25.15 0.00 -19.9579 -5.8947 -5.8947
10125 30.22 24.73 0.00 -21.1254 -5.5585 -5.5585
10150 30.22 24.73 0.00 -21.1254 -5.5585 -5.5585
10175 29.67 24.26 0.00 -16.2485 -2.6077 -2.6077
10200 29.15 23.56 0.00 -6.4024 0.6362 0.6362
10225 29.15 23.56 0.00 -6.4024 0.6362 0.6362
10250 29.07 23.04 0.00 0.5990 2.5482 2.5482
10275 29.15 22.48 0.00 1.9529 -0.2154 -0.2154
10300 29.15 22.48 0.00 1.9529 -0.2154 -0.2154
10325 29.15 21.45 0.00 -0.1727 -0.3859 -0.3859
10350 29.02 20.65 0.00 -5.2925 -2.0129 -2.0129
10375 29.02 20.65 0.00 -5.2925 -2.0129 -2.0129
10400 28.74 20.22 0.00 -6.8704 -0.2060 -0.2060
10425 28.49 19.75 0.00 -7.0593 0.2074 0.2074
10450 28.18 19.09 0.00 -6.8609 -1.4968 -1.4968
10475 28.18 19.09 0.00 -6.8609 -1.4968 -1.4968
10500 28.14 19.39 0.00 1.3955 6.6053 6.6053
10525 27.96 19.15 0.00 -8.0514 -6.4721 -6.4721
10550 27.96 19.15 0.00 -8.0514 -6.4721 -6.4721
10575 27.61 19.00 0.00 -10.5880 -7.4807 -7.4807
10600 27.04 19.10 0.00 -16.4692 -8.5891 -8.5891
10625 27.04 19.10 0.00 -16.4692 -8.5891 -8.5891
10650 26.38 18.98 0.00 -15.1839 -11.2821 -11.2821
10675 25.83 18.64 0.00 -14.6890 -10.5472 -10.5472
10700 25.47 18.66 0.00 -6.9762 -2.9614 -2.9614
10725 25.47 18.66 0.00 -6.9762 -2.9614 -2.9614
10750 25.29 18.71 0.00 -2.4164 0.8238 0.8238
10775 25.22 18.87 0.00 -0.6951 2.8298 2.8298
10800 25.22 18.87 0.00 -0.6951 2.8298 2.8298
10825 25.14 18.88 0.00 -3.8735 -0.3184 -0.3184
10850 24.75 18.62 0.00 -13.7549 -8.0719 -8.0719
10875 24.75 18.62 0.00 -13.7549 -8.0719 -8.0719
10900 24.10 17.93 0.00 -17.0987 -11.0140 -11.0140
10925 23.37 17.35 0.00 -18.4337 -10.5907 -10.5907
10950 23.37 17.35 0.00 -18.4337 -10.5907 -10.5907
10975 22.76 16.78 0.00 -13.8812 -5.0341 -5.0341
11000 22.31 16.33 0.00 -10.4906 -2.5064 -2.5064
11025 22.31 16.33 0.00 -10.4906 -2.5064 -2.5064
11050 21.97 16.34 0.00 -7.6986 2.5058 2.5058
11075 21.65 16.56 0.00 -7.5984 -0.6116 -0.6116
11100 21.31 16.75 0.00 -9.7498 0.4147 0.4147
11125 21.31 16.75 0.00 -9.7498 0.4147 0.4147
11150 20.87 16.87 0.00 -11.9984 -0.8219 -0.8219
11175 20.47 16.68 0.00 -12.9741 -6.4670 -6.4670
11200 20.47 16.68 0.00 -12.9741 -6.4670 -6.4670
11225 20.09 16.68 0.00 -7.1220 -7.5547 -7.5547
11250 19.90 16.31 0.00 -4.2098 -14.6010 -14.6010
11275 19.67 16.10 0.00 -6.8492 -6.8919 -6.8919
11300 19.67 16.10 0.00 -6.8492 -6.8919 -6.8919
11325 19.48 15.79 0.00 -2.7561 -5.2846 -5.2846
11350 19.48 15.79 0.00 -2.7561 -5.2846 -5.2846
11375 19.35 15.78 0.00 -6.2477 -4.3674 -4.3674
11400 19.04 15.33 0.00 -6.4702 -5.8747 -5.8747
11425 18.83 15.46 0.00 -6.3474 -2.1831 -2.1831
11450 18.83 15.46 0.00 -6.3474 -2.1831 -2.1831
11475 18.22 15.51 0.00 -22.1034 -4.6787 -4.6787
11500 17.06 14.89 0.00 -30.8685 -9.4101 -9.4101
11525 15.98 14.14 0.00 -24.8749 -11.8478 -11.8478
11550 15.98 14.14 0.00 -24.8749 -11.8478 -11.8478
11575 14.96 13.43 0.00 -24.7232 -13.6532 -13.6532
11600 14.00 12.78 0.00 -24.7724 -11.5038 -11.5038
11625 14.00 12.78 0.00 -24.7724 -11.5038 -11.5038
11650 12.81 12.18 0.00 -31.2922 -10.6542 -10.6542
11675 11.73 11.82 0.00 -24.3441 -8.1670 -8.1670
11700 11.73 11.82 0.00 -24.3441 -8.1670 -8.1670
11725 11.07 11.69 0.00 -11.3444 -7.7377 -7.7377
11750 10.89 11.61 0.00 -0.8112 0.8075 0.8075
11775 10.89 11.61 0.00 -0.8112 0.8075 0.8075
11800 11.05 11.82 0.00 6.8488 5.8885 5.8885
11825 11.13 11.70 0.00 -0.8046 -2.7548 -2.7548
11850 11.13 11.70 0.00 -0.8046 -2.7548 -2.7548
11875 11.19 11.57 0.00 3.2522 2.2999 2.2999
11900 11.49 11.60 0.00 10.9712 5.9318 5.9318
11925 11.91 11.75 0.00 8.5898 4.6032 4.6032
11950 11.91 11.75 0.00 8.5898 4.6032 4.6032
11975 12.11 11.72 0.00 5.2503 -0.4858 -0.4858
12000 12.19 11.87 0.00 -1.0134 -6.3234 -6.3234
12025 12.19 11.87 0.00 -1.0134 -6.3234 -6.3234
12050 12.17 11.55 0.00 1.0526 -6.7097 -6.7097
12075 12.35 11.44 0.00 6.1337 -1.0902 -1.0902
12100 12.57 11.70 0.00 4.3627 5.4277 5.4277
12125 12.57 11.70 0.00 4.3627 5.4277 5.4277
12150 12.83 11.63 0.00 11.4134 4.9233 4.9233
12175 13.58 12.03 0.00 22.7292 12.7063 12.7063
12200 13.58 12.03 0.00 22.7292 12.7063 12.7063
12225 13.58 12.03 0.00 22.7292 12.7063 12.7063
12250 14.21 12.73 0.00 12.7555 11.7025 11.7025
12275 14.51 13.19 0.00 3.9871 7.3343 7.3343
12300 14.61 13.44 0.00 1.3013 1.5484 1.5484
12325 14.61 13.49 0.00 -0.3368 -3.0923 -3.0923
12350 14.61 13.49 0.00 -0.3368 -3.0923 -3.0923
12375 14.65 13.62 0.00 1.4514 -2.9231 -2.9231
12400 14.78 14.06 0.00 4.8093 6.0800 6.0800
12425 14.78 14.06 0.00 4.8093 6.0800 6.0800
12450 15.10 14.39 0.00 11.2603 5.7665 5.7665
12475 15.53 14.81 0.00 8.6623 4.0421 4.0421
12500 15.68 15.25 0.00 1.7548 -1.5041 -1.5041
12525 15.68 15.25 0.00 1.7548 -1.5041 -1.5041
12550 15.82 16.13 0.00 5.5853 -0.9283 -0.9283
12575 16.04 17.27 0.00 7.5243 4.0163 4.0163
12600 16.04 17.27 0.00 7.5243 4.0163 4.0163
12625 16.33 18.64 0.00 7.8279 9.6218 9.6218
12650 16.33 18.64 0.00 7.8279 9.6218 9.6218
12675 17.59 20.98 0.00 18.0260 13.6349 13.6349
12700 17.59 20.98 0.00 18.0260 13.6349 13.6349
12725 18.22 21.34 0.00 16.0949 7.4455 7.4455
12750 18.91 21.95 0.00 17.7711 2.0667 2.0667
12775 18.91 21.95 0.00 17.7711 2.0667 2.0667
12800 19.60 22.43 0.00 16.0021 -1.4270 -1.4270
12825 20.23 23.09 0.00 16.1536 2.3802 2.3802
12850 20.23 23.09 0.00 16.1536 2.3802 2.3802
12875 20.95 24.01 0.00 19.9004 5.9242 5.9242
12900 21.97 24.89 0.00 29.0624 10.7596 10.7596
12925 23.26 25.68 0.00 34.2420 12.7270 12.7270
12950 23.26 25.68 0.00 34.2420 12.7270 12.7270
12975 24.75 26.50 0.00 39.4700 12.9792 12.9792
13000 26.45 27.17 0.00 44.6626 11.1850 11.1850
13025 26.45 27.17 0.00 44.6626 11.1850 11.1850
13050 28.25 27.82 0.00 44.1200 9.1668 9.1668
13075 29.93 28.65 0.00 39.6941 10.1354 10.1354
13100 31.38 29.58 0.00 33.4396 6.8294 6.8294
13125 31.38 29.58 0.00 33.4396 6.8294 6.8294
13150 32.60 30.46 0.00 29.7021 4.2686 4.2686
13175 32.60 30.46 0.00 29.7021 4.2686 4.2686
13200 33.75 31.28 0.00 27.3193 2.3393 2.3393
13225 34.77 31.91 0.00 24.4391 5.3432 5.3432
13250 35.63 32.40 0.00 19.1731 5.9778 5.9778
13275 35.63 32.40 0.00 19.1731 5.9778 5.9778
13300 36.20 32.89 0.00 10.5241 2.1809 2.1809
13325 36.37 33.27 0.00 1.3507 1.8387 1.8387
13350 36.37 33.27 0.00 1.3507 1.8387 1.8387
13375 36.27 33.58 0.00 -3.8771 0.3904 0.3904
13400 36.07 33.93 0.00 -5.7477 -1.1567 -1.1567
13425 36.07 33.93 0.00 -5.7477 -1.1567 -1.1567
13450 35.86 34.21 0.00 -7.9732 -2.3672 -2.3672
13475 35.47 34.46 0.00 -9.8529 -1.4532 -1.4532
13500 35.47 34.46 0.00 -9.8529 -1.4532 -1.4532
13525 35.07 35.15 0.00 -10.4198 -0.7395 -0.7395
13550 34.61 36.16 0.00 -13.6682 3.5345 3.5345
13575 33.96 36.52 0.00 -15.7871 -0.0520 -0.0520
13600 33.96 36.52 0.00 -15.7871 -0.0520 -0.0520
13625 33.48 37.01 0.00 -9.3834 -0.2029 -0.2029
13650 33.36 37.82 0.00 0.8644 -2.3895 -2.3895
13675 33.61 39.00 0.00 9.8707 -0.9993 -0.9993
13700 33.61 39.00 0.00 9.8707 -0.9993 -0.9993
13725 34.20 41.16 0.00 18.0789 0.4196 0.4196
13750 35.13 43.81 0.00 26.3909 0.1774 0.1774
13775 35.13 43.81 0.00 26.3909 0.1774 0.1774
13800 36.28 46.73 0.00 28.2885 3.6195 3.6195
13825 37.21 48.88 0.00 19.3963 6.4686 6.4686
13850 37.21 48.88 0.00 19.3963 6.4686 6.4686
13875 37.85 49.90 0.00 14.4135 6.9504 6.9504
13900 38.41 50.22 0.00 14.0240 0.4278 0.4278
13925 38.94 50.56 0.00 14.2809 -5.2142 -5.2142
13950 38.94 50.56 0.00 14.2809 -5.2142 -5.2142
13975 39.67 51.01 0.00 20.8993 -2.2876 -2.2876
14000 40.72 51.30 0.00 29.2082 -2.0429 -2.0429
14025 40.72 51.30 0.00 29.2082 -2.0429 -2.0429
14050 41.71 51.54 0.00 21.5220 1.4670 1.4670
14075 42.45 52.47 0.00 17.5689 5.2488 5.2488
14100 42.45 52.47 0.00 17.5689 5.2488 5.2488
14125 43.20 53.16 0.00 20.5153 3.7960 3.7960
14150 44.09 53.01 0.00 23.8702 -0.4105 -0.4105
14175 44.97 52.84 0.00 19.5786 1.7659 1.7659
14200 44.97 52.84 0.00 19.5786 1.7659 1.7659
14225 45.63 52.14 0.00 16.0934 1.8168 1.8168
14250 46.16 51.73 0.00 17.8657 3.0143 3.0143
14275 46.16 51.73 0.00 17.8657 3.0143 3.0143
14300 46.93 51.63 0.00 19.6874 1.3089 1.3089
14325 47.63 51.72 0.00 16.6184 1.7636 1.7636
14350 48.22 52.16 0.00 13.7689 3.0508 3.0508
14375 48.22 52.16 0.00 13.7689 3.0508 3.0508
14400 48.83 53.25 0.00 16.1949 3.1970 3.1970
14425 48.83 53.25 0.00 16.1949 3.1970 3.1970
14450 49.63 54.33 0.00 23.4205 1.2354 1.2354
14475 50.73 55.71 0.00 29.6928 1.6129 1.6129
14500 51.96 57.20 0.00 30.1122 1.1203 1.1203
14525 51.96 57.20 0.00 30.1122 1.1203 1.1203
14550 53.26 58.61 0.00 34.1305 5.5234 5.5234
14575 54.66 59.85 0.00 36.2580 6.9403 6.9403
14600 54.66 59.85 0.00 36.2580 6.9403 6.9403
14625 56.08 61.02 0.00 33.5116 3.2212 3.2212
14650 57.33 61.88 0.00 30.9411 -3.7725 -3.7725
14675 58.47 62.48 0.00 26.1034 -0.0941 -0.0941
14700 58.47 62.48 0.00 26.1034 -0.0941 -0.0941
14725 59.35 63.35 0.00 19.3972 1.1377 1.1377
14750 60.10 64.49 0.00 19.6489 1.6827 1.6827
14775 60.10 64.49 0.00 19.6489 1.6827 1.6827
14800 60.79 65.83 0.00 13.6106 2.5175 2.5175
14825 60.97 66.70 0.00 0.7297 0.6368 0.6368
14850 60.97 66.70 0.00 0.7297 0.6368 0.6368
14875 61.02 66.95 0.00 0.7981 2.7539 2.7539
14900 61.13 68.08 0.00 6.0415 0.6919 0.6919
14925 61.66 69.58 0.00 18.0159 -0.1389 -0.1389
14950 61.66 69.58 0.00 18.0159 -0.1389 -0.1389
14975 62.33 70.71 0.00 23.7932 -0.7667 -0.7667
15000 62.33 70.71 0.00 23.7932 -0.7667 -0.7667
15025 64.27 73.17 0.00 29.0962 2.1263 2.1263
15050 64.27 73.17 0.00 29.0962 2.1263 2.1263
15075 65.82 73.55 0.00 44.2427 -0.7398 -0.7398
15100 65.82 73.55 0.00 44.2427 -0.7398 -0.7398
15125 67.74 74.32 0.00 48.6893 -6.3373 -6.3373
15150 69.56 75.28 0.00 42.4912 -9.0109 -9.0109
15175 69.56 75.28 0.00 42.4912 -9.0109 -9.0109
15200 71.02 76.50 0.00 32.1623 -8.4678 -8.4678
15225 72.15 78.33 0.00 27.1965 -9.5049 -9.5049
15250 73.22 81.30 0.00 25.4683 -7.2755 -7.2755
15275 73.22 81.30 0.00 25.4683 -7.2755 -7.2755
15300 73.99 84.92 0.00 15.2957 -5.9258 -5.9258
15325 74.38 88.57 0.00 7.1651 -5.6405 -5.6405
15350 74.62 91.66 0.00 5.2212 -3.2161 -3.2161
15375 74.62 91.66 0.00 5.2212 -3.2161 -3.2161
15400 74.78 93.33 0.00 4.0911 1.9140 1.9140
15425 74.93 94.40 0.00 2.7911 7.4464 7.4464
15450 74.93 94.40 0.00 2.7911 7.4464 7.4464
15475 75.14 95.75 0.00 7.4724 6.7272 6.7272
15500 75.71 97.89 0.00 20.8034 -6.2343 -6.2343
15525 75.71 97.89 0.00 20.8034 -6.2343 -6.2343
15550 76.83 100.41 0.00 31.0491 -4.6659 -4.6659
15575 78.00 101.69 0.00 27.4039 -1.0698 -1.0698
15600 79.00 102.12 0.00 23.0957 0.8756 0.8756
15625 79.00 102.12 0.00 23.0957 0.8756 0.8756
15650 79.58 102.32 0.00 8.6102 0.4336 0.4336
15675 79.64 101.90 0.00 -2.1918 6.0977 6.0977
15700 79.64 101.90 0.00 -2.1918 6.0977 6.0977
15725 79.47 101.22 0.00 -4.1527 3.0026 3.0026
15750 79.47 101.22 0.00 -4.1527 3.0026 3.0026
15775 79.34 99.58 0.00 -2.4784 7.5023 7.5023
15800 79.30 98.04 0.00 -0.4372 5.4779 5.4779
15825 79.28 95.71 0.00 -1.8358 2.8820 2.8820
15850 79.28 95.71 0.00 -1.8358 2.8820 2.8820
15875 79.07 93.13 0.00 -8.4023 2.3956 2.3956
15900 78.54 91.23 0.00 -15.0023 -2.0684 -2.0684
15925 78.11 90.16 0.00 -6.8354 -2.0924 -2.0924
15950 78.11 90.16 0.00 -6.8354 -2.0924 -2.0924
15975 78.05 89.66 0.00 1.5575 0.1469 0.1469
16000 78.47 89.77 0.00 16.2349 -0.0060 -0.0060
16025 78.47 89.77 0.00 16.2349 -0.0060 -0.0060
16050 79.36 90.10 0.00 24.8635 -0.9415 -0.9415
16075 80.33 90.35 0.00 22.0101 1.3982 1.3982
16100 80.33 90.35 0.00 22.0101 1.3982 1.3982
16125 81.05 90.65 0.00 17.5757 2.3036 2.3036
16150 81.88 90.74 0.00 22.4177 -0.8224 -0.8224
16175 82.76 90.37 0.00 20.9681 -0.8002 -0.8002
16200 82.76 90.37 0.00 20.9681 -0.8002 -0.8002
16225 83.36 89.92 0.00 11.4066 -0.2364 -0.2364
16250 83.71 88.82 0.00 8.0692 4.2723 4.2723
16275 83.71 88.82 0.00 8.0692 4.2723 4.2723
16300 84.04 87.22 0.00 7.7240 3.7407 3.7407
16325 84.24 86.00 0.00 2.3953 3.4213 3.4213
16350 84.24 86.00 0.00 2.3953 3.4213 3.4213
16375 84.06 85.45 0.00 -8.3387 1.9212 1.9212
16400 83.67 84.76 0.00 -10.3294 3.1667 3.1667
16425 83.67 84.76 0.00 -10.3294 3.1667 3.1667
16450 83.27 83.77 0.00 -9.4068 1.3825 1.3825
16475 82.90 82.97 0.00 -8.5893 1.1839 1.1839
16500 82.76 82.65 0.00 -2.7975 1.2715 1.2715
16525 82.76 82.65 0.00 -2.7975 1.2715 1.2715
16550 82.86 82.49 0.00 5.5878 0.4739 0.4739
16575 82.86 82.49 0.00 5.5878 0.4739 0.4739
16600 83.21 81.95 0.00 10.8183 3.7779 3.7779
16625 83.73 81.20 0.00 13.5337 3.2441 3.2441
16650 84.28 80.69 0.00 13.3769 1.5879 1.5879
16675 84.28 80.69 0.00 13.3769 1.5879 1.5879
16700 84.69 80.43 0.00 7.6770 4.4351 4.4351
16725 84.84 80.17 0.00 1.7345 5.2586 5.2586
16750 84.84 80.17 0.00 1.7345 5.2586 5.2586
16775 84.88 79.64 0.00 0.5558 7.1945 7.1945
16800 84.84 79.02 0.00 -1.7997 6.3124 6.3124
16825 84.69 78.71 0.00 -5.3799 1.1102 1.1102
16850 84.69 78.71 0.00 -5.3799 1.1102 1.1102
16875 84.51 78.56 0.00 -2.2261 -1.2516 -1.2516
16900 84.51 78.22 0.00 0.5891 0.4561 0.4561
16925 84.51 78.22 0.00 0.5891 0.4561 0.4561
16950 84.45 77.85 0.00 -3.1732 3.5800 3.5800
16975 84.26 77.71 0.00 -5.6437 2.5449 2.5449
17000 84.00 77.79 0.00 -6.4481 0.9737 0.9737
17025 84.00 77.79 0.00 -6.4481 0.9737 0.9737
17050 83.73 77.64 0.00 -7.1161 1.2579 1.2579
17075 83.73 77.64 0.00 -7.1161 1.2579 1.2579
17100 83.40 77.34 0.00 -9.2174 0.4908 0.4908
17125 83.01 77.09 0.00 -10.1394 -0.1630 -0.1630
17150 82.49 76.44 0.00 -15.4134 6.0342 6.0342
17175 82.49 76.44 0.00 -15.4134 6.0342 6.0342
17200 81.82 75.54 0.00 -16.3041 5.7793 5.7793
17225 81.22 74.93 0.00 -13.8853 3.9180 3.9180
17250 80.86 74.41 0.00 -5.3414 3.1519 3.1519
17275 80.86 74.41 0.00 -5.3414 3.1519 3.1519
17300 80.99 74.08 0.00 7.5875 0.9933 0.9933
17325 81.41 73.80 0.00 11.5795 -0.0869 -0.0869
17350 81.41 73.80 0.00 11.5795 -0.0869 -0.0869
17375 81.74 73.39 0.00 9.9338 2.0084 2.0084
17400 81.88 72.40 0.00 -2.0415 6.2431 6.2431
17425 81.88 72.40 0.00 -2.0415 6.2431 6.2431
17450 81.51 71.65 0.00 -12.1775 3.0811 3.0811
17475 81.07 70.94 0.00 -7.7284 1.3456 1.3456
17500 81.05 70.30 0.00 2.9634 -0.2311 -0.2311
17525 81.05 70.30 0.00 2.9634 -0.2311 -0.2311
17550 81.24 69.54 0.00 4.8166 -1.0870 -1.0870
17575 81.36 68.88 0.00 1.3010 -1.0940 -1.0940
17600 81.36 68.88 0.00 1.3010 -1.0940 -1.0940
17625 81.24 67.79 0.00 -5.4457 2.8823 2.8823
17650 80.88 66.68 0.00 -11.0248 1.2615 1.2615
17675 80.88 66.68 0.00 -11.0248 1.2615 1.2615
17700 80.38 64.89 0.00 -11.8167 5.8024 5.8024
17725 80.00 62.90 0.00 -8.3573 7.8243 7.8243
17750 80.00 62.90 0.00 -8.3573 7.8243 7.8243
17775 79.66 61.51 0.00 -9.1964 4.4027 4.4027
17800 79.36 60.71 0.00 -5.2682 0.2053 0.2053
17825 79.36 60.71 0.00 -5.2682 0.2053 0.2053
17850 79.26 59.85 0.00 -1.7494 0.5381 0.5381
17875 79.17 59.00 0.00 -3.4558 3.1190 3.1190
17900 78.90 57.81 0.00 -8.8930 6.8844 6.8844
17925 78.90 57.81 0.00 -8.8930 6.8844 6.8844
17950 78.47 56.58 0.00 -11.6694 5.9689 5.9689
17975 77.96 55.53 0.00 -13.1749 2.5001 2.5001
18000 77.96 55.53 0.00 -13.1749 2.5001 2.5001
18025 77.45 54.58 0.00 -11.9474 0.4109 0.4109
18050 77.04 53.84 0.00 -9.0487 0.2321 0.2321
18075 77.04 53.84 0.00 -9.0487 0.2321 0.2321
18100 76.70 53.48 0.00 -7.9102 -0.1525 -0.1525
18125 76.42 53.18 0.00 -6.8407 0.0284 0.0284
18150 76.16 52.91 0.00 -6.2099 -0.4786 -0.4786
18175 76.16 52.91 0.00 -6.2099 -0.4786 -0.4786
18200 75.95 52.73 0.00 -7.4809 0.4569 0.4569
18225 75.56 52.25 0.00 -10.0335 2.9721 2.9721
18250 75.56 52.25 0.00 -10.0335 2.9721 2.9721
18275 75.17 51.78 0.00 -9.1984 3.9059 3.9059
18300 74.91 51.55 0.00 -4.8894 0.1980 0.1980
18325 74.84 51.46 0.00 -0.1410 -1.8653 -1.8653
18350 74.84 51.46 0.00 -0.1410 -1.8653 -1.8653
18375 74.90 51.43 0.00 2.3712 -0.6761 -0.6761
18400 74.90 51.43 0.00 2.3712 -0.6761 -0.6761
18425 75.01 51.32 0.00 2.6432 0.6145 0.6145
18450 75.19 50.97 0.00 6.1648 0.9464 0.9464
18475 75.47 50.62 0.00 6.7652 0.9006 0.9006
18500 75.47 50.62 0.00 6.7652 0.9006 0.9006
18525 75.62 50.31 0.00 1.6155 3.7189 3.7189
18550 75.60 49.98 0.00 -1.1309 5.0590 5.0590
18575 75.60 49.98 0.00 -1.1309 5.0590 5.0590
18600 75.58 49.73 0.00 -0.3039 2.9352 2.9352
18625 75.56 49.46 0.00 -0.8884 0.5879 0.5879
18650 75.47 49.00 0.00 -3.6004 -0.0416 -0.0416
18675 75.47 49.00 0.00 -3.6004 -0.0416 -0.0416
18700 75.23 48.61 0.00 -6.9185 -0.4847 -0.4847
18725 74.95 48.07 0.00 -7.0991 1.9188 1.9188
18750 74.95 48.07 0.00 -7.0991 1.9188 1.9188
18775 74.67 47.33 0.00 -6.4144 3.1489 3.1489
18800 74.40 46.76 0.00 -8.2369 2.0686 2.0686
18825 73.95 46.33 0.00 -12.5510 1.7942 1.7942
18850 73.95 46.33 0.00 -12.5510 1.7942 1.7942
18875 73.42 45.75 0.00 -13.8395 1.5176 1.5176
18900 72.85 44.76 0.00 -13.8705 2.6524 2.6524
18925 72.85 44.76 0.00 -13.8705 2.6524 2.6524
18950 72.35 43.50 0.00 -11.2805 1.9024 1.9024
18975 72.04 42.72 0.00 -10.6714 1.4190 1.4190
19000 72.04 42.72 0.00 -10.6714 1.4190 1.4190
19025 71.57 41.80 0.00 -12.7746 -0.9829 -0.9829
19050 71.02 41.09 0.00 -13.2331 -1.4004 -1.4004
19075 70.58 40.59 0.00 -9.4422 -0.7405 -0.7405
19100 70.58 40.59 0.00 -9.4422 -0.7405 -0.7405
19125 70.38 40.23 0.00 -2.0267 1.8188 1.8188
19150 70.44 39.73 0.00 2.5422 1.9770 1.9770
19175 70.44 39.73 0.00 2.5422 1.9770 1.9770
19200 70.55 39.26 0.00 2.3865 1.5760 1.5760
19225 70.58 39.00 0.00 -0.6566 1.2976 1.2976
19250 70.49 39.02 0.00 -3.1127 -0.4656 -0.4656
19275 70.49 39.02 0.00 -3.1127 -0.4656 -0.4656
19300 70.36 39.20 0.00 -3.1190 0.0211 0.0211
19325 70.20 39.46 0.00 -4.5254 -0.1166 -0.1166
19350 70.20 39.46 0.00 -4.5254 -0.1166 -0.1166
19375 70.04 39.63 0.00 -3.2200 0.1345 0.1345
19400 70.00 39.63 0.00 0.4906 -1.1142 -1.1142
19425 70.00 39.63 0.00 0.4906 -1.1142 -1.1142
19450 70.05 39.58 0.00 1.3769 0.0126 0.0126
19475 70.07 39.41 0.00 -0.5451 1.3317 1.3317
19500 70.07 39.41 0.00 -0.5451 1.3317 1.3317
19525 70.04 39.32 0.00 -0.6655 2.0177 2.0177
19550 70.02 39.13 0.00 -0.1552 0.9847 0.9847
19575 70.02 39.13 0.00 -0.1552 0.9847 0.9847
19600 69.98 38.84 0.00 -1.6426 -0.0851 -0.0851
19625 69.89 38.70 0.00 -2.9495 1.1441 1.1441
19650 69.71 38.83 0.00 -5.2048 0.9145 0.9145
19675 69.71 38.83 0.00 -5.2048 0.9145 0.9145
19700 69.44 38.95 0.00 -7.8651 0.1747 0.1747
19725 69.17 39.00 0.00 -9.7370 -1.9244 -1.9244
19750 69.17 39.00 0.00 -9.7370 -1.9244 -1.9244
19775 68.77 39.18 0.00 -9.4924 -1.6524 -1.6524
19800 68.41 39.58 0.00 -9.1418 -0.5209 -0.5209
19825 68.06 39.79 0.00 -8.0342 1.5614 1.5614
19850 68.06 39.79 0.00 -8.0342 1.5614 1.5614
19875 67.79 39.84 0.00 -5.4106 1.2790 1.2790
19900 67.63 39.92 0.00 -3.0456 0.1680 0.1680
19925 67.63 39.92 0.00 -3.0456 0.1680 0.1680
19950 67.54 40.05 0.00 -2.1254 -0.3826 -0.3826
19975 67.43 40.38 0.00 -3.6034 -0.3559 -0.3559
20000 67.43 40.38 0.00 -3.6034 -0.3559 -0.3559
20025 67.22 41.07 0.00 -7.1472 0.7753 0.7753
20050 66.84 41.88 0.00 -10.0286 1.0103 1.0103
20075 66.54 42.27 0.00 -5.1742 -0.7497 -0.7497
20100 66.54 42.27 0.00 -5.1742 -0.7497 -0.7497
20125 66.47 42.51 0.00 0.0167 -0.6009 -0.6009
20150 66.50 42.76 0.00 0.6010 0.6435 0.6435
20175 66.50 42.76 0.00 0.6010 0.6435 0.6435
20200 66.47 43.02 0.00 -1.7926 0.9429 0.9429
20225 66.27 43.27 0.00 -7.3581 0.0097 0.0097
20250 66.27 43.27 0.00 -7.3581 0.0097 0.0097
20275 65.75 43.85 0.00 -17.0273 -0.8361 -0.8361
20300 64.80 45.17 0.00 -27.7333 1.7190 1.7190
20325 64.80 45.17 0.00 -27.7333 1.7190 1.7190
20350 63.56 46.69 0.00 -31.0733 7.3135 7.3135
20375 62.37 47.98 0.00 -29.4097 3.1334 3.1334
20400 61.20 49.20 0.00 -29.2211 -1.8651 -1.8651
20425 61.20 49.20 0.00 -29.2211 -1.8651 -1.8651
20450 60.12 50.50 0.00 -24.4894 -1.6365 -1.6365
20475 60.12 50.50 0.00 -24.4894 -1.6365 -1.6365
20500 59.12 51.76 0.00 -9.4683 0.0145 0.0145
20525 59.12 51.76 0.00 -9.4683 0.0145 0.0145
20550 58.66 52.61 0.00 -14.4282 -2.6845 -2.6845
20575 57.85 54.25 0.00 -23.2719 1.7831 1.7831
20600 57.85 54.25 0.00 -23.2719 1.7831 1.7831
20625 56.85 55.79 0.00 -26.1240 5.8157 5.8157
20650 55.84 56.88 0.00 -24.7255 4.5567 4.5567
20675 55.84 56.88 0.00 -24.7255 4.5567 4.5567
20700 54.94 57.42 0.00 -21.8318 -1.8267 -1.8267
20725 53.89 58.14 0.00 -29.6705 -3.8861 -3.8861
20750 52.44 59.33 0.00 -39.5950 -4.9091 -4.9091
20775 52.44 59.33 0.00 -39.5950 -4.9091 -4.9091
20800 50.77 61.09 0.00 -42.3327 -3.2377 -3.2377
20825 49.01 63.41 0.00 -45.3682 2.0425 2.0425
20850 49.01 63.41 0.00 -45.3682 2.0425 2.0425
20875 47.10 65.60 0.00 -47.5188 7.8345 7.8345
20900 45.39 67.35 0.00 -39.8835 7.3825 7.3825
20925 45.39 67.35 0.00 -39.8835 7.3825 7.3825
20950 43.94 68.73 0.00 -33.5093 4.1033 4.1033
20975 42.81 69.64 0.00 -23.2676 1.5104 1.5104
21000 42.13 70.05 0.00 -13.8645 -3.1462 -3.1462
21025 42.13 70.05 0.00 -13.8645 -3.1462 -3.1462
21050 41.71 70.29 0.00 -9.8196 -4.5201 -4.5201
21075 41.25 70.84 0.00 -12.5059 -2.4777 -2.4777
21100 41.25 70.84 0.00 -12.5059 -2.4777 -2.4777
21125 40.81 71.88 0.00 -8.4527 -0.6706 -0.6706
21150 40.55 72.84 0.00 -7.9995 -0.1470 -0.1470
21175 40.55 72.84 0.00 -7.9995 -0.1470 -0.1470
21200 39.88 73.43 0.00 -22.5696 4.3370 4.3370
21225 38.92 73.87 0.00 -22.3530 1.7291 1.7291
21250 38.92 73.87 0.00 -22.3530 1.7291 1.7291
21275 38.31 74.17 0.00 -11.5921 -4.1246 -4.1246
21300 37.99 74.16 0.00 -11.1128 -2.3660 -2.3660
21325 37.99 74.16 0.00 -11.1128 -2.3660 -2.3660
21350 37.60 74.09 0.00 -8.2975 0.0728 0.0728
21375 37.08 74.21 0.00 -18.3290 -0.0453 -0.0453
21400 35.95 74.36 0.00 -33.6012 5.5573 5.5573
21425 35.95 74.36 0.00 -33.6012 5.5573 5.5573
21450 34.48 74.64 0.00 -38.9310 5.2622 5.2622
21475 32.67 74.82 0.00 -48.0062 5.3752 5.3752
21500 30.71 74.85 0.00 -50.4093 7.9690 7.9690
21525 30.71 74.85 0.00 -50.4093 7.9690 7.9690
21550 28.71 74.91 0.00 -49.7914 8.8989 8.8989
21575 26.73 75.04 0.00 -49.2394 10.9684 10.9684
21600 26.73 75.04 0.00 -49.2394 10.9684 10.9684
21625 24.81 75.25 0.00 -46.1320 11.7025 11.7025
21650 23.30 75.80 0.00 -30.8184 9.2237 9.2237
21675 22.57 76.46 0.00 -9.8504 0.3626 0.3626
21700 22.57 76.46 0.00 -9.8504 0.3626 0.3626
21725 22.53 77.00 0.00 4.2231 -3.1152 -3.1152
21750 22.53 77.00 0.00 4.2231 -3.1152 -3.1152
21775 22.94 77.54 0.00 12.7062 -6.0717 -6.0717
21800 23.24 77.99 0.00 3.8107 -4.2409 -4.2409
21825 23.28 78.16 0.00 1.1878 -0.6786 -0.6786
21850 23.28 78.16 0.00 1.1878 -0.6786 -0.6786
21875 23.43 78.27 0.00 4.0944 -2.4369 -2.4369
21900 23.39 78.44 0.00 -3.5999 2.3049 2.3049
21925 23.39 78.44 0.00 -3.5999 2.3049 2.3049
21950 23.24 78.78 0.00 -2.9143 1.1006 1.1006
21975 23.21 79.19 0.00 -0.8549 -1.5352 -1.5352
22000 23.21 79.19 0.00 -0.8549 -1.5352 -1.5352
22025 23.11 79.22 0.00 -2.6937 -1.2783 -1.2783
22050 23.11 78.97 0.00 1.8700 -1.0587 -1.0587
22075 23.15 78.84 0.00 0.1851 -0.3918 -0.3918
22100 23.15 78.84 0.00 0.1851 -0.3918 -0.3918
22125 22.96 78.83 0.00 -6.9819 3.3851 3.3851
22150 22.74 78.92 0.00 -3.8217 0.3849 0.3849
22175 22.74 78.92 0.00 -3.8217 0.3849 0.3849
22200 22.57 79.13 0.00 -5.7980 0.1465 0.1465
22225 22.21 79.43 0.00 -11.0105 2.5435 2.5435
22250 22.21 79.43 0.00 -11.0105 2.5435 2.5435
22275 21.72 80.18 0.00 -12.0779 2.6704 2.6704
22300 21.25 81.02 0.00 -11.7865 1.2596 1.2596
22325 21.25 81.02 0.00 -11.7865 1.2596 1.2596
22350 20.87 81.48 0.00 -7.4188 -0.1032 -0.1032
22375 20.72 81.83 0.00 -1.7659 -1.5746 -1.5746
22400 20.72 81.83 0.00 -1.7659 -1.5746 -1.5746
22425 20.63 82.45 0.00 -3.4125 -0.4128 -0.4128
22450 20.38 83.80 0.00 -7.9310 5.2875 5.2875
22475 20.15 85.63 0.00 -3.0949 2.6767 2.6767
22500 20.15 85.63 0.00 -3.0949 2.6767 2.6767
22525 20.15 86.61 0.00 1.8410 -1.7622 -1.7622
22550 20.26 86.93 0.00 2.6323 -1.9749 -1.9749
22575 20.26 86.93 0.00 2.6323 -1.9749 -1.9749
22600 20.32 87.34 0.00 1.0701 0.3315 0.3315
22625 20.26 87.59 0.00 -3.5687 0.8436 0.8436
22650 20.11 87.80 0.00 -3.6646 -0.2783 -0.2783
22675 20.11 87.80 0.00 -3.6646 -0.2783 -0.2783
22700 19.83 88.12 0.00 -11.2543 2.1384 2.1384
22725 19.22 88.66 0.00 -14.4723 5.2917 5.2917
22750 19.22 88.66 0.00 -14.4723 5.2917 5.2917
22775 18.83 89.05 0.00 -8.1025 2.4662 2.4662
22800 18.49 88.86 0.00 -9.4458 2.0646 2.0646
22825 18.07 88.62 0.00 -17.5759 6.2029 6.2029
22850 18.07 88.62 0.00 -17.5759 6.2029 6.2029
22875 17.06 88.37 0.00 -28.7342 10.0570 10.0570
22900 15.72 88.21 0.00 -33.5987 13.8662 13.8662
22925 15.72 88.21 0.00 -33.5987 13.8662 13.8662
22950 14.73 88.06 0.00 -17.2584 7.3291 7.3291
22975 14.55 88.00 0.00 4.8005 -4.0781 -4.0781
23000 14.55 88.00 0.00 4.8005 -4.0781 -4.0781
23025 14.90 87.87 0.00 11.4279 -6.3712 -6.3712
23050 15.41 87.47 0.00 13.6440 -9.4554 -9.4554
23075 15.84 86.84 0.00 7.8655 -8.3663 -8.3663
23100 15.84 86.84 0.00 7.8655 -8.3663 -8.3663
23125 15.98 86.29 0.00 1.7774 -1.8149 -1.8149
23150 16.05 86.01 0.00 1.5005 -1.5658 -1.5658
23175 16.05 86.01 0.00 1.5005 -1.5658 -1.5658
23200 16.07 85.93 0.00 0.4252 -1.8357 -1.8357
23225 16.13 85.81 0.00 2.1253 -3.8148 -3.8148
23250 16.31 85.46 0.00 5.4910 -5.0236 -5.0236
23275 16.31 85.46 0.00 5.4910 -5.0236 -5.0236
23300 16.44 84.96 0.00 1.9071 -3.3168 -3.3168
23325 16.50 84.41 0.00 0.8681 -1.7283 -1.7283
23350 16.50 84.41 0.00 0.8681 -1.7283 -1.7283
23375 16.48 84.04 0.00 -1.4794 -2.0315 -2.0315
23400 16.35 83.94 0.00 -5.3798 0.1789 0.1789
23425 16.35 83.94 0.00 -5.3798 0.1789 0.1789
23450 16.11 83.94 0.00 -5.1232 0.5647 0.5647
23475 16.07 83.84 0.00 1.5644 -2.9791 -2.9791
23500 16.07 83.84 0.00 1.5644 -2.9791 -2.9791
23525 16.15 83.62 0.00 1.7266 -3.6842 -3.6842
23550 16.33 83.26 0.00 6.5219 -3.3650 -3.3650
23575 16.33 83.26 0.00 6.5219 -3.3650 -3.3650
23600 16.72 82.65 0.00 11.0589 -7.5108 -7.5108
23625 17.14 81.77 0.00 10.8843 -7.4630 -7.4630
23650 17.68 80.97 0.00 16.2896 -9.6647 -9.6647
23675 17.68 80.97 0.00 16.2896 -9.6647 -9.6647
23700 18.37 80.54 0.00 25.1904 -12.3561 -12.3561
23725 19.35 79.97 0.00 23.7165 -9.0163 -9.0163
23750 19.35 79.97 0.00 23.7165 -9.0163 -9.0163
23775 20.40 79.25 0.00 28.4576 -7.7444 -7.7444
23800 21.61 78.51 0.00 29.0139 -10.7556 -10.7556
23825 22.57 77.67 0.00 21.3632 -6.4046 -6.4046
23850 22.57 77.67 0.00 21.3632 -6.4046 -6.4046
23875 23.41 76.81 0.00 21.8665 -5.3220 -5.3220
23900 24.27 76.09 0.00 19.9876 -6.8596 -6.8596
23925 24.27 76.09 0.00 19.9876 -6.8596 -6.8596
23950 25.03 75.41 0.00 19.2361 -4.7335 -4.7335
23975 25.88 74.94 0.00 21.7755 -4.7110 -4.7110
24000 25.88 74.94 0.00 21.7755 -4.7110 -4.7110
24025 26.66 74.75 0.00 17.9266 -3.9465 -3.9465
24050 27.43 74.57 0.00 21.5309 -1.8343 -1.8343
24075 28.36 74.29 0.00 23.5063 -3.0126 -3.0126
24100 28.36 74.29 0.00 23.5063 -3.0126 -3.0126
24125 29.24 74.02 0.00 20.9779 -2.2702 -2.2702
24150 30.05 73.82 0.00 20.0818 -2.3812 -2.3812
24175 30.05 73.82 0.00 20.0818 -2.3812 -2.3812
24200 30.91 73.63 0.00 22.7803 -5.0964 -5.0964
24225 31.79 73.50 0.00 21.1521 -6.1305 -6.1305
24250 31.79 73.50 0.00 21.1521 -6.1305 -6.1305
24275 32.60 73.40 0.00 20.3725 -3.1306 -3.1306
24300 33.52 73.35 0.00 24.4812 -3.8198 -3.8198
24325 34.52 73.22 0.00 24.8788 -4.2360 -4.2360
24350 34.52 73.22 0.00 24.8788 -4.2360 -4.2360
24375 35.57 72.98 0.00 27.6407 -3.7394 -3.7394
24400 35.57 72.98 0.00 27.6407 -3.7394 -3.7394
24425 36.73 72.80 0.00 29.5149 -3.8081 -3.8081
24450 37.60 72.67 0.00 28.6389 -3.7010 -3.7010
24475 37.60 72.67 0.00 28.6389 -3.7010 -3.7010
24500 38.66 72.53 0.00 25.6007 -2.9599 -2.9599
24525 39.74 72.23 0.00 28.3768 -4.4683 -4.4683
24550 40.92 71.72 0.00 29.3537 -6.3339 -6.3339
24575 40.92 71.72 0.00 29.3537 -6.3339 -6.3339
24600 42.08 71.06 0.00 29.1124 -5.0539 -5.0539
24625 43.27 70.45 0.00 30.3017 -5.3641 -5.3641
24650 44.55 69.82 0.00 33.8224 -8.1408 -8.1408
24675 44.55 69.82 0.00 33.8224 -8.1408 -8.1408
24700 46.07 68.97 0.00 40.8718 -10.3723 -10.3723
24725 47.85 68.05 0.00 46.1245 -9.0590 -9.0590
24750 47.85 68.05 0.00 46.1245 -9.0590 -9.0590
24775 49.65 67.15 0.00 43.9504 -7.3809 -7.3809
24800 51.40 66.29 0.00 44.0408 -6.0581 -6.0581
24825 53.11 65.45 0.00 41.2054 -6.8327 -6.8327
24850 53.11 65.45 0.00 41.2054 -6.8327 -6.8327
24875 54.56 64.71 0.00 32.9346 -6.1180 -6.1180
24900 55.71 64.17 0.00 26.4718 -3.7079 -3.7079
24925 55.71 64.17 0.00 26.4718 -3.7079 -3.7079
24950 56.73 63.76 0.00 24.6389 -3.9058 -3.9058
24975 57.62 63.65 0.00 20.8993 -5.0445 -5.0445
25000 57.62 63.65 0.00 20.8993 -5.0445 -5.0445
25025 58.33 63.57 0.00 16.1093 -1.2830 -1.2830
25050 58.89 63.41 0.00 13.1373 0.5001 0.5001
25075 59.38 63.31 0.00 11.0836 0.0445 0.0445
25100 59.38 63.31 0.00 11.0836 0.0445 0.0445
25125 59.72 63.40 0.00 6.6281 -0.3038 -0.3038
25150 59.91 63.52 0.00 4.2800 2.1914 2.1914
25175 59.91 63.52 0.00 4.2800 2.1914 2.1914
25200 60.10 63.56 0.00 5.4518 2.5166 2.5166
25225 60.30 63.65 0.00 7.4773 1.2659 1.2659
25250 60.30 63.65 0.00 7.4773 1.2659 1.2659
25275 60.65 63.76 0.00 9.0514 -0.6831 -0.6831
25300 61.00 63.70 0.00 8.2236 -1.7957 -1.7957
25325 61.00 63.70 0.00 8.2236 -1.7957 -1.7957
25350 61.27 63.71 0.00 5.5943 -1.0478 -1.0478
25375 61.50 63.65 0.00 5.8379 -0.0630 -0.0630
25400 61.89 63.52 0.00 14.1729 -1.2946 -1.2946
25425 61.89 63.52 0.00 14.1729 -1.2946 -1.2946
25450 62.69 63.26 0.00 23.4304 -3.4334 -3.4334
25475 63.77 62.94 0.00 28.6386 -7.2415 -7.2415
25500 63.77 62.94 0.00 28.6386 -7.2415 -7.2415
25525 64.87 62.61 0.00 26.1715 -7.0387 -7.0387
25550 65.78 62.25 0.00 20.5131 -2.4522 -2.4522
25575 66.43 61.84 0.00 13.0249 -1.3256 -1.3256
25600 66.43 61.84 0.00 13.0249 -1.3256 -1.3256
25625 66.79 61.53 0.00 6.2550 0.2325 0.2325
25650 66.90 61.33 0.00 0.3328 1.7190 1.7190
25675 66.90 61.33 0.00 0.3328 1.7190 1.7190
25700 66.88 61.03 0.00 -0.6022 2.5238 2.5238
25725 66.91 60.68 0.00 2.0288 0.1002 0.1002
25750 66.91 60.68 0.00 2.0288 0.1002 0.1002
25775 67.00 60.38 0.00 1.9930 -0.0286 -0.0286
25800 67.00 60.22 0.00 -1.3149 1.2095 1.2095
25825 66.93 60.16 0.00 -2.0966 2.2072 2.2072
25850 66.93 60.16 0.00 -2.0966 2.2072 2.2072
25875 66.88 60.02 0.00 -0.5902 2.3388 2.3388
25900 66.88 60.02 0.00 -0.5902 2.3388 2.3388
25925 66.86 59.83 0.00 -0.3208 1.9971 1.9971
25950 66.88 59.69 0.00 1.4705 0.0739 0.0739
25975 66.88 59.69 0.00 1.4705 0.0739 0.0739
26000 67.06 59.40 0.00 5.9403 -0.7839 -0.7839
26025 67.27 59.19 0.00 7.6645 -1.2318 -1.2318
26050 67.60 58.91 0.00 8.4632 -0.7321 -0.7321
26075 67.60 58.91 0.00 8.4632 -0.7321 -0.7321
26100 67.92 58.68 0.00 7.8434 -1.2762 -1.2762
26125 68.14 58.60 0.00 2.9141 -0.1313 -0.1313
26150 68.16 58.59 0.00 -0.7166 2.4597 2.4597
26175 68.16 58.59 0.00 -0.7166 2.4597 2.4597
26200 68.14 58.50 0.00 0.3272 2.9514 2.9514
26225 68.14 58.50 0.00 0.3272 2.9514 2.9514
26250 68.28 58.36 0.00 5.8498 1.3795 1.3795
26275 68.62 58.09 0.00 10.5309 0.6465 0.6465
26300 69.09 57.82 0.00 11.5790 -1.2701 -1.2701
26325 69.09 57.82 0.00 11.5790 -1.2701 -1.2701
26350 69.47 57.75 0.00 7.2006 -3.0449 -3.0449
26375 69.58 57.93 0.00 0.0602 -0.9419 -0.9419
26400 69.58 57.93 0.00 0.0602 -0.9419 -0.9419
26425 69.46 58.14 0.00 -4.2264 2.5208 2.5208
26450 69.33 58.18 0.00 -2.0832 2.0666 2.0666
26475 69.37 58.11 0.00 3.1044 0.3897 0.3897
26500 69.37 58.11 0.00 3.1044 0.3897 0.3897
26525 69.67 58.03 0.00 11.1012 0.1700 0.1700
26550 70.33 57.93 0.00 18.8883 1.6563 1.6563
26575 71.07 57.85 0.00 17.5789 3.1762 3.1762
26600 71.07 57.85 0.00 17.5789 3.1762 3.1762
26625 71.57 57.98 0.00 8.1935 3.6839 3.6839
26650 71.75 58.14 0.00 3.3679 2.6400 2.6400
26675 71.75 58.14 0.00 3.3679 2.6400 2.6400
26700 71.88 58.14 0.00 4.3704 0.3247 0.3247
26725 72.24 57.98 0.00 11.7907 1.4256 1.4256
26750 72.24 57.98 0.00 11.7907 1.4256 1.4256
26775 72.81 57.76 0.00 15.8107 1.8550 1.8550
26800 73.31 57.58 0.00 15.9218 0.3951 0.3951
26825 73.31 57.58 0.00 15.9218 0.3951 0.3951
26850 73.84 57.33 0.00 11.2371 -0.0118 -0.0118
26875 74.04 57.11 0.00 0.6453 0.2592 0.2592
26900 74.04 57.11 0.00 0.6453 0.2592 0.2592
26925 73.86 56.82 0.00 -6.4965 1.2635 1.2635
26950 73.58 56.63 0.00 -6.3305 0.0898 0.0898
26975 73.44 56.25 0.00 -1.7731 -0.7374 -0.7374
27000 73.44 56.25 0.00 -1.7731 -0.7374 -0.7374
27025 73.49 55.59 0.00 2.3153 1.8835 1.8835
27050 73.60 54.94 0.00 3.1425 2.0945 2.0945
27075 73.66 54.63 0.00 -0.6974 -0.0498 -0.0498
27100 73.66 54.63 0.00 -0.6974 -0.0498 -0.0498
27125 73.47 54.29 0.00 -6.3338 -1.0144 -1.0144
27150 73.14 53.81 0.00 -9.8525 -0.1977 -0.1977
27175 73.14 53.81 0.00 -9.8525 -0.1977 -0.1977
27200 72.72 53.33 0.00 -10.0432 -0.2942 -0.2942
27225 72.43 52.98 0.00 -4.9309 1.5861 1.5861
27250 72.43 52.64 0.00 3.0873 0.6743 0.6743
27275 72.43 52.64 0.00 3.0873 0.6743 0.6743
27300 72.70 52.04 0.00 8.3485 2.4364 2.4364
27325 72.70 52.04 0.00 8.3485 2.4364 2.4364
27350 72.98 51.46 0.00 5.6820 2.6593 2.6593
27375 73.07 51.21 0.00 -0.3796 1.4691 1.4691
27400 72.94 51.39 0.00 -4.5926 -0.3668 -0.3668
27425 72.94 51.39 0.00 -4.5926 -0.3668 -0.3668
27450 72.72 51.55 0.00 -5.2570 0.3150 0.3150
27475 72.61 51.32 0.00 -1.5810 1.2835 1.2835
27500 72.61 51.32 0.00 -1.5810 1.2835 1.2835
27525 72.61 51.00 0.00 0.4641 1.8117 1.8117
27550 72.61 50.91 0.00 -0.1778 1.1203 1.1203
27575 72.59 50.94 0.00 -1.2769 0.2871 0.2871
27600 72.59 50.94 0.00 -1.2769 0.2871 0.2871
27625 72.50 50.98 0.00 -2.5646 0.6338 0.6338
27650 72.37 51.04 0.00 -3.1579 1.4267 1.4267
27675 72.37 51.04 0.00 -3.1579 1.4267 1.4267
27700 72.22 51.15 0.00 -4.3204 1.4648 1.4648
27725 72.04 51.24 0.00 -5.0171 2.5517 2.5517
27750 71.80 51.08 0.00 -6.0972 4.9649 4.9649
27775 71.80 51.08 0.00 -6.0972 4.9649 4.9649
27800 71.51 50.66 0.00 -8.8655 4.0594 4.0594
27825 71.04 50.07 0.00 -13.2278 3.8117 3.8117
27850 71.04 50.07 0.00 -13.2278 3.8117 3.8117
27875 70.42 49.44 0.00 -17.2042 5.2668 5.2668
27900 69.71 48.75 0.00 -17.3383 5.7013 5.7013
27925 69.71 48.75 0.00 -17.3383 5.7013 5.7013
27950 69.06 47.99 0.00 -14.4531 2.8036 2.8036
27975 68.59 47.30 0.00 -10.6399 1.5295 1.5295
28000 68.59 47.30 0.00 -10.6399 1.5295 1.5295
28025 68.17 46.46 0.00 -10.4327 1.2850 1.2850
28050 67.74 45.30 0.00 -11.0631 3.7361 3.7361
28075 67.31 44.03 0.00 -10.4668 3.1105 3.1105
28100 67.31 44.03 0.00 -10.4668 3.1105 3.1105
28125 66.95 42.84 0.00 -8.0205 1.2772 1.2772
28150 66.68 42.03 0.00 -6.3113 -1.2732 -1.2732
28175 66.68 42.03 0.00 -6.3113 -1.2732 -1.2732
28200 66.45 41.56 0.00 -4.6644 -2.3988 -2.3988
28225 66.32 41.15 0.00 -2.6026 -2.2270 -2.2270
28250 66.32 41.15 0.00 -2.6026 -2.2270 -2.2270
28275 66.23 40.57 0.00 -2.1252 -1.8020 -1.8020
28300 66.11 39.87 0.00 -4.1963 -1.1988 -1.1988
28325 66.11 39.87 0.00 -4.1963 -1.1988 -1.1988
28350 65.89 39.09 0.00 -6.3744 -0.5598 -0.5598
28375 65.68 38.60 0.00 -7.1137 -0.6012 -0.6012
28400 65.37 38.04 0.00 -6.9559 -0.7962 -0.7962
28425 65.37 38.04 0.00 -6.9559 -0.7962 -0.7962
28450 65.19 37.53 0.00 -3.0213 -0.5108 -0.5108
28475 65.16 37.37 0.00 0.4780 -1.5927 -1.5927
28500 65.16 37.37 0.00 0.4780 -1.5927 -1.5927
28525 65.18 37.39 0.00 -0.4294 0.9168 0.9168
28550 65.11 37.11 0.00 -2.9568 0.6469 0.6469
28575 65.11 37.11 0.00 -2.9568 0.6469 0.6469
28600 64.91 36.71 0.00 -6.4457 0.2034 0.2034
28625 64.46 36.17 0.00 -13.7772 -0.2558 -0.2558
28650 63.79 35.67 0.00 -18.5096 0.6747 0.6747
28675 63.79 35.67 0.00 -18.5096 0.6747 0.6747
28700 63.04 35.34 0.00 -17.9773 0.1861 0.1861
28725 62.47 34.97 0.00 -11.5421 1.4689 1.4689
28750 62.47 34.97 0.00 -11.5421 1.4689 1.4689
28775 62.15 34.53 0.00 -5.8785 0.2138 0.2138
28800 61.94 34.30 0.00 -5.4277 -0.2588 -0.2588
28825 61.61 34.12 0.00 -11.1999 0.7870 0.7870
28850 61.61 34.12 0.00 -11.1999 0.7870 0.7870
28875 61.00 33.80 0.00 -16.8367 1.9966 1.9966
28900 60.25 33.39 0.00 -19.8483 0.0443 0.0443
28925 60.25 33.39 0.00 -19.8483 0.0443 0.0443
28950 59.47 33.00 0.00 -17.9948 -2.9710 -2.9710
28975 58.91 32.88 0.00 -11.9237 -3.0279 -3.0279
29000 58.91 32.88 0.00 -11.9237 -3.0279 -3.0279
29025 58.56 32.89 0.00 -7.5052 -0.9610 -0.9610
29050 58.33 32.82 0.00 -4.9426 0.1466 0.1466
29075 58.33 32.82 0.00 -4.9426 0.1466 0.1466
29100 58.13 32.66 0.00 -4.7880 0.6786 0.6786
29125 57.89 32.53 0.00 -7.3328 -0.2426 -0.2426
29150 57.89 32.53 0.00 -7.3328 -0.2426 -0.2426
29175 57.62 32.48 0.00 -10.1056 -0.1019 -0.1019
29200 57.10 32.38 0.00 -14.7053 0.5179 0.5179
29225 56.45 32.26 0.00 -16.3306 1.3283 1.3283
29250 56.45 32.26 0.00 -16.3306 1.3283 1.3283
29275 55.87 32.10 0.00 -12.9572 0.8035 0.8035
29300 55.43 31.92 0.00 -10.2580 -1.8040 -1.8040
29325 55.10 31.73 0.00 -6.8343 -0.3270 -0.3270
29350 55.10 31.73 0.00 -6.8343 -0.3270 -0.3270
29375 54.89 31.68 0.00 -4.4278 0.2398 0.2398
29400 54.70 31.59 0.00 -4.4821 -0.0468 -0.0468
29425 54.70 31.59 0.00 -4.4821 -0.0468 -0.0468
29450 54.52 31.37 0.00 -4.3675 -0.5916 -0.5916
29475 54.31 31.07 0.00 -6.2728 1.1161 1.1161
29500 54.31 31.07 0.00 -6.2728 1.1161 1.1161
29525 53.95 30.64 0.00 -11.6869 1.7169 1.7169
29550 53.42 30.15 0.00 -13.2161 3.8357 3.8357
29575 53.42 30.15 0.00 -13.2161 3.8357 3.8357
29600 52.97 29.78 0.00 -9.6776 1.6347 1.6347
29625 52.69 29.59 0.00 -5.2686 1.0773 1.0773
29650 52.58 29.55 0.00 -1.0516 2.2068 2.2068
29675 52.58 29.55 0.00 -1.0516 2.2068 2.2068
29700 52.65 29.48 0.00 3.0530 1.7573 1.7573
29725 52.81 29.38 0.00 4.2200 0.5853 0.5853
29750 52.81 29.38 0.00 4.2200 0.5853 0.5853
29775 52.88 29.30 0.00 -0.1991 0.5395 0.5395
29800 52.81 29.17 0.00 -2.1872 0.8940 0.8940
29825 52.69 28.98 0.00 -3.2200 0.2052 0.2052
29850 52.69 28.98 0.00 -3.2200 0.2052 0.2052
29875 52.60 28.76 0.00 -1.5780 -0.1947 -0.1947
29900 52.50 28.77 0.00 -3.1036 -0.2416 -0.2416
29925 52.50 28.77 0.00 -3.1036 -0.2416 -0.2416
29950 52.39 29.10 0.00 -3.7384 0.3660 0.3660
29975 52.23 29.61 0.00 -3.4114 0.8902 0.8902
30000 52.20 29.90 0.00 0.6677 -1.1851 -1.1851
30025 52.20 29.90 0.00 0.6677 -1.1851 -1.1851
30050 52.25 29.86 0.00 0.6484 0.0213 0.0213
30075 52.25 29.58 0.00 -0.9136 -3.1313 -3.1313
30100 52.25 29.58 0.00 -0.9136 -3.1313 -3.1313
30125 52.09 29.60 0.00 -5.7125 0.2540 0.2540
30150 51.75 30.01 0.00 -11.4113 2.3376 2.3376
30175 51.75 30.01 0.00 -11.4113 2.3376 2.3376
30200 51.19 30.71 0.00 -15.2860 2.2362 2.2362
30225 50.56 31.32 0.00 -15.3819 2.4169 2.4169
30250 50.56 31.32 0.00 -15.3819 2.4169 2.4169
30275 49.95 31.75 0.00 -14.6116 -2.3294 -2.3294
30300 49.48 32.31 0.00 -10.6232 -3.8277 -3.8277
30325 49.48 32.31 0.00 -10.6232 -3.8277 -3.8277
30350 49.04 33.02 0.00 -11.6464 -2.4482 -2.4482
30375 48.50 33.52 0.00 -14.5082 0.6561 0.6561
30400 47.75 33.81 0.00 -21.5581 -0.4526 -0.4526
30425 47.75 33.81 0.00 -21.5581 -0.4526 -0.4526
30450 46.77 34.10 0.00 -25.8159 -1.9882 -1.9882
30475 45.76 34.65 0.00 -23.9224 -2.1602 -2.1602
30500 45.76 34.65 0.00 -23.9224 -2.1602 -2.1602
30525 45.00 35.29 0.00 -15.2893 -0.6567 -0.6567
30550 44.65 35.78 0.00 -5.6670 -1.2367 -1.2367
30575 44.58 36.06 0.00 -0.0448 -0.4914 -0.4914
30600 44.58 36.06 0.00 -0.0448 -0.4914 -0.4914
30625 44.71 36.28 0.00 4.0400 0.6782 0.6782
30650 44.90 36.45 0.00 4.9997 0.9128 0.9128
30675 44.90 36.45 0.00 4.9997 0.9128 0.9128
30700 45.13 36.63 0.00 6.4926 1.6026 1.6026
30725 45.42 36.75 0.00 8.1735 1.0737 1.0737
30750 45.42 36.75 0.00 8.1735 1.0737 1.0737
30775 45.77 36.79 0.00 9.4040 0.3317 0.3317
30800 46.11 36.81 0.00 6.8271 0.2388 0.2388
30825 46.11 36.81 0.00 6.8271 0.2388 0.2388
30850 46.33 36.83 0.00 5.1665 2.1396 2.1396
30875 46.56 36.83 0.00 6.5138 1.6867 1.6867
30900 46.84 36.69 0.00 7.2308 -1.3594 -1.3594
30925 46.84 36.69 0.00 7.2308 -1.3594 -1.3594
30950 47.10 36.52 0.00 5.6042 0.0669 0.0669
30975 47.26 36.51 0.00 3.0503 1.3901 1.3901
31000 47.26 36.51 0.00 3.0503 1.3901 1.3901
31025 47.35 36.80 0.00 1.5908 0.3506 0.3506
31050 47.42 37.29 0.00 2.0633 1.6506 1.6506
31075 47.54 37.75 0.00 3.3566 0.9603 0.9603
31100 47.54 37.75 0.00 3.3566 0.9603 0.9603
31125 47.70 38.26 0.00 4.3059 -0.5129 -0.5129
31150 47.84 38.99 0.00 2.5286 -1.4237 -1.4237
31175 47.84 38.99 0.00 2.5286 -1.4237 -1.4237
31200 47.91 39.97 0.00 1.4919 1.5156 1.5156
31225 48.04 40.91 0.00 4.8811 3.0841 3.0841
31250 48.04 40.91 0.00 4.8811 3.0841 3.0841
31275 48.34 41.59 0.00 8.8273 2.2294 2.2294
31300 48.71 42.17 0.00 9.1261 1.5692 1.5692
31325 48.71 42.17 0.00 9.1261 1.5692 1.5692
31350 49.02 42.92 0.00 6.8350 -0.2953 -0.2953
31375 49.23 44.01 0.00 3.7476 -1.2277 -1.2277
31400 49.23 44.01 0.00 3.7476 -1.2277 -1.2277
31425 49.30 45.07 0.00 0.9378 0.4052 0.4052
31450 49.35 45.87 0.00 2.3943 1.6631 1.6631
31475 49.48 46.34 0.00 5.0237 1.6254 1.6254
31500 49.48 46.34 0.00 5.0237 1.6254 1.6254
31525 49.72 46.89 0.00 6.0680 1.0644 1.0644
31550 49.90 47.37 0.00 2.9006 0.5821 0.5821
31575 49.90 47.37 0.00 2.9006 0.5821 0.5821
31600 49.97 47.76 0.00 1.6827 0.9475 0.9475
31625 50.05 48.08 0.00 2.7704 -0.2105 -0.2105
31650 50.19 48.31 0.00 3.9628 -0.9015 -0.9015
31675 50.19 48.31 0.00 3.9628 -0.9015 -0.9015
31700 50.31 48.48 0.00 2.0379 -0.2375 -0.2375
31725 50.37 48.59 0.00 0.8194 1.8101 1.8101
31750 50.37 48.54 0.00 0.0072 -0.9429 -0.9429
31775 50.37 48.54 0.00 0.0072 -0.9429 -0.9429
31800 50.37 48.45 0.00 0.0590 -1.2909 -1.2909
31825 50.37 48.45 0.00 0.0590 -1.2909 -1.2909
31850 50.37 48.40 0.00 0.0120 -1.2799 -1.2799
31875 50.40 48.48 0.00 1.0980 -1.8805 -1.8805
31900 50.47 48.64 0.00 2.4556 -2.0138 -2.0138
31925 50.47 48.64 0.00 2.4556 -2.0138 -2.0138
