%#        Time[ms]        X[pixel],        Y[pixel],        Z[pixel],  dX/dt[pixel/s],  dY/dt[pixel/s],  dZ/dt[pixel/s] 
0 50.00 50.00 0.00 -1.6136 -1.9647 -1.9647
25 49.97 50.17 0.00 0.2143 -1.1993 -1.1993
50 49.97 50.17 0.00 0.2143 -1.1993 -1.1993
75 50.00 50.35 0.00 0.8760 -1.0645 -1.0645
100 50.00 50.49 0.00 -0.9306 -1.8700 -1.8700
125 50.00 50.49 0.00 -0.9306 -1.8700 -1.8700
150 49.93 50.61 0.00 -1.7562 0.5508 0.5508
175 49.91 50.79 0.00 0.2304 -0.3738 -0.3738
200 49.91 50.79 0.00 0.2304 -0.3738 -0.3738
225 49.97 50.96 0.00 1.8218 -0.3094 -0.3094
250 50.00 51.12 0.00 0.5533 0.3125 0.3125
275 50.02 51.19 0.00 0.1075 0.6147 0.6147
300 50.02 51.19 0.00 0.1075 0.6147 0.6147
325 50.02 51.26 0.00 -0.1648 -0.5704 -0.5704
350 49.98 51.27 0.00 -1.1666 -0.4379 -0.4379
375 49.90 51.24 0.00 -2.2490 -0.7029 -0.7029
400 49.90 51.24 0.00 -2.2490 -0.7029 -0.7029
425 49.83 51.22 0.00 -1.3141 -0.0292 -0.0292
450 49.79 51.27 0.00 -0.7179 -0.0140 -0.0140
475 49.79 51.27 0.00 -0.7179 -0.0140 -0.0140
500 49.79 51.33 0.00 0.6491 1.0653 1.0653
525 49.86 51.40 0.00 2.6466 1.1336 1.1336
550 49.86 51.40 0.00 2.6466 1.1336 1.1336
575 49.98 51.34 0.00 2.8367 0.4602 0.4602
600 50.05 51.29 0.00 0.8430 -0.6765 -0.6765
625 50.05 51.29 0.00 0.8430 -0.6765 -0.6765
650 50.10 51.20 0.00 1.8822 0.0190 0.0190
675 50.30 50.82 0.00 7.8417 -0.8984 -0.8984
700 50.30 50.82 0.00 7.8417 -0.8984 -0.8984
725 50.77 50.12 0.00 13.1576 -2.5022 -2.5022
750 51.22 49.49 0.00 9.4199 -2.8078 -2.8078
775 51.40 49.27 0.00 0.7309 -1.3873 -1.3873
800 51.40 49.27 0.00 0.7309 -1.3873 -1.3873
825 51.29 49.35 0.00 -3.9482 0.0758 0.0758
850 51.19 49.69 0.00 -1.3012 -1.3103 -1.3103
875 51.19 49.69 0.00 -1.3012 -1.3103 -1.3103
900 51.24 50.05 0.00 3.0447 -4.0827 -4.0827
925 51.36 50.05 0.00 3.1437 -3.6491 -3.6491
950 51.50 49.84 0.00 2.9768 -1.7320 -1.7320
975 51.50 49.84 0.00 2.9768 -1.7320 -1.7320
1000 51.59 49.67 0.00 1.6426 0.7090 0.7090
1025 51.62 49.65 0.00 0.8099 1.0673 1.0673
1050 51.62 49.65 0.00 0.8099 1.0673 1.0673
1075 51.71 49.65 0.00 3.4335 0.3250 0.3250
1100 51.94 49.62 0.00 6.9880 -0.4587 -0.4587
1125 51.94 49.62 0.00 6.9880 -0.4587 -0.4587
1150 52.20 49.44 0.00 9.9038 -0.6827 -0.6827
1175 52.64 49.16 0.00 11.0062 -1.4967 -1.4967
1200 52.64 49.16 0.00 11.0062 -1.4967 -1.4967
1225 53.04 48.98 0.00 8.6105 -0.9961 -0.9961
1250 53.25 48.95 0.00 3.7912 -0.3621 -0.3621
1275 53.25 48.95 0.00 3.7912 -0.3621 -0.3621
1300 53.32 48.95 0.00 0.2794 0.3998 0.3998
1325 53.30 49.05 0.00 -0.3091 -0.3634 -0.3634
1350 53.35 49.07 0.00 3.0288 -0.8377 -0.8377
1375 53.35 49.07 0.00 3.0288 -0.8377 -0.8377
1400 53.60 48.95 0.00 8.1544 -1.6286 -1.6286
1425 54.00 48.76 0.00 10.1956 -2.4874 -2.4874
1450 54.00 48.76 0.00 10.1956 -2.4874 -2.4874
1475 54.38 48.53 0.00 8.6803 -3.3249 -3.3249
1500 54.65 48.21 0.00 5.9123 -2.3330 -2.3330
1525 54.84 47.91 0.00 4.1442 -1.4287 -1.4287
1550 54.84 47.91 0.00 4.1442 -1.4287 -1.4287
1575 55.03 47.55 0.00 4.8905 -1.0512 -1.0512
1600 55.22 47.28 0.00 5.5772 -1.6752 -1.6752
1625 55.22 47.28 0.00 5.5772 -1.6752 -1.6752
1650 55.49 47.11 0.00 6.6372 -1.1147 -1.1147
1675 55.78 46.86 0.00 8.2287 -1.7509 -1.7509
1700 55.78 46.86 0.00 8.2287 -1.7509 -1.7509
1725 56.12 46.56 0.00 8.4709 -2.2056 -2.2056
1750 56.41 46.33 0.00 6.0882 -2.0965 -2.0965
1775 56.41 46.33 0.00 6.0882 -2.0965 -2.0965
1800 56.59 46.14 0.00 4.0159 -0.2231 -0.2231
1825 56.76 46.01 0.00 4.8456 -0.2037 -0.2037
1850 57.17 45.85 0.00 13.6921 1.1941 1.1941
1875 57.17 45.85 0.00 13.6921 1.1941 1.1941
1900 57.68 45.71 0.00 19.3460 0.9845 0.9845
1925 58.66 45.37 0.00 26.9385 -1.0226 -1.0226
1950 59.75 45.01 0.00 26.1694 -0.8875 -0.8875
1975 59.75 45.01 0.00 26.1694 -0.8875 -0.8875
2000 60.60 44.67 0.00 17.8393 -0.4924 -0.4924
2025 61.13 44.31 0.00 10.5036 0.3899 0.3899
2050 61.13 44.31 0.00 10.5036 0.3899 0.3899
2075 61.43 43.95 0.00 6.5373 0.3133 0.3133
2100 61.68 43.63 0.00 6.1668 -0.2723 -0.2723
2125 61.68 43.63 0.00 6.1668 -0.2723 -0.2723
2150 62.01 43.29 0.00 9.9269 -1.4426 -1.4426
2175 62.54 43.03 0.00 15.6940 -2.4276 -2.4276
2200 62.54 43.03 0.00 15.6940 -2.4276 -2.4276
2225 63.22 42.90 0.00 16.7459 -2.9421 -2.9421
2250 63.75 42.79 0.00 10.3568 -2.0112 -2.0112
2275 63.75 42.79 0.00 10.3568 -2.0112 -2.0112
2300 64.02 42.69 0.00 4.8751 0.1591 0.1591
2325 64.14 42.55 0.00 2.6798 0.1599 0.1599
2350 64.30 42.44 0.00 5.6543 0.1187 0.1187
2375 64.30 42.44 0.00 5.6543 0.1187 0.1187
2400 64.78 42.31 0.00 16.3108 1.0043 1.0043
2425 65.64 42.17 0.00 23.4452 -1.3719 -1.3719
2450 65.64 42.17 0.00 23.4452 -1.3719 -1.3719
2475 66.54 42.06 0.00 21.0294 -2.3952 -2.3952
2500 67.15 41.96 0.00 10.6160 -0.4856 -0.4856
2525 67.29 41.94 0.00 -0.4289 -1.7077 -1.7077
2550 67.29 41.94 0.00 -0.4289 -1.7077 -1.7077
2575 67.18 41.93 0.00 -3.1141 -0.4228 -0.4228
2600 67.11 41.79 0.00 -0.6785 -0.1921 -0.1921
2625 67.11 41.79 0.00 -0.6785 -0.1921 -0.1921
2650 67.17 41.64 0.00 2.0744 0.5310 0.5310
2675 67.24 41.50 0.00 2.4149 -0.9565 -0.9565
2700 67.33 41.24 0.00 2.7034 -0.1149 -0.1149
2725 67.33 41.24 0.00 2.7034 -0.1149 -0.1149
2750 67.43 41.01 0.00 2.4427 0.3208 0.3208
2775 67.54 40.86 0.00 2.5122 0.5656 0.5656
2800 67.54 40.86 0.00 2.5122 0.5656 0.5656
2825 67.60 40.79 0.00 0.6481 0.4487 0.4487
2850 67.60 40.75 0.00 0.0349 0.8322 0.8322
2875 67.60 40.75 0.00 0.0349 0.8322 0.8322
2900 67.70 40.61 0.00 4.9686 -0.2020 -0.2020
2925 68.05 40.35 0.00 10.4987 -1.2784 -1.2784
2950 68.48 40.07 0.00 10.4015 -2.5069 -2.5069
2975 68.48 40.07 0.00 10.4015 -2.5069 -2.5069
3000 68.82 39.90 0.00 7.2023 -2.7068 -2.7068
3025 69.17 39.78 0.00 9.6662 -2.6213 -2.6213
3050 69.17 39.78 0.00 9.6662 -2.6213 -2.6213
3075 69.58 39.64 0.00 10.8982 -2.7772 -2.7772
3100 69.98 39.52 0.00 8.7351 -1.6444 -1.6444
3125 70.29 39.41 0.00 7.6951 -0.7014 -0.7014
3150 70.29 39.41 0.00 7.6951 -0.7014 -0.7014
3175 70.62 39.25 0.00 8.7233 -1.6941 -1.6941
3200 70.62 39.25 0.00 8.7233 -1.6941 -1.6941
3225 70.95 39.05 0.00 7.1730 -1.9355 -1.9355
3250 71.11 38.91 0.00 1.9283 -0.2294 -0.2294
3275 71.13 38.93 0.00 0.6263 1.2494 1.2494
3300 71.13 38.93 0.00 0.6263 1.2494 1.2494
3325 71.26 38.95 0.00 5.3155 -0.6335 -0.6335
3350 71.60 38.88 0.00 10.4128 -1.0562 -1.0562
3375 71.60 38.88 0.00 10.4128 -1.0562 -1.0562
3400 72.08 38.81 0.00 11.7715 -1.2745 -1.2745
3425 72.41 38.75 0.00 6.1395 -1.9652 -1.9652
3450 72.41 38.75 0.00 6.1395 -1.9652 -1.9652
3475 72.46 38.78 0.00 -0.1703 -0.2162 -0.2162
3500 72.35 38.86 0.00 -3.0354 0.4555 0.4555
3525 72.24 38.97 0.00 -2.6710 0.5134 0.5134
3550 72.24 38.97 0.00 -2.6710 0.5134 0.5134
3575 72.11 39.10 0.00 -3.8135 -0.3407 -0.3407
3600 72.00 39.09 0.00 -1.7618 0.6079 0.6079
3625 72.00 39.09 0.00 -1.7618 0.6079 0.6079
3650 71.97 39.09 0.00 -0.5796 0.7923 0.7923
3675 71.91 39.16 0.00 -2.3537 1.1135 1.1135
3700 71.77 39.22 0.00 -3.7765 0.6629 0.6629
3725 71.77 39.22 0.00 -3.7765 0.6629 0.6629
3750 71.64 39.30 0.00 -3.0435 1.3394 1.3394
3775 71.51 39.50 0.00 -3.2693 2.3876 2.3876
3800 71.51 39.50 0.00 -3.2693 2.3876 2.3876
3825 71.40 39.65 0.00 -2.1022 0.4788 0.4788
3850 71.29 39.71 0.00 -3.5482 -1.3224 -1.3224
3875 71.07 39.69 0.00 -6.7839 -1.3170 -1.3170
3900 71.07 39.69 0.00 -6.7839 -1.3170 -1.3170
3925 70.73 39.76 0.00 -9.8475 2.0175 2.0175
3950 70.73 39.76 0.00 -9.8475 2.0175 2.0175
3975 70.33 39.95 0.00 -9.6154 3.6638 3.6638
4000 70.02 40.01 0.00 -6.5791 1.0767 1.0767
4025 69.85 40.05 0.00 -2.2992 -0.5978 -0.5978
4050 69.85 40.05 0.00 -2.2992 -0.5978 -0.5978
4075 69.82 40.00 0.00 -0.9000 -0.9684 -0.9684
4100 69.78 39.93 0.00 -1.4538 -0.3688 -0.3688
4125 69.78 39.93 0.00 -1.4538 -0.3688 -0.3688
4150 69.71 39.75 0.00 -1.3356 -0.4200 -0.4200
4175 69.69 39.46 0.00 -0.4134 0.2875 0.2875
4200 69.66 39.13 0.00 -1.5671 -0.0930 -0.0930
4225 69.66 39.13 0.00 -1.5671 -0.0930 -0.0930
4250 69.53 38.88 0.00 -3.7689 -1.1974 -1.1974
4275 69.40 38.71 0.00 -2.8290 0.5174 0.5174
4300 69.37 38.33 0.00 -0.0545 0.0663 0.0663
4325 69.37 38.33 0.00 -0.0545 0.0663 0.0663
4350 69.37 37.71 0.00 -0.3163 0.5345 0.5345
4375 69.37 37.71 0.00 -0.3163 0.5345 0.5345
4400 69.26 37.20 0.00 -4.5742 0.3170 0.3170
4425 69.00 36.79 0.00 -6.5598 0.3263 0.3263
4450 69.00 36.79 0.00 -6.5598 0.3263 0.3263
4475 68.75 36.42 0.00 -6.2945 -1.5356 -1.5356
4500 68.52 36.10 0.00 -5.2947 -0.8999 -0.8999
4525 68.30 35.86 0.00 -6.3926 -0.7906 -0.7906
4550 68.30 35.86 0.00 -6.3926 -0.7906 -0.7906
4575 68.03 35.80 0.00 -6.6456 -0.3161 -0.3161
4600 67.81 35.70 0.00 -4.6716 -0.5673 -0.5673
4625 67.81 35.70 0.00 -4.6716 -0.5673 -0.5673
4650 67.58 35.50 0.00 -7.3279 0.3144 0.3144
4675 67.18 35.35 0.00 -11.1792 1.8392 1.8392
4700 67.18 35.35 0.00 -11.1792 1.8392 1.8392
4725 66.68 35.16 0.00 -13.3139 1.0694 1.0694
4750 66.12 34.96 0.00 -14.3730 -0.0386 -0.0386
4775 65.61 34.81 0.00 -11.4309 -1.1931 -1.1931
4800 65.61 34.81 0.00 -11.4309 -1.1931 -1.1931
4825 65.27 34.80 0.00 -6.8977 -1.3476 -1.3476
4850 65.05 34.92 0.00 -3.8833 -1.2713 -1.2713
4875 65.05 34.92 0.00 -3.8833 -1.2713 -1.2713
4900 64.98 34.97 0.00 -0.5043 -0.6917 -0.6917
4925 65.02 34.96 0.00 2.1946 -0.9210 -0.9210
4950 65.02 34.96 0.00 2.1946 -0.9210 -0.9210
4975 65.16 34.97 0.00 2.3079 0.2699 0.2699
5000 65.21 34.99 0.00 1.9263 1.4636 1.4636
5025 65.30 34.91 0.00 2.5632 0.8416 0.8416
5050 65.30 34.91 0.00 2.5632 0.8416 0.8416
5075 65.41 34.91 0.00 2.5628 0.1286 0.1286
5100 65.48 35.00 0.00 1.3073 -0.0413 -0.0413
5125 65.48 35.00 0.00 1.3073 -0.0413 -0.0413
5150 65.52 35.07 0.00 0.5180 -0.9568 -0.9568
5175 65.52 35.16 0.00 -0.5823 1.1687 1.1687
5200 65.45 35.25 0.00 -1.4939 0.1480 0.1480
5225 65.45 35.25 0.00 -1.4939 0.1480 0.1480
5250 65.45 35.27 0.00 0.2041 -1.0778 -1.0778
5275 65.41 35.22 0.00 -1.2506 -1.4370 -1.4370
5300 65.41 35.22 0.00 -1.2506 -1.4370 -1.4370
5325 65.36 35.13 0.00 -1.4821 0.4397 0.4397
5350 65.34 35.02 0.00 0.3339 0.5325 0.5325
5375 65.34 35.02 0.00 0.3339 0.5325 0.5325
5400 65.36 34.96 0.00 0.6987 0.9091 0.9091
5425 65.37 35.00 0.00 0.6400 1.6649 1.6649
5450 65.45 35.05 0.00 2.0498 1.3545 1.3545
5475 65.45 35.05 0.00 2.0498 1.3545 1.3545
5500 65.48 35.03 0.00 0.3889 0.4173 0.4173
5525 65.48 34.94 0.00 -0.3658 0.3658 0.3658
5550 65.48 34.94 0.00 -0.3658 0.3658 0.3658
5575 65.48 34.89 0.00 0.3555 0.5186 0.5186
5600 65.50 34.87 0.00 0.5221 -0.4729 -0.4729
5625 65.50 34.87 0.00 0.5221 -0.4729 -0.4729
5650 65.48 34.89 0.00 -1.0237 -1.5902 -1.5902
5675 65.43 34.96 0.00 -1.6743 -0.7329 -0.7329
5700 65.43 34.96 0.00 -1.6743 -0.7329 -0.7329
5725 65.37 35.07 0.00 -1.0266 -0.6380 -0.6380
5750 65.36 35.20 0.00 -0.3668 -0.9242 -0.9242
5775 65.32 35.29 0.00 -0.9851 -0.3417 -0.3417
5800 65.32 35.29 0.00 -0.9851 -0.3417 -0.3417
5825 65.28 35.35 0.00 -1.2229 0.6301 0.6301
5850 65.27 35.39 0.00 -0.2007 0.0020 0.0020
5875 65.27 35.39 0.00 -0.2007 0.0020 0.0020
5900 65.27 35.42 0.00 0.4269 -0.3349 -0.3349
5925 65.27 35.48 0.00 -0.9109 -0.0179 -0.0179
5950 65.27 35.48 0.00 -0.9109 -0.0179 -0.0179
5975 65.23 35.55 0.00 -0.7240 0.4870 0.4870
6000 65.19 35.57 0.00 -1.0732 -0.0086 -0.0086
6025 65.14 35.57 0.00 -0.7693 -0.0602 -0.0602
6050 65.14 35.57 0.00 -0.7693 -0.0602 -0.0602
6075 65.16 35.55 0.00 0.8608 1.9481 1.9481
6100 65.23 35.59 0.00 1.9476 1.2172 1.2172
6125 65.23 35.59 0.00 1.9476 1.2172 1.2172
6150 65.28 35.59 0.00 0.8973 -0.1925 -0.1925
6175 65.25 35.57 0.00 -1.8647 0.6413 0.6413
6200 65.25 35.57 0.00 -1.8647 0.6413 0.6413
6225 65.19 35.55 0.00 -1.0280 2.1464 2.1464
6250 65.21 35.53 0.00 1.0970 -0.1919 -0.1919
6275 65.23 35.48 0.00 0.3423 0.4171 0.4171
6300 65.23 35.48 0.00 0.3423 0.4171 0.4171
6325 65.19 35.44 0.00 -1.4281 0.3721 0.3721
6350 65.19 35.42 0.00 1.0448 0.7474 0.7474
6375 65.28 35.35 0.00 2.2280 0.8919 0.8919
6400 65.28 35.35 0.00 2.2280 0.8919 0.8919
6425 65.32 35.28 0.00 0.4927 1.1068 1.1068
6450 65.30 35.28 0.00 -1.0012 -0.1398 -0.1398
6475 65.30 35.28 0.00 -1.0012 -0.1398 -0.1398
6500 65.27 35.35 0.00 -1.0068 -1.4621 -1.4621
6525 65.21 35.39 0.00 -1.6714 -0.5068 -0.5068
6550 65.21 35.39 0.00 -1.6714 -0.5068 -0.5068
6575 65.12 35.37 0.00 -2.5136 0.7010 0.7010
6600 65.05 35.32 0.00 -2.2762 0.1728 0.1728
6625 65.05 35.32 0.00 -2.2762 0.1728 0.1728
6650 64.96 35.25 0.00 -2.0528 -0.6196 -0.6196
6675 64.87 35.20 0.00 -2.5246 -1.1053 -1.1053
6700 64.87 35.20 0.00 -2.5246 -1.1053 -1.1053
6725 64.73 35.16 0.00 -3.9626 -0.9176 -0.9176
6750 64.52 35.13 0.00 -6.4290 0.3116 0.3116
6775 64.25 35.08 0.00 -6.4526 1.7756 1.7756
6800 64.25 35.08 0.00 -6.4526 1.7756 1.7756
6825 64.00 35.02 0.00 -5.8171 1.4055 1.4055
6850 63.77 34.91 0.00 -6.1160 0.2910 0.2910
6875 63.77 34.91 0.00 -6.1160 0.2910 0.2910
6900 63.52 34.78 0.00 -6.1659 0.9256 0.9256
6925 63.29 34.60 0.00 -5.4730 0.2468 0.2468
6950 63.06 34.50 0.00 -5.3031 -1.4171 -1.4171
6975 63.06 34.50 0.00 -5.3031 -1.4171 -1.4171
7000 62.90 34.41 0.00 -3.1834 -1.3042 -1.3042
7025 62.85 34.30 0.00 -0.3896 -1.0852 -1.0852
7050 62.85 34.30 0.00 -0.3896 -1.0852 -1.0852
7075 62.88 34.26 0.00 1.7947 0.3736 0.3736
7100 62.95 34.28 0.00 0.9746 0.1168 0.1168
7125 62.95 34.28 0.00 0.9746 0.1168 0.1168
7150 62.97 34.22 0.00 0.6598 2.0377 2.0377
7175 62.97 34.22 0.00 0.6598 2.0377 2.0377
7200 63.04 34.04 0.00 2.4213 1.2162 1.2162
7225 63.17 33.89 0.00 2.8056 1.0197 1.0197
7250 63.22 33.76 0.00 0.2280 0.8859 0.8859
7275 63.22 33.76 0.00 0.2280 0.8859 0.8859
7300 63.18 33.65 0.00 -0.8349 0.7169 0.7169
7325 63.17 33.62 0.00 -0.1790 -0.4184 -0.4184
7350 63.17 33.62 0.00 -0.1790 -0.4184 -0.4184
7375 63.17 33.65 0.00 -0.1364 -1.2782 -1.2782
7400 63.15 33.69 0.00 -0.7326 -0.8620 -0.8620
7425 63.11 33.73 0.00 -1.4710 -0.0575 -0.0575
7450 63.06 33.75 0.00 -0.6330 0.1530 0.1530
7475 63.06 33.75 0.00 -0.6330 0.1530 0.1530
7500 63.09 33.69 0.00 1.6137 -0.2225 -0.2225
7525 63.15 33.62 0.00 0.9103 0.1227 0.1227
7550 63.15 33.62 0.00 0.9103 0.1227 0.1227
7575 63.15 33.56 0.00 -0.7430 0.6472 0.6472
7600 63.13 33.56 0.00 0.2532 -0.5487 -0.5487
7625 63.15 33.62 0.00 0.3169 -0.7360 -0.7360
7650 63.15 33.62 0.00 0.3169 -0.7360 -0.7360
7675 63.13 33.67 0.00 -1.1972 -0.3353 -0.3353
7700 63.13 33.67 0.00 -1.1972 -0.3353 -0.3353
7725 63.08 33.66 0.00 -0.5189 1.1659 1.1659
7750 63.13 33.60 0.00 1.5201 1.1933 1.1933
7775 63.20 33.54 0.00 1.5360 -0.3706 -0.3706
7800 63.20 33.54 0.00 1.5360 -0.3706 -0.3706
7825 63.20 33.56 0.00 -0.9433 -0.4796 -0.4796
7850 63.20 33.56 0.00 -0.9433 -0.4796 -0.4796
7875 63.13 33.60 0.00 -1.4429 0.1644 0.1644
7900 63.13 33.58 0.00 0.4685 1.0249 1.0249
7925 63.13 33.51 0.00 -0.2067 -1.0731 -1.0731
7950 63.13 33.51 0.00 -0.2067 -1.0731 -1.0731
7975 63.11 33.38 0.00 -1.0214 0.9448 0.9448
8000 63.06 33.27 0.00 -0.9820 0.6021 0.6021
8025 63.04 33.18 0.00 -0.2334 -0.1111 -0.1111
8050 63.04 33.18 0.00 -0.2334 -0.1111 -0.1111
8075 63.04 33.04 0.00 0.0983 -0.1276 -0.1276
8100 63.06 32.94 0.00 0.9174 0.8661 0.8661
8125 63.06 32.94 0.00 0.9174 0.8661 0.8661
8150 63.11 32.94 0.00 1.4593 0.2124 0.2124
8175 63.15 32.92 0.00 0.6370 -1.0116 -1.0116
8200 63.13 32.89 0.00 -1.2874 -0.9726 -0.9726
8225 63.13 32.89 0.00 -1.2874 -0.9726 -0.9726
8250 63.08 32.85 0.00 -1.5053 0.1912 0.1912
8275 63.08 32.85 0.00 -1.5053 0.1912 0.1912
8300 63.04 32.74 0.00 -0.1598 0.3456 0.3456
8325 63.04 32.58 0.00 -0.0296 -0.6690 -0.6690
8350 63.01 32.51 0.00 -1.8647 -1.9895 -1.9895
8375 63.01 32.51 0.00 -1.8647 -1.9895 -1.9895
8400 62.90 32.51 0.00 -2.1074 -1.5835 -1.5835
8425 62.86 32.49 0.00 -0.2691 -0.2715 -0.2715
8450 62.88 32.47 0.00 0.6911 0.5417 0.5417
8475 62.88 32.47 0.00 0.6911 0.5417 0.5417
8500 62.88 32.45 0.00 -0.3293 0.0344 0.0344
8525 62.86 32.46 0.00 -0.1756 1.4763 1.4763
8550 62.86 32.46 0.00 -0.1756 1.4763 1.4763
8575 62.86 32.49 0.00 0.3158 0.2353 0.2353
8600 62.88 32.55 0.00 0.2214 -1.2289 -1.2289
8625 62.88 32.55 0.00 0.2214 -1.2289 -1.2289
8650 62.85 32.64 0.00 -2.2150 -1.3614 -1.3614
8675 62.74 32.70 0.00 -2.4019 -0.9397 -0.9397
8700 62.70 32.72 0.00 0.0027 -0.9486 -0.9486
8725 62.70 32.72 0.00 0.0027 -0.9486 -0.9486
8750 62.69 32.66 0.00 -0.6549 -3.0374 -3.0374
8775 62.65 32.57 0.00 -1.1794 0.3568 0.3568
8800 62.65 32.57 0.00 -1.1794 0.3568 0.3568
8825 62.65 32.46 0.00 1.0095 1.4483 1.4483
8850 62.74 32.38 0.00 2.2543 0.8042 0.8042
8875 62.76 32.35 0.00 -0.2361 0.0589 0.0589
8900 62.76 32.35 0.00 -0.2361 0.0589 0.0589
8925 62.72 32.31 0.00 -0.9380 0.9259 0.9259
8950 62.72 32.31 0.00 -0.9380 0.9259 0.9259
8975 62.72 32.33 0.00 0.2448 -0.3764 -0.3764
9000 62.74 32.33 0.00 0.3090 -1.2579 -1.2579
9025 62.74 32.33 0.00 0.3090 -1.2579 -1.2579
9050 62.70 32.31 0.00 -1.4559 -1.0059 -1.0059
9075 62.63 32.30 0.00 -2.1578 -0.1830 -0.1830
9100 62.58 32.28 0.00 -0.4425 -0.6684 -0.6684
9125 62.58 32.28 0.00 -0.4425 -0.6684 -0.6684
9150 62.58 32.30 0.00 0.0865 -1.5284 -1.5284
9175 62.58 32.30 0.00 0.0865 -1.5284 -1.5284
9200 62.54 32.37 0.00 -1.5514 -1.2975 -1.2975
9225 62.47 32.41 0.00 -1.6440 -0.5935 -0.5935
9250 62.44 32.37 0.00 -0.9402 -1.0568 -1.0568
9275 62.40 32.36 0.00 -0.8010 -1.1541 -1.1541
9300 62.40 32.36 0.00 -0.8010 -1.1541 -1.1541
9325 62.35 32.30 0.00 -1.7574 -1.2861 -1.2861
9350 62.26 32.25 0.00 -2.6584 -0.9825 -0.9825
9375 62.26 32.25 0.00 -2.6584 -0.9825 -0.9825
9400 62.17 32.25 0.00 -1.7730 -0.0252 -0.0252
9425 62.12 32.29 0.00 -0.4799 -0.8280 -0.8280
9450 62.12 32.29 0.00 -0.4799 -0.8280 -0.8280
9475 62.12 32.33 0.00 -0.1300 -1.1406 -1.1406
9500 62.10 32.25 0.00 -0.7744 -0.4492 -0.4492
9525 62.10 32.25 0.00 -0.7744 -0.4492 -0.4492
9550 62.07 32.11 0.00 -0.3742 1.2859 1.2859
9575 62.08 31.91 0.00 0.1948 -0.4957 -0.4957
9600 62.08 31.91 0.00 0.1948 -0.4957 -0.4957
9625 62.08 31.74 0.00 0.0960 1.5663 1.5663
9650 62.05 31.67 0.00 -1.1375 0.8268 0.8268
9675 62.03 31.65 0.00 -0.6422 0.8255 0.8255
9700 62.03 31.65 0.00 -0.6422 0.8255 0.8255
9725 62.01 31.58 0.00 -0.1772 0.4274 0.4274
9750 62.01 31.49 0.00 -0.1670 0.4784 0.4784
9775 62.01 31.45 0.00 0.2217 0.1331 0.1331
9800 62.01 31.45 0.00 0.2217 0.1331 0.1331
9825 62.03 31.41 0.00 0.2374 -0.5894 -0.5894
9850 62.00 31.38 0.00 -1.1256 -0.9610 -0.9610
9875 62.00 31.38 0.00 -1.1256 -0.9610 -0.9610
9900 61.92 31.34 0.00 -2.3708 -0.8510 -0.8510
9925 61.84 31.34 0.00 -2.3329 -0.9624 -0.9624
9950 61.84 31.34 0.00 -2.3329 -0.9624 -0.9624
9975 61.71 31.38 0.00 -3.5622 -0.6370 -0.6370
10000 61.57 31.44 0.00 -3.1417 -0.0391 -0.0391
10025 61.57 31.44 0.00 -3.1417 -0.0391 -0.0391
10050 61.48 31.48 0.00 -1.8640 -0.4335 -0.4335
10075 61.41 31.54 0.00 -1.7147 -0.7161 -0.7161
10100 61.41 31.54 0.00 -1.7147 -0.7161 -0.7161
10125 61.34 31.56 0.00 -2.0066 -0.5607 -0.5607
10150 61.25 31.60 0.00 -2.3699 -1.5979 -1.5979
10175 61.15 31.71 0.00 -2.6083 -3.3651 -3.3651
10200 61.15 31.71 0.00 -2.6083 -3.3651 -3.3651
10225 61.04 31.84 0.00 -3.0771 -3.6670 -3.6670
10250 60.93 31.90 0.00 -1.9027 0.8376 0.8376
10275 60.88 31.90 0.00 -1.0568 1.3363 1.3363
10300 60.88 31.90 0.00 -1.0568 1.3363 1.3363
10325 60.86 31.90 0.00 -0.0194 -0.1995 -0.1995
10350 60.85 31.83 0.00 -1.1279 0.0237 0.0237
10375 60.85 31.83 0.00 -1.1279 0.0237 0.0237
10400 60.79 31.68 0.00 -0.6540 1.4689 1.4689
10425 60.83 31.55 0.00 1.2714 1.2186 1.2186
10450 60.83 31.55 0.00 1.2714 1.2186 1.2186
10475 60.88 31.40 0.00 1.4365 1.8983 1.8983
10500 60.90 31.27 0.00 0.4111 1.8391 1.8391
10525 60.90 31.27 0.00 0.4111 1.8391 1.8391
10550 60.90 31.11 0.00 -0.1572 0.8542 0.8542
10575 60.90 31.00 0.00 0.0765 0.1246 0.1246
10600 60.90 31.00 0.00 0.0765 0.1246 0.1246
10625 60.90 30.96 0.00 -0.2976 -0.6354 -0.6354
10650 60.90 31.05 0.00 0.6743 -0.0308 -0.0308
10675 60.95 31.20 0.00 1.0875 -0.4123 -0.4123
10700 60.95 31.20 0.00 1.0875 -0.4123 -0.4123
10725 60.97 31.31 0.00 -0.1561 -0.9449 -0.9449
10750 60.93 31.38 0.00 -1.1641 -0.7534 -0.7534
10775 60.88 31.46 0.00 -1.4126 -1.0114 -1.0114
10800 60.88 31.46 0.00 -1.4126 -1.0114 -1.0114
10825 60.83 31.48 0.00 -0.6740 -1.0196 -1.0196
10850 60.83 31.42 0.00 -0.0210 -0.4921 -0.4921
10875 60.83 31.42 0.00 -0.0210 -0.4921 -0.4921
10900 60.81 31.31 0.00 -0.6878 -0.3590 -0.3590
10925 60.78 31.22 0.00 -1.3742 -0.9033 -0.9033
10950 60.72 31.17 0.00 -1.2345 -0.7408 -0.7408
10975 60.72 31.17 0.00 -1.2345 -0.7408 -0.7408
11000 60.69 31.15 0.00 -0.4060 -0.5560 -0.5560
11025 60.70 31.11 0.00 0.7346 0.3959 0.3959
11050 60.70 31.11 0.00 0.7346 0.3959 0.3959
11075 60.72 31.08 0.00 0.1391 -0.3858 -0.3858
11100 60.69 31.04 0.00 -0.8235 -0.5945 -0.5945
11125 60.69 31.04 0.00 -0.8235 -0.5945 -0.5945
11150 60.70 31.04 0.00 0.7642 1.2363 1.2363
11175 60.76 31.11 0.00 1.8257 -0.1283 -0.1283
11200 60.76 31.11 0.00 1.8257 -0.1283 -0.1283
11225 60.78 31.24 0.00 -0.5058 -0.3100 -0.3100
11250 60.72 31.32 0.00 -2.3063 -0.2488 -0.2488
11275 60.72 31.32 0.00 -2.3063 -0.2488 -0.2488
11300 60.67 31.35 0.00 -0.7783 -0.2810 -0.2810
11325 60.67 31.33 0.00 0.1825 -1.4902 -1.4902
11350 60.63 31.23 0.00 -1.4860 -0.4663 -0.4663
11375 60.63 31.23 0.00 -1.4860 -0.4663 -0.4663
11400 60.55 31.12 0.00 -1.8314 1.0627 1.0627
11425 60.55 31.08 0.00 0.9863 0.8982 0.8982
11450 60.55 31.08 0.00 0.9863 0.8982 0.8982
11475 60.62 31.02 0.00 1.7901 -0.0819 -0.0819
11500 60.65 31.00 0.00 -0.0191 0.0050 0.0050
11525 60.62 31.02 0.00 -0.7655 0.4505 0.4505
11550 60.62 31.02 0.00 -0.7655 0.4505 0.4505
11575 60.62 31.02 0.00 -0.0860 -0.8284 -0.8284
11600 60.60 31.04 0.00 -0.7136 -1.6024 -1.6024
11625 60.60 31.04 0.00 -0.7136 -1.6024 -1.6024
11650 60.53 31.01 0.00 -2.2768 -1.0258 -1.0258
11675 60.44 31.01 0.00 -2.0881 -1.2141 -1.2141
11700 60.39 31.01 0.00 -0.7734 -1.2351 -1.2351
11725 60.39 31.01 0.00 -0.7734 -1.2351 -1.2351
11750 60.35 31.01 0.00 -0.8414 -1.0990 -1.0990
11775 60.35 31.01 0.00 -0.8414 -1.0990 -1.0990
11800 60.30 31.07 0.00 -1.5741 -0.5059 -0.5059
11825 60.23 31.09 0.00 -1.7080 -0.3093 -0.3093
11850 60.14 31.07 0.00 -3.0454 -0.5804 -0.5804
11875 60.14 31.07 0.00 -3.0454 -0.5804 -0.5804
11900 59.96 31.04 0.00 -5.8143 -0.4361 -0.4361
11925 59.63 31.01 0.00 -9.0630 0.0945 0.0945
11950 59.63 31.01 0.00 -9.0630 0.0945 0.0945
11975 59.26 31.00 0.00 -8.3492 -0.5422 -0.5422
12000 59.01 30.95 0.00 -4.4436 -1.5101 -1.5101
12025 59.01 30.95 0.00 -4.4436 -1.5101 -1.5101
12050 58.94 30.89 0.00 -1.5944 -1.9147 -1.9147
12075 58.98 30.76 0.00 1.4877 0.4374 0.4374
12100 59.01 30.69 0.00 0.3232 -0.4856 -0.4856
12125 59.01 30.69 0.00 0.3232 -0.4856 -0.4856
12150 58.96 30.69 0.00 -2.2741 -1.5117 -1.5117
12175 58.84 30.71 0.00 -3.3524 -1.8535 -1.8535
12200 58.84 30.71 0.00 -3.3524 -1.8535 -1.8535
12225 58.75 30.71 0.00 -1.0520 -0.5208 -0.5208
12250 58.78 30.66 0.00 0.9378 -1.1900 -1.1900
12275 58.78 30.66 0.00 0.9378 -1.1900 -1.1900
12300 58.80 30.57 0.00 0.8274 0.5310 0.5310
12325 58.82 30.45 0.00 0.3192 1.3387 1.3387
12350 58.85 30.38 0.00 0.8422 0.0612 0.0612
12375 58.85 30.38 0.00 0.8422 0.0612 0.0612
12400 58.87 30.33 0.00 0.4746 -0.6860 -0.6860
12425 58.87 30.29 0.00 -0.1087 0.5812 0.5812
12450 58.87 30.29 0.00 -0.1087 0.5812 0.5812
12475 58.89 30.25 0.00 0.4120 0.8799 0.8799
12500 58.89 30.23 0.00 0.1534 -1.3203 -1.3203
12525 58.89 30.23 0.00 0.1534 -1.3203 -1.3203
12550 58.87 30.21 0.00 -1.1191 -1.4001 -1.4001
12575 58.82 30.12 0.00 -0.8102 0.0274 0.0274
12600 58.82 30.03 0.00 0.2174 0.2888 0.2888
12625 58.82 30.03 0.00 0.2174 0.2888 0.2888
12650 58.85 30.01 0.00 0.8688 -0.6186 -0.6186
12675 58.85 30.01 0.00 0.8688 -0.6186 -0.6186
12700 58.87 30.03 0.00 0.1631 -1.1594 -1.1594
12725 58.87 30.09 0.00 0.0811 0.0717 0.0717
12750 58.87 30.12 0.00 0.2570 -0.0605 -0.0605
12775 58.87 30.12 0.00 0.2570 -0.0605 -0.0605
12800 58.87 30.16 0.00 -0.1828 -1.0958 -1.0958
12825 58.85 30.20 0.00 -0.9930 -1.0931 -1.0931
12850 58.85 30.20 0.00 -0.9930 -1.0931 -1.0931
12875 58.82 30.23 0.00 -0.2742 -0.2795 -0.2795
12900 58.84 30.23 0.00 0.8547 -0.5978 -0.5978
12925 58.85 30.21 0.00 0.1383 -0.3832 -0.3832
12950 58.85 30.21 0.00 0.1383 -0.3832 -0.3832
12975 58.85 30.16 0.00 0.4962 1.1043 1.1043
13000 58.91 30.16 0.00 1.0808 -0.2952 -0.2952
13025 58.91 30.16 0.00 1.0808 -0.2952 -0.2952
13050 58.94 30.19 0.00 0.6821 -0.6962 -0.6962
13075 58.91 30.25 0.00 -1.5678 -0.7735 -0.7735
13100 58.82 30.29 0.00 -2.0869 -0.9832 -0.9832
13125 58.82 30.29 0.00 -2.0869 -0.9832 -0.9832
13150 58.80 30.31 0.00 0.3180 -0.3016 -0.3016
13175 58.82 30.20 0.00 0.0028 -1.1163 -1.1163
13200 58.82 30.20 0.00 0.0028 -1.1163 -1.1163
13225 58.80 30.01 0.00 -0.8136 1.3205 1.3205
13250 58.78 29.83 0.00 0.0503 1.3780 1.3780
13275 58.78 29.83 0.00 0.0503 1.3780 1.3780
13300 58.84 29.70 0.00 2.0158 0.7354 0.7354
13325 58.91 29.62 0.00 1.5636 -0.2175 -0.2175
13350 58.92 29.66 0.00 -0.2685 0.1199 0.1199
13375 58.92 29.66 0.00 -0.2685 0.1199 0.1199
13400 58.89 29.72 0.00 -1.6033 -0.9144 -0.9144
13425 58.82 29.74 0.00 -1.7524 -1.9030 -1.9030
13450 58.82 29.74 0.00 -1.7524 -1.9030 -1.9030
13475 58.73 29.70 0.00 -2.1119 -1.7422 -1.7422
13500 58.64 29.63 0.00 -2.2076 -1.4042 -1.4042
13525 58.64 29.63 0.00 -2.2076 -1.4042 -1.4042
13550 58.59 29.57 0.00 -1.2476 -1.1318 -1.1318
13575 58.57 29.52 0.00 0.2646 -0.7185 -0.7185
13600 58.57 29.52 0.00 0.2646 -0.7185 -0.7185
13625 58.59 29.46 0.00 0.3261 -0.6736 -0.6736
13650 58.59 29.46 0.00 -0.1985 -0.3992 -0.3992
13675 58.57 29.50 0.00 -0.4355 -0.1537 -0.1537
13700 58.57 29.50 0.00 -0.4355 -0.1537 -0.1537
13725 58.56 29.50 0.00 -0.2857 -0.0165 -0.0165
13750 58.56 29.50 0.00 -0.2857 -0.0165 -0.0165
13775 58.54 29.46 0.00 -0.4701 -0.2615 -0.2615
13800 58.52 29.45 0.00 0.1948 0.5736 0.5736
13825 58.54 29.41 0.00 -0.0288 -0.4386 -0.4386
13850 58.54 29.41 0.00 -0.0288 -0.4386 -0.4386
13875 58.52 29.35 0.00 -1.1532 -1.1015 -1.1015
13900 58.47 29.28 0.00 -1.2177 0.1970 0.1970
13925 58.43 29.23 0.00 -0.2781 -1.0028 -1.0028
13950 58.43 29.23 0.00 -0.2781 -1.0028 -1.0028
13975 58.41 29.30 0.00 -1.0536 -2.8720 -2.8720
14000 58.33 29.36 0.00 -3.0082 -2.1008 -2.1008
14025 58.33 29.36 0.00 -3.0082 -2.1008 -2.1008
14050 58.22 29.38 0.00 -2.2428 -1.5938 -1.5938
14075 58.17 29.36 0.00 -1.0797 -2.2488 -2.2488
14100 58.17 29.36 0.00 -1.0797 -2.2488 -2.2488
14125 58.10 29.27 0.00 -1.5999 -1.5624 -1.5624
14150 58.01 29.14 0.00 -2.1816 -0.9723 -0.9723
14175 57.96 29.00 0.00 -1.3765 -1.1066 -1.1066
14200 57.96 29.00 0.00 -1.3765 -1.1066 -1.1066
14225 57.91 28.85 0.00 -1.3249 -1.6428 -1.6428
14250 57.84 28.76 0.00 -1.9482 -1.4615 -1.4615
14275 57.84 28.76 0.00 -1.9482 -1.4615 -1.4615
14300 57.76 28.70 0.00 -1.3181 -1.3049 -1.3049
14325 57.71 28.69 0.00 -1.4744 -1.7543 -1.7543
14350 57.61 28.63 0.00 -3.4629 -2.5324 -2.5324
14375 57.61 28.63 0.00 -3.4629 -2.5324 -2.5324
14400 57.43 28.52 0.00 -4.5785 -1.8936 -1.8936
14425 57.26 28.47 0.00 -4.2138 -2.2349 -2.2349
14450 57.26 28.47 0.00 -4.2138 -2.2349 -2.2349
14475 57.17 28.45 0.00 -2.8286 -1.8091 -1.8091
14500 57.10 28.51 0.00 -1.2572 -1.8928 -1.8928
14525 57.10 28.51 0.00 -1.2572 -1.8928 -1.8928
14550 57.05 28.57 0.00 -1.2978 -1.7144 -1.7144
14575 56.98 28.64 0.00 -1.9939 -1.5210 -1.5210
14600 56.98 28.64 0.00 -1.9939 -1.5210 -1.5210
14625 56.90 28.70 0.00 -1.4764 -1.3001 -1.3001
14650 56.85 28.76 0.00 -0.8787 -0.8981 -0.8981
14675 56.83 28.77 0.00 -0.0694 0.4816 0.4816
14700 56.83 28.77 0.00 -0.0694 0.4816 0.4816
14725 56.85 28.77 0.00 0.7768 0.8099 0.8099
14750 56.87 28.72 0.00 -0.2343 -0.8787 -0.8787
14775 56.87 28.72 0.00 -0.2343 -0.8787 -0.8787
14800 56.83 28.66 0.00 -1.3658 -0.2462 -0.2462
14825 56.76 28.65 0.00 -1.4765 0.1270 0.1270
14850 56.73 28.70 0.00 -0.3973 -0.9569 -0.9569
14875 56.73 28.70 0.00 -0.3973 -0.9569 -0.9569
14900 56.73 28.79 0.00 -0.3878 -1.0420 -1.0420
14925 56.73 28.79 0.00 -0.3878 -1.0420 -1.0420
14950 56.68 28.85 0.00 -1.5526 -0.6069 -0.6069
14975 56.64 28.85 0.00 -0.4596 0.7075 0.7075
15000 56.64 28.81 0.00 -0.1359 -1.6891 -1.6891
15025 56.64 28.78 0.00 0.4700 1.2555 1.2555
15050 56.64 28.78 0.00 0.4700 1.2555 1.2555
15075 56.66 28.78 0.00 0.7650 1.6250 1.6250
15100 56.66 28.78 0.00 0.7650 1.6250 1.6250
15125 56.73 28.78 0.00 1.6629 2.0560 2.0560
15150 56.78 28.76 0.00 0.9345 0.8484 0.8484
15175 56.78 28.74 0.00 -0.1387 0.9632 0.9632
15200 56.78 28.74 0.00 -0.1387 0.9632 0.9632
15225 56.78 28.78 0.00 0.0035 0.5155 0.5155
15250 56.78 28.79 0.00 -0.0337 -1.4490 -1.4490
15275 56.78 28.79 0.00 -0.0337 -1.4490 -1.4490
15300 56.75 28.83 0.00 -1.9765 -2.9229 -2.9229
15325 56.61 28.80 0.00 -3.9859 -2.0798 -2.0798
15350 56.48 28.71 0.00 -2.3398 -0.4768 -0.4768
15375 56.48 28.71 0.00 -2.3398 -0.4768 -0.4768
15400 56.45 28.54 0.00 0.4359 -0.6240 -0.6240
15425 56.48 28.41 0.00 0.6984 -1.1001 -1.1001
15450 56.48 28.41 0.00 0.6984 -1.1001 -1.1001
15475 56.48 28.39 0.00 -0.6937 -0.3776 -0.3776
15500 56.45 28.45 0.00 -1.0533 0.1443 0.1443
15525 56.43 28.41 0.00 0.2149 -0.3152 -0.3152
15550 56.43 28.41 0.00 0.2149 -0.3152 -0.3152
15575 56.47 28.34 0.00 1.0637 -0.9078 -0.9078
15600 56.48 28.22 0.00 -0.0519 -1.9296 -1.9296
15625 56.48 28.22 0.00 -0.0519 -1.9296 -1.9296
15650 56.41 28.11 0.00 -2.6151 -2.8593 -2.8593
15675 56.31 27.97 0.00 -2.7160 -0.1568 -0.1568
15700 56.31 27.97 0.00 -2.7160 -0.1568 -0.1568
15725 56.24 27.86 0.00 -0.4873 -0.2574 -0.2574
15750 56.26 27.82 0.00 0.4673 -0.8693 -0.8693
15775 56.26 27.82 0.00 0.4673 -0.8693 -0.8693
15800 56.22 27.80 0.00 -1.9029 -0.4643 -0.4643
15825 56.12 27.75 0.00 -2.5484 -0.1698 -0.1698
15850 56.03 27.69 0.00 -2.2814 -0.4238 -0.4238
15875 56.03 27.69 0.00 -2.2814 -0.4238 -0.4238
15900 55.87 27.60 0.00 -4.5574 -0.2645 -0.2645
15925 55.66 27.49 0.00 -5.6040 0.6888 0.6888
15950 55.66 27.49 0.00 -5.6040 0.6888 0.6888
15975 55.45 27.37 0.00 -4.6445 -0.4862 -0.4862
16000 55.31 27.22 0.00 -2.3156 -0.8010 -0.8010
16025 55.29 27.07 0.00 -0.0257 -0.7315 -0.7315
16050 55.29 27.07 0.00 -0.0257 -0.7315 -0.7315
16075 55.31 26.92 0.00 0.4092 0.3245 0.3245
16100 55.31 26.92 0.00 0.4092 0.3245 0.3245
16125 55.29 26.85 0.00 -1.0318 1.0426 1.0426
16150 55.22 26.83 0.00 -1.7793 -0.4188 -0.4188
16175 55.17 26.83 0.00 -1.1692 -1.3546 -1.3546
16200 55.17 26.83 0.00 -1.1692 -1.3546 -1.3546
16225 55.12 26.77 0.00 -1.2433 -0.9011 -0.9011
16250 55.10 26.72 0.00 -0.1711 1.4096 1.4096
16275 55.10 26.72 0.00 -0.1711 1.4096 1.4096
16300 55.15 26.70 0.00 2.0629 1.3869 1.3869
16325 55.22 26.64 0.00 1.0579 -1.4755 -1.4755
16350 55.22 26.64 0.00 1.0579 -1.4755 -1.4755
16375 55.19 26.55 0.00 -1.8200 -1.5457 -1.5457
16400 55.12 26.51 0.00 -1.8701 -0.9942 -0.9942
16425 55.12 26.51 0.00 -1.8701 -0.9942 -0.9942
16450 55.07 26.53 0.00 -0.2404 -1.5026 -1.5026
16475 55.12 26.51 0.00 1.3696 0.0976 0.0976
16500 55.14 26.44 0.00 -0.0301 -1.2340 -1.2340
16525 55.10 26.38 0.00 -1.5360 -0.4484 -0.4484
16550 55.10 26.38 0.00 -1.5360 -0.4484 -0.4484
16575 55.03 26.38 0.00 -1.7146 -0.7219 -0.7219
16600 55.00 26.36 0.00 -0.3090 -2.0368 -2.0368
16625 55.00 26.36 0.00 -0.3090 -2.0368 -2.0368
16650 54.96 26.40 0.00 -1.3148 -2.8343 -2.8343
16675 54.87 26.53 0.00 -2.6692 -1.7734 -1.7734
16700 54.87 26.53 0.00 -2.6692 -1.7734 -1.7734
16725 54.80 26.67 0.00 -0.6600 0.5749 0.5749
16750 54.82 26.78 0.00 0.6865 -1.0062 -1.0062
16775 54.82 26.78 0.00 0.6865 -1.0062 -1.0062
16800 54.87 26.80 0.00 1.0969 2.0683 2.0683
16825 54.87 26.76 0.00 0.1596 2.1810 2.1810
16850 54.89 26.70 0.00 0.5959 2.0145 2.0145
16875 54.89 26.70 0.00 0.5959 2.0145 2.0145
16900 54.94 26.66 0.00 1.2765 1.2319 1.2319
16925 54.98 26.63 0.00 0.7525 0.3405 0.3405
16950 54.98 26.63 0.00 0.7525 0.3405 0.3405
16975 54.98 26.66 0.00 -0.7761 -1.1442 -1.1442
17000 54.94 26.68 0.00 -1.1339 -1.4361 -1.4361
17025 54.89 26.68 0.00 -1.3359 -2.0383 -2.0383
17050 54.89 26.68 0.00 -1.3359 -2.0383 -2.0383
17075 54.82 26.61 0.00 -1.7943 -2.2228 -2.2228
17100 54.75 26.50 0.00 -1.9029 -1.1333 -1.1333
17125 54.75 26.50 0.00 -1.9029 -1.1333 -1.1333
17150 54.70 26.41 0.00 -0.9725 -1.1325 -1.1325
17175 54.70 26.33 0.00 0.4763 -1.9753 -1.9753
17200 54.70 26.33 0.00 0.4763 -1.9753 -1.9753
17225 54.72 26.37 0.00 0.5660 -2.2316 -2.2316
17250 54.70 26.46 0.00 -0.8142 -2.0386 -2.0386
17275 54.70 26.46 0.00 -0.8142 -2.0386 -2.0386
17300 54.70 26.46 0.00 0.8207 -0.4932 -0.4932
17325 54.77 26.46 0.00 1.9746 -0.0615 -0.0615
17350 54.80 26.42 0.00 -0.1275 -1.3537 -1.3537
17375 54.80 26.42 0.00 -0.1275 -1.3537 -1.3537
17400 54.75 26.33 0.00 -2.1715 -1.1695 -1.1695
17425 54.66 26.31 0.00 -2.1635 -0.6221 -0.6221
17450 54.61 26.35 0.00 -0.6559 -1.7070 -1.7070
17475 54.61 26.35 0.00 -0.6559 -1.7070 -1.7070
17500 54.58 26.44 0.00 -1.0964 -1.9195 -1.9195
17525 54.58 26.44 0.00 -1.0964 -1.9195 -1.9195
17550 54.51 26.54 0.00 -1.9409 -0.9000 -0.9000
17575 54.45 26.58 0.00 -0.3499 0.2395 0.2395
17600 54.47 26.54 0.00 0.5019 -1.1117 -1.1117
17625 54.47 26.54 0.00 0.5019 -1.1117 -1.1117
17650 54.49 26.46 0.00 0.7130 0.3965 0.3965
17675 54.51 26.39 0.00 0.1749 1.1569 1.1569
17700 54.52 26.37 0.00 1.2120 1.8123 1.8123
17725 54.52 26.37 0.00 1.2120 1.8123 1.8123
17750 54.59 26.37 0.00 1.4431 1.6268 1.6268
17775 54.63 26.43 0.00 0.9181 1.4453 1.4453
17800 54.63 26.43 0.00 0.9181 1.4453 1.4453
17825 54.65 26.52 0.00 -0.0166 0.5217 0.5217
17850 54.63 26.57 0.00 -0.5992 -0.7540 -0.7540
17875 54.63 26.57 0.00 -0.5992 -0.7540 -0.7540
17900 54.59 26.56 0.00 -1.2392 -1.5058 -1.5058
17925 54.54 26.54 0.00 -1.3162 -0.8090 -0.8090
17950 54.54 26.54 0.00 -1.3162 -0.8090 -0.8090
17975 54.52 26.56 0.00 0.1144 -0.5485 -0.5485
18000 54.56 26.59 0.00 1.3278 -0.4167 -0.4167
18025 54.56 26.59 0.00 1.3278 -0.4167 -0.4167
18050 54.61 26.61 0.00 1.0430 -0.1599 -0.1599
18075 54.66 26.65 0.00 1.6109 1.0265 1.0265
18100 54.73 26.74 0.00 1.7088 1.0691 1.0691
18125 54.73 26.74 0.00 1.7088 1.0691 1.0691
18150 54.79 26.80 0.00 0.8997 0.5663 0.5663
18175 54.79 26.72 0.00 -0.7578 -0.3173 -0.3173
18200 54.72 26.59 0.00 -1.5458 -0.8751 -0.8751
18225 54.72 26.59 0.00 -1.5458 -0.8751 -0.8751
18250 54.65 26.42 0.00 -2.1843 -1.6930 -1.6930
18275 54.65 26.42 0.00 -2.1843 -1.6930 -1.6930
18300 54.54 26.28 0.00 -2.1412 -2.0178 -2.0178
18325 54.51 26.13 0.00 -0.8821 -0.1922 -0.1922
18350 54.51 26.13 0.00 -0.8821 -0.1922 -0.1922
18375 54.47 26.03 0.00 -0.3676 -0.6169 -0.6169
18400 54.45 25.98 0.00 -1.6246 -1.3072 -1.3072
18425 54.31 25.90 0.00 -4.4816 0.2219 0.2219
18450 54.31 25.90 0.00 -4.4816 0.2219 0.2219
18475 54.10 25.78 0.00 -4.9207 1.7541 1.7541
18500 53.96 25.57 0.00 -2.7890 0.5010 0.5010
18525 53.86 25.37 0.00 -2.4492 -1.3263 -1.3263
18550 53.86 25.37 0.00 -2.4492 -1.3263 -1.3263
18575 53.74 25.18 0.00 -3.8655 -1.7407 -1.7407
18600 53.74 25.18 0.00 -3.8655 -1.7407 -1.7407
18625 53.60 25.01 0.00 -2.8631 -1.5025 -1.5025
18650 53.53 24.84 0.00 -1.0581 -1.4516 -1.4516
18675 53.47 24.71 0.00 -1.5189 -2.3377 -2.3377
18700 53.40 24.67 0.00 -2.0502 -0.8754 -0.8754
18725 53.40 24.67 0.00 -2.0502 -0.8754 -0.8754
18750 53.32 24.73 0.00 -2.4925 -1.4384 -1.4384
18775 53.14 24.81 0.00 -4.7244 -1.9914 -1.9914
18800 53.14 24.81 0.00 -4.7244 -1.9914 -1.9914
18825 52.95 24.88 0.00 -4.5399 -2.2827 -2.2827
18850 52.83 24.98 0.00 -2.1324 -1.3067 -1.3067
18875 52.83 24.98 0.00 -2.1324 -1.3067 -1.3067
18900 52.79 25.09 0.00 -0.3001 -1.0517 -1.0517
18925 52.79 25.22 0.00 -0.2307 -0.9098 -0.9098
18950 52.79 25.22 0.00 -0.2307 -0.9098 -0.9098
18975 52.76 25.30 0.00 -0.9058 -1.3295 -1.3295
19000 52.72 25.32 0.00 -0.7598 -1.7584 -1.7584
19025 52.71 25.34 0.00 -0.6047 -1.8523 -1.8523
19050 52.71 25.34 0.00 -0.6047 -1.8523 -1.8523
19075 52.65 25.36 0.00 -1.7060 -2.7873 -2.7873
19100 52.55 25.38 0.00 -2.8342 -2.3431 -2.3431
19125 52.55 25.38 0.00 -2.8342 -2.3431 -2.3431
19150 52.41 25.38 0.00 -3.5599 -1.8182 -1.8182
19175 52.32 25.40 0.00 -2.6351 -1.4521 -1.4521
19200 52.32 25.40 0.00 -2.6351 -1.4521 -1.4521
19225 52.27 25.45 0.00 -0.6552 0.8304 0.8304
19250 52.23 25.59 0.00 -0.7053 0.1064 0.1064
19275 52.18 25.79 0.00 -2.3833 -0.1597 -0.1597
19300 52.18 25.79 0.00 -2.3833 -0.1597 -0.1597
19325 52.04 25.98 0.00 -3.8153 0.5982 0.5982
19350 51.83 26.11 0.00 -5.5798 -0.4144 -0.4144
19375 51.83 26.11 0.00 -5.5798 -0.4144 -0.4144
19400 51.76 26.13 0.00 0.5585 0.7004 0.7004
19425 51.76 26.24 0.00 -0.2273 -0.6311 -0.6311
19450 51.76 26.24 0.00 -0.2273 -0.6311 -0.6311
19475 51.80 26.34 0.00 1.3136 2.6015 2.6015
19500 51.83 26.34 0.00 -0.0445 1.5567 1.5567
19525 51.83 26.34 0.00 -0.0445 1.5567 1.5567
19550 51.82 26.28 0.00 -0.3991 0.8172 0.8172
19575 51.80 26.17 0.00 -0.1831 1.4894 1.4894
19600 51.83 26.11 0.00 1.4489 1.5327 1.5327
19625 51.83 26.11 0.00 1.4489 1.5327 1.5327
19650 51.92 26.06 0.00 2.8803 0.9093 0.9093
19675 51.92 26.06 0.00 2.8803 0.9093 0.9093
19700 51.99 26.00 0.00 0.6701 -1.0277 -1.0277
19725 51.96 25.92 0.00 -2.0021 -1.0516 -1.0516
19750 51.87 25.83 0.00 -1.8191 -1.3666 -1.3666
19775 51.87 25.83 0.00 -1.8191 -1.3666 -1.3666
19800 51.87 25.68 0.00 0.8297 -0.3024 -0.3024
19825 51.90 25.51 0.00 1.0757 -0.0075 -0.0075
19850 51.94 25.34 0.00 0.7832 0.8582 0.8582
19875 51.94 25.34 0.00 0.7832 0.8582 0.8582
19900 51.97 25.17 0.00 0.7283 0.3529 0.3529
19925 52.01 25.00 0.00 0.5229 0.2498 0.2498
19950 52.01 25.00 0.00 0.5229 0.2498 0.2498
19975 52.01 24.89 0.00 -0.4814 -0.2611 -0.2611
20000 51.97 24.80 0.00 -0.8210 -0.5699 -0.5699
20025 51.92 24.76 0.00 -1.4499 -2.0936 -2.0936
20050 51.92 24.76 0.00 -1.4499 -2.0936 -2.0936
20075 51.90 24.74 0.00 0.0382 0.7716 0.7716
20100 51.92 24.76 0.00 1.0687 0.1518 0.1518
20125 51.92 24.76 0.00 1.0687 0.1518 0.1518
20150 51.99 24.80 0.00 1.6395 -0.4808 -0.4808
20175 52.01 24.87 0.00 -0.2202 -0.3163 -0.3163
20200 52.01 24.87 0.00 -0.2202 -0.3163 -0.3163
20225 51.96 24.91 0.00 -1.4689 0.0007 0.0007
20250 51.92 24.95 0.00 -0.4995 0.0723 0.0723
20275 51.90 24.91 0.00 -0.5594 -0.8549 -0.8549
20300 51.90 24.91 0.00 -0.5594 -0.8549 -0.8549
20325 51.89 24.82 0.00 -0.9374 -0.4374 -0.4374
20350 51.85 24.70 0.00 -0.5826 0.3486 0.3486
20375 51.85 24.70 0.00 -0.5826 0.3486 0.3486
20400 51.83 24.57 0.00 -0.4014 0.0883 0.0883
20425 51.83 24.42 0.00 0.5596 1.1251 1.1251
20450 51.89 24.33 0.00 1.6590 2.4210 2.4210
20475 51.89 24.33 0.00 1.6590 2.4210 2.4210
20500 51.96 24.25 0.00 2.2474 3.0139 3.0139
20525 52.04 24.21 0.00 1.6937 2.2630 2.2630
20550 52.04 24.21 0.00 1.6937 2.2630 2.2630
20575 52.08 24.12 0.00 0.1486 0.8342 0.8342
20600 52.04 24.04 0.00 -1.4567 -0.9932 -0.9932
20625 52.04 24.04 0.00 -1.4567 -0.9932 -0.9932
20650 51.97 23.97 0.00 -1.5932 -0.2810 -0.2810
20675 51.94 23.89 0.00 -0.6657 -0.1746 -0.1746
20700 51.94 23.89 0.00 -0.6657 -0.1746 -0.1746
20725 51.94 23.85 0.00 -0.4515 -1.7060 -1.7060
20750 51.89 23.91 0.00 -1.9127 -1.9393 -1.9393
20775 51.89 23.91 0.00 -1.9127 -1.9393 -1.9393
20800 51.78 24.02 0.00 -2.4488 -1.8548 -1.8548
20825 51.71 24.10 0.00 -1.4696 -1.6559 -1.6559
20850 51.71 24.10 0.00 -1.4696 -1.6559 -1.6559
20875 51.68 24.14 0.00 -0.8074 -1.4980 -1.4980
20900 51.62 24.16 0.00 -1.4488 -1.3286 -1.3286
20925 51.54 24.18 0.00 -2.2887 -1.7910 -1.7910
20950 51.43 24.18 0.00 -2.6946 -2.1821 -2.1821
20975 51.43 24.18 0.00 -2.6946 -2.1821 -2.1821
21000 51.36 24.14 0.00 -1.1177 0.3755 0.3755
21025 51.33 24.16 0.00 -1.0329 -1.3159 -1.3159
21050 51.33 24.16 0.00 -1.0329 -1.3159 -1.3159
21075 51.27 24.23 0.00 -1.1568 -0.9438 -0.9438
21100 51.22 24.33 0.00 -1.7829 0.1586 0.1586
21125 51.13 24.37 0.00 -2.2355 -0.2395 -0.2395
21150 51.13 24.37 0.00 -2.2355 -0.2395 -0.2395
21175 51.05 24.35 0.00 -2.1191 0.0887 0.0887
21200 51.05 24.35 0.00 -2.1191 0.0887 0.0887
21225 50.89 24.29 0.00 -5.0826 1.1448 1.1448
21250 50.70 24.18 0.00 -4.9238 3.2537 3.2537
21275 50.58 24.05 0.00 -0.9575 1.9355 1.9355
21300 50.58 24.05 0.00 -0.9575 1.9355 1.9355
21325 50.65 23.95 0.00 2.6521 0.0401 0.0401
21350 50.73 23.88 0.00 1.5550 0.0169 0.0169
21375 50.73 23.88 0.00 1.5550 0.0169 0.0169
21400 50.77 23.80 0.00 0.6654 2.8186 2.8186
21425 50.82 23.72 0.00 1.3508 1.1220 1.1220
21450 50.82 23.72 0.00 1.3508 1.1220 1.1220
21475 50.86 23.67 0.00 0.2044 -1.0196 -1.0196
21500 50.79 23.59 0.00 -2.6082 -1.7637 -1.7637
21525 50.70 23.54 0.00 -2.6422 -0.4818 -0.4818
21550 50.70 23.54 0.00 -2.6422 -0.4818 -0.4818
21575 50.65 23.46 0.00 -0.3948 -0.6005 -0.6005
21600 50.65 23.46 0.00 -0.3948 -0.6005 -0.6005
21625 50.68 23.40 0.00 1.0272 -1.5200 -1.5200
21650 50.68 23.35 0.00 -0.6657 -1.7656 -1.7656
21675 50.61 23.33 0.00 -1.8777 -0.9900 -0.9900
21700 50.61 23.33 0.00 -1.8777 -0.9900 -0.9900
21725 50.56 23.33 0.00 -1.0347 -1.1719 -1.1719
21750 50.54 23.33 0.00 -0.0386 -2.1555 -2.1555
21775 50.54 23.33 0.00 -0.0386 -2.1555 -2.1555
21800 50.52 23.35 0.00 -0.6515 -1.7927 -1.7927
21825 50.49 23.38 0.00 -1.2574 -0.4154 -0.4154
21850 50.49 23.38 0.00 -1.2574 -0.4154 -0.4154
21875 50.45 23.42 0.00 -0.2742 -0.1329 -0.1329
21900 50.45 23.40 0.00 -0.2662 -1.8862 -1.8862
21925 50.45 23.40 0.00 -0.2662 -1.8862 -1.8862
21950 50.40 23.38 0.00 -0.8905 0.2283 0.2283
21975 50.40 23.35 0.00 -0.0368 1.1834 1.1834
22000 50.44 23.38 0.00 1.5738 -0.1332 -0.1332
22025 50.44 23.38 0.00 1.5738 -0.1332 -0.1332
22050 50.47 23.48 0.00 0.0639 -0.7043 -0.7043
22075 50.42 23.54 0.00 -2.1281 -0.6120 -0.6120
22100 50.35 23.54 0.00 -0.8112 -0.1401 -0.1401
22125 50.35 23.54 0.00 -0.8112 -0.1401 -0.1401
22150 50.35 23.48 0.00 -0.4297 -2.5956 -2.5956
22175 50.33 23.35 0.00 -0.4679 -0.0415 -0.0415
22200 50.33 23.35 0.00 -0.4679 -0.0415 -0.0415
22225 50.30 23.27 0.00 -1.1807 0.2835 0.2835
22250 50.28 23.18 0.00 0.1007 0.7923 0.7923
22275 50.28 23.18 0.00 0.1007 0.7923 0.7923
22300 50.30 23.08 0.00 0.8531 0.1709 0.1709
22325 50.33 23.00 0.00 0.5510 0.6830 0.6830
22350 50.33 23.00 0.00 -0.3679 0.7589 0.7589
22375 50.33 23.00 0.00 -0.3679 0.7589 0.7589
22400 50.30 23.00 0.00 -0.8434 0.0574 0.0574
22425 50.24 22.97 0.00 -1.3729 -0.8108 -0.8108
22450 50.24 22.97 0.00 -1.3729 -0.8108 -0.8108
22475 50.19 22.93 0.00 -1.7665 -0.8478 -0.8478
22500 50.12 22.93 0.00 -1.3751 -0.3612 -0.3612
22525 50.12 22.93 0.00 -1.3751 -0.3612 -0.3612
22550 50.09 22.93 0.00 -0.6885 -1.1647 -1.1647
22575 50.05 22.95 0.00 -0.8067 -1.2834 -1.2834
22600 50.02 22.99 0.00 -0.6493 -0.0015 -0.0015
22625 50.02 22.99 0.00 -0.6493 -0.0015 -0.0015
22650 50.02 23.06 0.00 0.5199 0.5366 0.5366
22675 50.05 23.16 0.00 0.5786 -0.6012 -0.6012
22700 50.05 23.16 0.00 0.5786 -0.6012 -0.6012
22725 50.03 23.31 0.00 -0.8460 -0.3191 -0.3191
22750 50.00 23.42 0.00 -0.9790 0.7149 0.7149
22775 50.00 23.42 0.00 -0.9790 0.7149 0.7149
22800 49.95 23.50 0.00 -1.9343 0.0063 0.0063
22825 49.76 23.61 0.00 -6.5483 -1.5156 -1.5156
22850 49.76 23.61 0.00 -6.5483 -1.5156 -1.5156
22875 49.35 23.73 0.00 -11.8429 -2.2120 -2.2120
22900 48.85 23.82 0.00 -12.6853 -0.6584 -0.6584
22925 48.38 23.91 0.00 -10.1025 -2.2915 -2.2915
22950 48.38 23.91 0.00 -10.1025 -2.2915 -2.2915
22975 48.11 24.02 0.00 -4.5927 -1.5236 -1.5236
23000 48.06 24.12 0.00 0.1053 -0.3084 -0.3084
23025 48.06 24.12 0.00 0.1053 -0.3084 -0.3084
23050 48.10 24.14 0.00 1.5429 0.9718 0.9718
23075 48.13 24.16 0.00 0.5718 0.1649 0.1649
23100 48.13 24.16 0.00 0.5718 0.1649 0.1649
23125 48.11 24.12 0.00 -0.9791 -0.2895 -0.2895
23150 48.08 24.00 0.00 -0.6685 0.5300 0.5300
23175 48.10 23.87 0.00 1.2040 0.6652 0.6652
23200 48.10 23.87 0.00 1.2040 0.6652 0.6652
23225 48.17 23.76 0.00 1.6495 0.7272 0.7272
23250 48.22 23.63 0.00 0.6984 0.7897 0.7897
23275 48.22 23.59 0.00 -0.0463 0.4619 0.4619
23300 48.22 23.59 0.00 -0.0463 0.4619 0.4619
23325 48.20 23.59 0.00 -0.4592 -0.7431 -0.7431
23350 48.17 23.61 0.00 -1.3803 -2.5851 -2.5851
23375 48.17 23.61 0.00 -1.3803 -2.5851 -2.5851
23400 48.10 23.59 0.00 -2.1231 -1.6889 -1.6889
23425 48.03 23.51 0.00 -1.0417 -0.2595 -0.2595
23450 48.03 23.51 0.00 -1.0417 -0.2595 -0.2595
23475 48.03 23.38 0.00 0.5455 -0.9502 -0.9502
23500 48.06 23.25 0.00 0.2011 -1.5092 -1.5092
23525 48.06 23.25 0.00 0.2011 -1.5092 -1.5092
23550 48.03 23.15 0.00 -1.2508 -0.9397 -0.9397
23575 47.96 23.09 0.00 -1.6816 -0.8157 -0.8157
23600 47.92 23.06 0.00 -0.4398 -0.0735 -0.0735
23625 47.92 23.06 0.00 -0.4398 -0.0735 -0.0735
23650 47.94 23.04 0.00 0.8322 0.2514 0.2514
23675 48.01 23.00 0.00 1.5838 0.7445 0.7445
23700 48.01 23.00 0.00 1.5838 0.7445 0.7445
23725 48.04 22.90 0.00 0.9510 0.1137 0.1137
23750 48.06 22.79 0.00 -0.2252 -0.6904 -0.6904
23775 48.06 22.79 0.00 -0.2252 -0.6904 -0.6904
23800 48.04 22.68 0.00 -0.4829 -0.6602 -0.6602
23825 48.06 22.60 0.00 0.4915 0.8563 0.8563
23850 48.10 22.54 0.00 1.5172 0.2325 0.2325
23875 48.10 22.54 0.00 1.5172 0.2325 0.2325
23900 48.13 22.56 0.00 0.7226 -0.6752 -0.6752
23925 48.11 22.64 0.00 -0.8222 -0.3068 -0.3068
23950 48.11 22.64 0.00 -0.8222 -0.3068 -0.3068
23975 48.08 22.68 0.00 -0.3448 0.2659 0.2659
24000 48.11 22.64 0.00 1.1928 -0.0812 -0.0812
24025 48.11 22.64 0.00 1.1928 -0.0812 -0.0812
24050 48.13 22.52 0.00 -0.2504 -0.5235 -0.5235
24075 48.10 22.39 0.00 -1.0327 0.2500 0.2500
24100 48.10 22.39 0.00 -1.0327 0.2500 0.2500
24125 48.10 22.26 0.00 0.5301 -0.0773 -0.0773
24150 48.13 22.10 0.00 1.1293 -0.6707 -0.6707
24175 48.15 21.97 0.00 -0.1720 -0.7034 -0.7034
24200 48.15 21.97 0.00 -0.1720 -0.7034 -0.7034
24225 48.11 21.89 0.00 -1.1300 0.0384 0.0384
24250 48.08 21.85 0.00 -0.4667 -0.2440 -0.2440
24275 48.08 21.85 0.00 -0.4667 -0.2440 -0.2440
24300 48.08 21.83 0.00 -0.0431 -0.4198 -0.4198
24325 48.06 21.80 0.00 -0.4526 0.1970 0.1970
24350 48.06 21.83 0.00 0.1935 0.6108 0.6108
24375 48.06 21.83 0.00 0.1935 0.6108 0.6108
24400 48.10 21.89 0.00 1.5766 0.9006 0.9006
24425 48.17 21.97 0.00 1.2681 0.5529 0.5529
24450 48.17 21.97 0.00 1.2681 0.5529 0.5529
24475 48.18 22.05 0.00 0.4190 0.7618 0.7618
24500 48.18 22.08 0.00 -0.2488 0.2084 0.2084
24525 48.18 22.08 0.00 -0.2488 0.2084 0.2084
24550 48.17 22.14 0.00 -0.2624 -0.4317 -0.4317
24575 48.17 22.26 0.00 -0.4016 -0.9048 -0.9048
24600 48.17 22.26 0.00 -0.4016 -0.9048 -0.9048
24625 48.13 22.41 0.00 -0.6228 -0.3183 -0.3183
24650 48.11 22.50 0.00 -0.3619 -0.3962 -0.3962
24675 48.11 22.56 0.00 -0.4670 -1.1129 -1.1129
24700 48.11 22.56 0.00 -0.4670 -1.1129 -1.1129
24725 48.08 22.60 0.00 -1.2709 -0.8154 -0.8154
24750 48.04 22.62 0.00 -0.5528 -0.0565 -0.0565
24775 48.06 22.66 0.00 1.4031 0.6315 0.6315
24800 48.06 22.66 0.00 1.4031 0.6315 0.6315
24825 48.11 22.69 0.00 0.9474 0.6106 0.6106
24850 48.11 22.71 0.00 -0.6820 0.1617 0.1617
24875 48.11 22.71 0.00 -0.6820 0.1617 0.1617
24900 48.10 22.69 0.00 -0.5704 0.8237 0.8237
24925 48.06 22.64 0.00 -1.3598 -1.9912 -1.9912
24950 48.06 22.64 0.00 -1.3598 -1.9912 -1.9912
24975 48.01 22.54 0.00 -1.1148 1.2457 1.2457
25000 47.96 22.31 0.00 -0.9792 1.0667 1.0667
25025 47.94 21.97 0.00 0.2004 0.3017 0.3017
25050 47.94 21.97 0.00 0.2004 0.3017 0.3017
25075 47.92 21.60 0.00 -1.1435 -1.4460 -1.4460
25100 47.87 21.32 0.00 -1.8261 -0.8735 -0.8735
25125 47.87 21.32 0.00 -1.8261 -0.8735 -0.8735
25150 47.80 21.16 0.00 -1.2916 -0.8865 -0.8865
25175 47.75 21.14 0.00 -1.3325 -1.3182 -1.3182
25200 47.75 21.14 0.00 -1.3325 -1.3182 -1.3182
25225 47.66 21.16 0.00 -2.8737 -1.8683 -1.8683
25250 47.54 21.12 0.00 -3.1809 -1.4178 -1.4178
25275 47.54 21.12 0.00 -3.1809 -1.4178 -1.4178
25300 47.40 20.93 0.00 -3.4625 -1.9117 -1.9117
25325 47.28 20.66 0.00 -3.2309 -2.4021 -2.4021
25350 47.19 20.46 0.00 -2.7395 -3.0333 -3.0333
25375 47.19 20.46 0.00 -2.7395 -3.0333 -3.0333
25400 47.08 20.25 0.00 -2.1837 -2.7243 -2.7243
25425 47.01 20.13 0.00 -1.2901 -1.4468 -1.4468
25450 47.01 20.13 0.00 -1.2901 -1.4468 -1.4468
25475 47.00 20.04 0.00 -0.2648 -0.2465 -0.2465
25500 47.00 19.86 0.00 -0.1635 -0.5489 -0.5489
25525 47.00 19.86 0.00 -0.1635 -0.5489 -0.5489
25550 46.98 19.69 0.00 -0.2142 -0.3788 -0.3788
25575 46.96 19.55 0.00 -1.0794 -1.1064 -1.1064
25600 46.89 19.41 0.00 -1.4815 -1.2313 -1.2313
25625 46.89 19.41 0.00 -1.4815 -1.2313 -1.2313
25650 46.87 19.30 0.00 -0.2376 0.2644 0.2644
25675 46.89 19.24 0.00 0.6719 -0.2808 -0.2808
25700 46.91 19.30 0.00 0.0655 -0.4433 -0.4433
25725 46.91 19.30 0.00 0.0655 -0.4433 -0.4433
25750 46.89 19.38 0.00 -0.6709 -0.0530 -0.0530
25775 46.87 19.41 0.00 -0.0847 0.4107 0.4107
25800 46.87 19.41 0.00 -0.0847 0.4107 0.4107
25825 46.87 19.39 0.00 -0.0514 -1.7714 -1.7714
25850 46.86 19.34 0.00 -0.2708 0.6154 0.6154
25875 46.86 19.34 0.00 -0.2708 0.6154 0.6154
25900 46.84 19.24 0.00 -0.4383 0.3318 0.3318
25925 46.84 19.14 0.00 0.5659 0.4670 0.4670
25950 46.84 19.14 0.00 0.5659 0.4670 0.4670
25975 46.86 19.06 0.00 0.3328 0.9711 0.9711
26000 46.87 19.03 0.00 0.2545 1.4609 1.4609
26025 46.87 19.03 0.00 0.0643 0.4495 0.4495
26050 46.87 19.03 0.00 0.0643 0.4495 0.4495
26075 46.87 19.03 0.00 -0.0339 -0.0638 -0.0638
26100 46.86 19.03 0.00 -0.7401 -0.7692 -0.7692
26125 46.86 19.03 0.00 -0.7401 -0.7692 -0.7692
26150 46.80 19.06 0.00 -1.3151 -0.2494 -0.2494
26175 46.79 19.06 0.00 -0.1085 0.4565 0.4565
26200 46.79 19.06 0.00 -0.1085 0.4565 0.4565
26225 46.80 19.06 0.00 0.8591 0.0329 0.0329
26250 46.86 19.12 0.00 0.9705 -0.0687 -0.0687
26275 46.86 19.12 0.00 0.9705 -0.0687 -0.0687
26300 46.84 19.20 0.00 -0.8063 -0.3554 -0.3554
26325 46.79 19.32 0.00 -1.7941 -0.8688 -0.8688
26350 46.72 19.45 0.00 -1.4158 -1.3112 -1.3112
26375 46.72 19.45 0.00 -1.4158 -1.3112 -1.3112
26400 46.60 19.59 0.00 -5.0381 -1.3321 -1.3321
26425 46.30 19.74 0.00 -9.9082 -1.7653 -1.7653
26450 46.30 19.74 0.00 -9.9082 -1.7653 -1.7653
26475 45.72 19.85 0.00 -16.0175 -3.9648 -3.9648
26500 45.06 20.01 0.00 -16.3575 -4.4728 -4.4728
26525 44.51 20.16 0.00 -11.4824 -1.7268 -1.7268
26550 44.51 20.16 0.00 -11.4824 -1.7268 -1.7268
26575 44.23 20.29 0.00 -3.3429 -0.1742 -0.1742
26600 44.30 20.42 0.00 3.7685 1.5165 1.5165
26625 44.30 20.42 0.00 3.7685 1.5165 1.5165
26650 44.44 20.52 0.00 2.3484 1.8607 1.8607
26675 44.46 20.56 0.00 -0.1964 1.8790 1.8790
26700 44.46 20.52 0.00 -0.2750 -0.5878 -0.5878
26725 44.46 20.52 0.00 -0.2750 -0.5878 -0.5878
26750 44.44 20.45 0.00 0.3874 -0.0981 -0.0981
26775 44.48 20.31 0.00 0.8867 1.0540 1.0540
26800 44.48 20.31 0.00 0.8867 1.0540 1.0540
26825 44.53 20.18 0.00 1.5872 1.2840 1.2840
26850 44.58 20.04 0.00 0.6282 0.4127 0.4127
26875 44.58 20.04 0.00 0.6282 0.4127 0.4127
26900 44.58 19.81 0.00 0.1890 0.5490 0.5490
26925 44.60 19.62 0.00 0.2949 -0.7489 -0.7489
26950 44.60 19.62 0.00 0.2949 -0.7489 -0.7489
26975 44.60 19.50 0.00 -0.1108 -2.2587 -2.2587
27000 44.57 19.38 0.00 -1.3848 -2.3681 -2.3681
27025 44.50 19.28 0.00 -1.7406 -1.5718 -1.5718
27050 44.50 19.28 0.00 -1.7406 -1.5718 -1.5718
27075 44.44 19.20 0.00 -1.0571 -1.5158 -1.5158
27100 44.43 19.15 0.00 -0.2614 -1.3215 -1.3215
27125 44.43 19.15 0.00 -0.2614 -1.3215 -1.3215
27150 44.41 19.09 0.00 -0.0005 -0.3201 -0.3201
27175 44.43 19.03 0.00 0.5039 -0.0799 -0.0799
27200 44.43 19.03 0.00 0.5039 -0.0799 -0.0799
27225 44.44 18.97 0.00 0.6404 -0.5630 -0.5630
27250 44.48 18.93 0.00 0.4953 0.1171 0.1171
27275 44.48 18.91 0.00 0.1563 0.2050 0.2050
27300 44.48 18.91 0.00 0.1563 0.2050 0.2050
27325 44.50 18.93 0.00 0.3815 0.0046 0.0046
27350 44.48 18.91 0.00 -0.9483 -1.7949 -1.7949
27375 44.48 18.91 0.00 -0.9483 -1.7949 -1.7949
27400 44.41 18.89 0.00 -1.5932 -0.7960 -0.7960
27425 44.39 18.83 0.00 0.2292 0.5487 0.5487
27450 44.39 18.83 0.00 0.2292 0.5487 0.5487
27475 44.46 18.81 0.00 2.1514 -0.1132 -0.1132
27500 44.51 18.87 0.00 0.4849 -0.0811 -0.0811
27525 44.51 18.87 0.00 0.4849 -0.0811 -0.0811
27550 44.48 18.91 0.00 -1.0103 0.4495 0.4495
27575 44.48 18.89 0.00 0.5329 1.2135 1.2135
27600 44.53 18.84 0.00 1.2109 -1.0144 -1.0144
27625 44.53 18.84 0.00 1.2109 -1.0144 -1.0144
27650 44.57 18.72 0.00 1.0478 1.5442 1.5442
27675 44.58 18.56 0.00 0.3291 0.6920 0.6920
27700 44.58 18.56 0.00 0.3291 0.6920 0.6920
27725 44.60 18.45 0.00 0.8546 0.4007 0.4007
27750 44.62 18.33 0.00 0.2214 -0.2599 -0.2599
27775 44.64 18.23 0.00 0.1143 0.9483 0.9483
27800 44.64 18.23 0.00 0.1143 0.9483 0.9483
27825 44.65 18.19 0.00 0.9385 1.4789 1.4789
27850 44.69 18.23 0.00 0.5643 -0.0719 -0.0719
27875 44.69 18.23 0.00 0.5643 -0.0719 -0.0719
27900 44.67 18.29 0.00 -1.4099 -1.0049 -1.0049
27925 44.60 18.35 0.00 -0.9881 -0.2254 -0.2254
27950 44.62 18.35 0.00 0.6287 -0.3961 -0.3961
27975 44.62 18.35 0.00 0.6287 -0.3961 -0.3961
28000 44.64 18.31 0.00 0.6413 -0.8898 -0.8898
28025 44.62 18.33 0.00 -1.1934 -0.8326 -0.8326
28050 44.62 18.33 0.00 -1.1934 -0.8326 -0.8326
28075 44.57 18.41 0.00 -1.7486 -0.3862 -0.3862
28100 44.51 18.54 0.00 -0.8804 -1.1498 -1.1498
28125 44.51 18.54 0.00 -0.8804 -1.1498 -1.1498
28150 44.48 18.70 0.00 -0.8186 -1.7861 -1.7861
28175 44.44 18.76 0.00 -0.8997 -0.9074 -0.9074
28200 44.44 18.76 0.00 -0.8997 -0.9074 -0.9074
28225 44.43 18.76 0.00 -0.0639 -0.1176 -0.1176
28250 44.43 18.76 0.00 -0.2052 -1.1044 -1.1044
28275 44.39 18.77 0.00 -1.2937 -1.7751 -1.7751
28300 44.39 18.77 0.00 -1.2937 -1.7751 -1.7751
28325 44.36 18.81 0.00 -0.7250 0.7547 0.7547
28350 44.36 18.81 0.00 -0.7250 0.7547 0.7547
28375 44.36 18.85 0.00 0.8611 0.0468 0.0468
28400 44.43 18.99 0.00 1.5491 0.4955 0.4955
28425 44.44 19.11 0.00 0.0082 0.9902 0.9902
28450 44.43 19.13 0.00 -0.3461 1.2230 1.2230
28475 44.43 19.13 0.00 -0.3461 1.2230 1.2230
28500 44.44 19.05 0.00 0.3393 0.3014 0.3014
28525 44.43 18.89 0.00 -0.2455 -0.1295 -0.1295
28550 44.43 18.89 0.00 -0.2455 -0.1295 -0.1295
28575 44.41 18.74 0.00 -0.5638 0.5728 0.5728
28600 44.43 18.52 0.00 0.8470 1.2114 1.2114
28625 44.43 18.52 0.00 0.8470 1.2114 1.2114
28650 44.46 18.42 0.00 0.8879 0.2004 0.2004
28675 44.46 18.37 0.00 -0.9942 -0.5326 -0.5326
28700 44.37 18.36 0.00 -1.8874 -0.7569 -0.7569
28725 44.37 18.36 0.00 -1.8874 -0.7569 -0.7569
28750 44.34 18.40 0.00 -0.3936 -1.0792 -1.0792
28775 44.32 18.48 0.00 -1.2293 -2.3347 -2.3347
28800 44.32 18.48 0.00 -1.2293 -2.3347 -2.3347
28825 44.22 18.52 0.00 -3.1728 -2.1330 -2.1330
28850 44.08 18.49 0.00 -3.0474 -1.6101 -1.6101
28875 44.08 18.49 0.00 -3.0474 -1.6101 -1.6101
28900 44.01 18.43 0.00 -1.4915 -2.3131 -2.3131
28925 43.97 18.39 0.00 -0.6070 -2.5413 -2.5413
28950 43.94 18.39 0.00 -0.7969 -1.6915 -1.6915
28975 43.94 18.39 0.00 -0.7969 -1.6915 -1.6915
29000 43.90 18.41 0.00 -1.2715 -0.9492 -0.9492
29025 43.85 18.41 0.00 -1.2279 -0.7474 -0.7474
29050 43.85 18.41 0.00 -1.2279 -0.7474 -0.7474
29075 43.80 18.37 0.00 -1.2445 -0.7989 -0.7989
29100 43.74 18.29 0.00 -1.5656 -1.3088 -1.3088
29125 43.74 18.29 0.00 -1.5656 -1.3088 -1.3088
29150 43.67 18.21 0.00 -1.9014 -1.1014 -1.1014
29175 43.59 18.09 0.00 -2.1445 -1.8505 -1.8505
29200 43.52 17.95 0.00 -0.9377 0.0899 0.0899
29225 43.52 17.95 0.00 -0.9377 0.0899 0.0899
29250 43.50 17.84 0.00 -0.0025 0.1535 0.1535
29275 43.52 17.74 0.00 0.3915 -0.1438 -0.1438
29300 43.52 17.74 0.00 0.3915 -0.1438 -0.1438
29325 43.48 17.72 0.00 -1.6961 -1.3679 -1.3679
29350 43.43 17.72 0.00 -2.2996 -1.3074 -1.3074
29375 43.43 17.72 0.00 -2.2996 -1.3074 -1.3074
29400 43.36 17.69 0.00 -1.0702 0.1362 0.1362
29425 43.34 17.62 0.00 -0.0600 -1.6488 -1.6488
29450 43.34 17.44 0.00 -0.2686 0.0850 0.0850
29475 43.34 17.44 0.00 -0.2686 0.0850 0.0850
29500 43.29 17.28 0.00 -1.5028 -0.7734 -0.7734
29525 43.25 17.14 0.00 -0.4162 -0.4018 -0.4018
29550 43.25 17.14 0.00 -0.4162 -0.4018 -0.4018
29575 43.20 16.98 0.00 -2.4199 -1.2601 -1.2601
29600 43.10 16.88 0.00 -2.8300 -0.3081 -0.3081
29625 43.10 16.88 0.00 -2.8300 -0.3081 -0.3081
29650 42.97 16.82 0.00 -3.8557 -1.7476 -1.7476
29675 42.78 16.79 0.00 -5.1645 -2.0251 -2.0251
29700 42.53 16.79 0.00 -6.6117 -2.9453 -2.9453
29725 42.53 16.79 0.00 -6.6117 -2.9453 -2.9453
29750 42.27 16.74 0.00 -6.6071 -2.5760 -2.5760
29775 42.02 16.61 0.00 -6.2341 -1.5487 -1.5487
29800 42.02 16.61 0.00 -6.2341 -1.5487 -1.5487
29825 41.74 16.49 0.00 -7.7552 -3.2857 -3.2857
29850 41.36 16.42 0.00 -10.8062 -4.2090 -4.2090
29875 40.90 16.34 0.00 -11.7005 -3.8620 -3.8620
29900 40.90 16.34 0.00 -11.7005 -3.8620 -3.8620
29925 40.49 16.31 0.00 -8.7134 -3.1548 -3.1548
29950 40.49 16.31 0.00 -8.7134 -3.1548 -3.1548
29975 40.30 16.30 0.00 -2.3651 -1.6962 -1.6962
30000 40.32 16.26 0.00 1.6380 -1.3121 -1.3121
30025 40.39 16.22 0.00 1.3417 0.6330 0.6330
30050 40.39 16.22 0.00 1.3417 0.6330 0.6330
30075 40.35 16.10 0.00 -1.9620 -0.1302 -0.1302
30100 40.23 15.92 0.00 -3.9121 -1.4536 -1.4536
30125 40.11 15.72 0.00 -4.6859 -1.8960 -1.8960
30150 40.11 15.72 0.00 -4.6859 -1.8960 -1.8960
30175 39.86 15.49 0.00 -5.6194 -1.6805 -1.6805
30200 39.86 15.49 0.00 -5.6194 -1.6805 -1.6805
30225 39.65 15.30 0.00 -5.4493 -1.1141 -1.1141
30250 39.40 15.11 0.00 -6.9016 -1.3213 -1.3213
30275 38.84 14.81 0.00 -19.4022 -4.3071 -4.3071
30300 38.84 14.81 0.00 -19.4022 -4.3071 -4.3071
30325 37.81 14.40 0.00 -29.0555 -6.0312 -6.0312
30350 36.55 13.91 0.00 -32.1098 -11.5224 -11.5224
30375 36.55 13.91 0.00 -32.1098 -11.5224 -11.5224
30400 35.32 13.40 0.00 -29.2948 -9.6297 -9.6297
30425 34.34 12.85 0.00 -20.9714 -4.0751 -4.0751
30450 34.34 12.85 0.00 -20.9714 -4.0751 -4.0751
30475 33.75 12.36 0.00 -10.6149 -1.9679 -1.9679
30500 33.55 11.98 0.00 -1.1209 -1.1619 -1.1619
30525 33.66 11.74 0.00 3.8107 -0.3053 -0.3053
30550 33.66 11.74 0.00 3.8107 -0.3053 -0.3053
30575 33.79 11.67 0.00 2.0237 -0.1412 -0.1412
30600 33.77 11.62 0.00 -1.8639 -0.8077 -0.8077
30625 33.68 11.60 0.00 -1.6725 -2.2153 -2.2153
30650 33.68 11.60 0.00 -1.6725 -2.2153 -2.2153
30675 33.62 11.57 0.00 -1.7285 -4.4594 -4.4594
30700 33.57 11.53 0.00 -1.1611 -2.3774 -2.3774
30725 33.57 11.53 0.00 -1.1611 -2.3774 -2.3774
30750 33.57 11.49 0.00 1.1031 -1.0692 -1.0692
30775 33.57 11.49 0.00 1.1031 -1.0692 -1.0692
30800 33.70 11.50 0.00 3.9271 -0.4053 -0.4053
30825 33.82 11.59 0.00 1.9252 -0.9053 -0.9053
30850 33.82 11.59 0.00 1.9252 -0.9053 -0.9053
30875 33.84 11.73 0.00 0.3505 0.9300 0.9300
30900 33.91 11.88 0.00 3.1656 2.6414 2.6414
30925 34.07 11.95 0.00 6.0023 2.0396 2.0396
30950 34.07 11.95 0.00 6.0023 2.0396 2.0396
30975 34.32 12.09 0.00 5.2896 1.2538 1.2538
31000 34.54 12.25 0.00 5.8685 5.3416 5.3416
31025 34.54 12.25 0.00 5.8685 5.3416 5.3416
31050 34.82 12.51 0.00 8.9294 4.4993 4.4993
31075 35.29 12.99 0.00 13.0253 4.8224 4.8224
31100 35.73 13.69 0.00 9.3353 4.2046 4.2046
31125 35.73 13.69 0.00 9.3353 4.2046 4.2046
31150 35.96 14.41 0.00 3.1127 4.0145 4.0145
31175 35.98 15.09 0.00 -1.2653 1.5591 1.5591
31200 35.98 15.09 0.00 -1.2653 1.5591 1.5591
31225 35.91 15.63 0.00 -1.0714 1.7437 1.7437
31250 35.93 15.99 0.00 1.4551 1.4200 1.4200
31275 36.02 16.18 0.00 2.6293 0.3519 0.3519
31300 36.02 16.18 0.00 2.6293 0.3519 0.3519
31325 36.07 16.32 0.00 0.6923 0.1549 0.1549
31350 36.09 16.52 0.00 0.1679 0.1928 0.1928
31375 36.09 16.52 0.00 0.1679 0.1928 0.1928
31400 36.12 16.80 0.00 0.9814 0.4772 0.4772
31425 36.16 17.14 0.00 0.4399 0.0047 0.0047
31450 36.16 17.48 0.00 -0.6016 0.3371 0.3371
31475 36.16 17.48 0.00 -0.6016 0.3371 0.3371
31500 36.11 17.83 0.00 -1.7817 -0.0002 -0.0002
31525 36.03 18.20 0.00 -1.2646 1.0161 1.0161
31550 36.03 18.20 0.00 -1.2646 1.0161 1.0161
31575 36.03 18.46 0.00 0.8781 1.2718 1.2718
31600 36.11 18.64 0.00 1.9281 1.0625 1.0625
31625 36.11 18.64 0.00 1.9281 1.0625 1.0625
31650 36.14 18.78 0.00 1.0598 0.8891 0.8891
31675 36.18 19.03 0.00 0.4251 0.9044 0.9044
31700 36.16 19.35 0.00 -0.2816 0.5738 0.5738
31725 36.16 19.35 0.00 -0.2816 0.5738 0.5738
31750 36.18 19.70 0.00 0.5955 1.3039 1.3039
31775 36.18 19.70 0.00 0.5955 1.3039 1.3039
31800 36.25 20.03 0.00 2.5651 1.7356 1.7356
31825 36.37 20.35 0.00 3.5669 1.7700 1.7700
31850 36.52 20.63 0.00 3.3579 2.7253 2.7253
31875 36.52 20.63 0.00 3.3579 2.7253 2.7253
31900 36.67 20.89 0.00 4.9494 4.4327 4.4327
31925 36.91 21.21 0.00 5.5926 3.6997 3.6997
31950 37.07 21.60 0.00 2.6944 3.4766 3.4766
31975 37.07 21.60 0.00 2.6944 3.4766 3.4766
32000 37.08 21.99 0.00 -0.1719 2.1940 2.1940
32025 37.07 22.33 0.00 -0.5105 1.8436 1.8436
32050 37.07 22.33 0.00 -0.5105 1.8436 1.8436
32075 37.03 22.60 0.00 -1.7791 -1.7428 -1.7428
32100 37.03 22.60 0.00 -1.7791 -1.7428 -1.7428
32125 36.96 22.75 0.00 -1.9420 -0.6869 -0.6869
32150 36.87 22.73 0.00 -2.0808 -1.8455 -1.8455
32175 36.80 22.67 0.00 -1.5110 -1.5968 -1.5968
32200 36.73 22.59 0.00 -2.4769 -1.6547 -1.6547
32225 36.73 22.59 0.00 -2.4769 -1.6547 -1.6547
32250 36.62 22.45 0.00 -1.9301 -0.4339 -0.4339
32275 36.59 22.39 0.00 -0.5709 -1.3352 -1.3352
32300 36.59 22.39 0.00 -0.5709 -1.3352 -1.3352
32325 36.53 22.35 0.00 -2.0794 -1.7180 -1.7180
32350 36.41 22.36 0.00 -3.3116 -1.3156 -1.3156
32375 36.27 22.44 0.00 -4.5082 -2.3617 -2.3617
32400 36.27 22.44 0.00 -4.5082 -2.3617 -2.3617
32425 36.00 22.62 0.00 -7.9286 -1.0964 -1.0964
32450 35.71 22.82 0.00 -6.2983 -1.2219 -1.2219
32475 35.71 22.82 0.00 -6.2983 -1.2219 -1.2219
32500 35.55 22.94 0.00 -5.0987 -1.5004 -1.5004
32525 35.29 23.14 0.00 -7.8951 -1.6388 -1.6388
32550 35.29 23.14 0.00 -7.8951 -1.6388 -1.6388
32575 34.86 23.47 0.00 -12.8893 -2.6849 -2.6849
32600 34.23 23.81 0.00 -16.9340 -2.6671 -2.6671
32625 34.23 23.81 0.00 -16.9340 -2.6671 -2.6671
32650 33.59 24.16 0.00 -14.1075 -2.2949 -2.2949
32675 33.16 24.52 0.00 -9.0185 -2.6348 -2.6348
32700 33.16 24.52 0.00 -9.0185 -2.6348 -2.6348
32725 32.89 24.89 0.00 -5.2465 -1.4884 -1.4884
32750 32.76 25.23 0.00 -1.8276 1.1653 1.1653
32775 32.76 25.23 0.00 -1.8276 1.1653 1.1653
32800 32.73 25.53 0.00 0.2813 2.0383 2.0383
32825 32.82 25.93 0.00 3.8422 2.9150 2.9150
32850 33.00 26.41 0.00 4.4114 3.2315 3.2315
32875 33.00 26.41 0.00 4.4114 3.2315 3.2315
32900 33.14 26.93 0.00 2.6497 3.8115 3.8115
32925 33.23 27.46 0.00 2.2576 3.9728 3.9728
32950 33.32 27.88 0.00 2.4092 2.9760 2.9760
32975 33.32 27.88 0.00 2.4092 2.9760 2.9760
33000 33.45 28.15 0.00 3.6308 2.5606 2.5606
33025 33.45 28.15 0.00 3.6308 2.5606 2.5606
33050 33.57 28.30 0.00 2.7768 1.1842 1.1842
33075 33.61 28.42 0.00 -0.2111 0.3752 0.3752
33100 33.55 28.53 0.00 -1.8637 -0.6367 -0.6367
33125 33.55 28.53 0.00 -1.8637 -0.6367 -0.6367
33150 33.50 28.60 0.00 -1.4402 -1.0051 -1.0051
33175 33.43 28.73 0.00 -2.2244 -2.1731 -2.1731
33200 33.43 28.73 0.00 -2.2244 -2.1731 -2.1731
33225 33.32 28.85 0.00 -2.6686 -2.1873 -2.1873
33250 33.21 28.96 0.00 -2.5409 -1.7282 -1.7282
33275 33.21 28.96 0.00 -2.5409 -1.7282 -1.7282
33300 33.16 29.00 0.00 -0.6966 -0.9803 -0.9803
33325 33.14 28.92 0.00 -1.0800 -1.6417 -1.6417
33350 33.14 28.92 0.00 -1.0800 -1.6417 -1.6417
33375 33.03 28.79 0.00 -3.4813 -1.6788 -1.6788
33400 32.87 28.67 0.00 -4.3704 -2.7501 -2.7501
33425 32.60 28.56 0.00 -9.5096 -3.3493 -3.3493
33450 32.60 28.56 0.00 -9.5096 -3.3493 -3.3493
33475 32.04 28.48 0.00 -15.2740 -3.4700 -3.4700
33500 31.41 28.49 0.00 -15.3692 -4.2969 -4.2969
33525 30.89 28.62 0.00 -12.2102 -3.9794 -3.9794
33550 30.89 28.62 0.00 -12.2102 -3.9794 -3.9794
33575 30.33 28.73 0.00 -15.9452 -3.4312 -3.4312
33600 29.62 28.84 0.00 -18.2976 -3.6748 -3.6748
33625 29.62 28.84 0.00 -18.2976 -3.6748 -3.6748
33650 28.89 29.03 0.00 -17.6593 -2.9326 -2.9326
33675 28.12 29.28 0.00 -20.6398 -3.5649 -3.5649
33700 27.32 29.60 0.00 -19.5643 -2.4995 -2.4995
33725 27.32 29.60 0.00 -19.5643 -2.4995 -2.4995
33750 26.64 29.99 0.00 -14.1761 -1.5330 -1.5330
33775 26.27 30.41 0.00 -7.0345 -1.6823 -1.6823
33800 26.27 30.41 0.00 -7.0345 -1.6823 -1.6823
33825 26.07 30.77 0.00 -4.1573 -0.5995 -0.5995
33850 25.88 31.10 0.00 -4.4330 -0.2701 -0.2701
33875 25.88 31.10 0.00 -4.4330 -0.2701 -0.2701
33900 25.77 31.32 0.00 -2.2787 1.4395 1.4395
33925 25.73 31.49 0.00 -0.6478 1.8622 1.8622
33950 25.64 31.63 0.00 -3.1622 1.7894 1.7894
33975 25.64 31.63 0.00 -3.1622 1.7894 1.7894
34000 25.51 31.80 0.00 -2.3730 2.0421 2.0421
34025 25.46 31.96 0.00 -1.8166 0.9350 0.9350
34050 25.46 31.96 0.00 -1.8166 0.9350 0.9350
34075 25.33 32.11 0.00 -5.7238 0.4334 0.4334
34100 24.97 32.31 0.00 -10.0197 0.4811 0.4811
34125 24.97 32.31 0.00 -10.0197 0.4811 0.4811
34150 24.55 32.55 0.00 -11.3336 -1.3452 -1.3452
34175 24.06 32.77 0.00 -12.5792 -0.5123 -0.5123
34200 24.06 32.77 0.00 -12.5792 -0.5123 -0.5123
34225 23.60 32.98 0.00 -10.2293 -0.2570 -0.2570
34250 23.24 33.11 0.00 -8.4515 -0.8507 -0.8507
34275 23.24 33.11 0.00 -8.4515 -0.8507 -0.8507
34300 22.94 33.21 0.00 -6.7889 -0.6332 -0.6332
34325 22.70 33.27 0.00 -5.6086 -0.5645 -0.5645
34350 22.53 33.35 0.00 -2.8837 0.0625 0.0625
34375 22.53 33.35 0.00 -2.8837 0.0625 0.0625
34400 22.51 33.47 0.00 0.5363 -1.0239 -1.0239
34425 22.49 33.56 0.00 -1.3512 -0.7286 -0.7286
34450 22.49 33.56 0.00 -1.3512 -0.7286 -0.7286
34475 22.44 33.67 0.00 -0.5320 0.2356 0.2356
34500 22.44 33.74 0.00 -0.1174 -0.8865 -0.8865
34525 22.34 33.78 0.00 -4.6067 -0.1311 -0.1311
34550 22.34 33.78 0.00 -4.6067 -0.1311 -0.1311
34575 22.10 33.74 0.00 -6.6698 0.7067 0.7067
34600 21.89 33.75 0.00 -3.7930 -0.1683 -0.1683
34625 21.89 33.75 0.00 -3.7930 -0.1683 -0.1683
34650 21.72 33.80 0.00 -5.0225 -1.3494 -1.3494
34675 21.44 33.84 0.00 -8.3055 0.1962 0.1962
34700 21.44 33.84 0.00 -8.3055 0.1962 0.1962
34725 21.06 33.86 0.00 -9.7541 0.3663 0.3663
34750 20.64 33.88 0.00 -10.9505 -3.4213 -3.4213
34775 20.64 33.88 0.00 -10.9505 -3.4213 -3.4213
34800 20.11 33.87 0.00 -14.4895 -1.8657 -1.8657
34825 19.54 33.73 0.00 -13.1114 -1.2608 -1.2608
34850 19.27 33.58 0.00 -6.7675 -1.9206 -1.9206
34875 19.27 33.58 0.00 -6.7675 -1.9206 -1.9206
34900 19.18 33.37 0.00 -0.1789 -3.7295 -3.7295
34925 19.22 33.14 0.00 0.5071 -1.9081 -1.9081
34950 19.22 33.14 0.00 0.5071 -1.9081 -1.9081
34975 19.20 33.01 0.00 -0.7649 -0.7832 -0.7832
35000 19.10 33.00 0.00 -3.7109 -1.8563 -1.8563
35025 18.91 33.07 0.00 -5.1370 -2.4901 -2.4901
35050 18.91 33.07 0.00 -5.1370 -2.4901 -2.4901
35075 18.66 33.15 0.00 -6.6620 -2.6139 -2.6139
35100 18.37 33.21 0.00 -7.0873 -1.7507 -1.7507
35125 18.37 33.21 0.00 -7.0873 -1.7507 -1.7507
35150 18.09 33.30 0.00 -7.0633 -2.3730 -2.3730
35175 17.86 33.37 0.00 -4.9297 -3.1900 -3.1900
35200 17.59 33.45 0.00 -8.3984 -3.5881 -3.5881
35225 17.59 33.45 0.00 -8.3984 -3.5881 -3.5881
35250 17.08 33.55 0.00 -15.5916 -2.6634 -2.6634
35275 16.44 33.70 0.00 -15.1110 -2.6491 -2.6491
35300 16.44 33.70 0.00 -15.1110 -2.6491 -2.6491
35325 15.90 34.00 0.00 -12.5889 -3.1227 -3.1227
35350 15.90 34.00 0.00 -12.5889 -3.1227 -3.1227
35375 15.41 34.41 0.00 -12.1378 -1.6298 -1.6298
35400 15.00 34.80 0.00 -8.5226 -0.7607 -0.7607
35425 14.82 35.17 0.00 -2.2463 1.5599 1.5599
35450 14.82 35.17 0.00 -2.2463 1.5599 1.5599
35475 14.82 35.46 0.00 1.2358 0.7558 0.7558
35500 14.90 35.75 0.00 2.2393 1.2192 1.2192
35525 14.90 35.75 0.00 2.2393 1.2192 1.2192
35550 14.94 36.01 0.00 -0.5997 1.1536 1.1536
35575 14.88 36.20 0.00 -2.2592 0.8109 0.8109
35600 14.82 36.37 0.00 -0.2689 0.7749 0.7749
35625 14.82 36.37 0.00 -0.2689 0.7749 0.7749
35650 14.90 36.49 0.00 2.3216 -2.3635 -2.3635
35675 14.96 36.53 0.00 1.2091 1.3046 1.3046
35700 15.02 36.47 0.00 2.6237 1.9668 1.9668
35725 15.02 36.47 0.00 2.6237 1.9668 1.9668
35750 15.20 36.42 0.00 4.5559 0.3320 0.3320
35775 15.29 36.32 0.00 0.6567 0.9023 0.9023
35800 15.29 36.32 0.00 0.6567 0.9023 0.9023
35825 15.29 36.22 0.00 0.4805 1.3501 1.3501
35850 15.39 36.19 0.00 2.8460 -0.1285 -0.1285
35875 15.39 36.19 0.00 2.8460 -0.1285 -0.1285
35900 15.39 36.19 0.00 -2.6265 -0.3628 -0.3628
35925 15.18 36.22 0.00 -5.6396 0.8320 0.8320
35950 15.04 36.32 0.00 -1.9009 -0.2916 -0.2916
35975 15.04 36.32 0.00 -1.9009 -0.2916 -0.2916
36000 14.98 36.51 0.00 -1.7525 0.8651 0.8651
36025 14.94 36.68 0.00 -0.4333 2.0393 2.0393
36050 14.94 36.68 0.00 -0.4333 2.0393 2.0393
36075 14.96 36.90 0.00 1.5916 2.0765 2.0765
36100 14.98 37.17 0.00 -0.8843 2.0423 2.0423
36125 14.98 37.17 0.00 -0.8843 2.0423 2.0423
36150 14.90 37.45 0.00 -1.7533 2.8252 2.8252
36175 14.88 37.69 0.00 0.4000 1.3371 1.3371
36200 14.88 38.00 0.00 -0.7225 0.9735 0.9735
36225 14.88 38.00 0.00 -0.7225 0.9735 0.9735
36250 14.78 38.41 0.00 -3.3576 2.5796 2.5796
36275 14.67 38.87 0.00 -2.0897 2.9750 2.9750
36300 14.67 38.87 0.00 -2.0897 2.9750 2.9750
36325 14.73 39.27 0.00 4.1674 2.6058 2.6058
36350 14.94 39.69 0.00 4.6025 1.8450 1.8450
36375 14.94 39.69 0.00 4.6025 1.8450 1.8450
36400 14.98 40.15 0.00 -1.5922 4.8529 4.8529
36425 14.90 40.44 0.00 -2.6098 4.6087 4.6087
36450 14.90 40.44 0.00 -2.6098 4.6087 4.6087
36475 14.80 40.89 0.00 -2.1298 2.5521 2.5521
36500 14.67 41.39 0.00 -4.4178 2.4999 2.4999
36525 14.45 41.89 0.00 -5.7398 1.1638 1.1638
36550 14.45 41.89 0.00 -5.7398 1.1638 1.1638
36575 14.25 42.35 0.00 -4.7610 1.4999 1.4999
36600 14.04 42.77 0.00 -5.3220 1.2788 1.2788
36625 14.04 42.77 0.00 -5.3220 1.2788 1.2788
36650 13.92 43.16 0.00 -1.0912 1.5171 1.5171
36675 13.96 43.50 0.00 1.0065 0.2294 0.2294
36700 13.96 43.50 0.00 1.0065 0.2294 0.2294
36725 13.96 43.80 0.00 0.0120 1.9114 1.9114
36750 14.04 44.06 0.00 3.5499 1.7501 1.7501
36775 14.29 44.35 0.00 7.7510 -0.1006 -0.1006
36800 14.29 44.35 0.00 7.7510 -0.1006 -0.1006
36825 14.53 44.65 0.00 4.9082 -0.4164 -0.4164
36850 14.71 44.92 0.00 4.0925 1.3143 1.3143
36875 14.71 44.92 0.00 4.0925 1.3143 1.3143
36900 14.90 45.15 0.00 5.6536 0.6260 0.6260
36925 15.10 45.36 0.00 4.3954 -0.1763 -0.1763
36950 15.31 45.47 0.00 5.9405 -0.1113 -0.1113
36975 15.31 45.47 0.00 5.9405 -0.1113 -0.1113
37000 15.63 45.56 0.00 8.8503 -1.0381 -1.0381
37025 15.63 45.56 0.00 8.8503 -1.0381 -1.0381
37050 16.04 45.62 0.00 10.4542 -2.1157 -2.1157
37075 16.37 45.70 0.00 6.7333 -0.6729 -0.6729
37100 16.58 45.80 0.00 4.9568 0.2716 0.2716
37125 16.58 45.80 0.00 4.9568 0.2716 0.2716
37150 16.75 45.97 0.00 3.1285 0.3704 0.3704
37175 16.77 46.08 0.00 0.2851 0.7035 0.7035
37200 16.77 46.08 0.00 0.2851 0.7035 0.7035
37225 16.75 46.23 0.00 -0.8327 0.2249 0.2249
37250 16.75 46.34 0.00 1.0073 1.0086 1.0086
37275 16.85 46.47 0.00 2.9043 0.7470 0.7470
37300 16.85 46.47 0.00 2.9043 0.7470 0.7470
37325 16.97 46.64 0.00 2.3460 1.7438 1.7438
37350 17.04 46.82 0.00 1.7677 2.0534 2.0534
37375 17.04 46.82 0.00 1.7677 2.0534 2.0534
37400 17.10 47.03 0.00 1.5480 1.8205 1.8205
37425 17.14 47.16 0.00 0.6310 1.9592 1.9592
37450 17.14 47.16 0.00 0.6310 1.9592 1.9592
37475 17.18 47.19 0.00 1.4689 -0.6956 -0.6956
37500 17.31 47.16 0.00 4.3597 -0.2757 -0.2757
37525 17.31 47.16 0.00 4.3597 -0.2757 -0.2757
37550 17.53 47.18 0.00 6.4153 0.2025 0.2025
37575 17.76 47.28 0.00 5.3219 2.0746 2.0746
37600 17.76 47.28 0.00 5.3219 2.0746 2.0746
37625 17.95 47.45 0.00 4.5041 2.7377 2.7377
37650 18.16 47.65 0.00 5.9699 2.9432 2.9432
37675 18.39 47.86 0.00 5.7159 2.3890 2.3890
37700 18.39 47.86 0.00 5.7159 2.3890 2.3890
37725 18.59 48.10 0.00 3.9939 1.9192 1.9192
37750 18.72 48.28 0.00 3.2852 0.9533 0.9533
37775 18.72 48.28 0.00 3.2852 0.9533 0.9533
37800 18.83 48.45 0.00 2.8076 0.8716 0.8716
37825 18.99 48.63 0.00 4.1721 0.7908 0.7908
37850 18.99 48.63 0.00 4.1721 0.7908 0.7908
37875 19.14 48.87 0.00 3.2821 0.0907 0.0907
37900 19.20 49.06 0.00 1.8458 1.3138 1.3138
37925 19.29 49.31 0.00 3.0961 2.8810 2.8810
37950 19.29 49.31 0.00 3.0961 2.8810 2.8810
37975 19.52 49.54 0.00 7.4778 2.4607 2.4607
38000 19.90 49.74 0.00 10.4949 2.7956 2.7956
38025 19.90 49.74 0.00 10.4949 2.7956 2.7956
38050 20.32 49.93 0.00 10.1269 3.3627 3.3627
38075 20.66 50.15 0.00 7.4917 4.1243 4.1243
38100 20.91 50.40 0.00 5.9869 3.9841 3.9841
38125 20.91 50.40 0.00 5.9869 3.9841 3.9841
38150 21.16 50.64 0.00 6.3469 2.2433 2.2433
38175 21.44 50.88 0.00 8.1622 1.2177 1.2177
38200 21.44 50.88 0.00 8.1622 1.2177 1.2177
38225 21.82 51.12 0.00 9.3533 2.7619 2.7619
38250 22.17 51.39 0.00 8.6652 2.9703 2.9703
38275 22.17 51.39 0.00 8.6652 2.9703 2.9703
38300 22.51 51.65 0.00 8.3252 3.2272 3.2272
38325 22.85 51.92 0.00 8.8821 2.4966 2.4966
38350 23.19 52.15 0.00 7.8030 2.3947 2.3947
38375 23.19 52.15 0.00 7.8030 2.3947 2.3947
38400 23.41 52.37 0.00 3.9191 2.9616 2.9616
38425 23.50 52.55 0.00 1.8886 2.5651 2.5651
38450 23.50 52.55 0.00 1.8886 2.5651 2.5651
38475 23.60 52.70 0.00 2.3660 1.6571 1.6571
38500 23.77 52.81 0.00 5.3856 0.9036 0.9036
38525 23.77 52.81 0.00 5.3856 0.9036 0.9036
38550 24.03 52.90 0.00 6.6433 0.9980 0.9980
38575 24.23 52.99 0.00 3.9929 2.3088 2.3088
38600 24.34 53.13 0.00 2.9827 3.4923 3.4923
38625 24.34 53.13 0.00 2.9827 3.4923 3.4923
38650 24.49 53.33 0.00 4.2978 2.4136 2.4136
38675 24.70 53.51 0.00 5.1289 0.5573 0.5573
38700 24.70 53.51 0.00 5.1289 0.5573 0.5573
38725 24.86 53.62 0.00 3.4822 0.5873 0.5873
38750 24.99 53.65 0.00 2.9868 0.2847 0.2847
38775 25.07 53.69 0.00 3.2244 0.3811 0.3811
38800 25.07 53.69 0.00 3.2244 0.3811 0.3811
38825 25.22 53.78 0.00 4.1312 -0.2545 -0.2545
38850 25.49 53.90 0.00 8.6371 0.1769 0.1769
38875 25.49 53.90 0.00 8.6371 0.1769 0.1769
38900 25.94 54.03 0.00 11.9637 1.0213 1.0213
38925 26.40 54.17 0.00 10.7771 2.7752 2.7752
38950 26.40 54.17 0.00 10.7771 2.7752 2.7752
38975 26.77 54.38 0.00 8.3403 2.7848 2.7848
39000 27.04 54.62 0.00 6.4021 2.1949 2.1949
39025 27.04 54.62 0.00 6.4021 2.1949 2.1949
39050 27.30 54.83 0.00 6.4057 1.3870 1.3870
39075 27.57 55.04 0.00 6.9062 1.7905 1.7905
39100 27.85 55.24 0.00 6.6699 0.7639 0.7639
39125 27.85 55.24 0.00 6.6699 0.7639 0.7639
39150 28.09 55.43 0.00 5.7023 0.8879 0.8879
39175 28.31 55.59 0.00 5.7850 2.0367 2.0367
39200 28.31 55.59 0.00 5.7850 2.0367 2.0367
39225 28.58 55.72 0.00 7.7567 1.5627 1.5627
39250 28.93 55.84 0.00 9.3145 2.0490 2.0490
39275 28.93 55.84 0.00 9.3145 2.0490 2.0490
39300 29.33 55.93 0.00 10.1577 1.7571 1.7571
39325 29.78 55.96 0.00 12.3083 1.8862 1.8862
39350 29.78 55.96 0.00 12.3083 1.8862 1.8862
39375 30.27 55.94 0.00 11.3903 0.4234 0.4234
39400 30.60 55.90 0.00 11.0737 1.5576 1.5576
39425 31.12 55.76 0.00 10.1962 1.1569 1.1569
39450 31.12 55.76 0.00 10.1962 1.1569 1.1569
39475 31.54 55.68 0.00 10.9000 0.8160 0.8160
39500 31.88 55.65 0.00 11.8761 0.8155 0.8155
39525 31.88 55.65 0.00 11.8761 0.8155 0.8155
39550 32.39 55.59 0.00 12.8107 1.0534 1.0534
39575 32.91 55.57 0.00 13.4920 1.1965 1.1965
39600 33.45 55.52 0.00 13.2560 0.4561 0.4561
39625 33.45 55.52 0.00 13.2560 0.4561 0.4561
39650 33.91 55.48 0.00 10.1251 0.1131 0.1131
39675 34.20 55.48 0.00 5.9140 0.5307 0.5307
39700 34.20 55.48 0.00 5.9140 0.5307 0.5307
39725 34.38 55.49 0.00 3.3155 1.0755 1.0755
39750 34.48 55.53 0.00 2.4122 1.1866 1.1866
39775 34.48 55.53 0.00 2.4122 1.1866 1.1866
39800 34.59 55.56 0.00 2.7850 0.4024 0.4024
39825 34.72 55.58 0.00 3.3607 0.2247 0.2247
39850 34.84 55.58 0.00 2.8263 0.6647 0.6647
39875 34.84 55.58 0.00 2.8263 0.6647 0.6647
39900 34.93 55.56 0.00 1.9440 0.9470 0.9470
39925 34.98 55.55 0.00 0.6452 0.7467 0.7467
39950 34.98 55.55 0.00 0.6452 0.7467 0.7467
39975 34.97 55.53 0.00 -0.9013 -0.0346 -0.0346
40000 34.93 55.55 0.00 -0.9291 -0.0567 -0.0567
40025 34.91 55.58 0.00 0.5798 0.2461 0.2461
40050 34.91 55.58 0.00 0.5798 0.2461 0.2461
40075 34.98 55.65 0.00 2.3080 -0.3160 -0.3160
40100 35.14 55.69 0.00 4.5579 -0.1436 -0.1436
40125 35.14 55.69 0.00 4.5579 -0.1436 -0.1436
40150 35.34 55.65 0.00 5.1223 1.4730 1.4730
40175 35.54 55.58 0.00 4.8386 1.1519 1.1519
40200 35.54 55.58 0.00 4.8386 1.1519 1.1519
40225 35.75 55.60 0.00 5.6760 0.5430 0.5430
40250 36.02 55.59 0.00 6.9041 -0.1892 -0.1892
40275 36.36 55.45 0.00 9.4584 -1.0767 -1.0767
40300 36.36 55.45 0.00 9.4584 -1.0767 -1.0767
40325 36.67 55.33 0.00 11.5050 -1.3158 -1.3158
40350 37.12 55.17 0.00 10.4238 -2.9522 -2.9522
40375 37.12 55.17 0.00 10.4238 -2.9522 -2.9522
40400 37.49 55.04 0.00 8.2862 0.5570 0.5570
40425 37.77 54.96 0.00 6.7757 0.6510 0.6510
40450 37.77 54.96 0.00 6.7757 0.6510 0.6510
40475 38.04 54.88 0.00 6.6436 0.9977 0.9977
40500 38.36 54.81 0.00 9.1819 1.7449 1.7449
40525 38.84 54.72 0.00 13.9221 1.8032 1.8032
40550 38.84 54.72 0.00 13.9221 1.8032 1.8032
40575 39.52 54.62 0.00 18.7391 1.5179 1.5179
40600 40.30 54.55 0.00 19.4300 0.9124 0.9124
40625 40.30 54.55 0.00 19.4300 0.9124 0.9124
40650 40.97 54.51 0.00 14.6959 0.9609 0.9609
40675 41.39 54.53 0.00 8.0778 1.5536 1.5536
40700 41.39 54.53 0.00 8.0778 1.5536 1.5536
40725 41.59 54.56 0.00 2.6207 1.8644 1.8644
40750 41.64 54.63 0.00 0.7522 1.0180 1.0180
40775 41.66 54.70 0.00 0.7383 0.1316 0.1316
40800 41.66 54.70 0.00 0.7383 0.1316 0.1316
40825 41.71 54.79 0.00 1.6037 0.4410 0.4410
40850 41.80 54.86 0.00 2.9039 0.7476 0.7476
40875 41.80 54.86 0.00 2.9039 0.7476 0.7476
40900 41.95 54.95 0.00 4.1906 0.7184 0.7184
40925 42.15 54.98 0.00 5.5331 1.0313 1.0313
40950 42.15 54.98 0.00 5.5331 1.0313 1.0313
40975 42.41 54.98 0.00 6.8957 1.2230 1.2230
41000 42.73 54.89 0.00 8.3805 1.3030 1.3030
41025 42.73 54.89 0.00 8.3805 1.3030 1.3030
41050 43.06 54.77 0.00 7.8741 0.3407 0.3407
41075 43.25 54.70 0.00 6.1694 0.3379 0.3379
41100 43.43 54.61 0.00 3.4971 1.0573 1.0573
41125 43.43 54.61 0.00 3.4971 1.0573 1.0573
41150 43.53 54.54 0.00 2.6640 1.0060 1.0060
41175 43.71 54.47 0.00 5.6934 2.0139 2.0139
41200 44.06 54.31 0.00 10.9818 1.4504 1.4504
41225 44.06 54.31 0.00 10.9818 1.4504 1.4504
41250 44.62 54.10 0.00 15.4872 0.6274 0.6274
41275 45.25 53.93 0.00 14.4341 -0.6755 -0.6755
41300 45.25 53.93 0.00 14.4341 -0.6755 -0.6755
41325 45.70 53.74 0.00 9.3806 1.0570 1.0570
41350 45.90 53.56 0.00 1.9624 1.9104 1.9104
41375 45.90 53.56 0.00 1.9624 1.9104 1.9104
41400 45.84 53.47 0.00 -2.6844 2.8426 2.8426
41425 45.77 53.42 0.00 -0.1647 1.5721 1.5721
41450 45.77 53.42 0.00 -0.1647 1.5721 1.5721
41475 45.93 53.30 0.00 6.1022 1.1259 1.1259
41500 46.25 53.09 0.00 8.6846 2.7438 2.7438
41525 46.61 52.79 0.00 9.7092 2.6279 2.6279
41550 46.61 52.79 0.00 9.7092 2.6279 2.6279
41575 47.01 52.34 0.00 10.1527 1.5246 1.5246
41600 47.38 51.89 0.00 8.4986 1.0916 1.0916
41625 47.38 51.89 0.00 8.4986 1.0916 1.0916
41650 47.64 51.50 0.00 4.9216 1.2265 1.2265
41675 47.73 51.20 0.00 0.5541 1.0552 1.0552
41700 47.73 51.20 0.00 0.5541 1.0552 1.0552
41725 47.64 51.03 0.00 -3.1673 0.2352 0.2352
41750 47.50 50.94 0.00 -3.4390 -0.8677 -0.8677
41775 47.40 50.89 0.00 -2.1030 -1.3623 -1.3623
41800 47.40 50.89 0.00 -2.1030 -1.3623 -1.3623
41825 47.36 50.84 0.00 -0.1829 -0.9435 -0.9435
41850 47.38 50.77 0.00 0.7047 -0.6904 -0.6904
41875 47.38 50.77 0.00 0.7047 -0.6904 -0.6904
41900 47.43 50.66 0.00 1.8736 0.9496 0.9496
41925 47.52 50.59 0.00 2.2443 1.3972 1.3972
41950 47.61 50.54 0.00 2.0589 0.7719 0.7719
