%#        Time[ms]        X[pixel],        Y[pixel],        Z[pixel],  dX/dt[pixel/s],  dY/dt[pixel/s],  dZ/dt[pixel/s] 
0 50.00 50.00 0.00 -0.0297 -1.8571 -1.8571
25 50.12 49.98 0.00 4.6031 1.7729 1.7729
50 50.30 50.04 0.00 3.5874 1.0685 1.0685
75 50.35 50.05 0.00 -0.1843 -0.2442 -0.2442
100 50.35 50.05 0.00 -0.1843 -0.2442 -0.2442
125 50.31 50.04 0.00 -0.9327 0.2716 0.2716
150 50.30 50.04 0.00 -0.7027 -1.0687 -1.0687
175 50.28 50.02 0.00 -0.4007 -1.6730 -1.6730
200 50.28 50.02 0.00 -0.4007 -1.6730 -1.6730
225 50.26 49.95 0.00 -0.2447 -0.3584 -0.3584
250 50.24 49.95 0.00 -0.8029 -2.1380 -2.1380
275 50.24 49.95 0.00 -0.8029 -2.1380 -2.1380
300 50.21 49.98 0.00 -0.9315 -2.1138 -2.1138
325 50.19 50.04 0.00 -0.1621 0.5724 0.5724
350 50.19 50.04 0.00 -0.1621 0.5724 0.5724
375 50.19 50.09 0.00 1.0538 1.6813 1.6813
400 50.30 50.26 0.00 2.8172 2.0962 2.0962
425 50.30 50.26 0.00 2.8172 2.0962 2.0962
450 50.42 50.48 0.00 3.9487 2.5539 2.5539
475 50.58 50.58 0.00 3.1974 1.8135 1.8135
500 50.65 50.60 0.00 1.3464 2.8894 2.8894
525 50.65 50.60 0.00 1.3464 2.8894 2.8894
550 50.61 50.49 0.00 -2.9750 1.4003 1.4003
575 50.42 50.26 0.00 -5.6667 1.0127 1.0127
600 50.42 50.26 0.00 -5.6667 1.0127 1.0127
625 50.17 49.98 0.00 -5.9996 -0.6278 -0.6278
650 49.91 49.81 0.00 -7.2607 -2.5075 -2.5075
675 49.53 49.72 0.00 -11.6350 -1.2955 -1.2955
700 49.53 49.72 0.00 -11.6350 -1.2955 -1.2955
725 48.97 49.49 0.00 -14.5560 -1.5438 -1.5438
750 48.45 49.08 0.00 -11.8831 -1.7547 -1.7547
775 48.45 49.08 0.00 -11.8831 -1.7547 -1.7547
800 48.04 48.65 0.00 -10.0133 -0.4647 -0.4647
825 47.45 48.46 0.00 -18.4044 -0.6484 -0.6484
850 47.45 48.46 0.00 -18.4044 -0.6484 -0.6484
875 46.54 48.58 0.00 -25.0751 -0.7208 -0.7208
900 45.51 48.73 0.00 -25.3088 2.5399 2.5399
925 45.51 48.73 0.00 -25.3088 2.5399 2.5399
950 44.58 48.87 0.00 -21.8512 3.6003 3.6003
975 43.80 49.04 0.00 -18.3268 1.8910 1.8910
1000 43.13 49.18 0.00 -15.9248 1.7190 1.7190
1025 43.13 49.18 0.00 -15.9248 1.7190 1.7190
1050 42.57 49.16 0.00 -12.7119 1.6058 1.6058
1075 42.08 49.10 0.00 -12.9717 1.6640 1.6640
1100 42.08 49.10 0.00 -12.9717 1.6640 1.6640
1125 41.46 48.97 0.00 -17.2157 3.7839 3.7839
1150 40.88 48.89 0.00 -19.5772 4.7071 4.7071
1175 40.88 48.89 0.00 -19.5772 4.7071 4.7071
1200 40.12 48.85 0.00 -18.3087 5.3769 5.3769
1225 39.40 48.75 0.00 -18.3604 2.3211 2.3211
1250 38.66 48.53 0.00 -18.1892 1.2083 1.2083
1275 38.66 48.53 0.00 -18.1892 1.2083 1.2083
1300 38.00 48.23 0.00 -14.9601 1.1906 1.1906
1325 37.53 47.85 0.00 -10.3210 2.4169 2.4169
1350 37.53 47.85 0.00 -10.3210 2.4169 2.4169
1375 37.17 47.34 0.00 -7.5280 1.1205 1.1205
1400 36.98 46.91 0.00 -2.9235 -0.4188 -0.4188
1425 36.85 46.67 0.00 -4.0622 -2.4352 -2.4352
1450 36.85 46.67 0.00 -4.0622 -2.4352 -2.4352
1475 36.57 46.42 0.00 -9.0714 -2.8031 -2.8031
1500 36.20 46.10 0.00 -8.3868 -0.9546 -0.9546
1525 36.20 46.10 0.00 -8.3868 -0.9546 -0.9546
1550 36.02 45.81 0.00 -2.2793 0.1642 0.1642
1575 35.98 45.52 0.00 -0.3739 -1.6060 -1.6060
1600 35.98 45.52 0.00 -0.3739 -1.6060 -1.6060
1625 35.87 45.20 0.00 -3.6573 -1.7917 -1.7917
1650 35.66 44.87 0.00 -6.0727 -2.5778 -2.5778
1675 35.66 44.87 0.00 -6.0727 -2.5778 -2.5778
1700 35.36 44.64 0.00 -8.8002 -2.8537 -2.8537
1725 34.88 44.47 0.00 -14.3122 -0.1752 -0.1752
1750 34.23 44.29 0.00 -16.4723 -1.7473 -1.7473
1775 34.23 44.29 0.00 -16.4723 -1.7473 -1.7473
1800 33.64 44.15 0.00 -13.1436 -1.6393 -1.6393
1825 33.23 44.06 0.00 -8.4921 -0.5382 -0.5382
1850 33.23 44.06 0.00 -8.4921 -0.5382 -0.5382
1875 32.98 44.02 0.00 -5.2435 1.5175 1.5175
1900 32.85 44.03 0.00 -2.2905 1.3515 1.3515
1925 32.82 44.09 0.00 -0.5701 1.6642 1.6642
1950 32.82 44.09 0.00 -0.5701 1.6642 1.6642
1975 32.78 44.09 0.00 -0.6146 1.8600 1.8600
2000 32.71 44.08 0.00 -3.6500 1.3693 1.3693
2025 32.71 44.08 0.00 -3.6500 1.3693 1.3693
2050 32.51 44.13 0.00 -5.9397 0.9109 0.9109
2075 32.31 44.13 0.00 -3.7194 -0.0536 -0.0536
2100 32.31 44.13 0.00 -3.7194 -0.0536 -0.0536
2125 32.15 44.03 0.00 -4.8872 -1.7442 -1.7442
2150 31.94 43.94 0.00 -4.8907 -1.4050 -1.4050
2175 31.94 43.94 0.00 -4.8907 -1.4050 -1.4050
2200 31.75 43.91 0.00 -4.8045 -1.6086 -1.6086
2225 31.56 43.89 0.00 -5.3554 -1.7531 -1.7531
2250 31.56 43.89 0.00 -5.3554 -1.7531 -1.7531
2275 31.29 43.77 0.00 -8.5015 -1.9718 -1.9718
2300 30.76 43.52 0.00 -15.6986 -2.2395 -2.2395
2325 30.13 43.17 0.00 -14.8054 -0.6145 -0.6145
2350 30.13 43.17 0.00 -14.8054 -0.6145 -0.6145
2375 29.76 42.88 0.00 -4.8416 0.0310 0.0310
2400 29.80 42.75 0.00 3.9797 -3.6086 -3.6086
2425 29.95 42.70 0.00 2.7231 -5.3406 -5.3406
2450 29.95 42.70 0.00 2.7231 -5.3406 -5.3406
2475 29.95 42.52 0.00 -2.1116 -5.5269 -5.5269
2500 29.82 42.18 0.00 -3.2879 -0.7125 -0.7125
2525 29.82 42.18 0.00 -3.2879 -0.7125 -0.7125
2550 29.75 41.83 0.00 -0.4697 4.6554 4.6554
2575 29.75 41.83 0.00 -0.4697 4.6554 4.6554
2600 29.76 41.48 0.00 1.1271 2.2085 2.2085
2625 29.82 41.15 0.00 1.4034 -2.0790 -2.0790
2650 29.85 40.97 0.00 0.8614 -1.6772 -1.6772
2675 29.85 40.97 0.00 0.8614 -1.6772 -1.6772
2700 29.89 40.97 0.00 0.1856 0.6240 0.6240
2725 29.84 41.04 0.00 -2.1380 -0.2447 -0.2447
2750 29.84 41.04 0.00 -2.1380 -0.2447 -0.2447
2775 29.75 40.78 0.00 -1.9390 -0.3181 -0.3181
2800 29.71 40.20 0.00 0.4983 -0.7878 -0.7878
2825 29.76 39.85 0.00 1.2841 -1.1418 -1.1418
2850 29.76 39.85 0.00 1.2841 -1.1418 -1.1418
2875 29.82 39.48 0.00 0.8590 -1.2578 -1.2578
2900 29.82 39.48 0.00 0.8590 -1.2578 -1.2578
2925 29.76 39.13 0.00 -2.7459 -5.4449 -5.4449
2950 29.65 38.90 0.00 -3.1230 -4.6703 -4.6703
2975 29.65 38.90 0.00 -3.1230 -4.6703 -4.6703
3000 29.53 38.67 0.00 -2.7043 -4.2249 -4.2249
3025 29.38 38.38 0.00 -4.3197 -7.9718 -7.9718
3050 29.16 38.17 0.00 -6.3518 -5.8041 -5.8041
3075 28.89 38.01 0.00 -6.9865 -4.2010 -4.2010
3100 28.89 38.01 0.00 -6.9865 -4.2010 -4.2010
3125 28.62 38.11 0.00 -6.5893 -3.9893 -3.9893
3150 28.40 38.41 0.00 -4.2029 -0.3355 -0.3355
3175 28.40 38.41 0.00 -4.2029 -0.3355 -0.3355
3200 28.31 38.77 0.00 -0.8293 3.7657 3.7657
3225 28.34 38.82 0.00 1.2754 1.5658 1.5658
3250 28.34 38.82 0.00 1.2754 1.5658 1.5658
3275 28.36 38.58 0.00 -0.1420 -1.9577 -1.9577
3300 28.32 38.24 0.00 -1.4412 -3.5256 -3.5256
3325 28.25 38.01 0.00 -1.3565 -3.7322 -3.7322
3350 28.25 38.01 0.00 -1.3565 -3.7322 -3.7322
3375 28.23 37.90 0.00 0.3769 -2.3197 -2.3197
3400 28.29 37.87 0.00 1.6613 -1.6601 -1.6601
3425 28.29 37.87 0.00 1.6613 -1.6601 -1.6601
3450 28.38 37.85 0.00 2.2045 -2.1614 -2.1614
3475 28.43 37.72 0.00 1.2638 -2.3098 -2.3098
3500 28.43 37.72 0.00 1.2638 -2.3098 -2.3098
3525 28.45 37.39 0.00 0.1940 -0.8780 -0.8780
3550 28.47 37.03 0.00 1.6379 0.5942 0.5942
3575 28.63 36.74 0.00 4.5908 1.3508 1.3508
3600 28.63 36.74 0.00 4.5908 1.3508 1.3508
3625 28.80 36.52 0.00 2.9877 -0.3698 -0.3698
3650 28.84 36.37 0.00 0.3973 -0.5669 -0.5669
3675 28.84 36.37 0.00 0.3973 -0.5669 -0.5669
3700 28.87 36.33 0.00 0.6629 -0.6351 -0.6351
3725 28.94 36.34 0.00 3.3990 0.7634 0.7634
3750 28.94 36.34 0.00 3.3990 0.7634 0.7634
3775 29.16 36.24 0.00 5.4025 2.7993 2.7993
3800 29.35 36.15 0.00 4.6239 1.7414 1.7414
3825 29.51 36.08 0.00 3.2155 1.4575 1.4575
3850 29.51 36.08 0.00 3.2155 1.4575 1.4575
3875 29.60 36.01 0.00 2.0358 0.1427 0.1427
3900 29.69 35.90 0.00 2.3685 0.9512 0.9512
3925 29.69 35.90 0.00 2.3685 0.9512 0.9512
3950 29.80 35.79 0.00 2.8046 1.0023 1.0023
3975 29.95 35.59 0.00 4.0043 3.3708 3.3708
4000 29.95 35.59 0.00 4.0043 3.3708 3.3708
4025 30.13 35.32 0.00 4.9480 3.4716 3.4716
4050 30.34 35.12 0.00 5.6705 2.2411 2.2411
4075 30.58 35.00 0.00 5.8850 2.4064 2.4064
4100 30.58 35.00 0.00 5.8850 2.4064 2.4064
4125 30.80 34.95 0.00 4.7142 2.6277 2.6277
4150 30.80 34.95 0.00 4.7142 2.6277 2.6277
4175 30.94 34.94 0.00 3.6200 2.7537 2.7537
4200 31.07 34.89 0.00 2.8438 1.7790 1.7790
4225 31.07 34.89 0.00 2.8438 1.7790 1.7790
4250 31.20 34.82 0.00 3.1652 1.6139 1.6139
4275 31.34 34.75 0.00 3.8956 2.5698 2.5698
4300 31.47 34.70 0.00 4.5419 3.2943 3.2943
4325 31.47 34.70 0.00 4.5419 3.2943 3.2943
4350 31.63 34.62 0.00 3.2898 1.7760 1.7760
4375 31.75 34.53 0.00 3.4934 1.4069 1.4069
4400 31.99 34.48 0.00 7.5999 0.4151 0.4151
4425 31.99 34.48 0.00 7.5999 0.4151 0.4151
4450 32.35 34.50 0.00 9.0709 2.0075 2.0075
4475 32.62 34.55 0.00 5.5098 1.6164 1.6164
4500 32.62 34.55 0.00 5.5098 1.6164 1.6164
4525 32.78 34.59 0.00 3.1688 0.0120 0.0120
4550 32.98 34.58 0.00 6.7565 4.2133 4.2133
4575 32.98 34.58 0.00 6.7565 4.2133 4.2133
4600 33.30 34.65 0.00 8.3363 2.5648 2.5648
4625 33.68 34.82 0.00 10.0027 0.8917 0.8917
4650 34.09 35.08 0.00 10.0654 1.1025 1.1025
4675 34.09 35.08 0.00 10.0654 1.1025 1.1025
4700 34.45 35.28 0.00 8.1687 0.4981 0.4981
4725 34.72 35.46 0.00 6.3040 2.4014 2.4014
4750 34.72 35.46 0.00 6.3040 2.4014 2.4014
4775 34.91 35.56 0.00 4.1824 2.2626 2.2626
4800 35.09 35.61 0.00 4.5624 2.3682 2.3682
4825 35.09 35.61 0.00 4.5624 2.3682 2.3682
4850 35.29 35.65 0.00 5.2916 1.1222 1.1222
4875 35.57 35.77 0.00 8.3849 1.9924 1.9924
4900 35.98 35.97 0.00 11.0817 2.2511 2.2511
4925 35.98 35.97 0.00 11.0817 2.2511 2.2511
4950 36.44 36.18 0.00 11.1985 2.9344 2.9344
4975 36.76 36.37 0.00 10.3340 2.6119 2.6119
5000 36.76 36.37 0.00 10.3340 2.6119 2.6119
5025 37.14 36.61 0.00 9.2775 2.8502 2.8502
5050 37.47 36.73 0.00 7.6750 2.5463 2.5463
5075 37.74 36.81 0.00 6.5475 2.5892 2.5892
5100 37.74 36.81 0.00 6.5475 2.5892 2.5892
5125 38.02 36.89 0.00 7.0831 2.6426 2.6426
5150 38.02 36.89 0.00 7.0831 2.6426 2.6426
5175 38.36 37.02 0.00 10.1837 2.8559 2.8559
5200 38.84 37.12 0.00 12.8401 2.7573 2.7573
5225 39.38 37.25 0.00 14.0831 2.8163 2.8163
5250 39.38 37.25 0.00 14.0831 2.8163 2.8163
5275 39.97 37.41 0.00 14.1342 3.4781 3.4781
5300 40.49 37.53 0.00 12.1359 3.2198 3.2198
5325 40.49 37.53 0.00 12.1359 3.2198 3.2198
5350 40.92 37.65 0.00 10.2969 5.4774 5.4774
5375 41.34 37.71 0.00 10.8727 7.3358 7.3358
5400 41.34 37.71 0.00 10.8727 7.3358 7.3358
5425 41.73 37.78 0.00 8.9762 3.3316 3.3316
5450 42.08 37.82 0.00 8.9476 5.3382 5.3382
5475 42.43 37.94 0.00 8.8516 3.2734 3.2734
5500 42.43 37.94 0.00 8.8516 3.2734 3.2734
5525 42.83 38.09 0.00 10.5560 1.5000 1.5000
5550 43.29 38.39 0.00 11.6240 1.4711 1.4711
5575 43.29 38.39 0.00 11.6240 1.4711 1.4711
5600 43.74 38.69 0.00 11.3501 0.1149 0.1149
5625 44.16 38.94 0.00 9.1616 1.3255 1.3255
5650 44.37 39.01 0.00 3.0535 1.0869 1.0869
5675 44.37 39.01 0.00 3.0535 1.0869 1.0869
5700 44.39 39.03 0.00 -0.3185 1.2063 1.2063
5725 44.37 39.05 0.00 -0.4218 0.3351 0.3351
5750 44.37 39.05 0.00 -0.4218 0.3351 0.3351
5775 44.39 39.07 0.00 1.1335 0.9216 0.9216
5800 44.48 39.07 0.00 2.4787 1.1955 1.1955
5825 44.48 39.07 0.00 2.4787 1.1955 1.1955
5850 44.55 39.11 0.00 2.7483 0.6306 0.6306
5875 44.69 39.25 0.00 3.5635 0.1930 0.1930
5900 44.86 39.46 0.00 5.4024 -0.5178 -0.5178
5925 44.86 39.46 0.00 5.4024 -0.5178 -0.5178
5950 45.16 39.66 0.00 8.3004 -0.6590 -0.6590
5975 45.51 39.81 0.00 8.6659 -1.1399 -1.1399
6000 45.51 39.81 0.00 8.6659 -1.1399 -1.1399
6025 45.97 39.94 0.00 14.8173 2.8802 2.8802
6050 46.96 39.98 0.00 29.6433 6.5472 6.5472
6075 46.96 39.98 0.00 29.6433 6.5472 6.5472
6100 48.24 39.90 0.00 31.6032 6.0658 6.0658
6125 49.34 39.85 0.00 24.0232 3.0006 3.0006
6150 50.07 40.03 0.00 15.7502 -1.0975 -1.0975
6175 50.07 40.03 0.00 15.7502 -1.0975 -1.0975
6200 50.56 40.32 0.00 9.8349 -1.8042 -1.8042
6225 50.84 40.65 0.00 5.4479 -2.1740 -2.1740
6250 50.84 40.65 0.00 5.4479 -2.1740 -2.1740
6275 50.99 40.94 0.00 3.1765 -0.8132 -0.8132
6300 51.08 41.12 0.00 1.4244 0.0086 0.0086
6325 51.08 41.12 0.00 1.4244 0.0086 0.0086
6350 51.08 41.25 0.00 -0.7118 -1.7247 -1.7247
6375 51.10 41.41 0.00 1.0047 1.2803 1.2803
6400 51.15 41.61 0.00 1.2846 -1.9298 -1.9298
6425 51.15 41.61 0.00 1.2846 -1.9298 -1.9298
6450 51.20 41.95 0.00 1.5630 -1.6064 -1.6064
6475 51.29 42.44 0.00 2.8387 0.2119 0.2119
6500 51.29 42.44 0.00 2.8387 0.2119 0.2119
6525 51.48 42.89 0.00 5.5884 1.4825 1.4825
6550 51.80 43.41 0.00 9.1171 0.8679 0.8679
6575 51.80 43.41 0.00 9.1171 0.8679 0.8679
6600 52.30 43.97 0.00 15.4886 2.4130 2.4130
6625 53.07 44.46 0.00 20.6100 1.8202 1.8202
6650 53.72 44.75 0.00 21.9576 1.5762 1.5762
6675 53.72 44.75 0.00 21.9576 1.5762 1.5762
6700 54.58 45.10 0.00 20.8757 2.0031 2.0031
6725 55.35 45.45 0.00 18.1541 2.1584 2.1584
6750 55.35 45.45 0.00 18.1541 2.1584 2.1584
6775 55.99 45.82 0.00 15.0261 1.9836 1.9836
6800 56.54 46.21 0.00 12.7368 0.5839 0.5839
6825 56.54 46.21 0.00 12.7368 0.5839 0.5839
6850 57.01 46.62 0.00 12.0863 0.6187 0.6187
6875 57.52 46.95 0.00 12.3736 0.8756 0.8756
6900 57.52 46.95 0.00 12.3736 0.8756 0.8756
6925 57.99 47.25 0.00 11.6121 0.6633 0.6633
6950 58.41 47.47 0.00 9.3994 0.7598 0.7598
6975 58.68 47.61 0.00 5.1511 0.3837 0.3837
7000 58.68 47.61 0.00 5.1511 0.3837 0.3837
7025 58.80 47.68 0.00 1.7355 0.4891 0.4891
7050 58.89 47.74 0.00 3.3648 0.8631 0.8631
7075 58.89 47.74 0.00 3.3648 0.8631 0.8631
7100 59.21 47.72 0.00 12.1779 1.5887 1.5887
7125 59.93 47.67 0.00 21.8958 1.1384 1.1384
7150 60.99 47.64 0.00 28.9751 -0.5782 -0.5782
7175 60.99 47.64 0.00 28.9751 -0.5782 -0.5782
7200 62.14 47.66 0.00 27.9521 -1.4990 -1.4990
7225 63.09 47.69 0.00 21.2120 -2.8897 -2.8897
7250 63.09 47.69 0.00 21.2120 -2.8897 -2.8897
7275 63.79 47.77 0.00 15.7675 1.4631 1.4631
7300 64.32 47.89 0.00 11.7866 0.3402 0.3402
7325 64.73 48.08 0.00 9.9365 -0.9865 -0.9865
7350 64.73 48.08 0.00 9.9365 -0.9865 -0.9865
7375 65.16 48.30 0.00 11.5080 -0.7172 -0.7172
7400 65.53 48.49 0.00 13.0351 -0.5294 -0.5294
7425 65.53 48.49 0.00 13.0351 -0.5294 -0.5294
7450 66.07 48.75 0.00 13.5235 -0.7566 -0.7566
7475 66.61 48.99 0.00 12.6739 -1.3243 -1.3243
7500 66.61 48.99 0.00 12.6739 -1.3243 -1.3243
7525 67.11 49.22 0.00 12.7074 1.8946 1.8946
7550 67.60 49.44 0.00 11.4841 2.5034 2.5034
7575 67.60 49.44 0.00 11.4841 2.5034 2.5034
7600 68.05 49.68 0.00 11.3614 1.9541 1.9541
7625 68.50 49.96 0.00 11.2890 1.1513 1.1513
7650 68.93 50.35 0.00 9.7880 0.6090 0.6090
7675 68.93 50.35 0.00 9.7880 0.6090 0.6090
7700 69.28 50.81 0.00 8.8045 0.0901 0.0901
7725 69.69 51.25 0.00 11.0682 0.4441 0.4441
7750 69.69 51.25 0.00 11.0682 0.4441 0.4441
7775 70.16 51.64 0.00 12.5727 0.1463 0.1463
7800 70.65 52.00 0.00 11.3542 0.4950 0.4950
7825 70.65 52.00 0.00 11.3542 0.4950 0.4950
7850 71.04 52.41 0.00 8.4245 -0.3793 -0.3793
7875 71.40 52.80 0.00 9.7145 1.1942 1.1942
7900 71.40 52.80 0.00 9.7145 1.1942 1.1942
7925 71.80 53.26 0.00 10.5581 0.6351 0.6351
7950 72.32 53.81 0.00 14.6034 0.9455 0.9455
7975 73.03 54.43 0.00 20.3698 -0.7506 -0.7506
8000 73.03 54.43 0.00 20.3698 -0.7506 -0.7506
8025 73.99 54.97 0.00 26.5479 -0.6865 -0.6865
8050 73.99 54.97 0.00 26.5479 -0.6865 -0.6865
8075 75.27 55.28 0.00 34.1009 -0.5144 -0.5144
8100 76.70 55.39 0.00 36.2764 -2.9357 -2.9357
8125 77.77 55.52 0.00 34.8395 -2.9102 -2.9102
8150 79.09 55.86 0.00 32.7716 0.9953 0.9953
8175 79.09 55.86 0.00 32.7716 0.9953 0.9953
8200 80.34 56.21 0.00 29.8634 -1.1235 -1.1235
8225 81.45 56.64 0.00 26.0209 -2.6227 -2.6227
8250 81.45 56.64 0.00 26.0209 -2.6227 -2.6227
8275 82.38 57.31 0.00 21.7581 -3.6369 -3.6369
8300 83.15 57.91 0.00 17.3705 -5.0277 -5.0277
8325 83.15 57.91 0.00 17.3705 -5.0277 -5.0277
8350 83.77 58.36 0.00 14.8146 -2.1227 -2.1227
8375 84.34 58.71 0.00 13.6964 2.4193 2.4193
8400 84.75 59.19 0.00 7.4427 0.5801 0.5801
8425 84.75 59.19 0.00 7.4427 0.5801 0.5801
8450 84.88 59.74 0.00 1.2841 1.6524 1.6524
8475 84.96 60.26 0.00 3.1624 1.8949 1.8949
8500 84.96 60.26 0.00 3.1624 1.8949 1.8949
8525 85.16 60.70 0.00 5.9424 0.0426 0.0426
8550 85.45 61.17 0.00 8.0839 -0.0417 -0.0417
8575 85.45 61.17 0.00 8.0839 -0.0417 -0.0417
8600 85.86 61.63 0.00 12.4646 -0.1784 -0.1784
8625 86.46 62.13 0.00 15.3124 -0.5902 -0.5902
8650 87.01 62.64 0.00 12.5831 -1.2732 -1.2732
8675 87.01 62.64 0.00 12.5831 -1.2732 -1.2732
8700 87.39 63.14 0.00 7.8198 -1.2752 -1.2752
8725 87.71 63.67 0.00 8.2963 -1.3060 -1.3060
8750 87.71 63.67 0.00 8.2963 -1.3060 -1.3060
8775 88.07 64.12 0.00 9.6513 -1.2027 -1.2027
8800 88.07 64.12 0.00 9.6513 -1.2027 -1.2027
8825 88.37 64.44 0.00 9.3080 -1.2991 -1.2991
8850 88.79 64.86 0.00 10.9086 -0.7870 -0.7870
8875 89.17 65.22 0.00 9.1518 -1.0136 -1.0136
8900 89.49 65.62 0.00 7.1150 -1.4810 -1.4810
8925 89.49 65.62 0.00 7.1150 -1.4810 -1.4810
8950 89.75 66.02 0.00 6.6417 -1.1924 -1.1924
8975 89.96 66.44 0.00 3.6043 1.0867 1.0867
9000 89.96 66.44 0.00 3.6043 1.0867 1.0867
9025 90.04 66.74 0.00 1.8337 0.3591 0.3591
9050 90.14 66.95 0.00 2.7457 -2.3467 -2.3467
9075 90.14 66.95 0.00 2.7457 -2.3467 -2.3467
9100 90.44 67.02 0.00 13.3150 -1.2353 -1.2353
9125 91.52 66.93 0.00 34.7795 -3.4653 -3.4653
9150 91.52 66.93 0.00 34.7795 -3.4653 -3.4653
9175 93.15 67.02 0.00 41.4656 -8.3872 -8.3872
9200 94.52 67.32 0.00 29.7348 -7.5213 -7.5213
9225 95.43 67.52 0.00 17.5293 -1.5015 -1.5015
9250 95.43 67.52 0.00 17.5293 -1.5015 -1.5015
9275 95.89 67.59 0.00 8.8440 -0.3843 -0.3843
9300 96.25 67.73 0.00 9.7252 -0.1100 -0.1100
9325 96.25 67.73 0.00 9.7252 -0.1100 -0.1100
9350 96.69 68.15 0.00 12.0057 -1.4628 -1.4628
9375 97.10 68.62 0.00 8.0321 -1.0554 -1.0554
9400 97.16 69.01 0.00 -2.8218 0.3789 0.3789
9425 97.16 69.01 0.00 -2.8218 0.3789 0.3789
9450 96.84 69.31 0.00 -11.6376 1.6233 1.6233
9475 96.25 69.53 0.00 -15.1305 0.8674 0.8674
9500 96.25 69.53 0.00 -15.1305 0.8674 0.8674
9525 95.70 69.57 0.00 -13.3223 -0.4164 -0.4164
9550 95.19 69.45 0.00 -12.6163 -1.9880 -1.9880
9575 94.73 69.28 0.00 -10.3327 -0.7552 -0.7552
9600 94.73 69.28 0.00 -10.3327 -0.7552 -0.7552
9625 94.38 69.12 0.00 -7.7850 0.4400 0.4400
9650 94.23 69.00 0.00 -3.3973 0.4862 0.4862
9675 94.23 69.00 0.00 -3.3973 0.4862 0.4862
9700 94.17 68.69 0.00 -1.7521 -1.2612 -1.2612
9725 93.94 68.09 0.00 -8.7073 -1.5170 -1.5170
9750 93.94 68.09 0.00 -8.7073 -1.5170 -1.5170
9775 93.46 67.49 0.00 -12.3916 1.0846 1.0846
9800 93.00 67.05 0.00 -11.0787 0.5212 0.5212
9825 93.00 67.05 0.00 -11.0787 0.5212 0.5212
9850 92.76 66.86 0.00 -2.5597 -0.4357 -0.4357
9875 92.78 66.86 0.00 1.5917 -1.7269 -1.7269
9900 92.78 66.82 0.00 -1.2904 -1.2180 -1.2180
9925 92.78 66.82 0.00 -1.2904 -1.2180 -1.2180
9950 92.65 66.68 0.00 -3.9359 -0.0498 -0.0498
9975 92.49 66.51 0.00 -3.9368 -0.2111 -0.2111
10000 92.49 66.51 0.00 -3.9368 -0.2111 -0.2111
10025 92.37 66.34 0.00 -2.3301 0.8707 0.8707
10050 92.28 66.28 0.00 -1.7346 1.0595 1.0595
10075 92.22 66.31 0.00 -2.0172 0.7533 0.7533
10100 92.22 66.31 0.00 -2.0172 0.7533 0.7533
10125 92.10 66.35 0.00 -3.6484 -0.6246 -0.6246
10150 91.91 66.42 0.00 -5.5562 -0.6190 -0.6190
10175 91.91 66.42 0.00 -5.5562 -0.6190 -0.6190
10200 91.67 66.44 0.00 -6.1936 -0.5780 -0.5780
10225 91.40 66.43 0.00 -7.2001 1.3488 1.3488
10250 91.40 66.43 0.00 -7.2001 1.3488 1.3488
10275 91.05 66.48 0.00 -9.2169 2.6688 2.6688
10300 90.69 66.62 0.00 -8.8893 2.6424 2.6424
10325 90.69 66.62 0.00 -8.8893 2.6424 2.6424
10350 90.34 66.81 0.00 -8.9790 1.4947 1.4947
10375 89.90 67.06 0.00 -13.2218 0.4426 0.4426
10400 89.27 67.48 0.00 -15.7325 -0.3022 -0.3022
10425 89.27 67.48 0.00 -15.7325 -0.3022 -0.3022
10450 88.71 67.84 0.00 -13.4610 0.7629 0.7629
10475 88.17 68.15 0.00 -13.2657 -0.4346 -0.4346
10500 88.17 68.15 0.00 -13.2657 -0.4346 -0.4346
10525 87.69 68.42 0.00 -10.7397 -0.0922 -0.0922
10550 87.37 68.58 0.00 -10.4493 -1.2470 -1.2470
10575 87.37 68.58 0.00 -10.4493 -1.2470 -1.2470
10600 86.91 68.81 0.00 -12.1183 -4.3604 -4.3604
10625 86.42 69.02 0.00 -12.7802 -3.1397 -3.1397
10650 86.42 69.02 0.00 -12.7802 -3.1397 -3.1397
10675 85.90 69.27 0.00 -13.0139 -1.2241 -1.2241
10700 85.43 69.44 0.00 -10.4097 -0.5566 -0.5566
10725 85.08 69.51 0.00 -7.9488 -0.6423 -0.6423
10750 85.08 69.51 0.00 -7.9488 -0.6423 -0.6423
10775 84.75 69.50 0.00 -8.9367 0.7885 0.7885
10800 84.28 69.45 0.00 -13.9336 0.9555 0.9555
10825 84.28 69.45 0.00 -13.9336 0.9555 0.9555
10850 83.65 69.43 0.00 -16.3313 1.5941 1.5941
10875 83.01 69.43 0.00 -14.9444 1.0038 1.0038
10900 82.47 69.42 0.00 -12.7171 0.1339 0.1339
10925 82.47 69.42 0.00 -12.7171 0.1339 0.1339
10950 82.03 69.45 0.00 -10.1927 -1.1055 -1.1055
10975 81.70 69.40 0.00 -6.9829 -1.5633 -1.5633
11000 81.70 69.40 0.00 -6.9829 -1.5633 -1.5633
11025 81.43 69.36 0.00 -6.5122 -1.0622 -1.0622
11050 81.15 69.33 0.00 -7.8020 0.1849 0.1849
11075 80.88 69.27 0.00 -5.7467 0.2036 0.2036
11100 80.88 69.27 0.00 -5.7467 0.2036 0.2036
11125 80.73 69.25 0.00 -4.0819 -0.6132 -0.6132
11150 80.57 69.25 0.00 -4.0963 -0.9357 -0.9357
11175 80.57 69.25 0.00 -4.0963 -0.9357 -0.9357
11200 80.38 69.31 0.00 -5.3279 0.3454 0.3454
11225 80.12 69.38 0.00 -7.0510 -0.8541 -0.8541
11250 80.12 69.38 0.00 -7.0510 -0.8541 -0.8541
11275 79.81 69.47 0.00 -7.7141 1.4700 1.4700
11300 79.51 69.57 0.00 -8.0479 1.0826 1.0826
11325 79.51 69.57 0.00 -8.0479 1.0826 1.0826
11350 79.24 69.58 0.00 -4.8255 -0.7964 -0.7964
11375 79.15 69.61 0.00 -1.5507 -0.7650 -0.7650
11400 79.15 69.61 0.00 -1.5507 -0.7650 -0.7650
11425 79.09 69.67 0.00 -1.9954 -0.8593 -0.8593
11450 78.98 69.72 0.00 -3.3358 0.3972 0.3972
11475 78.79 69.75 0.00 -5.5100 0.5988 0.5988
11500 78.79 69.75 0.00 -5.5100 0.5988 0.5988
11525 78.52 69.75 0.00 -6.9635 2.2029 2.2029
11550 78.22 69.76 0.00 -7.3566 2.8692 2.8692
11575 78.22 69.76 0.00 -7.3566 2.8692 2.8692
11600 77.98 69.77 0.00 -5.7934 2.4350 2.4350
11625 77.77 69.77 0.00 -4.1103 0.7021 0.7021
11650 77.64 69.80 0.00 -3.3647 -0.5868 -0.5868
11675 77.64 69.80 0.00 -3.3647 -0.5868 -0.5868
11700 77.49 69.85 0.00 -4.3844 -0.8994 -0.8994
11725 77.26 69.94 0.00 -6.6654 -0.1988 -0.1988
11750 76.93 70.00 0.00 -9.7747 0.1333 0.1333
11775 76.93 70.00 0.00 -9.7747 0.1333 0.1333
11800 76.44 70.01 0.00 -13.5423 1.2685 1.2685
11825 75.81 69.99 0.00 -16.7421 1.6344 1.6344
11850 75.81 69.99 0.00 -16.7421 1.6344 1.6344
11875 75.10 69.98 0.00 -18.0818 1.0159 1.0159
11900 75.10 69.98 0.00 -18.0818 1.0159 1.0159
11925 74.38 69.96 0.00 -17.8052 1.1777 1.1777
11950 73.69 69.89 0.00 -16.3275 1.7568 1.7568
11975 73.07 69.79 0.00 -15.4454 -0.3316 -0.3316
12000 73.07 69.79 0.00 -15.4454 -0.3316 -0.3316
12025 72.44 69.72 0.00 -15.4734 0.3481 0.3481
12050 71.97 69.70 0.00 -16.4673 1.6476 1.6476
12075 71.97 69.70 0.00 -16.4673 1.6476 1.6476
12100 71.29 69.63 0.00 -17.0362 0.9802 0.9802
12125 70.64 69.58 0.00 -15.8204 0.0499 0.0499
12150 70.05 69.56 0.00 -13.5872 -0.3588 -0.3588
12175 70.05 69.56 0.00 -13.5872 -0.3588 -0.3588
12200 69.58 69.48 0.00 -9.7688 0.1547 0.1547
12225 69.31 69.36 0.00 -5.4343 -1.8221 -1.8221
12250 69.31 69.36 0.00 -5.4343 -1.8221 -1.8221
12275 69.22 69.22 0.00 -0.9228 -0.2905 -0.2905
12300 69.22 69.15 0.00 0.8606 -1.3947 -1.3947
12325 69.28 69.02 0.00 1.1844 0.6595 0.6595
12350 69.28 69.02 0.00 1.1844 0.6595 0.6595
12375 69.31 68.88 0.00 0.7861 0.4597 0.4597
12400 69.31 68.88 0.00 0.7861 0.4597 0.4597
12425 69.35 68.63 0.00 1.4226 0.9278 0.9278
12450 69.42 68.35 0.00 1.3872 -0.3073 -0.3073
12475 69.44 67.90 0.00 0.1677 -0.4044 -0.4044
12500 69.44 67.90 0.00 0.1677 -0.4044 -0.4044
12525 69.38 67.36 0.00 -2.6207 -0.3129 -0.3129
12550 69.22 66.88 0.00 -4.6579 0.3746 0.3746
12575 69.22 66.88 0.00 -4.6579 0.3746 0.3746
12600 69.02 66.52 0.00 -4.5606 0.1646 0.1646
12625 68.86 66.32 0.00 -4.4339 -0.9933 -0.9933
12650 68.86 66.32 0.00 -4.4339 -0.9933 -0.9933
12675 68.62 66.21 0.00 -6.6346 -1.3792 -1.3792
12700 68.26 66.21 0.00 -11.0400 -0.2046 -0.2046
12725 67.70 66.28 0.00 -15.3194 1.6910 1.6910
12750 67.70 66.28 0.00 -15.3194 1.6910 1.6910
12775 67.06 66.32 0.00 -16.6201 2.2325 2.2325
12800 66.38 66.26 0.00 -17.1570 0.3651 0.3651
12825 66.38 66.26 0.00 -17.1570 0.3651 0.3651
12850 65.73 66.05 0.00 -14.9923 2.9659 2.9659
12875 65.19 65.81 0.00 -12.7971 0.2585 0.2585
12900 64.86 65.65 0.00 -10.8945 -1.3628 -1.3628
12925 64.86 65.65 0.00 -10.8945 -1.3628 -1.3628
12950 64.48 65.42 0.00 -8.1299 -1.1069 -1.1069
12975 64.18 65.20 0.00 -7.8059 -1.7209 -1.7209
13000 64.18 65.20 0.00 -7.8059 -1.7209 -1.7209
13025 63.84 64.99 0.00 -9.2656 -0.9524 -0.9524
13050 63.40 64.77 0.00 -11.0085 1.3178 1.3178
13075 63.40 64.77 0.00 -11.0085 1.3178 1.3178
13100 62.95 64.54 0.00 -10.9319 1.8536 1.8536
13125 62.60 64.35 0.00 -7.2774 1.2057 1.2057
13150 62.42 64.19 0.00 -3.6700 -0.0650 -0.0650
13175 62.42 64.19 0.00 -3.6700 -0.0650 -0.0650
13200 62.31 63.92 0.00 -1.7339 -0.2732 -0.2732
13225 62.26 63.64 0.00 -1.7806 -0.6447 -0.6447
13250 62.26 63.64 0.00 -1.7806 -0.6447 -0.6447
13275 62.14 63.32 0.00 -3.3969 -0.6300 -0.6300
13300 61.96 62.94 0.00 -5.5293 -1.0187 -1.0187
13325 61.96 62.94 0.00 -5.5293 -1.0187 -1.0187
13350 61.69 62.55 0.00 -6.8473 -1.4355 -1.4355
13375 61.41 62.20 0.00 -7.3022 -1.1226 -1.1226
13400 61.15 61.85 0.00 -6.3485 -1.5293 -1.5293
13425 61.15 61.85 0.00 -6.3485 -1.5293 -1.5293
13450 60.92 61.57 0.00 -4.9409 -1.9915 -1.9915
13475 60.78 61.28 0.00 -2.7644 -1.9003 -1.9003
13500 60.78 61.28 0.00 -2.7644 -1.9003 -1.9003
13525 60.72 61.09 0.00 -0.8366 -1.7876 -1.7876
13550 60.70 61.02 0.00 -0.3393 -1.4493 -1.4493
13575 60.70 61.02 0.00 -0.3393 -1.4493 -1.4493
13600 60.67 60.92 0.00 -1.4778 -1.9056 -1.9056
13625 60.58 60.76 0.00 -2.5043 -2.0477 -2.0477
13650 60.49 60.70 0.00 -1.7841 -0.4859 -0.4859
13675 60.49 60.70 0.00 -1.7841 -0.4859 -0.4859
13700 60.42 60.74 0.00 -1.4204 -2.5704 -2.5704
13725 60.37 60.76 0.00 -1.4977 -1.9958 -1.9958
13750 60.37 60.76 0.00 -1.4977 -1.9958 -1.9958
13775 60.28 60.81 0.00 -2.5534 -0.9883 -0.9883
13800 60.19 60.90 0.00 -2.1322 0.4528 0.4528
13825 60.19 60.90 0.00 -2.1322 0.4528 0.4528
13850 60.12 60.95 0.00 -1.9254 -1.3805 -1.3805
13875 60.03 61.02 0.00 -2.3364 0.4147 0.4147
13900 59.89 61.06 0.00 -4.3066 0.7121 0.7121
13925 59.89 61.06 0.00 -4.3066 0.7121 0.7121
13950 59.73 61.04 0.00 -3.0389 1.3040 1.3040
13975 59.66 61.00 0.00 -1.4542 0.9288 0.9288
14000 59.58 60.92 0.00 -2.9132 1.0396 1.0396
14025 59.58 60.92 0.00 -2.9132 1.0396 1.0396
14050 59.38 60.81 0.00 -6.4598 1.1793 1.1793
14075 59.05 60.74 0.00 -9.4762 0.2403 0.2403
14100 59.05 60.74 0.00 -9.4762 0.2403 0.2403
14125 58.64 60.69 0.00 -10.2019 -0.1498 -0.1498
14150 58.20 60.49 0.00 -11.6909 0.2319 0.2319
14175 58.20 60.49 0.00 -11.6909 0.2319 0.2319
14200 57.73 60.23 0.00 -11.8366 0.6558 0.6558
14225 57.26 59.95 0.00 -11.0850 -0.1176 -0.1176
14250 57.26 59.95 0.00 -11.0850 -0.1176 -0.1176
14275 56.82 59.59 0.00 -11.3902 -1.1399 -1.1399
14300 56.36 59.18 0.00 -11.3478 -1.2548 -1.2548
14325 56.36 59.18 0.00 -11.3478 -1.2548 -1.2548
14350 55.96 58.83 0.00 -9.5407 -1.0098 -1.0098
14375 55.63 58.57 0.00 -6.8814 -1.2690 -1.2690
14400 55.42 58.33 0.00 -4.5564 -2.6769 -2.6769
14425 55.42 58.33 0.00 -4.5564 -2.6769 -2.6769
14450 55.31 58.10 0.00 -2.5725 -0.4525 -0.4525
14475 55.24 57.75 0.00 -1.6276 -0.7178 -0.7178
14500 55.24 57.75 0.00 -1.6276 -0.7178 -0.7178
14525 55.19 57.38 0.00 -1.2285 -1.6140 -1.6140
14550 55.14 57.03 0.00 -1.6631 -0.7800 -0.7800
14575 55.14 57.03 0.00 -1.6631 -0.7800 -0.7800
14600 55.03 56.61 0.00 -2.8593 -0.7813 -0.7813
14625 54.91 56.18 0.00 -2.9389 -0.0668 -0.0668
14650 54.80 55.79 0.00 -2.2647 -1.4516 -1.4516
14675 54.80 55.79 0.00 -2.2647 -1.4516 -1.4516
14700 54.77 55.49 0.00 -0.5426 -0.4146 -0.4146
14725 54.79 55.25 0.00 1.0393 -0.2383 -0.2383
14750 54.79 55.25 0.00 1.0393 -0.2383 -0.2383
14775 54.84 55.02 0.00 1.6427 0.1666 0.1666
14800 54.87 54.81 0.00 0.3462 0.1021 0.1021
14825 54.87 54.81 0.00 0.3462 0.1021 0.1021
14850 54.87 54.62 0.00 -0.5702 0.0150 0.0150
14875 54.84 54.48 0.00 -1.0696 -0.9491 -0.9491
14900 54.84 54.48 0.00 -1.0696 -0.9491 -0.9491
14925 54.79 54.35 0.00 -1.6284 -1.0672 -1.0672
14950 54.72 54.30 0.00 -1.9439 -0.9610 -0.9610
14975 54.63 54.25 0.00 -2.3100 -0.7358 -0.7358
15000 54.63 54.25 0.00 -2.3100 -0.7358 -0.7358
15025 54.54 54.21 0.00 -1.9163 -0.7414 -0.7414
15050 54.47 54.21 0.00 -1.4484 -0.6974 -0.6974
15075 54.47 54.21 0.00 -1.4484 -0.6974 -0.6974
15100 54.42 54.21 0.00 -0.7597 -0.9350 -0.9350
15125 54.40 54.20 0.00 -0.0804 -0.3875 -0.3875
15150 54.40 54.20 0.00 -0.0804 -0.3875 -0.3875
15175 54.42 54.20 0.00 0.6264 0.4391 0.4391
15200 54.42 54.16 0.00 -0.6175 -0.5699 -0.5699
15225 54.38 54.07 0.00 -1.6955 -0.9791 -0.9791
15250 54.38 54.07 0.00 -1.6955 -0.9791 -0.9791
15275 54.31 53.93 0.00 -1.3308 1.9150 1.9150
15300 54.28 53.83 0.00 -0.9236 -0.4870 -0.4870
15325 54.24 53.72 0.00 -1.0727 -1.0545 -1.0545
15350 54.24 53.72 0.00 -1.0727 -1.0545 -1.0545
15375 54.17 53.67 0.00 -2.6566 -0.3565 -0.3565
15400 54.05 53.57 0.00 -2.5758 -0.2517 -0.2517
15425 54.05 53.57 0.00 -2.5758 -0.2517 -0.2517
15450 54.00 53.41 0.00 -1.1952 -1.1741 -1.1741
15475 53.98 53.18 0.00 0.2564 0.4748 0.4748
15500 53.98 53.18 0.00 0.2564 0.4748 0.4748
15525 53.96 52.97 0.00 -0.6912 -0.2022 -0.2022
15550 53.95 52.74 0.00 -0.2155 0.4196 0.4196
15575 53.93 52.51 0.00 -1.0609 -0.1067 -0.1067
15600 53.93 52.51 0.00 -1.0609 -0.1067 -0.1067
15625 53.88 52.35 0.00 -1.3360 -0.0810 -0.0810
15650 53.79 52.18 0.00 -2.5648 -0.4870 -0.4870
15675 53.79 52.18 0.00 -2.5648 -0.4870 -0.4870
15700 53.67 51.99 0.00 -3.0481 -1.3566 -1.3566
15725 53.54 51.81 0.00 -2.9614 -1.6168 -1.6168
15750 53.54 51.81 0.00 -2.9614 -1.6168 -1.6168
15775 53.42 51.48 0.00 -3.7160 -1.1910 -1.1910
15800 53.26 51.02 0.00 -3.8326 -0.4377 -0.4377
15825 53.26 51.02 0.00 -3.8326 -0.4377 -0.4377
15850 53.11 50.61 0.00 -3.6036 -1.9563 -1.9563
15875 53.02 50.35 0.00 -3.1425 -1.7888 -1.7888
15900 52.88 50.05 0.00 -3.1734 -1.4039 -1.4039
15925 52.88 50.05 0.00 -3.1734 -1.4039 -1.4039
15950 52.78 49.87 0.00 -2.1309 -0.9838 -0.9838
15975 52.78 49.87 0.00 -2.1309 -0.9838 -0.9838
16000 52.74 49.71 0.00 -0.9343 -1.3540 -1.3540
16025 52.71 49.40 0.00 -0.9629 -1.6912 -1.6912
16050 52.64 48.95 0.00 -2.3989 -2.5784 -2.5784
16075 52.64 48.95 0.00 -2.3989 -2.5784 -2.5784
16100 52.55 48.51 0.00 -2.3310 0.3213 0.3213
16125 52.44 48.17 0.00 -2.5455 -0.9968 -0.9968
16150 52.36 47.91 0.00 -2.2983 -1.5259 -1.5259
16175 52.36 47.91 0.00 -2.2983 -1.5259 -1.5259
16200 52.27 47.73 0.00 -1.7146 -1.2567 -1.2567
16225 52.22 47.43 0.00 -0.7372 -0.8322 -0.8322
16250 52.22 47.43 0.00 -0.7372 -0.8322 -0.8322
16275 52.22 46.86 0.00 -0.1509 -1.4640 -1.4640
16300 52.18 46.08 0.00 -0.4896 -0.0710 -0.0710
16325 52.16 45.31 0.00 -0.7004 0.0234 0.0234
16350 52.16 45.31 0.00 -0.7004 0.0234 0.0234
16375 52.13 44.61 0.00 -0.8755 -0.4752 -0.4752
16400 52.09 44.00 0.00 -1.3951 -0.1014 -0.1014
16425 52.09 44.00 0.00 -1.3951 -0.1014 -0.1014
16450 52.02 43.50 0.00 -1.6888 -0.3153 -0.3153
16475 51.97 43.09 0.00 -1.3697 -0.7401 -0.7401
16500 51.97 43.09 0.00 -1.3697 -0.7401 -0.7401
16525 51.92 42.76 0.00 -0.9889 -0.9472 -0.9472
16550 51.90 42.37 0.00 0.4203 -0.0670 -0.0670
16575 51.90 42.37 0.00 0.4203 -0.0670 -0.0670
16600 51.96 41.95 0.00 1.6049 0.7416 0.7416
16625 52.02 41.57 0.00 1.4723 1.0890 1.0890
16650 52.06 41.24 0.00 0.5376 0.4650 0.4650
16675 52.06 41.24 0.00 0.5376 0.4650 0.4650
16700 52.04 41.01 0.00 -1.1290 -0.2724 -0.2724
16725 52.04 41.01 0.00 -1.1290 -0.2724 -0.2724
16750 51.97 40.65 0.00 -1.5323 -0.6882 -0.6882
16775 51.92 39.99 0.00 -0.7371 -1.5495 -1.5495
16800 51.92 39.57 0.00 0.0836 -1.5555 -1.5555
16825 51.92 39.57 0.00 0.0836 -1.5555 -1.5555
16850 51.96 39.02 0.00 1.5972 -0.9215 -0.9215
16875 52.02 38.57 0.00 1.6669 -1.4659 -1.4659
16900 52.02 38.57 0.00 1.6669 -1.4659 -1.4659
16925 52.09 38.27 0.00 1.7016 -1.4776 -1.4776
16950 52.18 38.02 0.00 2.0884 0.9090 0.9090
16975 52.25 37.74 0.00 1.6923 -0.0205 -0.0205
17000 52.25 37.74 0.00 1.6923 -0.0205 -0.0205
17025 52.30 37.57 0.00 0.7514 -0.6962 -0.6962
17050 52.30 37.43 0.00 -0.4118 -0.6107 -0.6107
17075 52.30 37.43 0.00 -0.4118 -0.6107 -0.6107
17100 52.29 37.32 0.00 -0.0810 0.2689 0.2689
17125 52.30 37.15 0.00 0.9280 -0.8157 -0.8157
17150 52.39 36.93 0.00 2.9572 1.8930 1.8930
17175 52.39 36.93 0.00 2.9572 1.8930 1.8930
17200 52.53 36.61 0.00 3.5841 1.9473 1.9473
17225 52.69 36.30 0.00 4.0165 1.7709 1.7709
17250 52.69 36.30 0.00 4.0165 1.7709 1.7709
17275 52.86 35.82 0.00 4.8499 1.4527 1.4527
17300 53.07 35.35 0.00 5.3070 1.3554 1.3554
17325 53.07 35.35 0.00 5.3070 1.3554 1.3554
17350 53.26 35.11 0.00 4.8993 1.0746 1.0746
17375 53.42 35.05 0.00 2.9981 0.9444 0.9444
17400 53.42 35.05 0.00 2.9981 0.9444 0.9444
17425 53.46 35.01 0.00 -0.6390 -0.1176 -0.1176
17450 53.39 34.84 0.00 -2.0147 -0.5203 -0.5203
17475 53.39 34.84 0.00 -2.0147 -0.5203 -0.5203
17500 53.33 34.32 0.00 -0.2955 -1.0878 -1.0878
17525 53.39 33.63 0.00 2.7903 -1.0133 -1.0133
17550 53.54 32.75 0.00 3.7998 -2.7194 -2.7194
17575 53.54 32.75 0.00 3.7998 -2.7194 -2.7194
17600 53.63 32.10 0.00 1.2226 -2.5622 -2.5622
17625 53.61 31.63 0.00 -1.4496 -1.5866 -1.5866
17650 53.54 31.38 0.00 -1.4866 0.0769 0.0769
17675 53.54 31.38 0.00 -1.4866 0.0769 0.0769
17700 53.49 31.46 0.00 -1.1322 0.2423 0.2423
17725 53.47 31.54 0.00 -0.1705 -0.9036 -0.9036
17750 53.47 31.54 0.00 -0.1705 -0.9036 -0.9036
17775 53.54 31.42 0.00 3.0496 2.4093 2.4093
17800 53.68 31.12 0.00 3.6639 0.5998 0.5998
17825 53.84 30.83 0.00 4.5283 -0.5120 -0.5120
17850 53.84 30.83 0.00 4.5283 -0.5120 -0.5120
17875 54.05 30.68 0.00 5.3858 -0.0720 -0.0720
17900 54.26 30.58 0.00 5.0617 0.0681 0.0681
17925 54.26 30.58 0.00 5.0617 0.0681 0.0681
17950 54.45 30.61 0.00 4.3365 0.5463 0.5463
17975 54.65 30.42 0.00 6.7038 2.2175 2.2175
18000 54.65 30.42 0.00 6.7038 2.2175 2.2175
18025 55.07 29.75 0.00 12.8404 3.5119 3.5119
18050 55.68 28.89 0.00 16.9244 3.8485 3.8485
18075 55.68 28.89 0.00 16.9244 3.8485 3.8485
18100 56.36 28.09 0.00 16.4851 5.1535 5.1535
18125 56.94 27.39 0.00 12.7732 4.8782 4.8782
18150 57.31 27.05 0.00 6.9972 1.8291 1.8291
18175 57.31 27.05 0.00 6.9972 1.8291 1.8291
18200 57.41 27.09 0.00 -0.1353 -1.8432 -1.8432
18225 57.41 27.09 0.00 -0.1353 -1.8432 -1.8432
18250 57.33 26.86 0.00 -2.3288 2.0956 2.0956
18275 57.26 26.06 0.00 -0.9222 3.8229 3.8229
18300 57.26 25.31 0.00 0.0319 2.1615 2.1615
18325 57.26 25.31 0.00 0.0319 2.1615 2.1615
18350 57.29 23.97 0.00 1.5097 -0.0530 -0.0530
18375 57.36 23.53 0.00 1.8975 -1.4425 -1.4425
18400 57.40 23.19 0.00 -0.0660 -4.8832 -4.8832
18425 57.40 23.19 0.00 -0.0660 -4.8832 -4.8832
18450 57.31 22.87 0.00 -3.1642 -4.3088 -4.3088
18475 57.13 22.48 0.00 -4.9272 -0.6274 -0.6274
18500 56.94 21.86 0.00 -4.2560 0.6165 0.6165
18525 56.94 21.86 0.00 -4.2560 0.6165 0.6165
18550 56.83 21.03 0.00 -1.3696 -0.5493 -0.5493
18575 56.83 21.03 0.00 -1.3696 -0.5493 -0.5493
18600 56.90 20.12 0.00 3.5489 1.6587 1.6587
18625 57.08 19.40 0.00 4.5039 -0.5971 -0.5971
18650 57.24 18.92 0.00 3.3519 -1.8582 -1.8582
18675 57.24 18.92 0.00 3.3519 -1.8582 -1.8582
18700 57.31 18.86 0.00 1.0416 -0.8890 -0.8890
18725 57.29 18.80 0.00 -1.0345 -0.0220 -0.0220
18750 57.29 18.80 0.00 -1.0345 -0.0220 -0.0220
18775 57.33 18.30 0.00 2.2874 1.0101 1.0101
18800 57.50 17.47 0.00 6.4656 0.9226 0.9226
18825 57.50 17.47 0.00 6.4656 0.9226 0.9226
18850 57.87 16.58 0.00 10.1484 1.6705 1.6705
18875 58.27 16.04 0.00 9.8611 1.2931 1.2931
18900 58.61 15.80 0.00 7.1523 1.6401 1.6401
18925 58.61 15.80 0.00 7.1523 1.6401 1.6401
18950 58.89 15.54 0.00 8.1285 2.5380 2.5380
18975 59.29 15.29 0.00 11.1281 3.4905 3.4905
19000 59.29 15.29 0.00 11.1281 3.4905 3.4905
19025 59.75 14.95 0.00 10.9372 2.0063 2.0063
19050 60.18 14.44 0.00 10.6054 1.4349 1.4349
19075 60.18 14.44 0.00 10.6054 1.4349 1.4349
19100 60.58 14.08 0.00 9.2758 1.5094 1.5094
19125 60.86 13.79 0.00 5.9725 0.3908 0.3908
19150 60.97 13.68 0.00 2.3271 0.4274 0.4274
19175 60.97 13.68 0.00 2.3271 0.4274 0.4274
19200 60.92 13.77 0.00 -4.1474 -1.1544 -1.1544
19225 60.65 13.85 0.00 -7.3279 -1.8333 -1.8333
19250 60.65 13.85 0.00 -7.3279 -1.8333 -1.8333
19275 60.39 13.86 0.00 -5.8226 -0.8592 -0.8592
19300 60.23 13.82 0.00 -2.4546 1.0541 1.0541
19325 60.23 13.82 0.00 -2.4546 1.0541 1.0541
19350 60.21 13.78 0.00 -0.0952 1.7864 1.7864
19375 60.18 13.76 0.00 -1.3054 -0.1295 -0.1295
19400 60.14 13.78 0.00 -0.4078 2.3925 2.3925
19425 60.14 13.78 0.00 -0.4078 2.3925 2.3925
19450 60.09 13.89 0.00 -1.8528 1.2717 1.2717
19475 60.00 13.98 0.00 -2.5499 0.3308 0.3308
19500 60.00 13.98 0.00 -2.5499 0.3308 0.3308
19525 59.88 14.01 0.00 -3.5850 -0.6546 -0.6546
19550 59.72 13.97 0.00 -3.9431 -0.8163 -0.8163
19575 59.56 13.90 0.00 -3.6053 -0.8300 -0.8300
19600 59.56 13.90 0.00 -3.6053 -0.8300 -0.8300
19625 59.44 13.67 0.00 -2.4009 0.8440 0.8440
19650 59.36 13.48 0.00 -2.4425 0.9938 0.9938
19675 59.36 13.48 0.00 -2.4425 0.9938 0.9938
19700 59.26 13.18 0.00 -1.9444 2.4080 2.4080
19725 59.22 12.88 0.00 -0.6620 4.1238 4.1238
19750 59.19 12.65 0.00 -1.5163 2.3500 2.3500
19775 59.19 12.65 0.00 -1.5163 2.3500 2.3500
19800 59.08 12.54 0.00 -2.8124 0.9661 0.9661
19825 59.08 12.54 0.00 -2.8124 0.9661 0.9661
19850 58.98 12.51 0.00 -2.8953 0.2145 0.2145
19875 58.89 12.44 0.00 -1.2889 0.9370 0.9370
19900 58.87 12.29 0.00 -0.2297 0.6840 0.6840
19925 58.87 12.29 0.00 -0.2297 0.6840 0.6840
19950 58.85 12.10 0.00 -1.0378 -0.4820 -0.4820
19975 58.78 12.04 0.00 -1.9294 -0.4813 -0.4813
20000 58.78 12.04 0.00 -1.9294 -0.4813 -0.4813
20025 58.68 12.19 0.00 -3.1060 0.1954 0.1954
20050 58.56 12.22 0.00 -2.8093 0.5519 0.5519
20075 58.45 12.20 0.00 -2.8285 -1.1035 -1.1035
20100 58.45 12.20 0.00 -2.8285 -1.1035 -1.1035
20125 58.31 12.17 0.00 -4.0541 -3.2854 -3.2854
20150 58.13 12.15 0.00 -4.4669 -3.5861 -3.5861
20175 58.13 12.15 0.00 -4.4669 -3.5861 -3.5861
20200 57.94 12.25 0.00 -5.0575 -2.5442 -2.5442
20225 57.73 12.43 0.00 -4.6082 1.3053 1.3053
20250 57.57 12.63 0.00 -4.0615 1.9758 1.9758
20275 57.57 12.63 0.00 -4.0615 1.9758 1.9758
20300 57.36 12.70 0.00 -6.1839 -2.1880 -2.1880
20325 57.08 12.75 0.00 -7.1808 -2.8378 -2.8378
20350 57.08 12.75 0.00 -7.1808 -2.8378 -2.8378
20375 56.82 12.91 0.00 -5.5623 -2.9483 -2.9483
20400 56.68 12.94 0.00 -2.3532 -1.1547 -1.1547
20425 56.68 12.94 0.00 -2.3532 -1.1547 -1.1547
20450 56.61 13.09 0.00 -1.5352 0.8909 0.8909
20475 56.62 12.89 0.00 1.6890 1.3791 1.3791
20500 56.62 12.89 0.00 1.6890 1.3791 1.3791
20525 56.69 12.29 0.00 1.5084 2.4261 2.4261
20550 56.71 11.77 0.00 1.0998 -2.1654 -2.1654
20575 56.71 11.77 0.00 1.0998 -2.1654 -2.1654
20600 56.73 11.96 0.00 -1.3737 2.4696 2.4696
20625 56.64 11.73 0.00 -0.4796 1.8291 1.8291
20650 56.69 11.75 0.00 1.4939 3.4985 3.4985
20675 56.69 11.75 0.00 1.4939 3.4985 3.4985
20700 56.73 11.81 0.00 0.1969 -0.2491 -0.2491
20725 56.75 11.57 0.00 0.5467 2.4009 2.4009
20750 56.75 11.57 0.00 0.5467 2.4009 2.4009
20775 56.73 11.70 0.00 -1.2415 1.9725 1.9725
20800 56.69 11.75 0.00 -0.1315 1.1052 1.1052
20825 56.68 11.73 0.00 -0.8127 -1.2209 -1.2209
20850 56.68 11.73 0.00 -0.8127 -1.2209 -1.2209
20875 56.61 11.67 0.00 -2.2226 -5.7708 -5.7708
20900 56.45 11.74 0.00 -6.1518 1.3641 1.3641
20925 56.45 11.74 0.00 -6.1518 1.3641 1.3641
20950 56.12 12.11 0.00 -8.8106 -2.0520 -2.0520
20975 55.91 12.46 0.00 -3.6591 0.8132 0.8132
21000 55.91 12.46 0.00 -3.6591 0.8132 0.8132
21025 55.80 12.58 0.00 -1.6521 -3.7690 -3.7690
21050 55.71 13.03 0.00 -3.6917 -0.2358 -0.2358
21075 55.71 13.03 0.00 -3.6917 -0.2358 -0.2358
21100 55.38 13.64 0.00 -11.1375 -1.4975 -1.4975
21125 54.94 14.29 0.00 -9.4021 0.4549 0.4549
21150 54.63 14.91 0.00 -7.4986 1.0254 1.0254
21175 54.63 14.91 0.00 -7.4986 1.0254 1.0254
21200 54.26 15.42 0.00 -11.5539 -0.4309 -0.4309
21225 53.72 15.70 0.00 -13.6223 -0.5532 -0.5532
21250 53.00 16.61 0.00 -20.2449 0.8312 0.8312
21275 53.00 16.61 0.00 -20.2449 0.8312 0.8312
21300 52.18 17.00 0.00 -18.9048 0.1544 0.1544
21325 51.62 17.56 0.00 -11.7460 1.3882 1.3882
21350 51.62 17.56 0.00 -11.7460 1.3882 1.3882
21375 51.17 18.25 0.00 -11.2282 0.7154 0.7154
21400 50.63 18.85 0.00 -14.8341 0.7339 0.7339
21425 50.63 18.85 0.00 -14.8341 0.7339 0.7339
21450 50.05 19.28 0.00 -13.4059 -0.8150 -0.8150
21475 49.69 19.67 0.00 -11.5282 -1.7248 -1.7248
21500 49.69 19.67 0.00 -11.5282 -1.7248 -1.7248
21525 49.35 19.79 0.00 -7.2375 -1.2787 -1.2787
21550 49.07 19.91 0.00 -7.1439 -2.1261 -2.1261
21575 48.69 20.07 0.00 -11.3962 -4.5213 -4.5213
21600 48.69 20.07 0.00 -11.3962 -4.5213 -4.5213
21625 48.22 20.33 0.00 -11.4938 -5.3816 -5.3816
21650 47.82 20.71 0.00 -8.2586 -4.2849 -4.2849
21675 47.82 20.71 0.00 -8.2586 -4.2849 -4.2849
21700 47.66 20.93 0.00 -1.4721 -2.4823 -2.4823
21725 47.73 21.16 0.00 2.4755 -0.7959 -0.7959
21750 47.73 21.16 0.00 2.4755 -0.7959 -0.7959
21775 47.78 21.54 0.00 0.2776 0.4523 0.4523
21800 47.68 21.92 0.00 -4.3287 -0.7342 -0.7342
21825 47.49 22.34 0.00 -5.1464 -2.6878 -2.6878
21850 47.49 22.34 0.00 -5.1464 -2.6878 -2.6878
21875 47.31 22.56 0.00 -3.6668 0.9751 0.9751
21900 47.19 22.80 0.00 -2.1481 -0.5030 -0.5030
21925 47.19 22.80 0.00 -2.1481 -0.5030 -0.5030
21950 47.12 23.08 0.00 -2.1234 -1.4881 -1.4881
21975 47.00 23.12 0.00 -4.0719 -1.6602 -1.6602
22000 47.00 23.12 0.00 -4.0719 -1.6602 -1.6602
22025 46.84 22.99 0.00 -2.9625 -1.1887 -1.1887
22050 46.75 23.15 0.00 -2.9260 -2.4297 -2.4297
22075 46.60 23.47 0.00 -3.9055 -0.4689 -0.4689
22100 46.60 23.47 0.00 -3.9055 -0.4689 -0.4689
22125 46.39 23.51 0.00 -5.6207 -2.1475 -2.1475
22150 46.23 23.70 0.00 -3.1291 -1.8839 -1.8839
22175 46.23 23.70 0.00 -3.1291 -1.8839 -1.8839
22200 46.14 24.16 0.00 -0.9904 -1.8742 -1.8742
22225 46.05 24.59 0.00 -4.3883 -1.3132 -1.3132
22250 45.81 24.82 0.00 -10.5830 -0.9722 -0.9722
22275 45.81 24.82 0.00 -10.5830 -0.9722 -0.9722
22300 45.14 24.91 0.00 -19.7633 -1.5062 -1.5062
22325 44.23 25.47 0.00 -24.0966 -3.1189 -3.1189
22350 44.23 25.47 0.00 -24.0966 -3.1189 -3.1189
22375 43.39 25.84 0.00 -17.3354 -2.5301 -2.5301
22400 42.99 25.97 0.00 -6.1473 -0.4388 -0.4388
22425 42.90 25.83 0.00 -0.2163 -3.3924 -3.3924
22450 42.90 25.83 0.00 -0.2163 -3.3924 -3.3924
22475 42.97 25.85 0.00 2.6948 -2.1177 -2.1177
22500 42.97 25.77 0.00 -3.2571 -1.3052 -1.3052
22525 42.97 25.77 0.00 -3.2571 -1.3052 -1.3052
22550 42.57 26.15 0.00 -14.0740 -2.3381 -2.3381
22575 41.87 26.47 0.00 -19.0798 -2.0370 -2.0370
22600 41.87 26.47 0.00 -19.0798 -2.0370 -2.0370
22625 40.93 27.05 0.00 -27.3680 -5.7996 -5.7996
22650 39.68 28.35 0.00 -34.3513 -0.8237 -0.8237
22675 39.68 28.35 0.00 -34.3513 -0.8237 -0.8237
22700 38.41 29.31 0.00 -27.7818 -0.9360 -0.9360
22725 37.72 29.99 0.00 -9.7079 1.9266 1.9266
22750 37.72 29.99 0.00 -9.7079 1.9266 1.9266
22775 37.70 30.78 0.00 1.9478 -4.6788 -4.6788
22800 37.42 31.73 0.00 -14.9144 -11.0384 -11.0384
22825 36.28 33.28 0.00 -35.3497 -9.1242 -9.1242
22850 36.28 33.28 0.00 -35.3497 -9.1242 -9.1242
22875 34.81 34.86 0.00 -34.8911 -5.1923 -5.1923
22900 33.86 36.12 0.00 -16.0911 -1.6644 -1.6644
22925 33.86 36.12 0.00 -16.0911 -1.6644 -1.6644
22950 33.66 37.14 0.00 1.5590 -0.7638 -0.7638
22975 33.95 38.31 0.00 9.3082 1.7742 1.7742
23000 34.39 39.10 0.00 12.0007 3.2421 3.2421
23025 34.39 39.10 0.00 12.0007 3.2421 3.2421
23050 34.75 39.37 0.00 11.8036 1.6511 1.6511
23075 35.11 39.51 0.00 5.8893 2.3936 2.3936
23100 35.11 39.51 0.00 5.8893 2.3936 2.3936
23125 35.14 39.51 0.00 -1.0676 -0.8874 -0.8874
23150 35.04 39.82 0.00 -3.5945 0.9544 0.9544
23175 35.04 39.82 0.00 -3.5945 0.9544 0.9544
23200 34.95 40.31 0.00 -0.4432 1.9401 1.9401
23225 35.07 40.65 0.00 4.2975 3.0524 3.0524
23250 35.23 40.72 0.00 2.9638 0.7705 0.7705
23275 35.23 40.72 0.00 2.9638 0.7705 0.7705
23300 35.14 40.65 0.00 -5.6696 -1.3904 -1.3904
23325 34.81 40.57 0.00 -8.2553 -4.1825 -4.1825
23350 34.81 40.57 0.00 -8.2553 -4.1825 -4.1825
23375 34.54 40.58 0.00 -5.5645 -0.9590 -0.9590
23400 34.38 40.61 0.00 -3.2991 -1.4810 -1.4810
23425 34.18 40.69 0.00 -6.9195 -2.1266 -2.1266
23450 34.18 40.69 0.00 -6.9195 -2.1266 -2.1266
23475 33.82 40.70 0.00 -9.9254 -3.0213 -3.0213
23500 33.37 40.37 0.00 -11.5490 -6.7882 -6.7882
23525 33.37 40.37 0.00 -11.5490 -6.7882 -6.7882
23550 32.80 40.10 0.00 -18.5154 -9.9540 -9.9540
23575 32.80 40.10 0.00 -18.5154 -9.9540 -9.9540
23600 31.83 40.21 0.00 -26.6420 -4.3807 -4.3807
23625 30.80 40.93 0.00 -23.5726 0.4434 0.4434
23650 30.16 41.88 0.00 -10.4541 3.3756 3.3756
23675 30.05 42.45 0.00 2.1937 2.8319 2.8319
23700 30.05 42.45 0.00 2.1937 2.8319 2.8319
23725 30.25 42.73 0.00 4.6388 -0.1628 -0.1628
23750 30.33 42.92 0.00 1.5439 -1.1950 -1.1950
23775 30.33 42.92 0.00 1.5439 -1.1950 -1.1950
23800 30.38 43.34 0.00 1.6385 0.6422 0.6422
23825 30.51 44.02 0.00 4.2947 -0.5656 -0.5656
23850 30.51 44.02 0.00 4.2947 -0.5656 -0.5656
23875 30.69 44.74 0.00 4.1419 1.2624 1.2624
23900 30.87 45.65 0.00 5.3627 3.3653 3.3653
23925 30.87 45.65 0.00 5.3627 3.3653 3.3653
23950 31.12 47.02 0.00 5.3796 2.3922 2.3922
23975 31.14 48.59 0.00 -3.7041 4.1761 4.1761
24000 31.14 48.59 0.00 -3.7041 4.1761 4.1761
24025 30.87 50.02 0.00 -7.8610 3.1639 3.1639
24050 30.51 51.34 0.00 -11.0474 2.8381 2.8381
24075 29.89 53.00 0.00 -17.6139 2.2462 2.2462
24100 29.89 53.00 0.00 -17.6139 2.2462 2.2462
24125 29.15 54.71 0.00 -18.2583 2.9466 2.9466
24150 28.54 55.92 0.00 -14.0450 -1.3007 -1.3007
24175 28.54 55.92 0.00 -14.0450 -1.3007 -1.3007
24200 28.03 57.11 0.00 -13.4083 -3.4803 -3.4803
24225 27.43 58.32 0.00 -15.2737 -3.9338 -3.9338
24250 26.93 58.50 0.00 -9.9822 -6.7377 -6.7377
24275 26.93 58.50 0.00 -9.9822 -6.7377 -6.7377
24300 26.42 58.91 0.00 -16.9444 -1.5175 -1.5175
24325 25.81 60.02 0.00 -14.2092 -1.7801 -1.7801
24350 25.81 60.02 0.00 -14.2092 -1.7801 -1.7801
24375 25.44 60.90 0.00 -6.4583 0.7626 0.7626
24400 25.29 61.26 0.00 -3.0679 -4.0163 -4.0163
24425 25.29 61.26 0.00 -3.0679 -4.0163 -4.0163
24450 25.10 61.53 0.00 -6.7158 -1.9944 -1.9944
24475 24.70 61.87 0.00 -11.2578 -4.1738 -4.1738
24500 24.70 61.87 0.00 -11.2578 -4.1738 -4.1738
24525 24.14 62.02 0.00 -15.7977 -0.8402 -0.8402
24550 23.52 62.24 0.00 -13.9678 0.5314 0.5314
24575 23.17 62.46 0.00 -5.7000 0.8180 0.8180
24600 23.17 62.46 0.00 -5.7000 0.8180 0.8180
24625 23.06 62.62 0.00 -4.3851 1.2349 1.2349
24650 22.81 62.78 0.00 -6.3829 -0.3701 -0.3701
24675 22.55 63.02 0.00 -6.9280 -0.1849 -0.1849
24700 22.55 63.02 0.00 -6.9280 -0.1849 -0.1849
24725 22.29 63.40 0.00 -5.8894 -0.4406 -0.4406
24750 22.04 63.95 0.00 -7.2735 0.9015 0.9015
24775 22.04 63.95 0.00 -7.2735 0.9015 0.9015
24800 21.59 64.52 0.00 -12.8907 2.2292 2.2292
24825 21.16 64.83 0.00 -8.6352 -0.7419 -0.7419
24850 21.16 64.83 0.00 -8.6352 -0.7419 -0.7419
24875 21.00 65.69 0.00 -0.7254 3.0028 3.0028
24900 21.02 66.43 0.00 0.0265 -1.1380 -1.1380
24925 21.00 66.82 0.00 -0.7279 0.0769 0.0769
24950 21.00 66.82 0.00 -0.7279 0.0769 0.0769
24975 20.95 67.20 0.00 -1.6848 1.3616 1.3616
25000 20.80 67.55 0.00 -5.0490 2.7072 2.7072
25025 20.80 67.55 0.00 -5.0490 2.7072 2.7072
25050 20.51 67.85 0.00 -9.1575 3.7404 3.7404
25075 20.07 68.24 0.00 -12.0658 1.9926 1.9926
25100 20.07 68.24 0.00 -12.0658 1.9926 1.9926
25125 19.48 68.80 0.00 -16.7189 1.9326 1.9326
25150 18.70 69.28 0.00 -19.6696 0.8320 0.8320
25175 18.70 69.28 0.00 -19.6696 0.8320 0.8320
25200 18.05 69.48 0.00 -13.9902 1.4514 1.4514
25225 17.55 69.81 0.00 -13.8791 1.6872 1.6872
25250 17.55 69.81 0.00 -13.8791 1.6872 1.6872
25275 16.85 70.40 0.00 -17.9441 2.6724 2.6724
25300 16.11 71.15 0.00 -18.9018 3.9475 3.9475
25325 16.11 71.15 0.00 -18.9018 3.9475 3.9475
25350 15.29 71.87 0.00 -20.3587 5.4633 5.4633
25375 14.67 72.49 0.00 -11.5392 4.5063 4.5063
25400 14.53 72.89 0.00 -1.9559 0.4972 0.4972
25425 14.57 73.32 0.00 1.2154 -2.4759 -2.4759
25450 14.57 73.32 0.00 1.2154 -2.4759 -2.4759
25475 14.59 73.67 0.00 1.0577 0.2832 0.2832
25500 14.73 74.02 0.00 5.3260 0.3817 0.3817
25525 14.73 74.02 0.00 5.3260 0.3817 0.3817
25550 14.94 74.28 0.00 4.8483 0.9097 0.9097
25575 15.14 74.31 0.00 5.4719 0.3253 0.3253
25600 15.14 74.31 0.00 5.4719 0.3253 0.3253
25625 15.35 74.26 0.00 5.4507 -1.0602 -1.0602
25650 15.55 74.20 0.00 4.2000 -0.3264 -0.3264
25675 15.55 74.20 0.00 4.2000 -0.3264 -0.3264
25700 15.72 74.02 0.00 4.5575 1.1725 1.1725
25725 15.90 73.79 0.00 4.4898 -0.0767 -0.0767
25750 16.07 73.61 0.00 2.6811 -1.3956 -1.3956
25775 16.07 73.61 0.00 2.6811 -1.3956 -1.3956
25800 16.04 73.50 0.00 -2.7098 -2.0357 -2.0357
25825 15.90 73.49 0.00 -3.4894 -1.8429 -1.8429
25850 15.90 73.49 0.00 -3.4894 -1.8429 -1.8429
25875 15.80 73.53 0.00 -1.5553 -2.5971 -2.5971
25900 15.78 73.53 0.00 0.1763 -0.7882 -0.7882
25925 15.86 73.56 0.00 3.0808 0.6923 0.6923
25950 15.86 73.56 0.00 3.0808 0.6923 0.6923
25975 16.05 73.58 0.00 5.2075 0.3242 0.3242
26000 16.21 73.59 0.00 2.6435 0.2049 0.2049
26025 16.21 73.59 0.00 2.6435 0.2049 0.2049
26050 16.27 73.60 0.00 1.5981 0.5363 0.5363
26075 16.33 73.58 0.00 1.6135 0.2573 0.2573
26100 16.33 73.58 0.00 1.6135 0.2573 0.2573
26125 16.37 73.56 0.00 0.8597 1.4016 1.4016
26150 16.40 73.66 0.00 0.6511 0.3682 0.3682
26175 16.40 73.66 0.00 0.6511 0.3682 0.3682
26200 16.42 73.84 0.00 1.0443 -1.4279 -1.4279
26225 16.54 74.36 0.00 3.6924 -0.7116 -0.7116
26250 16.54 74.36 0.00 3.6924 -0.7116 -0.7116
26275 16.77 74.97 0.00 7.3015 1.6448 1.6448
26300 17.14 75.27 0.00 9.2603 1.4457 1.4457
26325 17.47 75.37 0.00 8.3875 0.9535 0.9535
26350 17.47 75.37 0.00 8.3875 0.9535 0.9535
26375 17.89 75.43 0.00 12.5705 1.4017 1.4017
26400 18.45 75.55 0.00 14.5076 -1.1084 -1.1084
26425 18.45 75.55 0.00 14.5076 -1.1084 -1.1084
26450 18.99 75.68 0.00 12.2268 -3.0708 -3.0708
26475 19.47 75.86 0.00 12.1845 -2.5260 -2.5260
26500 19.92 76.14 0.00 11.0286 -2.3598 -2.3598
26525 19.92 76.14 0.00 11.0286 -2.3598 -2.3598
26550 20.40 76.42 0.00 12.0768 -3.1242 -3.1242
26575 20.74 76.57 0.00 5.1653 0.3571 0.3571
26600 20.74 76.57 0.00 5.1653 0.3571 0.3571
26625 20.80 76.55 0.00 -0.3533 4.5027 4.5027
26650 20.83 76.42 0.00 2.2082 6.1625 6.1625
26675 21.00 76.24 0.00 4.9118 2.3353 2.3353
26700 21.00 76.24 0.00 4.9118 2.3353 2.3353
26725 21.08 76.00 0.00 -3.0838 4.9550 4.9550
26750 20.64 75.94 0.00 -13.3043 5.6167 5.6167
26775 20.64 75.94 0.00 -13.3043 5.6167 5.6167
26800 20.23 75.55 0.00 -5.9851 1.3408 1.3408
26825 20.44 75.38 0.00 11.1087 -7.2336 -7.2336
26850 20.44 75.38 0.00 11.1087 -7.2336 -7.2336
26875 20.89 75.15 0.00 9.3379 -4.6918 -4.6918
26900 21.12 75.00 0.00 4.0628 -0.3937 -0.3937
26925 21.25 75.03 0.00 4.9851 0.2270 0.2270
26950 21.25 75.03 0.00 4.9851 0.2270 0.2270
26975 21.42 74.82 0.00 3.3874 -1.9205 -1.9205
27000 21.61 74.70 0.00 4.5315 1.9712 1.9712
27025 21.61 74.70 0.00 4.5315 1.9712 1.9712
27050 21.78 74.44 0.00 4.7883 1.1715 1.1715
27075 22.02 74.36 0.00 7.5818 0.1562 0.1562
27100 22.02 74.36 0.00 7.5818 0.1562 0.1562
27125 22.40 74.43 0.00 9.6165 0.2075 0.2075
27150 22.79 74.77 0.00 10.4207 0.7816 0.7816
27175 22.79 74.77 0.00 10.4207 0.7816 0.7816
27200 23.17 75.20 0.00 7.5405 0.9215 0.9215
27225 23.37 75.63 0.00 3.2477 3.1740 3.1740
27250 23.39 76.09 0.00 -1.6970 3.3688 3.3688
27275 23.39 76.09 0.00 -1.6970 3.3688 3.3688
27300 23.26 76.32 0.00 -3.2559 3.5627 3.5627
27325 23.28 76.30 0.00 3.3633 1.4370 1.4370
27350 23.28 76.30 0.00 3.3633 1.4370 1.4370
27375 23.52 76.31 0.00 7.4401 -0.6635 -0.6635
27400 23.82 76.54 0.00 7.4997 -1.0416 -1.0416
27425 23.82 76.54 0.00 7.4997 -1.0416 -1.0416
27450 24.18 76.91 0.00 9.5132 -0.9166 -0.9166
27475 24.60 77.27 0.00 11.4332 -0.5289 -0.5289
27500 25.12 77.41 0.00 14.3560 -2.7276 -2.7276
27525 25.12 77.41 0.00 14.3560 -2.7276 -2.7276
27550 25.72 77.22 0.00 14.4837 -3.9659 -3.9659
27575 26.20 76.89 0.00 10.5435 -3.5422 -3.5422
27600 26.62 76.60 0.00 11.0583 -2.6993 -2.6993
27625 26.62 76.60 0.00 11.0583 -2.6993 -2.6993
27650 27.13 76.22 0.00 13.6427 -3.5679 -3.5679
27675 27.13 76.22 0.00 13.6427 -3.5679 -3.5679
27700 27.76 75.85 0.00 16.7142 -4.5697 -4.5697
27725 28.31 75.63 0.00 19.3679 -5.7934 -5.7934
27750 29.07 75.54 0.00 17.4075 -5.2692 -5.2692
27775 29.07 75.54 0.00 17.4075 -5.2692 -5.2692
27800 29.56 75.58 0.00 9.7473 -1.0995 -1.0995
27825 29.82 75.64 0.00 3.8699 2.9485 2.9485
27850 29.82 75.64 0.00 3.8699 2.9485 2.9485
27875 29.82 75.73 0.00 -2.1897 2.1220 2.1220
27900 29.65 75.85 0.00 -4.9825 2.3051 2.3051
27925 29.49 75.98 0.00 -3.3625 0.1458 0.1458
27950 29.49 75.98 0.00 -3.3625 0.1458 0.1458
27975 29.44 76.13 0.00 0.6172 -1.4061 -1.4061
28000 29.47 76.31 0.00 -0.2039 -3.7062 -3.7062
28025 29.47 76.31 0.00 -0.2039 -3.7062 -3.7062
28050 29.36 76.40 0.00 -4.1945 1.3921 1.3921
28075 29.20 76.50 0.00 -2.3979 2.6635 2.6635
28100 29.20 76.50 0.00 -2.3979 2.6635 2.6635
28125 29.20 76.63 0.00 1.0164 1.5095 1.5095
28150 29.18 76.72 0.00 -1.6077 2.4993 2.4993
28175 29.15 76.81 0.00 0.4992 2.4057 2.4057
28200 29.15 76.81 0.00 0.4992 2.4057 2.4057
28225 29.35 76.86 0.00 6.8400 -0.8316 -0.8316
28250 29.64 76.85 0.00 7.2021 -0.9695 -0.9695
28275 29.64 76.85 0.00 7.2021 -0.9695 -0.9695
28300 29.87 76.86 0.00 5.4427 0.1901 0.1901
28325 30.13 76.82 0.00 7.5448 -1.0048 -1.0048
28350 30.13 76.82 0.00 7.5448 -1.0048 -1.0048
28375 30.60 76.62 0.00 14.2124 -4.3467 -4.3467
28400 31.23 76.38 0.00 16.4111 -4.9657 -4.9657
28425 31.23 76.38 0.00 16.4111 -4.9657 -4.9657
28450 31.86 76.20 0.00 14.9867 -3.5001 -3.5001
28475 32.37 76.01 0.00 10.7997 -1.5665 -1.5665
28500 32.37 76.01 0.00 10.7997 -1.5665 -1.5665
28525 32.67 75.80 0.00 5.9487 -0.1874 -0.1874
28550 32.82 75.69 0.00 4.2309 -0.6368 -0.6368
28575 32.94 75.63 0.00 3.0658 0.2893 0.2893
28600 32.94 75.63 0.00 3.0658 0.2893 0.2893
28625 33.07 75.68 0.00 2.8482 -0.7407 -0.7407
28650 33.18 75.77 0.00 2.6356 -1.3760 -1.3760
28675 33.18 75.77 0.00 2.6356 -1.3760 -1.3760
28700 33.25 75.86 0.00 1.3125 -1.2150 -1.2150
28725 33.28 75.86 0.00 0.7442 -0.7223 -0.7223
28750 33.32 75.86 0.00 0.4605 -1.3234 -1.3234
28775 33.32 75.86 0.00 0.4605 -1.3234 -1.3234
28800 33.34 75.78 0.00 1.0350 -0.2956 -0.2956
28825 33.41 75.73 0.00 1.9894 -0.6051 -0.6051
28850 33.50 75.74 0.00 2.4750 -0.8480 -0.8480
28875 33.50 75.74 0.00 2.4750 -0.8480 -0.8480
28900 33.59 75.78 0.00 2.1271 -0.6039 -0.6039
28925 33.59 75.78 0.00 2.1271 -0.6039 -0.6039
28950 33.71 75.81 0.00 4.0944 -0.9470 -0.9470
28975 34.02 75.78 0.00 9.7811 -2.8214 -2.8214
29000 34.48 75.68 0.00 12.5545 -4.5750 -4.5750
29025 34.48 75.68 0.00 12.5545 -4.5750 -4.5750
29050 34.98 75.47 0.00 11.9524 -3.8987 -3.8987
29075 35.41 75.19 0.00 10.8079 -2.8902 -2.8902
29100 35.41 75.19 0.00 10.8079 -2.8902 -2.8902
29125 35.87 74.86 0.00 12.1510 -2.2529 -2.2529
29150 36.37 74.46 0.00 11.5592 -1.7555 -1.7555
29175 36.82 74.09 0.00 11.1195 -0.6774 -0.6774
29200 36.82 74.09 0.00 11.1195 -0.6774 -0.6774
29225 37.30 73.92 0.00 12.2524 -1.3089 -1.3089
29250 37.81 73.77 0.00 13.6169 -1.4071 -1.4071
29275 37.81 73.77 0.00 13.6169 -1.4071 -1.4071
29300 38.20 73.64 0.00 12.4462 -0.8337 -0.8337
29325 38.61 73.45 0.00 8.8143 0.0906 0.0906
29350 38.61 73.45 0.00 8.8143 0.0906 0.0906
29375 38.91 73.15 0.00 6.5169 1.8460 1.8460
29400 39.10 72.59 0.00 4.5183 0.4026 0.4026
29425 39.10 72.59 0.00 4.5183 0.4026 0.4026
29450 39.31 71.88 0.00 5.6683 -1.5827 -1.5827
29475 39.54 71.15 0.00 5.4298 -1.8050 -1.8050
29500 39.54 71.15 0.00 5.4298 -1.8050 -1.8050
29525 39.72 70.77 0.00 4.2750 0.9669 0.9669
29550 39.84 70.75 0.00 1.7067 1.1063 1.1063
29575 39.88 70.65 0.00 0.7508 0.7677 0.7677
29600 39.88 70.65 0.00 0.7508 0.7677 0.7677
29625 39.93 70.26 0.00 1.8075 -0.7837 -0.7837
29650 40.07 69.90 0.00 5.1302 -2.1230 -2.1230
29675 40.07 69.90 0.00 5.1302 -2.1230 -2.1230
29700 40.35 69.62 0.00 8.3625 -2.0687 -2.0687
29725 40.72 69.23 0.00 9.4793 -3.1155 -3.1155
29750 41.16 68.85 0.00 12.7178 -3.2391 -3.2391
29775 41.16 68.85 0.00 12.7178 -3.2391 -3.2391
29800 41.76 68.62 0.00 16.0757 -3.6505 -3.6505
29825 42.45 68.44 0.00 17.4067 -5.1314 -5.1314
29850 42.45 68.44 0.00 17.4067 -5.1314 -5.1314
29875 43.20 68.31 0.00 19.6442 -6.9329 -6.9329
29900 44.11 68.29 0.00 25.2026 -9.2155 -9.2155
29925 45.27 68.28 0.00 30.5858 -8.6025 -8.6025
29950 45.27 68.28 0.00 30.5858 -8.6025 -8.6025
29975 46.58 68.11 0.00 33.5078 -6.5089 -6.5089
30000 47.92 67.93 0.00 32.9096 -6.0990 -6.0990
30025 47.92 67.93 0.00 32.9096 -6.0990 -6.0990
30050 49.16 67.84 0.00 29.3121 -1.8284 -1.8284
30075 49.91 67.91 0.00 22.9464 0.6908 0.6908
30100 49.91 67.91 0.00 22.9464 0.6908 0.6908
30125 50.58 68.05 0.00 12.9096 2.5629 2.5629
30150 50.87 68.05 0.00 4.8039 1.4140 1.4140
30175 50.87 68.05 0.00 4.8039 1.4140 1.4140
30200 50.91 68.08 0.00 -1.5968 -1.3389 -1.3389
30225 50.77 68.05 0.00 -4.3503 2.9799 2.9799
30250 50.63 68.10 0.00 -2.3908 2.4974 2.4974
30275 50.63 68.10 0.00 -2.3908 2.4974 2.4974
30300 50.61 68.15 0.00 0.5861 1.3002 1.3002
30325 50.66 68.03 0.00 1.6299 -0.8704 -0.8704
30350 50.66 68.03 0.00 1.6299 -0.8704 -0.8704
30375 50.70 67.89 0.00 0.0876 0.3518 0.3518
30400 50.66 67.73 0.00 -1.3370 0.3367 0.3367
30425 50.65 67.49 0.00 1.1207 1.6714 1.6714
30450 50.65 67.49 0.00 1.1207 1.6714 1.6714
30475 50.75 67.29 0.00 2.9615 0.7396 0.7396
30500 50.87 67.08 0.00 2.6915 0.2035 0.2035
30525 50.87 67.08 0.00 2.6915 0.2035 0.2035
30550 50.99 66.70 0.00 3.9518 0.1567 0.1567
30575 51.24 66.16 0.00 6.8644 0.8127 0.8127
30600 51.24 66.16 0.00 6.8644 0.8127 0.8127
30625 51.54 65.70 0.00 8.1226 -0.8246 -0.8246
30650 51.85 65.16 0.00 7.3961 1.1305 1.1305
30675 51.85 65.16 0.00 7.3961 1.1305 1.1305
30700 52.08 64.39 0.00 4.3617 3.1823 3.1823
30725 52.29 63.46 0.00 6.7995 4.7748 4.7748
30750 52.29 63.46 0.00 6.7995 4.7748 4.7748
30775 52.64 62.77 0.00 8.6291 4.5761 4.5761
30800 52.86 62.38 0.00 3.4441 4.0858 4.0858
30825 52.86 62.38 0.00 3.4441 4.0858 4.0858
30850 52.88 61.98 0.00 -0.3775 4.3164 4.3164
30875 52.88 61.72 0.00 -0.5794 5.0106 5.0106
30900 52.85 61.53 0.00 -0.5418 6.5055 6.5055
30925 52.85 61.53 0.00 -0.5418 6.5055 6.5055
30950 52.85 61.25 0.00 0.5397 6.1838 6.1838
30975 52.95 61.30 0.00 3.9067 0.1700 0.1700
31000 53.09 61.30 0.00 3.0695 -1.5356 -1.5356
31025 53.09 61.30 0.00 3.0695 -1.5356 -1.5356
31050 53.13 61.40 0.00 -0.5470 -1.0191 -1.0191
31075 53.07 61.54 0.00 -1.8476 0.5922 0.5922
31100 53.07 61.54 0.00 -1.8476 0.5922 0.5922
31125 53.00 61.68 0.00 -1.9941 -0.1677 -0.1677
31150 52.95 61.79 0.00 -0.6998 -0.1553 -0.1553
31175 52.95 61.79 0.00 -0.6998 -0.1553 -0.1553
31200 52.99 61.82 0.00 0.8920 0.2327 0.2327
31225 53.00 61.79 0.00 0.8436 0.2839 0.2839
31250 53.07 61.61 0.00 2.2573 0.1234 0.1234
31275 53.07 61.61 0.00 2.2573 0.1234 0.1234
31300 53.20 61.49 0.00 3.2592 -0.8230 -0.8230
31325 53.33 61.28 0.00 3.6315 -0.7959 -0.7959
31350 53.33 61.28 0.00 3.6315 -0.7959 -0.7959
31375 53.46 60.98 0.00 2.5491 0.0027 0.0027
31400 53.56 60.64 0.00 3.3638 0.8755 0.8755
31425 53.56 60.64 0.00 3.3638 0.8755 0.8755
31450 53.75 60.15 0.00 5.5228 -0.1703 -0.1703
31475 53.98 59.71 0.00 5.5044 -1.4286 -1.4286
31500 54.17 59.39 0.00 4.4604 -0.6215 -0.6215
31525 54.17 59.39 0.00 4.4604 -0.6215 -0.6215
31550 54.33 59.27 0.00 3.6701 -0.6191 -0.6191
31575 54.51 59.20 0.00 4.9787 0.3704 0.3704
31600 54.51 59.20 0.00 4.9787 0.3704 0.3704
31625 54.70 59.15 0.00 7.0518 0.7232 0.7232
31650 55.15 59.08 0.00 14.1903 0.1169 0.1169
31675 55.15 59.08 0.00 14.1903 0.1169 0.1169
31700 55.89 59.08 0.00 19.8901 -0.9536 -0.9536
31725 56.61 58.94 0.00 16.2631 -1.3244 -1.3244
31750 56.61 58.94 0.00 16.2631 -1.3244 -1.3244
31775 57.06 58.74 0.00 8.3724 0.8708 0.8708
31800 57.19 58.73 0.00 -0.2732 3.5312 3.5312
31825 57.03 58.83 0.00 -5.0240 1.4050 1.4050
31850 57.03 58.83 0.00 -5.0240 1.4050 1.4050
31875 56.83 58.94 0.00 -4.3676 -1.8197 -1.8197
31900 56.73 58.96 0.00 -1.2958 -1.7959 -1.7959
31925 56.73 58.96 0.00 -1.2958 -1.7959 -1.7959
31950 56.73 58.85 0.00 0.6424 -0.1287 -0.1287
31975 56.78 58.57 0.00 1.8330 1.1092 1.1092
32000 56.89 58.03 0.00 2.9533 2.2976 2.2976
32025 56.89 58.03 0.00 2.9533 2.2976 2.2976
32050 56.99 57.10 0.00 2.6417 2.9092 2.9092
32075 57.10 56.12 0.00 3.2023 0.6557 0.6557
32100 57.10 56.12 0.00 3.2023 0.6557 0.6557
32125 57.27 55.29 0.00 5.2202 0.9026 0.9026
32150 57.55 54.24 0.00 7.3275 3.0995 3.0995
32175 57.85 53.46 0.00 8.5769 2.3395 2.3395
32200 57.85 53.46 0.00 8.5769 2.3395 2.3395
32225 58.22 52.60 0.00 9.7545 4.1174 4.1174
32250 58.57 51.61 0.00 7.3769 4.1122 4.1122
32275 58.57 51.61 0.00 7.3769 4.1122 4.1122
32300 58.75 50.56 0.00 2.4558 4.3787 4.3787
32325 58.68 49.66 0.00 -4.0682 4.1012 4.1012
32350 58.68 49.66 0.00 -4.0682 4.1012 4.1012
32375 58.50 49.02 0.00 -6.4852 4.5280 4.5280
32400 58.22 48.30 0.00 -7.5165 -0.7739 -0.7739
32425 58.22 48.30 0.00 -7.5165 -0.7739 -0.7739
32450 57.85 47.66 0.00 -10.8188 -5.5436 -5.5436
32475 57.33 47.25 0.00 -13.8860 2.0680 2.0680
32500 56.82 47.03 0.00 -11.3286 -0.0532 -0.0532
32525 56.82 47.03 0.00 -11.3286 -0.0532 -0.0532
32550 56.48 46.78 0.00 -6.5700 4.0423 4.0423
32575 56.24 46.43 0.00 -6.2614 4.9232 4.9232
32600 56.24 46.43 0.00 -6.2614 4.9232 4.9232
32625 56.03 46.16 0.00 -4.4091 4.5860 4.5860
32650 55.91 46.29 0.00 -1.8884 3.2586 3.2586
32675 55.91 46.29 0.00 -1.8884 3.2586 3.2586
32700 55.98 46.52 0.00 5.2246 -0.3760 -0.3760
32725 56.29 46.35 0.00 8.7890 1.0748 1.0748
32750 56.29 46.35 0.00 8.7890 1.0748 1.0748
32775 56.55 46.85 0.00 4.5731 -1.3020 -1.3020
32800 56.75 46.97 0.00 5.5805 0.9025 0.9025
32825 56.92 47.03 0.00 2.4590 3.8959 3.8959
32850 56.92 47.03 0.00 2.4590 3.8959 3.8959
32875 56.82 46.83 0.00 -5.0084 3.2354 3.2354
32900 56.64 46.92 0.00 -4.5705 7.1150 7.1150
32925 56.64 46.92 0.00 -4.5705 7.1150 7.1150
32950 56.41 46.78 0.00 -6.6995 1.8269 1.8269
32975 56.17 46.73 0.00 -6.8033 2.6344 2.6344
33000 56.17 46.73 0.00 -6.8033 2.6344 2.6344
33025 55.85 46.43 0.00 -8.0035 1.2935 1.2935
33050 55.54 46.40 0.00 -7.5563 0.9368 0.9368
33075 55.54 46.40 0.00 -7.5563 0.9368 0.9368
33100 55.12 46.60 0.00 -13.8604 2.3499 2.3499
33125 54.42 46.64 0.00 -18.2033 1.7868 1.7868
33150 53.72 46.73 0.00 -17.3843 0.7118 0.7118
33175 53.18 47.09 0.00 -18.4956 2.3674 2.3674
33200 53.18 47.09 0.00 -18.4956 2.3674 2.3674
33225 52.36 47.14 0.00 -20.3426 3.4984 3.4984
33250 52.36 47.14 0.00 -20.3426 3.4984 3.4984
33275 51.64 47.16 0.00 -15.8321 2.0649 2.0649
33300 51.20 47.24 0.00 -8.0480 -1.3965 -1.3965
33325 51.06 47.41 0.00 -2.2985 -4.6380 -4.6380
33350 51.06 47.41 0.00 -2.2985 -4.6380 -4.6380
33375 50.93 48.30 0.00 -3.1932 -1.5419 -1.5419
33400 50.70 48.80 0.00 -4.2672 2.7144 2.7144
33425 50.70 48.80 0.00 -4.2672 2.7144 2.7144
33450 50.59 48.85 0.00 -0.8982 3.4058 3.4058
33475 50.65 48.73 0.00 3.9457 0.5283 0.5283
33500 50.65 48.73 0.00 3.9457 0.5283 0.5283
33525 50.82 48.67 0.00 3.4886 0.7807 0.7807
33550 50.96 48.51 0.00 4.4705 0.8660 0.8660
33575 51.17 48.57 0.00 5.9840 1.8450 1.8450
33600 51.17 48.57 0.00 5.9840 1.8450 1.8450
33625 51.45 48.65 0.00 7.1073 2.3109 2.3109
33650 51.69 48.62 0.00 4.6546 2.2656 2.2656
33675 51.80 48.73 0.00 0.9072 1.4848 1.4848
33700 51.80 48.73 0.00 0.9072 1.4848 1.4848
33725 51.80 48.53 0.00 1.0982 -1.0447 -1.0447
33750 51.96 48.67 0.00 4.8877 -0.0586 -0.0586
33775 51.96 48.67 0.00 4.8877 -0.0586 -0.0586
33800 52.18 48.72 0.00 5.4451 0.7929 0.7929
33825 52.29 48.88 0.00 0.7271 -0.8480 -0.8480
33850 52.29 48.88 0.00 0.7271 -0.8480 -0.8480
33875 52.18 49.17 0.00 -3.8973 -0.6492 -0.6492
33900 52.06 49.34 0.00 -2.1508 2.6275 2.6275
33925 52.06 49.34 0.00 -2.1508 2.6275 2.6275
33950 51.92 49.43 0.00 -4.4610 -2.7218 -2.7218
33975 51.73 49.42 0.00 -5.3669 -1.1801 -1.1801
34000 51.73 49.42 0.00 -5.3669 -1.1801 -1.1801
34025 51.54 49.34 0.00 -6.1689 -1.3620 -1.3620
34050 51.31 49.31 0.00 -5.3474 -0.4530 -0.4530
34075 51.31 49.31 0.00 -5.3474 -0.4530 -0.4530
