%#        Time[ms]        X[pixel],        Y[pixel],        Z[pixel],  dX/dt[pixel/s],  dY/dt[pixel/s],  dZ/dt[pixel/s] 
0 50.00 50.00 0.00 -1.7848 -0.2822 -0.2822
25 50.00 50.00 0.00 -1.7848 -0.2822 -0.2822
50 50.02 49.96 0.00 1.5551 -0.6131 -0.6131
75 50.07 49.93 0.00 1.6371 -0.7600 -0.7600
100 50.09 49.89 0.00 -0.2217 -0.7551 -0.7551
125 50.09 49.89 0.00 -0.2217 -0.7551 -0.7551
150 50.07 49.88 0.00 -0.4662 -1.3803 -1.3803
175 50.07 49.91 0.00 0.5391 -1.9376 -1.9376
200 50.07 49.91 0.00 0.5391 -1.9376 -1.9376
225 50.09 49.93 0.00 0.0757 -2.7689 -2.7689
250 50.09 49.93 0.00 -0.1620 -1.2300 -1.2300
275 50.09 49.93 0.00 -0.1620 -1.2300 -1.2300
300 50.07 49.95 0.00 -0.1957 -0.4695 -0.4695
325 50.05 50.04 0.00 -1.0046 -2.6012 -2.6012
350 50.05 50.04 0.00 -1.0046 -2.6012 -2.6012
375 49.97 50.16 0.00 -2.5300 -1.9234 -1.9234
400 49.86 50.27 0.00 -2.4552 -0.9356 -0.9356
425 49.86 50.27 0.00 -2.4552 -0.9356 -0.9356
450 49.79 50.37 0.00 -1.3975 -0.2606 -0.2606
475 49.76 50.41 0.00 -0.8310 -0.7081 -0.7081
500 49.69 50.43 0.00 -3.4368 0.9610 0.9610
525 49.69 50.43 0.00 -3.4368 0.9610 0.9610
550 49.35 50.36 0.00 -11.6895 -2.1940 -2.1940
575 48.83 50.19 0.00 -13.2700 -5.9845 -5.9845
600 48.83 50.19 0.00 -13.2700 -5.9845 -5.9845
625 48.29 50.00 0.00 -14.1467 -4.8188 -4.8188
650 47.84 49.93 0.00 -15.0198 -2.2165 -2.2165
675 47.36 50.10 0.00 -8.8316 -0.0700 -0.0700
700 47.36 50.10 0.00 -8.8316 -0.0700 -0.0700
725 47.22 50.46 0.00 -1.1289 0.5479 0.5479
750 47.22 50.55 0.00 -0.0728 0.5702 0.5702
775 47.22 50.55 0.00 -0.0728 0.5702 0.5702
800 47.15 50.39 0.00 -3.1777 -0.4201 -0.4201
825 46.91 50.15 0.00 -7.2647 -0.9545 -0.9545
850 46.91 50.15 0.00 -7.2647 -0.9545 -0.9545
875 46.58 49.96 0.00 -8.3128 0.6197 0.6197
900 46.19 49.85 0.00 -11.5472 -1.1750 -1.1750
925 45.56 49.75 0.00 -17.8320 -2.1034 -2.1034
950 45.56 49.75 0.00 -17.8320 -2.1034 -2.1034
975 44.83 49.75 0.00 -18.4675 -2.9589 -2.9589
1000 44.20 49.87 0.00 -12.8146 -3.6209 -3.6209
1025 44.20 49.87 0.00 -12.8146 -3.6209 -3.6209
1050 43.88 50.12 0.00 -5.6701 -3.6814 -3.6814
1075 43.76 50.38 0.00 -1.4017 0.7729 0.7729
1100 43.76 50.38 0.00 -1.4017 0.7729 0.7729
1125 43.74 50.47 0.00 -0.1808 1.0276 1.0276
1150 43.67 50.49 0.00 -4.1039 -0.4097 -0.4097
1175 43.32 50.54 0.00 -11.5351 -1.0561 -1.0561
1200 43.32 50.54 0.00 -11.5351 -1.0561 -1.0561
1225 42.76 50.62 0.00 -15.4190 -0.3707 -0.3707
1250 42.09 50.67 0.00 -17.0476 0.1155 0.1155
1275 42.09 50.67 0.00 -17.0476 0.1155 0.1155
1300 41.46 50.57 0.00 -14.5208 0.6872 0.6872
1325 40.97 50.39 0.00 -11.2594 0.4803 0.4803
1350 40.97 50.39 0.00 -11.2594 0.4803 0.4803
1375 40.53 50.12 0.00 -11.5260 -0.0311 -0.0311
1400 39.95 49.82 0.00 -16.6732 -0.8343 -0.8343
1425 39.95 49.82 0.00 -16.6732 -0.8343 -0.8343
1450 39.17 49.50 0.00 -21.0560 -0.3721 -0.3721
1475 38.38 49.20 0.00 -17.9833 1.5895 1.5895
1500 38.38 49.20 0.00 -17.9833 1.5895 1.5895
1525 37.85 48.94 0.00 -10.4161 1.8002 1.8002
1550 37.58 48.67 0.00 -3.9195 1.0116 1.0116
1575 37.54 48.29 0.00 -0.1728 0.1744 0.1744
1600 37.54 48.29 0.00 -0.1728 0.1744 0.1744
1625 37.44 47.85 0.00 -4.5935 -2.7460 -2.7460
1650 37.15 47.52 0.00 -12.8229 -3.8641 -3.8641
1675 36.41 47.13 0.00 -20.7935 -1.8763 -1.8763
1700 36.41 47.13 0.00 -20.7935 -1.8763 -1.8763
1725 35.64 46.84 0.00 -17.3175 -1.0084 -1.0084
1750 35.13 46.77 0.00 -9.8795 0.9307 0.9307
1775 35.13 46.77 0.00 -9.8795 0.9307 0.9307
1800 34.89 46.84 0.00 -3.7456 4.0743 4.0743
1825 34.81 46.82 0.00 -2.1153 3.1858 3.1858
1850 34.81 46.82 0.00 -2.1153 3.1858 3.1858
1875 34.68 46.65 0.00 -4.4604 1.0097 1.0097
1900 34.27 46.40 0.00 -14.0481 -3.5826 -3.5826
1925 34.27 46.40 0.00 -14.0481 -3.5826 -3.5826
1950 33.39 46.18 0.00 -25.9491 -3.5625 -3.5625
1975 32.31 45.96 0.00 -26.1474 -2.3355 -2.3355
2000 32.31 45.96 0.00 -26.1474 -2.3355 -2.3355
2025 31.45 45.86 0.00 -18.3362 -0.9138 -0.9138
2050 30.83 45.88 0.00 -13.3553 -0.9584 -0.9584
2075 30.49 45.83 0.00 -5.7859 0.1221 0.1221
2100 30.49 45.83 0.00 -5.7859 0.1221 0.1221
2125 30.36 45.62 0.00 -1.9712 -1.0450 -1.0450
2150 30.22 45.16 0.00 -4.8322 -3.0679 -3.0679
2175 30.00 44.63 0.00 -6.1305 -0.1751 -0.1751
2200 30.00 44.63 0.00 -6.1305 -0.1751 -0.1751
2225 29.84 44.24 0.00 -1.5135 1.4915 1.4915
2250 29.91 44.02 0.00 3.4877 0.3879 0.3879
2275 29.91 44.02 0.00 3.4877 0.3879 0.3879
2300 30.11 43.90 0.00 5.2751 0.7665 0.7665
2325 30.31 43.70 0.00 5.0293 2.4523 2.4523
2350 30.53 42.90 0.00 5.6362 1.3723 1.3723
2375 30.53 42.90 0.00 5.6362 1.3723 1.3723
2400 30.72 42.09 0.00 7.0276 -1.1324 -1.1324
2425 31.00 41.09 0.00 5.8160 -3.9961 -3.9961
2450 31.00 41.09 0.00 5.8160 -3.9961 -3.9961
2475 31.12 40.29 0.00 1.8043 -3.9811 -3.9811
2500 31.12 39.90 0.00 -1.0758 -1.0137 -1.0137
2525 31.12 39.90 0.00 -1.0758 -1.0137 -1.0137
2550 31.07 40.01 0.00 -0.8304 -0.3878 -0.3878
2575 31.01 40.00 0.00 -3.2187 -1.0669 -1.0669
2600 31.01 40.00 0.00 -3.2187 -1.0669 -1.0669
2625 30.72 39.56 0.00 -9.0317 -1.2611 -1.2611
2650 30.29 38.96 0.00 -11.3801 -3.9182 -3.9182
2675 30.29 38.96 0.00 -11.3801 -3.9182 -3.9182
2700 29.80 38.36 0.00 -12.8192 -6.5161 -6.5161
2725 29.33 37.98 0.00 -10.7053 -5.2033 -5.2033
2750 29.04 37.96 0.00 -4.8488 -3.8640 -3.8640
2775 29.04 37.96 0.00 -4.8488 -3.8640 -3.8640
2800 28.93 38.15 0.00 -2.2166 -2.7055 -2.7055
2825 28.82 38.37 0.00 -2.9868 0.2605 0.2605
2850 28.82 38.37 0.00 -2.9868 0.2605 0.2605
2875 28.73 38.59 0.00 -1.3642 0.2092 0.2092
2900 28.69 38.74 0.00 -1.0030 -1.8808 -1.8808
2925 28.69 38.74 0.00 -1.0030 -1.8808 -1.8808
2950 28.62 38.76 0.00 -2.3210 -2.1226 -2.1226
2975 28.54 38.74 0.00 -1.6451 -1.0291 -1.0291
3000 28.45 38.79 0.00 -2.9220 -2.6981 -2.6981
3025 28.45 38.79 0.00 -2.9220 -2.6981 -2.6981
3050 28.38 38.82 0.00 -1.1491 0.3847 0.3847
3075 28.40 38.80 0.00 1.1200 0.8849 0.8849
3100 28.40 38.80 0.00 1.1200 0.8849 0.8849
3125 28.47 38.73 0.00 2.2802 0.4750 0.4750
3150 28.54 38.45 0.00 0.4924 -0.6256 -0.6256
3175 28.54 38.45 0.00 0.4924 -0.6256 -0.6256
3200 28.53 38.26 0.00 -0.6054 -0.1895 -0.1895
3225 28.53 38.09 0.00 -0.0219 0.3089 0.3089
3250 28.54 37.82 0.00 1.4903 -0.3919 -0.3919
3275 28.54 37.82 0.00 1.4903 -0.3919 -0.3919
3300 28.65 37.51 0.00 3.1497 0.7140 0.7140
3325 28.78 37.19 0.00 3.2053 0.6303 0.6303
3350 28.78 37.19 0.00 3.2053 0.6303 0.6303
3375 28.89 36.98 0.00 2.4379 0.3406 0.3406
3400 28.98 36.82 0.00 2.0993 1.7766 1.7766
3425 29.02 36.67 0.00 0.2688 1.7886 1.7886
3450 29.02 36.67 0.00 0.2688 1.7886 1.7886
3475 29.04 36.74 0.00 0.6964 1.0893 1.0893
3500 29.09 36.82 0.00 1.1474 -0.1005 -0.1005
3525 29.09 36.82 0.00 1.1474 -0.1005 -0.1005
3550 29.11 36.67 0.00 0.2958 -1.2615 -1.2615
3575 29.13 36.50 0.00 0.7970 -1.2014 -1.2014
3600 29.13 36.50 0.00 0.7970 -1.2014 -1.2014
3625 29.20 36.43 0.00 1.9998 -1.2106 -1.2106
3650 29.29 36.51 0.00 2.5615 -0.6668 -0.6668
3675 29.40 36.69 0.00 2.6825 2.0860 2.0860
3700 29.40 36.69 0.00 2.6825 2.0860 2.0860
3725 29.51 36.90 0.00 3.0542 1.0264 1.0264
3750 29.64 37.12 0.00 3.2133 0.1046 0.1046
3775 29.64 37.12 0.00 3.2133 0.1046 0.1046
3800 29.73 37.18 0.00 1.4529 0.4973 0.4973
3825 29.75 37.07 0.00 0.4293 0.5296 0.5296
3850 29.75 37.07 0.00 0.4293 0.5296 0.5296
3875 29.78 36.94 0.00 0.7810 -1.5395 -1.5395
3900 29.84 36.90 0.00 1.8579 1.2634 1.2634
3925 29.89 36.98 0.00 1.1794 1.7715 1.7715
3950 29.89 36.98 0.00 1.1794 1.7715 1.7715
3975 29.95 37.08 0.00 2.0274 1.9505 1.9505
4000 30.04 37.14 0.00 2.5839 1.0810 1.0810
4025 30.04 37.14 0.00 2.5839 1.0810 1.0810
4050 30.15 36.99 0.00 2.7468 1.6906 1.6906
4075 30.31 36.66 0.00 4.8719 2.0547 2.0547
4100 30.31 36.66 0.00 4.8719 2.0547 2.0547
4125 30.54 36.23 0.00 6.3292 0.8975 0.8975
4150 30.78 35.92 0.00 5.3154 0.5998 0.5998
4175 30.94 35.79 0.00 3.7289 1.2693 1.2693
4200 30.94 35.79 0.00 3.7289 1.2693 1.2693
4225 31.09 35.86 0.00 4.0080 1.8478 1.8478
4250 31.29 36.08 0.00 5.2488 1.4387 1.4387
4275 31.29 36.08 0.00 5.2488 1.4387 1.4387
4300 31.54 36.44 0.00 7.0615 1.3436 1.3436
4325 31.79 36.64 0.00 5.8658 2.6767 2.6767
4350 31.79 36.64 0.00 5.8658 2.6767 2.6767
4375 32.01 36.61 0.00 5.7880 2.7290 2.7290
4400 32.35 36.46 0.00 9.7836 1.2554 1.2554
4425 32.35 36.46 0.00 9.7836 1.2554 1.2554
4450 32.83 36.27 0.00 13.5217 1.1138 1.1138
4475 33.43 36.20 0.00 15.7144 1.0282 1.0282
4500 34.11 36.27 0.00 18.1473 3.2838 3.2838
4525 34.11 36.27 0.00 18.1473 3.2838 3.2838
4550 34.86 36.49 0.00 18.4671 3.8039 3.8039
4575 35.55 36.82 0.00 16.9031 2.7193 2.7193
4600 35.55 36.82 0.00 16.9031 2.7193 2.7193
4625 36.18 37.05 0.00 14.2132 0.7164 0.7164
4650 36.66 37.17 0.00 10.2926 1.2708 1.2708
4675 36.98 37.12 0.00 7.0665 1.7328 1.7328
4700 36.98 37.12 0.00 7.0665 1.7328 1.7328
4725 37.17 36.98 0.00 4.0904 -1.3182 -1.3182
4750 37.28 36.85 0.00 2.8650 0.2652 0.2652
4775 37.28 36.85 0.00 2.8650 0.2652 0.2652
4800 37.31 36.70 0.00 0.5664 0.4749 0.4749
4825 37.35 36.66 0.00 1.3401 0.8830 0.8830
4850 37.35 36.66 0.00 1.3401 0.8830 0.8830
4875 37.42 36.70 0.00 1.6577 -0.0097 -0.0097
4900 37.46 36.66 0.00 0.7752 -0.0540 -0.0540
4925 37.46 36.66 0.00 -0.2393 -0.7649 -0.7649
4950 37.46 36.66 0.00 -0.2393 -0.7649 -0.7649
4975 37.46 36.63 0.00 0.0908 -0.5036 -0.5036
5000 37.46 36.59 0.00 -0.2283 -0.5306 -0.5306
5025 37.46 36.59 0.00 -0.2283 -0.5306 -0.5306
5050 37.46 36.59 0.00 -0.1154 -0.6056 -0.6056
5075 37.46 36.61 0.00 0.4115 -0.3229 -0.3229
5100 37.49 36.68 0.00 1.4477 -0.1394 -0.1394
5125 37.49 36.68 0.00 1.4477 -0.1394 -0.1394
5150 37.58 36.76 0.00 2.7587 -0.1002 -0.1002
5175 37.76 36.86 0.00 5.4371 0.5661 0.5661
5200 37.76 36.86 0.00 5.4371 0.5661 0.5661
5225 38.20 37.01 0.00 15.7618 0.4369 0.4369
5250 39.07 37.26 0.00 23.4272 -5.1082 -5.1082
5275 39.07 37.26 0.00 23.4272 -5.1082 -5.1082
5300 39.90 37.40 0.00 17.6881 -3.6936 -3.6936
5325 40.35 37.43 0.00 7.3244 0.4036 0.4036
5350 40.35 37.43 0.00 7.3244 0.4036 0.4036
5375 40.46 37.36 0.00 0.3327 1.8503 1.8503
5400 40.44 37.32 0.00 -0.4718 0.3256 0.3256
5425 40.44 37.32 0.00 -0.4718 0.3256 0.3256
5450 40.46 37.36 0.00 1.0902 -1.1310 -1.1310
5475 40.55 37.47 0.00 3.2399 0.2369 0.2369
5500 40.81 37.63 0.00 8.6805 1.2695 1.2695
5525 40.81 37.63 0.00 8.6805 1.2695 1.2695
5550 41.27 37.84 0.00 12.0113 0.9117 0.9117
5575 41.73 38.02 0.00 11.4873 1.8821 1.8821
5600 42.13 38.09 0.00 8.9061 2.5231 2.5231
5625 42.13 38.09 0.00 8.9061 2.5231 2.5231
5650 42.41 38.13 0.00 5.6507 2.1426 2.1426
5675 42.55 38.11 0.00 3.0400 1.3318 1.3318
5700 42.55 38.11 0.00 3.0400 1.3318 1.3318
5725 42.67 38.14 0.00 3.7972 0.9101 0.9101
5750 42.97 38.29 0.00 9.9281 0.5825 0.5825
5775 43.50 38.60 0.00 14.3501 -0.7900 -0.7900
5800 43.50 38.60 0.00 14.3501 -0.7900 -0.7900
5825 44.08 38.87 0.00 14.1815 -0.2195 -0.2195
5850 44.60 39.12 0.00 12.0756 0.8265 0.8265
5875 44.60 39.12 0.00 12.0756 0.8265 0.8265
5900 44.97 39.33 0.00 7.0125 0.4333 0.4333
5925 45.14 39.49 0.00 3.1088 0.2088 0.2088
5950 45.14 39.49 0.00 3.1088 0.2088 0.2088
5975 45.23 39.63 0.00 2.0390 -0.2255 -0.2255
6000 45.42 39.78 0.00 6.4076 -0.5979 -0.5979
6025 45.42 39.78 0.00 6.4076 -0.5979 -0.5979
6050 45.84 40.06 0.00 12.9133 -0.9659 -0.9659
6075 46.47 40.40 0.00 17.0754 -0.6638 -0.6638
6100 46.47 40.40 0.00 17.0754 -0.6638 -0.6638
6125 47.15 40.66 0.00 16.5053 0.2125 0.2125
6150 47.73 40.90 0.00 12.4193 -0.9420 -0.9420
6175 48.04 41.03 0.00 9.2451 0.7170 0.7170
6200 48.04 41.03 0.00 9.2451 0.7170 0.7170
6225 48.32 41.13 0.00 5.4899 2.2669 2.2669
6250 48.55 41.20 0.00 7.0496 0.5128 0.5128
6275 48.55 41.20 0.00 7.0496 0.5128 0.5128
6300 49.13 41.26 0.00 20.3221 -0.2199 -0.2199
6325 50.31 41.35 0.00 33.3672 0.1511 0.1511
6350 51.66 41.55 0.00 32.1000 -0.7311 -0.7311
6375 51.66 41.55 0.00 32.1000 -0.7311 -0.7311
6400 52.74 41.80 0.00 22.7035 -0.7970 -0.7970
6425 52.74 41.80 0.00 22.7035 -0.7970 -0.7970
6450 53.44 41.96 0.00 13.7153 2.0074 2.0074
6475 53.74 42.07 0.00 4.2507 2.1067 2.1067
6500 53.74 42.16 0.00 -2.8646 2.0347 2.0347
6525 53.74 42.16 0.00 -2.8646 2.0347 2.0347
6550 53.60 42.20 0.00 -2.2626 1.5074 1.5074
6575 53.65 42.23 0.00 3.0280 -0.3284 -0.3284
6600 53.82 42.32 0.00 4.8105 -0.5439 -0.5439
6625 53.82 42.32 0.00 4.8105 -0.5439 -0.5439
6650 54.02 42.52 0.00 4.6371 -0.5228 -0.5228
6675 54.21 42.83 0.00 5.2526 0.0953 0.0953
6700 54.21 42.83 0.00 5.2526 0.0953 0.0953
6725 54.44 43.25 0.00 5.8757 -0.1246 -0.1246
6750 54.68 43.77 0.00 6.1187 0.4369 0.4369
6775 54.94 44.46 0.00 7.0356 0.7924 0.7924
6800 54.94 44.46 0.00 7.0356 0.7924 0.7924
6825 55.28 45.15 0.00 8.9856 1.3522 1.3522
6850 55.70 45.89 0.00 11.9507 1.2475 1.2475
6875 55.70 45.89 0.00 11.9507 1.2475 1.2475
6900 56.33 46.65 0.00 18.2910 0.2353 0.2353
6925 57.15 47.33 0.00 21.7906 -0.7625 -0.7625
6950 57.15 47.33 0.00 21.7906 -0.7625 -0.7625
6975 57.98 47.95 0.00 18.9884 -2.1768 -2.1768
7000 58.66 48.51 0.00 17.0996 0.6598 0.6598
7025 59.17 48.85 0.00 16.4923 1.8166 1.8166
7050 59.17 48.85 0.00 16.4923 1.8166 1.8166
7075 59.82 49.20 0.00 15.7045 0.4341 0.4341
7100 60.40 49.44 0.00 13.6110 0.1156 0.1156
7125 60.40 49.44 0.00 13.6110 0.1156 0.1156
7150 60.86 49.58 0.00 10.9235 0.3160 0.3160
7175 60.86 49.58 0.00 10.9235 0.3160 0.3160
7200 61.29 49.59 0.00 10.2722 0.5860 0.5860
7225 61.66 49.46 0.00 8.3866 -0.7393 -0.7393
7250 61.91 49.27 0.00 4.4091 1.5290 1.5290
7275 61.91 49.27 0.00 4.4091 1.5290 1.5290
7300 62.00 49.13 0.00 0.8025 1.9733 1.9733
7325 62.03 48.96 0.00 1.1824 2.1550 2.1550
7350 62.10 48.80 0.00 2.9574 0.7911 0.7911
7375 62.10 48.80 0.00 2.9574 0.7911 0.7911
7400 62.38 48.58 0.00 10.0478 1.0222 1.0222
7425 63.02 48.33 0.00 20.5198 -0.4104 -0.4104
7450 63.02 48.33 0.00 20.5198 -0.4104 -0.4104
7475 64.07 48.13 0.00 30.6558 -0.8102 -0.8102
7500 65.64 47.89 0.00 43.6601 -1.4130 -1.4130
7525 65.64 47.89 0.00 43.6601 -1.4130 -1.4130
7550 67.45 47.72 0.00 45.1864 -2.4932 -2.4932
7575 69.11 47.78 0.00 38.0520 -2.1197 -2.1197
7600 70.36 47.96 0.00 26.8362 -3.6548 -3.6548
7625 70.36 47.96 0.00 26.8362 -3.6548 -3.6548
7650 71.13 48.21 0.00 14.7190 -3.6803 -3.6803
7675 71.42 48.55 0.00 2.9323 -1.5933 -1.5933
7700 71.42 48.55 0.00 2.9323 -1.5933 -1.5933
7725 71.29 48.99 0.00 -5.8025 -0.0328 -0.0328
7750 71.29 48.99 0.00 -5.8025 -0.0328 -0.0328
7775 71.02 49.49 0.00 -6.6386 -0.4720 -0.4720
7800 70.85 49.91 0.00 -5.8054 -2.6915 -2.6915
7825 70.64 50.63 0.00 -4.5195 -0.9750 -0.9750
7850 70.53 51.52 0.00 -2.1572 -0.0140 -0.0140
7875 70.53 51.52 0.00 -2.1572 -0.0140 -0.0140
7900 70.49 52.49 0.00 0.1233 -1.6430 -1.6430
7925 70.64 53.43 0.00 6.0440 -2.1207 -2.1207
7950 70.64 53.43 0.00 6.0440 -2.1207 -2.1207
7975 70.95 54.23 0.00 7.8786 -2.0686 -2.0686
8000 71.31 54.98 0.00 11.4338 -0.1402 -0.1402
8025 71.91 55.51 0.00 17.2720 -1.6068 -1.6068
8050 71.91 55.51 0.00 17.2720 -1.6068 -1.6068
8075 72.66 55.93 0.00 18.9934 -1.5959 -1.5959
8100 73.47 56.29 0.00 21.3348 -0.9074 -0.9074
8125 73.47 56.29 0.00 21.3348 -0.9074 -0.9074
8150 74.36 56.58 0.00 22.2769 -2.2080 -2.2080
8175 75.23 56.82 0.00 22.0226 -1.6730 -1.6730
8200 75.23 56.82 0.00 22.0226 -1.6730 -1.6730
8225 76.12 57.01 0.00 22.4969 -0.4932 -0.4932
8250 76.94 57.30 0.00 18.9151 -1.7003 -1.7003
8275 77.58 57.69 0.00 13.2503 -0.8860 -0.8860
8300 77.58 57.69 0.00 13.2503 -0.8860 -0.8860
8325 77.98 58.06 0.00 7.9284 0.7581 0.7581
8350 78.18 58.41 0.00 3.8341 1.5470 1.5470
8375 78.18 58.41 0.00 3.8341 1.5470 1.5470
8400 78.33 58.75 0.00 4.2559 1.8753 1.8753
8425 78.60 59.13 0.00 8.2681 0.1369 0.1369
8450 78.60 59.13 0.00 8.2681 0.1369 0.1369
8475 79.05 59.58 0.00 13.2116 -0.4098 -0.4098
8500 79.72 60.17 0.00 19.0274 -0.9361 -0.9361
8525 80.63 60.82 0.00 25.1930 -2.8016 -2.8016
8550 80.63 60.82 0.00 25.1930 -2.8016 -2.8016
8575 81.45 61.29 0.00 28.0468 -4.5888 -4.5888
8600 82.65 61.85 0.00 31.4067 -5.5677 -5.5677
8625 82.65 61.85 0.00 31.4067 -5.5677 -5.5677
8650 84.14 62.19 0.00 42.4689 -1.5060 -1.5060
8675 86.04 62.34 0.00 49.1787 -2.6127 -2.6127
8700 86.04 62.34 0.00 49.1787 -2.6127 -2.6127
8725 87.97 62.59 0.00 46.5939 -2.8648 -2.8648
8750 89.75 62.94 0.00 44.1733 -1.7343 -1.7343
8775 91.34 63.44 0.00 35.9101 -3.3170 -3.3170
8800 91.34 63.44 0.00 35.9101 -3.3170 -3.3170
8825 92.53 64.10 0.00 25.8485 -2.1923 -2.1923
8850 92.53 64.10 0.00 25.8485 -2.1923 -2.1923
8875 93.44 64.75 0.00 20.9109 0.5137 0.5137
8900 94.04 65.51 0.00 10.8820 0.5524 0.5524
8925 94.04 65.51 0.00 10.8820 0.5524 0.5524
8950 94.21 66.35 0.00 1.2577 3.3668 3.3668
8975 94.23 67.02 0.00 0.1922 2.0105 2.0105
9000 94.23 67.65 0.00 0.7348 -1.0155 -1.0155
9025 94.23 67.65 0.00 0.7348 -1.0155 -1.0155
9050 94.29 68.34 0.00 2.1485 -2.4782 -2.4782
9075 94.46 68.96 0.00 5.1591 -2.9266 -2.9266
9100 94.73 69.59 0.00 7.8848 -3.1615 -3.1615
9125 94.73 69.59 0.00 7.8848 -3.1615 -3.1615
9150 95.15 70.33 0.00 12.9697 -2.7293 -2.7293
9175 95.76 71.14 0.00 15.7540 -2.6724 -2.6724
9200 95.76 71.14 0.00 15.7540 -2.6724 -2.6724
9225 96.46 71.93 0.00 19.4896 -1.6213 -1.6213
9250 96.46 71.93 0.00 19.4896 -1.6213 -1.6213
9275 99.01 73.18 0.00 39.6922 -6.3814 -6.3814
9300 99.01 73.18 0.00 39.6922 -6.3814 -6.3814
9325 100.49 73.86 0.00 33.6748 -6.1040 -6.1040
9350 101.48 74.51 0.00 19.1389 -1.4621 -1.4621
9375 101.48 74.51 0.00 19.1389 -1.4621 -1.4621
9400 101.86 74.91 0.00 8.5112 0.2333 0.2333
9425 101.88 75.40 0.00 -3.9661 1.3417 1.3417
9450 101.88 75.40 0.00 -3.9661 1.3417 1.3417
9475 101.39 75.36 0.00 -16.9996 4.8874 4.8874
9500 100.40 75.04 0.00 -30.6886 5.6989 5.6989
9525 100.40 75.04 0.00 -30.6886 5.6989 5.6989
9550 98.84 74.60 0.00 -42.8792 7.3944 7.3944
9575 97.12 74.08 0.00 -42.6216 7.2136 7.2136
9600 97.12 74.08 0.00 -42.6216 7.2136 7.2136
9625 95.43 73.56 0.00 -42.8033 6.4674 6.4674
9650 93.54 72.92 0.00 -50.0708 9.0668 9.0668
9675 91.50 72.22 0.00 -48.5749 13.4653 13.4653
9700 91.50 72.22 0.00 -48.5749 13.4653 13.4653
9725 89.86 71.35 0.00 -36.8680 11.9904 11.9904
9750 88.75 70.27 0.00 -21.7004 10.2188 10.2188
9775 88.75 70.27 0.00 -21.7004 10.2188 10.2188
9800 88.15 69.45 0.00 -11.3928 3.4434 3.4434
9825 87.87 68.88 0.00 -4.7260 2.3363 2.3363
9850 87.81 68.58 0.00 0.5139 -0.5794 -0.5794
9875 87.81 68.58 0.00 0.5139 -0.5794 -0.5794
9900 87.87 68.45 0.00 1.5538 -1.2575 -1.2575
9925 87.87 68.23 0.00 -0.5564 0.8205 0.8205
9950 87.87 68.23 0.00 -0.5564 0.8205 0.8205
9975 87.87 67.71 0.00 1.1676 2.6991 2.6991
10000 88.03 67.19 0.00 5.4204 1.7990 1.7990
10025 88.03 67.19 0.00 5.4204 1.7990 1.7990
10050 88.35 66.63 0.00 9.4831 0.9598 0.9598
10075 88.73 66.29 0.00 9.2063 -0.1885 -0.1885
10100 89.21 66.30 0.00 15.3658 -0.1030 -0.1030
10125 89.21 66.30 0.00 15.3658 -0.1030 -0.1030
10150 90.00 66.43 0.00 33.0681 0.2132 0.2132
10175 91.71 66.69 0.00 44.4695 -0.4389 -0.4389
10200 91.71 66.69 0.00 44.4695 -0.4389 -0.4389
10225 93.17 66.99 0.00 29.0804 1.0526 1.0526
10250 93.67 67.38 0.00 0.7847 5.0917 5.0917
10275 93.07 67.68 0.00 -22.2579 2.1131 2.1131
10300 93.07 67.68 0.00 -22.2579 2.1131 2.1131
10325 92.06 67.99 0.00 -25.7317 3.3434 3.3434
10350 91.14 68.33 0.00 -21.3202 4.5767 4.5767
10375 91.14 68.33 0.00 -21.3202 4.5767 4.5767
10400 90.44 68.55 0.00 -14.9205 2.2995 2.2995
10425 89.90 68.58 0.00 -14.4773 -2.5233 -2.5233
10450 89.90 68.58 0.00 -14.4773 -2.5233 -2.5233
10475 89.13 68.59 0.00 -22.0055 -2.6921 -2.6921
10500 88.11 68.63 0.00 -27.9324 1.0815 1.0815
10525 88.11 68.63 0.00 -27.9324 1.0815 1.0815
10550 86.85 68.61 0.00 -32.8027 4.4426 4.4426
10575 85.47 68.55 0.00 -34.9104 6.2563 6.2563
10600 84.20 68.42 0.00 -28.7289 3.5774 3.5774
10625 84.20 68.42 0.00 -28.7289 3.5774 3.5774
10650 83.34 68.41 0.00 -17.2807 0.8850 0.8850
10675 82.82 68.44 0.00 -10.2275 -1.5447 -1.5447
10700 82.82 68.44 0.00 -10.2275 -1.5447 -1.5447
10725 82.53 68.42 0.00 -6.2730 -1.6583 -1.6583
10750 82.22 68.45 0.00 -9.6504 -1.3117 -1.3117
10775 82.22 68.45 0.00 -9.6504 -1.3117 -1.3117
10800 81.70 68.58 0.00 -14.5769 -0.0603 -0.0603
10825 81.11 68.73 0.00 -13.7153 2.2625 2.2625
10850 80.78 68.88 0.00 -4.4952 1.2717 1.2717
10875 80.78 68.88 0.00 -4.4952 1.2717 1.2717
10900 80.88 68.89 0.00 5.3928 0.1303 0.1303
10925 80.88 68.89 0.00 5.3928 0.1303 0.1303
10950 81.09 68.92 0.00 7.2258 -0.3429 -0.3429
10975 81.26 68.97 0.00 2.6692 1.3038 1.3038
11000 81.30 68.97 0.00 -0.0276 0.6288 0.6288
11025 81.30 68.97 0.00 -0.0276 0.6288 0.6288
11050 81.28 68.97 0.00 -0.6178 1.3004 1.3004
11075 81.20 69.06 0.00 -2.9769 0.1465 0.1465
11100 81.05 69.30 0.00 -3.5681 -2.3918 -2.3918
11125 81.05 69.30 0.00 -3.5681 -2.3918 -2.3918
11150 80.96 69.57 0.00 -1.7965 -1.0563 -1.0563
11175 80.94 69.76 0.00 0.4362 -0.2060 -0.2060
11200 80.94 69.76 0.00 0.4362 -0.2060 -0.2060
11225 80.96 69.88 0.00 0.3313 0.2718 0.2718
11250 80.92 69.92 0.00 -1.2349 -0.0143 -0.0143
11275 80.92 69.92 0.00 -1.2349 -0.0143 -0.0143
11300 80.84 69.97 0.00 -3.4135 0.9686 0.9686
11325 80.61 70.08 0.00 -6.7777 1.0197 1.0197
11350 80.27 70.22 0.00 -9.8365 1.6427 1.6427
11375 80.27 70.22 0.00 -9.8365 1.6427 1.6427
11400 79.77 70.38 0.00 -13.9972 1.6503 1.6503
11425 79.20 70.48 0.00 -13.8531 0.8461 0.8461
11450 79.20 70.48 0.00 -13.8531 0.8461 0.8461
11475 78.73 70.51 0.00 -10.5869 -0.2815 -0.2815
11500 78.35 70.52 0.00 -9.0311 -0.9591 -0.9591
11525 77.98 70.49 0.00 -10.0081 -0.3068 -0.3068
11550 77.98 70.49 0.00 -10.0081 -0.3068 -0.3068
11575 77.49 70.45 0.00 -13.1179 1.2012 1.2012
11600 76.91 70.40 0.00 -15.5897 2.5618 2.5618
11625 76.91 70.40 0.00 -15.5897 2.5618 2.5618
11650 76.27 70.34 0.00 -15.0055 1.7569 1.7569
11675 75.75 70.30 0.00 -12.1992 0.2092 0.2092
11700 75.75 70.30 0.00 -12.1992 0.2092 0.2092
11725 75.30 70.27 0.00 -10.4563 -0.4210 -0.4210
11750 75.04 70.27 0.00 -8.2874 -0.1610 -0.1610
11775 75.04 70.27 0.00 -8.2874 -0.1610 -0.1610
11800 74.77 70.23 0.00 -5.7370 0.1483 0.1483
11825 74.54 70.21 0.00 -5.1956 -1.3546 -1.3546
11850 74.38 70.19 0.00 -3.9453 0.8246 0.8246
11875 74.38 70.19 0.00 -3.9453 0.8246 0.8246
11900 74.17 70.18 0.00 -6.3385 0.2673 0.2673
11925 73.80 70.18 0.00 -10.3325 0.5864 0.5864
11950 73.80 70.18 0.00 -10.3325 0.5864 0.5864
11975 73.34 70.15 0.00 -12.2078 1.6084 1.6084
12000 72.87 70.08 0.00 -11.3090 1.5287 1.5287
12025 72.48 69.96 0.00 -8.6063 0.7423 0.7423
12050 72.48 69.96 0.00 -8.6063 0.7423 0.7423
12075 72.17 69.82 0.00 -7.5044 0.1756 0.1756
12100 72.17 69.82 0.00 -7.5044 0.1756 0.1756
12125 71.89 69.69 0.00 -7.0641 0.5351 0.5351
12150 71.60 69.61 0.00 -7.0652 0.5203 0.5203
12175 71.33 69.57 0.00 -6.6845 0.7425 0.7425
12200 71.33 69.57 0.00 -6.6845 0.7425 0.7425
12225 71.07 69.53 0.00 -6.5261 1.1176 1.1176
12250 70.82 69.51 0.00 -6.4118 0.4131 0.4131
12275 70.56 69.51 0.00 -5.6972 -0.3999 -0.3999
12300 70.56 69.51 0.00 -5.6972 -0.3999 -0.3999
12325 70.38 69.46 0.00 -4.0156 -1.4777 -1.4777
12350 70.38 69.46 0.00 -4.0156 -1.4777 -1.4777
12375 70.25 69.40 0.00 -2.5713 -1.3982 -1.3982
12400 70.18 69.38 0.00 -1.5094 -0.7132 -0.7132
12425 70.11 69.35 0.00 -2.1673 -0.7500 -0.7500
12450 70.11 69.35 0.00 -2.1673 -0.7500 -0.7500
12475 69.98 69.33 0.00 -3.8653 -0.9156 -0.9156
12500 69.80 69.27 0.00 -4.6343 -0.2603 -0.2603
12525 69.66 69.22 0.00 -5.1732 0.2265 0.2265
12550 69.66 69.22 0.00 -5.1732 0.2265 0.2265
12575 69.44 69.11 0.00 -5.5892 0.4495 0.4495
12600 69.20 69.02 0.00 -5.9119 0.8786 0.8786
12625 69.20 69.02 0.00 -5.9119 0.8786 0.8786
12650 68.95 68.98 0.00 -6.9371 -0.2110 -0.2110
12675 68.64 68.96 0.00 -7.6332 1.2444 1.2444
12700 68.34 68.94 0.00 -8.1415 1.1971 1.1971
12725 68.34 68.94 0.00 -8.1415 1.1971 1.1971
12750 68.01 68.90 0.00 -7.6403 -0.2257 -0.2257
12775 67.72 68.84 0.00 -7.2478 0.0236 0.0236
12800 67.72 68.84 0.00 -7.2478 0.0236 0.0236
12825 67.43 68.79 0.00 -7.4327 0.1826 0.1826
12850 67.09 68.70 0.00 -9.8821 0.9744 0.9744
12875 67.09 68.70 0.00 -9.8821 0.9744 0.9744
12900 66.50 68.46 0.00 -17.7539 0.2673 0.2673
12925 65.71 68.19 0.00 -19.9738 2.4144 2.4144
12950 65.71 68.19 0.00 -19.9738 2.4144 2.4144
12975 65.02 67.87 0.00 -15.2178 1.4718 1.4718
13000 64.59 67.58 0.00 -7.5627 -0.3218 -0.3218
13025 64.46 67.23 0.00 -0.7170 -2.4771 -2.4771
13050 64.46 67.23 0.00 -0.7170 -2.4771 -2.4771
13075 64.48 66.93 0.00 0.3118 -1.7543 -1.7543
13100 64.43 66.67 0.00 -2.0186 -1.1275 -1.1275
13125 64.43 66.67 0.00 -2.0186 -1.1275 -1.1275
13150 64.29 66.17 0.00 -4.8438 -0.7061 -0.7061
13175 64.02 65.69 0.00 -7.3353 -0.3945 -0.3945
13200 64.02 65.69 0.00 -7.3353 -0.3945 -0.3945
13225 63.70 65.32 0.00 -8.7832 -0.4468 -0.4468
13250 63.33 65.04 0.00 -9.1740 0.6093 0.6093
13275 63.06 64.90 0.00 -8.6358 0.7281 0.7281
13300 63.06 64.90 0.00 -8.6358 0.7281 0.7281
13325 62.79 64.83 0.00 -5.2110 -1.3588 -1.3588
13350 62.69 64.79 0.00 -1.0862 -2.2789 -2.2789
13375 62.69 64.79 0.00 -1.0862 -2.2789 -2.2789
13400 62.69 64.81 0.00 0.1477 -1.2323 -1.2323
13425 62.69 64.86 0.00 -0.2685 -0.1079 -0.1079
13450 62.69 64.86 0.00 -0.2685 -0.1079 -0.1079
13475 62.67 64.90 0.00 -0.2688 -0.2647 -0.2647
13500 62.69 64.94 0.00 0.1123 1.1523 1.1523
13525 62.69 64.94 0.00 0.1123 1.1523 1.1523
13550 62.63 65.06 0.00 -1.7500 -1.0109 -1.0109
13575 62.53 65.18 0.00 -3.2100 -0.8230 -0.8230
13600 62.35 65.22 0.00 -5.7762 0.8183 0.8183
13625 62.35 65.22 0.00 -5.7762 0.8183 0.8183
13650 62.05 65.22 0.00 -8.0057 1.1403 1.1403
13675 61.69 65.15 0.00 -9.2540 1.3824 1.3824
13700 61.27 65.04 0.00 -11.3673 1.1138 1.1138
13725 61.27 65.04 0.00 -11.3673 1.1138 1.1138
13750 60.76 64.85 0.00 -14.0995 1.6974 1.6974
13775 60.14 64.63 0.00 -15.3520 2.3239 2.3239
13800 60.14 64.63 0.00 -15.3520 2.3239 2.3239
13825 59.56 64.42 0.00 -13.8153 2.9825 2.9825
13850 59.08 64.18 0.00 -10.7217 1.4893 1.4893
13875 59.08 64.18 0.00 -10.7217 1.4893 1.4893
13900 58.71 63.86 0.00 -8.7008 0.2844 0.2844
13925 58.38 63.44 0.00 -8.3069 -0.7337 -0.7337
13950 58.05 62.88 0.00 -8.0158 -0.7750 -0.7750
13975 58.05 62.88 0.00 -8.0158 -0.7750 -0.7750
14000 57.76 62.46 0.00 -6.0159 -0.5506 -0.5506
14025 57.62 62.17 0.00 -2.3881 -0.4007 -0.4007
14050 57.62 62.17 0.00 -2.3881 -0.4007 -0.4007
14075 57.57 61.96 0.00 -0.8050 -0.7811 -0.7811
14100 57.54 61.71 0.00 -1.1232 -0.8536 -0.8536
14125 57.54 61.71 0.00 -1.1232 -0.8536 -0.8536
14150 57.47 61.45 0.00 -3.8557 -0.8205 -0.8205
14175 57.24 61.13 0.00 -6.4716 -0.0566 -0.0566
14200 56.98 60.78 0.00 -6.0100 0.4195 0.4195
14225 56.98 60.78 0.00 -6.0100 0.4195 0.4195
14250 56.78 60.47 0.00 -3.8558 -0.8280 -0.8280
14275 56.68 60.28 0.00 -2.1933 -1.2910 -1.2910
14300 56.68 60.28 0.00 -2.1933 -1.2910 -1.2910
14325 56.62 60.19 0.00 -0.5545 -0.1063 -0.1063
14350 56.62 60.21 0.00 -0.1087 -0.9352 -0.9352
14375 56.62 60.21 0.00 -0.1087 -0.9352 -0.9352
14400 56.57 60.26 0.00 -2.3038 -0.6063 -0.6063
14425 56.41 60.22 0.00 -4.3608 1.0667 1.0667
14450 56.41 60.22 0.00 -4.3608 1.0667 1.0667
14475 56.24 60.15 0.00 -5.2082 0.7949 0.7949
14500 55.92 59.96 0.00 -9.1591 -0.3855 -0.3855
14525 55.54 59.70 0.00 -9.5969 1.6197 1.6197
14550 55.54 59.70 0.00 -9.5969 1.6197 1.6197
14575 55.19 59.53 0.00 -7.4691 1.1405 1.1405
14600 55.00 59.37 0.00 -3.3438 0.1110 0.1110
14625 55.00 59.37 0.00 -3.3438 0.1110 0.1110
14650 54.91 59.18 0.00 -2.0508 -1.0045 -1.0045
14675 54.82 58.97 0.00 -1.8900 -0.5738 -0.5738
14700 54.82 58.97 0.00 -1.8900 -0.5738 -0.5738
14725 54.73 58.79 0.00 -2.6462 -0.5493 -0.5493
14750 54.58 58.58 0.00 -4.7718 -0.6782 -0.6782
14775 54.33 58.25 0.00 -6.9865 -0.3958 -0.3958
14800 54.33 58.25 0.00 -6.9865 -0.3958 -0.3958
14825 54.05 57.95 0.00 -6.6307 -0.5825 -0.5825
14850 53.88 57.71 0.00 -2.8631 -0.5786 -0.5786
14875 53.88 57.71 0.00 -2.8631 -0.5786 -0.5786
14900 53.82 57.43 0.00 -0.2835 -0.9978 -0.9978
14925 53.84 57.22 0.00 0.5964 -0.8395 -0.8395
14950 53.84 56.99 0.00 -0.1662 -0.9681 -0.9681
14975 53.84 56.99 0.00 -0.1662 -0.9681 -0.9681
15000 53.81 56.67 0.00 -1.6566 -0.2819 -0.2819
15025 53.72 56.30 0.00 -2.2116 -0.4250 -0.4250
15050 53.72 56.30 0.00 -2.2116 -0.4250 -0.4250
15075 53.63 55.90 0.00 -2.3097 -1.6135 -1.6135
15100 53.56 55.49 0.00 -1.2680 0.4605 0.4605
15125 53.56 55.49 0.00 -1.2680 0.4605 0.4605
15150 53.53 55.05 0.00 -0.6548 -0.3545 -0.3545
15175 53.53 54.56 0.00 0.0416 -1.7800 -1.7800
15200 53.53 54.56 0.00 0.0416 -1.7800 -1.7800
15225 53.53 54.05 0.00 0.2695 -1.3990 -1.3990
15250 53.54 53.57 0.00 0.4222 -0.5747 -0.5747
15275 53.56 53.22 0.00 -0.2291 -1.1150 -1.1150
15300 53.56 53.22 0.00 -0.2291 -1.1150 -1.1150
15325 53.54 52.88 0.00 -0.0914 0.1040 0.1040
15350 53.54 52.46 0.00 0.0009 0.3169 0.3169
15375 53.54 52.46 0.00 0.0009 0.3169 0.3169
15400 53.54 51.96 0.00 -0.0089 0.4857 0.4857
15425 53.53 51.50 0.00 -0.1180 -0.3499 -0.3499
15450 53.53 51.50 0.00 -0.1180 -0.3499 -0.3499
15475 53.56 51.02 0.00 1.0978 -0.0536 -0.0536
15500 53.60 50.58 0.00 0.9526 -0.1601 -0.1601
15525 53.61 50.26 0.00 -0.0944 -1.0237 -1.0237
15550 53.61 50.26 0.00 -0.0944 -1.0237 -1.0237
15575 53.58 50.10 0.00 -1.2696 -1.1816 -1.1816
15600 53.58 50.10 0.00 -1.2696 -1.1816 -1.1816
15625 53.51 50.10 0.00 -1.6554 -0.6871 -0.6871
15650 53.46 50.04 0.00 -1.7409 -0.5367 -0.5367
15675 53.40 49.99 0.00 -1.1795 -0.6686 -0.6686
15700 53.40 49.99 0.00 -1.1795 -0.6686 -0.6686
15725 53.37 49.99 0.00 -0.9958 -1.2595 -1.2595
15750 53.28 50.03 0.00 -2.7382 -1.2917 -1.2917
15775 53.14 50.05 0.00 -3.7525 -0.6487 -0.6487
15800 53.14 50.05 0.00 -3.7525 -0.6487 -0.6487
15825 53.02 50.08 0.00 -2.6246 -1.4044 -1.4044
15850 52.95 50.15 0.00 -1.1220 -1.2662 -1.2662
15875 52.95 50.15 0.00 -1.1220 -1.2662 -1.2662
15900 52.92 50.21 0.00 -0.9604 -0.0677 -0.0677
15925 52.86 50.24 0.00 -1.2350 0.2550 0.2550
15950 52.86 50.24 0.00 -1.2350 0.2550 0.2550
15975 52.83 50.14 0.00 -0.8800 -0.0328 -0.0328
16000 52.81 49.96 0.00 -0.0589 -0.6191 -0.6191
16025 52.79 49.66 0.00 -0.8999 -0.6191 -0.6191
16050 52.79 49.66 0.00 -0.8999 -0.6191 -0.6191
16075 52.74 49.28 0.00 -1.9180 -0.7369 -0.7369
16100 52.69 48.94 0.00 -1.2806 0.4849 0.4849
16125 52.69 48.94 0.00 -1.2806 0.4849 0.4849
16150 52.65 48.51 0.00 -0.4787 1.2727 1.2727
16175 52.64 48.05 0.00 0.0772 0.3271 0.3271
16200 52.65 47.55 0.00 0.2739 0.0169 0.0169
16225 52.65 47.55 0.00 0.2739 0.0169 0.0169
16250 52.65 46.92 0.00 -0.1492 0.5929 0.5929
16275 52.64 46.22 0.00 -0.4190 0.1269 0.1269
16300 52.64 46.22 0.00 -0.4190 0.1269 0.1269
16325 52.64 45.67 0.00 -0.0940 -1.4856 -1.4856
16350 52.62 45.26 0.00 -0.3406 -2.0232 -2.0232
16375 52.62 45.26 0.00 -0.3406 -2.0232 -2.0232
16400 52.58 45.06 0.00 -1.7470 -1.9989 -1.9989
16425 52.48 45.01 0.00 -2.6264 -1.6317 -1.6317
16450 52.37 44.81 0.00 -2.8248 -1.7356 -1.7356
16475 52.37 44.81 0.00 -2.8248 -1.7356 -1.7356
16500 52.30 44.57 0.00 -1.7400 -1.7292 -1.7292
16525 52.23 44.25 0.00 -1.7132 -2.0756 -2.0756
16550 52.23 44.25 0.00 -1.7132 -2.0756 -2.0756
16575 52.15 43.90 0.00 -2.5705 -1.4701 -1.4701
16600 52.04 43.48 0.00 -3.0353 -1.7818 -1.7818
16625 52.04 43.48 0.00 -3.0353 -1.7818 -1.7818
16650 51.94 43.12 0.00 -1.9974 -1.0164 -1.0164
16675 51.89 42.77 0.00 -0.9996 0.4398 0.4398
16700 51.89 42.77 0.00 -0.9996 0.4398 0.4398
16725 51.85 42.57 0.00 -0.8609 -0.9033 -0.9033
16750 51.78 42.34 0.00 -2.1382 -1.1084 -1.1084
16775 51.69 41.69 0.00 -2.0379 0.4662 0.4662
16800 51.69 41.69 0.00 -2.0379 0.4662 0.4662
16825 51.66 40.89 0.00 0.0779 1.2566 1.2566
16850 51.66 40.13 0.00 -0.2469 -1.2794 -1.2794
16875 51.66 40.13 0.00 -0.2469 -1.2794 -1.2794
16900 51.66 39.22 0.00 0.2799 0.2382 0.2382
16925 51.68 38.56 0.00 0.2493 0.5912 0.5912
16950 51.69 38.15 0.00 0.8644 0.2459 0.2459
16975 51.69 38.15 0.00 0.8644 0.2459 0.2459
17000 51.78 37.77 0.00 3.0104 1.1370 1.1370
17025 51.96 37.08 0.00 5.1565 2.2839 2.2839
17050 51.96 37.08 0.00 5.1565 2.2839 2.2839
17075 52.18 36.10 0.00 5.7414 1.3472 1.3472
17100 52.48 34.53 0.00 9.0802 -0.4851 -0.4851
17125 52.92 33.23 0.00 11.5373 -0.9871 -0.9871
17150 52.92 33.23 0.00 11.5373 -0.9871 -0.9871
17175 53.32 32.59 0.00 7.9194 -1.6213 -1.6213
17200 53.46 32.53 0.00 1.3880 -0.9438 -0.9438
17225 53.46 32.53 0.00 1.3880 -0.9438 -0.9438
17250 53.40 32.71 0.00 -2.1842 -0.3485 -0.3485
17275 53.35 32.77 0.00 -2.0097 -0.2054 -0.2054
17300 53.35 32.77 0.00 -2.0097 -0.2054 -0.2054
17325 53.30 32.54 0.00 0.0938 -0.5711 -0.5711
17350 53.39 32.21 0.00 3.0470 0.4328 0.4328
17375 53.39 32.21 0.00 3.0470 0.4328 0.4328
17400 53.53 31.82 0.00 3.8737 0.8461 0.8461
17425 53.63 31.57 0.00 1.8254 -1.6228 -1.6228
17450 53.70 31.34 0.00 1.8360 -0.0275 -0.0275
17475 53.70 31.34 0.00 1.8360 -0.0275 -0.0275
17500 53.75 31.18 0.00 0.4022 -0.3065 -0.3065
17525 53.72 31.12 0.00 -1.7025 -1.7886 -1.7886
17550 53.72 31.12 0.00 -1.7025 -1.7886 -1.7886
17575 53.61 30.87 0.00 -3.0199 -0.2688 -0.2688
17600 53.49 30.41 0.00 -2.8835 0.8934 0.8934
17625 53.40 29.98 0.00 -1.2247 1.8874 1.8874
17650 53.40 29.98 0.00 -1.2247 1.8874 1.8874
17675 53.37 29.59 0.00 -0.7725 -0.5120 -0.5120
17700 53.39 29.20 0.00 1.0428 1.2102 1.2102
17725 53.39 29.20 0.00 1.0428 1.2102 1.2102
17750 53.44 28.82 0.00 0.9289 1.2290 1.2290
17775 53.47 28.53 0.00 1.1491 0.6827 0.6827
17800 53.47 28.53 0.00 1.1491 0.6827 0.6827
17825 53.54 28.17 0.00 2.1862 0.6475 0.6475
17850 53.67 27.76 0.00 3.2266 0.7398 0.7398
17875 53.67 27.76 0.00 3.2266 0.7398 0.7398
17900 53.79 27.46 0.00 3.1744 -0.4730 -0.4730
17925 53.93 27.16 0.00 4.4260 -1.2146 -1.2146
17950 53.93 27.16 0.00 4.4260 -1.2146 -1.2146
17975 54.17 26.70 0.00 7.3620 -0.6992 -0.6992
18000 54.44 26.37 0.00 8.7291 0.0837 0.0837
18025 54.77 26.07 0.00 7.5879 -0.6055 -0.6055
18050 54.77 26.07 0.00 7.5879 -0.6055 -0.6055
18075 55.00 25.74 0.00 5.3169 -0.5365 -0.5365
18100 55.19 25.26 0.00 4.6887 0.9901 0.9901
18125 55.19 25.26 0.00 4.6887 0.9901 0.9901
18150 55.36 24.55 0.00 3.9682 1.6724 1.6724
18175 55.49 23.82 0.00 2.4389 0.0049 0.0049
18200 55.54 23.00 0.00 0.2927 -1.1169 -1.1169
18225 55.54 23.00 0.00 0.2927 -1.1169 -1.1169
18250 55.52 22.26 0.00 -0.8197 -1.4465 -1.4465
18275 55.54 21.32 0.00 1.3510 1.3996 1.3996
18300 55.54 21.32 0.00 1.3510 1.3996 1.3996
18325 55.59 20.53 0.00 0.8048 -0.2615 -0.2615
18350 55.56 20.11 0.00 -1.6770 -3.7078 -3.7078
18375 55.56 20.11 0.00 -1.6770 -3.7078 -3.7078
18400 55.45 19.74 0.00 -2.6748 -3.3115 -3.3115
18425 55.40 18.98 0.00 -0.1192 -0.6070 -0.6070
18450 55.49 17.80 0.00 2.8240 0.3158 0.3158
18475 55.49 17.80 0.00 2.8240 0.3158 0.3158
18500 55.57 16.58 0.00 2.2129 -0.8760 -0.8760
18525 55.64 15.72 0.00 0.8210 -0.8053 -0.8053
18550 55.64 15.72 0.00 0.8210 -0.8053 -0.8053
18575 55.66 15.41 0.00 0.9112 0.0158 0.0158
18600 55.75 15.35 0.00 2.5112 1.4733 1.4733
18625 55.75 15.35 0.00 2.5112 1.4733 1.4733
18650 55.87 15.19 0.00 3.5151 2.5027 2.5027
18675 56.05 14.97 0.00 4.8803 2.1064 2.1064
18700 56.29 14.66 0.00 7.4503 1.0637 1.0637
18725 56.29 14.66 0.00 7.4503 1.0637 1.0637
18750 56.68 14.25 0.00 10.8384 0.3385 0.3385
18775 57.19 13.84 0.00 13.3928 1.0302 1.0302
18800 57.19 13.84 0.00 13.3928 1.0302 1.0302
18825 57.73 13.56 0.00 13.0377 1.0159 1.0159
18850 58.08 13.39 0.00 11.7137 -0.4750 -0.4750
18875 58.63 13.24 0.00 15.2499 2.6013 2.6013
18900 58.63 13.24 0.00 15.2499 2.6013 2.6013
18925 59.24 13.03 0.00 14.8745 2.4506 2.4506
18950 59.72 12.77 0.00 9.3601 1.2598 1.2598
18975 59.72 12.77 0.00 9.3601 1.2598 1.2598
19000 59.96 12.44 0.00 3.6066 2.0698 2.0698
19025 59.95 12.18 0.00 -3.4857 0.1614 0.1614
19050 59.95 12.18 0.00 -3.4857 0.1614 0.1614
19075 59.72 11.99 0.00 -6.2863 -0.7421 -0.7421
19100 59.54 11.93 0.00 -2.6140 1.9297 1.9297
19125 59.49 11.87 0.00 -1.0017 0.6249 0.6249
19150 59.49 11.87 0.00 -1.0017 0.6249 0.6249
19175 59.40 11.83 0.00 -3.0494 -1.6351 -1.6351
19200 59.22 11.77 0.00 -5.5511 -1.4538 -1.4538
19225 59.22 11.77 0.00 -5.5511 -1.4538 -1.4538
19250 58.96 11.67 0.00 -6.4979 -2.1696 -2.1696
19275 58.73 11.59 0.00 -5.9379 -2.6817 -2.6817
19300 58.73 11.59 0.00 -5.9379 -2.6817 -2.6817
19325 58.52 11.42 0.00 -3.7312 -0.8103 -0.8103
19350 58.43 11.33 0.00 -1.2833 0.0982 0.0982
19375 58.41 11.29 0.00 -0.0095 0.9142 0.9142
19400 58.41 11.29 0.00 -0.0095 0.9142 0.9142
19425 58.41 11.34 0.00 -0.0297 1.9163 1.9163
19450 58.45 11.38 0.00 1.0617 2.3721 2.3721
19475 58.45 11.38 0.00 1.0617 2.3721 2.3721
19500 58.50 11.42 0.00 1.6426 0.8428 0.8428
19525 58.56 11.40 0.00 0.5985 -0.5051 -0.5051
19550 58.54 11.33 0.00 -0.5923 -0.1793 -0.1793
19575 58.54 11.33 0.00 -0.5923 -0.1793 -0.1793
19600 58.50 11.24 0.00 -0.4687 0.6024 0.6024
19625 58.56 11.17 0.00 2.4061 2.6369 2.6369
19650 58.56 11.17 0.00 2.4061 2.6369 2.6369
19675 58.68 11.14 0.00 3.0137 2.0573 2.0573
19700 58.68 11.14 0.00 3.0137 2.0573 2.0573
19725 58.77 11.12 0.00 1.2382 0.7996 0.7996
19750 58.77 11.19 0.00 -0.8595 -0.6983 -0.6983
19775 58.73 11.28 0.00 -0.3480 0.2125 0.2125
19800 58.73 11.28 0.00 -0.3480 0.2125 0.2125
19825 58.75 11.37 0.00 0.3334 0.9708 0.9708
19850 58.75 11.39 0.00 -0.1657 0.6352 0.6352
19875 58.75 11.39 0.00 -0.1657 0.6352 0.6352
19900 58.70 11.32 0.00 -2.2284 -1.2694 -1.2694
19925 58.63 11.21 0.00 -0.6581 0.0142 0.0142
19950 58.63 11.21 0.00 -0.6581 0.0142 0.0142
19975 58.63 11.24 0.00 -0.2223 -1.1550 -1.1550
20000 58.61 11.35 0.00 -0.7909 -1.5314 -1.5314
20025 58.52 11.46 0.00 -2.9309 -0.9964 -0.9964
20050 58.52 11.46 0.00 -2.9309 -0.9964 -0.9964
20075 58.36 11.54 0.00 -4.1082 -0.3678 -0.3678
20100 58.20 11.57 0.00 -4.2449 1.2947 1.2947
20125 58.20 11.57 0.00 -4.2449 1.2947 1.2947
20150 57.98 11.49 0.00 -6.3010 -0.6219 -0.6219
20175 57.71 11.37 0.00 -6.9470 2.2460 2.2460
20200 57.45 11.17 0.00 -6.5748 0.9494 0.9494
20225 57.45 11.17 0.00 -6.5748 0.9494 0.9494
20250 57.27 11.02 0.00 -2.6717 1.1927 1.1927
20275 57.20 11.03 0.00 -1.4295 0.7740 0.7740
20300 57.20 11.03 0.00 -1.4295 0.7740 0.7740
20325 57.12 11.19 0.00 -3.3647 0.3071 0.3071
20350 56.92 11.51 0.00 -5.5269 1.9324 1.9324
20375 56.73 11.83 0.00 -6.8343 4.0295 4.0295
20400 56.73 11.83 0.00 -6.8343 4.0295 4.0295
20425 56.40 12.35 0.00 -9.2979 4.2006 4.2006
20450 56.01 12.69 0.00 -9.0437 3.2166 3.2166
20475 56.01 12.69 0.00 -9.0437 3.2166 3.2166
20500 55.68 12.99 0.00 -7.9054 1.4187 1.4187
20525 55.43 13.17 0.00 -4.2348 -0.0256 -0.0256
20550 55.40 13.33 0.00 0.8591 1.0342 1.0342
20575 55.40 13.33 0.00 0.8591 1.0342 1.0342
20600 55.47 13.46 0.00 2.0991 0.9742 0.9742
20625 55.52 13.57 0.00 0.5101 0.2748 0.2748
20650 55.52 13.57 0.00 0.5101 0.2748 0.2748
20675 55.47 13.83 0.00 -2.3589 -1.4796 -1.4796
20700 55.47 13.83 0.00 -2.3589 -1.4796 -1.4796
20725 55.35 14.34 0.00 -3.5542 -1.0254 -1.0254
20750 55.15 15.04 0.00 -5.3547 -1.9208 -1.9208
20775 54.91 15.78 0.00 -6.1118 0.5611 0.5611
20800 54.91 15.78 0.00 -6.1118 0.5611 0.5611
20825 54.73 16.13 0.00 -2.8144 2.1397 2.1397
20850 54.68 16.43 0.00 -0.7278 1.2362 1.2362
20875 54.68 16.43 0.00 -0.7278 1.2362 1.2362
20900 54.65 16.73 0.00 -1.4469 -0.6478 -0.6478
20925 54.58 16.94 0.00 -1.5433 -0.0359 -0.0359
20950 54.54 17.16 0.00 -0.8281 -0.1195 -0.1195
20975 54.54 17.16 0.00 -0.8281 -0.1195 -0.1195
21000 54.47 17.29 0.00 -1.8847 -2.5305 -2.5305
21025 54.38 17.42 0.00 -2.5571 -1.8037 -1.8037
21050 54.38 17.42 0.00 -2.5571 -1.8037 -1.8037
21075 54.26 17.55 0.00 -3.0854 -1.0888 -1.0888
21100 54.16 17.59 0.00 -2.4227 -0.2756 -0.2756
21125 54.16 17.59 0.00 -2.4227 -0.2756 -0.2756
21150 54.09 17.53 0.00 -1.0720 0.3525 0.3525
21175 54.07 17.49 0.00 -0.3449 0.7993 0.7993
21200 54.07 17.49 0.00 -0.3449 0.7993 0.7993
21225 54.07 17.47 0.00 -0.2862 0.8653 0.8653
21250 54.03 17.36 0.00 -1.2235 0.8783 0.8783
21275 53.93 17.13 0.00 -3.4394 0.0837 0.0837
21300 53.93 17.13 0.00 -3.4394 0.0837 0.0837
21325 53.75 16.58 0.00 -5.3337 -0.1633 -0.1633
21350 53.53 16.11 0.00 -5.7243 -2.4463 -2.4463
21375 53.53 16.11 0.00 -5.7243 -2.4463 -2.4463
21400 53.30 15.92 0.00 -5.9738 -4.2600 -4.2600
21425 53.04 15.97 0.00 -6.7968 -3.0202 -3.0202
21450 53.04 15.97 0.00 -6.7968 -3.0202 -3.0202
21475 52.78 16.14 0.00 -6.6119 -3.5491 -3.5491
21500 52.46 16.49 0.00 -8.7246 -4.2531 -4.2531
21525 52.01 16.94 0.00 -12.9336 -4.1831 -4.1831
21550 52.01 16.94 0.00 -12.9336 -4.1831 -4.1831
21575 51.38 17.73 0.00 -16.9661 -2.5086 -2.5086
21600 50.65 18.73 0.00 -19.5965 1.7681 1.7681
21625 49.88 19.49 0.00 -18.0911 0.0167 0.0167
21650 49.88 19.49 0.00 -18.0911 0.0167 0.0167
21675 49.25 20.20 0.00 -14.4661 -3.0910 -3.0910
21700 48.78 20.82 0.00 -10.6769 -0.6921 -0.6921
21725 48.78 20.82 0.00 -10.6769 -0.6921 -0.6921
21750 48.39 21.40 0.00 -9.1206 0.0893 0.0893
21775 48.03 22.09 0.00 -8.7643 -1.2821 -1.2821
21800 48.03 22.09 0.00 -8.7643 -1.2821 -1.2821
21825 47.71 22.62 0.00 -6.9789 -1.8323 -1.8323
21850 47.49 23.11 0.00 -5.3921 -1.4578 -1.4578
21875 47.49 23.11 0.00 -5.3921 -1.4578 -1.4578
21900 47.31 23.46 0.00 -3.8343 -1.8108 -1.8108
21925 47.21 23.68 0.00 -1.6332 -0.3030 -0.3030
21950 47.21 23.68 0.00 -1.6332 -0.3030 -0.3030
21975 47.15 23.82 0.00 -2.6014 -0.7648 -0.7648
22000 46.98 24.06 0.00 -5.5963 -0.6699 -0.6699
22025 46.68 24.28 0.00 -8.2804 -0.6414 -0.6414
22050 46.68 24.28 0.00 -8.2804 -0.6414 -0.6414
22075 46.35 24.50 0.00 -7.8623 -0.0781 -0.0781
22100 46.02 24.70 0.00 -9.4035 0.6041 0.6041
22125 46.02 24.70 0.00 -9.4035 0.6041 0.6041
22150 45.58 24.93 0.00 -11.1694 0.0346 0.0346
22175 45.14 25.20 0.00 -10.6350 -1.1371 -1.1371
22200 44.79 25.40 0.00 -7.4663 -0.2301 -0.2301
22225 44.79 25.40 0.00 -7.4663 -0.2301 -0.2301
22250 44.51 25.57 0.00 -6.9307 -1.7200 -1.7200
22275 44.20 25.75 0.00 -8.1767 -1.9334 -1.9334
22300 44.20 25.75 0.00 -8.1767 -1.9334 -1.9334
22325 43.88 26.04 0.00 -7.9720 -0.4085 -0.4085
22350 43.60 26.41 0.00 -6.4749 0.2433 0.2433
22375 43.60 26.41 0.00 -6.4749 0.2433 0.2433
22400 43.38 26.75 0.00 -5.0043 -0.4325 -0.4325
22425 43.20 27.08 0.00 -3.9401 -1.0757 -1.0757
22450 43.20 27.08 0.00 -3.9401 -1.0757 -1.0757
22475 43.08 27.44 0.00 -2.4131 -1.1826 -1.1826
22500 43.02 27.73 0.00 -1.0369 0.1170 0.1170
22525 42.95 27.99 0.00 -2.5243 -1.3424 -1.3424
22550 42.95 27.99 0.00 -2.5243 -1.3424 -1.3424
22575 42.76 28.34 0.00 -6.4051 -2.6730 -2.6730
22600 42.36 28.88 0.00 -12.2699 -2.3172 -2.3172
22625 42.36 28.88 0.00 -12.2699 -2.3172 -2.3172
22650 41.80 29.59 0.00 -14.3896 1.8112 1.8112
22675 41.22 30.36 0.00 -14.1842 2.4316 2.4316
22700 41.22 30.36 0.00 -14.1842 2.4316 2.4316
22725 40.69 30.94 0.00 -12.9030 0.4758 0.4758
22750 40.32 31.38 0.00 -11.7329 -0.7302 -0.7302
22775 39.90 31.99 0.00 -10.6272 -1.3134 -1.3134
22800 39.90 31.99 0.00 -10.6272 -1.3134 -1.3134
22825 39.49 32.51 0.00 -9.5065 -0.4821 -0.4821
22850 39.15 33.00 0.00 -7.6635 1.2005 1.2005
22875 39.15 33.00 0.00 -7.6635 1.2005 1.2005
22900 38.87 33.61 0.00 -7.1459 -0.0984 -0.0984
22925 38.59 34.37 0.00 -7.0728 -1.0060 -1.0060
22950 38.59 34.37 0.00 -7.0728 -1.0060 -1.0060
22975 38.29 35.33 0.00 -7.4116 0.7495 0.7495
23000 38.02 36.30 0.00 -6.6067 4.4938 4.4938
23025 38.02 36.30 0.00 -6.6067 4.4938 4.4938
23050 37.76 37.18 0.00 -6.8567 3.4741 3.4741
23075 37.42 38.17 0.00 -9.3495 0.5156 0.5156
23100 36.92 39.11 0.00 -14.3290 -0.0763 -0.0763
23125 36.92 39.11 0.00 -14.3290 -0.0763 -0.0763
23150 35.89 39.97 0.00 -37.8720 -4.1868 -4.1868
23175 34.20 40.69 0.00 -37.4187 13.0948 13.0948
23200 34.20 40.69 0.00 -37.4187 13.0948 13.0948
23225 33.16 41.53 0.00 -21.3709 -0.6736 -0.6736
23250 32.49 42.58 0.00 -13.3109 -5.4746 -5.4746
23275 32.49 42.58 0.00 -13.3109 -5.4746 -5.4746
23300 32.03 43.53 0.00 -10.5006 1.5548 1.5548
23325 31.77 44.18 0.00 -4.0535 2.3935 2.3935
23350 31.77 44.18 0.00 -4.0535 2.3935 2.3935
23375 31.75 44.60 0.00 1.6920 -0.4607 -0.4607
23400 31.95 44.87 0.00 6.6089 0.0229 0.0229
23425 31.95 44.87 0.00 6.6089 0.0229 0.0229
23450 32.28 44.99 0.00 8.1586 -2.0076 -2.0076
23475 32.57 45.11 0.00 6.5190 -0.1367 -0.1367
23500 32.76 45.15 0.00 4.6500 1.3755 1.3755
23525 32.76 45.15 0.00 4.6500 1.3755 1.3755
23550 32.85 45.19 0.00 1.4093 -0.8720 -0.8720
23575 32.82 45.17 0.00 -1.8046 -1.5044 -1.5044
23600 32.82 45.17 0.00 -1.8046 -1.5044 -1.5044
23625 32.73 45.10 0.00 -1.8954 -2.6252 -2.6252
23650 32.66 45.11 0.00 -2.9571 -2.4491 -2.4491
23675 32.44 45.14 0.00 -6.9095 -1.9262 -1.9262
23700 32.44 45.14 0.00 -6.9095 -1.9262 -1.9262
23725 32.17 45.15 0.00 -6.3736 -0.0967 -0.0967
23750 31.92 45.29 0.00 -7.5503 -1.3380 -1.3380
23775 31.92 45.29 0.00 -7.5503 -1.3380 -1.3380
23800 31.52 45.53 0.00 -10.6193 -0.0102 -0.0102
23825 31.14 45.91 0.00 -9.1428 0.8724 0.8724
23850 31.14 45.91 0.00 -9.1428 0.8724 0.8724
23875 30.71 46.50 0.00 -11.7016 -1.5332 -1.5332
23900 30.24 47.21 0.00 -11.7007 2.0037 2.0037
23925 29.85 47.86 0.00 -7.6079 1.7176 1.7176
23950 29.85 47.86 0.00 -7.6079 1.7176 1.7176
23975 29.67 48.56 0.00 -3.2659 -2.2819 -2.2819
24000 29.56 49.40 0.00 -2.1164 -2.1253 -2.1253
24025 29.56 49.40 0.00 -2.1164 -2.1253 -2.1253
24050 29.49 50.41 0.00 -1.4401 0.0317 0.0317
24075 29.51 51.25 0.00 1.3443 1.3676 1.3676
24100 29.58 51.95 0.00 1.3885 1.1991 1.1991
24125 29.58 51.95 0.00 1.3885 1.1991 1.1991
24150 29.56 52.57 0.00 -1.4108 2.1946 2.1946
24175 29.44 53.12 0.00 -3.5420 1.6083 1.6083
24200 29.44 53.12 0.00 -3.5420 1.6083 1.6083
24225 29.25 53.84 0.00 -6.1831 -1.6320 -1.6320
24250 28.98 54.61 0.00 -10.5521 -1.2189 -1.2189
24275 28.98 54.61 0.00 -10.5521 -1.2189 -1.2189
24300 28.45 55.71 0.00 -14.1226 1.8722 1.8722
24325 27.87 56.91 0.00 -14.9600 0.8390 0.8390
24350 27.87 56.91 0.00 -14.9600 0.8390 0.8390
24375 27.26 57.85 0.00 -14.7530 3.6435 3.6435
24400 26.71 58.55 0.00 -13.0146 1.9605 1.9605
24425 26.71 58.55 0.00 -13.0146 1.9605 1.9605
24450 26.18 59.12 0.00 -14.7492 -0.3016 -0.3016
24475 25.53 59.56 0.00 -15.8814 -0.2591 -0.2591
24500 25.01 59.95 0.00 -11.4433 -0.8082 -0.8082
24525 25.01 59.95 0.00 -11.4433 -0.8082 -0.8082
24550 24.53 60.34 0.00 -13.0573 -1.3816 -1.3816
24575 24.01 60.72 0.00 -11.9406 -0.2361 -0.2361
24600 24.01 60.72 0.00 -11.9406 -0.2361 -0.2361
24625 23.67 61.06 0.00 -6.0343 -1.9643 -1.9643
24650 23.41 61.29 0.00 -8.0904 -1.9911 -1.9911
24675 23.04 61.45 0.00 -9.1248 -0.6096 -0.6096
24700 23.04 61.45 0.00 -9.1248 -0.6096 -0.6096
24725 22.83 61.66 0.00 -2.5768 -2.2890 -2.2890
24750 22.70 61.95 0.00 -4.7534 -2.4313 -2.4313
24775 22.70 61.95 0.00 -4.7534 -2.4313 -2.4313
24800 22.34 62.39 0.00 -11.3829 -0.7158 -0.7158
24825 21.82 62.95 0.00 -14.1965 0.1937 0.1937
24850 21.82 62.95 0.00 -14.1965 0.1937 0.1937
24875 21.23 63.52 0.00 -14.7891 -2.0994 -2.0994
24900 20.61 64.12 0.00 -15.6127 -2.4363 -2.4363
24925 20.04 64.78 0.00 -12.9653 0.1929 0.1929
24950 20.04 64.78 0.00 -12.9653 0.1929 0.1929
24975 19.56 65.46 0.00 -12.1954 0.0693 0.0693
25000 18.99 66.19 0.00 -15.9910 -0.0776 -0.0776
25025 18.99 66.19 0.00 -15.9910 -0.0776 -0.0776
25050 18.26 67.11 0.00 -19.5521 1.1425 1.1425
25075 17.49 68.20 0.00 -19.0254 1.8875 1.8875
25100 17.49 68.20 0.00 -19.0254 1.8875 1.8875
25125 16.95 68.76 0.00 -16.9905 2.4538 2.4538
25150 16.42 69.30 0.00 -10.7188 0.6789 0.6789
25175 16.19 69.84 0.00 -2.6489 -2.7205 -2.7205
25200 16.19 69.84 0.00 -2.6489 -2.7205 -2.7205
25225 16.09 70.49 0.00 -2.9482 -0.2887 -0.2887
25250 15.98 71.34 0.00 -2.6410 2.1629 2.1629
25275 15.98 71.34 0.00 -2.6410 2.1629 2.1629
25300 15.98 72.47 0.00 1.3406 0.4456 0.4456
25325 15.96 73.42 0.00 -0.9210 1.7552 1.7552
25350 16.02 74.05 0.00 3.4423 1.3394 1.3394
25375 16.02 74.05 0.00 3.4423 1.3394 1.3394
25400 16.19 74.53 0.00 3.6596 -2.3617 -2.3617
25425 16.29 74.75 0.00 2.2216 0.7125 0.7125
25450 16.29 74.75 0.00 2.2216 0.7125 0.7125
25475 16.46 74.91 0.00 6.9221 -0.4976 -0.4976
25500 16.85 74.94 0.00 10.0593 -2.4863 -2.4863
25525 16.85 74.94 0.00 10.0593 -2.4863 -2.4863
25550 17.20 74.87 0.00 7.6431 -0.3943 -0.3943
25575 17.51 74.75 0.00 7.7627 -0.7830 -0.7830
25600 17.51 74.75 0.00 7.7627 -0.7830 -0.7830
25625 17.78 74.54 0.00 6.1110 -0.7713 -0.7713
25650 17.99 74.29 0.00 5.2218 -0.6935 -0.6935
25675 17.99 74.29 0.00 5.2218 -0.6935 -0.6935
25700 18.20 73.95 0.00 5.5725 -2.3035 -2.3035
25725 18.35 73.50 0.00 4.7540 -3.1411 -3.1411
25750 18.53 72.93 0.00 3.6434 -2.9082 -2.9082
25775 18.53 72.93 0.00 3.6434 -2.9082 -2.9082
25800 18.62 72.48 0.00 1.9045 -2.0946 -2.0946
25825 18.70 72.28 0.00 1.5143 -0.5271 -0.5271
25850 18.70 72.28 0.00 1.5143 -0.5271 -0.5271
25875 18.66 72.28 0.00 -2.6882 1.3508 1.3508
25900 18.53 72.30 0.00 -2.6475 1.5846 1.5846
25925 18.51 72.32 0.00 1.0979 -0.3864 -0.3864
25950 18.51 72.32 0.00 1.0979 -0.3864 -0.3864
25975 18.51 72.34 0.00 -1.6331 0.4340 0.4340
26000 18.34 72.40 0.00 -5.9991 1.8255 1.8255
26025 18.34 72.40 0.00 -5.9991 1.8255 1.8255
26050 18.12 72.60 0.00 -4.2370 -0.7411 -0.7411
26075 18.01 73.20 0.00 -2.0881 0.8370 0.8370
26100 17.91 74.29 0.00 -3.0181 5.0068 5.0068
26125 17.91 74.29 0.00 -3.0181 5.0068 5.0068
26150 17.82 75.44 0.00 -0.8409 6.1781 6.1781
26175 17.82 75.44 0.00 -0.8409 6.1781 6.1781
26200 17.91 76.27 0.00 4.3798 3.2343 3.2343
26225 18.12 76.88 0.00 5.6159 1.2529 1.2529
26250 18.39 77.43 0.00 7.5236 -0.6429 -0.6429
26275 18.39 77.43 0.00 7.5236 -0.6429 -0.6429
26300 18.70 78.03 0.00 7.7419 -0.1552 -0.1552
26325 18.97 78.76 0.00 5.6637 2.9962 2.9962
26350 18.97 78.76 0.00 5.6637 2.9962 2.9962
26375 19.18 79.80 0.00 5.2757 5.3085 5.3085
26400 19.41 81.15 0.00 5.7441 4.8412 4.8412
26425 19.66 82.30 0.00 6.8560 4.6258 4.6258
26450 19.66 82.30 0.00 6.8560 4.6258 4.6258
26475 20.02 83.15 0.00 10.8541 2.4321 2.4321
26500 20.53 83.67 0.00 12.9841 0.3911 0.3911
26525 20.53 83.67 0.00 12.9841 0.3911 0.3911
26550 21.04 84.02 0.00 12.8958 -0.3407 -0.3407
26575 21.51 84.18 0.00 10.1890 -1.2245 -1.2245
26600 21.78 84.21 0.00 4.3278 -0.3295 -0.3295
26625 21.78 84.21 0.00 4.3278 -0.3295 -0.3295
26650 21.83 84.13 0.00 0.3662 -0.8867 -0.8867
26675 21.83 84.02 0.00 -0.1422 -2.0263 -2.0263
26700 21.83 84.02 0.00 -0.1422 -2.0263 -2.0263
26725 21.80 83.81 0.00 -1.8433 -1.2701 -1.2701
26750 21.70 83.55 0.00 -2.5320 -0.3193 -0.3193
26775 21.70 83.55 0.00 -2.5320 -0.3193 -0.3193
26800 21.70 83.31 0.00 2.0644 -2.8840 -2.8840
26825 21.87 83.13 0.00 4.3492 -3.8719 -3.8719
26850 21.87 83.13 0.00 4.3492 -3.8719 -3.8719
26875 21.83 82.91 0.00 -3.8885 0.3280 0.3280
26900 21.67 82.52 0.00 -3.2496 0.7175 0.7175
26925 21.67 82.52 0.00 -3.2496 0.7175 0.7175
26950 21.70 81.79 0.00 4.1613 -4.5495 -4.5495
26975 21.95 80.68 0.00 6.7085 -7.3578 -7.3578
27000 22.17 79.69 0.00 4.6250 -4.9497 -4.9497
27025 22.17 79.69 0.00 4.6250 -4.9497 -4.9497
27050 22.32 79.09 0.00 3.3653 -3.5394 -3.5394
27075 22.46 78.85 0.00 3.4490 -1.4109 -1.4109
27100 22.64 78.18 0.00 5.9248 -5.3792 -5.3792
27125 22.64 78.18 0.00 5.9248 -5.3792 -5.3792
27150 22.98 76.77 0.00 10.0074 -5.4584 -5.4584
27175 23.32 75.46 0.00 6.5352 -4.2977 -4.2977
27200 23.32 75.46 0.00 6.5352 -4.2977 -4.2977
27225 23.39 74.60 0.00 -0.7363 -0.7231 -0.7231
27250 23.34 74.27 0.00 -1.2858 -0.0707 -0.0707
27275 23.32 74.33 0.00 -0.1103 -0.0652 -0.0652
27300 23.32 74.33 0.00 -0.1103 -0.0652 -0.0652
27325 23.30 74.51 0.00 -0.2096 1.3269 1.3269
27350 23.35 74.73 0.00 1.9436 0.7602 0.7602
27375 23.35 74.73 0.00 1.9436 0.7602 0.7602
27400 23.47 74.93 0.00 2.7861 -0.9605 -0.9605
27425 23.50 75.03 0.00 0.1401 -0.6516 -0.6516
27450 23.50 75.03 0.00 0.1401 -0.6516 -0.6516
27475 23.47 75.11 0.00 -0.9619 0.5985 0.5985
27500 23.50 75.22 0.00 2.5313 -0.6493 -0.6493
27525 23.50 75.22 0.00 2.5313 -0.6493 -0.6493
27550 23.69 75.48 0.00 5.6622 -1.4109 -1.4109
27575 23.91 76.14 0.00 5.3939 1.7563 1.7563
27600 24.14 76.92 0.00 5.6676 3.5428 3.5428
27625 24.14 76.92 0.00 5.6676 3.5428 3.5428
27650 24.38 77.22 0.00 6.3240 1.0525 1.0525
27675 24.64 77.17 0.00 5.3957 0.0954 0.0954
27700 24.64 77.17 0.00 5.3957 0.0954 0.0954
27725 24.77 77.02 0.00 2.4479 0.5762 0.5762
27750 24.88 76.97 0.00 3.4762 -1.2238 -1.2238
27775 24.88 76.97 0.00 3.4762 -1.2238 -1.2238
27800 25.20 77.12 0.00 11.1494 -0.3894 -0.3894
27825 25.90 77.56 0.00 21.5907 -2.4295 -2.4295
27850 26.71 77.86 0.00 18.0855 -0.7618 -0.7618
27875 26.71 77.86 0.00 18.0855 -0.7618 -0.7618
27900 27.28 77.92 0.00 11.6325 1.2954 1.2954
27925 27.67 77.85 0.00 8.6995 -1.2195 -1.2195
27950 27.67 77.85 0.00 8.6995 -1.2195 -1.2195
27975 27.87 77.64 0.00 3.1620 -1.4553 -1.4553
28000 27.92 77.46 0.00 0.7787 0.8477 0.8477
28025 27.92 77.46 0.00 0.7787 0.8477 0.8477
28050 27.96 77.50 0.00 1.3204 0.4745 0.4745
28075 28.03 77.66 0.00 2.2540 0.4468 0.4468
28100 28.14 77.82 0.00 2.7189 1.2772 1.2772
28125 28.14 77.82 0.00 2.7189 1.2772 1.2772
28150 28.25 77.91 0.00 2.8948 1.7592 1.7592
28175 28.36 77.98 0.00 2.7338 0.8382 0.8382
28200 28.36 77.98 0.00 2.7338 0.8382 0.8382
28225 28.43 78.01 0.00 2.0650 0.3940 0.3940
28250 28.47 78.05 0.00 0.3256 0.5020 0.5020
28275 28.47 78.08 0.00 0.1989 1.1533 1.1533
28300 28.47 78.08 0.00 0.1989 1.1533 1.1533
28325 28.51 78.17 0.00 1.4756 0.4546 0.4546
28350 28.56 78.26 0.00 0.9268 -0.4389 -0.4389
28375 28.56 78.26 0.00 0.9268 -0.4389 -0.4389
28400 28.58 78.30 0.00 -0.1550 -1.0514 -1.0514
28425 28.58 78.30 0.00 -0.1550 -1.0514 -1.0514
28450 28.56 78.21 0.00 -0.2804 -1.3619 -1.3619
28475 28.60 77.97 0.00 1.9101 -2.0206 -2.0206
28500 28.76 77.66 0.00 5.3315 -2.0814 -2.0814
28525 28.76 77.66 0.00 5.3315 -2.0814 -2.0814
28550 29.02 77.23 0.00 6.9849 -2.0004 -2.0004
28575 29.29 76.83 0.00 6.5412 -0.8827 -0.8827
28600 29.29 76.83 0.00 6.5412 -0.8827 -0.8827
28625 29.51 76.59 0.00 4.7793 -0.7870 -0.7870
28650 29.69 76.42 0.00 5.1992 -1.2122 -1.2122
28675 30.00 76.23 0.00 9.8089 -0.5596 -0.5596
28700 30.00 76.23 0.00 9.8089 -0.5596 -0.5596
28725 30.49 75.91 0.00 13.1998 -2.0573 -2.0573
28750 31.00 75.60 0.00 11.7189 -1.5379 -1.5379
28775 31.00 75.60 0.00 11.7189 -1.5379 -1.5379
28800 31.39 75.26 0.00 9.5409 -1.3402 -1.3402
28825 31.77 74.95 0.00 9.5482 -1.4039 -1.4039
28850 32.12 74.73 0.00 7.8044 -1.5822 -1.5822
28875 32.12 74.73 0.00 7.8044 -1.5822 -1.5822
28900 32.42 74.53 0.00 7.3797 -0.7752 -0.7752
28925 32.74 74.38 0.00 8.8445 0.2070 0.2070
28950 32.74 74.38 0.00 8.8445 0.2070 0.2070
28975 33.21 74.32 0.00 14.7536 -0.9120 -0.9120
29000 33.21 74.32 0.00 14.7536 -0.9120 -0.9120
29025 33.80 74.25 0.00 21.2412 -2.2007 -2.2007
29050 34.72 74.10 0.00 23.0141 -1.7472 -1.7472
29075 35.61 73.98 0.00 22.3132 -0.6057 -0.6057
29100 36.44 73.93 0.00 19.0644 -1.3698 -1.3698
29125 36.44 73.93 0.00 19.0644 -1.3698 -1.3698
29150 37.10 73.83 0.00 14.8374 -1.2145 -1.2145
29175 37.60 73.81 0.00 11.5378 -0.7608 -0.7608
29200 37.60 73.81 0.00 11.5378 -0.7608 -0.7608
29225 38.00 73.82 0.00 9.1530 -0.6478 -0.6478
29250 38.34 73.91 0.00 8.1902 -0.6111 -0.6111
29275 38.34 73.91 0.00 8.1902 -0.6111 -0.6111
29300 38.62 73.96 0.00 6.2602 -0.6823 -0.6823
29325 38.80 73.97 0.00 3.1942 -0.1560 -0.1560
29350 38.80 73.97 0.00 3.1942 -0.1560 -0.1560
29375 38.85 73.92 0.00 0.3970 1.1345 1.1345
29400 38.87 73.92 0.00 0.5029 0.7355 0.7355
29425 38.89 73.85 0.00 0.5430 0.5043 0.5043
29450 38.89 73.85 0.00 0.5430 0.5043 0.5043
29475 38.92 73.74 0.00 1.6528 0.1525 0.1525
29500 39.03 73.65 0.00 2.6657 -0.4033 -0.4033
29525 39.03 73.65 0.00 2.6657 -0.4033 -0.4033
29550 39.15 73.55 0.00 3.3281 -2.1215 -2.1215
29575 39.30 73.38 0.00 3.3912 -2.2163 -2.2163
29600 39.30 73.38 0.00 3.3912 -2.2163 -2.2163
29625 39.45 72.94 0.00 5.0625 -1.7868 -1.7868
29650 39.75 72.51 0.00 8.7205 -3.0904 -3.0904
29675 39.75 72.51 0.00 8.7205 -3.0904 -3.0904
29700 40.14 72.14 0.00 9.6420 -4.0842 -4.0842
29725 40.53 71.66 0.00 10.0628 -3.3498 -3.3498
29750 40.99 71.20 0.00 12.1242 -2.7725 -2.7725
29775 40.99 71.20 0.00 12.1242 -2.7725 -2.7725
29800 41.46 70.70 0.00 11.1144 -4.7851 -4.7851
29825 41.76 70.32 0.00 9.6938 -2.7325 -2.7325
29850 42.09 69.89 0.00 7.2903 -0.7996 -0.7996
29875 42.09 69.89 0.00 7.2903 -0.7996 -0.7996
29900 42.38 69.52 0.00 7.5935 -1.4307 -1.4307
29925 42.73 69.19 0.00 9.5090 -1.9849 -1.9849
29950 42.73 69.19 0.00 9.5090 -1.9849 -1.9849
29975 43.13 68.92 0.00 10.2424 -0.8582 -0.8582
30000 43.53 68.66 0.00 9.6666 0.0897 0.0897
30025 43.53 68.66 0.00 9.6666 0.0897 0.0897
30050 43.90 68.47 0.00 8.9297 -0.7014 -0.7014
30075 44.27 68.25 0.00 9.3221 -0.8284 -0.8284
30100 44.27 68.25 0.00 9.3221 -0.8284 -0.8284
30125 44.71 67.99 0.00 12.3473 -0.4878 -0.4878
30150 45.32 67.71 0.00 17.0277 -0.9348 -0.9348
30175 46.04 67.48 0.00 18.4747 -1.1527 -1.1527
30200 46.04 67.48 0.00 18.4747 -1.1527 -1.1527
30225 46.72 67.29 0.00 15.4501 -0.0192 -0.0192
30250 47.26 67.11 0.00 12.6923 0.9719 0.9719
30275 47.26 67.11 0.00 12.6923 0.9719 0.9719
30300 47.70 66.99 0.00 9.7460 0.9022 0.9022
30325 48.04 66.87 0.00 8.2266 1.0817 1.0817
30350 48.04 66.87 0.00 8.2266 1.0817 1.0817
30375 48.38 66.76 0.00 8.5381 0.8878 0.8878
30400 48.73 66.66 0.00 8.1005 0.4054 0.4054
30425 49.04 66.47 0.00 8.2799 -0.3675 -0.3675
30450 49.04 66.47 0.00 8.2799 -0.3675 -0.3675
30475 49.39 66.24 0.00 9.1640 -1.1525 -1.1525
30500 49.65 66.10 0.00 7.9174 -1.2011 -1.2011
30525 49.65 66.10 0.00 7.9174 -1.2011 -1.2011
30550 49.93 65.96 0.00 6.4424 -1.3860 -1.3860
30575 50.17 65.82 0.00 6.4638 -1.4361 -1.4361
30600 50.17 65.82 0.00 6.4638 -1.4361 -1.4361
30625 50.44 65.64 0.00 6.1507 -0.8122 -0.8122
30650 50.72 65.47 0.00 7.5746 -0.3514 -0.3514
30675 51.05 65.24 0.00 8.9753 -2.4132 -2.4132
30700 51.05 65.24 0.00 8.9753 -2.4132 -2.4132
30725 51.45 64.95 0.00 10.8429 -2.2437 -2.2437
30750 51.89 64.63 0.00 10.6601 -1.2170 -1.2170
30775 51.89 64.63 0.00 10.6601 -1.2170 -1.2170
30800 52.27 64.37 0.00 8.2630 -0.4478 -0.4478
30825 52.50 64.18 0.00 4.6367 0.0438 0.0438
30850 52.50 64.18 0.00 4.6367 0.0438 0.0438
30875 52.67 63.99 0.00 4.0363 0.8115 0.8115
30900 52.86 63.83 0.00 5.5007 0.4562 0.4562
30925 53.13 63.71 0.00 7.4747 -1.2416 -1.2416
30950 53.13 63.71 0.00 7.4747 -1.2416 -1.2416
30975 53.44 63.52 0.00 7.9377 -1.0809 -1.0809
31000 53.75 63.31 0.00 8.2059 -0.2944 -0.2944
31025 53.75 63.31 0.00 8.2059 -0.2944 -0.2944
31050 54.05 63.11 0.00 6.4867 0.6659 0.6659
31075 54.24 62.97 0.00 3.4672 1.3628 1.3628
31100 54.24 62.97 0.00 3.4672 1.3628 1.3628
31125 54.35 62.83 0.00 2.5360 1.5955 1.5955
31150 54.49 62.64 0.00 4.2437 0.9820 0.9820
31175 54.68 62.47 0.00 5.2637 0.4252 0.4252
31200 54.68 62.47 0.00 5.2637 0.4252 0.4252
31225 54.91 62.29 0.00 5.6300 0.4743 0.4743
31250 55.15 62.10 0.00 6.4563 0.9372 0.9372
31275 55.15 62.10 0.00 6.4563 0.9372 0.9372
31300 55.45 61.80 0.00 8.3578 1.3528 1.3528
31325 55.78 61.45 0.00 8.0934 0.2695 0.2695
31350 56.01 61.17 0.00 6.9186 -0.2597 -0.2597
31375 56.01 61.17 0.00 6.9186 -0.2597 -0.2597
31400 56.26 60.84 0.00 5.9910 0.9656 0.9656
31425 56.26 60.84 0.00 5.9910 0.9656 0.9656
31450 56.45 60.61 0.00 3.8830 0.1417 0.1417
31475 56.57 60.47 0.00 2.4389 0.1927 0.1927
31500 56.64 60.26 0.00 1.5314 0.1216 0.1216
31525 56.64 60.26 0.00 1.5314 0.1216 0.1216
31550 56.68 60.07 0.00 0.7917 0.3053 0.3053
31575 56.69 59.86 0.00 0.2076 0.0229 0.0229
31600 56.69 59.86 0.00 0.2076 0.0229 0.0229
31625 56.73 59.61 0.00 1.1380 1.8869 1.8869
31650 56.78 59.45 0.00 1.0462 0.8575 0.8575
31675 56.80 59.38 0.00 0.4603 0.6011 0.6011
31700 56.80 59.38 0.00 0.4603 0.6011 0.6011
31725 56.82 59.28 0.00 0.5390 1.3241 1.3241
31750 56.82 59.28 0.00 0.5390 1.3241 1.3241
31775 56.85 59.05 0.00 1.0069 0.8956 0.8956
31800 56.89 58.80 0.00 0.2332 0.3499 0.3499
31825 56.82 58.65 0.00 -2.6649 0.1397 0.1397
31850 56.82 58.65 0.00 -2.6649 0.1397 0.1397
31875 56.69 58.47 0.00 -3.0577 0.4723 0.4723
31900 56.62 58.17 0.00 -1.0639 1.3961 1.3961
31925 56.62 58.17 0.00 -1.0639 1.3961 1.3961
31950 56.61 57.91 0.00 0.2912 1.2851 1.2851
31975 56.64 57.72 0.00 1.1041 0.9743 0.9743
32000 56.69 57.49 0.00 1.1620 1.1209 1.1209
32025 56.69 57.49 0.00 1.1620 1.1209 1.1209
32050 56.75 57.22 0.00 1.4123 0.6573 0.6573
32075 56.80 56.99 0.00 2.4085 0.4138 0.4138
32100 56.80 56.99 0.00 2.4085 0.4138 0.4138
32125 56.94 56.69 0.00 3.9775 0.7460 0.7460
32150 57.08 56.54 0.00 2.9049 0.4138 0.4138
32175 57.13 56.41 0.00 0.4247 0.3729 0.3729
32200 57.13 56.41 0.00 0.4247 0.3729 0.3729
32225 57.13 56.15 0.00 -0.0510 -0.2750 -0.2750
32250 57.13 56.15 0.00 -0.0510 -0.2750 -0.2750
32275 57.15 55.83 0.00 0.9985 -1.0014 -1.0014
32300 57.24 55.46 0.00 2.4931 -0.1132 -0.1132
32325 57.24 55.46 0.00 2.4931 -0.1132 -0.1132
32350 57.31 55.12 0.00 1.4541 -0.3511 -0.3511
32375 57.31 54.84 0.00 -1.1628 -0.5628 -0.5628
32400 57.24 54.49 0.00 -1.8643 0.5544 0.5544
32425 57.24 54.49 0.00 -1.8643 0.5544 0.5544
32450 57.19 54.07 0.00 -0.4346 0.6626 0.6626
32475 57.19 53.66 0.00 -0.4663 -0.3554 -0.3554
32500 57.15 53.31 0.00 -1.0234 0.0895 0.0895
32525 57.15 53.31 0.00 -1.0234 0.0895 0.0895
32550 57.12 52.95 0.00 -1.0667 0.6978 0.6978
32575 57.08 52.67 0.00 -0.8844 0.1820 0.1820
32600 57.08 52.67 0.00 -0.8844 0.1820 0.1820
32625 57.05 52.33 0.00 -0.2112 0.5024 0.5024
32650 57.06 51.94 0.00 0.4215 0.8368 0.8368
32675 57.06 51.94 0.00 0.4215 0.8368 0.8368
32700 57.06 51.75 0.00 -0.0719 0.6148 0.6148
32725 57.03 51.75 0.00 -1.7766 -0.4088 -0.4088
32750 57.03 51.75 0.00 -1.7766 -0.4088 -0.4088
32775 56.92 51.76 0.00 -2.7166 -0.0515 -0.0515
32800 56.82 51.80 0.00 -2.3877 0.0186 0.0186
32825 56.75 51.85 0.00 -1.5399 -0.1554 -0.1554
32850 56.75 51.85 0.00 -1.5399 -0.1554 -0.1554
32875 56.71 51.89 0.00 -0.4737 -0.4391 -0.4391
32900 56.71 51.93 0.00 -0.0042 -0.2737 -0.2737
32925 56.71 51.93 0.00 -0.0042 -0.2737 -0.2737
32950 56.71 52.00 0.00 -0.2582 -0.0581 -0.0581
32975 56.69 52.03 0.00 -0.4367 0.0064 0.0064
33000 56.69 52.03 0.00 -0.4367 0.0064 0.0064
33025 56.68 52.16 0.00 -0.7437 0.0609 0.0609
33050 56.62 52.30 0.00 -1.6857 0.0311 0.0311
33075 56.54 52.42 0.00 -2.3231 0.5972 0.5972
33100 56.54 52.42 0.00 -2.3231 0.5972 0.5972
33125 56.47 52.42 0.00 -1.5327 0.4988 0.4988
33150 56.38 52.39 0.00 -2.1098 -1.1512 -1.1512
33175 56.38 52.39 0.00 -2.1098 -1.1512 -1.1512
33200 56.29 52.35 0.00 -2.2926 0.4051 0.4051
33225 56.20 52.21 0.00 -2.5883 1.8653 1.8653
33250 56.20 52.21 0.00 -2.5883 1.8653 1.8653
33275 56.10 52.02 0.00 -2.5778 0.5105 0.5105
33300 55.99 51.90 0.00 -2.8348 -0.5903 -0.5903
33325 55.85 51.84 0.00 -4.0411 0.0021 0.0021
33350 55.85 51.84 0.00 -4.0411 0.0021 0.0021
33375 55.61 51.76 0.00 -7.0800 0.8674 0.8674
33400 55.61 51.76 0.00 -7.0800 0.8674 0.8674
33425 55.21 51.51 0.00 -12.2740 -0.1631 -0.1631
33450 54.63 51.14 0.00 -16.4635 1.5588 1.5588
33475 53.93 50.79 0.00 -17.7676 2.0398 2.0398
33500 53.93 50.79 0.00 -17.7676 2.0398 2.0398
33525 53.25 50.56 0.00 -15.9527 1.2815 1.2815
33550 52.71 50.42 0.00 -12.3373 1.2721 1.2721
33575 52.71 50.42 0.00 -12.3373 1.2721 1.2721
33600 52.30 50.44 0.00 -8.3457 0.3206 0.3206
33625 52.09 50.53 0.00 -4.0633 -0.9161 -0.9161
33650 52.01 50.58 0.00 -2.2255 -2.0241 -2.0241
33675 52.01 50.58 0.00 -2.2255 -2.0241 -2.0241
33700 51.94 50.57 0.00 -1.1291 -1.0549 -1.0549
33725 51.90 50.48 0.00 -0.9376 -0.2327 -0.2327
33750 51.87 50.37 0.00 -1.1300 -0.5350 -0.5350
33775 51.87 50.37 0.00 -1.1300 -0.5350 -0.5350
33800 51.83 50.35 0.00 -0.5571 -0.1674 -0.1674
33825 51.82 50.42 0.00 -0.1854 -0.5025 -0.5025
33850 51.82 50.42 0.00 -0.1854 -0.5025 -0.5025
33875 51.80 50.53 0.00 -0.7560 -0.6272 -0.6272
33900 51.76 50.64 0.00 -0.9236 -0.0637 -0.0637
33925 51.76 50.64 0.00 -0.9236 -0.0637 -0.0637
33950 51.75 50.73 0.00 -0.0377 0.4383 0.4383
33975 51.75 50.74 0.00 0.2942 0.5166 0.5166
34000 51.75 50.74 0.00 0.2942 0.5166 0.5166
34025 51.76 50.76 0.00 0.5536 0.7120 0.7120
34050 51.78 50.82 0.00 -0.0225 1.2166 1.2166
34075 51.73 50.85 0.00 -2.7162 -0.0751 -0.0751
