%#        Time[ms]        X[pixel],        Y[pixel],        Z[pixel],  dX/dt[pixel/s],  dY/dt[pixel/s],  dZ/dt[pixel/s] 
0 50.00 50.00 0.00 -0.8728 -0.7568 -0.7568
25 49.95 50.02 0.00 -1.6158 0.6479 0.6479
50 49.95 50.02 0.00 -1.6158 0.6479 0.6479
75 49.91 50.04 0.00 -0.1761 0.7934 0.7934
100 49.91 49.96 0.00 0.5447 -0.4818 -0.4818
125 49.95 49.86 0.00 0.6086 0.3718 0.3718
150 49.95 49.86 0.00 0.6086 0.3718 0.3718
175 49.97 49.79 0.00 0.4013 0.9625 0.9625
200 49.98 49.73 0.00 0.3869 1.0221 1.0221
225 49.98 49.73 0.00 0.3869 1.0221 1.0221
250 50.00 49.70 0.00 0.4875 0.5316 0.5316
275 50.03 49.64 0.00 1.0437 1.1309 1.1309
300 50.03 49.64 0.00 1.0437 1.1309 1.1309
325 50.07 49.59 0.00 0.7123 0.2376 0.2376
350 50.07 49.55 0.00 -0.5569 0.1552 0.1552
375 50.07 49.55 0.00 -0.5569 0.1552 0.1552
400 50.02 49.54 0.00 -1.2786 -0.7325 -0.7325
425 49.98 49.71 0.00 -0.7105 -1.4482 -1.4482
450 50.00 49.98 0.00 0.5903 0.4001 0.4001
475 50.00 49.98 0.00 0.5903 0.4001 0.4001
500 50.07 50.18 0.00 2.5960 0.3690 0.3690
525 50.19 50.41 0.00 2.7629 -1.6611 -1.6611
550 50.19 50.41 0.00 2.7629 -1.6611 -1.6611
575 50.28 50.84 0.00 2.7610 -1.4519 -1.4519
600 50.40 51.37 0.00 2.6116 -0.6674 -0.6674
625 50.40 51.37 0.00 2.6116 -0.6674 -0.6674
650 50.51 51.78 0.00 2.8795 -0.0447 -0.0447
675 50.63 52.13 0.00 2.6218 -0.6815 -0.6815
700 50.70 52.38 0.00 2.5069 -1.5616 -1.5616
725 50.70 52.38 0.00 2.5069 -1.5616 -1.5616
750 50.84 52.79 0.00 4.3320 -0.0799 -0.0799
775 51.08 53.33 0.00 7.4068 -1.3707 -1.3707
800 51.08 53.33 0.00 7.4068 -1.3707 -1.3707
825 51.48 54.14 0.00 11.2248 -3.3707 -3.3707
850 51.94 55.38 0.00 10.8612 -2.7514 -2.7514
875 51.94 55.38 0.00 10.8612 -2.7514 -2.7514
900 52.23 56.41 0.00 5.6146 1.5398 1.5398
925 52.39 57.06 0.00 2.8635 1.0767 1.0767
950 52.51 57.57 0.00 3.4906 0.8019 0.8019
975 52.51 57.57 0.00 3.4906 0.8019 0.8019
1000 52.65 57.98 0.00 4.1030 -1.0233 -1.0233
1025 52.81 58.36 0.00 3.7413 -0.8729 -0.8729
1050 52.81 58.36 0.00 3.7413 -0.8729 -0.8729
1075 52.93 58.76 0.00 2.8318 -0.3555 -0.3555
1100 53.06 59.31 0.00 2.9475 0.4212 0.4212
1125 53.16 59.81 0.00 2.4277 1.0459 1.0459
1150 53.16 59.81 0.00 2.4277 1.0459 1.0459
1175 53.25 60.11 0.00 1.4196 0.9450 0.9450
1200 53.30 60.34 0.00 2.1003 -0.3589 -0.3589
1225 53.30 60.34 0.00 2.1003 -0.3589 -0.3589
1250 53.46 60.70 0.00 5.3719 -0.6536 -0.6536
1275 53.79 61.46 0.00 10.3325 -0.9938 -0.9938
1300 54.33 62.75 0.00 14.9257 -2.6712 -2.6712
1325 54.33 62.75 0.00 14.9257 -2.6712 -2.6712
1350 54.96 64.27 0.00 15.5521 -1.6823 -1.6823
1375 54.96 64.27 0.00 15.5521 -1.6823 -1.6823
1400 55.52 65.48 0.00 12.6705 1.4021 1.4021
1425 55.91 66.16 0.00 8.7133 1.4508 1.4508
1450 56.20 66.51 0.00 6.7545 0.6279 0.6279
1475 56.20 66.51 0.00 6.7545 0.6279 0.6279
1500 56.40 66.74 0.00 6.3753 -0.7858 -0.7858
1525 56.62 67.07 0.00 5.3296 -0.9796 -0.9796
1550 56.62 67.07 0.00 5.3296 -0.9796 -0.9796
1575 56.82 67.40 0.00 4.4557 -1.2938 -1.2938
1600 56.98 67.77 0.00 4.2700 -1.6227 -1.6227
1625 56.98 67.77 0.00 4.2700 -1.6227 -1.6227
1650 57.17 68.30 0.00 4.7338 -0.9600 -0.9600
1675 57.40 69.09 0.00 6.9476 -1.6692 -1.6692
1700 57.71 70.05 0.00 8.3047 -4.0498 -4.0498
1725 57.71 70.05 0.00 8.3047 -4.0498 -4.0498
1750 58.08 70.93 0.00 9.7432 -2.0510 -2.0510
1775 58.49 71.64 0.00 10.0931 0.3803 0.3803
1800 58.85 72.13 0.00 9.0617 -0.2998 -0.2998
1825 58.85 72.13 0.00 9.0617 -0.2998 -0.2998
1850 59.21 72.56 0.00 8.6091 1.2906 1.2906
1875 59.56 73.00 0.00 8.6170 0.9933 0.9933
1900 59.56 73.00 0.00 8.6170 0.9933 0.9933
1925 59.91 73.43 0.00 9.5200 0.5224 0.5224
1950 60.32 73.77 0.00 10.3232 -0.0691 -0.0691
1975 60.32 73.77 0.00 10.3232 -0.0691 -0.0691
2000 60.74 73.97 0.00 10.5499 0.0406 0.0406
2025 61.15 74.08 0.00 9.6368 -0.3168 -0.3168
2050 61.15 74.08 0.00 9.6368 -0.3168 -0.3168
2075 61.50 74.16 0.00 9.0760 -0.3511 -0.3511
2100 61.85 74.12 0.00 8.5976 -0.0416 -0.0416
2125 61.85 74.12 0.00 8.5976 -0.0416 -0.0416
2150 62.17 73.95 0.00 7.5291 0.0777 0.0777
2175 62.49 73.74 0.00 8.3224 0.1805 0.1805
2200 62.88 73.46 0.00 10.2673 -0.2090 -0.2090
2225 62.88 73.46 0.00 10.2673 -0.2090 -0.2090
2250 63.18 73.27 0.00 9.6001 -0.7237 -0.7237
2275 63.48 73.10 0.00 6.9698 0.3548 0.3548
2300 63.73 72.94 0.00 5.7176 0.6141 0.6141
2325 63.73 72.94 0.00 5.7176 0.6141 0.6141
2350 63.93 72.73 0.00 4.0060 0.3350 0.3350
2375 64.02 72.34 0.00 1.7423 0.7518 0.7518
2400 64.02 72.34 0.00 1.7423 0.7518 0.7518
2425 64.05 71.88 0.00 -0.3949 -0.5092 -0.5092
2450 63.97 71.59 0.00 -2.8876 -1.8543 -1.8543
2475 63.97 71.59 0.00 -2.8876 -1.8543 -1.8543
2500 63.82 71.56 0.00 -3.8023 0.4163 0.4163
2525 63.68 71.56 0.00 -3.5553 -0.5015 -0.5015
2550 63.54 71.64 0.00 -3.4341 -1.0677 -1.0677
2575 63.54 71.64 0.00 -3.4341 -1.0677 -1.0677
2600 63.38 71.71 0.00 -5.0440 -0.0841 -0.0841
2625 63.13 71.78 0.00 -6.8052 1.0208 1.0208
2650 63.13 71.78 0.00 -6.8052 1.0208 1.0208
2675 62.83 71.78 0.00 -7.6279 0.9052 0.9052
2700 62.56 71.63 0.00 -5.5338 1.0809 1.0809
2725 62.56 71.63 0.00 -5.5338 1.0809 1.0809
2750 62.40 71.51 0.00 -2.8440 0.0253 0.0253
2775 62.35 71.40 0.00 -0.5970 -0.0665 -0.0665
2800 62.35 71.40 0.00 -0.5970 -0.0665 -0.0665
2825 62.33 71.30 0.00 -0.6572 -0.1609 -0.1609
2850 62.30 71.23 0.00 -0.8823 0.8739 0.8739
2875 62.28 71.12 0.00 -0.2909 0.4887 0.4887
2900 62.28 71.12 0.00 -0.2909 0.4887 0.4887
2925 62.26 70.98 0.00 -0.5051 -0.2363 -0.2363
2950 62.21 70.75 0.00 -1.9214 -0.3059 -0.3059
2975 62.10 70.57 0.00 -3.0541 0.4049 0.4049
3000 62.10 70.57 0.00 -3.0541 0.4049 0.4049
3025 62.00 70.48 0.00 -1.9813 0.2880 0.2880
3050 61.96 70.43 0.00 -0.3211 -0.3899 -0.3899
3075 61.96 70.43 0.00 -0.3211 -0.3899 -0.3899
3100 61.98 70.39 0.00 0.5954 -0.8122 -0.8122
3125 61.96 70.43 0.00 -1.6635 0.0237 0.0237
3150 61.96 70.43 0.00 -1.6635 0.0237 0.0237
3175 61.80 70.44 0.00 -6.0861 -0.1253 -0.1253
3200 61.41 70.51 0.00 -11.2973 1.0951 1.0951
3225 61.41 70.51 0.00 -11.2973 1.0951 1.0951
3250 60.83 70.65 0.00 -17.0316 1.5572 1.5572
3275 60.05 70.75 0.00 -20.4019 2.1977 2.1977
3300 59.22 70.92 0.00 -20.5101 0.5688 0.5688
3325 59.22 70.92 0.00 -20.5101 0.5688 0.5688
3350 58.43 71.18 0.00 -19.2165 1.1141 1.1141
3375 57.66 71.40 0.00 -18.7446 1.8175 1.8175
3400 57.66 71.40 0.00 -18.7446 1.8175 1.8175
3425 56.96 71.65 0.00 -17.4348 0.6716 0.6716
3450 56.26 71.77 0.00 -17.5729 1.2239 1.2239
3475 56.26 71.77 0.00 -17.5729 1.2239 1.2239
3500 55.56 71.76 0.00 -17.4443 1.8233 1.8233
3525 54.94 71.80 0.00 -13.3225 1.2574 1.2574
3550 54.52 71.87 0.00 -8.8118 -1.6256 -1.6256
3575 54.52 71.87 0.00 -8.8118 -1.6256 -1.6256
3600 54.23 71.90 0.00 -6.8525 0.7339 0.7339
3625 53.96 72.00 0.00 -6.7142 0.6954 0.6954
3650 53.96 72.00 0.00 -6.7142 0.6954 0.6954
3675 53.67 72.20 0.00 -8.2967 -0.3096 -0.3096
3700 53.28 72.48 0.00 -9.6832 0.7175 0.7175
3725 53.28 72.48 0.00 -9.6832 0.7175 0.7175
3750 52.86 72.83 0.00 -11.4968 2.0376 2.0376
3775 52.36 73.14 0.00 -13.2555 2.3911 2.3911
3800 52.36 73.14 0.00 -13.2555 2.3911 2.3911
3825 51.96 73.34 0.00 -13.2757 1.8855 1.8855
3850 51.41 73.60 0.00 -13.5629 -0.1996 -0.1996
3875 50.86 73.88 0.00 -14.6393 0.6339 0.6339
3900 50.86 73.88 0.00 -14.6393 0.6339 0.6339
3925 50.26 74.21 0.00 -14.3102 0.6718 0.6718
3950 49.67 74.55 0.00 -15.6287 0.9019 0.9019
3975 49.67 74.55 0.00 -15.6287 0.9019 0.9019
4000 48.88 74.90 0.00 -22.7391 2.6423 2.6423
4025 47.91 75.29 0.00 -24.6508 3.8389 3.8389
4050 46.98 75.61 0.00 -22.3363 1.9706 1.9706
4075 46.98 75.61 0.00 -22.3363 1.9706 1.9706
4100 46.16 75.86 0.00 -19.0092 0.0214 0.0214
4125 45.56 76.15 0.00 -11.3955 -2.2815 -2.2815
4150 45.56 76.15 0.00 -11.3955 -2.2815 -2.2815
4175 45.28 76.61 0.00 -5.3440 -4.3794 -4.3794
4200 45.02 77.13 0.00 -7.4745 -1.4589 -1.4589
4225 45.02 77.13 0.00 -7.4745 -1.4589 -1.4589
4250 44.72 77.59 0.00 -7.6107 0.5809 0.5809
4275 44.32 78.11 0.00 -12.1630 -1.7550 -1.7550
4300 44.32 78.11 0.00 -12.1630 -1.7550 -1.7550
4325 43.57 78.64 0.00 -22.8289 1.1822 1.1822
4350 42.64 79.02 0.00 -21.0874 0.5518 0.5518
4375 41.95 79.33 0.00 -15.4785 -2.0977 -2.0977
4400 41.95 79.33 0.00 -15.4785 -2.0977 -2.0977
4425 41.39 79.68 0.00 -13.6840 -2.3734 -2.3734
4450 40.85 80.10 0.00 -14.1050 -1.1415 -1.1415
4475 40.85 80.10 0.00 -14.1050 -1.1415 -1.1415
4500 40.28 80.56 0.00 -23.6822 0.7204 0.7204
4525 38.50 81.47 0.00 -41.1757 5.3768 5.3768
4550 38.50 81.47 0.00 -41.1757 5.3768 5.3768
4575 36.85 81.98 0.00 -41.2052 3.4952 3.4952
4600 35.11 82.28 0.00 -45.4688 5.8041 5.8041
4625 33.75 82.40 0.00 -43.9745 8.6684 8.6684
4650 33.75 82.40 0.00 -43.9745 8.6684 8.6684
4675 32.22 82.69 0.00 -34.6375 5.7797 5.7797
4700 31.00 83.02 0.00 -28.3328 1.9950 1.9950
4725 31.00 83.02 0.00 -28.3328 1.9950 1.9950
4750 30.05 83.37 0.00 -19.3635 -1.9042 -1.9042
4775 29.38 83.89 0.00 -16.1424 -2.0998 -2.0998
4800 29.38 83.89 0.00 -16.1424 -2.0998 -2.0998
4825 28.74 84.45 0.00 -15.4481 1.1835 1.1835
4850 28.27 85.12 0.00 -9.8844 -2.2510 -2.2510
4875 27.79 85.87 0.00 -15.9637 -1.3420 -1.3420
4900 27.79 85.87 0.00 -15.9637 -1.3420 -1.3420
4925 26.71 86.59 0.00 -33.1845 7.7272 7.7272
4950 25.23 87.74 0.00 -37.6754 10.2976 10.2976
4975 25.23 87.74 0.00 -37.6754 10.2976 10.2976
5000 23.84 89.48 0.00 -32.4060 7.7554 7.7554
5025 22.79 90.81 0.00 -20.9592 4.7972 4.7972
5050 22.79 90.81 0.00 -20.9592 4.7972 4.7972
5075 22.14 91.81 0.00 -15.6023 -0.2504 -0.2504
5100 21.42 92.83 0.00 -20.0658 1.8973 1.8973
5125 20.42 93.79 0.00 -29.1892 5.7843 5.7843
5150 20.42 93.79 0.00 -29.1892 5.7843 5.7843
5175 18.87 94.51 0.00 -43.9714 4.3635 4.3635
5200 17.01 95.21 0.00 -45.9403 5.7360 5.7360
5225 17.01 95.21 0.00 -45.9403 5.7360 5.7360
5250 15.55 95.95 0.00 -28.7247 3.0271 3.0271
5275 14.90 96.60 0.00 -10.1602 -2.6024 -2.6024
5300 14.90 96.60 0.00 -10.1602 -2.6024 -2.6024
5325 14.73 96.76 0.00 -0.4588 -6.4434 -6.4434
5350 14.96 96.71 0.00 9.6150 -7.8944 -7.8944
5375 15.25 96.68 0.00 9.0439 -7.3078 -7.3078
5400 15.25 96.68 0.00 9.0439 -7.3078 -7.3078
5425 15.61 96.49 0.00 8.8814 -3.3265 -3.3265
5450 16.17 96.11 0.00 18.7175 -8.8171 -8.8171
5475 16.17 96.11 0.00 18.7175 -8.8171 -8.8171
5500 17.04 95.63 0.00 23.4380 -12.5217 -12.5217
5525 17.95 95.05 0.00 22.0784 -11.0757 -11.0757
5550 17.95 95.05 0.00 22.0784 -11.0757 -11.0757
5575 18.89 94.43 0.00 24.5486 -13.3751 -13.3751
5600 19.83 93.72 0.00 21.6070 -12.5550 -12.5550
5625 20.53 92.62 0.00 15.5453 -7.4971 -7.4971
5650 20.53 92.62 0.00 15.5453 -7.4971 -7.4971
5675 21.04 91.63 0.00 10.8973 -3.8201 -3.8201
5700 21.29 90.86 0.00 2.9315 -0.9003 -0.9003
5725 21.36 89.68 0.00 3.2434 -0.7089 -0.7089
5750 21.36 89.68 0.00 3.2434 -0.7089 -0.7089
5775 21.65 88.55 0.00 8.3817 -5.3398 -5.3398
5800 21.80 87.81 0.00 -0.5468 0.1412 0.1412
5825 21.80 87.81 0.00 -0.5468 0.1412 0.1412
5850 21.65 87.40 0.00 -4.5702 0.3139 0.3139
5875 21.61 87.19 0.00 2.5158 -5.4448 -5.4448
5900 21.61 87.19 0.00 2.5158 -5.4448 -5.4448
5925 21.70 87.13 0.00 1.0291 -3.0696 -3.0696
5950 21.68 87.06 0.00 0.0764 1.0170 1.0170
5975 21.68 87.06 0.00 0.0764 1.0170 1.0170
6000 21.89 86.78 0.00 7.7150 -2.6801 -2.6801
6025 22.15 86.37 0.00 4.6198 -1.4325 -1.4325
6050 22.15 86.37 0.00 4.6198 -1.4325 -1.4325
6075 22.29 86.11 0.00 3.2004 0.1956 0.1956
6100 22.46 86.14 0.00 3.9006 -3.1484 -3.1484
6125 22.46 86.14 0.00 3.9006 -3.1484 -3.1484
6150 22.47 86.06 0.00 -1.3642 -1.4066 -1.4066
6175 22.44 85.91 0.00 -0.4473 0.1822 0.1822
6200 22.61 85.77 0.00 7.5823 -3.5746 -3.5746
6225 22.61 85.77 0.00 7.5823 -3.5746 -3.5746
6250 23.06 85.50 0.00 12.1215 -4.2617 -4.2617
6275 23.52 84.82 0.00 11.8753 -3.3674 -3.3674
6300 24.01 84.05 0.00 11.6751 -2.6204 -2.6204
6325 24.01 84.05 0.00 11.6751 -2.6204 -2.6204
6350 24.38 83.42 0.00 7.1077 -0.6181 -0.6181
6375 24.57 82.90 0.00 4.6556 1.5674 1.5674
6400 24.57 82.90 0.00 4.6556 1.5674 1.5674
6425 24.84 82.58 0.00 8.5312 -0.9188 -0.9188
6450 25.38 82.11 0.00 15.7240 -5.3809 -5.3809
6475 25.38 82.11 0.00 15.7240 -5.3809 -5.3809
6500 26.01 81.33 0.00 16.0071 -4.6190 -4.6190
6525 26.66 80.40 0.00 15.9892 -1.5841 -1.5841
6550 26.66 80.40 0.00 15.9892 -1.5841 -1.5841
6575 27.30 79.30 0.00 16.1937 -3.3523 -3.3523
6600 27.96 78.22 0.00 16.0498 -5.6158 -5.6158
6625 28.56 77.30 0.00 15.1405 -5.6308 -5.6308
6650 28.56 77.30 0.00 15.1405 -5.6308 -5.6308
6675 29.31 76.06 0.00 21.1655 -5.2897 -5.2897
6700 30.27 74.69 0.00 26.0130 -3.3161 -3.3161
6725 30.27 74.69 0.00 26.0130 -3.3161 -3.3161
6750 31.36 73.40 0.00 27.0715 -0.9288 -0.9288
6775 32.35 72.08 0.00 22.6142 -0.4601 -0.4601
6800 33.16 70.35 0.00 20.0176 -2.4553 -2.4553
6825 33.16 70.35 0.00 20.0176 -2.4553 -2.4553
6850 33.84 68.78 0.00 14.2265 -4.0624 -4.0624
6875 34.27 67.61 0.00 9.2314 -3.6156 -3.6156
6900 34.27 67.61 0.00 9.2314 -3.6156 -3.6156
6925 34.61 66.65 0.00 8.0109 -1.3468 -1.3468
6950 34.84 65.98 0.00 7.6906 -1.4415 -1.4415
6975 34.84 65.98 0.00 7.6906 -1.4415 -1.4415
7000 35.11 65.26 0.00 6.1041 -1.4136 -1.4136
7025 35.27 64.82 0.00 2.2488 -0.4084 -0.4084
7050 35.27 64.82 0.00 2.2488 -0.4084 -0.4084
7075 35.29 64.46 0.00 0.0990 -0.9999 -0.9999
7100 35.30 64.11 0.00 0.8562 -2.1436 -2.1436
7125 35.34 63.74 0.00 0.7529 -3.3422 -3.3422
7150 35.34 63.74 0.00 0.7529 -3.3422 -3.3422
7175 35.43 63.16 0.00 3.9505 -2.4261 -2.4261
7200 35.43 63.16 0.00 3.9505 -2.4261 -2.4261
7225 35.64 62.42 0.00 5.8213 -2.5653 -2.5653
7250 35.86 61.78 0.00 4.5076 -2.3204 -2.3204
7275 35.95 61.31 0.00 1.0989 -1.7171 -1.7171
7300 35.95 61.31 0.00 1.0989 -1.7171 -1.7171
7325 35.98 60.95 0.00 0.7891 -1.2326 -1.2326
7350 36.05 60.55 0.00 2.7461 -1.8846 -1.8846
7375 36.20 59.91 0.00 3.9510 -1.3255 -1.3255
7400 36.20 59.91 0.00 3.9510 -1.3255 -1.3255
7425 36.36 59.23 0.00 3.9418 -0.7153 -0.7153
7450 36.50 58.38 0.00 3.3874 -0.5137 -0.5137
7475 36.50 58.38 0.00 3.3874 -0.5137 -0.5137
7500 36.60 57.39 0.00 2.2535 -1.2609 -1.2609
7525 36.69 56.52 0.00 1.6840 -1.8786 -1.8786
7550 36.69 56.52 0.00 1.6840 -1.8786 -1.8786
7575 36.71 55.85 0.00 0.0222 -2.2453 -2.2453
7600 36.66 55.35 0.00 -2.4489 -1.3587 -1.3587
7625 36.57 55.01 0.00 -1.2264 -0.2673 -0.2673
7650 36.57 55.01 0.00 -1.2264 -0.2673 -0.2673
7675 36.57 54.43 0.00 0.6453 0.0973 0.0973
7700 36.64 53.45 0.00 2.3892 -0.3032 -0.3032
7725 36.64 53.45 0.00 2.3892 -0.3032 -0.3032
7750 36.73 52.65 0.00 2.8772 -0.0095 -0.0095
7775 36.83 51.72 0.00 2.3155 -1.0194 -1.0194
7800 36.83 51.72 0.00 2.3155 -1.0194 -1.0194
7825 36.89 51.13 0.00 0.8490 -2.6580 -2.6580
7850 36.87 50.90 0.00 -1.8947 -0.7995 -0.7995
7875 36.75 50.81 0.00 -3.0259 -0.8133 -0.8133
7900 36.75 50.81 0.00 -3.0259 -0.8133 -0.8133
7925 36.69 50.54 0.00 0.0666 -1.6459 -1.6459
7950 36.78 50.20 0.00 3.2927 -1.1530 -1.1530
7975 36.78 50.20 0.00 3.2927 -1.1530 -1.1530
8000 36.92 49.52 0.00 4.1992 -0.0592 -0.0592
8025 37.10 48.59 0.00 3.7441 -2.3729 -2.3729
8050 37.10 48.59 0.00 3.7441 -2.3729 -2.3729
8075 37.21 47.67 0.00 2.2695 -2.5467 -2.5467
8100 37.26 47.11 0.00 0.1804 -1.6400 -1.6400
8125 37.23 46.85 0.00 -1.1528 0.4705 0.4705
8150 37.23 46.85 0.00 -1.1528 0.4705 0.4705
8175 37.14 46.63 0.00 -2.5802 -0.4536 -0.4536
8200 37.07 46.34 0.00 -1.1400 -0.7069 -0.7069
8225 37.07 46.34 0.00 -1.1400 -0.7069 -0.7069
8250 37.03 45.41 0.00 -0.6300 -0.4277 -0.4277
8275 37.03 44.26 0.00 0.0900 -0.8818 -0.8818
8300 37.03 44.26 0.00 0.0900 -0.8818 -0.8818
8325 37.05 43.09 0.00 0.7569 -1.0053 -1.0053
8350 37.07 42.11 0.00 0.1228 -1.8936 -1.8936
8375 37.07 42.11 0.00 0.1228 -1.8936 -1.8936
8400 37.05 41.50 0.00 -1.6758 -2.1407 -2.1407
8425 36.91 41.09 0.00 -3.8322 -3.0238 -3.0238
8450 36.76 40.88 0.00 -3.2689 -2.9657 -2.9657
8475 36.76 40.88 0.00 -3.2689 -2.9657 -2.9657
8500 36.67 40.68 0.00 -2.6458 -3.2206 -3.2206
8525 36.62 40.14 0.00 -1.2623 -0.9193 -0.9193
8550 36.62 40.14 0.00 -1.2623 -0.9193 -0.9193
8575 36.59 39.13 0.00 0.2088 -0.4460 -0.4460
8600 36.67 38.02 0.00 2.8982 -0.7673 -0.7673
8625 36.82 37.16 0.00 3.8182 -1.4046 -1.4046
8650 36.82 37.16 0.00 3.8182 -1.4046 -1.4046
8675 36.91 36.79 0.00 1.6966 -1.6852 -1.6852
8700 36.94 36.73 0.00 0.1456 -0.3793 -0.3793
8725 36.94 36.73 0.00 0.1456 -0.3793 -0.3793
8750 36.91 36.60 0.00 -1.6913 1.0007 1.0007
8775 36.82 36.39 0.00 -1.5090 0.3550 0.3550
8800 36.82 36.39 0.00 -1.5090 0.3550 0.3550
8825 36.78 36.12 0.00 -0.7077 -0.5990 -0.5990
8850 36.75 35.70 0.00 -0.7797 -1.3683 -1.3683
8875 36.71 35.36 0.00 -1.6001 -1.4079 -1.4079
8900 36.71 35.36 0.00 -1.6001 -1.4079 -1.4079
8925 36.59 35.12 0.00 -4.2649 -3.4915 -3.4915
8950 36.44 35.08 0.00 -2.4032 -0.1003 -0.1003
8975 36.44 35.08 0.00 -2.4032 -0.1003 -0.1003
9000 36.39 35.02 0.00 -1.1969 0.8522 0.8522
9025 36.34 34.67 0.00 -1.6840 0.4939 0.4939
9050 36.21 34.28 0.00 -3.4067 -1.6507 -1.6507
9075 36.21 34.28 0.00 -3.4067 -1.6507 -1.6507
9100 36.11 34.01 0.00 -2.2590 -0.8878 -0.8878
9125 36.03 33.87 0.00 -1.7397 0.3733 0.3733
9150 36.03 33.87 0.00 -1.7397 0.3733 0.3733
9175 35.96 33.56 0.00 -1.4846 -0.7047 -0.7047
9200 35.95 33.33 0.00 -0.1274 -1.7131 -1.7131
9225 35.95 33.33 0.00 -0.1274 -1.7131 -1.7131
9250 35.95 33.00 0.00 -0.1301 -1.0500 -1.0500
9275 35.89 32.56 0.00 -1.7562 -0.6896 -0.6896
9300 35.89 32.56 0.00 -1.7562 -0.6896 -0.6896
9325 35.84 32.18 0.00 -2.2316 -0.7106 -0.7106
9350 35.73 31.69 0.00 -2.4241 -1.3282 -1.3282
9375 35.73 31.69 0.00 -2.4241 -1.3282 -1.3282
9400 35.61 31.18 0.00 -3.5731 -2.3793 -2.3793
9425 35.48 30.92 0.00 -2.6447 -1.5253 -1.5253
9450 35.38 30.68 0.00 -2.9490 -0.7333 -0.7333
9475 35.38 30.68 0.00 -2.9490 -0.7333 -0.7333
9500 35.23 30.34 0.00 -4.2721 -1.8405 -1.8405
9525 35.05 30.11 0.00 -4.0850 -0.8108 -0.8108
9550 35.05 30.11 0.00 -4.0850 -0.8108 -0.8108
9575 34.91 29.79 0.00 -3.3797 0.4396 0.4396
9600 34.79 29.43 0.00 -3.0016 1.1778 1.1778
9625 34.54 28.67 0.00 -9.6462 -1.7809 -1.7809
9650 34.54 28.67 0.00 -9.6462 -1.7809 -1.7809
9675 34.02 27.28 0.00 -14.5836 -6.2759 -6.2759
9700 33.48 26.26 0.00 -12.1075 -7.7745 -7.7745
9725 33.48 26.26 0.00 -12.1075 -7.7745 -7.7745
9750 33.07 25.63 0.00 -9.0043 -6.5866 -6.5866
9775 32.78 25.18 0.00 -6.0497 -2.8518 -2.8518
9800 32.78 25.18 0.00 -6.0497 -2.8518 -2.8518
9825 32.60 24.93 0.00 -3.6562 -2.4255 -2.4255
9850 32.53 24.47 0.00 -0.8995 -1.0919 -1.0919
9875 32.48 23.96 0.00 -1.9295 -1.7031 -1.7031
9900 32.48 23.96 0.00 -1.9295 -1.7031 -1.7031
9925 32.37 23.48 0.00 -3.1218 -2.9614 -2.9614
9950 32.19 23.01 0.00 -5.2822 -3.8873 -3.8873
9975 32.19 23.01 0.00 -5.2822 -3.8873 -3.8873
10000 32.01 22.73 0.00 -6.5893 -2.4215 -2.4215
10025 31.74 22.67 0.00 -3.5885 -0.3866 -0.3866
10050 31.74 22.67 0.00 -3.5885 -0.3866 -0.3866
10075 31.65 22.68 0.00 -3.4756 -2.8185 -2.8185
10100 31.41 22.54 0.00 -7.5584 -4.7613 -4.7613
10125 31.03 22.30 0.00 -9.8588 -5.5408 -5.5408
10150 31.03 22.30 0.00 -9.8588 -5.5408 -5.5408
10175 30.63 22.15 0.00 -10.3876 -4.5354 -4.5354
10200 30.25 22.03 0.00 -8.6491 -2.1577 -2.1577
10225 30.25 22.03 0.00 -8.6491 -2.1577 -2.1577
10250 29.87 21.90 0.00 -10.3154 -1.2061 -1.2061
10275 29.44 21.63 0.00 -10.2302 -1.8755 -1.8755
10300 29.15 21.31 0.00 -5.1980 -0.7650 -0.7650
10325 29.15 21.31 0.00 -5.1980 -0.7650 -0.7650
10350 29.09 20.89 0.00 0.8999 -1.1187 -1.1187
10375 29.18 20.54 0.00 1.0811 -1.9627 -1.9627
10400 29.18 20.54 0.00 1.0811 -1.9627 -1.9627
10425 29.04 19.93 0.00 -6.7769 -4.8767 -4.8767
10450 28.73 19.31 0.00 -8.1491 -3.5476 -3.5476
10475 28.73 19.31 0.00 -8.1491 -3.5476 -3.5476
10500 28.34 18.91 0.00 -10.2809 -4.1346 -4.1346
10525 27.87 18.74 0.00 -13.3350 -3.6969 -3.6969
10550 27.87 18.74 0.00 -13.3350 -3.6969 -3.6969
10575 27.26 18.53 0.00 -16.0089 -3.4695 -3.4695
10600 26.62 18.25 0.00 -16.0579 -3.7162 -3.7162
10625 26.62 18.25 0.00 -16.0579 -3.7162 -3.7162
10650 26.01 17.93 0.00 -15.1111 -3.6366 -3.6366
10675 25.23 17.52 0.00 -21.8429 -7.1791 -7.1791
10700 24.16 16.92 0.00 -29.7620 -6.7218 -6.7218
10725 24.16 16.92 0.00 -29.7620 -6.7218 -6.7218
10750 23.26 16.47 0.00 -29.4726 -5.5123 -5.5123
10775 22.23 16.03 0.00 -22.6302 -4.8962 -4.8962
10800 22.23 16.03 0.00 -22.6302 -4.8962 -4.8962
10825 21.51 15.83 0.00 -15.5438 -4.0439 -4.0439
10850 21.04 15.75 0.00 -9.4526 -1.8784 -1.8784
10875 20.76 15.69 0.00 -5.8321 -3.7270 -3.7270
10900 20.76 15.69 0.00 -5.8321 -3.7270 -3.7270
10925 20.51 15.61 0.00 -7.2896 -4.4192 -4.4192
10950 20.15 15.50 0.00 -10.3928 -2.6324 -2.6324
10975 20.15 15.50 0.00 -10.3928 -2.6324 -2.6324
11000 19.73 15.37 0.00 -9.7163 -2.1107 -2.1107
11025 19.43 15.36 0.00 -5.4561 -2.0014 -2.0014
11050 19.43 15.36 0.00 -5.4561 -2.0014 -2.0014
11075 19.37 15.48 0.00 0.3610 -1.0133 -1.0133
11100 19.41 15.64 0.00 0.7703 -0.8234 -0.8234
11125 19.43 15.78 0.00 0.3157 0.0850 0.0850
11150 19.43 15.78 0.00 0.3157 0.0850 0.0850
11175 19.45 15.89 0.00 0.9858 1.5203 1.5203
11200 19.48 15.98 0.00 0.2490 1.3097 1.3097
11225 19.48 15.98 0.00 0.2490 1.3097 1.3097
11250 19.43 16.00 0.00 -2.0216 1.0257 1.0257
11275 19.37 16.01 0.00 -1.7672 -0.4963 -0.4963
11300 19.37 16.01 0.00 -1.7672 -0.4963 -0.4963
11325 19.26 16.04 0.00 -3.6317 0.5641 0.5641
11350 19.01 16.03 0.00 -7.3822 1.5476 1.5476
11375 18.64 15.98 0.00 -10.9072 -0.3314 -0.3314
11400 18.64 15.98 0.00 -10.9072 -0.3314 -0.3314
11425 18.03 15.76 0.00 -17.3371 -2.9036 -2.9036
11450 17.16 15.41 0.00 -25.3506 -4.6764 -4.6764
11475 16.04 14.87 0.00 -28.5811 -2.2226 -2.2226
11500 16.04 14.87 0.00 -28.5811 -2.2226 -2.2226
11525 15.00 14.28 0.00 -22.2977 -1.2838 -1.2838
11550 14.43 13.69 0.00 -9.6508 2.1824 2.1824
11575 14.43 13.69 0.00 -9.6508 2.1824 2.1824
11600 14.25 13.28 0.00 -2.2449 3.1569 3.1569
11625 14.21 13.04 0.00 -1.2234 1.4714 1.4714
11650 14.21 13.04 0.00 -1.2234 1.4714 1.4714
11675 14.16 12.80 0.00 -1.2332 -0.8574 -0.8574
11700 14.12 12.59 0.00 -0.4819 -0.7490 -0.7490
11725 14.12 12.59 0.00 -0.4819 -0.7490 -0.7490
11750 14.16 12.46 0.00 1.5768 0.0752 0.0752
11775 14.29 12.43 0.00 4.5129 1.7677 1.7677
11800 14.29 12.43 0.00 4.5129 1.7677 1.7677
11825 14.53 12.57 0.00 6.3618 2.6746 2.6746
11850 14.75 12.74 0.00 5.2023 1.5783 1.5783
11875 14.90 12.90 0.00 2.8001 1.6100 1.6100
11900 14.90 12.90 0.00 2.8001 1.6100 1.6100
11925 15.00 13.03 0.00 1.9076 1.5874 1.5874
11950 14.98 13.12 0.00 -1.5248 0.1992 0.1992
11975 14.98 13.12 0.00 -1.5248 0.1992 0.1992
12000 14.92 13.18 0.00 -1.6408 -1.6530 -1.6530
12025 14.84 13.23 0.00 -1.8275 -3.7272 -3.7272
12050 14.82 13.30 0.00 0.4264 -0.4907 -0.4907
12075 14.82 13.30 0.00 0.4264 -0.4907 -0.4907
12100 14.90 13.45 0.00 2.4628 -0.7105 -0.7105
12125 14.98 13.78 0.00 1.6190 -3.1295 -3.1295
12150 14.98 13.78 0.00 1.6190 -3.1295 -3.1295
12175 15.08 14.20 0.00 2.8756 1.7714 1.7714
12200 15.20 14.60 0.00 3.5165 3.5911 3.5911
12225 15.33 14.94 0.00 3.3493 2.6775 2.6775
12250 15.33 14.94 0.00 3.3493 2.6775 2.6775
12275 15.45 15.18 0.00 2.6752 0.9872 0.9872
12300 15.53 15.40 0.00 2.2025 -0.2479 -0.2479
12325 15.53 15.40 0.00 2.2025 -0.2479 -0.2479
12350 15.63 15.81 0.00 2.3912 0.9287 0.9287
12375 15.70 16.23 0.00 1.9223 1.5814 1.5814
12400 15.70 16.23 0.00 1.9223 1.5814 1.5814
12425 15.86 16.72 0.00 5.1919 5.0385 5.0385
12450 16.11 17.37 0.00 6.7132 5.7926 5.7926
12475 16.11 17.37 0.00 6.7132 5.7926 5.7926
12500 16.39 18.07 0.00 6.3255 7.2891 7.2891
12525 16.60 18.69 0.00 4.7463 7.4801 7.4801
12550 16.77 19.31 0.00 4.0836 5.9094 5.9094
12575 16.77 19.31 0.00 4.0836 5.9094 5.9094
12600 16.95 19.91 0.00 3.8730 3.3149 3.3149
12625 17.04 20.40 0.00 1.5042 2.2464 2.2464
12650 17.04 20.40 0.00 1.5042 2.2464 2.2464
12675 17.06 20.88 0.00 -0.0014 1.3646 1.3646
12700 17.04 21.39 0.00 -0.7084 1.0666 1.0666
12725 17.04 21.88 0.00 0.6199 2.0077 2.0077
12750 17.04 21.88 0.00 0.6199 2.0077 2.0077
12775 17.12 22.36 0.00 3.1329 1.8490 1.8490
12800 17.12 22.36 0.00 3.1329 1.8490 1.8490
12825 17.30 22.89 0.00 5.3756 2.5098 2.5098
12850 17.53 23.33 0.00 5.6907 4.2042 4.2042
12875 17.76 23.67 0.00 5.8770 4.0612 4.0612
12900 17.76 23.67 0.00 5.8770 4.0612 4.0612
12925 18.03 23.93 0.00 6.7739 2.8523 2.8523
12950 18.35 24.20 0.00 9.8141 2.6237 2.6237
12975 18.85 24.57 0.00 14.9668 2.8297 2.8297
13000 18.85 24.57 0.00 14.9668 2.8297 2.8297
13025 19.62 25.08 0.00 21.5570 4.3760 4.3760
13050 20.61 25.62 0.00 25.7824 8.3609 8.3609
13075 20.61 25.62 0.00 25.7824 8.3609 8.3609
13100 21.72 26.23 0.00 28.9249 9.2140 9.2140
13125 22.57 26.64 0.00 27.4072 8.5802 8.5802
13150 22.57 26.64 0.00 27.4072 8.5802 8.5802
13175 23.90 27.15 0.00 26.3343 7.1981 7.1981
13200 24.68 27.42 0.00 25.4699 6.6282 6.6282
13225 25.70 27.86 0.00 25.2302 4.6754 4.6754
13250 25.70 27.86 0.00 25.2302 4.6754 4.6754
13275 26.78 28.37 0.00 29.3840 3.7548 3.7548
13300 28.03 29.01 0.00 31.5906 2.8710 2.8710
13325 28.03 29.01 0.00 31.5906 2.8710 2.8710
13350 29.24 29.95 0.00 29.3003 2.9148 2.9148
13375 30.36 31.05 0.00 27.1910 6.5136 6.5136
13400 30.36 31.05 0.00 27.1910 6.5136 6.5136
13425 31.36 32.05 0.00 23.1693 6.6735 6.6735
13450 32.17 33.07 0.00 18.2225 6.0911 6.0911
13475 32.17 33.07 0.00 18.2225 6.0911 6.0911
13500 32.80 34.01 0.00 14.4369 5.9035 5.9035
13525 33.28 34.94 0.00 11.1283 2.2804 2.2804
13550 33.68 35.93 0.00 8.8378 0.4941 0.4941
13575 33.68 35.93 0.00 8.8378 0.4941 0.4941
13600 34.02 36.90 0.00 8.3585 2.1082 2.1082
13625 34.02 36.90 0.00 8.3585 2.1082 2.1082
13650 34.41 38.00 0.00 10.9547 2.5910 2.5910
13675 34.93 39.24 0.00 14.2319 1.8724 1.8724
13700 35.55 40.64 0.00 15.0734 1.8634 1.8634
13725 35.55 40.64 0.00 15.0734 1.8634 1.8634
13750 36.16 42.16 0.00 15.4048 2.5139 2.5139
13775 36.83 43.74 0.00 17.9019 3.4827 3.4827
13800 36.83 43.74 0.00 17.9019 3.4827 3.4827
13825 37.62 45.23 0.00 21.1704 3.9999 3.9999
13850 38.52 46.68 0.00 22.6395 5.6908 5.6908
13875 39.42 47.82 0.00 21.9426 6.3215 6.3215
13900 39.42 47.82 0.00 21.9426 6.3215 6.3215
13925 40.05 48.51 0.00 21.3066 5.4951 5.4951
13950 40.97 49.46 0.00 24.7097 5.9779 5.9779
13975 40.97 49.46 0.00 24.7097 5.9779 5.9779
14000 42.15 50.30 0.00 31.6571 4.2601 4.2601
14025 43.45 51.00 0.00 32.3603 2.1160 2.1160
14050 44.69 51.69 0.00 30.7262 2.8763 2.8763
14075 44.69 51.69 0.00 30.7262 2.8763 2.8763
14100 45.86 52.32 0.00 27.9208 2.2476 2.2476
14125 46.89 52.98 0.00 24.3111 0.0946 0.0946
14150 46.89 52.98 0.00 24.3111 0.0946 0.0946
14175 47.77 53.70 0.00 20.3045 1.1180 1.1180
14200 48.41 54.18 0.00 13.6514 2.5661 2.5661
14225 48.41 54.18 0.00 13.6514 2.5661 2.5661
14250 48.81 54.59 0.00 8.4720 2.1953 2.1953
14275 49.11 55.17 0.00 7.6150 1.7436 1.7436
14300 49.51 56.12 0.00 12.0279 0.5527 0.5527
14325 49.51 56.12 0.00 12.0279 0.5527 0.5527
14350 50.16 57.56 0.00 18.9451 1.5848 1.5848
14375 51.03 59.47 0.00 22.3147 1.6049 1.6049
14400 51.03 59.47 0.00 22.3147 1.6049 1.6049
14425 51.89 61.35 0.00 20.8589 3.3790 3.3790
14450 52.71 63.22 0.00 20.9154 3.2702 3.2702
14475 52.71 63.22 0.00 20.9154 3.2702 3.2702
14500 53.51 64.78 0.00 19.1008 4.1994 4.1994
14525 54.26 65.82 0.00 18.9820 4.4386 4.4386
14550 55.08 66.79 0.00 22.0873 2.0689 2.0689
14575 55.08 66.79 0.00 22.0873 2.0689 2.0689
14600 56.03 67.71 0.00 23.8115 -0.0091 -0.0091
14625 57.01 68.45 0.00 24.9726 -0.7585 -0.7585
14650 57.01 68.45 0.00 24.9726 -0.7585 -0.7585
14675 58.08 69.12 0.00 28.8423 -1.6992 -1.6992
14700 59.10 69.67 0.00 36.6079 -3.3760 -3.3760
14725 59.10 69.67 0.00 36.6079 -3.3760 -3.3760
14750 60.81 70.76 0.00 46.1319 -5.7513 -5.7513
14775 62.72 71.99 0.00 47.9036 -5.2782 -5.2782
14800 64.59 72.91 0.00 46.0454 -4.8595 -4.8595
14825 64.59 72.91 0.00 46.0454 -4.8595 -4.8595
14850 66.34 73.35 0.00 41.4604 -3.6431 -3.6431
14875 67.76 73.55 0.00 31.1902 -2.5917 -2.5917
14900 67.76 73.55 0.00 31.1902 -2.5917 -2.5917
14925 68.79 73.78 0.00 23.7272 -0.4304 -0.4304
14950 69.66 74.10 0.00 20.3707 -0.1535 -0.1535
14975 69.66 74.10 0.00 20.3707 -0.1535 -0.1535
15000 70.49 74.58 0.00 22.7772 -0.2016 -0.2016
15025 71.60 75.27 0.00 30.7935 -2.4701 -2.4701
15050 72.94 76.48 0.00 34.7015 -5.6721 -5.6721
15075 72.94 76.48 0.00 34.7015 -5.6721 -5.6721
15100 74.28 78.14 0.00 31.9707 -4.3628 -4.3628
15125 75.34 79.61 0.00 21.7259 -0.0218 -0.0218
15150 75.34 79.61 0.00 21.7259 -0.0218 -0.0218
15175 75.97 81.00 0.00 12.7140 3.4643 3.4643
15200 76.40 82.69 0.00 10.3390 4.3754 4.3754
15225 76.40 82.69 0.00 10.3390 4.3754 4.3754
15250 76.89 85.01 0.00 14.3364 0.2421 0.2421
15275 77.69 87.44 0.00 24.4399 -5.3418 -5.3418
15300 78.81 89.80 0.00 29.2627 -13.2181 -13.2181
15325 78.81 89.80 0.00 29.2627 -13.2181 -13.2181
15350 79.94 91.57 0.00 27.5908 -9.2929 -9.2929
15375 80.94 92.54 0.00 21.8633 -2.1044 -2.1044
15400 80.94 92.54 0.00 21.8633 -2.1044 -2.1044
15425 81.61 93.33 0.00 14.8157 0.0953 0.0953
15450 82.30 94.00 0.00 19.8323 2.8086 2.8086
15475 83.48 94.62 0.00 36.7187 1.1888 1.1888
15500 83.48 94.62 0.00 36.7187 1.1888 1.1888
15525 84.98 95.16 0.00 58.6527 -4.5859 -4.5859
15550 87.83 96.15 0.00 75.9354 -12.9520 -12.9520
15575 87.83 96.15 0.00 75.9354 -12.9520 -12.9520
15600 90.69 97.00 0.00 65.3440 -10.1712 -10.1712
15625 92.57 97.30 0.00 34.3852 1.8278 1.8278
15650 92.57 97.30 0.00 34.3852 1.8278 1.8278
15675 93.23 96.88 0.00 6.7286 10.7420 10.7420
15700 93.05 95.89 0.00 -9.8604 10.6642 10.6642
15725 93.05 95.89 0.00 -9.8604 10.6642 10.6642
15750 92.39 95.13 0.00 -20.5055 8.3569 8.3569
15775 91.38 94.56 0.00 -27.0056 12.7616 12.7616
15800 90.32 94.06 0.00 -25.3415 9.1016 9.1016
15825 90.32 94.06 0.00 -25.3415 9.1016 9.1016
15850 89.29 93.61 0.00 -26.5465 4.6294 4.6294
15875 88.13 92.90 0.00 -31.2521 6.0602 6.0602
15900 88.13 92.90 0.00 -31.2521 6.0602 6.0602
15925 86.63 92.00 0.00 -42.6515 9.2932 9.2932
15950 84.63 90.65 0.00 -52.0740 15.3392 15.3392
15975 84.63 90.65 0.00 -52.0740 15.3392 15.3392
16000 82.69 89.31 0.00 -44.7438 15.7500 15.7500
16025 81.15 88.42 0.00 -35.0660 7.7370 7.7370
16050 80.06 88.02 0.00 -22.3051 4.4617 4.4617
16075 80.06 88.02 0.00 -22.3051 4.4617 4.4617
16100 79.39 87.48 0.00 -14.2848 -0.2663 -0.2663
16125 78.81 86.63 0.00 -14.6225 1.0343 1.0343
16150 78.81 86.63 0.00 -14.6225 1.0343 1.0343
16175 78.33 85.24 0.00 -10.0431 3.3365 3.3365
16200 78.03 84.09 0.00 -5.7465 0.9139 0.9139
16225 78.03 84.09 0.00 -5.7465 0.9139 0.9139
16250 77.92 83.51 0.00 -0.4809 -0.8118 -0.8118
16275 78.05 83.34 0.00 4.7971 -1.5434 -1.5434
16300 78.05 83.34 0.00 4.7971 -1.5434 -1.5434
16325 78.20 83.33 0.00 5.3525 -0.7160 -0.7160
16350 78.43 83.49 0.00 6.1496 0.7350 0.7350
16375 78.81 83.70 0.00 11.5230 -1.4165 -1.4165
16400 78.81 83.70 0.00 11.5230 -1.4165 -1.4165
16425 79.36 83.92 0.00 15.1316 -1.9551 -1.9551
16450 80.06 84.01 0.00 18.1324 0.4088 0.4088
16475 80.63 83.95 0.00 11.1723 2.7578 2.7578
16500 80.63 83.95 0.00 11.1723 2.7578 2.7578
16525 80.82 83.88 0.00 1.0158 3.5773 3.5773
16550 80.84 83.89 0.00 1.4096 1.0915 1.0915
16575 80.84 83.89 0.00 1.4096 1.0915 1.0915
16600 80.96 83.72 0.00 3.4575 -1.5598 -1.5598
16625 80.99 83.52 0.00 -1.0361 0.8069 0.8069
16650 80.99 83.52 0.00 -1.0361 0.8069 0.8069
16675 80.88 83.15 0.00 -1.7494 4.8009 4.8009
16700 81.03 82.22 0.00 6.6133 5.0387 5.0387
16725 81.03 82.22 0.00 6.6133 5.0387 5.0387
16750 81.36 81.22 0.00 8.0763 4.6654 4.6654
16775 81.61 80.42 0.00 6.5379 4.0799 4.0799
16800 81.61 80.42 0.00 6.5379 4.0799 4.0799
16825 82.03 79.62 0.00 13.7570 3.6855 3.6855
16850 82.72 78.98 0.00 18.8429 -0.2149 -0.2149
16875 83.42 78.46 0.00 16.0556 2.3465 2.3465
16900 83.42 78.46 0.00 16.0556 2.3465 2.3465
16925 83.96 77.94 0.00 13.2347 2.2979 2.2979
16950 84.55 77.22 0.00 14.5599 2.3095 2.3095
16975 84.55 77.22 0.00 14.5599 2.3095 2.3095
17000 85.02 76.41 0.00 8.8446 3.9470 3.9470
17025 85.18 75.56 0.00 2.6936 6.8084 6.8084
17050 85.35 74.91 0.00 4.9864 6.3426 6.3426
17075 85.35 74.91 0.00 4.9864 6.3426 6.3426
17100 85.51 74.63 0.00 4.9102 3.5049 3.5049
17125 85.49 74.37 0.00 -4.1355 3.1715 3.1715
17150 85.49 74.37 0.00 -4.1355 3.1715 3.1715
17175 85.14 74.10 0.00 -11.8994 1.1681 1.1681
17200 85.14 74.10 0.00 -11.8994 1.1681 1.1681
17225 84.61 73.82 0.00 -14.1131 2.1066 2.1066
17250 83.98 73.58 0.00 -15.8511 2.5991 2.5991
17275 83.38 73.27 0.00 -14.6451 2.8695 2.8695
17300 83.38 73.27 0.00 -14.6451 2.8695 2.8695
17325 82.70 72.88 0.00 -18.8819 2.5702 2.5702
17350 81.76 72.39 0.00 -26.7253 3.4863 3.4863
17375 81.76 72.39 0.00 -26.7253 3.4863 3.4863
17400 80.53 71.91 0.00 -32.6830 4.0066 4.0066
17425 79.22 71.20 0.00 -31.7223 5.2470 5.2470
17450 78.13 70.55 0.00 -22.7390 5.8488 5.8488
17475 78.13 70.55 0.00 -22.7390 5.8488 5.8488
17500 77.51 70.16 0.00 -11.4078 1.6171 1.6171
17525 77.26 69.88 0.00 -3.1906 2.1931 2.1931
17550 77.26 69.88 0.00 -3.1906 2.1931 2.1931
17575 77.23 69.63 0.00 0.4254 1.9919 1.9919
17600 77.30 69.57 0.00 1.7753 -0.4485 -0.4485
17625 77.32 69.48 0.00 -0.4852 -0.2001 -0.2001
17650 77.32 69.48 0.00 -0.4852 -0.2001 -0.2001
17675 77.26 69.28 0.00 -0.8123 1.0775 1.0775
17700 77.28 68.74 0.00 0.6895 1.4973 1.4973
17725 77.28 68.74 0.00 0.6895 1.4973 1.4973
17750 77.34 68.14 0.00 2.0836 3.3425 3.3425
17775 77.43 67.65 0.00 1.7902 3.7604 3.7604
17800 77.43 67.65 0.00 1.7902 3.7604 3.7604
17825 77.49 66.91 0.00 1.3163 4.2747 4.2747
17850 77.45 66.13 0.00 -2.7351 4.0425 4.0425
17875 77.13 64.70 0.00 -10.9738 7.3299 7.3299
17900 77.13 64.70 0.00 -10.9738 7.3299 7.3299
17925 76.70 63.54 0.00 -15.7861 7.2045 7.2045
17950 75.97 62.39 0.00 -20.2581 4.2269 4.2269
17975 75.97 62.39 0.00 -20.2581 4.2269 4.2269
18000 75.16 61.21 0.00 -18.9736 3.7923 3.7923
18025 74.60 59.70 0.00 -10.5828 4.1885 4.1885
18050 74.30 58.26 0.00 -5.6068 1.9841 1.9841
18075 74.30 58.26 0.00 -5.6068 1.9841 1.9841
18100 74.08 57.09 0.00 -5.4272 1.0508 1.0508
18125 73.88 56.09 0.00 -4.8669 1.2549 1.2549
18150 73.88 56.09 0.00 -4.8669 1.2549 1.2549
18175 73.80 55.22 0.00 0.6744 1.6002 1.6002
18200 73.97 54.49 0.00 5.9709 2.0060 2.0060
18225 73.97 54.49 0.00 5.9709 2.0060 2.0060
18250 74.25 54.00 0.00 6.8156 1.9445 1.9445
18275 74.51 53.59 0.00 6.0759 2.7893 2.7893
18300 74.51 53.59 0.00 6.0759 2.7893 2.7893
18325 74.71 53.29 0.00 4.4525 1.6869 1.6869
18350 74.77 52.87 0.00 -0.2940 1.0738 1.0738
18375 74.67 52.40 0.00 -3.1258 1.3444 1.3444
18400 74.67 52.40 0.00 -3.1258 1.3444 1.3444
18425 74.53 52.01 0.00 -3.5739 1.0808 1.0808
18450 74.49 51.64 0.00 0.1944 0.1565 0.1565
18475 74.49 51.64 0.00 0.1944 0.1565 0.1565
18500 74.51 51.35 0.00 0.2215 0.4061 0.4061
18525 74.58 50.87 0.00 3.1821 1.0542 1.0542
18550 74.58 50.87 0.00 3.1821 1.0542 1.0542
18575 74.78 50.45 0.00 5.7332 1.3951 1.3951
18600 74.95 49.60 0.00 3.5248 1.9875 1.9875
18625 75.03 48.68 0.00 -0.0614 1.5554 1.5554
18650 75.03 48.68 0.00 -0.0614 1.5554 1.5554
18675 74.95 48.09 0.00 -3.2502 0.8344 0.8344
18700 74.80 47.45 0.00 -3.5259 1.9057 1.9057
18725 74.80 47.45 0.00 -3.5259 1.9057 1.9057
18750 74.75 47.23 0.00 -0.0322 2.7776 2.7776
18775 74.80 47.26 0.00 0.9447 1.7757 1.7757
18800 74.77 47.03 0.00 -1.7503 0.4608 0.4608
18825 74.77 47.03 0.00 -1.7503 0.4608 0.4608
18850 74.64 46.64 0.00 -3.8625 -0.3933 -0.3933
18875 74.41 46.23 0.00 -7.0228 -0.5185 -0.5185
18900 74.41 46.23 0.00 -7.0228 -0.5185 -0.5185
18925 74.06 45.70 0.00 -9.3437 0.2774 0.2774
18950 73.66 45.33 0.00 -10.6167 0.3850 0.3850
18975 73.66 45.33 0.00 -10.6167 0.3850 0.3850
19000 73.23 45.03 0.00 -10.8750 0.4328 0.4328
19025 72.79 44.55 0.00 -11.2611 0.0496 0.0496
19050 72.79 44.55 0.00 -11.2611 0.0496 0.0496
19075 72.26 44.04 0.00 -15.5108 -0.0746 -0.0746
19100 71.49 43.58 0.00 -20.5385 0.0941 0.0941
19125 70.69 43.02 0.00 -19.0242 1.4377 1.4377
19150 70.69 43.02 0.00 -19.0242 1.4377 1.4377
19175 70.00 42.53 0.00 -16.2753 0.8800 0.8800
19200 69.38 42.09 0.00 -14.6705 -0.0303 -0.0303
19225 69.38 42.09 0.00 -14.6705 -0.0303 -0.0303
19250 68.90 41.72 0.00 -10.8925 2.0769 2.0769
19275 68.48 41.33 0.00 -10.7401 1.8404 1.8404
19300 68.48 41.33 0.00 -10.7401 1.8404 1.8404
19325 67.97 40.94 0.00 -13.6724 0.0641 0.0641
19350 67.40 40.76 0.00 -14.9341 1.6234 1.6234
19375 67.40 40.76 0.00 -14.9341 1.6234 1.6234
19400 66.81 40.48 0.00 -14.3179 2.1198 2.1198
19425 66.43 40.12 0.00 -11.7957 0.4792 0.4792
19450 66.43 40.12 0.00 -11.7957 0.4792 0.4792
19475 65.96 39.39 0.00 -7.8846 2.3108 2.3108
19500 65.80 39.12 0.00 -2.5197 1.8713 1.8713
19525 65.80 39.12 0.00 -2.5197 1.8713 1.8713
19550 65.84 39.11 0.00 1.8965 2.1424 2.1424
19575 65.91 39.30 0.00 1.8002 -0.4428 -0.4428
19600 66.00 39.33 0.00 2.4018 1.9444 1.9444
19625 66.00 39.33 0.00 2.4018 1.9444 1.9444
19650 66.11 39.05 0.00 3.6172 2.2276 2.2276
19675 66.34 38.76 0.00 6.4282 0.0976 0.0976
19700 66.61 38.65 0.00 6.4271 -1.2911 -1.2911
19725 66.61 38.65 0.00 6.4271 -1.2911 -1.2911
19750 66.95 38.45 0.00 11.2510 5.4638 5.4638
19775 67.56 38.02 0.00 18.3458 6.1695 6.1695
19800 68.41 37.80 0.00 22.9184 2.0111 2.0111
19825 68.41 37.80 0.00 22.9184 2.0111 2.0111
19850 69.33 37.92 0.00 21.8012 -4.8220 -4.8220
19875 69.33 37.92 0.00 21.8012 -4.8220 -4.8220
19900 70.00 38.04 0.00 13.1542 -6.9363 -6.9363
19925 70.27 38.12 0.00 2.3380 -3.0026 -3.0026
19950 70.09 38.40 0.00 -9.4793 -1.3701 -1.3701
19975 70.09 38.40 0.00 -9.4793 -1.3701 -1.3701
20000 69.62 38.86 0.00 -12.2232 1.8649 1.8649
20025 69.62 38.86 0.00 -12.2232 1.8649 1.8649
20050 69.17 39.25 0.00 -10.9940 -1.4121 -1.4121
20075 68.70 39.61 0.00 -12.0394 -7.6018 -7.6018
20100 68.17 40.29 0.00 -13.3162 -7.5389 -7.5389
20125 68.17 40.29 0.00 -13.3162 -7.5389 -7.5389
20150 67.67 41.42 0.00 -12.0071 -2.4923 -2.4923
20175 67.20 42.44 0.00 -11.4598 -0.8714 -0.8714
20200 66.75 43.30 0.00 -11.2521 -1.3808 -1.3808
20225 66.75 43.30 0.00 -11.2521 -1.3808 -1.3808
20250 66.39 44.02 0.00 -12.9815 -4.8383 -4.8383
20275 65.77 45.19 0.00 -17.2194 -5.4622 -5.4622
20300 64.98 46.38 0.00 -20.9939 -0.5789 -0.5789
20325 64.98 46.38 0.00 -20.9939 -0.5789 -0.5789
20350 64.11 47.69 0.00 -21.6135 1.7353 1.7353
20375 63.29 49.66 0.00 -19.8066 -0.1541 -0.1541
20400 63.29 49.66 0.00 -19.8066 -0.1541 -0.1541
20425 62.60 51.45 0.00 -15.0624 5.7077 5.7077
20450 62.10 52.79 0.00 -10.8989 7.7463 7.7463
20475 62.10 52.79 0.00 -10.8989 7.7463 7.7463
20500 61.75 53.77 0.00 -7.7550 5.9804 5.9804
20525 61.41 54.38 0.00 -9.9487 -1.2600 -1.2600
20550 61.41 54.38 0.00 -9.9487 -1.2600 -1.2600
20575 60.83 54.97 0.00 -17.8536 -7.3136 -7.3136
20600 59.93 55.67 0.00 -25.2222 -5.9125 -5.9125
20625 59.93 55.67 0.00 -25.2222 -5.9125 -5.9125
20650 58.84 56.58 0.00 -28.6283 -0.8989 -0.8989
20675 57.55 57.75 0.00 -35.0668 3.7711 3.7711
20700 56.03 58.81 0.00 -39.9061 6.5844 6.5844
20725 56.03 58.81 0.00 -39.9061 6.5844 6.5844
20750 54.35 59.67 0.00 -42.8960 3.3889 3.3889
20775 52.58 60.44 0.00 -45.2738 4.3556 4.3556
20800 52.58 60.44 0.00 -45.2738 4.3556 4.3556
20825 50.79 61.11 0.00 -43.8169 5.8284 5.8284
20850 49.11 61.79 0.00 -41.1065 4.1942 4.1942
20875 47.49 62.56 0.00 -39.5787 3.9961 3.9961
20900 47.49 62.56 0.00 -39.5787 3.9961 3.9961
20925 46.05 63.38 0.00 -33.0815 3.7766 3.7766
20950 46.05 63.38 0.00 -33.0815 3.7766 3.7766
20975 44.92 64.51 0.00 -26.0241 2.0680 2.0680
21000 43.99 65.86 0.00 -22.2137 0.7646 0.7646
21025 43.13 66.88 0.00 -20.6353 1.2185 1.2185
21050 42.55 67.54 0.00 -18.1317 0.4712 0.4712
21075 42.55 67.54 0.00 -18.1317 0.4712 0.4712
21100 41.81 68.58 0.00 -19.9248 -1.6895 -1.6895
21125 41.81 68.58 0.00 -19.9248 -1.6895 -1.6895
21150 41.00 70.02 0.00 -19.8290 0.7327 0.7327
21175 40.23 71.42 0.00 -18.6330 4.5055 4.5055
21200 39.58 72.48 0.00 -15.6972 4.4408 4.4408
21225 39.58 72.48 0.00 -15.6972 4.4408 4.4408
21250 39.01 73.41 0.00 -13.5705 2.8905 2.8905
21275 38.45 74.53 0.00 -14.3679 1.1314 1.1314
21300 38.45 74.53 0.00 -14.3679 1.1314 1.1314
21325 37.85 75.82 0.00 -15.0210 3.9338 3.9338
21350 37.14 76.86 0.00 -20.0908 4.7351 4.7351
21375 36.21 77.74 0.00 -25.5858 2.7300 2.7300
21400 36.21 77.74 0.00 -25.5858 2.7300 2.7300
21425 35.04 78.44 0.00 -31.9974 5.2787 5.2787
21450 33.68 78.92 0.00 -33.9400 7.2517 7.2517
21475 32.53 79.42 0.00 -24.7167 4.8686 4.8686
21500 32.53 79.42 0.00 -24.7167 4.8686 4.8686
21525 31.65 79.75 0.00 -21.6386 -0.2438 -0.2438
21550 30.72 79.81 0.00 -23.9158 1.0770 1.0770
21575 30.72 79.81 0.00 -23.9158 1.0770 1.0770
21600 29.75 79.86 0.00 -24.2219 1.5242 1.5242
21625 28.85 79.94 0.00 -21.8894 1.8617 1.8617
21650 28.85 79.94 0.00 -21.8894 1.8617 1.8617
21675 28.01 79.95 0.00 -19.6367 3.9463 3.9463
21700 27.50 79.84 0.00 -8.0935 2.0678 2.0678
21725 27.50 79.84 0.00 -8.0935 2.0678 2.0678
21750 27.45 79.86 0.00 0.6929 -5.3495 -5.3495
21775 27.46 79.88 0.00 -0.0182 -2.5557 -2.5557
21800 27.46 79.88 0.00 -0.0182 -2.5557 -2.5557
21825 27.39 79.94 0.00 -3.4789 -2.9605 -2.9605
21850 27.19 80.03 0.00 -8.2873 -2.9432 -2.9432
21875 27.19 80.03 0.00 -8.2873 -2.9432 -2.9432
21900 26.62 80.15 0.00 -18.4220 1.1217 1.1217
21925 25.84 80.23 0.00 -19.1948 3.6680 3.6680
21950 24.94 80.46 0.00 -25.8950 2.6890 2.6890
21975 24.94 80.46 0.00 -25.8950 2.6890 2.6890
22000 23.88 80.84 0.00 -25.5621 4.2067 4.2067
22025 23.07 81.35 0.00 -16.7027 0.3357 0.3357
22050 22.19 81.97 0.00 -28.1041 1.2778 1.2778
22075 22.19 81.97 0.00 -28.1041 1.2778 1.2778
22100 20.81 82.56 0.00 -37.0764 15.6631 15.6631
22125 19.58 83.09 0.00 -24.0335 10.8643 10.8643
22150 19.58 83.09 0.00 -24.0335 10.8643 10.8643
22175 18.80 83.45 0.00 -18.5088 -1.0960 -1.0960
22200 18.07 83.72 0.00 -18.0514 -0.6044 -0.6044
22225 18.07 83.72 0.00 -18.0514 -0.6044 -0.6044
22250 17.41 84.14 0.00 -14.4023 -1.8165 -1.8165
22275 16.99 84.64 0.00 -8.2998 -2.2599 -2.2599
22300 16.99 84.64 0.00 -8.2998 -2.2599 -2.2599
22325 16.85 85.24 0.00 0.2956 -2.2917 -2.2917
22350 17.06 85.93 0.00 7.0383 -4.9340 -4.9340
22375 17.30 86.30 0.00 5.2891 -4.2768 -4.2768
22400 17.30 86.30 0.00 5.2891 -4.2768 -4.2768
22425 17.51 86.55 0.00 4.3198 -3.3645 -3.3645
22450 17.45 86.69 0.00 -4.9464 -1.7660 -1.7660
22475 17.45 86.69 0.00 -4.9464 -1.7660 -1.7660
22500 17.20 86.75 0.00 -5.5618 -0.3465 -0.3465
22525 17.20 86.88 0.00 2.4840 -4.5087 -4.5087
22550 17.20 86.88 0.00 2.4840 -4.5087 -4.5087
22575 17.28 87.01 0.00 0.9582 -2.4667 -2.4667
22600 17.30 87.09 0.00 1.4185 -0.1759 -0.1759
22625 17.45 87.17 0.00 5.7378 -2.5434 -2.5434
22650 17.45 87.17 0.00 5.7378 -2.5434 -2.5434
22675 17.60 87.20 0.00 1.1635 -2.0470 -2.0470
22700 17.45 87.02 0.00 -6.6570 -0.2385 -0.2385
22725 17.45 87.02 0.00 -6.6570 -0.2385 -0.2385
22750 17.24 86.74 0.00 -4.0764 -1.6763 -1.6763
22775 17.01 86.40 0.00 -7.0671 -0.8816 -0.8816
22800 17.01 86.40 0.00 -7.0671 -0.8816 -0.8816
22825 16.75 86.18 0.00 -4.6386 0.3106 0.3106
22850 16.62 86.17 0.00 -3.8395 -0.1740 -0.1740
22875 16.42 86.13 0.00 -5.9379 1.3427 1.3427
22900 16.42 86.13 0.00 -5.9379 1.3427 1.3427
22925 16.17 86.05 0.00 -5.9340 2.0332 2.0332
22950 16.11 85.94 0.00 2.9169 -2.5399 -2.5399
22975 16.11 85.94 0.00 2.9169 -2.5399 -2.5399
23000 16.33 85.71 0.00 5.6194 -6.3807 -6.3807
23025 16.48 85.34 0.00 2.8205 -1.3481 -1.3481
23050 16.48 85.34 0.00 2.8205 -1.3481 -1.3481
23075 16.62 84.87 0.00 4.4080 -3.2981 -3.2981
23100 16.75 84.04 0.00 1.6491 -4.3553 -4.3553
23125 16.79 83.28 0.00 1.0350 -3.1338 -3.1338
23150 16.79 83.28 0.00 1.0350 -3.1338 -3.1338
23175 16.89 82.80 0.00 2.9912 -5.4771 -5.4771
23200 17.01 82.28 0.00 3.0189 -4.4524 -4.4524
23225 17.01 82.28 0.00 3.0189 -4.4524 -4.4524
23250 17.26 81.66 0.00 9.8930 -5.7913 -5.7913
23275 17.86 81.01 0.00 16.3247 -8.0864 -8.0864
23300 17.86 81.01 0.00 16.3247 -8.0864 -8.0864
23325 18.47 80.38 0.00 14.3437 -5.8627 -5.8627
23350 18.47 80.38 0.00 14.3437 -5.8627 -5.8627
23375 19.29 79.79 0.00 9.7834 -4.0953 -4.0953
23400 19.29 79.79 0.00 9.7834 -4.0953 -4.0953
23425 19.47 79.85 0.00 1.3736 -1.3306 -1.3306
23450 19.41 79.97 0.00 -2.2480 2.6382 2.6382
23475 19.41 79.97 0.00 -2.2480 2.6382 2.6382
23500 19.39 80.14 0.00 0.7317 -1.2851 -1.2851
23525 19.43 80.19 0.00 0.6458 -0.4672 -0.4672
23550 19.43 80.19 0.00 0.6458 -0.4672 -0.4672
23575 19.41 80.23 0.00 0.0185 1.1952 1.1952
23600 19.50 80.30 0.00 3.2316 -0.6903 -0.6903
23625 19.60 80.35 0.00 2.0367 0.1085 0.1085
23650 19.60 80.35 0.00 2.0367 0.1085 0.1085
23675 19.69 80.42 0.00 2.8912 1.4365 1.4365
23700 19.83 80.51 0.00 3.0759 0.6558 0.6558
23725 19.83 80.51 0.00 3.0759 0.6558 0.6558
23750 19.88 80.62 0.00 0.7344 1.3499 1.3499
23775 19.92 80.64 0.00 1.9289 -1.1763 -1.1763
23800 19.92 80.64 0.00 1.9289 -1.1763 -1.1763
23825 20.07 80.57 0.00 4.7480 -3.9169 -3.9169
23850 20.25 80.53 0.00 4.6223 -4.2862 -4.2862
23875 20.25 80.53 0.00 4.6223 -4.2862 -4.2862
23900 20.57 80.59 0.00 11.1488 -3.7625 -3.7625
23925 21.17 80.56 0.00 17.9239 -6.5720 -6.5720
23950 22.08 80.37 0.00 24.2667 -8.1060 -8.1060
23975 22.08 80.37 0.00 24.2667 -8.1060 -8.1060
24000 23.15 80.16 0.00 28.7953 -8.9499 -8.9499
24025 24.36 79.91 0.00 30.3113 -11.3036 -11.3036
24050 24.36 79.91 0.00 30.3113 -11.3036 -11.3036
24075 25.57 79.63 0.00 29.7885 -10.4993 -10.4993
24100 26.86 79.35 0.00 34.0436 -13.3497 -13.3497
24125 26.86 79.35 0.00 34.0436 -13.3497 -13.3497
24150 28.14 79.00 0.00 30.7629 -14.2874 -14.2874
24175 29.04 78.70 0.00 28.9142 -9.6915 -9.6915
24200 30.18 78.34 0.00 28.0932 -10.0144 -10.0144
24225 30.18 78.34 0.00 28.0932 -10.0144 -10.0144
24250 31.10 78.13 0.00 19.5883 -9.7164 -9.7164
24275 31.74 77.92 0.00 14.0786 -2.4965 -2.4965
24300 32.33 77.71 0.00 15.5896 -4.5925 -4.5925
24325 32.33 77.71 0.00 15.5896 -4.5925 -4.5925
24350 33.05 77.37 0.00 20.0477 -7.4356 -7.4356
24375 33.93 76.88 0.00 23.0329 -5.6957 -5.6957
24400 33.93 76.88 0.00 23.0329 -5.6957 -5.6957
24425 34.95 76.04 0.00 26.6198 -8.6555 -8.6555
24450 36.02 75.08 0.00 25.9185 -9.1998 -9.1998
24475 36.02 75.08 0.00 25.9185 -9.1998 -9.1998
24500 37.07 74.37 0.00 26.9102 -9.0671 -9.0671
24525 38.22 73.68 0.00 30.7932 -9.4614 -9.4614
24550 38.22 73.68 0.00 30.7932 -9.4614 -9.4614
24575 39.93 72.76 0.00 52.9084 -11.8378 -11.8378
24600 42.48 71.60 0.00 67.5196 -18.9268 -18.9268
24625 45.16 70.34 0.00 64.6124 -18.8239 -18.8239
24650 45.16 70.34 0.00 64.6124 -18.8239 -18.8239
24675 47.42 69.14 0.00 51.9926 -13.7695 -13.7695
24700 49.07 68.18 0.00 36.4901 -8.8542 -8.8542
24725 49.07 68.18 0.00 36.4901 -8.8542 -8.8542
24750 50.38 67.32 0.00 31.2328 -6.5689 -6.5689
24775 51.52 66.56 0.00 26.3934 -4.0965 -4.0965
24800 51.52 66.56 0.00 26.3934 -4.0965 -4.0965
24825 52.43 66.08 0.00 19.9279 -0.8745 -0.8745
24850 52.92 65.79 0.00 14.3008 -0.5960 -0.5960
24875 53.30 65.51 0.00 6.2063 -0.2184 -0.2184
24900 53.30 65.51 0.00 6.2063 -0.2184 -0.2184
24925 53.37 65.40 0.00 0.0313 1.0607 1.0607
24950 53.33 65.39 0.00 -0.6157 1.5763 1.5763
24975 53.46 65.21 0.00 5.9776 1.7127 1.7127
25000 53.46 65.21 0.00 5.9776 1.7127 1.7127
25025 53.79 65.09 0.00 9.0991 0.9867 0.9867
25050 54.14 65.11 0.00 7.8526 -0.3331 -0.3331
25075 54.14 65.11 0.00 7.8526 -0.3331 -0.3331
25100 54.44 65.04 0.00 7.6341 -0.9444 -0.9444
25125 54.73 65.00 0.00 7.0867 -1.3202 -1.3202
25150 54.73 65.00 0.00 7.0867 -1.3202 -1.3202
25175 55.08 64.86 0.00 10.1506 -0.6043 -0.6043
25200 55.64 64.58 0.00 16.8104 -3.2011 -3.2011
25225 55.64 64.58 0.00 16.8104 -3.2011 -3.2011
25250 56.48 64.13 0.00 23.4917 -4.5191 -4.5191
25275 57.48 63.59 0.00 25.2498 -3.5228 -3.5228
25300 57.48 63.59 0.00 25.2498 -3.5228 -3.5228
25325 58.40 63.17 0.00 20.9821 -1.7885 -1.7885
25350 59.07 62.92 0.00 13.5333 -0.1961 -0.1961
25375 59.07 62.92 0.00 13.5333 -0.1961 -0.1961
25400 59.52 62.69 0.00 10.4868 2.3312 2.3312
25425 59.93 62.50 0.00 10.0560 2.5327 2.5327
25450 60.23 62.39 0.00 4.9283 1.5665 1.5665
25475 60.32 62.23 0.00 1.6898 1.6720 1.6720
25500 60.32 62.23 0.00 1.6898 1.6720 1.6720
25525 60.49 61.99 0.00 5.8952 1.4446 1.4446
25550 60.49 61.99 0.00 5.8952 1.4446 1.4446
25575 60.79 61.78 0.00 8.1443 1.1039 1.1039
25600 61.09 61.76 0.00 6.8522 0.7264 0.7264
25625 61.34 61.67 0.00 5.9369 1.0682 1.0682
25650 61.34 61.67 0.00 5.9369 1.0682 1.0682
25675 61.54 61.69 0.00 4.1418 0.5374 0.5374
25700 61.69 61.83 0.00 4.2855 0.6642 0.6642
25725 61.69 61.83 0.00 4.2855 0.6642 0.6642
25750 61.89 61.86 0.00 8.1940 1.0448 1.0448
25775 62.42 61.77 0.00 16.6672 0.8897 0.8897
25800 63.20 61.68 0.00 20.1003 -1.8189 -1.8189
25825 63.20 61.68 0.00 20.1003 -1.8189 -1.8189
25850 63.98 61.57 0.00 19.6327 -3.1591 -3.1591
25875 64.93 61.46 0.00 26.8225 -0.0608 -0.0608
25900 64.93 61.46 0.00 26.8225 -0.0608 -0.0608
25925 66.07 61.44 0.00 27.7791 -1.3924 -1.3924
25950 67.02 61.59 0.00 20.5047 -1.2072 -1.2072
25975 67.02 61.59 0.00 20.5047 -1.2072 -1.2072
26000 67.61 61.64 0.00 12.1559 0.1890 0.1890
26025 67.99 61.50 0.00 7.6587 1.0784 1.0784
26050 68.17 61.32 0.00 2.1347 0.7743 0.7743
26075 68.17 61.32 0.00 2.1347 0.7743 0.7743
26100 68.10 61.16 0.00 -3.4761 2.9864 2.9864
26125 67.96 61.11 0.00 -3.3283 3.7589 3.7589
26150 67.96 61.11 0.00 -3.3283 3.7589 3.7589
26175 67.88 61.00 0.00 -0.3856 1.8118 1.8118
26200 67.90 60.84 0.00 0.2585 0.5631 0.5631
26225 67.90 60.84 0.00 0.2585 0.5631 0.5631
26250 67.85 60.61 0.00 -2.1710 0.5320 0.5320
26275 67.72 60.47 0.00 -3.2946 1.1544 1.1544
26300 67.67 60.31 0.00 -0.2219 1.4408 1.4408
26325 67.67 60.31 0.00 -0.2219 1.4408 1.4408
26350 67.72 59.98 0.00 2.5857 0.9564 0.9564
26375 67.87 59.26 0.00 3.2266 2.1116 2.1116
26400 67.87 59.26 0.00 3.2266 2.1116 2.1116
26425 67.97 58.59 0.00 3.0415 0.6080 0.6080
26450 68.12 57.84 0.00 4.5969 2.9922 2.9922
26475 68.12 57.84 0.00 4.5969 2.9922 2.9922
26500 68.44 57.09 0.00 10.3202 4.2848 4.2848
26525 68.80 56.65 0.00 12.2294 2.8545 2.8545
26550 69.38 56.34 0.00 16.0499 0.1821 0.1821
26575 69.38 56.34 0.00 16.0499 0.1821 0.1821
26600 70.11 56.10 0.00 18.5627 -1.7945 -1.7945
26625 70.75 55.89 0.00 13.4616 -1.4082 -1.4082
26650 70.75 55.89 0.00 13.4616 -1.4082 -1.4082
26675 71.06 55.63 0.00 4.4939 -0.5931 -0.5931
26700 71.13 55.34 0.00 0.7639 0.4690 0.4690
26725 71.13 55.34 0.00 0.7639 0.4690 0.4690
26750 71.15 55.02 0.00 0.5620 0.6116 0.6116
26775 71.27 54.84 0.00 5.8468 -0.2016 -0.2016
26800 71.71 54.90 0.00 13.0487 -2.1245 -2.1245
26825 71.71 54.90 0.00 13.0487 -2.1245 -2.1245
26850 72.17 55.11 0.00 9.4960 -2.9425 -2.9425
26875 72.41 55.37 0.00 4.3306 -0.2694 -0.2694
26900 72.41 55.37 0.00 4.3306 -0.2694 -0.2694
26925 72.46 55.53 0.00 -0.3898 1.0242 1.0242
26950 72.33 55.64 0.00 -4.7199 1.5306 1.5306
26975 72.08 55.70 0.00 -7.0007 0.3125 0.3125
27000 72.08 55.70 0.00 -7.0007 0.3125 0.3125
27025 71.84 55.64 0.00 -5.4005 1.2699 1.2699
27050 71.71 55.49 0.00 -1.1730 1.3016 1.3016
27075 71.71 55.49 0.00 -1.1730 1.3016 1.3016
27100 71.77 55.31 0.00 1.7821 -0.0183 -0.0183
27125 71.80 54.97 0.00 -0.0411 0.4279 0.4279
27150 71.80 54.97 0.00 -0.0411 0.4279 0.4279
27175 71.69 54.63 0.00 -4.4075 0.8887 0.8887
27200 71.46 54.33 0.00 -5.7018 2.0962 2.0962
27225 71.31 54.24 0.00 -4.2856 2.2134 2.2134
27250 71.31 54.24 0.00 -4.2856 2.2134 2.2134
27275 71.24 53.97 0.00 -0.1529 2.1424 2.1424
27300 71.29 53.59 0.00 1.7416 1.0112 1.0112
27325 71.29 53.59 0.00 1.7416 1.0112 1.0112
27350 71.42 53.21 0.00 4.4825 0.5572 0.5572
27375 71.69 52.63 0.00 7.8735 1.9966 1.9966
27400 71.69 52.63 0.00 7.8735 1.9966 1.9966
27425 71.99 52.17 0.00 6.4548 1.6446 1.6446
27450 72.15 51.80 0.00 2.3301 1.5303 1.5303
27475 72.15 51.80 0.00 2.3301 1.5303 1.5303
27500 72.11 51.64 0.00 -2.8630 0.9085 0.9085
27525 71.95 51.59 0.00 -4.4786 1.6691 1.6691
27550 71.95 51.59 0.00 -4.4786 1.6691 1.6691
27575 71.80 51.45 0.00 -2.7540 1.8833 1.8833
27600 71.71 51.19 0.00 -2.0115 1.2296 1.2296
27625 71.62 50.80 0.00 -2.7707 0.8928 0.8928
27650 71.62 50.80 0.00 -2.7707 0.8928 0.8928
27675 71.47 50.44 0.00 -3.9074 -0.1468 -0.1468
27700 71.33 50.10 0.00 -4.0960 1.5746 1.5746
27725 71.33 50.10 0.00 -4.0960 1.5746 1.5746
27750 71.15 49.90 0.00 -4.8141 0.7220 0.7220
27775 70.95 49.38 0.00 -4.3800 2.3999 2.3999
27800 70.80 48.65 0.00 -3.5914 3.1266 3.1266
27825 70.80 48.65 0.00 -3.5914 3.1266 3.1266
27850 70.64 48.09 0.00 -4.3728 1.7316 1.7316
27875 70.47 47.31 0.00 -3.8868 1.1811 1.1811
27900 70.47 47.31 0.00 -3.8868 1.1811 1.1811
27925 70.35 46.79 0.00 -2.5995 1.5034 1.5034
27950 70.27 46.55 0.00 -2.1071 0.7761 0.7761
27975 70.27 46.55 0.00 -2.1071 0.7761 0.7761
28000 70.16 46.42 0.00 -2.8957 0.7370 0.7370
28025 70.00 46.17 0.00 -5.1737 1.2774 1.2774
28050 69.80 45.83 0.00 -6.8604 2.1483 2.1483
28075 69.80 45.83 0.00 -6.8604 2.1483 2.1483
28100 69.44 45.42 0.00 -10.3983 2.0700 2.0700
28125 68.97 45.01 0.00 -12.2525 2.1733 2.1733
28150 68.97 45.01 0.00 -12.2525 2.1733 2.1733
28175 68.46 44.63 0.00 -13.5226 1.3257 1.3257
28200 67.85 44.37 0.00 -15.8657 0.3596 0.3596
28225 67.17 44.27 0.00 -18.0700 0.8197 0.8197
28250 67.17 44.27 0.00 -18.0700 0.8197 0.8197
28275 66.47 43.98 0.00 -16.9473 3.0870 3.0870
28300 65.80 43.41 0.00 -16.6879 2.5254 2.5254
28325 65.80 43.41 0.00 -16.6879 2.5254 2.5254
28350 65.14 42.71 0.00 -16.5291 1.4375 1.4375
28375 64.52 41.97 0.00 -14.5180 1.5215 1.5215
28400 64.52 41.97 0.00 -14.5180 1.5215 1.5215
28425 64.04 41.36 0.00 -10.0093 1.5892 1.5892
28450 63.70 41.02 0.00 -7.1804 -0.1569 -0.1569
28475 63.70 41.02 0.00 -7.1804 -0.1569 -0.1569
28500 63.50 40.60 0.00 -3.2771 0.1850 0.1850
28525 63.45 40.10 0.00 -0.9085 -0.7160 -0.7160
28550 63.41 39.39 0.00 -0.9163 -1.2581 -1.2581
28575 63.41 39.39 0.00 -0.9163 -1.2581 -1.2581
28600 63.38 38.58 0.00 -0.7570 0.8758 0.8758
28625 63.36 37.68 0.00 -0.0737 0.6451 0.6451
28650 63.36 37.68 0.00 -0.0737 0.6451 0.6451
28675 63.34 37.14 0.00 -1.3511 -1.2819 -1.2819
28700 63.18 36.93 0.00 -5.2355 -1.6105 -1.6105
28725 63.18 36.93 0.00 -5.2355 -1.6105 -1.6105
28750 62.92 36.64 0.00 -6.6677 0.3037 0.3037
28775 62.70 36.18 0.00 -8.0488 1.8702 1.8702
28800 62.24 35.01 0.00 -13.0162 3.3345 3.3345
28825 62.24 35.01 0.00 -13.0162 3.3345 3.3345
28850 61.64 33.79 0.00 -16.1837 2.6170 2.6170
28875 60.97 33.02 0.00 -16.8342 0.2705 0.2705
28900 60.97 33.02 0.00 -16.8342 0.2705 0.2705
28925 60.39 32.68 0.00 -13.4078 0.3124 0.3124
28950 59.88 32.62 0.00 -12.5210 0.7560 0.7560
28975 59.40 32.42 0.00 -11.5997 2.9162 2.9162
29000 59.40 32.42 0.00 -11.5997 2.9162 2.9162
29025 58.96 31.87 0.00 -10.3917 1.9333 1.9333
29050 58.61 31.01 0.00 -7.5735 1.4260 1.4260
29075 58.36 30.28 0.00 -5.4013 1.9869 1.9869
29100 58.36 30.28 0.00 -5.4013 1.9869 1.9869
29125 58.20 29.69 0.00 -2.9570 1.7156 1.7156
29150 58.20 29.69 0.00 -2.9570 1.7156 1.7156
29175 58.12 29.36 0.00 -2.0796 -0.4500 -0.4500
29200 58.01 29.38 0.00 -2.4732 -1.7081 -1.7081
29225 57.87 29.43 0.00 -4.9117 -1.1338 -1.1338
29250 57.87 29.43 0.00 -4.9117 -1.1338 -1.1338
29275 57.64 29.34 0.00 -5.6519 0.3039 0.3039
29300 57.43 29.05 0.00 -4.9613 1.2093 1.2093
29325 57.43 29.05 0.00 -4.9613 1.2093 1.2093
29350 57.24 28.46 0.00 -4.5301 1.7144 1.7144
29375 57.05 27.99 0.00 -4.9994 -0.2792 -0.2792
29400 56.83 27.94 0.00 -5.5054 -2.9717 -2.9717
29425 56.83 27.94 0.00 -5.5054 -2.9717 -2.9717
29450 56.61 28.14 0.00 -5.5591 -1.5375 -1.5375
29475 56.34 28.30 0.00 -8.0696 -1.1148 -1.1148
29500 56.34 28.30 0.00 -8.0696 -1.1148 -1.1148
29525 55.91 28.29 0.00 -12.8058 -0.9866 -0.9866
29550 55.91 28.29 0.00 -12.8058 -0.9866 -0.9866
29575 55.26 28.13 0.00 -18.4501 0.5151 0.5151
29600 54.40 27.89 0.00 -21.9855 0.8378 0.8378
29625 53.77 27.72 0.00 -20.6518 1.4684 1.4684
29650 53.04 27.63 0.00 -16.6524 -1.3468 -1.3468
29675 53.04 27.63 0.00 -16.6524 -1.3468 -1.3468
29700 52.55 27.65 0.00 -9.1752 -0.0446 -0.0446
29725 52.55 27.65 0.00 -9.1752 -0.0446 -0.0446
29750 52.34 27.64 0.00 -3.6906 -0.7886 -0.7886
29775 52.25 27.60 0.00 -1.5749 -1.1195 -1.1195
29800 52.15 27.60 0.00 -3.0159 -0.2613 -0.2613
29825 52.15 27.60 0.00 -3.0159 -0.2613 -0.2613
29850 52.01 27.64 0.00 -4.0223 0.8696 0.8696
29875 51.85 27.78 0.00 -3.7974 0.7456 0.7456
29900 51.85 27.78 0.00 -3.7974 0.7456 0.7456
29925 51.73 28.04 0.00 -2.0131 -0.1701 -0.1701
29950 51.69 28.31 0.00 -0.0112 -0.0794 -0.0794
29975 51.75 28.39 0.00 1.7637 0.3723 0.3723
30000 51.75 28.39 0.00 1.7637 0.3723 0.3723
30025 51.82 28.39 0.00 2.0460 0.4375 0.4375
30050 51.89 28.43 0.00 1.7079 0.1258 0.1258
30075 51.89 28.43 0.00 1.7079 0.1258 0.1258
30100 51.94 28.47 0.00 0.4973 0.4601 0.4601
30125 51.94 28.55 0.00 -0.0995 0.8650 0.8650
30150 51.90 28.68 0.00 -1.4608 -0.0100 -0.0100
30175 51.90 28.68 0.00 -1.4608 -0.0100 -0.0100
30200 51.82 29.02 0.00 -2.8498 -0.2419 -0.2419
30225 51.66 29.37 0.00 -4.8308 -1.1358 -1.1358
30250 51.66 29.37 0.00 -4.8308 -1.1358 -1.1358
30275 51.40 29.67 0.00 -7.4140 -3.1645 -3.1645
30300 51.10 29.94 0.00 -6.6699 -1.2318 -1.2318
30325 51.10 29.94 0.00 -6.6699 -1.2318 -1.2318
30350 50.86 30.41 0.00 -6.2479 0.0016 0.0016
30375 50.56 31.19 0.00 -7.8647 0.5374 0.5374
30400 50.19 32.41 0.00 -10.2420 1.2766 1.2766
30425 50.19 32.41 0.00 -10.2420 1.2766 1.2766
30450 49.84 33.27 0.00 -12.7914 2.3278 2.3278
30475 49.30 34.18 0.00 -13.3144 2.2460 2.2460
30500 49.30 34.18 0.00 -13.3144 2.2460 2.2460
30525 48.83 34.89 0.00 -10.0368 0.9749 0.9749
30550 48.60 35.34 0.00 -3.8688 1.6588 1.6588
30575 48.60 35.34 0.00 -3.8688 1.6588 1.6588
30600 48.52 35.87 0.00 -1.5284 0.7255 0.7255
30625 48.48 36.43 0.00 -0.7123 0.9717 0.9717
30650 48.45 36.92 0.00 -0.9331 -0.0687 -0.0687
30675 48.45 36.92 0.00 -0.9331 -0.0687 -0.0687
30700 48.41 37.37 0.00 -0.8750 -1.1446 -1.1446
30725 48.34 37.75 0.00 -1.5030 -1.4242 -1.4242
30750 48.34 37.75 0.00 -1.5030 -1.4242 -1.4242
30775 48.31 37.99 0.00 -0.8272 -1.1277 -1.1277
30800 48.32 38.16 0.00 1.3619 -0.4053 -0.4053
30825 48.32 38.16 0.00 1.3619 -0.4053 -0.4053
30850 48.38 38.16 0.00 1.4981 0.1849 0.1849
30875 48.41 38.03 0.00 0.8294 0.5768 0.5768
30900 48.41 38.03 0.00 0.8294 0.5768 0.5768
30925 48.43 37.93 0.00 -0.2352 -0.3137 -0.3137
30950 48.38 37.93 0.00 -1.9026 -0.9528 -0.9528
30975 48.27 37.95 0.00 -3.2384 -1.6190 -1.6190
31000 48.27 37.95 0.00 -3.2384 -1.6190 -1.6190
31025 48.15 37.93 0.00 -2.3214 -1.6008 -1.6008
31050 48.10 38.04 0.00 -0.9652 -2.6527 -2.6527
31075 48.10 38.04 0.00 -0.9652 -2.6527 -2.6527
31100 48.06 38.34 0.00 -0.7618 -1.8857 -1.8857
31125 48.04 38.57 0.00 -0.1969 0.0563 0.0563
31150 48.04 38.79 0.00 -0.2748 -2.1905 -2.1905
31175 48.04 38.79 0.00 -0.2748 -2.1905 -2.1905
31200 48.08 39.36 0.00 2.1001 -0.9146 -0.9146
31225 48.18 40.18 0.00 3.1068 2.3239 2.3239
31250 48.18 40.18 0.00 3.1068 2.3239 2.3239
31275 48.32 40.95 0.00 3.7306 3.4254 3.4254
31300 48.52 41.67 0.00 5.6926 3.2381 3.2381
31325 48.80 42.37 0.00 8.2217 2.4836 2.4836
31350 48.80 42.37 0.00 8.2217 2.4836 2.4836
31375 49.25 43.10 0.00 12.4011 3.5478 3.5478
31400 49.76 43.92 0.00 12.7771 3.3168 3.3168
31425 49.76 43.92 0.00 12.7771 3.3168 3.3168
31450 50.23 44.74 0.00 11.1267 4.1898 4.1898
31475 50.59 45.26 0.00 7.1207 1.7438 1.7438
31500 50.59 45.26 0.00 7.1207 1.7438 1.7438
31525 50.79 45.68 0.00 3.2940 -0.8891 -0.8891
31550 50.86 46.18 0.00 1.4089 -1.3578 -1.3578
31575 50.86 46.18 0.00 1.4089 -1.3578 -1.3578
31600 50.91 46.72 0.00 1.6599 0.0630 0.0630
31625 50.99 47.23 0.00 1.8848 0.6719 0.6719
31650 51.03 47.55 0.00 0.1119 0.0720 0.0720
31675 51.03 47.55 0.00 0.1119 0.0720 0.0720
31700 50.98 47.75 0.00 -1.9998 -1.2889 -1.2889
31725 50.89 47.89 0.00 -2.5000 -1.6023 -1.6023
31750 50.89 47.89 0.00 -2.5000 -1.6023 -1.6023
31775 50.77 48.03 0.00 -2.7367 -1.0537 -1.0537
31800 50.68 48.18 0.00 -1.7431 -0.5540 -0.5540
31825 50.68 48.34 0.00 0.4268 0.2177 0.2177
31850 50.68 48.34 0.00 0.4268 0.2177 0.2177
31875 50.72 48.48 0.00 1.1729 -0.6696 -0.6696
31900 50.72 48.48 0.00 1.1729 -0.6696 -0.6696
31925 50.72 48.59 0.00 -0.9163 -2.1473 -2.1473
