%#        Time[ms]        X[pixel],        Y[pixel],        Z[pixel],  dX/dt[pixel/s],  dY/dt[pixel/s],  dZ/dt[pixel/s] 
0 50.00 50.00 0.00 1.0835 2.6668 2.6668
25 50.16 50.04 0.00 4.1928 2.9936 2.9936
50 50.16 50.04 0.00 4.1928 2.9936 2.9936
75 50.30 50.11 0.00 2.9257 0.0069 0.0069
100 50.31 50.80 0.00 -2.0208 3.2171 3.2171
125 50.31 50.80 0.00 -2.0208 3.2171 3.2171
150 50.17 51.33 0.00 -3.0191 2.2324 2.2324
175 50.21 51.45 0.00 3.9073 2.3276 2.3276
200 50.44 51.48 0.00 8.5477 1.6149 1.6149
225 50.44 51.48 0.00 8.5477 1.6149 1.6149
250 50.86 51.55 0.00 11.3793 0.4673 0.4673
275 51.27 51.70 0.00 8.9206 2.5004 2.5004
300 51.27 51.70 0.00 8.9206 2.5004 2.5004
325 51.50 51.84 0.00 3.9214 1.1118 1.1118
350 51.61 51.89 0.00 2.2672 1.1875 1.1875
375 51.61 51.89 0.00 2.2672 1.1875 1.1875
400 51.69 51.69 0.00 1.9134 1.1051 1.1051
425 51.76 51.52 0.00 1.8639 1.6756 1.6756
450 51.83 51.45 0.00 1.9123 1.1072 1.1072
475 51.83 51.45 0.00 1.9123 1.1072 1.1072
500 51.89 51.57 0.00 1.0575 1.3307 1.3307
525 52.01 51.50 0.00 6.5172 1.9218 1.9218
550 52.01 51.50 0.00 6.5172 1.9218 1.9218
575 52.53 51.04 0.00 16.3707 0.0599 0.0599
600 53.25 50.40 0.00 17.2970 -1.1502 -1.1502
625 53.75 50.01 0.00 9.6345 -2.1139 -2.1139
650 53.75 50.01 0.00 9.6345 -2.1139 -2.1139
675 54.02 49.85 0.00 5.5388 -0.7301 -0.7301
700 54.30 49.67 0.00 8.6212 -0.0406 -0.0406
725 54.30 49.67 0.00 8.6212 -0.0406 -0.0406
750 54.84 49.53 0.00 16.6292 -2.3670 -2.3670
775 55.56 49.34 0.00 17.5466 -8.4926 -8.4926
800 55.56 49.34 0.00 17.5466 -8.4926 -8.4926
825 56.15 48.72 0.00 12.6728 -5.3371 -5.3371
850 56.41 47.95 0.00 2.4225 -3.5267 -3.5267
875 56.41 47.95 0.00 2.4225 -3.5267 -3.5267
900 56.31 47.41 0.00 -4.8960 -2.8793 -2.8793
925 56.15 47.25 0.00 -4.9128 -1.4992 -1.4992
950 56.15 47.25 0.00 -4.9128 -1.4992 -1.4992
975 56.03 47.38 0.00 -2.1826 -0.1654 -0.1654
1000 56.05 47.56 0.00 3.0072 0.8316 0.8316
1025 56.26 47.58 0.00 6.0255 0.4717 0.4717
1050 56.26 47.58 0.00 6.0255 0.4717 0.4717
1075 56.50 47.31 0.00 5.6428 -0.9418 -0.9418
1100 56.71 47.09 0.00 4.8160 -2.2379 -2.2379
1125 56.71 47.09 0.00 4.8160 -2.2379 -2.2379
1150 56.83 47.11 0.00 2.0179 -0.5702 -0.5702
1175 56.83 47.03 0.00 -0.4503 2.0966 2.0966
1200 56.90 46.89 0.00 2.9191 1.6642 1.6642
1225 56.90 46.89 0.00 2.9191 1.6642 1.6642
1250 57.13 46.89 0.00 7.4791 -0.2164 -0.2164
1275 57.43 47.01 0.00 7.5063 -0.1681 -0.1681
1300 57.43 47.01 0.00 7.5063 -0.1681 -0.1681
1325 57.68 47.20 0.00 5.2347 -0.5219 -0.5219
1350 57.91 47.22 0.00 5.9805 -0.2713 -0.2713
1375 58.15 47.11 0.00 6.0953 0.8269 0.8269
1400 58.15 47.11 0.00 6.0953 0.8269 0.8269
1425 58.33 46.96 0.00 3.0138 1.9782 1.9782
1450 58.33 46.96 0.00 3.0138 1.9782 1.9782
1475 58.34 46.87 0.00 -0.3318 1.9685 1.9685
1500 58.36 46.66 0.00 0.8533 1.8982 1.8982
1525 58.36 46.66 0.00 0.8533 1.8982 1.8982
1550 58.43 46.30 0.00 2.5169 1.8302 1.8302
1575 58.54 46.10 0.00 3.4843 3.3544 3.3544
1600 58.66 46.03 0.00 2.6114 1.5573 1.5573
1625 58.66 46.03 0.00 2.6114 1.5573 1.5573
1650 58.75 45.90 0.00 2.2436 2.7863 2.7863
1675 58.94 45.57 0.00 6.4865 0.3399 0.3399
1700 59.26 45.01 0.00 8.2850 -2.8327 -2.8327
1725 59.26 45.01 0.00 8.2850 -2.8327 -2.8327
1750 59.58 44.30 0.00 7.7051 -2.2621 -2.2621
1775 59.88 43.92 0.00 7.7776 0.8737 0.8737
1800 59.88 43.92 0.00 7.7776 0.8737 0.8737
1825 60.23 44.04 0.00 9.1387 2.4123 2.4123
1850 60.62 44.12 0.00 10.2086 0.2306 0.2306
1875 60.62 44.12 0.00 10.2086 0.2306 0.2306
1900 61.00 44.17 0.00 9.6753 -0.6300 -0.6300
1925 61.43 43.89 0.00 11.7206 -3.6217 -3.6217
1950 61.98 43.24 0.00 14.2722 -2.5359 -2.5359
1975 61.98 43.24 0.00 14.2722 -2.5359 -2.5359
2000 62.49 42.59 0.00 11.3988 -2.9260 -2.9260
2025 62.81 42.09 0.00 5.4197 -3.2329 -3.2329
2050 62.81 42.09 0.00 5.4197 -3.2329 -3.2329
2075 62.90 41.94 0.00 0.7949 -3.2942 -3.2942
2100 62.88 42.07 0.00 -0.3323 -1.1470 -1.1470
2125 62.88 42.07 0.00 -0.3323 -1.1470 -1.1470
2150 62.95 42.16 0.00 2.9966 -1.9549 -1.9549
2175 63.24 42.15 0.00 10.3518 -3.0353 -3.0353
2200 63.79 42.01 0.00 15.4456 -2.7920 -2.7920
2225 63.79 42.01 0.00 15.4456 -2.7920 -2.7920
2250 64.39 41.85 0.00 15.1871 -1.4189 -1.4189
2275 65.00 41.72 0.00 15.1237 -0.5904 -0.5904
2300 65.00 41.72 0.00 15.1237 -0.5904 -0.5904
2325 65.55 41.57 0.00 11.8865 -1.1098 -1.1098
2350 65.89 41.51 0.00 6.4798 0.0835 0.0835
2375 65.89 41.51 0.00 6.4798 0.0835 0.0835
2400 66.09 41.41 0.00 4.6480 -0.0326 -0.0326
2425 66.38 41.20 0.00 9.6492 -1.8543 -1.8543
2450 66.91 40.96 0.00 14.2933 -1.3688 -1.3688
2475 66.91 40.96 0.00 14.2933 -1.3688 -1.3688
2500 67.42 40.76 0.00 11.2647 -1.3344 -1.3344
2525 67.67 40.73 0.00 6.8353 0.2262 0.2262
2550 67.79 40.74 0.00 1.2748 0.3656 0.3656
2575 67.79 40.74 0.00 1.2748 0.3656 0.3656
2600 67.81 40.65 0.00 0.4554 0.9109 0.9109
2625 67.83 40.59 0.00 0.1669 -0.0741 -0.0741
2650 67.83 40.59 0.00 0.1669 -0.0741 -0.0741
2675 67.85 40.59 0.00 1.6480 -0.9855 -0.9855
2700 68.06 40.51 0.00 7.5323 -1.1854 -1.1854
2725 68.06 40.51 0.00 7.5323 -1.1854 -1.1854
2750 68.48 40.35 0.00 12.1900 -2.2594 -2.2594
2775 69.11 39.95 0.00 17.6454 -5.2407 -5.2407
2800 69.11 39.95 0.00 17.6454 -5.2407 -5.2407
2825 69.78 39.68 0.00 15.1393 -5.9353 -5.9353
2850 70.18 39.63 0.00 6.8811 -5.6866 -5.6866
2875 70.18 39.63 0.00 6.8811 -5.6866 -5.6866
2900 70.31 39.73 0.00 1.0192 -0.7700 -0.7700
2925 70.27 39.94 0.00 -1.8142 0.9394 0.9394
2950 70.27 40.00 0.00 1.8503 0.2711 0.2711
2975 70.27 40.00 0.00 1.8503 0.2711 0.2711
3000 70.45 39.88 0.00 6.3806 0.2569 0.2569
3025 70.78 39.79 0.00 8.3722 -1.1529 -1.1529
3050 70.78 39.79 0.00 8.3722 -1.1529 -1.1529
3075 71.16 39.66 0.00 10.7970 -3.1808 -3.1808
3100 71.64 39.49 0.00 12.5259 -4.2172 -4.2172
3125 71.64 39.49 0.00 12.5259 -4.2172 -4.2172
3150 72.06 39.50 0.00 8.6593 -3.7001 -3.7001
3175 72.30 39.61 0.00 3.8925 -0.8560 -0.8560
3200 72.35 39.62 0.00 0.1937 0.8885 0.8885
3225 72.35 39.62 0.00 0.1937 0.8885 0.8885
3250 72.33 39.60 0.00 -0.5871 1.5684 1.5684
3275 72.32 39.57 0.00 -0.1841 1.0357 1.0357
3300 72.28 39.59 0.00 -1.5150 1.3752 1.3752
3325 72.28 39.59 0.00 -1.5150 1.3752 1.3752
3350 72.22 39.63 0.00 -1.5163 1.7813 1.7813
3375 72.21 39.63 0.00 0.6783 0.6537 0.6537
3400 72.21 39.63 0.00 0.6783 0.6537 0.6537
3425 72.28 39.72 0.00 1.8921 -0.5399 -0.5399
3450 72.33 39.72 0.00 1.2803 -0.2031 -0.2031
3475 72.33 39.72 0.00 1.2803 -0.2031 -0.2031
3500 72.32 39.68 0.00 -1.6994 0.5726 0.5726
3525 72.21 39.68 0.00 -3.3888 0.6601 0.6601
3550 72.13 39.61 0.00 -0.6355 0.2446 0.2446
3575 72.13 39.61 0.00 -0.6355 0.2446 0.2446
3600 72.15 39.56 0.00 0.3968 -0.5427 -0.5427
3625 72.15 39.56 0.00 0.3968 -0.5427 -0.5427
3650 72.13 39.54 0.00 -0.6831 0.1609 0.1609
3675 72.10 39.54 0.00 -1.3160 -0.3095 -0.3095
3700 72.06 39.60 0.00 -0.6430 0.3857 0.3857
3725 72.06 39.60 0.00 -0.6430 0.3857 0.3857
3750 72.06 39.60 0.00 0.8844 0.0036 0.0036
3775 72.10 39.54 0.00 0.0928 -0.0250 -0.0250
3800 72.04 39.52 0.00 -1.9147 0.8775 0.8775
3825 72.04 39.52 0.00 -1.9147 0.8775 0.8775
3850 71.97 39.53 0.00 -1.3367 -0.0079 -0.0079
3875 71.95 39.51 0.00 -0.5168 -0.6442 -0.6442
3900 71.95 39.51 0.00 -0.5168 -0.6442 -0.6442
3925 71.86 39.51 0.00 -3.5404 0.1124 0.1124
3950 71.66 39.58 0.00 -6.0559 0.6288 0.6288
3975 71.66 39.58 0.00 -6.0559 0.6288 0.6288
4000 71.40 39.63 0.00 -6.5867 1.1371 1.1371
4025 71.15 39.58 0.00 -6.3683 4.2805 4.2805
4050 71.15 39.58 0.00 -6.3683 4.2805 4.2805
4075 70.93 39.56 0.00 -7.7117 5.0416 5.0416
4100 70.56 39.57 0.00 -9.1229 3.2340 3.2340
4125 70.29 39.57 0.00 -5.2324 4.5046 4.5046
4150 70.29 39.57 0.00 -5.2324 4.5046 4.5046
4175 70.11 39.61 0.00 -4.1820 3.7100 3.7100
4200 69.96 39.54 0.00 -3.2590 2.8065 2.8065
4225 69.96 39.54 0.00 -3.2590 2.8065 2.8065
4250 69.85 39.42 0.00 -2.5753 1.8245 1.8245
4275 69.76 39.25 0.00 -1.7323 -0.4440 -0.4440
4300 69.76 39.25 0.00 -1.7323 -0.4440 -0.4440
4325 69.69 38.99 0.00 -2.4967 0.0828 0.0828
4350 69.53 38.72 0.00 -5.5493 0.7388 0.7388
4375 69.53 38.72 0.00 -5.5493 0.7388 0.7388
4400 69.26 38.41 0.00 -6.6619 2.1996 2.1996
4425 69.02 38.07 0.00 -5.8642 0.3505 0.3505
4450 69.02 38.07 0.00 -5.8642 0.3505 0.3505
4475 68.82 37.83 0.00 -4.9046 -0.7351 -0.7351
4500 68.59 37.60 0.00 -6.4476 -0.0765 -0.0765
4525 68.35 37.35 0.00 -6.1506 1.0157 1.0157
4550 68.35 37.35 0.00 -6.1506 1.0157 1.0157
4575 68.01 37.08 0.00 -9.9367 -0.4277 -0.4277
4600 67.52 36.76 0.00 -13.7107 0.4206 0.4206
4625 67.00 36.48 0.00 -11.7156 0.9887 0.9887
4650 67.00 36.48 0.00 -11.7156 0.9887 0.9887
4675 66.57 36.35 0.00 -10.9196 -1.4465 -1.4465
4700 66.12 36.26 0.00 -10.7548 -2.0871 -2.0871
4725 66.12 36.26 0.00 -10.7548 -2.0871 -2.0871
4750 65.75 36.08 0.00 -8.6294 -1.3768 -1.3768
4775 65.45 35.83 0.00 -6.6875 -0.6682 -0.6682
4800 65.18 35.47 0.00 -7.1541 -1.1580 -1.1580
4825 65.18 35.47 0.00 -7.1541 -1.1580 -1.1580
4850 64.95 35.15 0.00 -4.8109 0.7752 0.7752
4875 64.84 35.01 0.00 -2.3012 0.2006 0.2006
4900 64.84 35.01 0.00 -2.3012 0.2006 0.2006
4925 64.80 34.90 0.00 -0.3499 0.7148 0.7148
4950 64.82 34.86 0.00 0.9073 0.2654 0.2654
4975 64.82 34.86 0.00 0.9073 0.2654 0.2654
5000 64.89 34.89 0.00 2.3399 0.0183 0.0183
5025 64.96 35.02 0.00 1.5060 -0.3795 -0.3795
5050 64.96 35.02 0.00 1.5060 -0.3795 -0.3795
5075 65.02 35.25 0.00 1.1199 -0.0038 -0.0038
5100 65.03 35.38 0.00 0.1960 -0.1414 -0.1414
5125 65.03 35.38 0.00 0.1960 -0.1414 -0.1414
5150 65.03 35.47 0.00 -0.2074 -0.5140 -0.5140
5175 65.03 35.47 0.00 0.0212 -0.8442 -0.8442
5200 65.03 35.45 0.00 -0.0609 -1.0384 -1.0384
5225 65.03 35.45 0.00 -0.0609 -1.0384 -1.0384
5250 65.03 35.49 0.00 0.5558 -0.9990 -0.9990
5275 65.11 35.62 0.00 2.4044 -0.5805 -0.5805
5300 65.11 35.62 0.00 2.4044 -0.5805 -0.5805
5325 65.21 35.90 0.00 2.5702 -0.2944 -0.2944
5350 65.28 36.05 0.00 1.4557 0.7048 0.7048
5375 65.34 36.02 0.00 1.5692 0.6326 0.6326
5400 65.34 36.02 0.00 1.5692 0.6326 0.6326
5425 65.37 35.93 0.00 0.3378 -0.8212 -0.8212
5450 65.36 35.84 0.00 -0.3916 0.7480 0.7480
5475 65.36 35.84 0.00 -0.3916 0.7480 0.7480
5500 65.36 35.80 0.00 -0.1526 1.0230 1.0230
5525 65.36 35.82 0.00 0.3818 -1.2716 -1.2716
5550 65.36 35.82 0.00 0.3818 -1.2716 -1.2716
5575 65.36 35.85 0.00 -0.8698 -1.7423 -1.7423
5600 65.30 35.91 0.00 -2.4512 -1.0713 -1.0713
5625 65.30 35.91 0.00 -2.4512 -1.0713 -1.0713
5650 65.19 35.97 0.00 -1.5328 0.5352 0.5352
5675 65.19 35.84 0.00 -0.0989 -1.1109 -1.1109
5700 65.21 35.63 0.00 0.6634 1.6969 1.6969
5725 65.21 35.63 0.00 0.6634 1.6969 1.6969
5750 65.18 35.52 0.00 -1.9211 2.4096 2.4096
5775 65.11 35.58 0.00 -0.8731 3.7263 3.7263
5800 65.11 35.58 0.00 -0.8731 3.7263 3.7263
5825 65.14 35.54 0.00 1.2510 0.4006 0.4006
5850 65.21 35.50 0.00 1.9523 0.7434 0.7434
5875 65.25 35.46 0.00 -0.0670 -0.2676 -0.2676
5900 65.25 35.46 0.00 -0.0670 -0.2676 -0.2676
5925 65.21 35.39 0.00 -1.3052 -0.8344 -0.8344
5950 65.16 35.35 0.00 -1.2228 -0.8563 -0.8563
5975 65.16 35.35 0.00 -1.2228 -0.8563 -0.8563
6000 65.16 35.37 0.00 0.8779 -0.5779 -0.5779
6025 65.23 35.44 0.00 2.2532 -0.4253 -0.4253
6050 65.23 35.44 0.00 2.2532 -0.4253 -0.4253
6075 65.30 35.52 0.00 1.1398 0.0659 0.0659
6100 65.28 35.52 0.00 -0.8552 0.3971 0.3971
6125 65.25 35.52 0.00 -1.0228 -0.5568 -0.5568
6150 65.25 35.52 0.00 -1.0228 -0.5568 -0.5568
6175 65.23 35.52 0.00 0.1882 0.0912 0.0912
6200 65.23 35.50 0.00 -0.2998 0.6132 0.6132
6225 65.23 35.50 0.00 -0.2998 0.6132 0.6132
6250 65.19 35.48 0.00 -1.3714 0.7927 0.7927
6275 65.11 35.53 0.00 -2.6777 0.7715 0.7715
6300 65.11 35.53 0.00 -2.6777 0.7715 0.7715
6325 65.05 35.58 0.00 -0.4651 0.5197 0.5197
6350 65.09 35.70 0.00 1.6821 4.0404 4.0404
6375 65.09 35.70 0.00 1.6821 4.0404 4.0404
6400 65.07 35.75 0.00 -2.0552 2.8227 2.8227
6425 64.93 35.72 0.00 -3.7055 3.4082 3.4082
6450 64.84 35.69 0.00 -2.6421 3.0204 3.0204
6475 64.84 35.69 0.00 -2.6421 3.0204 3.0204
6500 64.75 35.67 0.00 -1.5450 0.5585 0.5585
6525 64.73 35.62 0.00 -0.9726 0.5426 0.5426
6550 64.73 35.62 0.00 -0.9726 0.5426 0.5426
6575 64.68 35.56 0.00 -0.8938 2.4575 2.4575
6600 64.62 35.51 0.00 -1.5169 3.8413 3.8413
6625 64.62 35.51 0.00 -1.5169 3.8413 3.8413
6650 64.55 35.43 0.00 -1.5850 3.1108 3.1108
6675 64.53 35.23 0.00 0.1928 2.3247 2.3247
6700 64.53 35.23 0.00 0.1928 2.3247 2.3247
6725 64.55 35.02 0.00 0.5830 0.4664 0.4664
6750 64.57 34.89 0.00 0.0319 1.2198 1.2198
6775 64.57 34.77 0.00 0.0078 1.6395 1.6395
6800 64.57 34.77 0.00 0.0078 1.6395 1.6395
6825 64.57 34.64 0.00 -0.2738 0.4105 0.4105
6850 64.52 34.57 0.00 -1.5135 -0.7713 -0.7713
6875 64.52 34.57 0.00 -1.5135 -0.7713 -0.7713
6900 64.45 34.46 0.00 -1.7062 -0.8370 -0.8370
6925 64.39 34.32 0.00 -1.3393 -0.1902 -0.1902
6950 64.36 34.21 0.00 -0.8135 -0.1232 -0.1232
6975 64.36 34.21 0.00 -0.8135 -0.1232 -0.1232
7000 64.32 34.14 0.00 -0.9303 -0.6887 -0.6887
7025 64.27 34.06 0.00 -1.0929 -1.0133 -1.0133
7050 64.27 34.06 0.00 -1.0929 -1.0133 -1.0133
7075 64.23 34.03 0.00 -0.4388 -0.1776 -0.1776
7100 64.25 34.01 0.00 1.0971 0.1383 0.1383
7125 64.29 34.03 0.00 0.1272 -1.0866 -1.0866
7150 64.29 34.03 0.00 0.1272 -1.0866 -1.0866
7175 64.25 34.10 0.00 -1.2318 -1.4157 -1.4157
7200 64.25 34.22 0.00 0.2158 0.5690 0.5690
7225 64.25 34.22 0.00 0.2158 0.5690 0.5690
7250 64.27 34.27 0.00 0.5319 -0.9932 -0.9932
7275 64.27 34.27 0.00 0.5319 -0.9932 -0.9932
7300 64.27 34.33 0.00 0.2201 -1.2417 -1.2417
7325 64.23 34.39 0.00 -1.4758 0.0735 0.0735
7350 64.18 34.37 0.00 -1.4790 0.4511 0.4511
7375 64.18 34.37 0.00 -1.4790 0.4511 0.4511
7400 64.14 34.39 0.00 -0.7098 -0.5830 -0.5830
7425 64.13 34.39 0.00 0.5029 0.9183 0.9183
7450 64.18 34.30 0.00 1.5032 1.7796 1.7796
7475 64.18 34.30 0.00 1.5032 1.7796 1.7796
7500 64.23 34.20 0.00 1.4076 1.4888 1.4888
7525 64.29 34.08 0.00 0.9895 0.7799 0.7799
7550 64.29 34.08 0.00 0.9895 0.7799 0.7799
7575 64.32 33.97 0.00 1.1918 0.9558 0.9558
7600 64.36 33.91 0.00 0.9632 1.0090 1.0090
7625 64.36 33.91 0.00 0.9632 1.0090 1.0090
7650 64.39 33.89 0.00 0.4235 -0.0541 -0.0541
7675 64.37 33.91 0.00 -0.9108 -0.9305 -0.9305
7700 64.29 33.89 0.00 -2.4969 -0.7589 -0.7589
7725 64.29 33.89 0.00 -2.4969 -0.7589 -0.7589
7750 64.20 33.86 0.00 -1.6025 -0.2225 -0.2225
7775 64.20 33.84 0.00 0.3752 -0.8485 -0.8485
7800 64.20 33.84 0.00 0.3752 -0.8485 -0.8485
7825 64.21 33.74 0.00 0.7582 -1.0930 -1.0930
7850 64.21 33.65 0.00 -0.7772 -0.7801 -0.7801
7875 64.21 33.65 0.00 -0.7772 -0.7801 -0.7801
7900 64.14 33.54 0.00 -2.0761 -0.0652 -0.0652
7925 64.07 33.41 0.00 -1.5026 -0.1040 -0.1040
7950 64.07 33.41 0.00 -1.5026 -0.1040 -0.1040
7975 64.05 33.31 0.00 -0.2335 -0.3449 -0.3449
8000 64.05 33.16 0.00 -0.0495 -0.1741 -0.1741
8025 64.05 33.10 0.00 -0.3147 -0.5738 -0.5738
8050 64.05 33.10 0.00 -0.3147 -0.5738 -0.5738
8075 64.02 33.07 0.00 -0.7857 0.6899 0.6899
8100 63.98 33.05 0.00 -0.7730 0.2098 0.2098
8125 63.97 33.11 0.00 -0.8486 -1.3228 -1.3228
8150 63.97 33.11 0.00 -0.8486 -1.3228 -1.3228
8175 63.91 33.20 0.00 -1.9332 -0.6446 -0.6446
8200 63.82 33.26 0.00 -2.1702 0.6512 0.6512
8225 63.82 33.26 0.00 -2.1702 0.6512 0.6512
8250 63.75 33.34 0.00 -1.6140 0.0472 0.0472
8275 63.64 33.37 0.00 -2.6347 -0.9813 -0.9813
8300 63.64 33.37 0.00 -2.6347 -0.9813 -0.9813
8325 63.54 33.33 0.00 -3.0133 1.2434 1.2434
8350 63.40 33.34 0.00 -4.3363 1.6872 1.6872
8375 63.40 33.34 0.00 -4.3363 1.6872 1.6872
8400 63.24 33.36 0.00 -3.3558 3.2718 3.2718
8425 63.09 33.41 0.00 -3.6739 1.6589 1.6589
8450 63.09 33.41 0.00 -3.6739 1.6589 1.6589
8475 62.95 33.45 0.00 -3.2632 0.4158 0.4158
8500 62.83 33.51 0.00 -3.2103 -0.8564 -0.8564
8525 62.83 33.51 0.00 -3.2103 -0.8564 -0.8564
8550 62.70 33.50 0.00 -2.5207 0.0620 0.0620
8575 62.63 33.40 0.00 -1.4122 1.1765 1.1765
8600 62.60 33.29 0.00 -0.2457 1.7093 1.7093
8625 62.60 33.29 0.00 -0.2457 1.7093 1.7093
8650 62.63 33.16 0.00 1.0765 1.4687 1.4687
8675 62.67 33.06 0.00 1.3167 1.5119 1.5119
8700 62.67 33.06 0.00 1.3167 1.5119 1.5119
8725 62.74 33.00 0.00 1.3338 1.0145 1.0145
8750 62.79 33.02 0.00 1.4278 0.3190 0.3190
8775 62.83 33.05 0.00 0.5814 0.8551 0.8551
8800 62.83 33.05 0.00 0.5814 0.8551 0.8551
8825 62.85 33.07 0.00 0.4483 0.7171 0.7171
8850 62.86 33.07 0.00 0.3344 0.0411 0.0411
8875 62.86 33.07 0.00 0.3344 0.0411 0.0411
8900 62.85 33.02 0.00 -0.6912 -2.2493 -2.2493
8925 62.81 33.02 0.00 -0.7326 -2.9062 -2.9062
8950 62.83 33.02 0.00 1.1297 -0.9382 -0.9382
8975 62.83 33.02 0.00 1.1297 -0.9382 -0.9382
9000 62.88 33.09 0.00 1.4358 -1.3841 -1.3841
9025 62.92 33.20 0.00 -0.2938 -1.2082 -1.2082
9050 62.92 33.20 0.00 -0.2938 -1.2082 -1.2082
9075 62.86 33.22 0.00 -1.4073 -0.1920 -0.1920
9100 62.81 33.19 0.00 -1.3450 -0.4612 -0.4612
9125 62.81 33.19 0.00 -1.3450 -0.4612 -0.4612
9150 62.76 33.11 0.00 -1.5304 -2.5004 -2.5004
9175 62.72 32.96 0.00 -0.3361 0.2619 0.2619
9200 62.70 32.81 0.00 -0.1937 0.2091 0.2091
9225 62.70 32.81 0.00 -0.1937 0.2091 0.2091
9250 62.70 32.73 0.00 -0.1401 -0.5478 -0.5478
9275 62.70 32.72 0.00 -0.0289 -0.9854 -0.9854
9300 62.70 32.72 0.00 -0.0289 -0.9854 -0.9854
9325 62.70 32.73 0.00 0.1580 0.3170 0.3170
9350 62.74 32.77 0.00 0.8618 0.9570 0.9570
9375 62.77 32.81 0.00 0.7791 0.0214 0.0214
9400 62.77 32.81 0.00 0.7791 0.0214 0.0214
9425 62.77 32.83 0.00 -0.3514 0.3510 0.3510
9450 62.74 32.81 0.00 -1.3315 0.8258 0.8258
9475 62.74 32.81 0.00 -1.3315 0.8258 0.8258
9500 62.72 32.79 0.00 0.4040 0.5226 0.5226
9525 62.77 32.83 0.00 0.8555 -0.1064 -0.1064
9550 62.77 32.83 0.00 0.8555 -0.1064 -0.1064
9575 62.76 32.85 0.00 -0.6309 -0.6356 -0.6356
9600 62.72 32.89 0.00 -1.2176 -0.8455 -0.8455
9625 62.72 32.89 0.00 -1.2176 -0.8455 -0.8455
9650 62.69 32.91 0.00 -0.5631 -0.7378 -0.7378
9675 62.69 32.91 0.00 -0.1043 -0.4784 -0.4784
9700 62.69 32.91 0.00 -0.1043 -0.4784 -0.4784
9725 62.65 32.91 0.00 -1.2083 -0.5227 -0.5227
9750 62.60 32.89 0.00 -1.8087 -1.3238 -1.3238
9775 62.51 32.86 0.00 -2.2454 -2.3544 -2.3544
9800 62.51 32.86 0.00 -2.2454 -2.3544 -2.3544
9825 62.44 32.82 0.00 -1.3027 0.6687 0.6687
9850 62.38 32.77 0.00 -1.6785 -0.4225 -0.4225
9875 62.31 32.71 0.00 -2.1072 -1.9478 -1.9478
9900 62.31 32.71 0.00 -2.1072 -1.9478 -1.9478
9925 62.21 32.64 0.00 -2.5500 -1.3504 -1.3504
9950 62.21 32.64 0.00 -2.5500 -1.3504 -1.3504
9975 62.12 32.58 0.00 -2.1236 0.2336 0.2336
10000 62.05 32.53 0.00 -1.6841 0.0420 0.0420
10025 62.05 32.53 0.00 -1.6841 0.0420 0.0420
10050 61.98 32.40 0.00 -1.9051 1.0062 1.0062
10075 61.87 32.17 0.00 -2.8214 0.9722 0.9722
10100 61.75 31.97 0.00 -2.9402 0.9734 0.9734
10125 61.75 31.97 0.00 -2.9402 0.9734 0.9734
10150 61.62 31.78 0.00 -3.1570 0.6064 0.6064
10175 61.52 31.61 0.00 -1.9713 1.1575 1.1575
10200 61.48 31.54 0.00 -0.5379 0.7336 0.7336
10225 61.48 31.54 0.00 -0.5379 0.7336 0.7336
10250 61.46 31.54 0.00 -0.6032 -0.1382 -0.1382
10275 61.41 31.56 0.00 -1.8165 -0.4394 -0.4394
10300 61.41 31.56 0.00 -1.8165 -0.4394 -0.4394
10325 61.34 31.54 0.00 -2.6497 -0.7767 -0.7767
10350 61.23 31.56 0.00 -2.3490 -0.7856 -0.7856
10375 61.16 31.57 0.00 -1.2483 -0.3184 -0.3184
10400 61.16 31.57 0.00 -1.2483 -0.3184 -0.3184
10425 61.15 31.53 0.00 -0.4428 -0.2596 -0.2596
10450 61.09 31.47 0.00 -1.1785 -0.8583 -0.8583
10475 61.09 31.47 0.00 -1.1785 -0.8583 -0.8583
10500 61.06 31.49 0.00 -0.9952 -0.3104 -0.3104
10525 61.04 31.53 0.00 0.2627 0.0269 0.0269
10550 61.04 31.53 0.00 0.2627 0.0269 0.0269
10575 61.06 31.57 0.00 0.5597 0.3372 0.3372
10600 61.09 31.59 0.00 0.7626 0.5326 0.5326
10625 61.09 31.59 0.00 0.7626 0.5326 0.5326
10650 61.11 31.61 0.00 0.4884 -0.6991 -0.6991
10675 61.15 31.62 0.00 1.3150 0.5144 0.5144
10700 61.15 31.62 0.00 1.3150 0.5144 0.5144
10725 61.22 31.64 0.00 1.4022 1.2465 1.2465
10750 61.25 31.66 0.00 0.3696 -0.2851 -0.2851
10775 61.22 31.66 0.00 -1.4340 -1.4290 -1.4290
10800 61.22 31.66 0.00 -1.4340 -1.4290 -1.4290
10825 61.13 31.59 0.00 -2.4601 -0.8737 -0.8737
10850 61.06 31.47 0.00 -0.9724 1.1846 1.1846
10875 61.06 31.47 0.00 -0.9724 1.1846 1.1846
10900 61.04 31.36 0.00 -0.5821 -1.9377 -1.9377
10925 61.00 31.24 0.00 -0.7772 -0.4252 -0.4252
10950 60.97 31.19 0.00 -0.9872 0.6684 0.6684
10975 60.97 31.19 0.00 -0.9872 0.6684 0.6684
11000 60.93 31.25 0.00 -0.8003 1.3800 1.3800
11025 60.93 31.25 0.00 -0.8003 1.3800 1.3800
11050 60.88 31.34 0.00 -2.3624 0.6157 0.6157
11075 60.76 31.37 0.00 -3.3587 1.0924 1.0924
11100 60.62 31.33 0.00 -3.2116 -0.1703 -0.1703
11125 60.62 31.33 0.00 -3.2116 -0.1703 -0.1703
11150 60.48 31.32 0.00 -3.8390 -1.5686 -1.5686
11175 60.37 31.30 0.00 -4.0324 -0.7835 -0.7835
11200 60.37 31.30 0.00 -4.0324 -0.7835 -0.7835
11225 60.21 31.31 0.00 -3.2634 -0.4928 -0.4928
11250 60.14 31.33 0.00 -0.9372 -0.6273 -0.6273
11275 60.14 31.37 0.00 0.6633 -0.7314 -0.7314
11300 60.14 31.37 0.00 0.6633 -0.7314 -0.7314
11325 60.16 31.37 0.00 -0.0596 -0.2030 -0.2030
11350 60.14 31.35 0.00 -0.7869 0.6590 0.6590
11375 60.14 31.35 0.00 -0.7869 0.6590 0.6590
11400 60.12 31.29 0.00 0.0917 0.0980 0.0980
11425 60.14 31.23 0.00 0.6050 -0.5592 -0.5592
11450 60.16 31.21 0.00 0.3112 -0.4484 -0.4484
11475 60.16 31.21 0.00 0.3112 -0.4484 -0.4484
11500 60.18 31.21 0.00 0.2388 -0.1994 -0.1994
11525 60.18 31.19 0.00 -0.1448 -1.0860 -1.0860
11550 60.18 31.19 0.00 -0.1448 -1.0860 -1.0860
11575 60.18 31.19 0.00 0.6585 0.7469 0.7469
11600 60.21 31.19 0.00 0.9334 0.9246 0.9246
11625 60.21 31.19 0.00 0.9334 0.9246 0.9246
11650 60.25 31.23 0.00 1.0508 -0.7843 -0.7843
11675 60.26 31.25 0.00 -0.3572 -0.8029 -0.8029
11700 60.21 31.25 0.00 -1.7362 -0.1219 -0.1219
11725 60.21 31.25 0.00 -1.7362 -0.1219 -0.1219
11750 60.16 31.25 0.00 -1.0677 0.2791 0.2791
11775 60.14 31.20 0.00 0.5092 -1.4583 -1.4583
11800 60.14 31.20 0.00 0.5092 -1.4583 -1.4583
11825 60.21 31.12 0.00 1.2731 0.3296 0.3296
11850 60.23 31.06 0.00 0.5263 0.9670 0.9670
11875 60.23 31.06 0.00 0.5263 0.9670 0.9670
11900 60.25 31.02 0.00 0.1854 0.6985 0.6985
11925 60.25 31.00 0.00 0.4716 0.2892 0.2892
11950 60.25 31.00 0.00 0.4716 0.2892 0.2892
11975 60.28 31.02 0.00 0.7392 1.1206 1.1206
12000 60.30 31.08 0.00 0.2108 0.0293 0.0293
12025 60.28 31.11 0.00 -0.7318 -0.4904 -0.4904
12050 60.28 31.11 0.00 -0.7318 -0.4904 -0.4904
12075 60.23 31.08 0.00 -1.7705 -0.3436 -0.3436
12100 60.16 31.10 0.00 -1.7157 -0.4666 -0.4666
12125 60.16 31.10 0.00 -1.7157 -0.4666 -0.4666
12150 60.12 31.12 0.00 -0.3267 -0.4004 -0.4004
12175 60.10 31.14 0.00 -0.4857 -0.3062 -0.3062
12200 60.07 31.14 0.00 -0.6276 0.6934 0.6934
12225 60.07 31.14 0.00 -0.6276 0.6934 0.6934
12250 60.05 31.12 0.00 -1.0409 0.0950 0.0950
12275 60.00 31.07 0.00 -0.9657 0.2206 0.2206
12300 60.00 31.07 0.00 -0.9657 0.2206 0.2206
12325 59.96 30.97 0.00 -0.7266 0.3843 0.3843
12350 59.93 30.84 0.00 -1.7865 0.3044 0.3044
12375 59.86 30.76 0.00 -1.4824 0.3438 0.3438
12400 59.86 30.76 0.00 -1.4824 0.3438 0.3438
12425 59.79 30.69 0.00 -2.3955 -0.4529 -0.4529
12450 59.59 30.62 0.00 -6.3511 -0.4018 -0.4018
12475 59.59 30.62 0.00 -6.3511 -0.4018 -0.4018
12500 59.29 30.59 0.00 -6.4999 2.4232 2.4232
12525 59.10 30.59 0.00 -4.4771 1.4811 1.4811
12550 59.10 30.59 0.00 -4.4771 1.4811 1.4811
12575 59.01 30.60 0.00 -0.3392 -0.0763 -0.0763
12600 59.05 30.58 0.00 1.3081 -0.3866 -0.3866
12625 59.05 30.58 0.00 1.3081 -0.3866 -0.3866
12650 59.08 30.50 0.00 0.1068 0.4462 0.4462
12675 59.08 30.50 0.00 0.1068 0.4462 0.4462
12700 59.00 30.36 0.00 -1.6298 -1.7988 -1.7988
12725 59.00 30.36 0.00 -1.6298 -1.7988 -1.7988
12750 58.96 30.25 0.00 -0.2609 0.2075 0.2075
12775 58.94 30.15 0.00 -0.6759 -0.4110 -0.4110
12800 58.94 30.15 0.00 -0.6759 -0.4110 -0.4110
12825 58.92 30.08 0.00 -0.4472 -0.4303 -0.4303
12850 58.92 29.98 0.00 0.4850 0.1044 0.1044
12875 58.92 29.98 0.00 0.4850 0.1044 0.1044
12900 58.98 29.92 0.00 1.4212 0.8569 0.8569
12925 59.03 29.94 0.00 1.0070 -0.0616 -0.0616
12950 59.03 29.98 0.00 -0.0406 -0.7402 -0.7402
12975 59.03 29.98 0.00 -0.0406 -0.7402 -0.7402
13000 59.00 30.02 0.00 -0.9915 -0.2805 -0.2805
13025 58.98 30.02 0.00 -0.1356 0.5673 0.5673
13050 58.98 30.02 0.00 -0.1356 0.5673 0.5673
13075 59.00 30.02 0.00 0.8542 -0.2479 -0.2479
13100 59.03 30.02 0.00 0.3811 -0.9805 -0.9805
13125 59.03 30.02 0.00 0.3811 -0.9805 -0.9805
13150 59.03 30.02 0.00 -0.4742 -0.1477 -0.1477
13175 59.00 30.02 0.00 -0.6308 -0.3773 -0.3773
13200 59.00 30.04 0.00 0.2335 -0.6353 -0.6353
13225 59.00 30.04 0.00 0.2335 -0.6353 -0.6353
13250 59.01 30.04 0.00 0.3260 -0.0484 -0.0484
13275 59.01 30.02 0.00 -0.0049 0.3553 0.3553
13300 59.01 30.02 0.00 -0.0049 0.3553 0.3553
13325 59.01 30.00 0.00 0.0278 -0.7480 -0.7480
13350 59.01 30.06 0.00 0.3614 -0.8769 -0.8769
13375 59.01 30.06 0.00 0.3614 -0.8769 -0.8769
13400 59.00 30.11 0.00 -0.7103 -0.4380 -0.4380
13425 58.96 30.15 0.00 -1.2324 0.7488 0.7488
13450 58.92 30.21 0.00 -1.0140 0.2961 0.2961
13475 58.92 30.21 0.00 -1.0140 0.2961 0.2961
13500 58.85 30.27 0.00 -2.1288 -0.4087 -0.4087
13525 58.78 30.29 0.00 -1.7287 -0.5432 -0.5432
13550 58.78 30.29 0.00 -1.7287 -0.5432 -0.5432
13575 58.78 30.26 0.00 1.0613 0.3953 0.3953
13600 58.85 30.23 0.00 1.9281 -0.2163 -0.2163
13625 58.87 30.16 0.00 -0.7332 -0.8812 -0.8812
13650 58.87 30.16 0.00 -0.7332 -0.8812 -0.8812
13675 58.84 30.02 0.00 -0.6107 2.2104 2.2104
13700 58.85 29.83 0.00 0.8055 0.7854 0.7854
13725 58.85 29.83 0.00 0.8055 0.7854 0.7854
13750 58.89 29.62 0.00 1.1118 0.5959 0.5959
13775 58.89 29.42 0.00 -0.9190 0.2518 0.2518
13800 58.89 29.42 0.00 -0.9190 0.2518 0.2518
13825 58.84 29.23 0.00 -1.2402 0.5521 0.5521
13850 58.78 29.10 0.00 -1.1694 -0.6251 -0.6251
13875 58.77 28.96 0.00 -0.3176 -1.8261 -1.8261
13900 58.77 28.96 0.00 -0.3176 -1.8261 -1.8261
13925 58.75 28.88 0.00 -0.8621 -2.6687 -2.6687
13950 58.66 28.91 0.00 -2.5907 -0.8962 -0.8962
13975 58.66 28.91 0.00 -2.5907 -0.8962 -0.8962
14000 58.57 28.93 0.00 -1.8455 -0.5671 -0.5671
14025 58.54 28.93 0.00 -0.2085 -1.1662 -1.1662
14050 58.54 28.93 0.00 -0.2085 -1.1662 -1.1662
14075 58.52 29.01 0.00 -0.7892 -1.5850 -1.5850
14100 58.49 29.08 0.00 -1.1150 -0.6174 -0.6174
14125 58.49 29.08 0.00 -1.1150 -0.6174 -0.6174
14150 58.40 29.16 0.00 -2.8087 -0.3669 -0.3669
14175 58.26 29.25 0.00 -4.4779 -1.1702 -1.1702
14200 58.05 29.29 0.00 -4.9105 -0.1831 -0.1831
14225 58.05 29.29 0.00 -4.9105 -0.1831 -0.1831
14250 57.91 29.31 0.00 -2.4984 -1.0869 -1.0869
14275 57.87 29.33 0.00 -0.5837 -1.9270 -1.9270
14300 57.87 29.33 0.00 -0.5837 -1.9270 -1.9270
14325 57.91 29.33 0.00 1.6442 1.1219 1.1219
14350 57.96 29.37 0.00 1.2418 1.5507 1.5507
14375 57.99 29.43 0.00 -0.0420 0.1235 0.1235
14400 57.99 29.43 0.00 -0.0420 0.1235 0.1235
14425 57.96 29.49 0.00 -1.3691 0.2836 0.2836
14450 57.91 29.53 0.00 -0.7032 0.4652 0.4652
14475 57.91 29.53 0.00 -0.7032 0.4652 0.4652
14500 57.92 29.51 0.00 0.8074 0.2555 0.2555
14525 57.94 29.41 0.00 0.4373 -0.6659 -0.6659
14550 57.94 29.41 0.00 0.4373 -0.6659 -0.6659
14575 57.94 29.29 0.00 -0.5269 1.1528 1.1528
14600 57.92 29.22 0.00 -0.1593 0.0163 0.0163
14625 57.94 29.18 0.00 0.4972 -0.6413 -0.6413
14650 57.94 29.18 0.00 0.4972 -0.6413 -0.6413
14675 57.94 29.14 0.00 0.1804 0.8950 0.8950
14700 57.94 29.14 0.00 0.1804 0.8950 0.8950
14725 57.96 29.10 0.00 0.4976 1.5166 1.5166
14750 57.99 29.08 0.00 0.9557 -0.9598 -0.9598
14775 58.01 29.10 0.00 -0.1765 -1.3645 -1.3645
14800 58.01 29.10 0.00 -0.1765 -1.3645 -1.3645
14825 57.96 29.08 0.00 -1.6564 -0.1863 -0.1863
14850 57.89 29.10 0.00 -1.5291 -0.0692 -0.0692
14875 57.85 29.18 0.00 -0.6917 -1.1023 -1.1023
14900 57.85 29.18 0.00 -0.6917 -1.1023 -1.1023
14925 57.84 29.22 0.00 -0.7279 -0.8700 -0.8700
14950 57.78 29.26 0.00 -1.1441 -0.0094 -0.0094
14975 57.75 29.32 0.00 -1.0113 -0.5394 -0.5394
15000 57.75 29.32 0.00 -1.0113 -0.5394 -0.5394
15025 57.73 29.38 0.00 -0.0302 0.2908 0.2908
15050 57.73 29.38 0.00 -0.0302 0.2908 0.2908
15075 57.73 29.40 0.00 0.2997 0.9065 0.9065
15100 57.73 29.38 0.00 -0.5964 2.1734 2.1734
15125 57.68 29.40 0.00 -1.6215 1.9363 1.9363
15150 57.68 29.40 0.00 -1.6215 1.9363 1.9363
15175 57.59 29.48 0.00 -2.1036 -1.0625 -1.0625
15200 57.55 29.50 0.00 0.0232 1.8316 1.8316
15225 57.55 29.50 0.00 0.0232 1.8316 1.8316
15250 57.59 29.50 0.00 1.1329 1.6783 1.6783
15275 57.61 29.48 0.00 -0.0377 -0.9242 -0.9242
15300 57.61 29.48 0.00 -0.0377 -0.9242 -0.9242
15325 57.55 29.44 0.00 -2.1314 -0.3245 -0.3245
15350 57.45 29.38 0.00 -2.6158 -0.4443 -0.4443
15375 57.45 29.38 0.00 -2.6158 -0.4443 -0.4443
15400 57.36 29.33 0.00 -2.5202 -1.9995 -1.9995
15425 57.20 29.19 0.00 -4.1998 -3.4909 -3.4909
15450 57.06 28.93 0.00 -3.3365 0.4467 0.4467
15475 57.06 28.93 0.00 -3.3365 0.4467 0.4467
15500 56.92 28.62 0.00 -3.9542 0.8127 0.8127
15525 56.73 28.43 0.00 -5.3416 0.8855 0.8855
15550 56.50 28.34 0.00 -5.9317 0.6592 0.6592
15575 56.50 28.34 0.00 -5.9317 0.6592 0.6592
15600 56.31 28.32 0.00 -3.7919 1.0472 1.0472
15625 56.24 28.40 0.00 -0.9491 -0.5606 -0.5606
15650 56.24 28.40 0.00 -0.9491 -0.5606 -0.5606
15675 56.19 28.48 0.00 -2.2434 -2.1590 -2.1590
15700 56.03 28.48 0.00 -4.5188 -1.3112 -1.3112
15725 56.03 28.48 0.00 -4.5188 -1.3112 -1.3112
15750 55.85 28.47 0.00 -3.5699 -1.1586 -1.1586
15775 55.78 28.45 0.00 -1.9659 -1.6827 -1.6827
15800 55.78 28.45 0.00 -1.9659 -1.6827 -1.6827
15825 55.77 28.43 0.00 0.3177 -2.0569 -2.0569
15850 55.82 28.43 0.00 1.2357 -1.0315 -1.0315
15875 55.84 28.47 0.00 -0.6007 -0.8641 -0.8641
15900 55.84 28.47 0.00 -0.6007 -0.8641 -0.8641
15925 55.78 28.55 0.00 -1.2614 -0.2236 -0.2236
15950 55.77 28.57 0.00 -0.0093 0.2165 0.2165
15975 55.77 28.57 0.00 -0.0093 0.2165 0.2165
16000 55.80 28.53 0.00 1.5125 -0.4256 -0.4256
16025 55.84 28.47 0.00 0.2406 -1.8909 -1.8909
16050 55.80 28.41 0.00 -1.6432 -1.6690 -1.6690
16075 55.80 28.41 0.00 -1.6432 -1.6690 -1.6690
16100 55.75 28.31 0.00 -0.3572 0.7605 0.7605
16125 55.78 28.27 0.00 1.1292 -0.4833 -0.4833
16150 55.78 28.27 0.00 1.1292 -0.4833 -0.4833
16175 55.80 28.31 0.00 0.2730 -1.3434 -1.3434
16200 55.77 28.31 0.00 -1.8124 0.2219 0.2219
16225 55.77 28.31 0.00 -1.8124 0.2219 0.2219
16250 55.70 28.30 0.00 -1.1373 -0.0368 -0.0368
16275 55.70 28.24 0.00 0.3686 -1.3552 -1.3552
16300 55.71 28.16 0.00 0.7417 0.3461 0.3461
16325 55.71 28.16 0.00 0.7417 0.3461 0.3461
16350 55.73 28.06 0.00 0.3415 1.1808 1.1808
16375 55.77 28.04 0.00 0.7490 0.1962 0.1962
16400 55.77 28.04 0.00 0.7490 0.1962 0.1962
16425 55.77 28.06 0.00 -0.4141 -0.6357 -0.6357
16450 55.71 28.08 0.00 -1.2709 0.4625 0.4625
16475 55.71 28.08 0.00 -1.2709 0.4625 0.4625
16500 55.70 28.12 0.00 0.0313 1.0109 1.0109
16525 55.71 28.16 0.00 0.3196 -0.7320 -0.7320
16550 55.71 28.16 0.00 0.3196 -0.7320 -0.7320
16575 55.70 28.18 0.00 -0.8387 -0.6934 -0.6934
16600 55.68 28.18 0.00 -0.8942 0.0552 0.0552
16625 55.66 28.18 0.00 0.4622 -0.0726 -0.0726
16650 55.66 28.18 0.00 0.4622 -0.0726 -0.0726
16675 55.68 28.16 0.00 0.1660 -0.7507 -0.7507
16700 55.66 28.12 0.00 -0.7930 -0.1991 -0.1991
16725 55.66 28.12 0.00 -0.7930 -0.1991 -0.1991
16750 55.61 28.06 0.00 -1.4542 -0.3118 -0.3118
16775 55.54 28.03 0.00 -2.0558 -0.7462 -0.7462
16800 55.54 28.03 0.00 -2.0558 -0.7462 -0.7462
16825 55.43 27.95 0.00 -3.7082 -0.7517 -0.7517
16850 55.17 27.88 0.00 -8.0897 -1.1843 -1.1843
16875 55.17 27.88 0.00 -8.0897 -1.1843 -1.1843
16900 54.79 27.77 0.00 -10.1632 -0.4903 -0.4903
16925 54.51 27.65 0.00 -4.4549 -1.2007 -1.2007
16950 54.44 27.58 0.00 -1.0498 -3.0355 -3.0355
16975 54.35 27.48 0.00 -2.2265 -0.7038 -0.7038
17000 54.35 27.48 0.00 -2.2265 -0.7038 -0.7038
17025 54.35 27.38 0.00 1.2452 1.2355 1.2355
17050 54.47 27.26 0.00 3.6561 -1.6175 -1.6175
17075 54.47 27.26 0.00 3.6561 -1.6175 -1.6175
17100 54.54 27.14 0.00 0.3844 -1.5613 -1.5613
17125 54.45 27.05 0.00 -3.5584 0.5623 0.5623
17150 54.45 27.05 0.00 -3.5584 0.5623 0.5623
17175 54.33 26.95 0.00 -2.2578 0.6650 0.6650
17200 54.30 26.85 0.00 -0.2981 -1.9010 -1.9010
17225 54.30 26.85 0.00 -0.2981 -1.9010 -1.9010
17250 54.31 26.76 0.00 0.9212 0.6870 0.6870
17275 54.37 26.66 0.00 1.9602 1.8024 1.8024
17300 54.37 26.66 0.00 1.9602 1.8024 1.8024
17325 54.47 26.62 0.00 2.4665 1.6516 1.6516
17350 54.54 26.58 0.00 1.2716 0.4514 0.4514
17375 54.58 26.58 0.00 0.8647 1.0926 1.0926
17400 54.58 26.58 0.00 0.8647 1.0926 1.0926
17425 54.59 26.58 0.00 0.3801 1.0651 1.0651
17450 54.61 26.59 0.00 -0.0768 0.7729 0.7729
17475 54.61 26.59 0.00 -0.0768 0.7729 0.7729
17500 54.58 26.63 0.00 -1.1898 -0.8030 -0.8030
17525 54.51 26.67 0.00 -1.4638 -0.5509 -0.5509
17550 54.47 26.68 0.00 -0.2006 0.4055 0.4055
17575 54.47 26.68 0.00 -0.2006 0.4055 0.4055
17600 54.49 26.66 0.00 0.5885 -0.1238 -0.1238
17625 54.49 26.66 0.00 0.5885 -0.1238 -0.1238
17650 54.51 26.64 0.00 -0.0651 -0.4933 -0.4933
17675 54.47 26.60 0.00 -0.9187 -0.5130 -0.5130
17700 54.45 26.58 0.00 -0.0317 0.4974 0.4974
17725 54.45 26.58 0.00 -0.0317 0.4974 0.4974
17750 54.47 26.54 0.00 0.4981 0.7428 0.7428
17775 54.47 26.46 0.00 -0.7756 0.1509 0.1509
17800 54.42 26.38 0.00 -1.5055 -0.0956 -0.0956
17825 54.42 26.38 0.00 -1.5055 -0.0956 -0.0956
17850 54.37 26.30 0.00 -0.4601 0.2793 0.2793
17875 54.37 26.26 0.00 0.0289 -1.0404 -1.0404
17900 54.35 26.26 0.00 -1.2506 -3.1050 -3.1050
17925 54.35 26.26 0.00 -1.2506 -3.1050 -3.1050
17950 54.26 26.29 0.00 -1.9178 -2.2711 -2.2711
17975 54.26 26.29 0.00 -1.9178 -2.2711 -2.2711
18000 54.23 26.33 0.00 0.2077 0.6598 0.6598
18025 54.28 26.34 0.00 1.4322 0.6249 0.6249
18050 54.28 26.34 0.00 1.4322 0.6249 0.6249
18075 54.30 26.34 0.00 -0.6910 -0.5958 -0.5958
18100 54.19 26.31 0.00 -3.1842 -1.3368 -1.3368
18125 54.19 26.31 0.00 -3.1842 -1.3368 -1.3368
18150 54.07 26.29 0.00 -2.7153 -1.1651 -1.1651
18175 53.96 26.23 0.00 -2.7116 -3.6577 -3.6577
18200 53.93 26.09 0.00 -0.1662 -0.9168 -0.9168
18225 53.93 26.09 0.00 -0.1662 -0.9168 -0.9168
18250 53.93 25.99 0.00 -0.1484 -2.2920 -2.2920
18275 53.91 25.90 0.00 -0.8079 -1.9336 -1.9336
18300 53.88 25.78 0.00 -0.6668 -0.7249 -0.7249
18325 53.88 25.78 0.00 -0.6668 -0.7249 -0.7249
18350 53.88 25.62 0.00 0.6833 0.2864 0.2864
18375 53.91 25.50 0.00 0.5185 -0.3954 -0.3954
18400 53.91 25.50 0.00 0.5185 -0.3954 -0.3954
18425 53.89 25.42 0.00 -0.6333 -1.2196 -1.2196
18450 53.84 25.40 0.00 -2.0980 -1.1078 -1.1078
18475 53.75 25.38 0.00 -1.7406 -0.5005 -0.5005
18500 53.75 25.38 0.00 -1.7406 -0.5005 -0.5005
18525 53.72 25.43 0.00 -0.2990 -0.4865 -0.4865
18550 53.72 25.48 0.00 -0.0220 -0.7907 -0.7907
18575 53.72 25.48 0.00 -0.0220 -0.7907 -0.7907
18600 53.70 25.52 0.00 -0.5416 -0.9569 -0.9569
18625 53.70 25.52 0.00 -0.0848 0.3606 0.3606
18650 53.70 25.52 0.00 -0.0848 0.3606 0.3606
18675 53.72 25.52 0.00 1.0424 0.6400 0.6400
18700 53.75 25.50 0.00 0.8445 0.1105 0.1105
18725 53.75 25.50 0.00 0.8445 0.1105 0.1105
18750 53.77 25.50 0.00 -0.0860 0.5221 0.5221
18775 53.75 25.50 0.00 -0.6257 0.8048 0.8048
18800 53.75 25.46 0.00 0.7093 0.4364 0.4364
18825 53.75 25.46 0.00 0.7093 0.4364 0.4364
18850 53.79 25.44 0.00 0.4749 -0.7467 -0.7467
18875 53.75 25.40 0.00 -1.2979 -1.1823 -1.1823
18900 53.75 25.40 0.00 -1.2979 -1.1823 -1.1823
18925 53.74 25.37 0.00 -0.3440 0.8165 0.8165
18950 53.72 25.39 0.00 0.0378 -1.9935 -1.9935
18975 53.72 25.46 0.00 -0.8302 -2.5062 -2.5062
19000 53.72 25.46 0.00 -0.8302 -2.5062 -2.5062
19025 53.63 25.53 0.00 -2.4879 -0.2628 -0.2628
19050 53.56 25.55 0.00 -1.2829 0.2574 0.2574
19075 53.56 25.55 0.00 -1.2829 0.2574 0.2574
19100 53.56 25.53 0.00 1.0428 -0.7338 -0.7338
19125 53.58 25.49 0.00 -0.1201 -0.9737 -0.9737
19150 53.58 25.49 0.00 -0.1201 -0.9737 -0.9737
19175 53.54 25.43 0.00 -1.4099 0.3870 0.3870
19200 53.51 25.41 0.00 -0.3112 0.4164 0.4164
19225 53.53 25.43 0.00 0.3610 -0.1661 -0.1661
19250 53.53 25.43 0.00 0.3610 -0.1661 -0.1661
19275 53.51 25.45 0.00 -0.3649 0.5813 0.5813
19300 53.47 25.47 0.00 -1.7670 0.2300 0.2300
19325 53.47 25.47 0.00 -1.7670 0.2300 0.2300
19350 53.39 25.55 0.00 -2.1349 -0.9762 -0.9762
19375 53.32 25.61 0.00 -1.4425 -0.7759 -0.7759
19400 53.32 25.61 0.00 -1.4425 -0.7759 -0.7759
19425 53.28 25.61 0.00 -0.7164 0.5207 0.5207
19450 53.28 25.55 0.00 0.1730 0.9314 0.9314
19475 53.30 25.53 0.00 1.1161 0.8134 0.8134
19500 53.30 25.53 0.00 1.1161 0.8134 0.8134
19525 53.32 25.53 0.00 -0.0760 0.0343 0.0343
19550 53.28 25.55 0.00 -1.5865 -0.0631 -0.0631
19575 53.28 25.55 0.00 -1.5865 -0.0631 -0.0631
19600 53.18 25.55 0.00 -3.4465 -0.8395 -0.8395
19625 53.02 25.55 0.00 -3.5459 -1.6516 -1.6516
19650 53.02 25.55 0.00 -3.5459 -1.6516 -1.6516
19675 52.90 25.57 0.00 -2.8543 -2.1293 -2.1293
19700 52.78 25.55 0.00 -3.0532 -0.1777 -0.1777
19725 52.78 25.55 0.00 -3.0532 -0.1777 -0.1777
19750 52.67 25.52 0.00 -2.2793 2.2065 2.2065
19775 52.62 25.46 0.00 -2.1893 -0.0942 -0.0942
19800 52.57 25.46 0.00 -0.6586 -1.6262 -1.6262
19825 52.57 25.46 0.00 -0.6586 -1.6262 -1.6262
19850 52.55 25.46 0.00 -0.8152 -1.2698 -1.2698
19875 52.48 25.48 0.00 -2.4324 -1.0929 -1.0929
19900 52.48 25.48 0.00 -2.4324 -1.0929 -1.0929
19925 52.37 25.50 0.00 -2.7326 -1.9367 -1.9367
19950 52.29 25.50 0.00 -1.8765 -0.8743 -0.8743
19975 52.29 25.50 0.00 -1.8765 -0.8743 -0.8743
20000 52.20 25.46 0.00 -1.9334 -1.0569 -1.0569
20025 52.11 25.38 0.00 -2.7807 -2.8116 -2.8116
20050 51.99 25.21 0.00 -2.3159 -1.7624 -1.7624
20075 51.99 25.21 0.00 -2.3159 -1.7624 -1.7624
20100 51.94 24.93 0.00 -1.2552 0.0651 0.0651
20125 51.94 24.67 0.00 0.6617 1.1568 1.1568
20150 51.94 24.67 0.00 0.6617 1.1568 1.1568
20175 51.96 24.41 0.00 0.1290 -0.6285 -0.6285
20200 51.92 24.17 0.00 -1.1895 -1.7697 -1.7697
20225 51.89 24.01 0.00 -1.0282 -1.2016 -1.2016
20250 51.89 24.01 0.00 -1.0282 -1.2016 -1.2016
20275 51.83 23.89 0.00 -1.0261 -1.4868 -1.4868
20300 51.80 23.73 0.00 -1.3360 -2.0847 -2.0847
20325 51.80 23.73 0.00 -1.3360 -2.0847 -2.0847
20350 51.73 23.57 0.00 -1.6668 -2.3938 -2.3938
20375 51.68 23.53 0.00 -0.6004 -0.9786 -0.9786
20400 51.68 23.53 0.00 -0.6004 -0.9786 -0.9786
20425 51.71 23.49 0.00 1.2181 -0.2291 -0.2291
20450 51.76 23.53 0.00 1.0693 -0.7139 -0.7139
20475 51.75 23.59 0.00 -0.6678 -0.2594 -0.2594
20500 51.75 23.59 0.00 -0.6678 -0.2594 -0.2594
20525 51.73 23.67 0.00 -0.5159 0.1230 0.1230
20550 51.71 23.71 0.00 -0.2383 -0.2267 -0.2267
20575 51.71 23.71 0.00 -0.2383 -0.2267 -0.2267
20600 51.69 23.77 0.00 -0.2158 -0.7885 -0.7885
20625 51.69 23.79 0.00 0.1116 0.1770 0.1770
20650 51.71 23.77 0.00 0.4976 0.3680 0.3680
20675 51.71 23.77 0.00 0.4976 0.3680 0.3680
20700 51.73 23.77 0.00 -0.0498 -0.6880 -0.6880
20725 51.73 23.77 0.00 -0.0498 -0.6880 -0.6880
20750 51.69 23.83 0.00 -0.5340 0.2549 0.2549
20775 51.71 23.93 0.00 0.2533 1.4859 1.4859
20800 51.75 24.05 0.00 1.2354 0.6642 0.6642
20825 51.75 24.05 0.00 1.2354 0.6642 0.6642
20850 51.75 24.19 0.00 -0.7294 -1.3091 -1.3091
20875 51.68 24.31 0.00 -2.2910 -0.9062 -0.9062
20900 51.68 24.31 0.00 -2.2910 -0.9062 -0.9062
20925 51.61 24.39 0.00 -1.6775 0.1469 0.1469
20950 51.54 24.37 0.00 -1.5595 -1.0329 -1.0329
20975 51.52 24.29 0.00 0.8013 0.5567 0.5567
21000 51.52 24.29 0.00 0.8013 0.5567 0.5567
21025 51.57 24.27 0.00 1.4558 0.4268 0.4268
21050 51.61 24.21 0.00 0.4749 0.7349 0.7349
21075 51.61 24.21 0.00 0.4749 0.7349 0.7349
21100 51.61 24.15 0.00 -0.3717 0.3658 0.3658
21125 51.59 24.19 0.00 0.3743 0.2332 0.2332
21150 51.59 24.19 0.00 0.3743 0.2332 0.2332
21175 51.64 24.29 0.00 1.1922 0.2833 0.2833
21200 51.68 24.31 0.00 0.4279 0.3246 0.3246
21225 51.64 24.27 0.00 -1.4249 -0.8373 -0.8373
21250 51.64 24.27 0.00 -1.4249 -0.8373 -0.8373
21275 51.57 24.23 0.00 -1.6552 -1.1800 -1.1800
21300 51.54 24.23 0.00 -0.7306 -1.1159 -1.1159
21325 51.52 24.24 0.00 -0.1199 -1.1580 -1.1580
21350 51.52 24.24 0.00 -0.1199 -1.1580 -1.1580
21375 51.50 24.24 0.00 -0.6335 -0.5272 -0.5272
21400 51.50 24.24 0.00 -0.6335 -0.5272 -0.5272
21425 51.47 24.26 0.00 -1.1019 -0.6500 -0.6500
21450 51.45 24.30 0.00 -0.1220 0.1903 0.1903
21475 51.43 24.30 0.00 -0.7433 0.5818 0.5818
21500 51.43 24.30 0.00 -0.7433 0.5818 0.5818
21525 51.26 24.30 0.00 -8.2063 -2.7076 -2.7076
21550 50.58 24.30 0.00 -23.4002 -8.5674 -8.5674
21575 50.58 24.30 0.00 -23.4002 -8.5674 -8.5674
21600 49.49 24.24 0.00 -27.6836 -8.5461 -8.5461
21625 48.62 24.10 0.00 -17.2972 -0.8120 -0.8120
21650 48.62 24.10 0.00 -17.2972 -0.8120 -0.8120
21675 48.17 23.91 0.00 -6.7342 -1.1807 -1.1807
21700 48.20 23.75 0.00 5.0173 2.9820 2.9820
21725 48.43 23.66 0.00 5.7820 1.0836 1.0836
21750 48.43 23.66 0.00 5.7820 1.0836 1.0836
21775 48.55 23.64 0.00 0.9046 0.6456 0.6456
21800 48.53 23.58 0.00 -0.5155 1.7151 1.7151
21825 48.53 23.58 0.00 -0.5155 1.7151 1.7151
21850 48.55 23.50 0.00 0.7831 -0.4325 -0.4325
21875 48.60 23.42 0.00 1.4847 0.2360 0.2360
21900 48.60 23.42 0.00 1.4847 0.2360 0.2360
21925 48.64 23.26 0.00 1.3993 2.5490 2.5490
21950 48.69 23.06 0.00 1.1495 -0.0377 -0.0377
21975 48.74 22.94 0.00 0.5722 -1.2602 -1.2602
22000 48.74 22.94 0.00 0.5722 -1.2602 -1.2602
22025 48.76 22.85 0.00 0.4409 0.9233 0.9233
22050 48.78 22.79 0.00 1.1783 1.7522 1.7522
22075 48.78 22.79 0.00 1.1783 1.7522 1.7522
22100 48.85 22.79 0.00 2.0680 0.9807 0.9807
22125 48.94 22.82 0.00 1.6054 0.2419 0.2419
22150 48.94 22.82 0.00 1.6054 0.2419 0.2419
22175 48.99 22.84 0.00 1.3660 1.2642 1.2642
22200 49.02 22.86 0.00 0.7268 0.6781 0.6781
22225 49.02 22.86 0.00 0.7268 0.6781 0.6781
22250 49.06 22.90 0.00 0.6629 0.3570 0.3570
22275 49.09 22.86 0.00 0.9771 0.1781 0.1781
22300 49.11 22.82 0.00 0.2004 -1.2003 -1.2003
22325 49.11 22.82 0.00 0.2004 -1.2003 -1.2003
22350 49.09 22.80 0.00 -1.1499 -1.8603 -1.8603
22375 49.04 22.82 0.00 -0.8776 -0.7222 -0.7222
22400 49.04 22.82 0.00 -0.8776 -0.7222 -0.7222
22425 49.04 22.82 0.00 0.4015 -0.4983 -0.4983
22450 49.06 22.80 0.00 0.5355 -0.5251 -0.5251
22475 49.04 22.78 0.00 -0.7795 -0.2471 -0.2471
22500 49.04 22.78 0.00 -0.7795 -0.2471 -0.2471
22525 49.04 22.74 0.00 0.2248 -0.1983 -0.1983
22550 49.04 22.65 0.00 0.3632 -1.6763 -1.6763
22575 49.04 22.65 0.00 0.3632 -1.6763 -1.6763
22600 49.04 22.65 0.00 -0.3093 -0.9374 -0.9374
22625 49.04 22.72 0.00 0.2527 1.4780 1.4780
22650 49.07 22.78 0.00 0.9806 0.1505 0.1505
22675 49.07 22.78 0.00 0.9806 0.1505 0.1505
22700 49.09 22.84 0.00 0.1047 -1.4176 -1.4176
22725 49.09 22.84 0.00 0.1047 -1.4176 -1.4176
22750 49.07 22.92 0.00 -1.0225 -0.3620 -0.3620
22775 49.04 22.96 0.00 -0.2995 0.6643 0.6643
22800 49.06 22.98 0.00 0.6975 -1.0860 -1.0860
22825 49.06 22.98 0.00 0.6975 -1.0860 -1.0860
22850 49.11 22.92 0.00 1.8284 1.9216 1.9216
22875 49.16 22.82 0.00 1.2365 1.9614 1.9614
22900 49.21 22.80 0.00 1.8940 1.9057 1.9057
22925 49.21 22.80 0.00 1.8940 1.9057 1.9057
22950 49.28 22.78 0.00 1.4038 0.8291 0.8291
22975 49.30 22.72 0.00 0.1632 1.2534 1.2534
23000 49.30 22.72 0.00 0.1632 1.2534 1.2534
23025 49.32 22.70 0.00 0.9526 1.7520 1.7520
23050 49.37 22.66 0.00 0.7901 -0.2470 -0.2470
23075 49.37 22.66 0.00 0.7901 -0.2470 -0.2470
23100 49.35 22.64 0.00 -0.7254 -0.8530 -0.8530
23125 49.32 22.64 0.00 -0.8362 0.2456 0.2456
23150 49.32 22.64 0.00 -0.8362 0.2456 0.2456
23175 49.32 22.66 0.00 0.7395 0.5414 0.5414
23200 49.37 22.72 0.00 0.8167 -0.6761 -0.6761
23225 49.37 22.72 0.00 0.8167 -0.6761 -0.6761
23250 49.35 22.80 0.00 -1.0551 -1.4843 -1.4843
23275 49.30 22.88 0.00 -0.7725 -0.3840 -0.3840
23300 49.30 22.88 0.00 -0.7725 -0.3840 -0.3840
23325 49.30 22.96 0.00 0.4758 -0.1213 -0.1213
23350 49.34 23.04 0.00 0.4280 -0.7121 -0.7121
23375 49.34 23.08 0.00 -0.6126 -0.3790 -0.3790
23400 49.34 23.08 0.00 -0.6126 -0.3790 -0.3790
23425 49.28 23.08 0.00 -1.6276 -0.7611 -0.7611
23450 49.21 23.12 0.00 -0.8738 -0.5534 -0.5534
23475 49.21 23.12 0.00 -0.8738 -0.5534 -0.5534
23500 49.21 23.14 0.00 0.1398 0.1251 0.1251
23525 49.23 23.12 0.00 1.0031 1.8746 1.8746
23550 49.27 23.10 0.00 0.7961 1.2715 1.2715
23575 49.27 23.10 0.00 0.7961 1.2715 1.2715
23600 49.28 23.16 0.00 -0.0171 -0.0729 -0.0729
23625 49.23 23.18 0.00 -1.9568 -0.9185 -0.9185
23650 49.23 23.18 0.00 -1.9568 -0.9185 -0.9185
23675 49.14 23.18 0.00 -2.1942 -0.7704 -0.7704
23700 49.11 23.16 0.00 -0.4767 -0.0815 -0.0815
23725 49.13 23.10 0.00 0.1262 -1.7803 -1.7803
23750 49.13 23.10 0.00 0.1262 -1.7803 -1.7803
23775 49.13 23.06 0.00 -0.1058 0.4432 0.4432
23800 49.09 22.98 0.00 -0.8720 0.6763 0.6763
23825 49.09 22.98 0.00 -0.8720 0.6763 0.6763
23850 49.07 22.92 0.00 0.4034 0.5088 0.5088
23875 49.09 22.86 0.00 0.1112 0.1545 0.1545
23900 49.09 22.86 0.00 0.1112 0.1545 0.1545
23925 49.06 22.82 0.00 -1.1705 0.7641 0.7641
23950 49.01 22.80 0.00 -1.8120 0.3473 0.3473
23975 48.94 22.80 0.00 -1.0843 -0.9071 -0.9071
24000 48.94 22.80 0.00 -1.0843 -0.9071 -0.9071
24025 48.92 22.73 0.00 -0.4736 -0.6191 -0.6191
24050 48.87 22.63 0.00 -1.4497 -0.0689 -0.0689
24075 48.87 22.63 0.00 -1.4497 -0.0689 -0.0689
24100 48.81 22.55 0.00 -0.9115 -0.4830 -0.4830
24125 48.81 22.47 0.00 0.6569 -0.1544 -0.1544
24150 48.81 22.47 0.00 0.6569 -0.1544 -0.1544
24175 48.83 22.41 0.00 -0.4359 -0.3190 -0.3190
24200 48.83 22.41 0.00 -0.4359 -0.3190 -0.3190
24225 48.78 22.39 0.00 -1.8618 -0.4772 -0.4772
24250 48.69 22.33 0.00 -2.0207 -1.0166 -1.0166
24275 48.64 22.21 0.00 -0.4731 -0.2476 -0.2476
24300 48.67 22.09 0.00 1.2118 0.2232 0.2232
24325 48.67 22.09 0.00 1.2118 0.2232 0.2232
24350 48.73 21.93 0.00 0.8812 -0.0704 -0.0704
24375 48.69 21.80 0.00 -1.5346 -1.1812 -1.1812
24400 48.69 21.80 0.00 -1.5346 -1.1812 -1.1812
24425 48.57 21.62 0.00 -3.0944 -1.8697 -1.8697
24450 48.50 21.52 0.00 -1.4551 -0.4510 -0.4510
24475 48.50 21.52 0.00 -1.4551 -0.4510 -0.4510
24500 48.48 21.48 0.00 -0.0199 -0.5842 -0.5842
24525 48.46 21.48 0.00 -1.0272 -0.9464 -0.9464
24550 48.36 21.42 0.00 -3.1023 -1.7136 -1.7136
24575 48.36 21.42 0.00 -3.1023 -1.7136 -1.7136
24600 48.25 21.34 0.00 -2.5978 -1.3786 -1.3786
24625 48.25 21.34 0.00 -2.5978 -1.3786 -1.3786
24650 48.11 21.23 0.00 -4.2137 -3.9846 -3.9846
24675 47.94 21.13 0.00 -4.7617 -1.4007 -1.4007
24700 47.66 21.00 0.00 -7.3552 -1.7223 -1.7223
24725 47.66 21.00 0.00 -7.3552 -1.7223 -1.7223
24750 47.38 20.92 0.00 -6.2814 -1.5067 -1.5067
24775 47.22 20.82 0.00 -2.5152 -1.3956 -1.3956
24800 47.19 20.73 0.00 -0.4262 -0.3508 -0.3508
24825 47.19 20.73 0.00 -0.4262 -0.3508 -0.3508
24850 47.17 20.69 0.00 -0.2379 0.6067 0.6067
24875 47.17 20.69 0.00 -0.2379 0.6067 0.6067
24900 47.17 20.67 0.00 -0.0304 -0.1417 -0.1417
24925 47.14 20.63 0.00 -1.6027 -0.8242 -0.8242
24950 47.07 20.57 0.00 -1.7753 -0.6433 -0.6433
24975 47.07 20.57 0.00 -1.7753 -0.6433 -0.6433
25000 47.03 20.51 0.00 -0.0091 -0.8961 -0.8961
25025 47.07 20.47 0.00 0.7828 -1.2189 -1.2189
25050 47.07 20.47 0.00 0.7828 -1.2189 -1.2189
25075 47.07 20.43 0.00 -0.2591 0.3414 0.3414
25100 47.03 20.34 0.00 -0.9269 0.3635 0.3635
25125 47.01 20.28 0.00 -0.6759 -0.9183 -0.9183
25150 46.98 20.24 0.00 -0.8494 -0.6299 -0.6299
25175 46.98 20.24 0.00 -0.8494 -0.6299 -0.6299
25200 46.96 20.22 0.00 -0.0045 0.3666 0.3666
25225 46.96 20.22 0.00 -0.0045 0.3666 0.3666
25250 46.98 20.26 0.00 0.7942 0.2413 0.2413
25275 46.98 20.28 0.00 -0.2809 -1.2260 -1.2260
25300 46.98 20.28 0.00 -0.2809 -1.2260 -1.2260
25325 46.96 20.34 0.00 -0.5982 -0.3869 -0.3869
25350 46.98 20.38 0.00 0.5473 1.1271 1.1271
25375 47.01 20.47 0.00 1.1757 -0.0712 -0.0712
25400 47.01 20.47 0.00 1.1757 -0.0712 -0.0712
25425 47.01 20.59 0.00 -0.6729 -0.7108 -0.7108
25450 46.96 20.63 0.00 -2.0434 -0.2761 -0.2761
25475 46.96 20.63 0.00 -2.0434 -0.2761 -0.2761
25500 46.89 20.65 0.00 -1.0735 -0.5685 -0.5685
25525 46.86 20.63 0.00 -0.9824 -1.5050 -1.5050
25550 46.80 20.57 0.00 -1.3102 0.0919 0.0919
25575 46.80 20.57 0.00 -1.3102 0.0919 0.0919
25600 46.72 20.48 0.00 -1.8169 -1.1937 -1.1937
25625 46.68 20.44 0.00 -0.4524 -0.8460 -0.8460
25650 46.68 20.44 0.00 -0.4524 -0.8460 -0.8460
25675 46.70 20.44 0.00 0.6734 0.8213 0.8213
25700 46.72 20.40 0.00 0.5023 1.1534 1.1534
25725 46.72 20.40 0.00 0.5023 1.1534 1.1534
25750 46.72 20.36 0.00 -0.4510 -0.0506 -0.0506
25775 46.67 20.30 0.00 -1.7726 -1.7615 -1.7615
25800 46.67 20.30 0.00 -1.7726 -1.7615 -1.7615
25825 46.58 20.24 0.00 -2.4685 -1.4928 -1.4928
25850 46.47 20.17 0.00 -2.8580 -1.2006 -1.2006
25875 46.47 20.17 0.00 -2.8580 -1.2006 -1.2006
25900 46.35 20.09 0.00 -3.0238 -0.7920 -0.7920
25925 46.23 19.94 0.00 -3.0665 -1.6004 -1.6004
25950 46.09 19.80 0.00 -3.9851 -1.7353 -1.7353
25975 46.09 19.80 0.00 -3.9851 -1.7353 -1.7353
26000 45.88 19.57 0.00 -5.8848 0.6298 0.6298
26025 45.58 19.42 0.00 -8.5122 -1.6772 -1.6772
26050 45.21 19.33 0.00 -13.2814 -2.5028 -2.5028
26075 45.21 19.33 0.00 -13.2814 -2.5028 -2.5028
26100 44.58 19.17 0.00 -16.9848 -2.5532 -2.5532
26125 43.90 19.01 0.00 -16.4433 -2.7647 -2.7647
26150 43.90 19.01 0.00 -16.4433 -2.7647 -2.7647
26175 43.38 18.81 0.00 -10.7027 -0.4470 -0.4470
26200 43.38 18.81 0.00 -10.7027 -0.4470 -0.4470
26225 43.11 18.49 0.00 1.8352 1.2921 1.2921
26250 43.11 18.49 0.00 1.8352 1.2921 1.2921
26275 43.24 18.51 0.00 3.3025 1.4828 1.4828
26300 43.31 18.64 0.00 0.5124 0.5473 0.5473
26325 43.31 18.64 0.00 0.5124 0.5473 0.5473
26350 43.27 18.70 0.00 -1.1426 0.5598 0.5598
26375 43.27 18.70 0.00 -1.1426 0.5598 0.5598
26400 43.29 18.68 0.00 1.2791 1.6205 1.6205
26425 43.32 18.64 0.00 0.3810 -2.3687 -2.3687
26450 43.36 18.60 0.00 0.7221 0.4570 0.4570
26475 43.36 18.60 0.00 0.7221 0.4570 0.4570
26500 43.38 18.52 0.00 0.4561 0.2259 0.2259
26525 43.41 18.50 0.00 1.2844 1.0621 1.0621
26550 43.41 18.50 0.00 1.2844 1.0621 1.0621
26575 43.45 18.50 0.00 0.7570 -0.9972 -0.9972
26600 43.46 18.56 0.00 0.1155 -0.9915 -0.9915
26625 43.48 18.60 0.00 0.4685 0.0624 0.0624
26650 43.48 18.60 0.00 0.4685 0.0624 0.0624
26675 43.50 18.62 0.00 0.7079 -0.8472 -0.8472
26700 43.52 18.62 0.00 0.3476 -1.8105 -1.8105
26725 43.52 18.62 0.00 0.3476 -1.8105 -1.8105
26750 43.52 18.62 0.00 -0.7670 -2.0446 -2.0446
26775 43.48 18.64 0.00 -0.4897 -0.7734 -0.7734
26800 43.52 18.69 0.00 1.3629 0.4463 0.4463
26825 43.52 18.69 0.00 1.3629 0.4463 0.4463
26850 43.59 18.73 0.00 1.8030 -0.1715 -0.1715
26875 43.62 18.77 0.00 0.1228 -0.9979 -0.9979
26900 43.62 18.77 0.00 0.1228 -0.9979 -0.9979
26925 43.60 18.79 0.00 -0.7357 -0.3089 -0.3089
26950 43.59 18.81 0.00 -0.2576 0.2752 0.2752
26975 43.59 18.81 0.00 -0.2576 0.2752 0.2752
27000 43.60 18.83 0.00 1.1519 0.9626 0.9626
27025 43.66 18.82 0.00 0.5751 0.3056 0.3056
27050 43.64 18.75 0.00 -1.4804 -1.6549 -1.6549
27075 43.64 18.75 0.00 -1.4804 -1.6549 -1.6549
27100 43.57 18.63 0.00 -1.4685 0.9168 0.9168
27125 43.52 18.54 0.00 -1.3669 0.2244 0.2244
27150 43.52 18.54 0.00 -1.3669 0.2244 0.2244
27175 43.50 18.54 0.00 0.5456 0.6860 0.6860
27200 43.52 18.60 0.00 0.2049 0.6930 0.6930
27225 43.52 18.60 0.00 0.2049 0.6930 0.6930
27250 43.52 18.60 0.00 -0.0061 0.6063 0.6063
27275 43.53 18.58 0.00 0.9298 0.9190 0.9190
27300 43.53 18.58 0.00 0.9298 0.9190 0.9190
27325 43.55 18.52 0.00 -0.0077 -0.8976 -0.8976
27350 43.57 18.38 0.00 0.2999 1.3079 1.3079
27375 43.59 18.19 0.00 0.7751 1.4266 1.4266
27400 43.59 18.19 0.00 0.7751 1.4266 1.4266
27425 43.62 18.07 0.00 0.3379 0.8343 0.8343
27450 43.60 18.00 0.00 -0.2285 1.4904 1.4904
27475 43.60 18.00 0.00 -0.2285 1.4904 1.4904
27500 43.59 17.92 0.00 -0.4972 1.8458 1.8458
27525 43.57 17.84 0.00 -0.1852 1.8612 1.8612
27550 43.57 17.84 0.00 -0.1852 1.8612 1.8612
27575 43.60 17.73 0.00 1.0382 0.4825 0.4825
27600 43.62 17.57 0.00 -0.3571 -3.0619 -3.0619
27625 43.57 17.46 0.00 -1.8135 -3.6213 -3.6213
27650 43.57 17.46 0.00 -1.8135 -3.6213 -3.6213
27675 43.48 17.39 0.00 -2.6824 -2.3572 -2.3572
27700 43.41 17.43 0.00 -0.9816 -0.0623 -0.0623
27725 43.41 17.43 0.00 -0.9816 -0.0623 -0.0623
27750 43.43 17.54 0.00 0.9024 -0.3688 -0.3688
27775 43.43 17.69 0.00 -0.9504 -3.0297 -3.0297
27800 43.31 17.91 0.00 -3.6537 -3.9190 -3.9190
27825 43.31 17.91 0.00 -3.6537 -3.9190 -3.9190
27850 43.24 18.16 0.00 -0.5300 -0.3276 -0.3276
27875 43.31 18.33 0.00 3.1075 1.4044 1.4044
27900 43.31 18.33 0.00 3.1075 1.4044 1.4044
27925 43.41 18.41 0.00 1.2766 -1.4865 -1.4865
27950 43.38 18.48 0.00 -2.4133 -2.7582 -2.7582
27975 43.38 18.48 0.00 -2.4133 -2.7582 -2.7582
28000 43.27 18.53 0.00 -1.9419 0.6794 0.6794
28025 43.22 18.62 0.00 -0.6359 -0.2143 -0.2143
28050 43.22 18.62 0.00 -0.6359 -0.2143 -0.2143
28075 43.22 18.76 0.00 0.2688 -0.3357 -0.3357
28100 43.22 18.84 0.00 -0.4340 -0.1123 -0.1123
28125 43.22 18.84 0.00 -0.4340 -0.1123 -0.1123
28150 43.17 18.91 0.00 -1.4182 -1.3999 -1.3999
28175 43.15 18.97 0.00 0.1287 0.3951 0.3951
28200 43.15 18.97 0.00 0.1287 0.3951 0.3951
28225 43.17 18.82 0.00 0.6279 0.1084 0.1084
28250 43.24 18.58 0.00 1.7640 1.3425 1.3425
28275 43.31 18.39 0.00 1.6329 0.3326 0.3326
28300 43.31 18.39 0.00 1.6329 0.3326 0.3326
28325 43.32 18.31 0.00 -0.1346 -0.4231 -0.4231
28350 43.29 18.33 0.00 -1.2307 -0.8872 -0.8872
28375 43.25 18.37 0.00 -0.4129 -0.7534 -0.7534
28400 43.25 18.37 0.00 -0.4129 -0.7534 -0.7534
28425 43.29 18.43 0.00 1.2788 0.0937 0.0937
28450 43.34 18.47 0.00 1.2321 0.5345 0.5345
28475 43.36 18.50 0.00 -0.6839 -0.5429 -0.5429
28500 43.36 18.50 0.00 -0.6839 -0.5429 -0.5429
28525 43.31 18.54 0.00 -1.3641 -1.0199 -1.0199
28550 43.31 18.54 0.00 -1.3641 -1.0199 -1.0199
28575 43.27 18.58 0.00 -0.2649 -0.0469 -0.0469
28600 43.31 18.70 0.00 1.5533 0.8809 0.8809
28625 43.39 18.91 0.00 2.0595 1.5832 1.5832
28650 43.39 18.91 0.00 2.0595 1.5832 1.5832
28675 43.45 19.14 0.00 0.9343 2.6325 2.6325
28700 43.46 19.24 0.00 0.2613 2.1462 2.1462
28725 43.46 19.24 0.00 0.2613 2.1462 2.1462
28750 43.50 19.16 0.00 1.4660 1.2551 1.2551
28775 43.55 18.98 0.00 1.0509 -0.4570 -0.4570
28800 43.55 18.98 0.00 1.0509 -0.4570 -0.4570
28825 43.57 18.88 0.00 0.1353 0.2088 0.2088
28850 43.60 18.86 0.00 1.1708 2.0670 2.0670
28875 43.64 18.90 0.00 0.9982 0.6763 0.6763
28900 43.64 18.90 0.00 0.9982 0.6763 0.6763
28925 43.67 18.94 0.00 0.6378 0.6597 0.6597
28950 43.67 18.94 0.00 0.6378 0.6597 0.6597
28975 43.67 18.90 0.00 -0.1898 0.4209 0.4209
29000 43.67 18.88 0.00 0.3457 0.5707 0.5707
29025 43.71 18.90 0.00 0.2702 -0.6828 -0.6828
29050 43.71 18.90 0.00 0.2702 -0.6828 -0.6828
29075 43.69 18.92 0.00 -0.1116 0.9389 0.9389
29100 43.67 18.86 0.00 -0.3704 1.5441 1.5441
29125 43.67 18.86 0.00 -0.3704 1.5441 1.5441
29150 43.69 18.82 0.00 0.9298 1.0134 1.0134
29175 43.74 18.73 0.00 1.4182 0.2117 0.2117
29200 43.76 18.63 0.00 0.0871 -0.4817 -0.4817
29225 43.76 18.63 0.00 0.0871 -0.4817 -0.4817
29250 43.74 18.59 0.00 -1.1541 -0.3593 -0.3593
29275 43.69 18.55 0.00 -1.2271 -0.7240 -0.7240
29300 43.69 18.55 0.00 -1.2271 -0.7240 -0.7240
29325 43.66 18.50 0.00 -0.5741 -1.2947 -1.2947
29350 43.62 18.42 0.00 -1.5761 -2.1091 -2.1091
29375 43.52 18.40 0.00 -2.9815 -1.7453 -1.7453
29400 43.52 18.40 0.00 -2.9815 -1.7453 -1.7453
29425 43.43 18.37 0.00 -1.6430 -0.8198 -0.8198
29450 43.41 18.33 0.00 0.8446 -0.8173 -0.8173
29475 43.41 18.33 0.00 0.8446 -0.8173 -0.8173
29500 43.46 18.27 0.00 1.4029 -0.7023 -0.7023
29525 43.50 18.19 0.00 0.2764 0.0014 0.0014
29550 43.50 18.19 0.00 0.2764 0.0014 0.0014
29575 43.46 18.10 0.00 -0.9081 -0.5954 -0.5954
29600 43.46 18.04 0.00 0.0018 0.6680 0.6680
29625 43.46 18.04 0.00 0.0018 0.6680 0.6680
29650 43.41 18.00 0.00 -2.1093 -1.5731 -1.5731
29675 43.24 17.93 0.00 -5.5168 -2.1877 -2.1877
29700 43.24 17.93 0.00 -5.5168 -2.1877 -2.1877
29725 42.99 17.78 0.00 -6.9923 -2.1751 -2.1751
29750 42.73 17.60 0.00 -5.8451 -2.7042 -2.7042
29775 42.53 17.41 0.00 -4.5289 -1.1036 -1.1036
29800 42.53 17.41 0.00 -4.5289 -1.1036 -1.1036
29825 42.34 17.02 0.00 -4.9323 1.2255 1.2255
29850 42.09 16.59 0.00 -6.2092 3.7018 3.7018
29875 41.81 16.10 0.00 -7.6576 1.2596 1.2596
29900 41.81 16.10 0.00 -7.6576 1.2596 1.2596
29925 41.50 15.53 0.00 -8.0006 -0.9783 -0.9783
29950 41.23 15.18 0.00 -9.1606 -2.9776 -2.9776
29975 41.23 15.18 0.00 -9.1606 -2.9776 -2.9776
30000 40.74 14.78 0.00 -15.0538 -5.7124 -5.7124
30025 40.00 14.36 0.00 -20.1346 -6.7271 -6.7271
30050 40.00 14.36 0.00 -20.1346 -6.7271 -6.7271
30075 39.26 14.09 0.00 -15.6099 -3.5924 -3.5924
30100 38.91 13.81 0.00 -5.1736 0.0882 0.0882
30125 38.91 13.81 0.00 -5.1736 0.0882 0.0882
30150 38.87 13.46 0.00 1.2206 -0.0884 -0.0884
30175 38.87 13.14 0.00 -1.9224 -1.6355 -1.6355
30200 38.57 12.95 0.00 -10.1878 -4.9574 -4.9574
30225 38.57 12.95 0.00 -10.1878 -4.9574 -4.9574
30250 38.11 12.99 0.00 -11.3749 -4.8516 -4.8516
30275 37.79 13.14 0.00 -5.6862 -1.2520 -1.2520
30300 37.79 13.14 0.00 -5.6862 -1.2520 -1.2520
30325 37.62 13.17 0.00 -4.0243 -0.5784 -0.5784
30350 37.62 13.17 0.00 -4.0243 -0.5784 -0.5784
30375 37.46 13.19 0.00 -3.8904 -0.3014 -0.3014
30400 37.30 13.18 0.00 -4.1589 -2.5613 -2.5613
30425 37.15 13.17 0.00 -3.3444 -2.1861 -2.1861
30450 37.15 13.17 0.00 -3.3444 -2.1861 -2.1861
30475 36.98 13.16 0.00 -5.6382 -1.6403 -1.6403
30500 36.66 13.22 0.00 -9.3526 -2.7597 -2.7597
30525 36.27 13.37 0.00 -8.9684 -3.4646 -3.4646
30550 36.27 13.37 0.00 -8.9684 -3.4646 -3.4646
30575 35.98 13.53 0.00 -4.8068 -1.4073 -1.4073
30600 36.00 13.61 0.00 2.5528 2.2286 2.2286
30625 36.00 13.61 0.00 2.5528 2.2286 2.2286
30650 36.20 13.65 0.00 5.0672 2.2793 2.2793
30675 36.32 13.70 0.00 2.1921 0.5705 0.5705
30700 36.32 13.70 0.00 2.1921 0.5705 0.5705
30725 36.36 13.75 0.00 -0.3781 -0.6232 -0.6232
30750 36.32 13.79 0.00 -0.3871 -1.4813 -1.4813
30775 36.30 13.85 0.00 -1.5082 -4.6852 -4.6852
30800 36.30 13.85 0.00 -1.5082 -4.6852 -4.6852
30825 36.21 14.00 0.00 -1.4294 -2.2505 -2.2505
30850 36.21 14.17 0.00 1.1809 0.2770 0.2770
30875 36.21 14.17 0.00 1.1809 0.2770 0.2770
30900 36.36 14.24 0.00 4.3594 1.8618 1.8618
30925 36.53 14.21 0.00 3.9023 1.7673 1.7673
30950 36.53 14.21 0.00 3.9023 1.7673 1.7673
30975 36.62 14.17 0.00 1.0825 0.5155 0.5155
31000 36.62 14.22 0.00 -0.2395 0.2698 0.2698
31025 36.62 14.34 0.00 0.6389 -0.1557 -0.1557
31050 36.62 14.34 0.00 0.6389 -0.1557 -0.1557
31075 36.67 14.48 0.00 1.1201 -0.1773 -0.1773
31100 36.71 14.59 0.00 0.3471 -0.1455 -0.1455
31125 36.71 14.59 0.00 0.3471 -0.1455 -0.1455
31150 36.69 14.67 0.00 -0.2490 -0.2605 -0.2605
31175 36.67 14.76 0.00 -0.9406 -1.4375 -1.4375
31200 36.67 14.76 0.00 -0.9406 -1.4375 -1.4375
31225 36.66 14.84 0.00 0.2967 -0.5617 -0.5617
31250 36.71 14.87 0.00 1.5644 1.1284 1.1284
31275 36.71 14.87 0.00 1.5644 1.1284 1.1284
31300 36.76 14.93 0.00 1.5903 1.7695 1.7695
31325 36.82 15.07 0.00 0.9257 0.7091 0.7091
31350 36.83 15.19 0.00 0.5723 0.7711 0.7711
31375 36.83 15.19 0.00 0.5723 0.7711 0.7711
31400 36.87 15.30 0.00 0.7592 0.1046 0.1046
31425 36.91 15.46 0.00 0.3300 -0.1968 -0.1968
31450 36.91 15.46 0.00 0.3300 -0.1968 -0.1968
31475 36.89 15.65 0.00 -0.9408 -1.1798 -1.1798
31500 36.87 15.88 0.00 1.0484 1.8693 1.8693
31525 36.94 16.05 0.00 2.5380 3.1146 3.1146
31550 36.94 16.05 0.00 2.5380 3.1146 3.1146
31575 37.07 16.32 0.00 3.1104 2.8298 2.8298
31600 37.14 16.57 0.00 0.6274 0.2926 0.2926
31625 37.14 16.57 0.00 0.6274 0.2926 0.2926
31650 37.12 16.89 0.00 -0.8895 -1.0551 -1.0551
31675 37.10 17.31 0.00 -0.1010 -0.3232 -0.3232
31700 37.10 17.31 0.00 -0.1010 -0.3232 -0.3232
31725 37.10 17.88 0.00 -0.2142 -3.5900 -3.5900
31750 37.14 18.55 0.00 1.5189 -1.5391 -1.5391
31775 37.19 19.26 0.00 1.2187 -0.3784 -0.3784
31800 37.19 19.26 0.00 1.2187 -0.3784 -0.3784
31825 37.21 19.84 0.00 -0.1032 2.7193 2.7193
31850 37.21 19.84 0.00 -0.1032 2.7193 2.7193
31875 37.23 20.33 0.00 1.1959 3.2613 3.2613
31900 37.30 20.73 0.00 2.0908 1.2417 1.2417
31925 37.33 21.04 0.00 -0.1736 0.6487 0.6487
31950 37.33 21.04 0.00 -0.1736 0.6487 0.6487
31975 37.30 21.32 0.00 -1.6031 0.4400 0.4400
32000 37.21 21.54 0.00 -2.1947 -2.5181 -2.5181
32025 37.14 21.72 0.00 -1.9511 -1.4818 -1.4818
32050 37.14 21.72 0.00 -1.9511 -1.4818 -1.4818
32075 37.05 21.90 0.00 -2.3918 -0.3871 -0.3871
32100 36.92 22.06 0.00 -3.3911 -0.7248 -0.7248
32125 36.92 22.06 0.00 -3.3911 -0.7248 -0.7248
32150 36.75 22.21 0.00 -5.2099 -3.5622 -3.5622
32175 36.50 22.40 0.00 -6.3416 -3.5290 -3.5290
32200 36.50 22.40 0.00 -6.3416 -3.5290 -3.5290
32225 36.25 22.65 0.00 -6.0945 -2.2983 -2.2983
32250 36.02 22.88 0.00 -5.8087 -2.9655 -2.9655
32275 35.82 23.08 0.00 -4.2347 -1.3212 -1.3212
32300 35.82 23.08 0.00 -4.2347 -1.3212 -1.3212
32325 35.70 23.25 0.00 -3.8225 -0.3338 -0.3338
32350 35.52 23.54 0.00 -4.1590 -1.5695 -1.5695
32375 35.52 23.54 0.00 -4.1590 -1.5695 -1.5695
32400 35.38 23.92 0.00 -2.8998 -1.9745 -1.9745
32425 35.30 24.28 0.00 -1.0623 0.2366 0.2366
32450 35.30 24.28 0.00 -1.0623 0.2366 0.2366
32475 35.30 24.64 0.00 0.8411 1.8819 1.8819
32500 35.36 25.10 0.00 1.7432 1.2174 1.2174
32525 35.41 25.60 0.00 0.2449 0.0012 0.0012
32550 35.41 25.60 0.00 0.2449 0.0012 0.0012
32575 35.39 26.16 0.00 -0.6772 1.0198 1.0198
32600 35.39 26.16 0.00 -0.6772 1.0198 1.0198
32625 35.36 26.69 0.00 -0.7254 -1.1742 -1.1742
32650 35.36 27.15 0.00 -0.0068 1.3302 1.3302
32675 35.36 27.50 0.00 0.1225 1.0426 1.0426
32700 35.36 27.50 0.00 0.1225 1.0426 1.0426
32725 35.32 27.83 0.00 -1.3741 0.3793 0.3793
32750 35.22 28.18 0.00 -3.6401 0.1249 0.1249
32775 35.22 28.18 0.00 -3.6401 0.1249 0.1249
32800 34.98 28.52 0.00 -6.9346 0.1998 0.1998
32825 34.70 28.82 0.00 -7.2648 -0.0396 -0.0396
32850 34.70 28.82 0.00 -7.2648 -0.0396 -0.0396
32875 34.41 29.10 0.00 -7.1958 -1.3128 -1.3128
32900 34.09 29.30 0.00 -8.6550 -1.5585 -1.5585
32925 33.71 29.44 0.00 -9.1851 -1.7369 -1.7369
32950 33.71 29.44 0.00 -9.1851 -1.7369 -1.7369
32975 33.32 29.57 0.00 -10.1802 -2.0337 -2.0337
33000 32.94 29.67 0.00 -9.2042 -2.9884 -2.9884
33025 32.94 29.67 0.00 -9.2042 -2.9884 -2.9884
33050 32.64 29.69 0.00 -6.5298 -2.6481 -2.6481
33075 32.39 29.66 0.00 -5.9646 -2.0823 -2.0823
33100 32.22 29.59 0.00 -4.6705 -1.2051 -1.2051
33125 32.22 29.59 0.00 -4.6705 -1.2051 -1.2051
33150 32.12 29.47 0.00 -1.7370 -1.7002 -1.7002
33175 32.12 29.35 0.00 0.3496 -1.3833 -1.3833
33200 32.12 29.35 0.00 0.3496 -1.3833 -1.3833
33225 32.13 29.21 0.00 1.1183 -0.7053 -0.7053
33250 32.17 29.08 0.00 0.5037 -0.4188 -0.4188
33275 32.17 29.08 0.00 0.5037 -0.4188 -0.4188
33300 32.17 28.92 0.00 -0.9400 -0.4779 -0.4779
33325 32.08 28.80 0.00 -2.0975 -0.5668 -0.5668
33350 32.08 28.80 0.00 -2.0975 -0.5668 -0.5668
33375 31.99 28.70 0.00 -2.9501 -0.5254 -0.5254
33400 31.86 28.65 0.00 -3.2379 -0.8456 -0.8456
33425 31.72 28.64 0.00 -3.4585 -1.5009 -1.5009
33450 31.72 28.64 0.00 -3.4585 -1.5009 -1.5009
33475 31.52 28.61 0.00 -7.8598 -2.8158 -2.8158
33500 30.91 28.57 0.00 -19.3476 -2.2330 -2.2330
33525 30.91 28.57 0.00 -19.3476 -2.2330 -2.2330
33550 29.98 28.55 0.00 -24.1814 -6.2429 -6.2429
33575 29.02 28.53 0.00 -24.8429 -7.1115 -7.1115
33600 29.02 28.53 0.00 -24.8429 -7.1115 -7.1115
33625 28.03 28.54 0.00 -24.1183 -6.2064 -6.2064
33650 27.15 28.66 0.00 -20.1917 -4.2027 -4.2027
33675 26.53 28.87 0.00 -12.4769 -2.2393 -2.2393
33700 26.53 28.87 0.00 -12.4769 -2.2393 -2.2393
33725 26.23 29.12 0.00 -5.2170 -1.0483 -1.0483
33750 26.12 29.37 0.00 -1.0254 0.3951 0.3951
33775 26.12 29.37 0.00 -1.0254 0.3951 0.3951
33800 26.16 29.57 0.00 1.9523 0.3043 0.3043
33825 26.23 29.79 0.00 1.5340 -0.2783 -0.2783
33850 26.23 30.05 0.00 -1.1084 -0.1616 -0.1616
33875 26.23 30.05 0.00 -1.1084 -0.1616 -0.1616
33900 26.16 30.20 0.00 -2.4534 0.4698 0.4698
33925 26.07 30.43 0.00 -2.3611 -0.7215 -0.7215
33950 26.07 30.43 0.00 -2.3611 -0.7215 -0.7215
33975 25.96 30.64 0.00 -3.3969 -1.4080 -1.4080
34000 25.81 30.82 0.00 -3.4749 -0.9697 -0.9697
34025 25.81 30.82 0.00 -3.4749 -0.9697 -0.9697
34050 25.72 30.95 0.00 -1.6682 -0.4239 -0.4239
34075 25.62 31.03 0.00 -2.2429 -0.0615 -0.0615
34100 25.62 31.03 0.00 -2.2429 -0.0615 -0.0615
34125 25.60 31.10 0.00 0.3804 0.7459 0.7459
34150 25.51 31.19 0.00 -5.8412 -1.1126 -1.1126
34175 24.86 31.29 0.00 -22.7494 -4.1149 -4.1149
34200 24.86 31.29 0.00 -22.7494 -4.1149 -4.1149
34225 23.88 31.33 0.00 -23.4118 -4.8450 -4.8450
34250 23.13 31.37 0.00 -15.4385 -4.4232 -4.4232
34275 22.70 31.46 0.00 -8.8036 -5.6071 -5.6071
34300 22.70 31.46 0.00 -8.8036 -5.6071 -5.6071
34325 22.46 31.61 0.00 -3.8616 -3.7816 -3.7816
34350 22.40 31.73 0.00 -0.0158 -1.2251 -1.2251
34375 22.40 31.73 0.00 -0.0158 -1.2251 -1.2251
34400 22.42 31.79 0.00 0.8523 1.3878 1.3878
34425 22.46 31.77 0.00 1.0769 -0.6735 -0.6735
34450 22.46 31.77 0.00 1.0769 -0.6735 -0.6735
34475 22.51 31.72 0.00 0.3171 -1.9307 -1.9307
34500 22.40 31.65 0.00 -4.8225 -2.5577 -2.5577
34525 22.40 31.65 0.00 -4.8225 -2.5577 -2.5577
34550 22.02 31.56 0.00 -12.1319 -3.2333 -3.2333
34575 21.48 31.48 0.00 -12.9982 -5.4826 -5.4826
34600 21.48 31.48 0.00 -12.9982 -5.4826 -5.4826
34625 20.99 31.46 0.00 -12.5620 -5.6496 -5.6496
34650 20.64 31.45 0.00 -10.8271 -3.8515 -3.8515
34675 20.38 31.39 0.00 -3.5911 -2.7510 -2.7510
34700 20.38 31.39 0.00 -3.5911 -2.7510 -2.7510
34725 20.38 31.31 0.00 0.3019 -3.5806 -3.5806
34750 20.25 31.18 0.00 -5.9933 -2.3253 -2.3253
34775 19.83 30.99 0.00 -13.0182 -2.6425 -2.6425
34800 19.83 30.99 0.00 -13.0182 -2.6425 -2.6425
34825 19.10 30.82 0.00 -20.9894 -6.9560 -6.9560
34850 18.22 30.71 0.00 -21.8457 -6.5202 -6.5202
34875 18.22 30.71 0.00 -21.8457 -6.5202 -6.5202
34900 17.47 30.70 0.00 -16.0924 -5.2574 -5.2574
34925 17.04 30.72 0.00 -7.8959 -3.6393 -3.6393
34950 17.04 30.72 0.00 -7.8959 -3.6393 -3.6393
34975 16.85 30.72 0.00 -2.9258 -2.5442 -2.5442
35000 16.77 30.73 0.00 -1.4847 -1.2574 -1.2574
35025 16.77 30.73 0.00 -1.4847 -1.2574 -1.2574
35050 16.70 30.75 0.00 -2.5454 -1.5296 -1.5296
35075 16.46 30.80 0.00 -7.5640 -2.2554 -2.2554
35100 16.46 30.80 0.00 -7.5640 -2.2554 -2.2554
35125 16.17 31.00 0.00 -6.3621 -1.1845 -1.1845
35150 15.96 31.34 0.00 -5.3399 -0.3807 -0.3807
35175 15.76 31.72 0.00 -4.5326 0.6268 0.6268
35200 15.76 31.72 0.00 -4.5326 0.6268 0.6268
35225 15.63 32.12 0.00 -3.1504 -0.1130 -0.1130
35250 15.49 32.49 0.00 -4.0507 -0.2038 -0.2038
35275 15.49 32.49 0.00 -4.0507 -0.2038 -0.2038
35300 15.31 32.73 0.00 -3.8295 0.5684 0.5684
35325 15.20 32.92 0.00 -2.7475 -2.5210 -2.5210
35350 15.20 32.92 0.00 -2.7475 -2.5210 -2.5210
35375 15.12 33.09 0.00 -2.5147 -1.8896 -1.8896
35400 14.96 33.32 0.00 -4.4174 -0.8507 -0.8507
35425 14.76 33.64 0.00 -5.5303 0.6288 0.6288
35450 14.76 33.64 0.00 -5.5303 0.6288 0.6288
35475 14.63 33.84 0.00 -3.4840 2.5792 2.5792
35500 14.61 34.04 0.00 1.9751 3.1150 3.1150
35525 14.61 34.04 0.00 1.9751 3.1150 3.1150
35550 14.75 34.21 0.00 3.3048 2.0471 2.0471
35575 14.82 34.35 0.00 1.1466 1.2579 1.2579
35600 14.82 34.35 0.00 1.1466 1.2579 1.2579
35625 14.84 34.53 0.00 -0.2022 -0.1993 -0.1993
35650 14.76 34.72 0.00 -2.9750 -0.2919 -0.2919
35675 14.63 34.97 0.00 -3.1867 0.0880 0.0880
35700 14.63 34.97 0.00 -3.1867 0.0880 0.0880
35725 14.51 35.25 0.00 -3.7580 -1.4185 -1.4185
35750 14.27 35.55 0.00 -7.2290 -1.4126 -1.4126
35775 13.94 35.76 0.00 -7.5856 -0.5777 -0.5777
35800 13.94 35.76 0.00 -7.5856 -0.5777 -0.5777
35825 13.76 35.96 0.00 -2.6398 -0.6576 -0.6576
35850 13.68 36.17 0.00 -2.3724 -0.6445 -0.6445
35875 13.68 36.17 0.00 -2.3724 -0.6445 -0.6445
35900 13.48 36.39 0.00 -5.8871 1.1082 1.1082
35925 13.31 36.63 0.00 -2.7327 1.4790 1.4790
35950 13.31 36.63 0.00 -2.7327 1.4790 1.4790
35975 13.29 36.94 0.00 0.4589 -1.1878 -1.1878
36000 13.25 37.39 0.00 -2.6465 -1.6688 -1.6688
36025 13.25 37.39 0.00 -2.6465 -1.6688 -1.6688
36050 13.17 37.81 0.00 -1.1040 2.4641 2.4641
36075 13.23 38.19 0.00 2.8266 0.8318 0.8318
36100 13.23 38.19 0.00 2.8266 0.8318 0.8318
36125 13.29 38.58 0.00 0.1268 0.5576 0.5576
36150 13.25 38.87 0.00 -0.6736 1.3128 1.3128
36175 13.29 39.11 0.00 1.9344 0.9854 0.9854
36200 13.29 39.11 0.00 1.9344 0.9854 0.9854
36225 13.39 39.33 0.00 1.8497 -1.1835 -1.1835
36250 13.44 39.51 0.00 2.2081 1.0123 1.0123
36275 13.44 39.51 0.00 2.2081 1.0123 1.0123
36300 13.56 39.71 0.00 3.4478 1.0570 1.0570
36325 13.74 39.98 0.00 5.1421 1.9430 1.9430
36350 13.74 39.98 0.00 5.1421 1.9430 1.9430
36375 13.92 40.24 0.00 3.5500 1.9400 1.9400
36400 14.06 40.40 0.00 3.4371 2.5724 2.5724
36425 14.21 40.47 0.00 3.8571 1.7588 1.7588
36450 14.21 40.47 0.00 3.8571 1.7588 1.7588
36475 14.35 40.58 0.00 3.3327 0.4787 0.4787
36500 14.47 40.68 0.00 2.6015 0.1357 0.1357
36525 14.53 40.74 0.00 0.8319 0.1489 0.1489
36550 14.53 40.74 0.00 0.8319 0.1489 0.1489
36575 14.51 40.78 0.00 -0.6945 0.8679 0.8679
36600 14.51 40.84 0.00 -0.2523 0.1405 0.1405
36625 14.51 40.84 0.00 -0.2523 0.1405 0.1405
36650 14.47 40.85 0.00 -1.0634 -0.3357 -0.3357
36675 14.43 40.85 0.00 -0.6457 -0.8595 -0.8595
36700 14.43 40.85 0.00 -0.6457 -0.8595 -0.8595
36725 14.39 40.85 0.00 -1.7084 -1.1015 -1.1015
36750 14.23 40.78 0.00 -5.5686 -1.0633 -1.0633
36775 14.23 40.78 0.00 -5.5686 -1.0633 -1.0633
36800 13.98 40.69 0.00 -6.3632 -0.9280 -0.9280
36825 13.86 40.66 0.00 -2.3977 -1.3459 -1.3459
36850 13.92 40.63 0.00 2.2572 -2.6269 -2.6269
36875 13.92 40.63 0.00 2.2572 -2.6269 -2.6269
36900 13.96 40.67 0.00 0.1532 -0.9190 -0.9190
36925 13.96 40.76 0.00 0.6372 2.5278 2.5278
36950 13.96 40.76 0.00 0.6372 2.5278 2.5278
36975 14.06 40.94 0.00 3.0855 1.3071 1.3071
37000 14.19 41.22 0.00 3.1818 1.2352 1.2352
37025 14.29 41.48 0.00 2.2132 1.7145 1.7145
37050 14.29 41.48 0.00 2.2132 1.7145 1.7145
37075 14.35 41.73 0.00 1.0752 1.7112 1.7112
37100 14.35 41.73 0.00 1.0752 1.7112 1.7112
37125 14.43 42.04 0.00 2.5975 1.4289 1.4289
37150 14.59 42.38 0.00 5.2890 -1.4107 -1.4107
37175 14.86 42.76 0.00 6.7101 1.4607 1.4607
37200 14.86 42.76 0.00 6.7101 1.4607 1.4607
37225 15.08 43.13 0.00 4.6276 1.8130 1.8130
37250 15.25 43.53 0.00 4.2557 2.4453 2.4453
37275 15.25 43.53 0.00 4.2557 2.4453 2.4453
37300 15.35 43.91 0.00 1.7185 3.0687 3.0687
37325 15.39 44.26 0.00 0.7094 4.3248 4.3248
37350 15.39 44.26 0.00 0.7094 4.3248 4.3248
37375 15.43 44.52 0.00 1.1200 2.5561 2.5561
37400 15.49 44.75 0.00 1.4883 0.5250 0.5250
37425 15.53 45.02 0.00 0.8737 0.1401 0.1401
37450 15.53 45.02 0.00 0.8737 0.1401 0.1401
37475 15.61 45.40 0.00 2.3855 1.0690 1.0690
37500 15.76 45.83 0.00 5.1954 2.5637 2.5637
37525 15.76 45.83 0.00 5.1954 2.5637 2.5637
37550 16.02 46.24 0.00 6.6438 3.7123 3.7123
37575 16.31 46.55 0.00 7.7103 4.3725 4.3725
37600 16.66 46.90 0.00 9.2155 3.7474 3.7474
37625 16.66 46.90 0.00 9.2155 3.7474 3.7474
37650 17.04 47.28 0.00 9.6589 3.1648 3.1648
37675 17.41 47.59 0.00 9.3897 3.6505 3.6505
37700 17.80 47.85 0.00 10.2436 2.8169 2.8169
37725 17.80 47.85 0.00 10.2436 2.8169 2.8169
37750 18.22 48.09 0.00 10.0763 2.6611 2.6611
37775 18.22 48.09 0.00 10.0763 2.6611 2.6611
37800 18.51 48.27 0.00 9.1163 2.3998 2.3998
37825 18.85 48.53 0.00 8.1916 1.9571 1.9571
37850 19.22 48.78 0.00 9.8274 3.4316 3.4316
37875 19.22 48.78 0.00 9.8274 3.4316 3.4316
37900 19.64 49.04 0.00 10.5247 2.4213 2.4213
37925 20.00 49.29 0.00 7.8823 2.2702 2.2702
37950 20.00 49.29 0.00 7.8823 2.2702 2.2702
37975 20.19 49.59 0.00 3.0626 2.5507 2.5507
38000 20.28 49.93 0.00 2.4733 2.9130 2.9130
38025 20.28 49.93 0.00 2.4733 2.9130 2.9130
38050 20.45 50.28 0.00 5.0913 2.2296 2.2296
38075 20.61 50.57 0.00 3.2704 0.4897 0.4897
38100 20.61 50.57 0.00 3.2704 0.4897 0.4897
38125 20.72 50.72 0.00 2.2666 1.6510 1.6510
38150 20.81 50.87 0.00 3.1495 0.8880 0.8880
38175 20.97 51.07 0.00 3.4604 0.1535 0.1535
38200 20.97 51.07 0.00 3.4604 0.1535 0.1535
38225 21.08 51.28 0.00 2.0398 1.4683 1.4683
38250 21.17 51.54 0.00 2.8312 3.0523 3.0523
38275 21.17 51.54 0.00 2.8312 3.0523 3.0523
38300 21.36 51.84 0.00 6.5310 3.0363 3.0363
38325 21.67 52.17 0.00 8.1972 1.8335 1.8335
38350 22.00 52.46 0.00 8.1464 1.9091 1.9091
38375 22.00 52.46 0.00 8.1464 1.9091 1.9091
38400 22.32 52.68 0.00 8.1068 2.5939 2.5939
38425 22.64 52.91 0.00 8.1688 2.6324 2.6324
38450 22.64 52.91 0.00 8.1688 2.6324 2.6324
38475 23.00 53.15 0.00 8.9713 2.5354 2.5354
38500 23.35 53.45 0.00 9.0641 2.2666 2.2666
38525 23.35 53.45 0.00 9.0641 2.2666 2.2666
38550 23.73 53.77 0.00 9.4361 1.9654 1.9654
38575 24.01 53.99 0.00 9.2972 2.1369 2.1369
38600 24.40 54.25 0.00 10.3743 2.4936 2.4936
38625 24.40 54.25 0.00 10.3743 2.4936 2.4936
38650 24.84 54.46 0.00 10.9207 2.4203 2.4203
38675 25.25 54.65 0.00 9.7219 2.5254 2.5254
38700 25.25 54.65 0.00 9.7219 2.5254 2.5254
38725 25.60 54.78 0.00 8.1731 2.2811 2.2811
38750 25.88 54.88 0.00 6.3473 1.4053 1.4053
38775 26.14 54.93 0.00 6.5798 2.9187 2.9187
38800 26.14 54.93 0.00 6.5798 2.9187 2.9187
38825 26.43 54.94 0.00 8.1063 1.7958 1.7958
38850 26.82 54.85 0.00 10.4755 0.3796 0.3796
38875 26.82 54.85 0.00 10.4755 0.3796 0.3796
38900 27.23 54.70 0.00 9.7480 0.3396 0.3396
38925 27.59 54.47 0.00 8.8842 1.1698 1.1698
38950 27.96 54.24 0.00 9.3442 1.5340 1.5340
38975 27.96 54.24 0.00 9.3442 1.5340 1.5340
39000 28.27 54.05 0.00 7.1949 0.1737 0.1737
39025 28.27 54.05 0.00 7.1949 0.1737 0.1737
39050 28.51 53.87 0.00 4.9664 0.8971 0.8971
39075 28.67 53.75 0.00 3.4918 0.9835 0.9835
39100 28.82 53.63 0.00 4.0120 0.8569 0.8569
39125 28.82 53.63 0.00 4.0120 0.8569 0.8569
39150 29.00 53.47 0.00 4.8118 0.6451 0.6451
39175 29.20 53.26 0.00 5.1227 0.5670 0.5670
39200 29.20 53.26 0.00 5.1227 0.5670 0.5670
39225 29.42 53.08 0.00 5.5375 0.2038 0.2038
39250 29.65 52.98 0.00 5.7297 -0.1596 -0.1596
39275 29.65 52.98 0.00 5.7297 -0.1596 -0.1596
39300 29.85 52.95 0.00 4.5609 0.5686 0.5686
39325 30.04 52.97 0.00 5.4855 1.0244 1.0244
39350 30.24 53.02 0.00 7.0041 0.8556 0.8556
39375 30.24 53.02 0.00 7.0041 0.8556 0.8556
39400 30.54 53.19 0.00 7.1242 0.3895 0.3895
39425 30.76 53.39 0.00 4.8555 1.0070 1.0070
39450 30.76 53.39 0.00 4.8555 1.0070 1.0070
39475 30.92 53.70 0.00 4.0207 1.6624 1.6624
39500 30.92 53.70 0.00 4.0207 1.6624 1.6624
39525 31.47 54.26 0.00 9.8794 1.6232 1.6232
39550 31.47 54.26 0.00 9.8794 1.6232 1.6232
39575 31.92 54.48 0.00 11.4894 1.1410 1.1410
39600 32.33 54.68 0.00 9.6240 1.0586 1.0586
39625 32.33 54.68 0.00 9.6240 1.0586 1.0586
39650 32.69 54.90 0.00 8.6036 2.8937 2.8937
39675 33.03 55.12 0.00 9.3137 2.0342 2.0342
39700 33.46 55.37 0.00 10.9698 1.0590 1.0590
39725 33.46 55.37 0.00 10.9698 1.0590 1.0590
39750 33.88 55.55 0.00 9.8772 2.6367 2.6367
39775 34.25 55.68 0.00 9.0073 3.2394 3.2394
39800 34.25 55.68 0.00 9.0073 3.2394 3.2394
39825 34.61 55.79 0.00 8.9570 2.6594 2.6594
39850 34.95 55.79 0.00 8.2308 1.7500 1.7500
39875 34.95 55.79 0.00 8.2308 1.7500 1.7500
39900 35.29 55.74 0.00 8.9200 1.8453 1.8453
39925 35.68 55.66 0.00 9.9937 0.4246 0.4246
39950 36.14 55.48 0.00 12.5272 1.8823 1.8823
39975 36.14 55.48 0.00 12.5272 1.8823 1.8823
40000 36.67 55.28 0.00 13.4753 0.4841 0.4841
40025 37.21 55.07 0.00 13.2082 1.2216 1.2216
40050 37.21 55.07 0.00 13.2082 1.2216 1.2216
40075 37.72 54.97 0.00 13.2088 1.5932 1.5932
40100 38.31 54.95 0.00 15.6247 1.9483 1.9483
40125 38.80 54.96 0.00 16.4032 1.9468 1.9468
40150 38.80 54.96 0.00 16.4032 1.9468 1.9468
40175 39.42 54.89 0.00 14.6197 1.1921 1.1921
40200 39.91 54.86 0.00 11.2342 1.0362 1.0362
40225 39.91 54.86 0.00 11.2342 1.0362 1.0362
40250 40.25 54.85 0.00 6.6920 0.6157 0.6157
40275 40.41 54.95 0.00 2.1700 0.4571 0.4571
40300 40.41 54.95 0.00 2.1700 0.4571 0.4571
40325 40.42 55.11 0.00 -0.5016 0.5009 0.5009
40350 40.42 55.11 0.00 -0.5016 0.5009 0.5009
40375 40.39 55.22 0.00 -0.4937 -0.1236 -0.1236
40400 40.41 55.29 0.00 0.6463 -0.5165 -0.5165
40425 40.44 55.32 0.00 0.6492 -0.0484 -0.0484
40450 40.44 55.32 0.00 0.6492 -0.0484 -0.0484
40475 40.44 55.34 0.00 -0.0912 0.3752 0.3752
40500 40.44 55.36 0.00 -0.0234 0.3851 0.3851
40525 40.44 55.36 0.00 0.5198 0.9119 0.9119
40550 40.44 55.36 0.00 0.5198 0.9119 0.9119
40575 40.48 55.34 0.00 0.7254 0.6505 0.6505
40600 40.51 55.29 0.00 0.8275 0.1747 0.1747
40625 40.51 55.29 0.00 0.8275 0.1747 0.1747
40650 40.56 55.22 0.00 1.7383 -0.2307 -0.2307
40675 40.67 55.11 0.00 3.2887 0.7717 0.7717
40700 40.67 55.11 0.00 3.2887 0.7717 0.7717
40725 40.83 54.97 0.00 5.0164 -0.0031 -0.0031
40750 41.16 54.68 0.00 9.9747 -0.2844 -0.2844
40775 41.64 54.31 0.00 12.4182 -0.1297 -0.1297
40800 41.64 54.31 0.00 12.4182 -0.1297 -0.1297
40825 42.09 53.96 0.00 10.7541 0.7384 0.7384
40850 42.50 53.57 0.00 10.2499 -0.0078 -0.0078
40875 42.50 53.57 0.00 10.2499 -0.0078 -0.0078
40900 42.92 53.15 0.00 10.7308 1.0473 1.0473
40925 43.22 52.86 0.00 9.2970 1.3915 1.3915
40950 43.22 52.86 0.00 9.2970 1.3915 1.3915
40975 43.53 52.61 0.00 6.4709 1.2466 1.2466
41000 43.71 52.52 0.00 3.3448 1.7275 1.7275
41025 43.80 52.47 0.00 1.8591 1.8428 1.8428
41050 43.80 52.47 0.00 1.8591 1.8428 1.8428
41075 43.90 52.44 0.00 3.3959 1.8310 1.8310
41100 44.09 52.44 0.00 5.3381 0.6325 0.6325
41125 44.30 52.44 0.00 4.8777 -0.6973 -0.6973
41150 44.30 52.44 0.00 4.8777 -0.6973 -0.6973
41175 44.43 52.47 0.00 1.4300 -0.2189 -0.2189
41200 44.39 52.54 0.00 -1.6435 1.1268 1.1268
41225 44.39 52.54 0.00 -1.6435 1.1268 1.1268
41250 44.34 52.63 0.00 -0.9124 0.3810 0.3810
41275 44.34 52.70 0.00 0.3248 -0.8903 -0.8903
41300 44.34 52.70 0.00 0.3248 -0.8903 -0.8903
41325 44.36 52.76 0.00 0.6480 -0.5264 -0.5264
41350 44.37 52.77 0.00 0.1271 0.3065 0.3065
41375 44.37 52.77 0.00 0.1271 0.3065 0.3065
41400 44.39 52.76 0.00 0.5251 0.4604 0.4604
41425 44.44 52.69 0.00 1.5049 0.4075 0.4075
41450 44.44 52.69 0.00 1.5049 0.4075 0.4075
41475 44.53 52.58 0.00 2.6069 0.4246 0.4246
41500 44.65 52.44 0.00 3.3412 0.1541 0.1541
41525 44.65 52.44 0.00 3.3412 0.1541 0.1541
41550 44.79 52.26 0.00 3.5995 -0.4775 -0.4775
41575 44.97 52.02 0.00 5.5721 -0.3463 -0.3463
41600 45.27 51.81 0.00 7.9221 -3.8069 -3.8069
41625 45.27 51.81 0.00 7.9221 -3.8069 -3.8069
41650 45.53 51.65 0.00 9.3014 -2.5508 -2.5508
41675 45.90 51.44 0.00 8.6197 -2.7599 -2.7599
41700 45.90 51.44 0.00 8.6197 -2.7599 -2.7599
41725 46.18 51.28 0.00 5.5058 -1.8443 -1.8443
41750 46.32 51.16 0.00 2.7906 0.3172 0.3172
41775 46.32 51.16 0.00 2.7906 0.3172 0.3172
41800 46.42 50.98 0.00 2.4964 -0.2011 -0.2011
41825 46.60 50.77 0.00 6.0084 0.9490 0.9490
41850 46.94 50.53 0.00 10.1432 0.6791 0.6791
41875 46.94 50.53 0.00 10.1432 0.6791 0.6791
41900 47.40 50.35 0.00 12.2072 0.0340 0.0340
41925 47.87 50.26 0.00 11.0603 0.6764 0.6764
41950 47.87 50.26 0.00 11.0603 0.6764 0.6764
