%#        Time[ms]        X[pixel],        Y[pixel],        Z[pixel],  dX/dt[pixel/s],  dY/dt[pixel/s],  dZ/dt[pixel/s] 
0 50.00 50.00 0.00 -3.7840 -1.6691 -1.6691
25 50.00 50.00 0.00 -3.7840 -1.6691 -1.6691
50 49.90 50.35 0.00 -2.4967 -2.0787 -2.0787
75 49.81 50.65 0.00 -1.8813 1.1792 1.1792
100 49.81 50.65 0.00 -1.8813 1.1792 1.1792
125 49.77 50.75 0.00 -0.0108 3.3525 3.3525
150 49.84 50.54 0.00 3.0992 4.8951 4.8951
175 49.84 50.54 0.00 3.0992 4.8951 4.8951
200 50.02 50.26 0.00 4.9360 3.4268 3.4268
225 50.21 50.16 0.00 4.3820 3.0464 3.0464
250 50.31 50.30 0.00 1.2418 2.0215 2.0215
275 50.31 50.30 0.00 1.2418 2.0215 2.0215
300 50.31 50.44 0.00 -0.2833 1.7312 1.7312
325 50.30 50.54 0.00 -0.6662 0.7083 0.7083
350 50.30 50.58 0.00 0.8214 0.6050 0.6050
375 50.30 50.58 0.00 0.8214 0.6050 0.6050
400 50.35 50.54 0.00 1.5385 -0.4754 -0.4754
425 50.42 50.58 0.00 1.5295 -1.6391 -1.6391
450 50.42 50.58 0.00 1.5295 -1.6391 -1.6391
475 50.44 50.68 0.00 0.0620 -2.7554 -2.7554
500 50.33 50.65 0.00 -4.8385 -2.1414 -2.1414
525 50.33 50.65 0.00 -4.8385 -2.1414 -2.1414
550 50.03 50.51 0.00 -8.7942 -1.8631 -1.8631
575 49.69 50.40 0.00 -9.0203 -4.8724 -4.8724
600 49.69 50.40 0.00 -9.0203 -4.8724 -4.8724
625 49.35 50.38 0.00 -7.4000 -5.7818 -5.7818
650 49.02 50.42 0.00 -10.1405 -3.7748 -3.7748
675 49.02 50.42 0.00 -10.1405 -3.7748 -3.7748
700 48.50 50.33 0.00 -13.9087 0.3280 0.3280
725 47.99 50.14 0.00 -11.6560 -1.7411 -1.7411
750 47.59 50.00 0.00 -8.2654 -2.3888 -2.3888
775 47.59 50.00 0.00 -8.2654 -2.3888 -2.3888
800 47.36 49.84 0.00 -4.5885 -4.5166 -4.5166
825 47.22 49.69 0.00 -2.7683 -3.1355 -3.1355
850 47.22 49.69 0.00 -2.7683 -3.1355 -3.1355
875 47.14 49.56 0.00 -1.8109 -1.3505 -1.3505
900 47.05 49.46 0.00 -3.1555 -0.6778 -0.6778
925 47.05 49.46 0.00 -3.1555 -0.6778 -0.6778
950 46.84 49.37 0.00 -6.9796 -0.3545 -0.3545
975 46.19 49.27 0.00 -22.0538 0.7741 0.7741
1000 46.19 49.27 0.00 -22.0538 0.7741 0.7741
1025 45.13 49.07 0.00 -28.0357 1.1475 1.1475
1050 44.11 48.83 0.00 -23.1121 -0.6712 -0.6712
1075 43.50 48.65 0.00 -19.2091 0.7630 0.7630
1100 43.50 48.65 0.00 -19.2091 0.7630 0.7630
1125 42.88 48.56 0.00 -13.3025 1.5107 1.5107
1150 42.34 48.51 0.00 -13.4989 0.8685 0.8685
1175 41.76 48.35 0.00 -15.4698 2.5369 2.5369
1200 41.76 48.35 0.00 -15.4698 2.5369 2.5369
1225 41.16 48.14 0.00 -13.6194 3.5973 3.5973
1250 40.81 48.17 0.00 -6.9802 -0.0658 -0.0658
1275 40.81 48.17 0.00 -6.9802 -0.0658 -0.0658
1300 40.64 48.26 0.00 -3.0505 -1.4089 -1.4089
1325 40.58 48.31 0.00 -0.6367 -0.7086 -0.7086
1350 40.58 48.31 0.00 -0.6367 -0.7086 -0.7086
1375 40.49 48.29 0.00 -4.1590 -0.0369 -0.0369
1400 40.27 48.22 0.00 -5.7418 -0.0024 -0.0024
1425 40.05 48.11 0.00 -4.8614 -1.6990 -1.6990
1450 40.05 48.11 0.00 -4.8614 -1.6990 -1.6990
1475 39.90 47.97 0.00 -3.4907 -1.2321 -1.2321
1500 39.75 47.92 0.00 -3.7880 -1.4556 -1.4556
1525 39.75 47.92 0.00 -3.7880 -1.4556 -1.4556
1550 39.52 47.95 0.00 -7.2637 0.4550 0.4550
1575 39.21 48.04 0.00 -8.5811 0.5811 0.5811
1600 39.21 48.04 0.00 -8.5811 0.5811 0.5811
1625 38.84 48.06 0.00 -9.1696 0.5384 0.5384
1650 38.54 48.00 0.00 -6.6913 -0.4074 -0.4074
1675 38.29 47.86 0.00 -5.5530 -2.9494 -2.9494
1700 38.29 47.86 0.00 -5.5530 -2.9494 -2.9494
1725 38.09 47.77 0.00 -4.3397 -4.9443 -4.9443
1750 37.90 47.68 0.00 -5.7605 -2.1399 -2.1399
1775 37.90 47.68 0.00 -5.7605 -2.1399 -2.1399
1800 37.67 47.56 0.00 -5.2384 1.0781 1.0781
1825 37.42 47.45 0.00 -7.7047 0.6024 0.6024
1850 37.42 47.45 0.00 -7.7047 0.6024 0.6024
1875 37.14 47.29 0.00 -9.8981 1.1336 1.1336
1900 36.78 47.13 0.00 -7.4469 0.4515 0.4515
1925 36.78 47.13 0.00 -7.4469 0.4515 0.4515
1950 36.57 46.99 0.00 -4.5083 -1.4387 -1.4387
1975 36.39 46.85 0.00 -4.1471 -2.6925 -2.6925
2000 36.16 46.67 0.00 -7.5914 -0.7444 -0.7444
2025 36.16 46.67 0.00 -7.5914 -0.7444 -0.7444
2050 35.79 46.47 0.00 -11.2710 1.3805 1.3805
2075 35.27 46.26 0.00 -13.0586 0.9899 0.9899
2100 34.64 45.97 0.00 -17.9754 0.7342 0.7342
2125 34.64 45.97 0.00 -17.9754 0.7342 0.7342
2150 33.93 45.68 0.00 -17.3501 1.9307 1.9307
2175 33.45 45.64 0.00 -7.9016 1.6260 1.6260
2200 33.45 45.64 0.00 -7.9016 1.6260 1.6260
2225 33.28 45.67 0.00 -1.1471 0.4443 0.4443
2250 33.32 45.65 0.00 1.6943 -1.9950 -1.9950
2275 33.32 45.65 0.00 1.6943 -1.9950 -1.9950
2300 33.30 45.57 0.00 -2.9915 -0.5308 -0.5308
2325 33.09 45.33 0.00 -5.8251 0.6237 0.6237
2350 32.92 45.01 0.00 -3.0198 1.3059 1.3059
2375 32.92 45.01 0.00 -3.0198 1.3059 1.3059
2400 32.83 44.85 0.00 -1.7331 -0.9513 -0.9513
2425 32.80 44.76 0.00 -0.8814 -1.4781 -1.4781
2450 32.80 44.76 0.00 -0.8814 -1.4781 -1.4781
2475 32.69 44.55 0.00 -3.8616 -0.6634 -0.6634
2500 32.49 44.22 0.00 -4.8214 -1.0601 -1.0601
2525 32.49 44.22 0.00 -4.8214 -1.0601 -1.0601
2550 32.19 43.77 0.00 -10.0116 -0.2565 -0.2565
2575 31.72 43.20 0.00 -11.9202 1.6771 1.6771
2600 31.72 43.20 0.00 -11.9202 1.6771 1.6771
2625 31.30 42.76 0.00 -9.1023 0.1738 0.1738
2650 31.12 42.58 0.00 -4.9197 -1.8842 -1.8842
2675 31.03 42.45 0.00 -1.1292 -2.0923 -2.0923
2700 31.03 42.45 0.00 -1.1292 -2.0923 -2.0923
2725 31.00 42.33 0.00 -1.1407 0.0225 0.0225
2750 30.94 42.22 0.00 -0.5744 0.3157 0.3157
2775 30.94 42.22 0.00 -0.5744 0.3157 0.3157
2800 30.96 42.11 0.00 0.2132 -0.4402 -0.4402
2825 30.91 41.88 0.00 -2.1579 -1.6645 -1.6645
2850 30.91 41.88 0.00 -2.1579 -1.6645 -1.6645
2875 30.82 41.68 0.00 -2.1168 -2.5909 -2.5909
2900 30.72 41.48 0.00 -2.5556 -1.0966 -1.0966
2925 30.63 41.30 0.00 -1.9428 0.1674 0.1674
2950 30.63 41.30 0.00 -1.9428 0.1674 0.1674
2975 30.60 41.28 0.00 0.0541 -0.9506 -0.9506
3000 30.60 41.33 0.00 -0.2115 0.9692 0.9692
3025 30.60 41.33 0.00 -0.2115 0.9692 0.9692
3050 30.54 41.39 0.00 -2.6611 -0.4622 -0.4622
3075 30.38 41.36 0.00 -4.4258 0.1621 0.1621
3100 30.38 41.36 0.00 -4.4258 0.1621 0.1621
3125 30.22 41.33 0.00 -3.7856 -1.6287 -1.6287
3150 30.07 41.18 0.00 -3.8986 -0.2998 -0.2998
3175 29.93 41.12 0.00 -2.9976 -0.0403 -0.0403
3200 29.93 41.12 0.00 -2.9976 -0.0403 -0.0403
3225 29.80 41.23 0.00 -3.7897 0.9520 0.9520
3250 29.64 41.30 0.00 -4.1146 0.6229 0.6229
3275 29.64 41.30 0.00 -4.1146 0.6229 0.6229
3300 29.47 41.20 0.00 -4.7878 0.2121 0.2121
3325 29.29 41.05 0.00 -3.8577 0.6555 0.6555
3350 29.20 40.94 0.00 -1.2680 -0.0547 -0.0547
3375 29.20 40.94 0.00 -1.2680 -0.0547 -0.0547
3400 29.22 40.95 0.00 1.5314 -1.3167 -1.3167
3425 29.27 40.96 0.00 1.0379 -1.2993 -1.2993
3450 29.27 40.96 0.00 1.0379 -1.2993 -1.2993
3475 29.25 40.89 0.00 -0.8847 1.4507 1.4507
3500 29.24 40.84 0.00 0.4124 0.1430 0.1430
3525 29.24 40.84 0.00 0.4124 0.1430 0.1430
3550 29.29 40.78 0.00 2.2505 -0.0358 -0.0358
3575 29.36 40.73 0.00 0.8199 -0.1818 -0.1818
3600 29.36 40.73 0.00 0.8199 -0.1818 -0.1818
3625 29.33 40.66 0.00 -1.7604 -0.5544 -0.5544
3650 29.27 40.62 0.00 -0.3837 -0.5827 -0.5827
3675 29.27 40.62 0.00 -0.3837 -0.5827 -0.5827
3700 29.31 40.51 0.00 0.9688 -1.3107 -1.3107
3725 29.33 40.33 0.00 0.0249 0.8831 0.8831
3750 29.31 40.10 0.00 -0.5640 1.1238 1.1238
3775 29.31 40.10 0.00 -0.5640 1.1238 1.1238
3800 29.33 39.85 0.00 1.5218 2.2987 2.2987
3825 29.44 39.63 0.00 3.2493 2.4522 2.4522
3850 29.44 39.63 0.00 3.2493 2.4522 2.4522
3875 29.60 39.40 0.00 4.2409 3.6528 3.6528
3900 29.78 39.24 0.00 4.9840 4.3903 4.3903
3925 29.78 39.24 0.00 4.9840 4.3903 4.3903
3950 30.00 39.09 0.00 5.9709 2.9375 2.9375
3975 30.25 38.91 0.00 6.4856 2.9543 2.9543
4000 30.51 38.59 0.00 6.3891 3.7578 3.7578
4025 30.51 38.59 0.00 6.3891 3.7578 3.7578
4050 30.78 38.26 0.00 6.6733 4.8509 4.8509
4075 31.03 38.08 0.00 6.4745 3.2132 3.2132
4100 31.03 38.08 0.00 6.4745 3.2132 3.2132
4125 31.25 37.98 0.00 6.8943 4.0260 4.0260
4150 31.50 37.84 0.00 6.4061 2.9327 2.9327
4175 31.74 37.68 0.00 5.0936 3.6185 3.6185
4200 31.74 37.68 0.00 5.0936 3.6185 3.6185
4225 31.88 37.38 0.00 2.9794 3.3287 3.3287
4250 31.97 37.04 0.00 1.8959 2.9913 2.9913
4275 32.03 36.71 0.00 1.3062 3.0913 3.0913
4300 32.03 36.71 0.00 1.3062 3.0913 3.0913
4325 32.08 36.48 0.00 1.7102 2.0402 2.0402
4350 32.17 36.34 0.00 1.9170 2.0993 2.0993
4375 32.17 36.34 0.00 1.9170 2.0993 2.0993
4400 32.24 36.14 0.00 2.0648 2.4609 2.4609
4425 32.24 36.14 0.00 2.0648 2.4609 2.4609
4450 32.33 35.89 0.00 2.2881 3.2622 3.2622
4475 32.42 35.55 0.00 2.4803 3.9525 3.9525
4500 32.42 35.55 0.00 2.4803 3.9525 3.9525
4525 32.66 34.90 0.00 2.2831 1.0184 1.0184
4550 32.66 34.90 0.00 2.2831 1.0184 1.0184
4575 32.66 34.90 0.00 2.2831 1.0184 1.0184
4600 32.74 34.34 0.00 1.2671 2.0773 2.0773
4625 32.74 34.34 0.00 1.2671 2.0773 2.0773
4650 32.82 34.17 0.00 2.2835 -0.2853 -0.2853
4675 32.91 33.99 0.00 2.4184 0.3806 0.3806
4700 32.91 33.99 0.00 2.4184 0.3806 0.3806
4725 32.96 33.76 0.00 0.9567 -0.3543 -0.3543
4750 32.96 33.76 0.00 0.9567 -0.3543 -0.3543
4775 33.01 33.61 0.00 1.7625 1.1493 1.1493
4800 33.12 33.49 0.00 2.6759 0.9939 0.9939
4825 33.28 33.35 0.00 5.2233 3.7912 3.7912
4850 33.28 33.35 0.00 5.2233 3.7912 3.7912
4875 33.59 33.34 0.00 9.2155 3.8265 3.8265
4900 34.05 33.53 0.00 13.1411 3.7507 3.7507
4925 34.68 33.92 0.00 16.4869 4.7194 4.7194
4950 34.68 33.92 0.00 16.4869 4.7194 4.7194
4975 35.18 34.15 0.00 17.5074 5.6978 5.6978
5000 35.93 34.38 0.00 18.8506 5.1403 5.1403
5025 35.93 34.38 0.00 18.8506 5.1403 5.1403
5050 36.69 34.67 0.00 19.7372 7.0474 7.0474
5075 37.47 34.98 0.00 19.1359 7.5458 7.5458
5100 37.47 34.98 0.00 19.1359 7.5458 7.5458
5125 38.18 35.19 0.00 16.3487 7.5915 7.5915
5150 38.80 35.29 0.00 14.2791 8.7180 8.7180
5175 39.30 35.36 0.00 11.1968 8.8785 8.8785
5200 39.30 35.36 0.00 11.1968 8.8785 8.8785
5225 39.67 35.47 0.00 8.3697 7.4168 7.4168
5250 39.91 35.49 0.00 4.5267 6.1619 6.1619
5275 39.91 35.49 0.00 4.5267 6.1619 6.1619
5300 40.02 35.44 0.00 1.6571 3.4043 3.4043
5325 40.09 35.48 0.00 1.7193 2.4798 2.4798
5350 40.16 35.55 0.00 1.4228 0.3074 0.3074
5375 40.16 35.55 0.00 1.4228 0.3074 0.3074
5400 40.18 35.48 0.00 0.1706 2.6551 2.6551
5425 40.19 35.37 0.00 0.7512 3.5236 3.5236
5450 40.19 35.37 0.00 0.7512 3.5236 3.5236
5475 40.28 35.41 0.00 3.3598 2.8785 2.8785
5500 40.46 35.50 0.00 4.5262 2.5489 2.5489
5525 40.64 35.59 0.00 4.1843 2.5533 2.5533
5550 40.64 35.59 0.00 4.1843 2.5533 2.5533
5575 40.78 35.68 0.00 3.0088 1.8515 1.8515
5600 40.78 35.68 0.00 3.0088 1.8515 1.8515
5625 40.90 35.79 0.00 3.3593 1.2580 1.2580
5650 41.09 35.94 0.00 5.5694 0.9869 0.9869
5675 41.09 35.94 0.00 5.5694 0.9869 0.9869
5700 41.36 36.11 0.00 7.3032 1.1972 1.1972
5725 41.67 36.20 0.00 8.0982 4.5150 4.5150
5750 41.92 36.31 0.00 7.8220 3.7656 3.7656
5775 41.92 36.31 0.00 7.8220 3.7656 3.7656
5800 42.22 36.55 0.00 7.2340 2.2210 2.2210
5825 42.46 36.67 0.00 5.7877 1.8890 1.8890
5850 42.46 36.67 0.00 5.7877 1.8890 1.8890
5875 42.66 36.69 0.00 3.7953 0.7797 0.7797
5900 42.80 36.77 0.00 4.1468 0.2327 0.2327
5925 43.01 36.91 0.00 6.4567 -1.8741 -1.8741
5950 43.01 36.91 0.00 6.4567 -1.8741 -1.8741
5975 43.38 37.02 0.00 11.5064 1.0838 1.0838
6000 43.92 37.15 0.00 14.4734 2.7580 2.7580
6025 43.92 37.15 0.00 14.4734 2.7580 2.7580
6050 44.48 37.37 0.00 13.4147 3.8978 3.8978
6075 44.99 37.57 0.00 11.9926 4.8750 4.8750
6100 45.41 37.70 0.00 9.8238 2.6952 2.6952
6125 45.41 37.70 0.00 9.8238 2.6952 2.6952
6150 45.83 37.77 0.00 10.5941 2.4640 2.4640
6175 45.83 37.77 0.00 10.5941 2.4640 2.4640
6200 46.28 37.86 0.00 12.0463 1.9166 1.9166
6225 46.75 37.99 0.00 11.5736 -0.0958 -0.0958
6250 47.19 38.13 0.00 10.0043 0.4136 0.4136
6275 47.19 38.13 0.00 10.0043 0.4136 0.4136
6300 47.56 38.22 0.00 9.0069 1.9846 1.9846
6325 47.89 38.33 0.00 7.2893 2.9298 2.9298
6350 47.89 38.33 0.00 7.2893 2.9298 2.9298
6375 48.15 38.49 0.00 6.2143 1.6430 1.6430
6400 48.38 38.69 0.00 5.7520 1.5222 1.5222
6425 48.38 38.69 0.00 5.7520 1.5222 1.5222
6450 48.60 38.78 0.00 5.9702 1.7514 1.7514
6475 48.94 38.83 0.00 9.4389 3.5261 3.5261
6500 48.94 38.83 0.00 9.4389 3.5261 3.5261
6525 49.34 38.96 0.00 10.4300 2.7965 2.7965
6550 49.65 39.10 0.00 10.1435 2.2383 2.2383
6575 50.03 39.28 0.00 9.8234 2.2454 2.2454
6600 50.49 39.45 0.00 12.6485 1.4797 1.4797
6625 50.49 39.45 0.00 12.6485 1.4797 1.4797
6650 51.13 39.73 0.00 18.7761 4.4690 4.4690
6675 52.06 40.16 0.00 25.0764 7.2733 7.2733
6700 52.06 40.16 0.00 25.0764 7.2733 7.2733
6725 53.13 40.60 0.00 28.1117 6.3626 6.3626
6750 54.31 40.93 0.00 30.0204 5.5000 5.5000
6775 54.31 40.93 0.00 30.0204 5.5000 5.5000
6800 55.52 41.20 0.00 30.2726 5.0063 5.0063
6825 56.68 41.55 0.00 27.8159 3.5980 3.5980
6850 56.68 41.55 0.00 27.8159 3.5980 3.5980
6875 57.69 41.95 0.00 23.4550 2.4178 2.4178
6900 58.50 42.28 0.00 18.2770 2.7919 2.7919
6925 58.50 42.28 0.00 18.2770 2.7919 2.7919
6950 59.12 42.49 0.00 12.3886 2.8857 2.8857
6975 59.45 42.66 0.00 6.3770 2.6777 2.6777
7000 59.45 42.66 0.00 6.3770 2.6777 2.6777
7025 59.61 42.82 0.00 2.4690 3.3648 3.3648
7050 59.65 42.96 0.00 0.2663 1.7884 1.7884
7075 59.63 43.03 0.00 -0.8325 0.3504 0.3504
7100 59.63 43.03 0.00 -0.8325 0.3504 0.3504
7125 59.58 43.01 0.00 -2.1333 -1.2804 -1.2804
7150 59.51 42.91 0.00 -1.4862 0.8780 0.8780
7175 59.51 42.91 0.00 -1.4862 0.8780 0.8780
7200 59.49 42.85 0.00 0.6216 0.6477 0.6477
7225 59.59 42.98 0.00 3.6674 1.7689 1.7689
7250 59.59 42.98 0.00 3.6674 1.7689 1.7689
7275 59.75 43.22 0.00 4.2528 1.7127 1.7127
7300 59.91 43.49 0.00 3.5910 1.7295 1.7295
7325 60.02 43.64 0.00 4.0281 2.1225 2.1225
7350 60.02 43.64 0.00 4.0281 2.1225 2.1225
7375 60.23 43.82 0.00 5.8814 2.9134 2.9134
7400 60.51 43.99 0.00 7.5628 1.5949 1.5949
7425 60.51 43.99 0.00 7.5628 1.5949 1.5949
7450 60.83 44.17 0.00 8.0610 1.6590 1.6590
7475 61.18 44.32 0.00 9.8257 2.5961 2.5961
7500 61.18 44.32 0.00 9.8257 2.5961 2.5961
7525 61.68 44.53 0.00 13.5427 6.5248 6.5248
7550 62.26 44.91 0.00 15.1005 6.3343 6.3343
7575 62.86 45.53 0.00 15.5046 6.8596 6.8596
7600 62.86 45.53 0.00 15.5046 6.8596 6.8596
7625 63.50 46.21 0.00 16.3304 5.2325 5.2325
7650 64.16 46.83 0.00 16.0158 2.4967 2.4967
7675 64.16 46.83 0.00 16.0158 2.4967 2.4967
7700 64.75 47.41 0.00 13.7449 2.3403 2.3403
7725 65.23 47.88 0.00 10.6002 4.1103 4.1103
7750 65.59 48.34 0.00 8.5170 5.4095 5.4095
7775 65.59 48.34 0.00 8.5170 5.4095 5.4095
7800 65.96 48.87 0.00 10.4820 3.6069 3.6069
7825 65.96 48.87 0.00 10.4820 3.6069 3.6069
7850 66.47 49.55 0.00 13.8539 3.3950 3.3950
7875 67.08 50.30 0.00 15.8967 3.2993 3.2993
7900 67.78 50.99 0.00 18.7996 4.3277 4.3277
7925 67.78 50.99 0.00 18.7996 4.3277 4.3277
7950 68.57 51.57 0.00 20.5484 6.5036 6.5036
7975 69.40 52.00 0.00 20.1517 7.6640 7.6640
8000 70.11 52.28 0.00 16.0148 6.9865 6.9865
8025 70.11 52.28 0.00 16.0148 6.9865 6.9865
8050 70.64 52.39 0.00 11.4487 4.9685 4.9685
8075 71.24 52.43 0.00 18.9240 6.5218 6.5218
8100 71.24 52.43 0.00 18.9240 6.5218 6.5218
8125 71.91 52.34 0.00 23.0151 13.0366 13.0366
8150 72.81 52.36 0.00 21.2973 7.8186 7.8186
8175 72.81 52.36 0.00 21.2973 7.8186 7.8186
8200 73.51 52.72 0.00 15.0215 4.6864 4.6864
8225 73.99 53.19 0.00 11.2605 4.2920 4.2920
8250 74.43 53.46 0.00 10.6488 5.7427 5.7427
8275 74.43 53.46 0.00 10.6488 5.7427 5.7427
8300 74.80 53.66 0.00 8.9686 5.0107 5.0107
8325 75.17 53.88 0.00 8.8183 5.0692 5.0692
8350 75.17 53.88 0.00 8.8183 5.0692 5.0692
8375 75.62 54.19 0.00 13.6356 6.8798 6.8798
8400 76.29 54.70 0.00 19.3719 9.4500 9.4500
8425 76.29 54.70 0.00 19.3719 9.4500 9.4500
8450 77.15 55.41 0.00 21.8805 13.2986 13.2986
8475 77.98 56.25 0.00 20.2143 11.2383 11.2383
8500 78.75 57.01 0.00 18.2249 9.6374 9.6374
8525 78.75 57.01 0.00 18.2249 9.6374 9.6374
8550 79.41 57.62 0.00 15.0448 8.1978 8.1978
8575 79.41 57.62 0.00 15.0448 8.1978 8.1978
8600 79.83 58.06 0.00 7.3855 5.0258 5.0258
8625 79.94 58.32 0.00 0.4661 6.2919 6.2919
8650 79.96 58.41 0.00 2.2689 8.1649 8.1649
8675 79.96 58.41 0.00 2.2689 8.1649 8.1649
8700 80.33 58.59 0.00 12.5369 7.4058 7.4058
8725 80.97 59.13 0.00 17.5201 8.4018 8.4018
8750 80.97 59.13 0.00 17.5201 8.4018 8.4018
8775 81.63 59.85 0.00 16.4330 10.9157 10.9157
8800 82.43 60.53 0.00 21.8727 11.7477 11.7477
8825 83.38 61.09 0.00 24.2381 14.5857 14.5857
8850 83.38 61.09 0.00 24.2381 14.5857 14.5857
8875 84.08 61.47 0.00 23.4583 14.9977 14.9977
8900 85.00 62.00 0.00 23.3217 16.4285 16.4285
8925 85.00 62.00 0.00 23.3217 16.4285 16.4285
8950 86.08 62.69 0.00 30.1113 21.6178 21.6178
8975 87.55 63.69 0.00 40.2474 25.5360 25.5360
9000 89.23 64.90 0.00 41.6250 29.6659 29.6659
9025 89.23 64.90 0.00 41.6250 29.6659 29.6659
9050 90.77 66.19 0.00 35.7946 27.0376 27.0376
9075 90.77 66.19 0.00 35.7946 27.0376 27.0376
9100 91.97 67.42 0.00 27.0795 21.2967 21.2967
9125 92.82 68.40 0.00 16.7364 18.5953 18.5953
9150 93.23 69.12 0.00 6.6144 9.8681 9.8681
9175 93.23 69.12 0.00 6.6144 9.8681 9.8681
9200 93.32 69.64 0.00 0.2842 3.3819 3.3819
9225 93.34 69.77 0.00 0.5409 5.8434 5.8434
9250 93.34 69.77 0.00 0.5409 5.8434 5.8434
9275 93.34 69.79 0.00 0.7285 6.1561 6.1561
9300 93.42 69.86 0.00 2.3146 3.2018 3.2018
9325 93.42 69.86 0.00 2.3146 3.2018 3.2018
9350 93.59 69.91 0.00 5.2055 3.7690 3.7690
9375 93.83 69.81 0.00 6.4483 5.4622 5.4622
9400 94.00 69.62 0.00 2.5738 5.1874 5.1874
9425 94.00 69.62 0.00 2.5738 5.1874 5.1874
9450 93.92 69.30 0.00 -5.1549 4.1397 4.1397
9475 93.65 68.90 0.00 -5.7009 1.7250 1.7250
9500 93.65 68.90 0.00 -5.7009 1.7250 1.7250
9525 93.56 68.40 0.00 -1.0121 3.5226 3.5226
9550 93.56 67.80 0.00 -0.0559 4.4503 4.4503
9575 93.56 67.80 0.00 -0.0559 4.4503 4.4503
9600 93.46 67.11 0.00 -4.3625 6.6860 6.6860
9625 93.19 66.53 0.00 -7.2020 3.4039 3.4039
9650 92.98 66.27 0.00 -6.3291 -1.2109 -1.2109
9675 92.98 66.27 0.00 -6.3291 -1.2109 -1.2109
9700 92.65 66.00 0.00 -10.3632 -4.1722 -4.1722
9725 92.18 65.69 0.00 -12.6957 -3.2804 -3.2804
9750 91.69 65.36 0.00 -10.9717 -2.4022 -2.4022
9775 91.69 65.36 0.00 -10.9717 -2.4022 -2.4022
9800 91.40 65.23 0.00 -4.7659 -2.3109 -2.3109
9825 91.34 65.23 0.00 0.0591 -2.8850 -2.8850
9850 91.34 65.23 0.00 0.0591 -2.8850 -2.8850
9875 91.26 65.32 0.00 -5.9616 -8.3247 -8.3247
9900 90.85 65.41 0.00 -12.7610 -12.2104 -12.2104
9925 90.85 65.41 0.00 -12.7610 -12.2104 -12.2104
9950 90.24 65.25 0.00 -16.4915 -8.8148 -8.8148
9975 89.53 64.74 0.00 -17.9798 -6.5774 -6.5774
10000 88.85 64.10 0.00 -16.7042 -7.2498 -7.2498
10025 88.85 64.10 0.00 -16.7042 -7.2498 -7.2498
10050 88.25 63.55 0.00 -13.4128 -10.2965 -10.2965
10075 87.79 63.17 0.00 -10.0914 -10.6372 -10.6372
10100 87.79 63.17 0.00 -10.0914 -10.6372 -10.6372
10125 87.47 62.89 0.00 -6.4105 -8.1224 -8.1224
10150 87.33 62.72 0.00 -2.0989 -4.4375 -4.4375
10175 87.33 62.72 0.00 -2.0989 -4.4375 -4.4375
10200 87.29 62.73 0.00 -0.1207 -4.5108 -4.5108
10225 87.27 62.75 0.00 -0.8619 -2.7666 -2.7666
10250 87.27 62.75 0.00 -0.8619 -2.7666 -2.7666
10275 87.21 62.77 0.00 -2.0639 -1.9080 -1.9080
10300 87.13 62.86 0.00 -1.9432 -4.8333 -4.8333
10325 87.05 62.95 0.00 -1.8642 -4.1566 -4.1566
10350 87.05 62.95 0.00 -1.8642 -4.1566 -4.1566
10375 86.89 63.06 0.00 -6.1998 -5.6337 -5.6337
10400 86.50 63.31 0.00 -11.4629 -10.8174 -10.8174
10425 86.50 63.31 0.00 -11.4629 -10.8174 -10.8174
10450 86.16 63.56 0.00 -10.2624 -16.4762 -16.4762
10475 85.84 63.98 0.00 -7.3656 -17.6018 -17.6018
10500 85.84 63.98 0.00 -7.3656 -17.6018 -17.6018
10525 85.43 64.45 0.00 -12.8462 -18.0760 -18.0760
10550 84.76 64.82 0.00 -17.7514 -15.6752 -15.6752
10575 84.06 65.05 0.00 -17.0827 -14.0147 -14.0147
10600 84.06 65.05 0.00 -17.0827 -14.0147 -14.0147
10625 83.46 65.19 0.00 -13.6885 -13.9179 -13.9179
10650 82.99 65.49 0.00 -10.4336 -11.4792 -11.4792
10675 82.63 65.81 0.00 -8.9963 -11.4327 -11.4327
10700 82.63 65.81 0.00 -8.9963 -11.4327 -11.4327
10725 82.28 66.06 0.00 -8.5667 -12.3496 -12.3496
10750 81.97 66.35 0.00 -6.9383 -12.5172 -12.5172
10775 81.97 66.35 0.00 -6.9383 -12.5172 -12.5172
10800 81.70 66.60 0.00 -6.6344 -10.5033 -10.5033
10825 81.70 66.60 0.00 -6.6344 -10.5033 -10.5033
10850 81.41 66.62 0.00 -7.4563 -4.7065 -4.7065
10875 81.17 66.41 0.00 -5.1582 -3.5595 -3.5595
10900 80.99 66.29 0.00 -3.8384 -6.4273 -6.4273
10925 80.99 66.29 0.00 -3.8384 -6.4273 -6.4273
10950 80.80 66.41 0.00 -6.5833 -8.4426 -8.4426
10975 80.40 66.75 0.00 -11.2088 -9.7739 -9.7739
11000 80.40 66.75 0.00 -11.2088 -9.7739 -9.7739
11025 80.02 67.16 0.00 -7.5646 -12.8558 -12.8558
11050 79.79 67.34 0.00 -4.9682 -11.6410 -11.6410
11075 79.53 67.29 0.00 -8.6288 -5.9014 -5.9014
11100 79.53 67.29 0.00 -8.6288 -5.9014 -5.9014
11125 79.09 67.21 0.00 -10.6366 -4.5653 -4.5653
11150 78.83 67.37 0.00 -4.7735 -5.2704 -5.2704
11175 78.83 67.37 0.00 -4.7735 -5.2704 -5.2704
11200 78.71 67.72 0.00 -2.2323 -7.6989 -7.6989
11225 78.66 68.05 0.00 -1.5285 -4.1243 -4.1243
11250 78.56 68.44 0.00 -2.5499 -3.6683 -3.6683
11275 78.56 68.44 0.00 -2.5499 -3.6683 -3.6683
11300 78.47 68.66 0.00 -2.0264 -4.3357 -4.3357
11325 78.47 68.66 0.00 -2.0264 -4.3357 -4.3357
11350 78.37 68.73 0.00 -2.4365 -4.5241 -4.5241
11375 78.22 68.66 0.00 -4.6379 -3.3069 -3.3069
11400 78.22 68.66 0.00 -4.6379 -3.3069 -3.3069
11425 78.01 68.60 0.00 -5.1468 -1.8541 -1.8541
11450 77.90 68.69 0.00 -1.6679 -2.5946 -2.5946
11475 77.85 68.87 0.00 -1.9378 -3.5904 -3.5904
11500 77.85 68.87 0.00 -1.9378 -3.5904 -3.5904
11525 77.66 69.01 0.00 -6.2165 -3.5221 -3.5221
11550 77.38 68.96 0.00 -7.2494 -5.0809 -5.0809
11575 77.08 68.84 0.00 -7.9611 -4.9406 -4.9406
11600 77.08 68.84 0.00 -7.9611 -4.9406 -4.9406
11625 76.72 68.80 0.00 -9.5006 -3.2517 -3.2517
11650 76.37 68.84 0.00 -8.2736 -5.7887 -5.7887
11675 76.37 68.84 0.00 -8.2736 -5.7887 -5.7887
11700 76.05 68.85 0.00 -7.8963 -6.3126 -6.3126
11725 75.71 68.85 0.00 -8.2296 -6.2430 -6.2430
11750 75.38 68.78 0.00 -8.7007 -6.2357 -6.2357
11775 75.38 68.78 0.00 -8.7007 -6.2357 -6.2357
11800 75.01 68.60 0.00 -9.3428 -4.6842 -4.6842
11825 74.65 68.40 0.00 -8.1037 -5.8475 -5.8475
11850 74.65 68.40 0.00 -8.1037 -5.8475 -5.8475
11875 74.49 68.32 0.00 -4.5811 -4.9867 -4.9867
11900 74.28 68.28 0.00 -5.8095 -6.1247 -6.1247
11925 74.28 68.28 0.00 -5.8095 -6.1247 -6.1247
11950 73.97 68.23 0.00 -9.1989 -4.8565 -4.8565
11975 73.57 68.16 0.00 -10.0852 -6.3847 -6.3847
12000 73.20 68.16 0.00 -9.1600 -6.9252 -6.9252
12025 73.20 68.16 0.00 -9.1600 -6.9252 -6.9252
12050 72.77 68.22 0.00 -11.4322 -8.1629 -8.1629
12075 72.30 68.24 0.00 -12.4237 -7.8493 -7.8493
12100 72.30 68.24 0.00 -12.4237 -7.8493 -7.8493
12125 71.79 68.19 0.00 -12.3810 -7.8117 -7.8117
12150 71.33 68.08 0.00 -10.7288 -9.4180 -9.4180
12175 71.33 68.08 0.00 -10.7288 -9.4180 -9.4180
12200 70.93 68.03 0.00 -10.7124 -12.3341 -12.3341
12225 70.42 68.01 0.00 -14.3211 -13.6158 -13.6158
12250 69.75 67.95 0.00 -18.7110 -11.8806 -11.8806
12275 69.75 67.95 0.00 -18.7110 -11.8806 -11.8806
12300 68.91 67.75 0.00 -21.7304 -11.5913 -11.5913
12325 68.03 67.54 0.00 -22.3322 -15.2580 -15.2580
12350 68.03 67.54 0.00 -22.3322 -15.2580 -15.2580
12375 67.11 67.37 0.00 -23.5821 -16.1996 -16.1996
12400 66.14 67.14 0.00 -23.8280 -14.1238 -14.1238
12425 65.23 66.87 0.00 -22.1136 -12.6311 -12.6311
12450 65.23 66.87 0.00 -22.1136 -12.6311 -12.6311
12475 64.45 66.56 0.00 -17.7589 -10.3060 -10.3060
12500 63.88 66.26 0.00 -12.5628 -8.9929 -8.9929
12525 63.88 66.26 0.00 -12.5628 -8.9929 -8.9929
12550 63.47 66.02 0.00 -8.6036 -7.1880 -7.1880
12575 63.20 65.86 0.00 -5.6737 -7.0159 -7.0159
12600 63.20 65.86 0.00 -5.6737 -7.0159 -7.0159
12625 63.06 65.76 0.00 -2.7489 -5.4690 -5.4690
12650 63.01 65.74 0.00 -0.8372 -3.3980 -3.3980
12675 63.01 65.74 0.00 -0.8372 -3.3980 -3.3980
12700 63.01 65.83 0.00 0.6570 -1.7473 -1.7473
12725 63.08 65.93 0.00 2.3141 -0.3679 -0.3679
12750 63.08 65.93 0.00 2.3141 -0.3679 -0.3679
12775 63.17 65.96 0.00 2.9201 0.4659 0.4659
12800 63.27 65.89 0.00 2.9069 1.3848 1.3848
12825 63.38 65.82 0.00 2.6336 0.8290 0.8290
12850 63.38 65.82 0.00 2.6336 0.8290 0.8290
12875 63.47 65.93 0.00 1.5279 0.0519 0.0519
12900 63.50 66.04 0.00 1.0068 0.8639 0.8639
12925 63.57 66.10 0.00 2.2151 2.1096 2.1096
12950 63.57 66.10 0.00 2.2151 2.1096 2.1096
12975 63.68 66.22 0.00 2.9150 0.9460 0.9460
13000 63.80 66.39 0.00 2.6992 1.5480 1.5480
13025 63.80 66.39 0.00 2.6992 1.5480 1.5480
13050 63.88 66.50 0.00 0.8984 1.5882 1.5882
13075 63.89 66.50 0.00 0.3076 0.8719 0.8719
13100 63.89 66.50 0.00 0.3076 0.8719 0.8719
13125 63.89 66.50 0.00 0.1953 1.0836 1.0836
13150 63.88 66.46 0.00 -0.7738 -0.0498 -0.0498
13175 63.88 66.46 0.00 -0.7738 -0.0498 -0.0498
13200 63.84 66.41 0.00 -1.5082 1.4898 1.4898
13225 63.77 66.42 0.00 -1.3406 -0.0144 -0.0144
13250 63.73 66.44 0.00 -1.1898 -1.2741 -1.2741
13275 63.73 66.44 0.00 -1.1898 -1.2741 -1.2741
13300 63.63 66.44 0.00 -3.8134 -1.0476 -1.0476
13325 63.38 66.29 0.00 -7.2557 -1.3495 -1.3495
13350 63.38 66.29 0.00 -7.2557 -1.3495 -1.3495
13375 63.08 66.10 0.00 -7.4424 -2.6912 -2.6912
13400 62.79 65.96 0.00 -6.6125 -3.5129 -3.5129
13425 62.54 65.70 0.00 -6.4000 -3.4492 -3.4492
13450 62.54 65.70 0.00 -6.4000 -3.4492 -3.4492
13475 62.35 65.46 0.00 -6.1843 -4.0883 -4.0883
13500 62.07 65.17 0.00 -8.0716 -4.9491 -4.9491
13525 62.07 65.17 0.00 -8.0716 -4.9491 -4.9491
13550 61.68 64.84 0.00 -10.3835 -3.7906 -3.7906
13575 61.25 64.52 0.00 -10.6288 -2.8393 -2.8393
13600 61.25 64.52 0.00 -10.6288 -2.8393 -2.8393
13625 60.86 64.24 0.00 -9.1653 -3.3088 -3.3088
13650 60.53 63.99 0.00 -7.7003 -4.8114 -4.8114
13675 60.53 63.99 0.00 -7.7003 -4.8114 -4.8114
13700 60.28 63.79 0.00 -5.6707 -4.7848 -4.7848
13725 60.07 63.65 0.00 -5.2136 -4.6643 -4.6643
13750 59.86 63.46 0.00 -5.1818 -3.2243 -3.2243
13775 59.86 63.46 0.00 -5.1818 -3.2243 -3.2243
13800 59.61 63.21 0.00 -7.4483 -3.5063 -3.5063
13825 59.21 62.75 0.00 -11.5895 -1.8673 -1.8673
13850 59.21 62.75 0.00 -11.5895 -1.8673 -1.8673
13875 58.70 62.25 0.00 -12.9477 -2.3994 -2.3994
13900 58.22 61.96 0.00 -11.3544 -6.0279 -6.0279
13925 58.22 61.96 0.00 -11.3544 -6.0279 -6.0279
13950 57.82 61.90 0.00 -9.3675 -7.0695 -7.0695
13975 57.47 61.93 0.00 -7.9608 -5.2163 -5.2163
14000 57.19 61.83 0.00 -6.0988 -3.1742 -3.1742
14025 57.19 61.83 0.00 -6.0988 -3.1742 -3.1742
14050 57.01 61.65 0.00 -3.5646 -2.3171 -2.3171
14075 56.89 61.43 0.00 -3.2500 -1.9184 -1.9184
14100 56.89 61.43 0.00 -3.2500 -1.9184 -1.9184
14125 56.73 61.20 0.00 -4.0281 -1.9009 -1.9009
14150 56.59 61.10 0.00 -3.4774 -2.7320 -2.7320
14175 56.45 61.10 0.00 -3.4926 -3.2402 -3.2402
14200 56.45 61.10 0.00 -3.4926 -3.2402 -3.2402
14225 56.34 61.03 0.00 -3.4879 -2.4521 -2.4521
14250 56.22 60.85 0.00 -1.5737 -1.3813 -1.3813
14275 56.22 60.85 0.00 -1.5737 -1.3813 -1.3813
14300 56.20 60.74 0.00 -0.2295 -2.4797 -2.4797
14325 56.20 60.67 0.00 -0.3352 -1.9615 -1.9615
14350 56.20 60.67 0.00 -0.3352 -1.9615 -1.9615
14375 56.15 60.60 0.00 -2.3483 -1.2787 -1.2787
14400 56.03 60.48 0.00 -2.9813 -0.0821 -0.0821
14425 55.96 60.34 0.00 -1.0620 -0.0066 -0.0066
14450 55.96 60.34 0.00 -1.0620 -0.0066 -0.0066
14475 55.94 60.14 0.00 -0.2718 0.3331 0.3331
14500 55.92 59.86 0.00 -0.6268 1.7681 1.7681
14525 55.92 59.86 0.00 -0.6268 1.7681 1.7681
14550 55.89 59.68 0.00 -0.3364 1.1145 1.1145
14575 55.89 59.63 0.00 0.0718 1.3527 1.3527
14600 55.89 59.63 0.00 0.0718 1.3527 1.3527
14625 55.87 59.51 0.00 -1.5829 1.5449 1.5449
14650 55.77 59.17 0.00 -2.9102 1.1796 1.1796
14675 55.63 58.72 0.00 -3.3473 1.4712 1.4712
14700 55.63 58.72 0.00 -3.3473 1.4712 1.4712
14725 55.50 58.17 0.00 -3.1865 0.8397 0.8397
14750 55.42 57.59 0.00 -1.4541 0.4796 0.4796
14775 55.42 57.59 0.00 -1.4541 0.4796 0.4796
14800 55.40 57.15 0.00 -0.5276 -1.0296 -1.0296
14825 55.33 56.89 0.00 -2.7555 -0.3943 -0.3943
14850 55.33 56.89 0.00 -2.7555 -0.3943 -0.3943
14875 55.17 56.52 0.00 -4.0351 0.3032 0.3032
14900 55.03 56.07 0.00 -3.0720 0.8572 0.8572
14925 55.03 56.07 0.00 -3.0720 0.8572 0.8572
14950 54.87 55.64 0.00 -4.5878 0.4678 0.4678
14975 54.66 55.35 0.00 -5.5307 0.2112 0.2112
15000 54.45 55.17 0.00 -5.0783 -0.3847 -0.3847
15025 54.45 55.17 0.00 -5.0783 -0.3847 -0.3847
15050 54.31 54.94 0.00 -2.5833 0.1863 0.1863
15075 54.26 54.66 0.00 -0.5637 0.7199 0.7199
15100 54.26 54.66 0.00 -0.5637 0.7199 0.7199
15125 54.24 54.40 0.00 -1.1724 0.1648 0.1648
15150 54.14 54.00 0.00 -3.0601 1.4211 1.4211
15175 53.98 53.58 0.00 -4.4211 0.4490 0.4490
15200 53.98 53.58 0.00 -4.4211 0.4490 0.4490
15225 53.81 53.23 0.00 -4.2185 -0.2742 -0.2742
15250 53.63 52.93 0.00 -3.8609 -0.8245 -0.8245
15275 53.63 52.93 0.00 -3.8609 -0.8245 -0.8245
15300 53.51 52.65 0.00 -2.7294 -0.1200 -0.1200
15325 53.44 52.44 0.00 -1.7570 0.7361 0.7361
15350 53.44 52.44 0.00 -1.7570 0.7361 0.7361
15375 53.35 52.22 0.00 -1.8591 1.0079 1.0079
15400 53.30 52.04 0.00 -1.5570 -0.2610 -0.2610
15425 53.30 52.04 0.00 -1.5570 -0.2610 -0.2610
15450 53.20 51.94 0.00 -3.1493 -1.2773 -1.2773
15475 53.04 51.71 0.00 -4.3834 -1.1209 -1.1209
15500 53.04 51.71 0.00 -4.3834 -1.1209 -1.1209
15525 52.86 51.33 0.00 -4.2603 -0.3280 -0.3280
15550 52.71 50.89 0.00 -3.5736 0.5087 0.5087
15575 52.57 50.54 0.00 -3.7107 0.4209 0.4209
15600 52.57 50.54 0.00 -3.7107 0.4209 0.4209
15625 52.41 50.31 0.00 -3.4997 -0.2703 -0.2703
15650 52.32 50.16 0.00 -1.3974 -1.2281 -1.2281
15675 52.30 49.95 0.00 0.1090 -0.6771 -0.6771
15700 52.30 49.95 0.00 0.1090 -0.6771 -0.6771
15725 52.29 49.62 0.00 -0.9994 -1.6044 -1.6044
15750 52.22 49.25 0.00 -1.9721 0.6434 0.6434
15775 52.22 49.25 0.00 -1.9721 0.6434 0.6434
15800 52.15 48.93 0.00 -1.5909 0.1426 0.1426
15825 52.13 48.74 0.00 -0.3655 -0.3384 -0.3384
15850 52.09 48.55 0.00 -0.5743 -0.0515 -0.0515
15875 52.09 48.55 0.00 -0.5743 -0.0515 -0.0515
15900 52.08 48.45 0.00 -0.8111 0.1407 0.1407
15925 52.06 48.27 0.00 -0.0957 0.5824 0.5824
15950 52.06 48.27 0.00 -0.0957 0.5824 0.5824
15975 52.06 48.27 0.00 -0.0957 0.5824 0.5824
16000 52.16 47.90 0.00 1.3894 0.1550 0.1550
16025 52.16 47.90 0.00 1.3894 0.1550 0.1550
16050 52.18 47.76 0.00 0.0054 0.0070 0.0070
16075 52.13 47.64 0.00 -1.6923 -0.2407 -0.2407
16100 52.13 47.64 0.00 -1.6923 -0.2407 -0.2407
16125 52.04 47.47 0.00 -2.0280 0.7712 0.7712
16150 52.01 47.36 0.00 -0.2972 0.0938 0.0938
16175 52.04 47.34 0.00 1.2987 -0.6118 -0.6118
16200 52.04 47.34 0.00 1.2987 -0.6118 -0.6118
16225 52.09 47.40 0.00 1.4135 -0.1401 -0.1401
16250 52.13 47.40 0.00 0.0877 0.2059 0.2059
16275 52.13 47.40 0.00 0.0877 0.2059 0.2059
16300 52.11 47.31 0.00 -0.6539 0.9313 0.9313
16325 52.08 47.19 0.00 -0.8004 -0.7409 -0.7409
16350 52.04 47.08 0.00 -1.2785 0.3027 0.3027
16375 52.04 47.08 0.00 -1.2785 0.3027 0.3027
16400 51.97 47.01 0.00 -1.6159 0.1692 0.1692
16425 51.92 46.96 0.00 -0.8541 0.0090 0.0090
16450 51.92 46.96 0.00 -0.8541 0.0090 0.0090
16475 51.90 46.92 0.00 -0.3843 0.3415 0.3415
16500 51.90 46.92 0.00 -0.3843 0.3415 0.3415
16525 51.90 46.78 0.00 0.0819 1.4603 1.4603
16550 51.92 46.43 0.00 0.4580 2.0525 2.0525
16575 51.92 46.01 0.00 0.0606 2.7027 2.7027
16600 51.89 45.54 0.00 -2.2376 3.1391 3.1391
16625 51.89 45.54 0.00 -2.2376 3.1391 3.1391
16650 51.78 45.05 0.00 -3.8443 3.6641 3.6641
16675 51.61 44.28 0.00 -4.3528 1.8893 1.8893
16700 51.61 44.28 0.00 -4.3528 1.8893 1.8893
16725 51.45 43.42 0.00 -3.5677 2.0594 2.0594
16750 51.34 42.40 0.00 -1.6748 4.5060 4.5060
16775 51.34 42.40 0.00 -1.6748 4.5060 4.5060
16800 51.33 41.36 0.00 0.3682 4.9496 4.9496
16825 51.36 40.25 0.00 0.7382 4.5340 4.5340
16850 51.36 40.25 0.00 0.7382 4.5340 4.5340
16875 51.40 38.96 0.00 1.1478 6.0853 6.0853
16900 51.47 37.73 0.00 2.1245 5.9970 5.9970
16925 51.57 36.64 0.00 3.2515 7.5710 7.5710
16950 51.57 36.64 0.00 3.2515 7.5710 7.5710
16975 51.71 35.77 0.00 2.7150 4.6775 4.6775
17000 51.78 35.01 0.00 1.4713 4.9863 4.9863
17025 51.78 35.01 0.00 1.4713 4.9863 4.9863
17050 51.83 34.33 0.00 1.1275 4.0437 4.0437
17075 51.87 33.76 0.00 1.5027 4.3812 4.3812
17100 51.87 33.76 0.00 1.5027 4.3812 4.3812
17125 51.97 33.34 0.00 3.4438 5.0037 5.0037
17150 52.13 33.12 0.00 3.8815 3.4834 3.4834
17175 52.27 33.11 0.00 3.3026 3.4735 3.4735
17200 52.27 33.11 0.00 3.3026 3.4735 3.4735
17225 52.41 33.05 0.00 3.1721 2.9940 2.9940
17250 52.48 33.05 0.00 1.1270 -0.2169 -0.2169
17275 52.48 33.05 0.00 1.1270 -0.2169 -0.2169
17300 52.46 33.10 0.00 -0.9003 -2.1475 -2.1475
17325 52.50 33.30 0.00 2.1729 -0.0328 -0.0328
17350 52.50 33.30 0.00 2.1729 -0.0328 -0.0328
17375 52.67 33.66 0.00 5.7146 -0.4865 -0.4865
17400 52.97 33.63 0.00 8.6199 1.8630 1.8630
17425 53.21 33.39 0.00 7.8322 1.5876 1.5876
17450 53.21 33.39 0.00 7.8322 1.5876 1.5876
17475 53.42 33.37 0.00 2.0733 4.0683 4.0683
17500 53.39 33.68 0.00 -1.7372 -0.5912 -0.5912
17525 53.32 33.89 0.00 -1.7322 -1.8915 -1.8915
17550 53.32 33.89 0.00 -1.7322 -1.8915 -1.8915
17575 53.18 33.77 0.00 -4.1299 0.7820 0.7820
17600 52.95 33.36 0.00 -6.2876 1.9280 1.9280
17625 52.95 33.36 0.00 -6.2876 1.9280 1.9280
17650 52.76 32.85 0.00 -3.2608 3.6060 3.6060
17675 52.74 32.69 0.00 0.6994 2.3415 2.3415
17700 52.74 32.69 0.00 0.6994 2.3415 2.3415
17725 52.78 32.56 0.00 0.8461 2.8470 2.8470
17750 52.79 32.29 0.00 0.2741 2.3440 2.3440
17775 52.79 32.29 0.00 0.2741 2.3440 2.3440
17800 52.72 32.15 0.00 -2.8334 -0.6120 -0.6120
17825 52.62 32.36 0.00 -2.2502 -2.1698 -2.1698
17850 52.57 32.04 0.00 -0.0374 0.3413 0.3413
17875 52.57 32.04 0.00 -0.0374 0.3413 0.3413
17900 52.60 31.64 0.00 0.4354 -1.8641 -1.8641
17925 52.57 31.33 0.00 -2.4131 -0.6622 -0.6622
17950 52.57 31.33 0.00 -2.4131 -0.6622 -0.6622
17975 52.43 31.20 0.00 -3.5142 -4.4707 -4.4707
18000 52.36 31.13 0.00 -0.2902 -4.0863 -4.0863
18025 52.36 31.13 0.00 -0.2902 -4.0863 -4.0863
18050 52.41 30.88 0.00 2.3385 1.6687 1.6687
18075 52.50 30.69 0.00 2.0381 1.3285 1.3285
18100 52.62 30.91 0.00 3.5470 1.8643 1.8643
18125 52.62 30.91 0.00 3.5470 1.8643 1.8643
18150 52.76 30.71 0.00 3.4647 2.5033 2.5033
18175 52.88 30.58 0.00 2.1793 2.0561 2.0561
18200 52.88 30.58 0.00 2.1793 2.0561 2.0561
18225 52.88 30.53 0.00 -0.9291 2.6367 2.6367
18250 52.81 30.53 0.00 -1.0800 2.3964 2.3964
18275 52.81 30.53 0.00 -1.0800 2.3964 2.3964
18300 52.92 30.56 0.00 5.1335 3.3873 3.3873
18325 53.23 30.52 0.00 9.5286 8.0717 8.0717
18350 53.23 30.52 0.00 9.5286 8.0717 8.0717
18375 53.67 30.17 0.00 11.8108 10.4463 10.4463
18400 54.09 29.70 0.00 10.1818 12.1457 12.1457
18425 54.59 28.90 0.00 14.6548 16.1453 16.1453
18450 54.59 28.90 0.00 14.6548 16.1453 16.1453
18475 55.26 27.44 0.00 16.1587 15.0156 15.0156
18500 55.78 25.97 0.00 10.5594 14.1896 14.1896
18525 55.78 25.97 0.00 10.5594 14.1896 14.1896
18550 55.98 25.14 0.00 1.7386 8.1303 8.1303
18575 56.05 24.60 0.00 2.4016 4.9767 4.9767
18600 56.22 24.15 0.00 5.0563 6.5169 6.5169
18625 56.22 24.15 0.00 5.0563 6.5169 6.5169
18650 56.29 24.11 0.00 -1.9299 1.6198 1.6198
18675 56.10 23.85 0.00 -4.8960 4.2182 4.2182
18700 56.10 23.85 0.00 -4.8960 4.2182 4.2182
18725 55.96 23.19 0.00 -2.0370 6.5771 6.5771
18750 55.87 22.34 0.00 -2.8736 4.0598 4.0598
18775 55.87 22.34 0.00 -2.8736 4.0598 4.0598
18800 55.80 21.33 0.00 1.1355 7.0451 7.0451
18825 56.10 20.79 0.00 9.1559 8.2663 8.2663
18850 56.48 20.27 0.00 10.1115 9.0424 9.0424
18875 56.48 20.27 0.00 10.1115 9.0424 9.0424
18900 56.87 19.59 0.00 8.3205 10.8632 10.8632
18925 56.87 19.59 0.00 8.3205 10.8632 10.8632
18950 57.10 18.67 0.00 4.4520 13.2030 13.2030
18975 57.19 17.83 0.00 2.2835 15.0621 15.0621
19000 57.26 17.01 0.00 1.8108 10.2844 10.2844
19025 57.26 17.01 0.00 1.8108 10.2844 10.2844
19050 57.33 16.58 0.00 1.2200 4.0249 4.0249
19075 57.41 16.20 0.00 3.5635 3.9279 3.9279
19100 57.54 16.08 0.00 1.4002 2.6080 2.6080
19125 57.54 16.08 0.00 1.4002 2.6080 2.6080
19150 57.47 15.91 0.00 -3.4568 2.7956 2.7956
19175 57.29 15.77 0.00 -3.9851 1.8240 1.8240
19200 57.29 15.77 0.00 -3.9851 1.8240 1.8240
19225 57.17 15.46 0.00 -2.6539 2.5808 2.5808
19250 57.08 14.89 0.00 -2.4126 3.3718 3.3718
19275 56.98 14.32 0.00 -1.7515 3.9593 3.9593
19300 56.98 14.32 0.00 -1.7515 3.9593 3.9593
19325 57.01 14.12 0.00 2.7001 2.1554 2.1554
19350 57.31 14.15 0.00 10.8969 5.3333 5.3333
19375 57.31 14.15 0.00 10.8969 5.3333 5.3333
19400 57.91 13.95 0.00 14.9117 9.5245 9.5245
19425 58.33 13.64 0.00 7.1468 5.8134 5.8134
19450 58.33 13.64 0.00 7.1468 5.8134 5.8134
19475 58.33 13.64 0.00 7.1468 5.8134 5.8134
19500 58.54 13.35 0.00 1.9878 1.5264 1.5264
19525 58.54 13.35 0.00 1.9878 1.5264 1.5264
19550 58.54 13.43 0.00 -0.9342 -1.1928 -1.1928
19575 58.54 13.69 0.00 1.1060 0.6022 0.6022
19600 58.54 13.69 0.00 1.1060 0.6022 0.6022
19625 58.57 13.95 0.00 0.2752 0.9905 0.9905
19650 58.64 13.91 0.00 3.1716 4.8777 4.8777
19675 58.73 13.95 0.00 1.7782 0.3892 0.3892
19700 58.73 13.95 0.00 1.7782 0.3892 0.3892
19725 58.68 13.99 0.00 -3.9965 -5.5142 -5.5142
19750 58.52 14.03 0.00 -5.3673 -2.6207 -2.6207
19775 58.52 14.03 0.00 -5.3673 -2.6207 -2.6207
19800 58.38 14.38 0.00 -2.8629 -2.9270 -2.9270
19825 58.36 14.71 0.00 1.1890 -0.0876 -0.0876
19850 58.36 14.71 0.00 1.1890 -0.0876 -0.0876
19875 58.49 14.69 0.00 4.3288 0.5232 0.5232
19900 58.64 14.53 0.00 4.6621 -2.1615 -2.1615
19925 58.78 14.40 0.00 2.5406 -0.2159 -0.2159
19950 58.77 14.30 0.00 -2.4981 -0.5417 -0.5417
19975 58.77 14.30 0.00 -2.4981 -0.5417 -0.5417
20000 58.64 14.15 0.00 -3.4911 -0.6638 -0.6638
20025 58.64 14.15 0.00 -3.4911 -0.6638 -0.6638
20050 58.50 14.19 0.00 -3.2346 -2.1726 -2.1726
20075 58.38 14.06 0.00 -2.9413 -0.9515 -0.9515
20100 58.38 14.06 0.00 -2.9413 -0.9515 -0.9515
20125 58.26 13.90 0.00 -3.3096 -0.4342 -0.4342
20150 58.08 13.63 0.00 -5.1126 -3.8187 -3.8187
20175 57.92 13.31 0.00 -2.6058 -1.6122 -1.6122
20200 57.92 13.31 0.00 -2.6058 -1.6122 -1.6122
20225 57.89 13.03 0.00 -1.3818 -1.4423 -1.4423
20250 57.78 12.93 0.00 -3.1172 -2.6319 -2.6319
20275 57.78 12.93 0.00 -3.1172 -2.6319 -2.6319
20300 57.66 12.74 0.00 -3.5903 -2.9307 -2.9307
20325 57.54 12.38 0.00 -2.5158 -1.6149 -1.6149
20350 57.43 12.00 0.00 -2.4048 -0.7475 -0.7475
20375 57.43 12.00 0.00 -2.4048 -0.7475 -0.7475
20400 57.40 11.65 0.00 0.2366 0.3500 0.3500
20425 57.45 11.31 0.00 1.7225 4.8107 4.8107
20450 57.45 11.31 0.00 1.7225 4.8107 4.8107
20475 57.47 10.92 0.00 -0.7345 5.0637 5.0637
20500 57.34 10.47 0.00 -4.4070 2.3228 2.3228
20525 57.15 10.17 0.00 -4.2514 -0.6442 -0.6442
20550 57.15 10.17 0.00 -4.2514 -0.6442 -0.6442
20575 57.06 9.99 0.00 -0.8074 0.9810 0.9810
20600 57.05 9.79 0.00 -0.7251 2.2762 2.2762
20625 57.05 9.79 0.00 -0.7251 2.2762 2.2762
20650 56.99 9.56 0.00 -1.5309 0.1210 0.1210
20675 57.01 9.40 0.00 1.6908 0.7952 0.7952
20700 57.01 9.40 0.00 1.6908 0.7952 0.7952
20725 57.01 9.31 0.00 -1.3053 -2.7506 -2.7506
20750 56.87 9.38 0.00 -5.2233 -3.3965 -3.3965
20775 56.55 9.53 0.00 -9.4923 -6.5664 -6.5664
20800 56.55 9.53 0.00 -9.4923 -6.5664 -6.5664
20825 56.19 9.99 0.00 -8.2280 -8.2176 -8.2176
20850 55.92 10.57 0.00 -5.4719 -6.2180 -6.2180
20875 55.92 10.57 0.00 -5.4719 -6.2180 -6.2180
20900 55.73 11.05 0.00 -5.4696 -5.8111 -5.8111
20925 55.47 11.36 0.00 -6.4065 -6.2446 -6.2446
20950 55.47 11.36 0.00 -6.4065 -6.2446 -6.2446
20975 55.21 11.69 0.00 -6.8471 -9.4766 -9.4766
21000 54.93 11.96 0.00 -6.8083 -5.7663 -5.7663
21025 54.61 12.20 0.00 -8.3798 -7.8212 -7.8212
21050 54.61 12.20 0.00 -8.3798 -7.8212 -7.8212
21075 54.31 12.45 0.00 -6.4766 -8.0005 -8.0005
21100 54.10 12.74 0.00 -4.7336 -5.0879 -5.0879
21125 54.10 12.74 0.00 -4.7336 -5.0879 -5.0879
21150 53.93 12.88 0.00 -3.9149 -3.1569 -3.1569
21175 53.84 12.94 0.00 -1.0431 -2.4057 -2.4057
21200 53.84 12.94 0.00 -1.0431 -2.4057 -2.4057
21225 53.74 13.00 0.00 -4.8340 -5.5459 -5.5459
21250 53.42 13.05 0.00 -9.2459 -7.4980 -7.4980
21275 53.42 13.05 0.00 -9.2459 -7.4980 -7.4980
21300 53.09 13.11 0.00 -11.3749 -10.3620 -10.3620
21325 52.72 13.28 0.00 -7.5232 -8.4063 -8.4063
21350 52.44 13.38 0.00 -7.2815 -7.1814 -7.1814
21375 52.44 13.38 0.00 -7.2815 -7.1814 -7.1814
21400 52.16 13.42 0.00 -6.5334 -6.5564 -6.5564
21425 51.92 13.64 0.00 -6.3803 -9.4750 -9.4750
21450 51.92 13.64 0.00 -6.3803 -9.4750 -9.4750
21475 51.64 14.02 0.00 -7.4994 -9.8389 -9.8389
21500 51.36 14.54 0.00 -6.6609 -7.4335 -7.4335
21525 51.12 15.04 0.00 -5.4533 -6.8673 -6.8673
21550 51.12 15.04 0.00 -5.4533 -6.8673 -6.8673
21575 50.91 15.30 0.00 -5.6791 -6.2286 -6.2286
21600 50.65 15.41 0.00 -6.0611 -7.2496 -7.2496
21625 50.65 15.41 0.00 -6.0611 -7.2496 -7.2496
21650 50.47 15.63 0.00 -4.0131 -5.1811 -5.1811
21675 50.30 15.89 0.00 -4.3107 -5.1117 -5.1117
21700 50.30 15.89 0.00 -4.3107 -5.1117 -5.1117
21725 50.10 16.22 0.00 -5.6887 -5.7538 -5.7538
21750 49.83 16.59 0.00 -7.4498 -7.1982 -7.1982
21775 49.83 16.59 0.00 -7.4498 -7.1982 -7.1982
21800 49.60 16.93 0.00 -3.2867 -4.3218 -4.3218
21825 49.51 17.18 0.00 -2.3521 -3.7966 -3.7966
21850 49.51 17.18 0.00 -2.3521 -3.7966 -3.7966
21875 49.35 17.40 0.00 -4.8723 -5.3695 -5.3695
21900 49.13 17.67 0.00 -6.2872 -5.4987 -5.4987
21925 48.94 17.86 0.00 -6.7414 -5.1863 -5.1863
21950 48.94 17.86 0.00 -6.7414 -5.1863 -5.1863
21975 48.60 18.15 0.00 -9.4437 -6.1841 -6.1841
22000 48.15 18.69 0.00 -12.4334 -10.8595 -10.8595
22025 48.15 18.69 0.00 -12.4334 -10.8595 -10.8595
22050 47.66 19.44 0.00 -11.9008 -10.1332 -10.1332
22075 47.26 20.03 0.00 -7.9069 -7.7634 -7.7634
22100 47.01 20.41 0.00 -5.2552 -6.5131 -6.5131
22125 47.01 20.41 0.00 -5.2552 -6.5131 -6.5131
22150 46.84 20.72 0.00 -4.3474 -4.8937 -4.8937
22175 46.60 20.91 0.00 -7.3656 -6.5815 -6.5815
22200 46.60 20.91 0.00 -7.3656 -6.5815 -6.5815
22225 46.28 21.04 0.00 -8.7555 -3.9933 -3.9933
22250 45.91 21.22 0.00 -8.8538 -6.2798 -6.2798
22275 45.65 21.49 0.00 -4.2637 -5.1650 -5.1650
22300 45.65 21.49 0.00 -4.2637 -5.1650 -5.1650
22325 45.56 21.77 0.00 -1.3345 -3.5947 -3.5947
22350 45.53 21.94 0.00 -0.7044 -2.7391 -2.7391
22375 45.53 21.94 0.00 -0.7044 -2.7391 -2.7391
22400 45.53 22.08 0.00 -0.3564 -2.0679 -2.0679
22425 45.41 22.21 0.00 -4.5539 -4.3922 -4.3922
22450 45.41 22.21 0.00 -4.5539 -4.3922 -4.3922
22475 45.11 22.35 0.00 -9.1359 -5.3100 -5.3100
22500 44.64 22.48 0.00 -13.6690 -6.7554 -6.7554
22525 44.08 22.66 0.00 -13.5634 -8.0780 -8.0780
22550 44.08 22.66 0.00 -13.5634 -8.0780 -8.0780
22575 43.64 23.01 0.00 -9.0839 -8.0530 -8.0530
22600 43.27 23.44 0.00 -9.2509 -6.6681 -6.6681
22625 43.27 23.44 0.00 -9.2509 -6.6681 -6.6681
22650 42.83 23.85 0.00 -12.7276 -7.5016 -7.5016
22675 42.43 24.21 0.00 -14.2530 -8.6215 -8.6215
22700 42.43 24.21 0.00 -14.2530 -8.6215 -8.6215
22725 41.87 24.69 0.00 -13.5035 -10.1601 -10.1601
22750 41.39 25.07 0.00 -10.7226 -10.1644 -10.1644
22775 41.39 25.07 0.00 -10.7226 -10.1644 -10.1644
22800 40.97 25.44 0.00 -10.2357 -8.2950 -8.2950
22825 40.60 25.95 0.00 -8.3805 -6.8848 -6.8848
22850 40.60 25.95 0.00 -8.3805 -6.8848 -6.8848
22875 40.32 26.47 0.00 -6.7385 -6.5759 -6.5759
22900 40.09 27.02 0.00 -5.2190 -6.2274 -6.2274
22925 39.90 27.59 0.00 -4.8730 -6.2329 -6.2329
22950 39.90 27.59 0.00 -4.8730 -6.2329 -6.2329
22975 39.67 28.20 0.00 -6.2250 -6.8443 -6.8443
23000 39.37 28.93 0.00 -8.4206 -7.9944 -7.9944
23025 39.37 28.93 0.00 -8.4206 -7.9944 -7.9944
23050 39.00 29.84 0.00 -9.5313 -9.8272 -9.8272
23075 38.61 30.89 0.00 -9.7598 -10.2982 -10.2982
23100 38.61 30.89 0.00 -9.7598 -10.2982 -10.2982
23125 38.24 31.98 0.00 -8.6447 -8.6380 -8.6380
23150 37.97 33.21 0.00 -5.1168 -8.9599 -8.9599
23175 37.83 34.73 0.00 -3.4878 -7.6286 -7.6286
23200 37.83 34.73 0.00 -3.4878 -7.6286 -7.6286
23225 37.60 36.22 0.00 -7.4192 -8.3204 -8.3204
23250 37.24 37.46 0.00 -9.7172 -11.4830 -11.4830
23275 36.87 38.47 0.00 -8.1683 -12.1638 -12.1638
23300 36.87 38.47 0.00 -8.1683 -12.1638 -12.1638
23325 36.62 39.36 0.00 -5.1570 -9.4992 -9.4992
23350 36.43 40.16 0.00 -4.9460 -6.9540 -6.9540
23375 36.43 40.16 0.00 -4.9460 -6.9540 -6.9540
23400 36.25 40.86 0.00 -3.5156 -3.9286 -3.9286
23425 36.20 41.41 0.00 -0.6398 -2.4766 -2.4766
23450 36.14 41.89 0.00 -1.9277 -2.8157 -2.8157
23475 36.14 41.89 0.00 -1.9277 -2.8157 -2.8157
23500 36.03 42.12 0.00 -3.3605 -2.9393 -2.9393
23525 35.89 42.10 0.00 -3.4035 -2.5863 -2.5863
23550 35.89 42.10 0.00 -3.4035 -2.5863 -2.5863
23575 35.73 41.97 0.00 -4.3202 -2.4370 -2.4370
23600 35.50 41.79 0.00 -6.8553 -2.2772 -2.2772
23625 35.50 41.79 0.00 -6.8553 -2.2772 -2.2772
23650 35.25 41.71 0.00 -9.0081 -4.0992 -4.0992
23675 34.81 41.65 0.00 -12.3885 -5.7411 -5.7411
23700 34.81 41.65 0.00 -12.3885 -5.7411 -5.7411
23725 34.23 41.48 0.00 -15.3384 -6.3338 -6.3338
23750 33.52 41.37 0.00 -20.5182 -6.1457 -6.1457
23775 32.49 41.46 0.00 -27.9738 -5.8054 -5.8054
23800 32.49 41.46 0.00 -27.9738 -5.8054 -5.8054
23825 31.38 41.58 0.00 -26.6071 -5.4267 -5.4267
23850 31.38 41.58 0.00 -26.6071 -5.4267 -5.4267
23875 30.54 41.74 0.00 -17.2014 -7.6204 -7.6204
23900 30.00 41.86 0.00 -12.1462 -6.2470 -6.2470
23925 29.62 41.96 0.00 -7.3395 -5.0369 -5.0369
23950 29.62 41.96 0.00 -7.3395 -5.0369 -5.0369
23975 29.42 42.08 0.00 -4.1139 -3.7450 -3.7450
24000 29.20 42.24 0.00 -6.1331 -0.9673 -0.9673
24025 29.00 42.52 0.00 -3.5504 -1.7317 -1.7317
24050 29.00 42.52 0.00 -3.5504 -1.7317 -1.7317
24075 29.00 42.83 0.00 1.9007 -1.6377 -1.6377
24100 29.13 43.17 0.00 3.3646 -0.0263 -0.0263
24125 29.13 43.17 0.00 3.3646 -0.0263 -0.0263
24150 29.27 43.57 0.00 4.1853 1.1334 1.1334
24175 29.44 43.93 0.00 3.3550 0.1994 0.1994
24200 29.44 43.93 0.00 3.3550 0.1994 0.1994
24225 29.51 44.22 0.00 2.1843 -0.8509 -0.8509
24250 29.56 45.03 0.00 0.1064 -4.3864 -4.3864
24275 29.56 45.03 0.00 0.1064 -4.3864 -4.3864
24300 29.53 45.69 0.00 -2.1060 -9.5145 -9.5145
24325 29.38 47.22 0.00 -3.4951 -13.2724 -13.2724
24350 29.24 48.34 0.00 -4.9876 -13.8759 -13.8759
24375 29.24 48.34 0.00 -4.9876 -13.8759 -13.8759
24400 28.98 49.77 0.00 -6.9362 -11.8370 -11.8370
24425 28.62 51.13 0.00 -12.1932 -14.0374 -14.0374
24450 27.90 52.30 0.00 -21.0719 -12.5031 -12.5031
24475 27.90 52.30 0.00 -21.0719 -12.5031 -12.5031
24500 26.95 53.20 0.00 -24.6158 -13.4357 -13.4357
24525 26.16 54.23 0.00 -15.4032 -13.4406 -13.4406
24550 26.16 54.23 0.00 -15.4032 -13.4406 -13.4406
24575 25.79 55.34 0.00 -4.7453 -14.4075 -14.4075
24600 25.79 55.34 0.00 -4.7453 -14.4075 -14.4075
24625 25.72 56.32 0.00 -0.9794 -12.7859 -12.7859
24650 25.59 57.33 0.00 -5.6341 -6.4611 -6.4611
24675 25.31 57.96 0.00 -6.5983 -4.7761 -4.7761
24700 25.31 57.96 0.00 -6.5983 -4.7761 -4.7761
24725 25.12 58.24 0.00 -3.0387 -4.4133 -4.4133
24750 24.99 58.40 0.00 -3.4315 -3.7809 -3.7809
24775 24.84 58.57 0.00 -4.2154 -3.0456 -3.0456
24800 24.84 58.57 0.00 -4.2154 -3.0456 -3.0456
24825 24.70 58.84 0.00 -2.9804 -0.8938 -0.8938
24850 24.60 59.13 0.00 -2.5570 -1.2105 -1.2105
24875 24.60 59.13 0.00 -2.5570 -1.2105 -1.2105
24900 24.45 59.39 0.00 -4.5415 -2.5365 -2.5365
24925 24.19 59.66 0.00 -8.1374 -4.3703 -4.3703
24950 24.19 59.66 0.00 -8.1374 -4.3703 -4.3703
24975 23.77 60.07 0.00 -11.7173 -8.0960 -8.0960
25000 23.24 60.50 0.00 -13.7094 -9.7126 -9.7126
25025 22.57 60.86 0.00 -19.8231 -9.0733 -9.0733
25050 22.57 60.86 0.00 -19.8231 -9.0733 -9.0733
25075 21.65 61.29 0.00 -25.0873 -10.8198 -10.8198
25100 20.76 61.88 0.00 -31.9446 -11.4798 -11.4798
25125 20.76 61.88 0.00 -31.9446 -11.4798 -11.4798
25150 19.01 63.24 0.00 -34.3872 -16.5509 -16.5509
25175 18.07 64.09 0.00 -29.9886 -19.0819 -19.0819
25200 18.07 64.09 0.00 -29.9886 -19.0819 -19.0819
25225 16.97 65.21 0.00 -26.4061 -12.6644 -12.6644
25250 16.05 66.36 0.00 -19.9740 -8.1296 -8.1296
25275 16.05 66.36 0.00 -19.9740 -8.1296 -8.1296
25300 15.51 67.33 0.00 -9.8691 -8.5294 -8.5294
25325 15.37 68.07 0.00 -0.3338 -8.1971 -8.1971
25350 15.43 68.65 0.00 1.7802 -5.7414 -5.7414
25375 15.43 68.65 0.00 1.7802 -5.7414 -5.7414
25400 15.53 68.95 0.00 3.4323 -1.1095 -1.1095
25425 15.76 69.36 0.00 6.9017 0.6478 0.6478
25450 15.76 69.36 0.00 6.9017 0.6478 0.6478
25475 16.09 69.77 0.00 8.7081 -1.3520 -1.3520
25500 16.46 69.96 0.00 9.1259 -1.4221 -1.4221
25525 16.46 69.96 0.00 9.1259 -1.4221 -1.4221
25550 16.83 70.02 0.00 8.8951 0.6452 0.6452
25575 17.10 70.19 0.00 5.2713 1.8390 1.8390
25600 17.20 70.32 0.00 0.9693 3.4511 3.4511
25625 17.20 70.32 0.00 0.9693 3.4511 3.4511
25650 17.22 70.28 0.00 0.2971 3.2012 3.2012
25675 17.26 70.11 0.00 1.5388 3.4270 3.4270
25700 17.26 70.11 0.00 1.5388 3.4270 3.4270
25725 17.35 69.91 0.00 2.8736 2.6200 2.6200
25750 17.49 69.87 0.00 3.3216 1.6492 1.6492
25775 17.59 69.90 0.00 1.5113 0.0889 0.0889
25800 17.59 69.90 0.00 1.5113 0.0889 0.0889
25825 17.60 70.01 0.00 -0.2214 0.3396 0.3396
25850 17.57 69.96 0.00 -1.6124 0.6226 0.6226
25875 17.57 69.96 0.00 -1.6124 0.6226 0.6226
25900 17.53 69.81 0.00 0.1839 0.5798 0.5798
25925 17.57 69.62 0.00 1.2310 1.2563 1.2563
25950 17.57 69.62 0.00 1.2310 1.2563 1.2563
25975 17.57 69.43 0.00 -0.8509 0.3141 0.3141
26000 17.47 69.13 0.00 -3.0265 1.8921 1.8921
26025 17.37 68.95 0.00 -1.5868 0.7598 0.7598
26050 17.37 68.95 0.00 -1.5868 0.7598 0.7598
26075 17.39 68.95 0.00 1.6494 -0.4585 -0.4585
26100 17.47 68.87 0.00 1.9447 1.5683 1.5683
26125 17.53 68.66 0.00 1.2934 2.5186 2.5186
26150 17.53 68.66 0.00 1.2934 2.5186 2.5186
26175 17.60 68.47 0.00 2.0924 3.4038 3.4038
26200 17.70 68.39 0.00 2.6348 1.9091 1.9091
26225 17.70 68.39 0.00 2.6348 1.9091 1.9091
26250 17.82 68.34 0.00 2.6386 0.6345 0.6345
26275 17.82 68.34 0.00 2.6386 0.6345 0.6345
26300 17.93 68.47 0.00 2.9171 1.8146 1.8146
26325 18.09 68.91 0.00 5.3729 0.5820 0.5820
26350 18.37 69.61 0.00 6.9404 0.9679 0.9679
26375 18.37 69.61 0.00 6.9404 0.9679 0.9679
26400 18.59 70.07 0.00 4.1771 2.1960 2.1960
26425 18.59 70.07 0.00 4.1771 2.1960 2.1960
26450 18.74 70.27 0.00 3.9308 1.7240 1.7240
26475 18.87 70.55 0.00 3.2266 -0.0297 -0.0297
26500 19.01 71.05 0.00 3.9482 -0.3226 -0.3226
26525 19.01 71.05 0.00 3.9482 -0.3226 -0.3226
26550 19.18 71.80 0.00 4.3264 -2.6365 -2.6365
26575 19.18 71.80 0.00 4.3264 -2.6365 -2.6365
26600 19.35 72.76 0.00 3.4031 -2.6914 -2.6914
26625 19.41 73.33 0.00 0.7576 0.9119 0.9119
26650 19.43 73.78 0.00 1.0290 1.6754 1.6754
26675 19.45 74.07 0.00 0.3158 1.9059 1.9059
26700 19.47 74.28 0.00 0.0601 -1.9930 -1.9930
26725 19.47 74.28 0.00 0.0601 -1.9930 -1.9930
26750 19.45 74.56 0.00 -1.3509 -3.0083 -3.0083
26775 19.45 74.56 0.00 -1.3509 -3.0083 -3.0083
26800 19.33 74.84 0.00 -2.7758 -1.2794 -1.2794
26825 19.26 75.09 0.00 -1.9029 -1.1837 -1.1837
26850 19.16 75.25 0.00 -2.7699 1.9106 1.9106
26875 19.16 75.25 0.00 -2.7699 1.9106 1.9106
26900 19.04 75.28 0.00 -1.8992 0.5656 0.5656
26925 19.03 75.24 0.00 -0.0769 -0.9872 -0.9872
26950 19.03 75.24 0.00 -0.0769 -0.9872 -0.9872
26975 19.03 75.28 0.00 -0.5603 -0.6089 -0.6089
27000 18.95 75.31 0.00 -2.4745 -0.7837 -0.7837
27025 18.85 75.31 0.00 -2.3246 -0.7682 -0.7682
27050 18.85 75.31 0.00 -2.3246 -0.7682 -0.7682
27075 18.80 75.36 0.00 -0.5353 -0.6464 -0.6464
27100 18.80 75.39 0.00 1.0607 1.4504 1.4504
27125 18.80 75.39 0.00 1.0607 1.4504 1.4504
27150 18.93 75.40 0.00 4.2998 0.7809 0.7809
27175 18.93 75.40 0.00 4.2998 0.7809 0.7809
27200 19.14 75.43 0.00 5.6866 2.8905 2.8905
27225 19.35 75.41 0.00 4.9704 2.5597 2.5597
27250 19.52 75.31 0.00 4.2237 3.5605 3.5605
27275 19.67 75.26 0.00 2.8900 3.0120 3.0120
27300 19.67 75.26 0.00 2.8900 3.0120 3.0120
27325 19.69 75.26 0.00 -0.2230 2.6778 2.6778
27350 19.69 75.26 0.00 -0.2230 2.6778 2.6778
27375 19.69 75.28 0.00 0.5725 2.3914 2.3914
27400 19.77 75.23 0.00 2.6334 3.4653 3.4653
27425 19.96 75.14 0.00 5.9796 4.7048 4.7048
27450 19.96 75.14 0.00 5.9796 4.7048 4.7048
27475 20.28 75.22 0.00 9.7100 4.3064 4.3064
27500 20.68 75.27 0.00 9.3852 7.7292 7.7292
27525 20.68 75.27 0.00 9.3852 7.7292 7.7292
27550 20.97 75.19 0.00 9.7414 8.1225 8.1225
27575 21.34 75.04 0.00 8.8137 7.0738 7.0738
27600 21.63 74.92 0.00 6.0422 5.4756 5.4756
27625 21.63 74.92 0.00 6.0422 5.4756 5.4756
27650 21.80 74.99 0.00 3.4237 3.7507 3.7507
27675 21.93 75.11 0.00 3.3684 2.6666 2.6666
27700 21.93 75.11 0.00 3.3684 2.6666 2.6666
27725 22.10 75.18 0.00 4.3653 1.7905 1.7905
27750 22.29 75.07 0.00 4.6817 4.3246 4.3246
27775 22.29 75.07 0.00 4.6817 4.3246 4.3246
27800 22.47 74.89 0.00 4.7487 5.7245 5.7245
27825 22.68 74.75 0.00 5.8775 2.7602 2.7602
27850 22.68 74.75 0.00 5.8775 2.7602 2.7602
27875 22.91 74.71 0.00 5.0491 2.6615 2.6615
27900 23.07 74.53 0.00 3.9558 3.1969 3.1969
27925 23.21 74.26 0.00 2.9786 3.7549 3.7549
27950 23.21 74.26 0.00 2.9786 3.7549 3.7549
27975 23.34 74.08 0.00 3.4915 2.6118 2.6118
28000 23.47 74.02 0.00 3.0188 0.0479 0.0479
28025 23.47 74.02 0.00 3.0188 0.0479 0.0479
28050 23.58 74.07 0.00 2.9118 1.0442 1.0442
28075 23.69 73.99 0.00 3.0592 0.8840 0.8840
28100 23.84 73.85 0.00 4.4055 2.4599 2.4599
28125 23.84 73.85 0.00 4.4055 2.4599 2.4599
28150 24.08 73.66 0.00 7.0701 2.8382 2.8382
28175 24.51 73.45 0.00 12.7250 2.6967 2.6967
28200 25.12 73.23 0.00 16.7212 2.5719 2.5719
28225 25.12 73.23 0.00 16.7212 2.5719 2.5719
28250 25.81 72.97 0.00 17.1962 3.3762 3.3762
28275 25.81 72.97 0.00 17.1962 3.3762 3.3762
28300 26.31 72.78 0.00 15.8728 3.7026 3.7026
28325 26.84 72.61 0.00 11.8708 5.3474 5.3474
28350 27.26 72.46 0.00 9.5916 4.8196 4.8196
28375 27.26 72.46 0.00 9.5916 4.8196 4.8196
28400 27.65 72.27 0.00 9.6164 4.1281 4.1281
28425 28.05 72.07 0.00 10.8461 3.3530 3.3530
28450 28.05 72.07 0.00 10.8461 3.3530 3.3530
28475 28.49 71.96 0.00 10.3879 3.4475 3.4475
28500 28.80 71.98 0.00 5.8463 3.5765 3.5765
28525 28.80 71.98 0.00 5.8463 3.5765 3.5765
28550 28.89 71.90 0.00 1.1188 4.8073 4.8073
28575 28.91 71.79 0.00 0.1057 3.5025 3.5025
28600 28.91 71.79 0.00 0.1057 3.5025 3.5025
28625 28.94 71.77 0.00 1.9742 3.2801 3.2801
28650 29.09 71.78 0.00 4.8091 2.3746 2.3746
28675 29.31 71.68 0.00 5.7841 5.6260 5.6260
28700 29.31 71.68 0.00 5.7841 5.6260 5.6260
28725 29.64 71.52 0.00 9.8081 7.6321 7.6321
28750 30.15 71.46 0.00 14.3828 7.2721 7.2721
28775 30.76 71.46 0.00 14.8317 8.1346 8.1346
28800 30.76 71.46 0.00 14.8317 8.1346 8.1346
28825 31.27 71.39 0.00 10.9345 7.9580 7.9580
28850 31.61 71.30 0.00 8.0508 6.6721 6.6721
28875 31.61 71.30 0.00 8.0508 6.6721 6.6721
28900 31.90 71.18 0.00 6.9680 6.8861 6.8861
28925 32.17 71.04 0.00 6.6971 5.1687 5.1687
28950 32.17 71.04 0.00 6.6971 5.1687 5.1687
28975 32.40 71.02 0.00 4.5717 3.4965 3.4965
29000 32.53 71.01 0.00 2.1833 3.0903 3.0903
29025 32.53 71.01 0.00 2.1833 3.0903 3.0903
29050 32.58 70.95 0.00 1.4676 4.0825 4.0825
29075 32.67 70.90 0.00 3.9397 5.2583 5.2583
29100 32.92 70.87 0.00 7.5055 2.8909 2.8909
29125 32.92 70.87 0.00 7.5055 2.8909 2.8909
29150 33.28 70.88 0.00 9.5688 4.0226 4.0226
29175 33.64 70.83 0.00 8.5320 5.2556 5.2556
29200 33.64 70.83 0.00 8.5320 5.2556 5.2556
29225 33.93 70.80 0.00 6.4304 5.3044 5.3044
29250 34.18 70.70 0.00 6.4494 5.7660 5.7660
29275 34.52 70.55 0.00 10.5031 4.7379 4.7379
29300 34.52 70.55 0.00 10.5031 4.7379 4.7379
29325 35.04 70.39 0.00 13.9273 6.9485 6.9485
29350 35.55 70.34 0.00 11.3360 5.8494 5.8494
29375 35.89 70.33 0.00 6.1642 5.5102 5.5102
29400 35.89 70.33 0.00 6.1642 5.5102 5.5102
29425 36.05 70.29 0.00 2.9853 6.6822 6.6822
29450 36.16 70.26 0.00 3.2578 6.1373 6.1373
29475 36.16 70.26 0.00 3.2578 6.1373 6.1373
29500 36.34 70.26 0.00 5.1702 5.2233 5.2233
29525 36.34 70.26 0.00 5.1702 5.2233 5.2233
29550 36.55 70.11 0.00 4.7781 4.8996 4.8996
29575 36.71 70.00 0.00 3.5418 4.3085 4.3085
29600 36.83 69.99 0.00 3.2385 2.9340 2.9340
29625 36.83 69.99 0.00 3.2385 2.9340 2.9340
29650 36.96 70.01 0.00 3.2236 3.1487 3.1487
29675 37.14 70.00 0.00 4.9085 3.1192 3.1192
29700 37.14 70.00 0.00 4.9085 3.1192 3.1192
29725 37.40 69.98 0.00 8.1538 2.9114 2.9114
29750 37.86 69.93 0.00 14.2188 1.8462 1.8462
29775 37.86 69.93 0.00 14.2188 1.8462 1.8462
29800 38.43 70.01 0.00 20.8865 6.9684 6.9684
29825 39.52 70.08 0.00 34.1644 14.0659 14.0659
29850 41.50 69.87 0.00 57.1016 26.0050 26.0050
29875 41.50 69.87 0.00 57.1016 26.0050 26.0050
29900 43.94 69.36 0.00 60.5878 27.3893 27.3893
29925 46.00 68.95 0.00 43.9198 23.4663 23.4663
29950 47.19 68.83 0.00 21.6939 16.8560 16.8560
29975 47.19 68.83 0.00 21.6939 16.8560 16.8560
30000 47.77 68.47 0.00 12.1115 2.9579 2.9579
30025 47.94 68.17 0.00 -1.7871 3.0237 3.0237
30050 47.94 68.17 0.00 -1.7871 3.0237 3.0237
30075 47.47 68.08 0.00 -16.2924 3.5489 3.5489
30100 46.79 68.01 0.00 -15.9875 1.4774 1.4774
30125 46.79 68.01 0.00 -15.9875 1.4774 1.4774
30150 46.35 67.83 0.00 -7.2258 -1.6522 -1.6522
30175 46.21 67.69 0.00 -1.9593 -4.2858 -4.2858
30200 46.21 67.69 0.00 -1.9593 -4.2858 -4.2858
30225 46.12 67.66 0.00 -2.3127 -1.7716 -1.7716
30250 46.04 67.66 0.00 -2.3905 0.4998 0.4998
30275 46.04 67.66 0.00 -2.3905 0.4998 0.4998
30300 46.00 67.55 0.00 0.4154 0.8793 0.8793
30325 46.05 67.39 0.00 1.7608 -0.0008 -0.0008
30350 46.07 67.32 0.00 -0.8251 -0.1809 -0.1809
30375 46.07 67.32 0.00 -0.8251 -0.1809 -0.1809
30400 45.98 67.33 0.00 -3.0091 -2.3093 -2.3093
30425 45.84 67.35 0.00 -3.9649 -3.7490 -3.7490
30450 45.84 67.35 0.00 -3.9649 -3.7490 -3.7490
30475 45.67 67.26 0.00 -4.5499 -4.9377 -4.9377
30500 45.53 67.14 0.00 -2.0220 -2.6852 -2.6852
30525 45.55 67.07 0.00 2.1870 -0.2065 -0.2065
30550 45.55 67.07 0.00 2.1870 -0.2065 -0.2065
30575 45.67 67.01 0.00 4.5310 0.9764 0.9764
30600 45.88 66.94 0.00 5.5536 2.6594 2.6594
30625 45.88 66.94 0.00 5.5536 2.6594 2.6594
30650 46.18 66.67 0.00 9.0701 7.4100 7.4100
30675 46.63 65.90 0.00 12.3893 12.0793 12.0793
30700 46.63 65.90 0.00 12.3893 12.0793 12.0793
30725 47.10 64.96 0.00 10.5695 13.0028 13.0028
30750 47.47 63.96 0.00 8.5955 11.3027 11.3027
30775 47.47 63.96 0.00 8.5955 11.3027 11.3027
30800 47.84 63.02 0.00 10.3197 10.9229 10.9229
30825 48.34 62.33 0.00 13.6824 8.6569 8.6569
30850 48.90 62.01 0.00 13.7196 4.3674 4.3674
30875 48.90 62.01 0.00 13.7196 4.3674 4.3674
30900 49.32 61.94 0.00 8.2050 1.9628 1.9628
30925 49.60 61.69 0.00 6.2554 3.0200 3.0200
30950 49.60 61.69 0.00 6.2554 3.0200 3.0200
30975 49.79 61.16 0.00 4.0061 4.2353 4.2353
31000 49.90 60.83 0.00 1.9049 2.3399 2.3399
31025 49.97 60.90 0.00 2.5925 -0.1367 -0.1367
31050 49.97 60.90 0.00 2.5925 -0.1367 -0.1367
31075 50.28 61.22 0.00 13.2730 -2.2056 -2.2056
31100 51.38 61.48 0.00 35.9851 -1.2477 -1.2477
31125 51.38 61.48 0.00 35.9851 -1.2477 -1.2477
31150 53.04 61.75 0.00 43.2397 2.6078 2.6078
31175 54.66 62.06 0.00 37.6959 2.1615 2.1615
31200 54.66 62.06 0.00 37.6959 2.1615 2.1615
31225 55.87 62.22 0.00 25.3635 2.2978 2.2978
31250 56.50 62.10 0.00 8.1808 3.7848 3.7848
31275 56.50 62.10 0.00 8.1808 3.7848 3.7848
31300 56.36 61.61 0.00 -10.6055 3.4640 3.4640
31325 55.87 61.20 0.00 -18.3746 -0.2934 -0.2934
31350 55.87 61.20 0.00 -18.3746 -0.2934 -0.2934
31375 55.14 60.97 0.00 -18.1480 -3.5774 -3.5774
31400 54.52 60.77 0.00 -13.3476 -2.1864 -2.1864
31425 54.12 60.42 0.00 -7.9609 -0.8823 -0.8823
31450 54.12 60.42 0.00 -7.9609 -0.8823 -0.8823
31475 53.81 60.03 0.00 -9.7359 -1.8840 -1.8840
31500 53.35 59.59 0.00 -11.2096 -2.1775 -2.1775
31525 52.99 59.34 0.00 -7.0948 -3.8118 -3.8118
31550 52.99 59.34 0.00 -7.0948 -3.8118 -3.8118
31575 52.83 59.25 0.00 -2.5666 -4.6063 -4.6063
31600 52.78 59.23 0.00 -0.7072 -2.4416 -2.4416
31625 52.78 59.23 0.00 -0.7072 -2.4416 -2.4416
31650 52.78 59.22 0.00 0.3602 -2.5905 -2.5905
31675 52.85 59.23 0.00 2.4900 -1.0463 -1.0463
31700 52.95 59.13 0.00 2.9235 -0.7319 -0.7319
31725 52.95 59.13 0.00 2.9235 -0.7319 -0.7319
31750 53.06 58.94 0.00 2.3231 -0.3912 -0.3912
31775 53.16 58.69 0.00 2.8821 0.0062 0.0062
31800 53.16 58.69 0.00 2.8821 0.0062 0.0062
31825 53.32 58.41 0.00 4.8781 0.5496 0.5496
31850 53.61 58.08 0.00 9.0465 1.9074 1.9074
31875 53.61 58.08 0.00 9.0465 1.9074 1.9074
31900 54.03 57.83 0.00 11.3558 1.7123 1.7123
31925 54.03 57.83 0.00 11.3558 1.7123 1.7123
31950 54.49 57.61 0.00 10.6251 2.1964 2.1964
31975 54.82 57.45 0.00 6.9486 3.4471 3.4471
32000 55.00 57.41 0.00 3.0025 3.4320 3.4320
32025 55.00 57.41 0.00 3.0025 3.4320 3.4320
32050 55.05 57.34 0.00 0.4857 2.6554 2.6554
32075 55.03 57.20 0.00 -0.6546 1.7944 1.7944
32100 55.10 56.98 0.00 4.7267 2.2934 2.2934
32125 55.10 56.98 0.00 4.7267 2.2934 2.2934
32150 55.47 56.59 0.00 11.0668 1.1673 1.1673
32175 55.91 56.24 0.00 10.1393 0.4623 0.4623
32200 55.91 56.24 0.00 10.1393 0.4623 0.4623
32225 56.17 56.03 0.00 3.6429 2.2567 2.2567
32250 56.17 55.88 0.00 -1.4251 3.6779 3.6779
32275 56.08 55.70 0.00 -2.8745 0.6100 0.6100
32300 56.08 55.70 0.00 -2.8745 0.6100 0.6100
32325 55.96 55.58 0.00 -3.2244 -1.3620 -1.3620
32350 55.84 55.44 0.00 -2.6250 -1.7970 -1.7970
32375 55.84 55.44 0.00 -2.6250 -1.7970 -1.7970
32400 55.78 55.23 0.00 0.0254 0.1534 0.1534
32425 55.84 55.00 0.00 1.9676 1.8443 1.8443
32450 55.84 55.00 0.00 1.9676 1.8443 1.8443
32475 55.92 54.81 0.00 1.5591 2.0011 2.0011
32500 55.94 54.61 0.00 0.0909 2.1851 2.1851
32525 55.94 54.61 0.00 0.0909 2.1851 2.1851
32550 55.91 54.33 0.00 -1.4603 0.1484 0.1484
32575 55.84 54.07 0.00 -1.7108 -0.1215 -0.1215
32600 55.80 53.86 0.00 -0.8154 0.5317 0.5317
32625 55.80 53.86 0.00 -0.8154 0.5317 0.5317
32650 55.80 53.67 0.00 1.0138 0.1802 0.1802
32675 55.89 53.46 0.00 2.4518 0.8738 0.8738
32700 55.89 53.46 0.00 2.4518 0.8738 0.8738
32725 55.99 53.18 0.00 2.7439 1.7467 1.7467
32750 56.08 52.90 0.00 2.1943 0.6237 0.6237
32775 56.15 52.69 0.00 1.0748 -1.6381 -1.6381
32800 56.15 52.69 0.00 1.0748 -1.6381 -1.6381
32825 56.15 52.59 0.00 -0.6435 -2.5906 -2.5906
32850 56.06 52.52 0.00 -2.4412 -2.6074 -2.6074
32875 56.06 52.52 0.00 -2.4412 -2.6074 -2.6074
32900 55.98 52.38 0.00 -2.1331 -1.7647 -1.7647
32925 55.92 52.29 0.00 -1.5796 -2.2928 -2.2928
32950 55.92 52.29 0.00 -1.5796 -2.2928 -2.2928
32975 55.85 52.22 0.00 -2.3953 -1.4890 -1.4890
33000 55.70 52.11 0.00 -4.4950 -1.4946 -1.4946
33025 55.50 51.96 0.00 -4.8595 -1.2987 -1.2987
33050 55.50 51.96 0.00 -4.8595 -1.2987 -1.2987
33075 55.35 51.82 0.00 -3.3844 -1.6977 -1.6977
33100 55.24 51.69 0.00 -2.1682 -2.2292 -2.2292
33125 55.24 51.69 0.00 -2.1682 -2.2292 -2.2292
33150 55.17 51.64 0.00 -2.1016 -1.0943 -1.0943
33175 55.08 51.64 0.00 -2.1511 -0.6446 -0.6446
33200 55.08 51.64 0.00 -2.1511 -0.6446 -0.6446
33225 55.01 51.66 0.00 -1.5663 -0.5186 -0.5186
33250 54.94 51.61 0.00 -1.3269 -0.0790 -0.0790
33275 54.91 51.52 0.00 -0.9573 0.2287 0.2287
33300 54.91 51.52 0.00 -0.9573 0.2287 0.2287
33325 54.87 51.40 0.00 -0.3058 0.7175 0.7175
33350 54.87 51.33 0.00 -0.0322 -0.0274 -0.0274
33375 54.87 51.33 0.00 -0.0322 -0.0274 -0.0274
33400 54.87 51.36 0.00 -0.3824 -2.3992 -2.3992
33425 54.82 51.43 0.00 -2.1110 -2.8460 -2.8460
33450 54.68 51.40 0.00 -4.3087 -1.9823 -1.9823
33475 54.68 51.40 0.00 -4.3087 -1.9823 -1.9823
33500 54.51 51.26 0.00 -4.0570 -0.7745 -0.7745
33525 54.38 51.10 0.00 -2.2771 -2.2920 -2.2920
33550 54.38 51.10 0.00 -2.2771 -2.2920 -2.2920
33575 54.33 51.06 0.00 -1.3004 -2.5750 -2.5750
33600 54.23 51.03 0.00 -3.0407 -2.0445 -2.0445
33625 54.23 51.03 0.00 -3.0407 -2.0445 -2.0445
33650 54.07 50.87 0.00 -4.3342 -1.2185 -1.2185
33675 53.91 50.68 0.00 -3.4528 -0.7114 -0.7114
33700 53.81 50.51 0.00 -2.2960 -2.4711 -2.4711
33725 53.81 50.51 0.00 -2.2960 -2.4711 -2.4711
33750 53.75 50.40 0.00 -1.5297 -1.2015 -1.2015
33775 53.74 50.23 0.00 0.1064 -0.9269 -0.9269
33800 53.74 50.23 0.00 0.1064 -0.9269 -0.9269
33825 53.75 50.05 0.00 0.7002 -0.9500 -0.9500
33850 53.75 50.03 0.00 -0.3043 -0.4268 -0.4268
33875 53.75 50.03 0.00 -0.3043 -0.4268 -0.4268
33900 53.72 50.16 0.00 -1.0759 1.8774 1.8774
33925 53.70 50.23 0.00 -0.1092 3.0594 3.0594
33950 53.72 50.17 0.00 1.0350 2.9597 2.9597
33975 53.72 50.17 0.00 1.0350 2.9597 2.9597
34000 53.77 49.98 0.00 0.9639 2.2576 2.2576
34025 53.75 49.86 0.00 -0.8697 0.0673 0.0673
34050 53.75 49.86 0.00 -0.8697 0.0673 0.0673
34075 53.68 49.89 0.00 -2.5516 -1.5851 -1.5851
