%#        Time[ms]        X[pixel],        Y[pixel],        Z[pixel],  dX/dt[pixel/s],  dY/dt[pixel/s],  dZ/dt[pixel/s] 
0 50.00 50.00 0.00 0.6658 -0.7015 -0.7015
25 50.00 50.02 0.00 -0.2227 -0.8702 -0.8702
50 49.98 50.02 0.00 -0.5084 0.0031 0.0031
75 49.97 50.09 0.00 -0.6145 -1.7263 -1.7263
100 49.97 50.09 0.00 -0.6145 -1.7263 -1.7263
125 49.95 50.17 0.00 -0.5606 -0.8418 -0.8418
150 49.90 50.21 0.00 -1.2111 -0.8502 -0.8502
175 49.86 50.23 0.00 -0.6290 -0.0635 -0.0635
200 49.86 50.23 0.00 -0.6290 -0.0635 -0.0635
225 49.86 50.21 0.00 0.1929 0.0386 0.0386
250 49.86 50.16 0.00 -0.1665 -0.1995 -0.1995
275 49.86 50.16 0.00 -0.1665 -0.1995 -0.1995
300 49.84 50.07 0.00 -0.4955 1.0638 1.0638
325 49.86 50.16 0.00 0.5484 0.2255 0.2255
350 49.88 50.31 0.00 1.0629 -1.1270 -1.1270
375 49.88 50.31 0.00 1.0629 -1.1270 -1.1270
400 49.91 50.47 0.00 0.1002 -0.6350 -0.6350
425 49.91 50.47 0.00 0.1002 -0.6350 -0.6350
450 49.86 50.54 0.00 -2.0771 -0.3313 -0.3313
475 49.77 50.54 0.00 -1.9022 0.3088 0.3088
500 49.74 50.44 0.00 0.2428 0.3159 0.3159
525 49.84 50.56 0.00 4.2984 -0.0452 -0.0452
550 49.84 50.56 0.00 4.2984 -0.0452 -0.0452
575 50.05 51.13 0.00 5.6756 -2.7908 -2.7908
600 50.23 51.78 0.00 3.0207 -1.8483 -1.8483
625 50.23 51.78 0.00 3.0207 -1.8483 -1.8483
650 50.31 52.13 0.00 1.8317 -1.1388 -1.1388
675 50.31 52.15 0.00 -0.7135 0.0836 0.0836
700 50.31 52.15 0.00 -0.7135 0.0836 0.0836
725 50.24 52.09 0.00 -2.4962 -0.4361 -0.4361
750 50.14 52.02 0.00 -2.4101 0.2487 0.2487
775 50.14 52.02 0.00 -2.4101 0.2487 0.2487
800 50.09 52.02 0.00 -0.5519 -0.6191 -0.6191
825 50.09 52.15 0.00 0.7460 -0.0428 -0.0428
850 50.09 52.15 0.00 0.7460 -0.0428 -0.0428
875 50.10 52.36 0.00 0.1627 -0.8257 -0.8257
900 50.10 52.55 0.00 -0.2386 0.3658 0.3658
925 50.12 52.64 0.00 1.1900 0.1132 0.1132
950 50.12 52.64 0.00 1.1900 0.1132 0.1132
975 50.21 52.78 0.00 2.7852 -1.4697 -1.4697
1000 50.38 53.12 0.00 5.1094 -1.0328 -1.0328
1025 50.38 53.12 0.00 5.1094 -1.0328 -1.0328
1050 50.63 53.68 0.00 7.6408 -1.5946 -1.5946
1075 50.89 54.19 0.00 8.5032 -2.2374 -2.2374
1100 51.20 54.72 0.00 6.7938 -0.7563 -0.7563
1125 51.20 54.72 0.00 6.7938 -0.7563 -0.7563
1150 51.36 55.07 0.00 2.0325 -0.9557 -0.9557
1175 51.36 55.07 0.00 2.0325 -0.9557 -0.9557
1200 51.33 55.38 0.00 -1.8650 -2.3908 -2.3908
1225 51.20 55.70 0.00 -3.3753 -4.4774 -4.4774
1250 51.08 56.17 0.00 -2.9795 -3.6488 -3.6488
1275 51.08 56.17 0.00 -2.9795 -3.6488 -3.6488
1300 50.98 56.40 0.00 -2.5650 -1.9999 -1.9999
1325 50.89 56.34 0.00 -1.3510 -1.4296 -1.4296
1350 50.89 56.34 0.00 -1.3510 -1.4296 -1.4296
1375 50.87 56.34 0.00 -0.0183 -1.8705 -1.8705
1400 50.93 56.50 0.00 2.5166 -0.6548 -0.6548
1425 51.08 57.01 0.00 5.0006 -0.8136 -0.8136
1450 51.08 57.01 0.00 5.0006 -0.8136 -0.8136
1475 51.36 57.68 0.00 7.7348 -0.5240 -0.5240
1500 51.66 58.27 0.00 7.0983 -1.5416 -1.5416
1525 51.66 58.27 0.00 7.0983 -1.5416 -1.5416
1550 51.85 58.66 0.00 2.8555 -0.9552 -0.9552
1575 51.89 58.92 0.00 -0.2170 -2.2901 -2.2901
1600 51.89 58.92 0.00 -0.2170 -2.2901 -2.2901
1625 51.85 59.19 0.00 -0.6252 -1.3747 -1.3747
1650 51.85 59.51 0.00 -0.4681 -0.4499 -0.4499
1675 51.85 59.51 0.00 -0.4681 -0.4499 -0.4499
1700 51.83 59.75 0.00 0.0044 1.0572 1.0572
1725 51.87 60.09 0.00 1.5703 -0.5916 -0.5916
1750 51.96 60.46 0.00 2.8193 -0.6502 -0.6502
1775 51.96 60.46 0.00 2.8193 -0.6502 -0.6502
1800 52.11 60.97 0.00 4.2554 -1.4037 -1.4037
1825 52.30 61.46 0.00 5.0620 -0.9086 -0.9086
1850 52.30 61.46 0.00 5.0620 -0.9086 -0.9086
1875 52.50 61.78 0.00 4.7490 2.9060 2.9060
1900 52.76 61.94 0.00 8.1314 4.3932 4.3932
1925 53.04 62.10 0.00 9.8489 1.7911 1.7911
1950 53.04 62.10 0.00 9.8489 1.7911 1.7911
1975 53.53 62.46 0.00 13.1374 -1.1579 -1.1579
2000 54.05 62.91 0.00 12.2905 -1.3488 -1.3488
2025 54.05 62.91 0.00 12.2905 -1.3488 -1.3488
2050 54.49 63.28 0.00 10.7428 -1.0390 -1.0390
2075 54.86 63.59 0.00 7.8947 3.3057 3.3057
2100 54.86 63.59 0.00 7.8947 3.3057 3.3057
2125 55.07 63.64 0.00 3.7602 5.7272 5.7272
2150 55.24 63.57 0.00 4.7434 4.1140 4.1140
2175 55.24 63.57 0.00 4.7434 4.1140 4.1140
2200 55.54 63.61 0.00 9.2581 0.3060 0.3060
2225 55.92 63.70 0.00 9.1906 1.7499 1.7499
2250 56.19 63.83 0.00 4.4242 4.4851 4.4851
2275 56.27 63.92 0.00 1.0504 3.8278 3.8278
2300 56.27 63.92 0.00 1.0504 3.8278 3.8278
2325 56.29 63.99 0.00 0.6145 2.2493 2.2493
2350 56.29 63.99 0.00 0.6145 2.2493 2.2493
2375 56.33 64.02 0.00 0.8509 1.7501 1.7501
2400 56.38 64.06 0.00 1.3445 1.2668 1.2668
2425 56.40 63.97 0.00 -0.0172 1.9291 1.9291
2450 56.40 63.97 0.00 -0.0172 1.9291 1.9291
2475 56.38 63.77 0.00 -0.6943 2.3633 2.3633
2500 56.36 63.79 0.00 0.2958 -0.5930 -0.5930
2525 56.36 63.79 0.00 0.2958 -0.5930 -0.5930
2550 56.41 63.92 0.00 1.0427 -2.2518 -2.2518
2575 56.41 64.08 0.00 -0.5038 -3.0195 -3.0195
2600 56.41 64.08 0.00 -0.5038 -3.0195 -3.0195
2625 56.38 64.17 0.00 -0.9156 -3.6299 -3.6299
2650 56.40 64.31 0.00 1.3443 -4.0651 -4.0651
2675 56.48 64.49 0.00 2.0704 -2.5982 -2.5982
2700 56.48 64.49 0.00 2.0704 -2.5982 -2.5982
2725 56.55 64.70 0.00 1.7626 1.0086 1.0086
2750 56.66 65.10 0.00 3.5677 0.4393 0.4393
2775 56.89 65.67 0.00 6.6129 -1.8308 -1.8308
2800 56.89 65.67 0.00 6.6129 -1.8308 -1.8308
2825 57.20 66.34 0.00 8.4384 -2.8071 -2.8071
2850 57.52 66.94 0.00 6.8124 -4.5475 -4.5475
2875 57.52 66.94 0.00 6.8124 -4.5475 -4.5475
2900 57.69 67.32 0.00 3.1051 -2.7618 -2.7618
2925 57.76 67.50 0.00 1.6445 -1.1376 -1.1376
2950 57.76 67.50 0.00 1.6445 -1.1376 -1.1376
2975 57.84 67.75 0.00 1.5606 -2.9726 -2.9726
3000 57.87 67.97 0.00 0.2668 -1.5269 -1.5269
3025 57.87 67.97 0.00 0.2668 -1.5269 -1.5269
3050 57.85 68.11 0.00 -1.1980 1.0817 1.0817
3075 57.76 68.13 0.00 -2.2196 0.5674 0.5674
3100 57.76 68.13 0.00 -2.2196 0.5674 0.5674
3125 57.68 68.16 0.00 -2.4505 -1.6543 -1.6543
3150 57.55 68.29 0.00 -3.3180 -0.8778 -0.8778
3175 57.55 68.29 0.00 -3.3180 -0.8778 -0.8778
3200 57.41 68.25 0.00 -3.6258 -1.8556 -1.8556
3225 57.31 68.29 0.00 -1.8845 -1.6585 -1.6585
3250 57.27 68.41 0.00 -0.3176 -2.9258 -2.9258
3275 57.27 68.41 0.00 -0.3176 -2.9258 -2.9258
3300 57.24 68.46 0.00 -1.3455 -0.6167 -0.6167
3325 57.15 68.48 0.00 -3.0849 -2.1651 -2.1651
3350 56.94 68.55 0.00 -6.8101 -5.8889 -5.8889
3375 56.94 68.55 0.00 -6.8101 -5.8889 -5.8889
3400 56.57 68.62 0.00 -10.3594 -6.0103 -6.0103
3425 56.26 68.69 0.00 -10.8937 -4.0876 -4.0876
3450 56.26 68.69 0.00 -10.8937 -4.0876 -4.0876
3475 55.91 68.85 0.00 -6.9386 -2.6253 -2.6253
3500 55.77 69.06 0.00 -1.3575 -2.6557 -2.6557
3525 55.77 69.06 0.00 -1.3575 -2.6557 -2.6557
3550 55.77 69.37 0.00 0.1289 -5.4115 -5.4115
3575 55.70 69.55 0.00 -3.3880 -4.0269 -4.0269
3600 55.70 69.55 0.00 -3.3880 -4.0269 -4.0269
3625 55.47 69.48 0.00 -6.9169 -1.7646 -1.7646
3650 55.19 69.35 0.00 -6.4517 -1.8031 -1.8031
3675 54.96 69.40 0.00 -5.5528 -5.8961 -5.8961
3700 54.96 69.40 0.00 -5.5528 -5.8961 -5.8961
3725 54.72 69.58 0.00 -6.0509 -6.3529 -6.3529
3750 54.45 69.68 0.00 -6.5907 -4.2338 -4.2338
3775 54.45 69.68 0.00 -6.5907 -4.2338 -4.2338
3800 54.24 69.81 0.00 -4.5069 -2.3902 -2.3902
3825 54.05 69.99 0.00 -6.2570 -2.3077 -2.3077
3850 53.68 70.06 0.00 -10.0872 -3.0997 -3.0997
3875 53.68 70.06 0.00 -10.0872 -3.0997 -3.0997
3900 53.23 70.02 0.00 -13.0813 -3.7354 -3.7354
3925 52.57 70.07 0.00 -18.5757 -2.6231 -2.6231
3950 52.57 70.07 0.00 -18.5757 -2.6231 -2.6231
3975 51.80 70.27 0.00 -19.1161 -0.8535 -0.8535
4000 51.12 70.48 0.00 -14.4331 -1.9755 -1.9755
4025 50.59 70.66 0.00 -16.3583 -1.5005 -1.5005
4050 50.59 70.66 0.00 -16.3583 -1.5005 -1.5005
4075 49.53 70.68 0.00 -31.5723 2.9472 2.9472
4100 48.13 70.68 0.00 -34.7138 -2.2087 -2.2087
4125 48.13 70.68 0.00 -34.7138 -2.2087 -2.2087
4150 46.94 70.87 0.00 -25.7895 -5.9812 -5.9812
4175 46.94 70.87 0.00 -25.7895 -5.9812 -5.9812
4200 46.16 71.06 0.00 -16.8129 -10.0323 -10.0323
4225 45.65 71.28 0.00 -10.1281 -6.1356 -6.1356
4250 45.44 71.52 0.00 -4.6783 -6.9782 -6.9782
4275 45.44 71.52 0.00 -4.6783 -6.9782 -6.9782
4300 45.46 71.87 0.00 2.6951 -5.4535 -5.4535
4325 45.56 72.07 0.00 1.8156 -3.2711 -3.2711
4350 45.56 72.07 0.00 1.8156 -3.2711 -3.2711
4375 45.53 72.16 0.00 -2.8684 -5.1263 -5.1263
4400 45.34 72.35 0.00 -5.3798 -5.5696 -5.5696
4425 45.34 72.35 0.00 -5.3798 -5.5696 -5.5696
4450 45.09 72.83 0.00 -6.6465 -4.7862 -4.7862
4475 44.83 73.53 0.00 -5.3506 -6.5548 -6.5548
4500 44.71 74.36 0.00 -2.3483 -5.1514 -5.1514
4525 44.71 74.36 0.00 -2.3483 -5.1514 -5.1514
4550 44.64 74.92 0.00 -1.6424 -4.0458 -4.0458
4575 44.55 75.20 0.00 -2.3548 -3.6159 -3.6159
4600 44.41 75.23 0.00 -4.5161 -2.8509 -2.8509
4625 44.41 75.23 0.00 -4.5161 -2.8509 -2.8509
4650 44.22 75.00 0.00 -4.1382 -0.6748 -0.6748
4675 44.09 74.81 0.00 -2.4600 -0.8893 -0.8893
4700 44.09 74.81 0.00 -2.4600 -0.8893 -0.8893
4725 44.04 74.85 0.00 -0.5614 -1.7471 -1.7471
4750 43.83 74.87 0.00 -10.3457 -0.0142 -0.0142
4775 43.83 74.87 0.00 -10.3457 -0.0142 -0.0142
4800 43.18 74.77 0.00 -19.7985 -0.2938 -0.2938
4825 42.36 74.60 0.00 -19.1843 -0.8184 -0.8184
4850 42.36 74.60 0.00 -19.1843 -0.8184 -0.8184
4875 41.73 74.59 0.00 -14.3647 -1.8833 -1.8833
4900 41.04 74.55 0.00 -19.2674 0.3887 0.3887
4925 40.21 74.59 0.00 -20.8574 1.2531 1.2531
4950 40.21 74.59 0.00 -20.8574 1.2531 1.2531
4975 39.47 74.68 0.00 -16.1286 -1.5575 -1.5575
5000 39.00 74.43 0.00 -9.0088 -1.1149 -1.1149
5025 38.80 74.24 0.00 -6.4337 -1.9567 -1.9567
5050 38.80 74.24 0.00 -6.4337 -1.9567 -1.9567
5075 38.54 74.08 0.00 -6.1621 -4.6565 -4.6565
5100 38.16 74.09 0.00 -14.6585 1.9109 1.9109
5125 38.16 74.09 0.00 -14.6585 1.9109 1.9109
5150 37.19 74.19 0.00 -28.2817 4.5650 4.5650
5175 35.98 74.19 0.00 -29.5271 2.8512 2.8512
5200 35.98 74.19 0.00 -29.5271 2.8512 2.8512
5225 35.05 74.09 0.00 -18.5793 -3.3692 -3.3692
5250 34.66 73.82 0.00 -5.7650 -6.4953 -6.4953
5275 34.66 73.82 0.00 -5.7650 -6.4953 -6.4953
5300 34.52 73.70 0.00 -2.6725 -2.7023 -2.7023
5325 34.36 73.84 0.00 -5.1508 -3.6010 -3.6010
5350 33.95 73.87 0.00 -16.1070 4.6854 4.6854
5375 33.95 73.87 0.00 -16.1070 4.6854 4.6854
5400 32.96 74.22 0.00 -29.4221 4.6888 4.6888
5425 31.68 75.14 0.00 -32.3064 -11.4099 -11.4099
5450 31.68 75.14 0.00 -32.3064 -11.4099 -11.4099
5475 30.51 76.63 0.00 -28.4921 -21.1261 -21.1261
5500 29.18 78.42 0.00 -35.3303 -10.1942 -10.1942
5525 29.18 78.42 0.00 -35.3303 -10.1942 -10.1942
5550 27.78 80.63 0.00 -34.6362 -6.5554 -6.5554
5575 26.32 82.13 0.00 -37.2522 -2.3527 -2.3527
5600 24.81 82.32 0.00 -37.9500 -3.7267 -3.7267
5625 24.81 82.32 0.00 -37.9500 -3.7267 -3.7267
5650 22.92 82.20 0.00 -54.1203 2.7519 2.7519
5675 20.64 82.13 0.00 -56.1879 2.4642 2.4642
5700 20.64 82.13 0.00 -56.1879 2.4642 2.4642
5725 18.72 82.50 0.00 -43.5870 -0.4931 -0.4931
5750 17.70 82.75 0.00 -29.8286 -3.7257 -3.7257
5775 17.70 82.75 0.00 -29.8286 -3.7257 -3.7257
5800 16.95 82.77 0.00 -12.5916 -5.5426 -5.5426
5825 16.70 82.47 0.00 -3.2839 -2.4544 -2.4544
5850 16.79 82.08 0.00 5.6155 -2.1759 -2.1759
5875 16.79 82.08 0.00 5.6155 -2.1759 -2.1759
5900 16.97 81.60 0.00 2.6087 1.6900 1.6900
5925 17.08 81.15 0.00 4.0948 3.2711 3.2711
5950 17.08 81.15 0.00 4.0948 3.2711 3.2711
5975 17.41 80.98 0.00 11.5411 4.5856 4.5856
6000 18.05 81.26 0.00 17.8803 2.5851 2.5851
6025 18.72 81.78 0.00 14.6521 0.3309 0.3309
6050 18.72 81.78 0.00 14.6521 0.3309 0.3309
6075 19.10 82.34 0.00 6.4630 -0.8403 -0.8403
6100 19.37 82.64 0.00 7.8099 -0.2168 -0.2168
6125 19.37 82.64 0.00 7.8099 -0.2168 -0.2168
6150 19.88 82.75 0.00 16.4225 -0.3940 -0.3940
6175 20.64 82.88 0.00 19.0535 1.0572 1.0572
6200 21.17 83.20 0.00 9.3782 4.0165 4.0165
6225 21.17 83.20 0.00 9.3782 4.0165 4.0165
6250 21.40 83.68 0.00 3.6332 4.6770 4.6770
6275 21.59 83.74 0.00 6.1999 3.5882 3.5882
6300 21.59 83.74 0.00 6.1999 3.5882 3.5882
6325 21.97 83.47 0.00 11.8529 2.6188 2.6188
6350 22.42 83.15 0.00 9.7637 2.9347 2.9347
6375 22.42 83.15 0.00 9.7637 2.9347 2.9347
6400 22.72 82.75 0.00 6.5093 0.2075 0.2075
6425 22.96 82.29 0.00 5.3433 1.4585 1.4585
6450 22.96 82.29 0.00 5.3433 1.4585 1.4585
6475 23.13 81.76 0.00 3.9455 1.0434 1.0434
6500 23.28 81.16 0.00 3.2793 4.1482 4.1482
6525 23.28 81.16 0.00 3.2793 4.1482 4.1482
6550 23.54 80.00 0.00 9.4410 2.9961 2.9961
6575 24.14 78.62 0.00 16.9183 1.6176 1.6176
6600 24.68 77.60 0.00 18.9255 2.6023 2.6023
6625 24.68 77.60 0.00 18.9255 2.6023 2.6023
6650 25.51 76.35 0.00 21.7835 1.6718 1.6718
6675 26.42 75.44 0.00 22.0409 3.3801 3.3801
6700 26.42 75.44 0.00 22.0409 3.3801 3.3801
6725 27.23 74.55 0.00 19.4606 6.5550 6.5550
6750 28.03 73.62 0.00 21.6713 7.4798 7.4798
6775 29.04 72.48 0.00 26.2504 9.8984 9.8984
6800 29.04 72.48 0.00 26.2504 9.8984 9.8984
6825 30.13 71.41 0.00 27.5232 6.8314 6.8314
6850 31.09 70.41 0.00 20.1497 8.7055 8.7055
6875 31.09 70.41 0.00 20.1497 8.7055 8.7055
6900 31.72 69.43 0.00 12.8496 7.5653 7.5653
6925 32.13 68.76 0.00 9.7278 6.0392 6.0392
6950 32.48 68.42 0.00 7.6951 6.1980 6.1980
6975 32.48 68.42 0.00 7.6951 6.1980 6.1980
7000 32.71 68.27 0.00 3.9128 6.8390 6.8390
7025 32.78 67.92 0.00 0.7469 6.1683 6.1683
7050 32.78 67.92 0.00 0.7469 6.1683 6.1683
7075 32.82 67.28 0.00 1.1856 5.1609 5.1609
7100 32.89 66.57 0.00 2.4334 4.6815 4.6815
7125 32.89 66.57 0.00 2.4334 4.6815 4.6815
7150 33.03 66.11 0.00 3.8167 2.6269 2.6269
7175 33.18 65.60 0.00 3.7759 3.1797 3.1797
7200 33.18 65.60 0.00 3.7759 3.1797 3.1797
7225 33.32 65.07 0.00 3.1070 2.5986 2.5986
7250 33.45 64.69 0.00 3.3138 0.9922 0.9922
7275 33.52 64.34 0.00 0.5231 3.8160 3.8160
7300 33.52 64.34 0.00 0.5231 3.8160 3.8160
7325 33.48 63.70 0.00 -1.3623 3.3405 3.3405
7350 33.46 63.16 0.00 -0.2720 3.0997 3.0997
7375 33.46 63.16 0.00 -0.2720 3.0997 3.0997
7400 33.50 62.49 0.00 1.3362 2.4523 2.4523
7425 33.59 62.02 0.00 2.4575 1.1483 1.1483
7450 33.59 62.02 0.00 2.4575 1.1483 1.1483
7475 33.59 61.74 0.00 -1.4190 1.5532 1.5532
7500 33.48 61.43 0.00 -3.7697 1.7389 1.7389
7525 33.32 60.85 0.00 -3.6699 1.9997 1.9997
7550 33.32 60.85 0.00 -3.6699 1.9997 1.9997
7575 33.23 60.11 0.00 -1.6744 1.5358 1.5358
7600 33.16 59.42 0.00 -0.9778 2.3824 2.3824
7625 33.16 59.42 0.00 -0.9778 2.3824 2.3824
7650 33.19 58.90 0.00 1.3095 0.7140 0.7140
7675 33.27 58.30 0.00 3.2498 4.6006 4.6006
7700 33.27 58.30 0.00 3.2498 4.6006 4.6006
7725 33.52 57.51 0.00 7.6644 4.5714 4.5714
7750 33.89 56.81 0.00 10.4136 4.8681 4.8681
7775 33.89 56.81 0.00 10.4136 4.8681 4.8681
7800 34.27 56.17 0.00 8.2449 4.8236 4.8236
7825 34.55 55.60 0.00 6.4116 4.3492 4.3492
7850 34.77 55.07 0.00 4.7840 3.7415 3.7415
7875 34.77 55.07 0.00 4.7840 3.7415 3.7415
7900 34.93 54.66 0.00 4.3700 3.4422 3.4422
7925 35.05 54.20 0.00 2.3901 5.6483 5.6483
7950 35.05 54.20 0.00 2.3901 5.6483 5.6483
7975 35.16 53.58 0.00 3.0716 5.1146 5.1146
8000 35.29 52.68 0.00 2.4507 8.0027 8.0027
8025 35.45 51.71 0.00 4.8886 7.4706 7.4706
8050 35.45 51.71 0.00 4.8886 7.4706 7.4706
8075 35.61 51.14 0.00 5.4271 6.6770 6.6770
8100 35.75 50.37 0.00 3.0065 4.9821 4.9821
8125 35.75 50.37 0.00 3.0065 4.9821 4.9821
8150 35.87 49.80 0.00 2.9547 1.5685 1.5685
8175 35.91 49.42 0.00 -0.9028 0.3166 0.3166
8200 35.79 49.06 0.00 -3.9930 1.1696 1.1696
8225 35.79 49.06 0.00 -3.9930 1.1696 1.1696
8250 35.61 48.67 0.00 -3.9827 2.7765 2.7765
8275 35.55 48.22 0.00 0.5807 3.6113 3.6113
8300 35.55 48.22 0.00 0.5807 3.6113 3.6113
8325 35.59 47.56 0.00 0.1864 4.3762 4.3762
8350 35.61 46.75 0.00 1.5830 5.6819 5.6819
8375 35.61 46.75 0.00 1.5830 5.6819 5.6819
8400 35.77 45.83 0.00 5.4341 3.1366 3.1366
8425 36.00 45.04 0.00 5.4481 2.8690 2.8690
8450 36.16 44.51 0.00 1.9090 3.6309 3.6309
8475 36.16 44.51 0.00 1.9090 3.6309 3.6309
8500 36.03 44.00 0.00 -5.5404 4.6302 4.6302
8525 35.80 43.34 0.00 -5.4174 3.0989 3.0989
8550 35.80 43.34 0.00 -5.4174 3.0989 3.0989
8575 35.68 42.52 0.00 -1.3353 -0.2865 -0.2865
8600 35.64 41.42 0.00 -0.3092 2.7061 2.7061
8625 35.64 41.42 0.00 -0.3092 2.7061 2.7061
8650 35.70 40.21 0.00 2.1876 3.8573 3.8573
8675 35.75 39.40 0.00 0.4728 4.9216 4.9216
8700 35.75 39.40 0.00 0.4728 4.9216 4.9216
8725 35.73 38.90 0.00 -0.9143 3.8463 3.8463
8750 35.70 38.72 0.00 -0.4729 1.8495 1.8495
8775 35.66 38.52 0.00 -1.1464 0.1766 0.1766
8800 35.66 38.52 0.00 -1.1464 0.1766 0.1766
8825 35.63 38.11 0.00 -1.0067 0.9206 0.9206
8850 35.59 37.39 0.00 -0.5610 4.1519 4.1519
8875 35.59 37.39 0.00 -0.5610 4.1519 4.1519
8900 35.59 36.94 0.00 0.7728 2.9933 2.9933
8925 35.63 36.53 0.00 0.7494 2.2579 2.2579
8950 35.63 36.53 0.00 0.7494 2.2579 2.2579
8975 35.70 36.41 0.00 2.6917 1.6136 1.6136
9000 35.84 36.46 0.00 3.7641 0.6486 0.6486
9025 36.00 36.47 0.00 3.7360 -0.1455 -0.1455
9050 36.00 36.47 0.00 3.7360 -0.1455 -0.1455
9075 36.03 36.23 0.00 -0.7160 -0.1021 -0.1021
9100 36.00 35.80 0.00 -1.1617 2.5701 2.5701
9125 36.00 35.80 0.00 -1.1617 2.5701 2.5701
9150 35.96 35.28 0.00 -0.0011 2.9060 2.9060
9175 36.02 34.78 0.00 1.7086 2.3882 2.3882
9200 36.11 34.47 0.00 2.0918 0.9158 0.9158
9225 36.11 34.47 0.00 2.0918 0.9158 0.9158
9250 36.16 34.29 0.00 1.1783 0.3360 0.3360
9275 36.16 34.29 0.00 1.1783 0.3360 0.3360
9300 36.12 34.06 0.00 -2.1861 0.7514 0.7514
9325 36.05 33.71 0.00 -1.0044 0.9043 0.9043
9350 36.05 33.71 0.00 -1.0044 0.9043 0.9043
9375 36.07 33.35 0.00 0.8650 -0.4222 -0.4222
9400 36.12 32.82 0.00 1.7528 0.3029 0.3029
9425 36.23 32.45 0.00 2.4171 0.8885 0.8885
9450 36.23 32.45 0.00 2.4171 0.8885 0.8885
9475 36.25 31.97 0.00 -0.8741 2.9109 2.9109
9500 36.16 31.57 0.00 -3.0371 1.4781 1.4781
9525 35.95 31.29 0.00 -6.4877 0.5045 0.5045
9550 35.95 31.29 0.00 -6.4877 0.5045 0.5045
9575 35.64 30.92 0.00 -7.5871 0.6380 0.6380
9600 35.36 30.43 0.00 -7.9576 -1.6172 -1.6172
9625 35.36 30.43 0.00 -7.9576 -1.6172 -1.6172
9650 34.89 29.41 0.00 -13.1111 1.9620 1.9620
9675 34.36 28.18 0.00 -13.7689 3.1596 3.1596
9700 33.93 27.38 0.00 -14.5533 2.4761 2.4761
9725 33.93 27.38 0.00 -14.5533 2.4761 2.4761
9750 33.34 26.90 0.00 -14.1243 -3.9193 -3.9193
9775 32.80 26.65 0.00 -12.4435 -5.4727 -5.4727
9800 32.80 26.65 0.00 -12.4435 -5.4727 -5.4727
9825 32.44 26.43 0.00 -7.7488 -5.1874 -5.1874
9850 32.08 26.14 0.00 -9.5003 -1.6127 -1.6127
9875 32.08 26.14 0.00 -9.5003 -1.6127 -1.6127
9900 31.72 25.76 0.00 -8.4061 0.9941 0.9941
9925 31.30 25.37 0.00 -13.0828 0.1808 0.1808
9950 31.30 25.37 0.00 -13.0828 0.1808 0.1808
9975 30.67 24.98 0.00 -17.1748 1.2097 1.2097
10000 29.95 24.76 0.00 -17.6877 -1.7655 -1.7655
10025 29.95 24.76 0.00 -17.6877 -1.7655 -1.7655
10050 29.35 24.52 0.00 -12.6308 -4.4295 -4.4295
10075 28.94 24.25 0.00 -9.9135 -3.3856 -3.3856
10100 28.53 24.15 0.00 -10.1441 -4.3017 -4.3017
10125 28.53 24.15 0.00 -10.1441 -4.3017 -4.3017
10150 28.09 24.34 0.00 -11.9938 -6.6514 -6.6514
10175 27.68 24.43 0.00 -8.1359 -5.0116 -5.0116
10200 27.68 24.43 0.00 -8.1359 -5.0116 -5.0116
10225 27.46 24.29 0.00 -4.4852 -6.0748 -6.0748
10250 27.26 23.95 0.00 -5.5083 -1.4275 -1.4275
10275 27.08 23.58 0.00 -3.7841 4.5030 4.5030
10300 27.08 23.58 0.00 -3.7841 4.5030 4.5030
10325 26.89 23.20 0.00 -4.9342 2.8038 2.8038
10350 26.69 23.13 0.00 -4.3900 0.4610 0.4610
10375 26.69 23.13 0.00 -4.3900 0.4610 0.4610
10400 26.66 23.17 0.00 0.5126 -0.2852 -0.2852
10425 26.78 23.02 0.00 5.1058 4.0388 4.0388
10450 26.78 23.02 0.00 5.1058 4.0388 4.0388
10475 26.93 22.86 0.00 4.1053 3.5362 3.5362
10500 26.99 22.69 0.00 0.5423 -0.0668 -0.0668
10525 26.99 22.69 0.00 0.5423 -0.0668 -0.0668
10550 27.01 22.65 0.00 0.4669 -0.2745 -0.2745
10575 27.01 22.42 0.00 -0.9829 1.0836 1.0836
10600 26.95 22.05 0.00 -1.5190 -0.3906 -0.3906
10625 26.95 22.05 0.00 -1.5190 -0.3906 -0.3906
10650 26.82 21.78 0.00 -4.2205 -0.3748 -0.3748
10675 26.66 21.46 0.00 -4.1734 1.5150 1.5150
10700 26.51 21.45 0.00 -3.3918 -0.6713 -0.6713
10725 26.51 21.45 0.00 -3.3918 -0.6713 -0.6713
10750 26.31 21.28 0.00 -5.6175 -0.7193 -0.7193
10775 26.07 20.97 0.00 -6.3584 -1.2066 -1.2066
10800 26.07 20.97 0.00 -6.3584 -1.2066 -1.2066
10825 25.81 20.57 0.00 -6.3496 -1.4411 -1.4411
10850 25.53 19.94 0.00 -8.8246 -4.4617 -4.4617
10875 25.53 19.94 0.00 -8.8246 -4.4617 -4.4617
10900 25.10 19.15 0.00 -11.5779 -3.8573 -3.8573
10925 24.68 18.29 0.00 -9.0478 -4.6471 -4.6471
10950 24.68 18.29 0.00 -9.0478 -4.6471 -4.6471
10975 24.36 17.42 0.00 -7.9767 0.6245 0.6245
11000 24.06 16.84 0.00 -7.4526 2.9054 2.9054
11025 23.65 16.58 0.00 -13.1255 0.2623 0.2623
11050 23.65 16.58 0.00 -13.1255 0.2623 0.2623
11075 22.96 16.37 0.00 -18.7455 -1.1881 -1.1881
11100 22.19 16.16 0.00 -19.6244 -4.2816 -4.2816
11125 22.19 16.16 0.00 -19.6244 -4.2816 -4.2816
11150 21.55 15.90 0.00 -13.5796 -3.5894 -3.5894
11175 21.02 15.73 0.00 -15.2357 -7.8157 -7.8157
11200 21.02 15.73 0.00 -15.2357 -7.8157 -7.8157
11225 20.36 15.55 0.00 -15.8485 -5.7356 -5.7356
11250 19.94 15.39 0.00 -13.5556 -4.7843 -4.7843
11275 19.94 15.39 0.00 -13.5556 -4.7843 -4.7843
11300 19.37 15.21 0.00 -14.6579 -4.4013 -4.4013
11325 18.80 15.36 0.00 -14.5350 -6.4464 -6.4464
11350 18.24 15.48 0.00 -12.5899 -4.5729 -4.5729
11375 18.24 15.48 0.00 -12.5899 -4.5729 -4.5729
11400 17.76 15.50 0.00 -13.8574 -5.1436 -5.1436
11425 17.02 15.28 0.00 -20.7757 -2.7914 -2.7914
11450 16.15 15.15 0.00 -21.9581 -7.1169 -7.1169
11475 16.15 15.15 0.00 -21.9581 -7.1169 -7.1169
11500 15.20 14.78 0.00 -24.8560 -7.1547 -7.1547
11525 14.25 14.30 0.00 -23.2288 -6.8606 -6.8606
11550 14.25 14.30 0.00 -23.2288 -6.8606 -6.8606
11575 13.35 13.76 0.00 -21.8388 -3.0938 -3.0938
11600 12.65 13.38 0.00 -14.8948 0.0286 0.0286
11625 12.65 13.38 0.00 -14.8948 0.0286 0.0286
11650 12.01 13.01 0.00 -15.9454 0.4511 0.4511
11675 11.45 12.61 0.00 -12.7396 -0.6155 -0.6155
11700 11.45 12.61 0.00 -12.7396 -0.6155 -0.6155
11725 11.01 12.15 0.00 -8.9821 0.2867 0.2867
11750 10.85 11.88 0.00 -1.2783 -0.6900 -0.6900
11775 10.95 11.68 0.00 4.8808 2.1778 2.1778
11800 10.95 11.68 0.00 4.8808 2.1778 2.1778
11825 11.23 11.55 0.00 7.2823 1.0346 1.0346
11850 11.49 11.56 0.00 6.4224 0.4440 0.4440
11875 11.49 11.56 0.00 6.4224 0.4440 0.4440
11900 11.81 11.58 0.00 8.8121 4.2207 4.2207
11925 12.09 11.51 0.00 5.1274 3.7782 3.7782
11950 12.09 11.51 0.00 5.1274 3.7782 3.7782
11975 12.21 11.61 0.00 2.1302 1.0628 1.0628
12000 12.35 12.26 0.00 7.5912 3.4730 3.4730
12025 12.35 12.26 0.00 7.5912 3.4730 3.4730
12050 13.03 13.58 0.00 30.2907 15.7698 15.7698
12075 14.41 16.19 0.00 32.7501 20.0934 20.0934
12100 15.24 18.44 0.00 11.7550 10.2493 10.2493
12125 15.24 18.44 0.00 11.7550 10.2493 10.2493
12150 15.37 19.36 0.00 0.5238 9.6754 9.6754
12175 15.29 19.79 0.00 -2.6111 3.0537 3.0537
12200 15.29 19.79 0.00 -2.6111 3.0537 3.0537
12225 15.33 20.02 0.00 4.2623 5.3244 5.3244
12250 15.65 20.00 0.00 7.5407 8.4000 8.4000
12275 15.65 20.00 0.00 7.5407 8.4000 8.4000
12300 15.82 19.82 0.00 3.4969 5.4910 5.4910
12325 16.00 19.96 0.00 5.4232 3.8573 3.8573
12350 16.00 19.96 0.00 5.4232 3.8573 3.8573
12375 16.17 20.23 0.00 3.6423 3.2126 3.2126
12400 16.27 20.52 0.00 1.3738 3.9300 3.9300
12425 16.17 20.55 0.00 -4.8868 6.1894 6.1894
12450 16.17 20.55 0.00 -4.8868 6.1894 6.1894
12475 15.96 20.45 0.00 -4.7886 9.3338 9.3338
12500 15.96 20.45 0.00 -4.7886 9.3338 9.3338
12525 16.42 20.35 0.00 15.9082 8.3822 8.3822
12550 16.42 20.35 0.00 15.9082 8.3822 8.3822
12575 17.10 20.44 0.00 15.4223 2.9858 2.9858
12600 17.53 20.39 0.00 7.9749 6.2605 6.2605
12625 17.53 20.39 0.00 7.9749 6.2605 6.2605
12650 17.72 20.49 0.00 3.1899 3.8949 3.8949
12675 17.80 20.58 0.00 1.3694 -0.0840 -0.0840
12700 17.80 20.58 0.00 1.3694 -0.0840 -0.0840
12725 17.86 20.44 0.00 1.4693 -0.3201 -0.3201
12750 17.95 20.19 0.00 3.3548 2.6267 2.6267
12775 18.12 19.95 0.00 4.9991 2.7757 2.7757
12800 18.12 19.95 0.00 4.9991 2.7757 2.7757
12825 18.30 19.91 0.00 5.5702 0.8626 0.8626
12850 18.57 20.05 0.00 7.8669 1.2005 1.2005
12875 18.57 20.05 0.00 7.8669 1.2005 1.2005
12900 18.85 20.09 0.00 6.0346 3.4297 3.4297
12925 19.03 20.19 0.00 4.0574 3.4909 3.4909
12950 19.03 20.19 0.00 4.0574 3.4909 3.4909
12975 19.22 20.46 0.00 5.4882 2.1671 2.1671
13000 19.52 20.82 0.00 9.4438 2.2998 2.2998
13025 20.02 21.23 0.00 12.9591 1.6906 1.6906
13050 20.02 21.23 0.00 12.9591 1.6906 1.6906
13075 20.55 21.78 0.00 13.4059 1.5761 1.5761
13100 21.12 22.37 0.00 15.2331 1.2264 1.2264
13125 21.12 22.37 0.00 15.2331 1.2264 1.2264
13150 21.83 22.91 0.00 18.9072 2.4732 2.4732
13175 22.47 23.40 0.00 14.0983 6.2137 6.2137
13200 22.47 23.40 0.00 14.0983 6.2137 6.2137
13225 22.92 23.84 0.00 9.7676 5.9930 5.9930
13250 23.34 24.27 0.00 11.7990 3.2086 3.2086
13275 24.05 24.77 0.00 20.4767 2.8157 2.8157
13300 24.05 24.77 0.00 20.4767 2.8157 2.8157
13325 25.01 25.10 0.00 26.4822 5.4033 5.4033
13350 26.20 25.36 0.00 31.5672 7.6477 7.6477
13375 26.20 25.36 0.00 31.5672 7.6477 7.6477
13400 27.52 25.66 0.00 32.7651 8.5341 8.5341
13425 28.76 26.06 0.00 30.2528 6.8347 6.8347
13450 28.76 26.06 0.00 30.2528 6.8347 6.8347
13475 29.78 26.39 0.00 21.9986 5.8884 5.8884
13500 30.47 26.68 0.00 13.7133 4.6000 4.6000
13525 30.87 27.06 0.00 8.9923 2.5009 2.5009
13550 30.87 27.06 0.00 8.9923 2.5009 2.5009
13575 31.09 27.38 0.00 6.4716 3.5711 3.5711
13600 31.29 27.82 0.00 3.9119 4.5739 4.5739
13625 31.29 27.82 0.00 3.9119 4.5739 4.5739
13650 31.41 28.29 0.00 2.9425 3.3100 3.3100
13675 31.56 28.89 0.00 4.2779 0.8024 0.8024
13700 31.56 28.89 0.00 4.2779 0.8024 0.8024
13725 31.79 29.79 0.00 6.6956 2.7384 2.7384
13750 32.04 30.86 0.00 5.5639 0.9036 0.9036
13775 32.15 31.93 0.00 0.7737 0.1671 0.1671
13800 32.15 31.93 0.00 0.7737 0.1671 0.1671
13825 32.15 32.63 0.00 0.4045 0.7801 0.7801
13850 32.24 33.28 0.00 3.1427 -1.1536 -1.1536
13875 32.24 33.28 0.00 3.1427 -1.1536 -1.1536
13900 32.42 34.25 0.00 5.7587 -1.9000 -1.9000
13925 32.71 35.64 0.00 8.2930 -1.5120 -1.5120
13950 32.71 35.64 0.00 8.2930 -1.5120 -1.5120
13975 33.10 37.67 0.00 10.7666 -0.3052 -0.3052
14000 33.59 39.72 0.00 13.8091 -4.2748 -4.2748
14025 34.34 41.55 0.00 22.5660 -4.7633 -4.7633
14050 34.34 41.55 0.00 22.5660 -4.7633 -4.7633
14075 35.38 43.30 0.00 26.5063 -5.5781 -5.5781
14100 36.57 45.01 0.00 33.0580 -5.8487 -5.8487
14125 38.13 47.03 0.00 43.5180 -3.1764 -3.1764
14150 38.13 47.03 0.00 43.5180 -3.1764 -3.1764
14175 40.05 49.09 0.00 49.5004 0.4399 0.4399
14200 41.99 51.05 0.00 46.0962 -7.3380 -7.3380
14225 41.99 51.05 0.00 46.0962 -7.3380 -7.3380
14250 43.59 52.59 0.00 36.7768 -11.9511 -11.9511
14275 44.69 53.57 0.00 22.0448 -5.4046 -5.4046
14300 44.69 53.57 0.00 22.0448 -5.4046 -5.4046
14325 45.25 54.25 0.00 9.2433 -1.4925 -1.4925
14350 45.42 54.86 0.00 2.7319 -4.0800 -4.0800
14375 45.42 54.86 0.00 2.7319 -4.0800 -4.0800
14400 45.46 55.32 0.00 0.7557 -3.1194 -3.1194
14425 45.51 55.74 0.00 2.2530 -2.4509 -2.4509
14450 45.51 55.74 0.00 2.2530 -2.4509 -2.4509
14475 45.79 56.19 0.00 11.1514 -1.8882 -1.8882
14500 46.60 56.73 0.00 24.8467 0.7873 0.7873
14525 47.89 57.31 0.00 36.8062 5.0361 5.0361
14550 47.89 57.31 0.00 36.8062 5.0361 5.0361
14575 49.53 58.17 0.00 43.0593 1.2702 1.2702
14600 51.34 59.21 0.00 45.7244 1.5220 1.5220
14625 51.34 59.21 0.00 45.7244 1.5220 1.5220
14650 53.13 60.04 0.00 42.6212 6.0613 6.0613
14675 54.65 60.77 0.00 35.2842 3.8477 3.8477
14700 55.84 61.37 0.00 26.6174 -0.1086 -0.1086
14725 55.84 61.37 0.00 26.6174 -0.1086 -0.1086
14750 56.76 61.81 0.00 21.9317 -0.4536 -0.4536
14775 57.55 62.24 0.00 18.2250 -1.0587 -1.0587
14800 57.55 62.24 0.00 18.2250 -1.0587 -1.0587
14825 58.20 62.76 0.00 15.2208 -0.3495 -0.3495
14850 58.85 63.55 0.00 18.6914 0.1108 0.1108
14875 59.81 64.87 0.00 26.6174 -4.8806 -4.8806
14900 59.81 64.87 0.00 26.6174 -4.8806 -4.8806
14925 61.04 66.92 0.00 34.3811 -6.7745 -6.7745
14950 62.63 68.91 0.00 41.4095 -4.6480 -4.6480
14975 62.63 68.91 0.00 41.4095 -4.6480 -4.6480
15000 64.36 69.95 0.00 43.4182 1.0012 1.0012
15025 66.07 70.54 0.00 42.0808 7.0209 7.0209
15050 66.07 70.54 0.00 42.0808 7.0209 7.0209
15075 67.60 71.64 0.00 37.2377 0.7627 0.7627
15100 69.09 73.17 0.00 37.0023 -5.8633 -5.8633
15125 69.09 73.17 0.00 37.0023 -5.8633 -5.8633
15150 70.16 74.49 0.00 34.6506 -3.6360 -3.6360
15175 71.49 75.54 0.00 34.3655 -2.9034 -2.9034
15200 72.94 76.11 0.00 37.9512 -0.6458 -0.6458
15225 72.94 76.11 0.00 37.9512 -0.6458 -0.6458
15250 74.93 76.84 0.00 60.6055 -3.2070 -3.2070
15275 77.81 77.94 0.00 76.9456 3.1377 3.1377
15300 77.81 77.94 0.00 76.9456 3.1377 3.1377
15325 80.76 79.12 0.00 69.2077 9.8316 9.8316
15350 82.90 80.13 0.00 41.0203 9.6933 9.6933
15375 83.69 81.10 0.00 8.2585 5.1987 5.1987
15400 83.69 81.10 0.00 8.2585 5.1987 5.1987
15425 83.58 81.73 0.00 -8.4081 -3.0093 -3.0093
15450 83.09 82.63 0.00 -13.8799 0.9947 0.9947
15475 83.09 82.63 0.00 -13.8799 0.9947 0.9947
15500 82.55 83.83 0.00 -11.5635 0.3302 0.3302
15525 82.26 85.69 0.00 -5.4585 4.2811 4.2811
15550 82.26 85.69 0.00 -5.4585 4.2811 4.2811
15575 82.01 87.57 0.00 -7.6030 15.1055 15.1055
15600 81.66 88.46 0.00 -8.4878 14.8710 14.8710
15625 81.66 88.46 0.00 -8.4878 14.8710 14.8710
15650 81.28 88.75 0.00 -11.5141 10.1971 10.1971
15675 80.52 88.84 0.00 -24.2582 8.1714 8.1714
15700 80.52 88.84 0.00 -24.2582 8.1714 8.1714
15725 79.39 88.45 0.00 -28.9675 -0.5407 -0.5407
15750 78.26 88.31 0.00 -27.3515 -2.9662 -2.9662
15775 77.41 88.50 0.00 -17.7461 -8.8638 -8.8638
15800 77.41 88.50 0.00 -17.7461 -8.8638 -8.8638
15825 76.93 88.84 0.00 -10.1951 -7.2115 -7.2115
15850 76.59 88.79 0.00 -6.9556 -1.7378 -1.7378
15875 76.59 88.79 0.00 -6.9556 -1.7378 -1.7378
15900 76.46 88.53 0.00 -3.1624 -0.2540 -0.2540
15925 76.42 88.20 0.00 -0.0497 -0.3094 -0.3094
15950 76.42 87.89 0.00 -0.5265 -4.5564 -4.5564
15975 76.42 87.89 0.00 -0.5265 -4.5564 -4.5564
16000 76.44 87.69 0.00 2.0530 -6.4851 -6.4851
16025 76.63 87.42 0.00 5.9859 -1.9482 -1.9482
16050 76.63 87.42 0.00 5.9859 -1.9482 -1.9482
16075 76.94 87.24 0.00 9.8842 -0.6151 -0.6151
16100 77.60 87.16 0.00 21.8903 -4.2165 -4.2165
16125 78.79 87.24 0.00 32.6527 -1.9911 -1.9911
16150 78.79 87.24 0.00 32.6527 -1.9911 -1.9911
16175 80.00 87.50 0.00 27.8619 1.2882 1.2882
16200 80.86 87.63 0.00 17.8710 4.7051 4.7051
16225 80.86 87.63 0.00 17.8710 4.7051 4.7051
16250 81.41 87.51 0.00 11.2878 7.2495 7.2495
16275 81.86 87.43 0.00 11.6228 4.5885 4.5885
16300 81.86 87.43 0.00 11.6228 4.5885 4.5885
16325 82.30 87.21 0.00 9.7253 3.5806 3.5806
16350 82.51 86.88 0.00 2.2417 4.4957 4.4957
16375 82.51 86.88 0.00 2.2417 4.4957 4.4957
16400 82.36 86.60 0.00 -7.3234 2.8157 2.8157
16425 81.99 86.09 0.00 -10.1346 2.2448 2.2448
16450 81.57 85.43 0.00 -11.3162 2.2840 2.2840
16475 81.57 85.43 0.00 -11.3162 2.2840 2.2840
16500 81.09 84.74 0.00 -11.3205 1.8350 1.8350
16525 80.69 83.99 0.00 -9.0666 2.8415 2.8415
16550 80.69 83.99 0.00 -9.0666 2.8415 2.8415
16575 80.44 83.30 0.00 -4.2029 1.0354 1.0354
16600 80.44 82.56 0.00 2.0955 1.4785 1.4785
16625 80.44 82.56 0.00 2.0955 1.4785 1.4785
16650 80.61 81.98 0.00 4.6850 3.9583 3.9583
16675 80.80 81.54 0.00 5.4433 4.1587 4.1587
16700 80.97 81.10 0.00 5.6261 3.9701 3.9701
16725 80.97 81.10 0.00 5.6261 3.9701 3.9701
16750 81.11 80.49 0.00 1.3467 2.9824 2.9824
16775 81.01 80.13 0.00 -4.8675 0.3015 0.3015
16800 81.01 80.13 0.00 -4.8675 0.3015 0.3015
16825 80.76 79.79 0.00 -6.1310 0.2161 0.2161
16850 80.57 79.32 0.00 -3.4959 1.5848 1.5848
16875 80.57 79.32 0.00 -3.4959 1.5848 1.5848
16900 80.48 78.82 0.00 -2.2746 1.2528 1.2528
16925 80.44 78.57 0.00 0.7865 0.3591 0.3591
16950 80.57 78.20 0.00 4.8800 3.1062 3.1062
16975 80.57 78.20 0.00 4.8800 3.1062 3.1062
17000 80.82 77.85 0.00 6.2138 5.8518 5.8518
17025 81.05 77.56 0.00 5.4331 2.1590 2.1590
17050 81.05 77.56 0.00 5.4331 2.1590 2.1590
17075 81.24 77.30 0.00 4.7316 2.7761 2.7761
17100 81.45 76.93 0.00 5.6769 5.2741 5.2741
17125 81.74 76.48 0.00 8.5523 4.5907 4.5907
17150 81.74 76.48 0.00 8.5523 4.5907 4.5907
17175 82.13 76.14 0.00 10.3110 4.7111 4.7111
17200 82.57 75.65 0.00 10.7778 7.9082 7.9082
17225 82.57 75.65 0.00 10.7778 7.9082 7.9082
17250 82.99 75.21 0.00 10.0604 7.6869 7.6869
17275 83.27 75.00 0.00 4.4381 5.5477 5.5477
17300 83.27 75.00 0.00 4.4381 5.5477 5.5477
17325 83.30 74.67 0.00 -0.5088 5.8927 5.8927
17350 83.27 74.27 0.00 -1.5147 6.0994 6.0994
17375 83.23 73.91 0.00 -1.2919 3.2125 3.2125
17400 83.23 73.91 0.00 -1.2919 3.2125 3.2125
17425 83.21 73.68 0.00 0.8201 1.7897 1.7897
17450 83.28 73.38 0.00 2.4121 2.6358 2.6358
17475 83.28 73.38 0.00 2.4121 2.6358 2.6358
17500 83.30 73.15 0.00 -1.1944 3.6418 3.6418
17525 83.19 72.79 0.00 -4.2282 2.8157 2.8157
17550 83.19 72.79 0.00 -4.2282 2.8157 2.8157
17575 82.98 72.30 0.00 -5.8032 0.9992 0.9992
17600 82.67 71.51 0.00 -8.7861 -0.8312 -0.8312
17625 82.22 70.38 0.00 -12.0468 1.4712 1.4712
17650 82.22 70.38 0.00 -12.0468 1.4712 1.4712
17675 81.78 69.37 0.00 -9.8820 -2.1469 -2.1469
17700 81.47 68.82 0.00 -6.5639 -5.5928 -5.5928
17725 81.47 68.82 0.00 -6.5639 -5.5928 -5.5928
17750 81.18 68.09 0.00 -7.7403 3.9039 3.9039
17775 80.90 67.40 0.00 -7.1941 5.6922 5.6922
17800 80.90 67.40 0.00 -7.1941 5.6922 5.6922
17825 80.61 66.55 0.00 -7.4353 0.9904 0.9904
17850 80.17 65.33 0.00 -12.7960 -0.3853 -0.3853
17875 79.56 64.31 0.00 -15.9202 -4.1323 -4.1323
17900 79.56 64.31 0.00 -15.9202 -4.1323 -4.1323
17925 78.98 63.91 0.00 -13.6329 -6.0058 -6.0058
17950 78.56 63.33 0.00 -8.2172 0.9626 0.9626
17975 78.56 63.33 0.00 -8.2172 0.9626 0.9626
18000 78.45 62.97 0.00 0.4709 2.8271 2.8271
18025 78.50 62.74 0.00 -0.5261 3.0539 3.0539
18050 78.50 62.74 0.00 -0.5261 3.0539 3.0539
18075 78.39 62.35 0.00 -3.0003 4.7527 4.7527
18100 78.32 61.87 0.00 -1.2135 5.4134 5.4134
18125 78.32 61.87 0.00 -1.2135 5.4134 5.4134
18150 78.18 61.29 0.00 -5.2214 4.4374 4.4374
18175 77.94 60.59 0.00 -6.5783 5.1875 5.1875
18200 77.66 59.65 0.00 -6.7805 7.1080 7.1080
18225 77.66 59.65 0.00 -6.7805 7.1080 7.1080
18250 77.41 58.53 0.00 -5.7124 8.1415 8.1415
18275 77.24 57.60 0.00 -5.0794 9.1270 9.1270
18300 77.06 56.11 0.00 -5.0025 11.4728 11.4728
18325 77.06 56.11 0.00 -5.0025 11.4728 11.4728
18350 76.83 54.91 0.00 -6.7891 9.1716 9.1716
18375 76.44 53.71 0.00 -11.1525 5.3982 5.3982
18400 76.44 53.71 0.00 -11.1525 5.3982 5.3982
18425 75.92 52.53 0.00 -14.7726 5.3320 5.3320
18450 75.16 51.05 0.00 -21.0838 6.3286 6.3286
18475 75.16 51.05 0.00 -21.0838 6.3286 6.3286
18500 74.54 49.87 0.00 -10.0519 3.0776 3.0776
18525 74.38 49.09 0.00 -1.4313 0.4388 0.4388
18550 74.32 48.54 0.00 -1.8891 2.9820 2.9820
18575 74.32 48.54 0.00 -1.8891 2.9820 2.9820
18600 74.27 48.14 0.00 -0.4155 6.0617 6.0617
18625 74.30 47.93 0.00 1.2889 4.7436 4.7436
18650 74.30 47.93 0.00 1.2889 4.7436 4.7436
18675 74.30 47.62 0.00 -1.0761 0.3144 0.3144
18700 74.19 47.21 0.00 -4.1075 0.6509 0.6509
18725 74.19 47.21 0.00 -4.1075 0.6509 0.6509
18750 73.99 46.85 0.00 -4.9306 -0.5969 -0.5969
18775 73.80 46.55 0.00 -3.9874 0.7230 0.7230
18800 73.69 46.30 0.00 -2.1830 4.0303 4.0303
18825 73.69 46.30 0.00 -2.1830 4.0303 4.0303
18850 73.64 46.01 0.00 -0.6597 4.1633 4.1633
18875 73.64 45.79 0.00 -0.0188 1.8987 1.8987
18900 73.64 45.79 0.00 -0.0188 1.8987 1.8987
18925 73.64 45.72 0.00 -0.6238 1.2756 1.2756
18950 73.60 45.65 0.00 -1.1278 1.0394 1.0394
18975 73.60 45.65 0.00 -1.1278 1.0394 1.0394
19000 73.55 45.54 0.00 -1.0478 1.1221 1.1221
19025 73.49 45.53 0.00 -1.6730 0.6769 0.6769
19050 73.49 45.53 0.00 -1.6730 0.6769 0.6769
19075 73.42 45.47 0.00 -3.0013 1.3209 1.3209
19100 73.29 45.24 0.00 -3.1613 1.5110 1.5110
19125 73.29 45.24 0.00 -3.1613 1.5110 1.5110
19150 73.14 44.78 0.00 -3.9363 1.5625 1.5625
19175 72.96 44.22 0.00 -5.2450 1.1803 1.1803
19200 72.96 44.22 0.00 -5.2450 1.1803 1.1803
19225 72.74 43.72 0.00 -6.1141 -0.1238 -0.1238
19250 72.48 43.44 0.00 -6.0888 -0.3184 -0.3184
19275 72.28 43.19 0.00 -4.3130 0.5709 0.5709
19300 72.28 43.19 0.00 -4.3130 0.5709 0.5709
19325 72.13 42.81 0.00 -3.6479 0.4922 0.4922
19350 71.99 42.42 0.00 -3.6245 -1.1599 -1.1599
19375 71.75 42.12 0.00 -7.6943 -3.8756 -3.8756
19400 71.75 42.12 0.00 -7.6943 -3.8756 -3.8756
19425 71.37 41.78 0.00 -10.4744 -3.4509 -3.4509
19450 70.95 41.45 0.00 -10.3453 -2.1028 -2.1028
19475 70.56 41.11 0.00 -8.8204 -0.5130 -0.5130
19500 70.56 41.11 0.00 -8.8204 -0.5130 -0.5130
19525 70.29 40.69 0.00 -5.9635 0.4804 0.4804
19550 70.29 40.69 0.00 -5.9635 0.4804 0.4804
19575 70.16 40.33 0.00 -1.7780 2.0715 2.0715
19600 70.11 40.08 0.00 -1.2820 -1.4018 -1.4018
19625 70.11 40.08 0.00 -1.2820 -1.4018 -1.4018
19650 70.05 39.87 0.00 -1.3370 -1.0383 -1.0383
19675 69.98 39.69 0.00 -1.9593 -0.7347 -0.7347
19700 69.91 39.64 0.00 -2.0998 -1.5146 -1.5146
19725 69.91 39.64 0.00 -2.0998 -1.5146 -1.5146
19750 69.78 39.67 0.00 -3.4176 -1.4975 -1.4975
19775 69.67 39.66 0.00 -3.9042 -0.7322 -0.7322
19800 69.67 39.66 0.00 -3.9042 -0.7322 -0.7322
19825 69.53 39.70 0.00 -3.5129 -1.8599 -1.8599
19850 69.38 39.88 0.00 -3.7652 -3.6313 -3.6313
19875 69.20 40.19 0.00 -5.2989 -3.6557 -3.6557
19900 69.20 40.19 0.00 -5.2989 -3.6557 -3.6557
19925 68.97 40.64 0.00 -5.9758 -4.4575 -4.4575
19950 68.75 41.04 0.00 -4.8259 -3.3640 -3.3640
19975 68.53 41.45 0.00 -6.3763 -4.8437 -4.8437
20000 68.53 41.45 0.00 -6.3763 -4.8437 -4.8437
20025 68.25 41.92 0.00 -7.6512 -3.5230 -3.5230
20050 67.96 42.27 0.00 -6.9573 -2.7326 -2.7326
20075 67.96 42.27 0.00 -6.9573 -2.7326 -2.7326
20100 67.67 42.43 0.00 -7.4269 -2.2976 -2.2976
20125 67.36 42.65 0.00 -7.7423 -2.1684 -2.1684
20150 67.36 42.65 0.00 -7.7423 -2.1684 -2.1684
20175 67.09 42.76 0.00 -5.7290 -1.1625 -1.1625
20200 66.90 42.76 0.00 -4.5360 -0.5061 -0.5061
20225 66.90 42.76 0.00 -4.5360 -0.5061 -0.5061
20250 66.72 42.69 0.00 -4.8582 -1.3430 -1.3430
20275 66.48 42.71 0.00 -6.5097 -2.7743 -2.7743
20300 66.48 42.71 0.00 -6.5097 -2.7743 -2.7743
20325 66.20 42.75 0.00 -7.3660 -2.6396 -2.6396
20350 65.89 42.74 0.00 -7.7596 -1.7094 -1.7094
20375 65.89 42.74 0.00 -7.7596 -1.7094 -1.7094
20400 65.57 42.72 0.00 -8.1536 -0.9293 -0.9293
20425 65.21 42.67 0.00 -9.6125 -2.3176 -2.3176
20450 64.75 42.64 0.00 -12.1974 -6.5529 -6.5529
20475 64.75 42.64 0.00 -12.1974 -6.5529 -6.5529
20500 64.18 42.77 0.00 -16.4908 -10.6454 -10.6454
20525 63.33 43.00 0.00 -24.2848 -14.3718 -14.3718
20550 62.17 43.32 0.00 -31.5581 -18.1622 -18.1622
20575 62.17 43.32 0.00 -31.5581 -18.1622 -18.1622
20600 61.15 43.60 0.00 -34.4947 -21.7238 -21.7238
20625 59.77 44.12 0.00 -34.4793 -26.6910 -26.6910
20650 59.77 44.12 0.00 -34.4793 -26.6910 -26.6910
20675 58.40 44.97 0.00 -33.6923 -29.4428 -29.4428
20700 57.08 45.99 0.00 -32.4140 -30.2038 -30.2038
20725 57.08 45.99 0.00 -32.4140 -30.2038 -30.2038
20750 55.87 47.32 0.00 -28.3035 -26.8446 -26.8446
20775 54.82 48.88 0.00 -25.7928 -26.3729 -26.3729
20800 53.89 50.24 0.00 -20.9942 -23.1852 -23.1852
20825 53.89 50.24 0.00 -20.9942 -23.1852 -23.1852
20850 53.20 51.83 0.00 -15.5750 -21.3151 -21.3151
20875 52.65 53.07 0.00 -12.0989 -19.2508 -19.2508
20900 52.65 53.07 0.00 -12.0989 -19.2508 -19.2508
20925 52.25 53.86 0.00 -8.7154 -14.1558 -14.1558
20950 51.94 54.40 0.00 -7.5173 -12.1266 -12.1266
20975 51.94 54.40 0.00 -7.5173 -12.1266 -12.1266
21000 51.61 55.21 0.00 -9.2376 -13.3620 -13.3620
21025 51.22 56.05 0.00 -9.4981 -12.5291 -12.5291
21050 50.79 56.69 0.00 -11.7131 -12.0105 -12.0105
21075 50.79 56.69 0.00 -11.7131 -12.0105 -12.0105
21100 50.26 57.24 0.00 -14.2174 -12.3819 -12.3819
21125 49.62 57.57 0.00 -17.0547 -9.8051 -9.8051
21150 49.62 57.57 0.00 -17.0547 -9.8051 -9.8051
21175 48.87 57.59 0.00 -20.4338 -7.8939 -7.8939
21200 47.78 57.62 0.00 -30.4731 -10.1597 -10.1597
21225 46.42 57.91 0.00 -35.0740 -14.3892 -14.3892
21250 46.42 57.91 0.00 -35.0740 -14.3892 -14.3892
21275 45.39 58.37 0.00 -33.7708 -16.4936 -16.4936
21300 43.90 58.99 0.00 -26.7654 -16.5447 -16.5447
21325 43.90 58.99 0.00 -26.7654 -16.5447 -16.5447
21350 42.99 59.37 0.00 -20.5854 -9.5739 -9.5739
21375 42.46 59.71 0.00 -16.3908 -7.9098 -7.9098
21400 42.46 59.71 0.00 -16.3908 -7.9098 -7.9098
21425 41.92 60.12 0.00 -12.3746 -4.6362 -4.6362
21450 41.48 60.62 0.00 -10.4501 -7.2661 -7.2661
21475 41.11 61.26 0.00 -8.6545 -7.9456 -7.9456
21500 41.11 61.26 0.00 -8.6545 -7.9456 -7.9456
21525 40.76 61.85 0.00 -8.7322 -5.9811 -5.9811
21550 40.35 62.33 0.00 -11.0100 -5.8393 -5.8393
21575 40.35 62.33 0.00 -11.0100 -5.8393 -5.8393
21600 39.90 62.55 0.00 -11.7884 -3.4804 -3.4804
21625 39.38 62.79 0.00 -13.8727 -5.6564 -5.6564
21650 38.77 63.08 0.00 -16.4101 -8.2952 -8.2952
21675 38.77 63.08 0.00 -16.4101 -8.2952 -8.2952
21700 38.13 63.43 0.00 -14.0594 -5.5423 -5.5423
21725 37.56 64.08 0.00 -16.9144 -2.5860 -2.5860
21750 37.56 64.08 0.00 -16.9144 -2.5860 -2.5860
21775 36.67 64.87 0.00 -25.2397 -0.6126 -0.6126
21800 35.57 65.63 0.00 -28.2782 -1.3865 -1.3865
21825 35.57 65.63 0.00 -28.2782 -1.3865 -1.3865
21850 34.36 66.29 0.00 -32.0501 -6.3546 -6.3546
21875 33.01 66.87 0.00 -34.4497 -5.6756 -5.6756
21900 31.68 67.53 0.00 -32.2539 -6.4809 -6.4809
21925 31.68 67.53 0.00 -32.2539 -6.4809 -6.4809
21950 30.49 68.37 0.00 -27.8536 -8.2098 -8.2098
21975 29.47 69.48 0.00 -26.4344 -5.0484 -5.0484
22000 29.47 69.48 0.00 -26.4344 -5.0484 -5.0484
22025 28.09 70.46 0.00 -38.7591 7.8953 7.8953
22050 26.45 71.44 0.00 -41.1300 3.3413 3.3413
22075 26.45 71.44 0.00 -41.1300 3.3413 3.3413
22100 24.97 72.55 0.00 -32.6212 -5.8809 -5.8809
22125 24.01 73.68 0.00 -19.5193 -9.9069 -9.9069
22150 24.01 73.68 0.00 -19.5193 -9.9069 -9.9069
22175 23.58 74.24 0.00 -11.2571 -7.5416 -7.5416
22200 23.30 74.88 0.00 -5.5629 -6.5457 -6.5457
22225 23.11 75.18 0.00 -4.0355 -4.8368 -4.8368
22250 23.11 75.18 0.00 -4.0355 -4.8368 -4.8368
22275 22.96 75.25 0.00 -4.5375 -0.5941 -0.5941
22300 22.68 75.57 0.00 -8.4569 0.2665 0.2665
22325 22.68 75.57 0.00 -8.4569 0.2665 0.2665
22350 22.25 75.81 0.00 -12.3651 0.9917 0.9917
22375 21.76 75.81 0.00 -10.8270 1.6815 1.6815
22400 21.76 75.81 0.00 -10.8270 1.6815 1.6815
22425 21.44 75.89 0.00 -7.0196 -2.3230 -2.3230
22450 21.16 76.29 0.00 -7.4465 -4.5991 -4.5991
22475 20.81 76.74 0.00 -9.2359 -6.4579 -6.4579
22500 20.81 76.74 0.00 -9.2359 -6.4579 -6.4579
22525 20.30 76.93 0.00 -14.5424 0.7169 0.7169
22550 20.30 76.93 0.00 -14.5424 0.7169 0.7169
22575 19.64 76.94 0.00 -17.2042 1.4288 1.4288
22600 19.03 76.99 0.00 -13.1536 -2.6037 -2.6037
22625 18.60 77.35 0.00 -8.9807 -8.1065 -8.1065
22650 18.60 77.35 0.00 -8.9807 -8.1065 -8.1065
22675 18.30 78.00 0.00 -7.9081 -10.4137 -10.4137
22700 18.01 78.79 0.00 -7.1105 -6.8339 -6.8339
22725 18.01 78.79 0.00 -7.1105 -6.8339 -6.8339
22750 17.76 79.60 0.00 -4.8076 -3.3784 -3.3784
22775 17.60 80.13 0.00 -2.9134 -3.1994 -3.1994
22800 17.60 80.13 0.00 -2.9134 -3.1994 -3.1994
22825 17.51 80.14 0.00 -2.3257 -1.1992 -1.1992
22850 17.45 79.90 0.00 -0.5438 3.0559 3.0559
22875 17.53 79.84 0.00 3.9247 3.6268 3.6268
22900 17.53 79.84 0.00 3.9247 3.6268 3.6268
22925 17.70 79.88 0.00 6.2382 -0.1778 -0.1778
22950 17.89 79.96 0.00 3.0003 0.2432 0.2432
22975 17.89 79.96 0.00 3.0003 0.2432 0.2432
23000 17.87 79.91 0.00 -1.6657 2.4324 2.4324
23025 17.82 79.75 0.00 -1.5241 0.4504 0.4504
23050 17.82 79.75 0.00 -1.5241 0.4504 0.4504
23075 17.70 79.57 0.00 -4.3132 -0.6152 -0.6152
23100 17.47 79.27 0.00 -5.7146 1.6756 1.6756
23125 17.35 79.14 0.00 -0.9643 2.9443 2.9443
23150 17.35 79.14 0.00 -0.9643 2.9443 2.9443
23175 17.45 79.03 0.00 4.0931 1.3139 1.3139
23200 17.64 78.96 0.00 4.7145 0.5604 0.5604
23225 17.64 78.96 0.00 4.7145 0.5604 0.5604
23250 17.78 78.93 0.00 2.3038 -0.7148 -0.7148
23275 17.84 79.00 0.00 0.8724 -1.7264 -1.7264
23300 17.80 79.14 0.00 -1.8566 -2.2124 -2.2124
23325 17.80 79.14 0.00 -1.8566 -2.2124 -2.2124
23350 17.72 79.37 0.00 -1.8277 -5.1248 -5.1248
23375 17.68 79.73 0.00 -0.1999 -5.5294 -5.5294
23400 17.68 79.73 0.00 -0.1999 -5.5294 -5.5294
23425 17.64 79.93 0.00 -1.6790 -0.3724 -0.3724
23450 17.59 79.83 0.00 -0.9021 1.8340 1.8340
23475 17.59 79.83 0.00 -0.9021 1.8340 1.8340
23500 17.62 79.69 0.00 2.3247 1.0819 1.0819
23525 17.78 79.62 0.00 4.5501 -1.6821 -1.6821
23550 17.78 79.62 0.00 4.5501 -1.6821 -1.6821
23575 17.93 79.59 0.00 2.8431 -1.8419 -1.8419
23600 17.97 79.42 0.00 -0.0310 -0.2467 -0.2467
23625 17.97 79.42 0.00 -0.0310 -0.2467 -0.2467
23650 17.95 79.15 0.00 -0.8103 0.3305 0.3305
23675 17.93 78.99 0.00 -0.5520 0.6394 0.6394
23700 17.91 78.76 0.00 -0.0845 3.4457 3.4457
23725 17.91 78.76 0.00 -0.0845 3.4457 3.4457
23750 18.01 78.40 0.00 4.5095 3.3675 3.3675
23775 18.35 78.05 0.00 10.9006 2.9669 2.9669
23800 18.35 78.05 0.00 10.9006 2.9669 2.9669
23825 18.87 77.82 0.00 13.5713 2.1157 2.1157
23850 19.41 77.64 0.00 12.8522 1.5180 1.5180
23875 19.87 77.57 0.00 10.0560 1.9135 1.9135
23900 19.87 77.57 0.00 10.0560 1.9135 1.9135
23925 20.21 77.56 0.00 8.6613 1.4377 1.4377
23950 20.64 77.72 0.00 13.2409 -2.3846 -2.3846
23975 20.64 77.72 0.00 13.2409 -2.3846 -2.3846
24000 21.27 77.81 0.00 15.6356 5.0719 5.0719
24025 21.89 77.55 0.00 16.3794 6.6477 6.6477
24050 21.89 77.55 0.00 16.3794 6.6477 6.6477
24075 22.64 77.33 0.00 20.3897 5.9959 5.9959
24100 23.54 77.30 0.00 22.8759 2.7211 2.7211
24125 24.32 77.29 0.00 16.9059 2.4275 2.4275
24150 24.32 77.29 0.00 16.9059 2.4275 2.4275
24175 24.83 77.24 0.00 9.5809 3.3520 3.3520
24200 25.10 77.16 0.00 6.1792 4.7494 4.7494
24225 25.10 77.16 0.00 6.1792 4.7494 4.7494
24250 25.40 77.07 0.00 9.1751 1.2763 1.2763
24275 26.03 76.93 0.00 19.3762 1.5384 1.5384
24300 26.03 76.93 0.00 19.3762 1.5384 1.5384
24325 26.91 76.65 0.00 22.5125 2.5968 2.5968
24350 28.00 76.32 0.00 34.4054 2.8855 2.8855
24375 29.98 75.71 0.00 56.0933 -3.0460 -3.0460
24400 29.98 75.71 0.00 56.0933 -3.0460 -3.0460
24425 32.35 75.11 0.00 58.4315 -3.5142 -3.5142
24450 34.47 74.75 0.00 51.4383 1.7997 1.7997
24475 34.47 74.75 0.00 51.4383 1.7997 1.7997
24500 36.12 74.35 0.00 57.9668 1.6531 1.6531
24525 38.75 73.66 0.00 69.6866 4.2808 4.2808
24550 41.23 73.20 0.00 55.1784 12.2545 12.2545
24575 41.23 73.20 0.00 55.1784 12.2545 12.2545
24600 42.97 72.91 0.00 35.8274 15.3655 15.3655
24625 42.97 72.91 0.00 35.8274 15.3655 15.3655
24650 44.18 72.56 0.00 28.5179 15.5897 15.5897
24675 45.44 72.07 0.00 34.5935 10.8422 10.8422
24700 47.31 71.56 0.00 58.1987 5.6599 5.6599
24725 47.31 71.56 0.00 58.1987 5.6599 5.6599
24750 50.19 71.10 0.00 77.8301 6.2758 6.2758
24775 53.30 70.75 0.00 74.3251 13.0266 13.0266
24800 53.30 70.75 0.00 74.3251 13.0266 13.0266
24825 55.82 70.44 0.00 54.8092 19.1965 19.1965
24850 57.36 70.37 0.00 28.2742 20.4978 20.4978
24875 57.36 70.37 0.00 28.2742 20.4978 20.4978
24900 57.99 70.44 0.00 9.1523 16.3184 16.3184
24925 57.99 70.36 0.00 -4.4862 11.6984 11.6984
24950 57.61 70.10 0.00 -12.8903 6.7015 6.7015
24975 57.61 70.10 0.00 -12.8903 6.7015 6.7015
25000 57.01 69.86 0.00 -14.7947 4.4693 4.4693
25025 56.50 69.81 0.00 -11.1683 2.8105 2.8105
25050 56.10 69.74 0.00 -9.7217 1.7049 1.7049
25075 56.10 69.74 0.00 -9.7217 1.7049 1.7049
25100 55.73 69.55 0.00 -8.7989 0.8569 0.8569
25125 55.38 69.38 0.00 -9.4269 -1.0865 -1.0865
25150 55.38 69.38 0.00 -9.4269 -1.0865 -1.0865
25175 54.93 69.11 0.00 -12.6312 -1.8044 -1.8044
25200 54.38 68.81 0.00 -14.1892 -2.0879 -2.0879
25225 54.38 68.81 0.00 -14.1892 -2.0879 -2.0879
25250 53.88 68.70 0.00 -10.7111 -4.1499 -4.1499
25275 53.65 68.68 0.00 -6.5460 -3.0699 -3.0699
25300 53.49 68.59 0.00 -2.1529 -1.4591 -1.4591
25325 53.49 68.59 0.00 -2.1529 -1.4591 -1.4591
25350 53.49 68.50 0.00 1.2643 -3.0474 -3.0474
25375 53.54 68.43 0.00 0.2850 -2.0480 -2.0480
25400 53.54 68.43 0.00 0.2850 -2.0480 -2.0480
25425 53.46 68.32 0.00 -2.8921 -1.2983 -1.2983
25450 53.39 68.28 0.00 -0.7428 -0.4737 -0.4737
25475 53.39 68.28 0.00 -0.7428 -0.4737 -0.4737
25500 53.42 68.12 0.00 1.9359 2.4627 2.4627
25525 53.53 67.46 0.00 2.5260 6.1792 6.1792
25550 53.63 66.68 0.00 2.6856 8.4484 8.4484
25575 53.63 66.68 0.00 2.6856 8.4484 8.4484
25600 53.75 66.27 0.00 3.2671 5.8093 5.8093
25625 53.89 65.86 0.00 3.2362 7.7797 7.7797
25650 53.89 65.86 0.00 3.2362 7.7797 7.7797
25675 54.00 65.06 0.00 2.6751 8.9071 8.9071
25700 54.10 64.20 0.00 2.0897 6.9194 6.9194
25725 54.10 64.20 0.00 2.0897 6.9194 6.9194
25750 54.19 63.44 0.00 2.8850 5.9046 5.9046
25775 54.35 62.91 0.00 4.0404 5.2361 5.2361
25800 54.54 62.59 0.00 5.4260 3.5951 3.5951
25825 54.54 62.59 0.00 5.4260 3.5951 3.5951
25850 54.84 62.43 0.00 9.1204 3.4126 3.4126
25875 55.15 62.45 0.00 11.0402 2.8684 2.8684
25900 55.15 62.45 0.00 11.0402 2.8684 2.8684
25925 55.66 62.54 0.00 13.7274 3.7294 3.7294
25950 56.27 62.39 0.00 16.6478 5.0389 5.0389
25975 56.27 62.39 0.00 16.6478 5.0389 5.0389
26000 56.98 62.13 0.00 17.6664 4.2059 4.2059
26025 57.62 62.11 0.00 15.5265 2.0735 2.0735
26050 57.62 62.11 0.00 15.5265 2.0735 2.0735
26075 58.34 62.30 0.00 19.0314 1.1628 1.1628
26100 59.14 62.45 0.00 20.4020 1.3603 1.3603
26125 59.89 62.65 0.00 16.9470 2.8830 2.8830
26150 59.89 62.65 0.00 16.9470 2.8830 2.8830
26175 60.42 62.66 0.00 10.5118 5.3775 5.3775
26200 60.70 62.52 0.00 5.3309 7.2200 7.2200
26225 60.83 62.35 0.00 1.1561 4.6910 4.6910
26250 60.83 62.35 0.00 1.1561 4.6910 4.6910
26275 60.81 62.29 0.00 -0.9860 0.7822 0.7822
26300 60.78 62.29 0.00 -0.8780 0.9277 0.9277
26325 60.78 62.29 0.00 -0.8780 0.9277 0.9277
26350 60.76 62.20 0.00 0.3054 1.9372 1.9372
26375 60.81 61.81 0.00 2.1865 3.5423 3.5423
26400 60.81 61.81 0.00 2.1865 3.5423 3.5423
26425 60.92 61.01 0.00 3.3685 8.1301 8.1301
26450 61.06 59.38 0.00 3.2814 12.5138 12.5138
26475 61.18 57.85 0.00 3.1321 8.9415 8.9415
26500 61.18 57.85 0.00 3.1321 8.9415 8.9415
26525 61.32 57.33 0.00 3.8639 2.1173 2.1173
26550 61.55 57.60 0.00 7.9860 -1.2065 -1.2065
26575 61.55 57.60 0.00 7.9860 -1.2065 -1.2065
26600 61.98 57.75 0.00 10.6753 -1.6166 -1.6166
26625 62.35 58.00 0.00 8.6994 -1.1690 -1.1690
26650 62.35 58.00 0.00 8.6994 -1.1690 -1.1690
26675 62.65 58.30 0.00 7.2074 -2.4577 -2.4577
26700 62.99 58.57 0.00 9.5917 0.0586 0.0586
26725 62.99 58.57 0.00 9.5917 0.0586 0.0586
26750 63.72 58.33 0.00 24.1942 3.5331 3.5331
26775 64.95 57.92 0.00 33.5039 4.3407 4.3407
26800 65.86 57.77 0.00 27.7353 3.2863 3.2863
26825 65.86 57.77 0.00 27.7353 3.2863 3.2863
26850 66.72 57.65 0.00 17.8386 8.8116 8.8116
26875 67.34 57.11 0.00 14.1977 8.1163 8.1163
26900 67.34 57.11 0.00 14.1977 8.1163 8.1163
26925 67.72 56.62 0.00 6.1374 4.1545 4.1545
26950 67.85 56.31 0.00 1.5236 3.0133 3.0133
26975 67.85 56.31 0.00 1.5236 3.0133 3.0133
27000 67.88 56.03 0.00 1.4287 5.2469 5.2469
27025 68.25 55.77 0.00 16.9858 5.1757 5.1757
27050 69.15 55.51 0.00 22.9498 2.5951 2.5951
27075 69.15 55.51 0.00 22.9498 2.5951 2.5951
27100 69.75 55.48 0.00 9.1810 2.9589 2.9589
27125 69.76 55.59 0.00 -5.3246 2.7221 2.7221
27150 69.76 55.59 0.00 -5.3246 2.7221 2.7221
27175 69.28 55.14 0.00 -15.8770 4.5217 4.5217
27200 68.71 54.53 0.00 -11.5196 4.3092 4.3092
27225 68.55 53.96 0.00 1.9529 3.7338 3.7338
27250 68.55 53.96 0.00 1.9529 3.7338 3.7338
27275 69.02 53.21 0.00 16.7100 5.5199 5.5199
27300 69.69 52.56 0.00 15.5683 1.6773 1.6773
27325 69.69 52.56 0.00 15.5683 1.6773 1.6773
27350 70.18 52.08 0.00 9.3464 1.9623 1.9623
27375 70.29 51.72 0.00 -0.5504 -0.5949 -0.5949
27400 70.29 51.72 0.00 -0.5504 -0.5949 -0.5949
27425 70.22 51.38 0.00 -2.5034 3.8098 3.8098
27450 70.09 50.99 0.00 -2.7064 4.8260 4.8260
27475 70.05 50.56 0.00 0.3457 5.2652 5.2652
27500 70.05 50.56 0.00 0.3457 5.2652 5.2652
27525 70.18 50.28 0.00 6.6486 5.5083 5.5083
27550 70.47 50.17 0.00 5.0354 -0.9079 -0.9079
27575 70.47 50.17 0.00 5.0354 -0.9079 -0.9079
27600 70.44 50.21 0.00 -5.2359 -3.5475 -3.5475
27625 70.11 50.12 0.00 -8.0254 0.0601 0.0601
27650 70.11 50.12 0.00 -8.0254 0.0601 0.0601
27675 69.89 50.05 0.00 -3.8601 -0.7764 -0.7764
27700 69.93 49.23 0.00 4.4499 9.6798 9.6798
27725 70.18 47.43 0.00 6.6797 13.0404 13.0404
27750 70.18 47.43 0.00 6.6797 13.0404 13.0404
27775 70.35 45.91 0.00 1.5913 5.9247 5.9247
27800 70.29 45.11 0.00 -2.5292 3.4617 3.4617
27825 70.29 45.11 0.00 -2.5292 3.4617 3.4617
27850 70.07 44.49 0.00 -7.8275 4.1023 4.1023
27875 70.07 44.49 0.00 -7.8275 4.1023 4.1023
27900 69.66 43.90 0.00 -11.7200 0.6606 0.6606
27925 69.18 43.52 0.00 -11.8992 -3.3232 -3.3232
27950 68.70 43.42 0.00 -12.0790 -4.9775 -4.9775
27975 68.70 43.42 0.00 -12.0790 -4.9775 -4.9775
28000 68.32 43.38 0.00 -7.6508 -1.5718 -1.5718
28025 68.10 43.35 0.00 -3.8424 -2.3575 -2.3575
28050 67.97 43.42 0.00 -2.8181 -0.5711 -0.5711
28075 67.97 43.42 0.00 -2.8181 -0.5711 -0.5711
28100 67.87 43.39 0.00 -2.6546 0.2472 0.2472
28125 67.74 43.28 0.00 -4.4090 -0.9597 -0.9597
28150 67.74 43.28 0.00 -4.4090 -0.9597 -0.9597
28175 67.38 43.24 0.00 -10.6215 -0.8754 -0.8754
28200 66.95 43.37 0.00 -10.6037 -0.5118 -0.5118
28225 66.95 43.37 0.00 -10.6037 -0.5118 -0.5118
28250 66.57 43.55 0.00 -8.7269 0.2695 0.2695
28275 66.36 43.62 0.00 -7.0536 1.2649 1.2649
28300 66.36 43.62 0.00 -7.0536 1.2649 1.2649
28325 66.14 43.68 0.00 -4.2754 1.5564 1.5564
28350 66.00 43.70 0.00 -3.1737 -1.1435 -1.1435
28375 65.86 43.55 0.00 -3.7112 -2.6745 -2.6745
28400 65.86 43.55 0.00 -3.7112 -2.6745 -2.6745
28425 65.70 43.41 0.00 -3.9758 -1.2494 -1.2494
28450 65.41 43.42 0.00 -10.3881 -0.0772 -0.0772
28475 65.41 43.42 0.00 -10.3881 -0.0772 -0.0772
28500 64.86 43.12 0.00 -15.5578 0.7858 0.7858
28525 64.21 42.70 0.00 -16.2764 -2.5123 -2.5123
28550 64.21 42.70 0.00 -16.2764 -2.5123 -2.5123
28575 63.64 42.32 0.00 -11.5571 -4.0619 -4.0619
28600 63.47 41.58 0.00 -0.1519 -0.7334 -0.7334
28625 63.47 40.99 0.00 -1.4612 2.9101 2.9101
28650 63.47 40.99 0.00 -1.4612 2.9101 2.9101
28675 63.29 40.64 0.00 -6.3100 4.1059 4.1059
28700 62.93 40.41 0.00 -11.7337 2.5747 2.5747
28725 62.93 40.41 0.00 -11.7337 2.5747 2.5747
28750 62.14 39.55 0.00 -23.8109 1.7211 1.7211
28775 61.16 38.41 0.00 -22.9358 3.4193 3.4193
28800 61.16 38.41 0.00 -22.9358 3.4193 3.4193
28825 60.40 37.22 0.00 -17.3241 0.5191 0.5191
28850 59.79 36.02 0.00 -12.9874 2.0937 2.0937
28875 59.79 36.02 0.00 -12.9874 2.0937 2.0937
28900 59.49 34.73 0.00 -3.5682 7.2710 7.2710
28925 59.49 33.71 0.00 0.3591 6.1090 6.1090
28950 59.42 32.99 0.00 -2.4359 6.1660 6.1660
28975 59.42 32.99 0.00 -2.4359 6.1660 6.1660
29000 59.29 32.52 0.00 -4.2908 2.9781 2.9781
29025 59.01 32.14 0.00 -8.1863 -1.1504 -1.1504
29050 58.70 31.66 0.00 -6.5758 1.9628 1.9628
29075 58.70 31.66 0.00 -6.5758 1.9628 1.9628
29100 58.50 31.15 0.00 -5.1144 1.8032 1.8032
29125 58.31 30.87 0.00 -6.4624 0.2518 0.2518
29150 58.31 30.87 0.00 -6.4624 0.2518 0.2518
29175 58.06 30.74 0.00 -5.8763 0.6150 0.6150
29200 57.87 30.80 0.00 -4.2102 -1.9072 -1.9072
29225 57.87 30.80 0.00 -4.2102 -1.9072 -1.9072
29250 57.75 30.95 0.00 -1.9953 -3.0149 -3.0149
29275 57.69 31.06 0.00 -1.7411 -2.8941 -2.8941
29300 57.69 31.06 0.00 -1.7411 -2.8941 -2.8941
29325 57.55 30.91 0.00 -4.3752 -1.2257 -1.2257
29350 57.36 30.66 0.00 -5.4586 -1.2629 -1.2629
29375 57.36 30.66 0.00 -5.4586 -1.2629 -1.2629
29400 57.15 30.67 0.00 -4.6498 -3.6306 -3.6306
29425 57.03 30.98 0.00 -1.8555 -3.3980 -3.3980
29450 56.98 31.36 0.00 -1.5200 -2.6239 -2.6239
29475 56.98 31.36 0.00 -1.5200 -2.6239 -2.6239
29500 56.89 31.50 0.00 -2.1231 -1.6439 -1.6439
29525 56.76 31.43 0.00 -3.9665 -1.2453 -1.2453
29550 56.76 31.43 0.00 -3.9665 -1.2453 -1.2453
29575 56.61 31.34 0.00 -3.7753 -0.7037 -0.7037
29600 56.45 31.35 0.00 -4.5108 -1.2813 -1.2813
29625 56.22 31.19 0.00 -5.9469 -1.2838 -1.2838
29650 56.22 31.19 0.00 -5.9469 -1.2838 -1.2838
29675 56.01 30.99 0.00 -4.9860 -0.1916 -0.1916
29700 55.82 30.92 0.00 -4.9422 -1.2517 -1.2517
29725 55.82 30.92 0.00 -4.9422 -1.2517 -1.2517
29750 55.57 31.07 0.00 -6.5191 -2.2251 -2.2251
29775 55.28 31.20 0.00 -8.1742 -2.2671 -2.2671
29800 55.28 31.20 0.00 -8.1742 -2.2671 -2.2671
29825 54.96 31.09 0.00 -6.9922 0.2378 0.2378
29850 54.75 30.97 0.00 -4.7535 1.2777 1.2777
29875 54.51 30.86 0.00 -10.8913 1.1408 1.1408
29900 54.51 30.86 0.00 -10.8913 1.1408 1.1408
29925 53.93 30.63 0.00 -15.3712 3.7437 3.7437
29950 53.33 30.49 0.00 -14.1485 3.8567 3.8567
29975 53.33 30.49 0.00 -14.1485 3.8567 3.8567
30000 52.86 30.47 0.00 -10.6439 -1.9899 -1.9899
30025 52.51 30.53 0.00 -7.3169 -0.8046 -0.8046
30050 52.23 30.60 0.00 -7.6007 -0.4226 -0.4226
30075 52.23 30.60 0.00 -7.6007 -0.4226 -0.4226
30100 51.87 30.62 0.00 -9.5931 -0.1086 -0.1086
30125 51.52 30.75 0.00 -8.1225 0.2340 0.2340
30150 51.52 30.75 0.00 -8.1225 0.2340 0.2340
30175 51.26 30.66 0.00 -5.3576 2.0076 2.0076
30200 51.12 30.53 0.00 -2.7618 -0.9393 -0.9393
30225 51.12 30.53 0.00 -2.7618 -0.9393 -0.9393
30250 51.05 30.42 0.00 -1.1363 -1.3191 -1.3191
30275 51.01 30.26 0.00 -0.6897 0.9681 0.9681
30300 50.98 30.13 0.00 -0.7928 -0.6242 -0.6242
30325 50.98 30.13 0.00 -0.7928 -0.6242 -0.6242
30350 50.91 30.10 0.00 -2.1855 -0.4679 -0.4679
30375 50.84 30.13 0.00 -1.5817 0.8498 0.8498
30400 50.84 30.13 0.00 -1.5817 0.8498 0.8498
30425 50.80 30.19 0.00 -0.2479 -0.5022 -0.5022
30450 50.84 30.17 0.00 1.8519 1.6167 1.6167
30475 50.84 30.17 0.00 1.8519 1.6167 1.6167
30500 50.91 30.15 0.00 1.1302 0.4165 0.4165
30525 50.94 30.08 0.00 0.8783 2.8168 2.8168
30550 50.96 30.01 0.00 -0.6375 -0.0006 -0.0006
30575 50.96 30.01 0.00 -0.6375 -0.0006 -0.0006
30600 50.87 30.01 0.00 -2.4429 -1.4058 -1.4058
30625 50.70 30.08 0.00 -6.0620 -1.1368 -1.1368
30650 50.70 30.08 0.00 -6.0620 -1.1368 -1.1368
30675 50.38 30.26 0.00 -8.4583 -0.9431 -0.9431
30700 50.07 30.82 0.00 -7.4379 -2.9789 -2.9789
30725 49.88 31.51 0.00 -5.7517 -7.8688 -7.8688
30750 49.88 31.51 0.00 -5.7517 -7.8688 -7.8688
30775 49.62 32.25 0.00 -6.8549 -5.7245 -5.7245
30800 49.37 32.49 0.00 -5.0664 -2.4589 -2.4589
30825 49.37 32.49 0.00 -5.0664 -2.4589 -2.4589
30850 49.25 32.59 0.00 -1.7372 -2.9343 -2.9343
30875 49.21 32.67 0.00 -0.5069 -1.5609 -1.5609
30900 49.21 32.67 0.00 -0.5069 -1.5609 -1.5609
30925 49.23 32.97 0.00 0.2534 -1.7639 -1.7639
30950 49.18 33.72 0.00 -1.7493 -4.0117 -4.0117
30975 49.11 34.60 0.00 -1.7381 -3.2864 -3.2864
31000 49.11 34.60 0.00 -1.7381 -3.2864 -3.2864
31025 49.06 35.10 0.00 -0.9026 -1.0745 -1.0745
31050 49.04 35.26 0.00 -0.7750 -1.1775 -1.1775
31075 49.04 35.26 0.00 -0.7750 -1.1775 -1.1775
31100 48.99 35.33 0.00 -2.0194 -1.0864 -1.0864
31125 48.92 35.33 0.00 -1.1695 0.6938 0.6938
31150 48.92 35.33 0.00 -1.1695 0.6938 0.6938
31175 48.83 35.35 0.00 -2.5307 -0.2142 -0.2142
31200 48.73 35.51 0.00 -2.4819 -0.2968 -0.2968
31225 48.73 35.51 0.00 -2.4819 -0.2968 -0.2968
31250 48.66 35.94 0.00 -1.5330 -1.6383 -1.6383
31275 48.59 36.49 0.00 -1.9993 -1.7118 -1.7118
31300 48.48 36.85 0.00 -3.0343 -0.0479 -0.0479
31325 48.48 36.85 0.00 -3.0343 -0.0479 -0.0479
31350 48.31 36.72 0.00 -5.0400 1.8491 1.8491
31375 48.13 36.63 0.00 -3.8046 -0.8818 -0.8818
31400 48.13 36.63 0.00 -3.8046 -0.8818 -0.8818
31425 48.06 36.83 0.00 -0.2769 -3.3835 -3.3835
31450 48.06 36.83 0.00 -0.2769 -3.3835 -3.3835
31475 48.11 37.31 0.00 2.2476 -4.4716 -4.4716
31500 48.24 37.88 0.00 2.9233 -3.9834 -3.9834
31525 48.32 38.23 0.00 2.9352 -2.1280 -2.1280
31550 48.32 38.23 0.00 2.9352 -2.1280 -2.1280
31575 48.41 38.62 0.00 1.7327 -2.3223 -2.3223
31600 48.45 39.08 0.00 0.3647 -2.2237 -2.2237
31625 48.45 39.50 0.00 -0.5080 -1.9281 -1.9281
31650 48.45 39.50 0.00 -0.5080 -1.9281 -1.9281
31675 48.41 39.79 0.00 -0.9404 -2.5959 -2.5959
31700 48.38 40.19 0.00 -0.5861 -2.3014 -2.3014
31725 48.38 40.19 0.00 -0.5861 -2.3014 -2.3014
31750 48.41 40.98 0.00 0.8916 -2.6891 -2.6891
31775 48.38 41.93 0.00 -1.6861 -1.0412 -1.0412
31800 48.38 41.93 0.00 -1.6861 -1.0412 -1.0412
31825 48.29 42.78 0.00 -2.5690 0.6820 0.6820
31850 48.18 43.51 0.00 -1.8859 -2.0580 -2.0580
31875 48.13 44.41 0.00 -1.4956 -8.4791 -8.4791
31900 48.13 44.41 0.00 -1.4956 -8.4791 -8.4791
31925 48.06 45.65 0.00 -1.4623 -9.2856 -9.2856
