%#        Time[ms]        X[pixel],        Y[pixel],        Z[pixel],  dX/dt[pixel/s],  dY/dt[pixel/s],  dZ/dt[pixel/s] 
0 50.00 50.00 0.00 -0.3871 0.5141 0.5141
25 49.97 50.00 0.00 -0.6152 1.6791 1.6791
50 49.98 49.97 0.00 0.6795 2.7701 2.7701
75 49.98 49.97 0.00 0.6795 2.7701 2.7701
100 50.03 49.86 0.00 1.8668 3.2211 3.2211
125 50.12 49.81 0.00 2.0822 2.7780 2.7780
150 50.16 49.91 0.00 0.1573 2.4415 2.4415
175 50.16 49.91 0.00 0.1573 2.4415 2.4415
200 50.12 49.93 0.00 -0.7559 1.6106 1.6106
225 50.12 49.91 0.00 0.5540 2.5430 2.5430
250 50.12 49.91 0.00 0.5540 2.5430 2.5430
275 50.17 49.90 0.00 1.9202 0.5019 0.5019
300 50.17 49.90 0.00 1.9202 0.5019 0.5019
325 50.26 49.81 0.00 1.9598 1.7347 1.7347
350 50.35 49.74 0.00 2.2964 2.4154 2.4154
375 50.42 49.65 0.00 2.7179 2.1715 2.1715
400 50.52 49.62 0.00 1.9550 1.6000 1.6000
425 50.52 49.62 0.00 1.9550 1.6000 1.6000
450 50.52 49.58 0.00 -1.3272 -0.4302 -0.4302
475 50.42 49.49 0.00 -2.2948 1.0124 1.0124
500 50.42 49.49 0.00 -2.2948 1.0124 1.0124
525 50.44 49.56 0.00 2.6730 0.7270 0.7270
550 50.68 50.14 0.00 7.6507 0.4258 0.4258
575 50.99 50.93 0.00 8.0407 0.7513 0.7513
600 50.99 50.93 0.00 8.0407 0.7513 0.7513
625 51.29 51.66 0.00 7.0322 1.1733 1.1733
650 51.57 52.40 0.00 6.4630 -1.5390 -1.5390
675 51.57 52.40 0.00 6.4630 -1.5390 -1.5390
700 51.76 52.94 0.00 3.2798 -0.1057 -0.1057
725 51.83 53.33 0.00 0.8789 -0.0943 -0.0943
750 51.83 53.68 0.00 0.1983 -1.6189 -1.6189
775 51.83 53.68 0.00 0.1983 -1.6189 -1.6189
800 51.89 54.12 0.00 2.2806 -2.2384 -2.2384
825 52.01 54.65 0.00 3.3845 -0.9579 -0.9579
850 52.01 54.65 0.00 3.3845 -0.9579 -0.9579
875 52.13 55.16 0.00 3.0381 -0.6890 -0.6890
900 52.20 55.57 0.00 0.7276 -2.3964 -2.3964
925 52.20 55.57 0.00 0.7276 -2.3964 -2.3964
950 52.18 55.85 0.00 -1.1034 -1.0315 -1.0315
975 52.18 55.85 0.00 -1.1034 -1.0315 -1.0315
1000 52.15 56.08 0.00 -0.6487 -1.4075 -1.4075
1025 52.15 56.50 0.00 1.0035 -1.5766 -1.5766
1050 52.15 56.50 0.00 1.0035 -1.5766 -1.5766
1075 52.27 56.98 0.00 3.5054 -2.7533 -2.7533
1100 52.39 57.33 0.00 4.3017 -2.5199 -2.5199
1125 52.57 57.65 0.00 4.3164 -0.6230 -0.6230
1150 52.71 57.88 0.00 2.9582 -0.8280 -0.8280
1175 52.71 57.88 0.00 2.9582 -0.8280 -0.8280
1200 52.79 58.15 0.00 1.7654 -1.7393 -1.7393
1225 52.85 58.52 0.00 1.0241 -2.0223 -2.0223
1250 52.85 58.52 0.00 1.0241 -2.0223 -2.0223
1275 52.88 58.93 0.00 1.0916 -2.4215 -2.4215
1300 52.95 59.32 0.00 2.4686 -0.5758 -0.5758
1325 52.95 59.32 0.00 2.4686 -0.5758 -0.5758
1350 53.09 59.72 0.00 3.8336 -0.7746 -0.7746
1375 53.25 60.15 0.00 4.1948 -0.8663 -0.8663
1400 53.44 60.68 0.00 4.9643 -2.3363 -2.3363
1425 53.44 60.68 0.00 4.9643 -2.3363 -2.3363
1450 53.61 61.35 0.00 4.4415 -3.5338 -3.5338
1475 53.75 61.79 0.00 3.0487 -1.7452 -1.7452
1500 53.75 61.79 0.00 3.0487 -1.7452 -1.7452
1525 53.88 62.05 0.00 2.6356 -0.8800 -0.8800
1550 53.96 62.37 0.00 1.8745 -1.4495 -1.4495
1575 54.05 62.82 0.00 3.2492 0.6284 0.6284
1600 54.05 62.82 0.00 3.2492 0.6284 0.6284
1625 54.30 63.33 0.00 8.1166 4.0017 4.0017
1650 54.73 63.84 0.00 12.5777 4.3992 4.3992
1675 54.73 63.84 0.00 12.5777 4.3992 4.3992
1700 55.24 64.47 0.00 12.0242 0.6276 0.6276
1725 55.66 65.22 0.00 9.4902 -0.0805 -0.0805
1750 55.66 65.22 0.00 9.4902 -0.0805 -0.0805
1775 55.98 65.64 0.00 6.9954 1.0918 1.0918
1800 56.22 65.83 0.00 5.9715 -0.9652 -0.9652
1825 56.54 66.09 0.00 8.7433 -2.0198 -2.0198
1850 56.54 66.09 0.00 8.7433 -2.0198 -2.0198
1875 56.92 66.26 0.00 9.3912 2.1734 2.1734
1900 56.92 66.26 0.00 9.3912 2.1734 2.1734
1925 57.17 66.32 0.00 8.4366 2.8008 2.8008
1950 57.54 66.32 0.00 9.1055 3.6803 3.6803
1975 57.92 66.44 0.00 9.7210 2.6181 2.6181
2000 57.92 66.44 0.00 9.7210 2.6181 2.6181
2025 58.29 66.66 0.00 8.8756 0.5500 0.5500
2050 58.64 66.87 0.00 9.5228 -0.8966 -0.8966
2075 58.64 66.87 0.00 9.5228 -0.8966 -0.8966
2100 59.08 66.82 0.00 12.2785 0.9542 0.9542
2125 59.56 66.69 0.00 11.0865 2.8401 2.8401
2150 59.91 66.64 0.00 6.6692 2.3398 2.3398
2175 59.91 66.64 0.00 6.6692 2.3398 2.3398
2200 60.09 66.70 0.00 3.4914 1.8234 1.8234
2225 60.18 66.77 0.00 1.3790 1.4895 1.4895
2250 60.18 66.77 0.00 1.3790 1.4895 1.4895
2275 60.18 66.81 0.00 -0.7845 1.9144 1.9144
2300 60.10 66.81 0.00 -2.4152 0.0812 0.0812
2325 59.98 66.75 0.00 -3.3245 0.9665 0.9665
2350 59.98 66.75 0.00 -3.3245 0.9665 0.9665
2375 59.86 66.68 0.00 -3.2387 0.7394 0.7394
2400 59.75 66.56 0.00 -2.7743 -0.1969 -0.1969
2425 59.75 66.56 0.00 -2.7743 -0.1969 -0.1969
2450 59.51 66.47 0.00 -7.9406 -3.1838 -3.1838
2475 59.08 66.40 0.00 -12.0974 -8.1044 -8.1044
2500 59.08 66.40 0.00 -12.0974 -8.1044 -8.1044
2525 58.57 66.50 0.00 -12.3781 -7.7613 -7.7613
2550 58.17 66.84 0.00 -8.5696 -3.0700 -3.0700
2575 58.17 66.84 0.00 -8.5696 -3.0700 -3.0700
2600 57.87 67.44 0.00 -7.0470 -0.8981 -0.8981
2625 57.62 67.90 0.00 -4.8332 -2.8391 -2.8391
2650 57.62 67.90 0.00 -4.8332 -2.8391 -2.8391
2675 57.62 68.16 0.00 2.7977 -2.9313 -2.9313
2700 57.80 68.33 0.00 7.5116 0.4491 0.4491
2725 58.19 68.61 0.00 10.4004 3.2326 3.2326
2750 58.63 69.14 0.00 11.4389 1.8528 1.8528
2775 58.63 69.14 0.00 11.4389 1.8528 1.8528
2800 59.07 69.76 0.00 10.7783 2.6747 2.6747
2825 59.45 70.38 0.00 8.3029 1.9615 1.9615
2850 59.45 70.38 0.00 8.3029 1.9615 1.9615
2875 59.72 70.72 0.00 5.5589 1.0430 1.0430
2900 59.91 70.86 0.00 4.3337 -2.3916 -2.3916
2925 59.91 70.86 0.00 4.3337 -2.3916 -2.3916
2950 59.98 70.91 0.00 0.1308 0.3672 0.3672
2975 59.93 70.84 0.00 -1.7497 3.5428 3.5428
3000 59.93 70.84 0.00 -1.7497 3.5428 3.5428
3025 59.89 70.93 0.00 -0.5322 1.3797 1.3797
3050 59.88 70.97 0.00 0.1109 0.7799 0.7799
3075 59.88 70.99 0.00 -0.7761 0.1081 0.1081
3100 59.88 70.99 0.00 -0.7761 0.1081 0.1081
3125 59.79 70.98 0.00 -3.2475 1.0431 1.0431
3150 59.79 70.98 0.00 -3.2475 1.0431 1.0431
3175 59.65 70.76 0.00 -3.2295 1.6188 1.6188
3200 59.54 70.53 0.00 -2.6108 -0.0742 -0.0742
3225 59.40 70.28 0.00 -3.8372 -1.8774 -1.8774
3250 59.40 70.28 0.00 -3.8372 -1.8774 -1.8774
3275 59.24 70.04 0.00 -4.3483 -2.5958 -2.5958
3300 59.03 69.81 0.00 -5.7383 -1.8055 -1.8055
3325 58.78 69.66 0.00 -6.2501 -1.2542 -1.2542
3350 58.78 69.66 0.00 -6.2501 -1.2542 -1.2542
3375 58.56 69.62 0.00 -5.6697 -4.0906 -4.0906
3400 58.31 69.54 0.00 -6.0208 -3.6298 -3.6298
3425 58.31 69.54 0.00 -6.0208 -3.6298 -3.6298
3450 58.05 69.42 0.00 -7.8616 -3.3681 -3.3681
3475 57.64 69.21 0.00 -10.9353 -4.0781 -4.0781
3500 57.29 69.05 0.00 -11.8510 -3.7918 -3.7918
3525 57.29 69.05 0.00 -11.8510 -3.7918 -3.7918
3550 56.83 68.84 0.00 -10.7488 -5.1806 -5.1806
3575 56.48 68.58 0.00 -7.6833 -3.9889 -3.9889
3600 56.48 68.58 0.00 -7.6833 -3.9889 -3.9889
3625 56.22 68.36 0.00 -7.0050 -2.8152 -2.8152
3650 56.22 68.36 0.00 -7.0050 -2.8152 -2.8152
3675 55.84 68.07 0.00 -11.4176 -0.5364 -0.5364
3700 55.31 67.79 0.00 -13.4943 -1.6678 -1.6678
3725 54.68 67.49 0.00 -17.5762 -0.7708 -0.7708
3750 53.91 67.21 0.00 -19.2395 -1.1249 -1.1249
3775 53.91 67.21 0.00 -19.2395 -1.1249 -1.1249
3800 53.20 67.17 0.00 -16.8088 -3.2833 -3.2833
3825 52.62 67.24 0.00 -12.7526 -4.1471 -4.1471
3850 52.62 67.24 0.00 -12.7526 -4.1471 -4.1471
3875 52.20 67.45 0.00 -9.3267 -6.4498 -6.4498
3900 51.78 67.80 0.00 -11.7657 -5.4696 -5.4696
3925 51.78 67.80 0.00 -11.7657 -5.4696 -5.4696
3950 51.22 68.11 0.00 -15.4759 -6.1821 -6.1821
3975 50.56 68.40 0.00 -17.0133 -8.2796 -8.2796
4000 49.93 68.86 0.00 -14.5231 -11.5556 -11.5556
4025 49.93 68.86 0.00 -14.5231 -11.5556 -11.5556
4050 49.48 69.42 0.00 -9.3824 -10.8549 -10.8549
4075 49.18 70.10 0.00 -6.9326 -9.3864 -9.3864
4100 49.18 70.10 0.00 -6.9326 -9.3864 -9.3864
4125 48.92 70.83 0.00 -6.1193 -8.4975 -8.4975
4150 48.71 71.31 0.00 -5.2212 -5.1666 -5.1666
4175 48.71 71.31 0.00 -5.2212 -5.1666 -5.1666
4200 48.48 71.63 0.00 -5.8946 -4.1567 -4.1567
4225 48.20 71.72 0.00 -7.8549 -3.6965 -3.6965
4250 47.94 71.82 0.00 -9.3486 -5.4881 -5.4881
4275 47.94 71.82 0.00 -9.3486 -5.4881 -5.4881
4300 47.43 72.08 0.00 -14.6736 -2.7477 -2.7477
4325 46.79 72.46 0.00 -16.6049 -4.0429 -4.0429
4350 46.79 72.46 0.00 -16.6049 -4.0429 -4.0429
4375 46.16 72.92 0.00 -15.1716 -6.4083 -6.4083
4400 45.55 73.24 0.00 -16.5929 -3.3467 -3.3467
4425 45.55 73.24 0.00 -16.5929 -3.3467 -3.3467
4450 44.67 73.41 0.00 -24.9963 1.6267 1.6267
4475 43.66 73.63 0.00 -24.6917 -1.0572 -1.0572
4500 43.66 73.63 0.00 -24.6917 -1.0572 -1.0572
4525 42.76 73.72 0.00 -20.3079 -2.8703 -2.8703
4550 42.11 73.55 0.00 -14.3249 -6.2127 -6.2127
4575 41.50 73.45 0.00 -15.4875 -3.6038 -3.6038
4600 41.50 73.45 0.00 -15.4875 -3.6038 -3.6038
4625 40.92 73.58 0.00 -13.4825 -4.7236 -4.7236
4650 40.49 73.85 0.00 -8.8552 -8.8043 -8.8043
4675 40.04 74.09 0.00 -13.9754 -6.5697 -6.5697
4700 40.04 74.09 0.00 -13.9754 -6.5697 -6.5697
4725 39.35 74.38 0.00 -19.3594 -12.3546 -12.3546
4750 38.48 74.50 0.00 -22.9627 -15.2523 -15.2523
4775 38.48 74.50 0.00 -22.9627 -15.2523 -15.2523
4800 37.65 74.23 0.00 -19.7317 -14.5287 -14.5287
4825 36.96 73.97 0.00 -15.3143 -8.7530 -8.7530
4850 36.96 73.97 0.00 -15.3143 -8.7530 -8.7530
4875 36.30 74.12 0.00 -17.8199 -11.8116 -11.8116
4900 35.57 74.51 0.00 -17.9180 -19.3077 -19.3077
4925 35.57 74.51 0.00 -17.9180 -19.3077 -19.3077
4950 34.97 74.85 0.00 -21.4834 -20.4053 -20.4053
4975 34.02 75.25 0.00 -25.3243 -20.5063 -20.5063
5000 33.01 75.61 0.00 -24.2714 -21.0079 -21.0079
5025 33.01 75.61 0.00 -24.2714 -21.0079 -21.0079
5050 32.13 75.71 0.00 -20.0570 -21.9182 -21.9182
5075 31.41 75.96 0.00 -18.2501 -23.2432 -23.2432
5100 31.41 75.96 0.00 -18.2501 -23.2432 -23.2432
5125 30.58 76.46 0.00 -21.4781 -21.6908 -21.6908
5150 29.80 77.17 0.00 -17.8723 -23.7370 -23.7370
5175 29.80 77.17 0.00 -17.8723 -23.7370 -23.7370
5200 29.11 77.74 0.00 -17.6227 -14.7398 -14.7398
5225 28.51 77.96 0.00 -13.0930 -15.2309 -15.2309
5250 28.12 78.26 0.00 -7.4734 -19.2260 -19.2260
5275 28.12 78.26 0.00 -7.4734 -19.2260 -19.2260
5300 27.92 79.12 0.00 -4.2119 -19.7648 -19.7648
5325 27.78 79.93 0.00 -2.7669 -14.1760 -14.1760
5350 27.59 80.42 0.00 -6.6056 -14.7277 -14.7277
5375 27.59 80.42 0.00 -6.6056 -14.7277 -14.7277
5400 27.23 80.61 0.00 -10.4462 -18.1521 -18.1521
5425 26.77 80.64 0.00 -12.4237 -16.9401 -16.9401
5450 26.77 80.64 0.00 -12.4237 -16.9401 -16.9401
5475 26.23 80.52 0.00 -12.5503 -15.5273 -15.5273
5500 25.81 80.54 0.00 -10.0000 -16.3427 -16.3427
5525 25.81 80.54 0.00 -10.0000 -16.3427 -16.3427
5550 25.44 80.69 0.00 -8.3002 -18.2508 -18.2508
5575 25.10 81.02 0.00 -9.0308 -17.6395 -17.6395
5600 25.10 81.02 0.00 -9.0308 -17.6395 -17.6395
5625 24.70 81.01 0.00 -9.3257 -19.7427 -19.7427
5650 24.70 81.01 0.00 -9.3257 -19.7427 -19.7427
5675 24.31 80.82 0.00 -10.9499 -13.5560 -13.5560
5700 23.86 80.30 0.00 -10.5743 -11.3773 -11.3773
5725 23.56 79.72 0.00 -5.4814 -16.5371 -16.5371
5750 23.41 79.19 0.00 -3.3846 -24.0886 -24.0886
5775 23.41 79.19 0.00 -3.3846 -24.0886 -24.0886
5800 23.39 78.83 0.00 0.4216 -17.1313 -17.1313
5825 23.35 78.46 0.00 -1.7827 -5.7384 -5.7384
5850 23.35 78.46 0.00 -1.7827 -5.7384 -5.7384
5875 23.34 77.92 0.00 1.6088 -0.7731 -0.7731
5900 23.52 77.63 0.00 5.7893 -4.9416 -4.9416
5925 23.52 77.63 0.00 5.7893 -4.9416 -4.9416
5950 23.77 77.53 0.00 5.9536 -0.2014 -0.2014
5975 23.93 77.38 0.00 2.5176 -1.4861 -1.4861
6000 23.93 77.38 0.00 2.5176 -1.4861 -1.4861
6025 24.03 77.10 0.00 2.5899 -1.0693 -1.0693
6050 24.21 77.04 0.00 5.8031 -0.0043 -0.0043
6075 24.49 77.30 0.00 8.9340 -2.8340 -2.8340
6100 24.49 77.30 0.00 8.9340 -2.8340 -2.8340
6125 24.90 77.84 0.00 9.2213 -4.5870 -4.5870
6150 25.12 78.24 0.00 3.4487 -2.0120 -2.0120
6175 25.12 78.24 0.00 3.4487 -2.0120 -2.0120
6200 25.16 78.28 0.00 0.0812 0.8479 0.8479
6225 25.27 78.17 0.00 5.0622 -1.0691 -1.0691
6250 25.27 78.17 0.00 5.0622 -1.0691 -1.0691
6275 25.53 78.11 0.00 6.9175 -5.3741 -5.3741
6300 25.79 78.03 0.00 5.3899 -5.4051 -5.4051
6325 25.94 77.90 0.00 3.1706 0.3795 0.3795
6350 25.94 77.90 0.00 3.1706 0.3795 0.3795
6375 26.08 77.71 0.00 3.8892 1.9676 1.9676
6400 26.23 77.50 0.00 4.2047 2.8650 2.8650
6425 26.23 77.50 0.00 4.2047 2.8650 2.8650
6450 26.43 77.31 0.00 5.2992 -0.2868 -0.2868
6475 26.69 77.16 0.00 7.2148 -3.2934 -3.2934
6500 26.69 77.16 0.00 7.2148 -3.2934 -3.2934
6525 26.95 77.00 0.00 5.4535 -0.8210 -0.8210
6550 27.13 76.81 0.00 4.5136 1.3515 1.3515
6575 27.32 76.76 0.00 7.2774 3.1632 3.1632
6600 27.32 76.76 0.00 7.2774 3.1632 3.1632
6625 27.79 76.32 0.00 15.3733 7.1520 7.1520
6650 28.45 75.17 0.00 16.0802 10.6797 10.6797
6675 28.45 75.17 0.00 16.0802 10.6797 10.6797
6700 29.15 72.65 0.00 18.3814 14.7560 14.7560
6725 29.95 69.93 0.00 20.1146 19.6497 19.6497
6750 29.95 69.93 0.00 20.1146 19.6497 19.6497
6775 30.71 67.93 0.00 18.1562 17.3510 17.3510
6800 31.25 66.61 0.00 10.2042 13.7599 13.7599
6825 31.48 65.93 0.00 3.2639 6.3455 6.3455
6850 31.48 65.93 0.00 3.2639 6.3455 6.3455
6875 31.52 65.62 0.00 -0.2056 4.4310 4.4310
6900 31.48 65.40 0.00 -0.4065 4.8850 4.8850
6925 31.48 65.40 0.00 -0.4065 4.8850 4.8850
6950 31.56 65.19 0.00 3.7657 8.4539 8.4539
6975 31.81 64.80 0.00 7.6683 6.8072 6.8072
7000 31.81 64.80 0.00 7.6683 6.8072 6.8072
7025 32.10 64.27 0.00 6.3783 5.8492 5.8492
7050 32.26 63.44 0.00 2.9737 9.2252 9.2252
7075 32.42 62.36 0.00 4.7297 8.0860 8.0860
7100 32.42 62.36 0.00 4.7297 8.0860 8.0860
7125 32.67 61.36 0.00 7.6599 8.8277 8.8277
7150 33.01 60.78 0.00 8.6171 5.3830 5.3830
7175 33.01 60.78 0.00 8.6171 5.3830 5.3830
7200 33.30 60.34 0.00 6.1500 7.1552 7.1552
7225 33.57 59.60 0.00 7.3990 8.8569 8.8569
7250 33.57 59.60 0.00 7.3990 8.8569 8.8569
7275 33.89 58.83 0.00 7.9759 5.4205 5.4205
7300 34.22 58.20 0.00 8.0397 3.1704 3.1704
7325 34.48 57.92 0.00 5.7608 4.6481 4.6481
7350 34.48 57.92 0.00 5.7608 4.6481 4.6481
7375 34.66 57.63 0.00 4.0880 7.8376 7.8376
7400 34.79 57.31 0.00 4.3954 7.4543 7.4543
7425 34.88 56.95 0.00 0.5427 4.9236 4.9236
7450 34.88 56.95 0.00 0.5427 4.9236 4.9236
7475 34.86 56.70 0.00 -0.7265 5.0960 5.0960
7500 34.88 56.31 0.00 1.9268 4.0755 4.0755
7525 34.88 56.31 0.00 1.9268 4.0755 4.0755
7550 35.07 55.93 0.00 6.3418 5.7336 5.7336
7575 35.34 55.57 0.00 6.4615 4.7760 4.7760
7600 35.34 55.57 0.00 6.4615 4.7760 4.7760
7625 35.52 55.26 0.00 3.0279 4.0636 4.0636
7650 35.59 54.96 0.00 0.9441 3.9864 3.9864
7675 35.59 54.96 0.00 0.9441 3.9864 3.9864
7700 35.63 54.71 0.00 1.6027 4.4352 4.4352
7725 35.70 54.58 0.00 1.8756 5.0155 5.0155
7750 35.82 54.42 0.00 3.2710 4.0842 4.0842
7775 35.82 54.42 0.00 3.2710 4.0842 4.0842
7800 35.95 54.30 0.00 3.0111 1.9442 1.9442
7825 36.00 54.12 0.00 0.0251 4.1620 4.1620
7850 36.00 54.12 0.00 0.0251 4.1620 4.1620
7875 35.98 53.80 0.00 0.3013 3.7698 3.7698
7900 36.03 53.50 0.00 1.7397 3.3455 3.3455
7925 36.03 53.50 0.00 1.7397 3.3455 3.3455
7950 36.14 53.02 0.00 2.7807 5.0110 5.0110
7975 36.27 52.52 0.00 3.4951 2.9130 2.9130
8000 36.27 52.52 0.00 3.4951 2.9130 2.9130
8025 36.37 52.20 0.00 1.9592 0.5843 0.5843
8050 36.39 51.99 0.00 -0.7919 2.0044 2.0044
8075 36.39 51.99 0.00 -0.7919 2.0044 2.0044
8100 36.32 51.62 0.00 -1.9407 3.6956 3.6956
8125 36.27 51.17 0.00 -0.6880 3.5898 3.5898
8150 36.30 50.91 0.00 1.4424 2.9068 2.9068
8175 36.39 50.68 0.00 2.8547 3.6404 3.6404
8200 36.39 50.68 0.00 2.8547 3.6404 3.6404
8225 36.48 50.22 0.00 1.3633 4.9799 4.9799
8250 36.44 49.51 0.00 -2.8764 2.9987 2.9987
8275 36.28 48.81 0.00 -3.7907 2.1784 2.1784
8300 36.28 48.81 0.00 -3.7907 2.1784 2.1784
8325 36.14 47.75 0.00 -2.8334 7.7571 7.7571
8350 36.05 46.22 0.00 -2.8255 10.3340 10.3340
8375 36.05 46.22 0.00 -2.8255 10.3340 10.3340
8400 35.93 44.88 0.00 -2.1255 8.2378 8.2378
8425 35.93 43.98 0.00 0.6861 7.3983 7.3983
8450 36.02 43.47 0.00 3.2731 5.5930 5.5930
8475 36.02 43.47 0.00 3.2731 5.5930 5.5930
8500 36.20 43.06 0.00 5.1378 5.8696 5.8696
8525 36.39 42.64 0.00 4.2113 7.4466 7.4466
8550 36.48 42.31 0.00 1.2595 5.5157 5.5157
8575 36.48 42.31 0.00 1.2595 5.5157 5.5157
8600 36.50 42.08 0.00 -0.2561 4.9044 4.9044
8625 36.50 42.08 0.00 -0.2561 4.9044 4.9044
8650 36.48 41.78 0.00 0.0796 3.2047 3.2047
8675 36.52 41.41 0.00 1.1595 1.9832 1.9832
8700 36.52 41.41 0.00 1.1595 1.9832 1.9832
8725 36.59 41.25 0.00 1.7860 2.8346 2.8346
8750 36.67 41.09 0.00 2.5703 2.5045 2.5045
8775 36.78 40.97 0.00 2.2182 2.9841 2.9841
8800 36.78 40.97 0.00 2.2182 2.9841 2.9841
8825 36.82 40.77 0.00 0.4991 5.7377 5.7377
8850 36.82 40.77 0.00 0.4991 5.7377 5.7377
8875 36.83 40.46 0.00 -0.0041 4.6477 4.6477
8900 36.82 40.23 0.00 -0.2940 1.9313 1.9313
8925 36.83 40.09 0.00 0.4251 0.9118 0.9118
8950 36.83 40.09 0.00 0.4251 0.9118 0.9118
8975 36.83 39.73 0.00 0.1085 2.5175 2.5175
9000 36.82 39.22 0.00 -1.6531 0.9756 0.9756
9025 36.67 38.60 0.00 -4.2792 2.5256 2.5256
9050 36.52 37.98 0.00 -4.1056 0.6231 0.6231
9075 36.52 37.98 0.00 -4.1056 0.6231 0.6231
9100 36.34 37.53 0.00 -4.4073 -1.1989 -1.1989
9125 36.34 37.53 0.00 -4.4073 -1.1989 -1.1989
9150 36.12 37.09 0.00 -6.3506 -0.8612 -0.8612
9175 35.87 36.84 0.00 -6.1305 -1.2684 -1.2684
9200 35.54 36.58 0.00 -10.0309 0.9716 0.9716
9225 35.54 36.58 0.00 -10.0309 0.9716 0.9716
9250 35.11 36.17 0.00 -10.6780 -0.4082 -0.4082
9275 34.72 35.67 0.00 -8.6824 1.2171 1.2171
9300 34.43 35.20 0.00 -6.2099 1.1827 1.1827
9325 34.43 35.20 0.00 -6.2099 1.1827 1.1827
9350 34.23 34.82 0.00 -4.1051 0.0130 0.0130
9375 34.13 34.59 0.00 -1.6431 -0.8086 -0.8086
9400 34.13 34.59 0.00 -1.6431 -0.8086 -0.8086
9425 34.09 34.35 0.00 -0.9128 0.6678 0.6678
9450 34.09 34.35 0.00 -0.9128 0.6678 0.6678
9475 34.02 34.01 0.00 -2.1925 3.8798 3.8798
9500 33.95 33.56 0.00 -1.6313 4.3380 4.3380
9525 33.88 32.99 0.00 -1.5993 3.3798 3.3798
9550 33.86 32.58 0.00 -0.1843 2.9980 2.9980
9575 33.86 32.58 0.00 -0.1843 2.9980 2.9980
9600 33.84 32.05 0.00 -1.7612 1.8688 1.8688
9625 33.68 31.44 0.00 -4.5770 2.0277 2.0277
9650 33.68 31.44 0.00 -4.5770 2.0277 2.0277
9675 33.50 30.68 0.00 -4.0350 1.7183 1.7183
9700 33.39 29.82 0.00 -2.4709 1.2473 1.2473
9725 33.39 29.82 0.00 -2.4709 1.2473 1.2473
9750 33.30 29.04 0.00 -1.5245 2.0543 2.0543
9775 33.30 28.50 0.00 0.4673 2.6573 2.6573
9800 33.30 28.50 0.00 0.4673 2.6573 2.6573
9825 33.34 28.12 0.00 1.1993 2.2143 2.2143
9850 33.36 27.90 0.00 0.1051 1.5889 1.5889
9875 33.36 27.90 0.00 0.1051 1.5889 1.5889
9900 33.36 27.81 0.00 -0.6599 -0.6036 -0.6036
9925 33.30 27.73 0.00 -1.1241 0.5413 0.5413
9950 33.28 27.64 0.00 0.2932 1.9758 1.9758
9975 33.28 27.64 0.00 0.2932 1.9758 1.9758
10000 33.30 27.42 0.00 0.1755 2.3695 2.3695
10025 33.18 27.20 0.00 -5.9431 2.7480 2.7480
10050 33.18 27.20 0.00 -5.9431 2.7480 2.7480
10075 32.85 27.21 0.00 -8.8990 5.4918 5.4918
10100 32.51 27.47 0.00 -8.0446 4.4199 4.4199
10125 32.17 27.61 0.00 -9.3729 2.6951 2.6951
10150 32.17 27.61 0.00 -9.3729 2.6951 2.6951
10175 31.63 27.59 0.00 -15.6413 0.4543 0.4543
10200 30.92 27.57 0.00 -21.2678 -1.9352 -1.9352
10225 30.92 27.57 0.00 -21.2678 -1.9352 -1.9352
10250 29.67 27.49 0.00 -35.3656 -2.1972 -2.1972
10275 28.14 27.47 0.00 -38.8230 -4.4029 -4.4029
10300 28.14 27.47 0.00 -38.8230 -4.4029 -4.4029
10325 26.71 27.25 0.00 -33.8296 -6.0816 -6.0816
10350 25.68 26.71 0.00 -22.2746 -4.4804 -4.4804
10375 25.68 26.71 0.00 -22.2746 -4.4804 -4.4804
10400 24.71 26.03 0.00 -23.3656 -5.6240 -5.6240
10425 24.14 25.41 0.00 -17.8942 1.0005 1.0005
10450 23.63 24.03 0.00 -10.0866 6.3232 6.3232
10475 23.63 24.03 0.00 -10.0866 6.3232 6.3232
10500 23.45 21.66 0.00 -0.1289 8.3233 8.3233
10525 23.49 18.92 0.00 0.8193 10.6374 10.6374
10550 23.49 18.92 0.00 0.8193 10.6374 10.6374
10575 23.52 17.11 0.00 0.8868 4.4888 4.4888
10600 23.54 16.12 0.00 0.6534 3.3422 3.3422
10625 23.75 15.35 0.00 8.5005 6.3791 6.3791
10650 23.75 15.35 0.00 8.5005 6.3791 6.3791
10675 24.16 14.74 0.00 10.6672 7.7111 7.7111
10700 24.66 14.36 0.00 13.3982 11.7697 11.7697
10725 24.66 14.36 0.00 13.3982 11.7697 11.7697
10750 25.03 14.43 0.00 6.3742 6.6909 6.6909
10775 25.27 14.51 0.00 6.8676 6.9703 6.9703
10800 25.27 14.51 0.00 6.8676 6.9703 6.9703
10825 25.60 14.53 0.00 7.3720 8.4280 8.4280
10850 25.83 14.53 0.00 4.8865 7.5402 7.5402
10875 25.83 14.53 0.00 4.8865 7.5402 7.5402
10900 25.99 14.75 0.00 2.8844 3.8151 3.8151
10925 25.97 14.93 0.00 -1.1656 3.2108 3.2108
10950 25.96 15.14 0.00 -0.8103 3.3918 3.3918
10975 25.96 15.14 0.00 -0.8103 3.3918 3.3918
11000 25.90 15.45 0.00 -1.2284 3.0751 3.0751
11025 25.86 15.87 0.00 -1.1444 -1.3884 -1.3884
11050 25.86 15.87 0.00 -1.1444 -1.3884 -1.3884
11075 25.81 16.14 0.00 -1.9908 -2.3795 -2.3795
11100 25.73 16.18 0.00 -0.8960 -1.0533 -1.0533
11125 25.73 16.18 0.00 -0.8960 -1.0533 -1.0533
11150 25.72 15.79 0.00 -2.4384 -0.0274 -0.0274
11175 25.53 15.40 0.00 -5.6226 0.6163 0.6163
11200 25.31 15.11 0.00 -4.9704 -1.3479 -1.3479
11225 25.31 15.11 0.00 -4.9704 -1.3479 -1.3479
11250 25.14 14.77 0.00 -4.0818 0.2782 0.2782
11275 24.97 14.50 0.00 -6.3692 -2.3972 -2.3972
11300 24.97 14.50 0.00 -6.3692 -2.3972 -2.3972
11325 24.71 14.27 0.00 -6.0710 -5.4977 -5.4977
11350 24.44 14.33 0.00 -7.8247 -5.4775 -5.4775
11375 24.44 14.33 0.00 -7.8247 -5.4775 -5.4775
11400 24.01 14.43 0.00 -11.3807 -4.6325 -4.6325
11425 23.60 14.46 0.00 -11.4402 -3.6047 -3.6047
11450 23.60 14.46 0.00 -11.4402 -3.6047 -3.6047
11475 22.70 14.55 0.00 -29.7062 -1.7937 -1.7937
11500 21.12 14.82 0.00 -44.3272 -7.8964 -7.8964
11525 19.41 15.13 0.00 -40.2604 -11.7397 -11.7397
11550 19.41 15.13 0.00 -40.2604 -11.7397 -11.7397
11575 17.95 15.38 0.00 -32.3867 -12.0815 -12.0815
11600 16.95 15.49 0.00 -22.7825 -8.6552 -8.6552
11625 16.95 15.49 0.00 -22.7825 -8.6552 -8.6552
11650 16.07 15.47 0.00 -19.3921 -7.6478 -7.6478
11675 15.65 15.59 0.00 -4.0176 -3.1204 -3.1204
11700 15.65 15.59 0.00 -4.0176 -3.1204 -3.1204
11725 15.43 15.69 0.00 -9.5632 -2.3301 -2.3301
11750 14.88 15.74 0.00 -15.0733 -2.3443 -2.3443
11775 14.41 15.66 0.00 -9.6394 -0.6855 -0.6855
11800 14.41 15.66 0.00 -9.6394 -0.6855 -0.6855
11825 14.12 15.41 0.00 -5.4157 -4.1063 -4.1063
11850 14.12 15.17 0.00 2.5132 -0.7934 -0.7934
11875 13.94 14.89 0.00 -11.2831 -4.1012 -4.1012
11900 13.94 14.89 0.00 -11.2831 -4.1012 -4.1012
11925 13.39 14.75 0.00 -20.1563 -6.0093 -6.0093
11950 13.39 14.75 0.00 -20.1563 -6.0093 -6.0093
11975 12.63 14.62 0.00 -8.7986 -0.6935 -0.6935
12000 12.57 14.49 0.00 1.6012 1.5420 1.5420
12025 12.93 14.37 0.00 11.4497 1.1459 1.1459
12050 12.93 14.37 0.00 11.4497 1.1459 1.1459
12075 13.39 14.31 0.00 10.9907 1.9484 1.9484
12100 13.74 14.25 0.00 7.0666 0.7633 0.7633
12125 13.74 14.25 0.00 7.0666 0.7633 0.7633
12150 13.84 14.18 0.00 1.1314 1.1018 1.1018
12175 13.88 14.30 0.00 1.1223 0.6849 0.6849
12200 13.88 14.30 0.00 1.1223 0.6849 0.6849
12225 14.02 14.50 0.00 4.8892 0.9568 0.9568
12250 14.18 14.51 0.00 2.8951 1.9835 1.9835
12275 14.29 14.56 0.00 4.0400 1.2186 1.2186
12300 14.29 14.56 0.00 4.0400 1.2186 1.2186
12325 14.57 14.75 0.00 7.2061 3.3521 3.3521
12350 14.90 14.90 0.00 8.8491 2.0804 2.0804
12375 15.25 15.10 0.00 8.6991 0.8039 0.8039
12400 15.25 15.10 0.00 8.6991 0.8039 0.8039
12425 15.63 15.33 0.00 9.9322 2.8169 2.8169
12450 15.63 15.33 0.00 9.9322 2.8169 2.8169
12475 15.96 15.68 0.00 6.5461 0.0019 0.0019
12500 16.17 15.98 0.00 4.5141 0.8709 0.8709
12525 16.17 15.98 0.00 4.5141 0.8709 0.8709
12550 16.27 16.16 0.00 1.2044 -0.1247 -0.1247
12575 16.29 16.28 0.00 0.3293 -0.2621 -0.2621
12600 16.35 16.45 0.00 1.8561 0.9842 0.9842
12625 16.35 16.45 0.00 1.8561 0.9842 0.9842
12650 16.44 16.75 0.00 2.6848 3.8468 3.8468
12675 16.50 17.13 0.00 1.4885 1.1178 1.1178
12700 16.60 17.46 0.00 2.7007 1.3257 1.3257
12725 16.60 17.46 0.00 2.7007 1.3257 1.3257
12750 16.77 17.79 0.00 5.3811 4.3408 4.3408
12775 16.97 18.29 0.00 4.6081 -0.4412 -0.4412
12800 16.97 18.29 0.00 4.6081 -0.4412 -0.4412
12825 17.20 18.72 0.00 10.1753 2.8020 2.8020
12850 17.80 19.22 0.00 16.6041 9.3004 9.3004
12875 17.80 19.22 0.00 16.6041 9.3004 9.3004
12900 18.51 19.60 0.00 18.2067 12.4798 12.4798
12925 19.24 20.04 0.00 18.1246 12.9198 12.9198
12950 19.92 20.88 0.00 16.5076 12.3705 12.3705
12975 19.92 20.88 0.00 16.5076 12.3705 12.3705
13000 20.53 21.92 0.00 14.6259 15.2936 15.2936
13025 20.53 21.92 0.00 14.6259 15.2936 15.2936
13050 21.12 22.73 0.00 13.9406 15.0221 15.0221
13075 21.59 23.26 0.00 10.9517 10.7457 10.7457
13100 21.59 23.26 0.00 10.9517 10.7457 10.7457
13125 22.27 24.22 0.00 6.2522 5.5671 5.5671
13150 22.27 24.22 0.00 6.2522 5.5671 5.5671
13175 22.57 24.99 0.00 8.2350 5.7800 5.7800
13200 22.89 26.11 0.00 7.2894 3.6006 3.6006
13225 22.89 26.11 0.00 7.2894 3.6006 3.6006
13250 23.13 27.15 0.00 5.5008 4.1713 4.1713
13275 23.37 27.91 0.00 6.3730 5.7412 5.7412
13300 23.37 27.91 0.00 6.3730 5.7412 5.7412
13325 23.63 28.42 0.00 7.0604 5.7666 5.7666
13350 23.99 28.99 0.00 9.7816 5.0306 5.0306
13375 23.99 28.99 0.00 9.7816 5.0306 5.0306
13400 24.31 29.79 0.00 6.0693 5.4332 5.4332
13425 24.49 30.52 0.00 4.6368 9.1239 9.1239
13450 24.79 31.08 0.00 9.8566 9.0346 9.0346
13475 24.79 31.08 0.00 9.8566 9.0346 9.0346
13500 25.14 31.44 0.00 10.8700 8.6902 8.6902
13525 25.51 31.85 0.00 8.8058 10.0733 10.0733
13550 25.51 31.85 0.00 8.8058 10.0733 10.0733
13575 25.88 32.36 0.00 8.4510 10.3108 10.3108
13600 26.03 33.05 0.00 1.0819 14.3537 14.3537
13625 26.03 33.05 0.00 1.0819 14.3537 14.3537
13650 26.14 33.89 0.00 4.7291 15.7646 15.7646
13675 26.55 34.79 0.00 13.0424 12.7061 12.7061
13700 27.32 35.61 0.00 23.1890 13.8297 13.8297
13725 27.32 35.61 0.00 23.1890 13.8297 13.8297
13750 28.29 36.40 0.00 22.0329 9.6487 9.6487
13775 29.09 37.39 0.00 20.5477 13.2669 13.2669
13800 29.09 37.39 0.00 20.5477 13.2669 13.2669
13825 29.89 38.36 0.00 20.0554 9.6897 9.6897
13850 30.65 39.25 0.00 16.1786 3.5721 3.5721
13875 31.16 40.13 0.00 11.8459 6.3097 6.3097
13900 31.16 40.13 0.00 11.8459 6.3097 6.3097
13925 31.74 40.84 0.00 17.8731 13.2825 13.2825
13950 32.71 41.46 0.00 25.2527 12.4763 12.4763
13975 32.71 41.46 0.00 25.2527 12.4763 12.4763
14000 33.66 41.97 0.00 21.9427 7.1723 7.1723
14025 34.45 42.39 0.00 19.7440 8.0006 8.0006
14050 34.45 42.39 0.00 19.7440 8.0006 8.0006
14075 35.34 42.90 0.00 23.0655 10.6527 10.6527
14100 36.23 43.56 0.00 22.9318 13.9823 13.9823
14125 36.23 43.56 0.00 22.9318 13.9823 13.9823
14150 37.26 44.14 0.00 27.3519 17.4293 17.4293
14175 38.32 44.67 0.00 25.0650 18.5759 18.5759
14200 39.38 45.37 0.00 27.1455 17.2842 17.2842
14225 39.38 45.37 0.00 27.1455 17.2842 17.2842
14250 40.37 46.37 0.00 22.9909 12.9673 12.9673
14275 40.37 46.37 0.00 22.9909 12.9673 12.9673
14300 41.22 47.04 0.00 20.0999 12.8116 12.8116
14325 41.78 47.30 0.00 17.4161 9.0923 9.0923
14350 42.43 47.54 0.00 17.4210 5.5608 5.5608
14375 42.43 47.54 0.00 17.4210 5.5608 5.5608
14400 43.25 47.98 0.00 20.9436 11.1995 11.1995
14425 44.13 48.48 0.00 23.3046 12.8269 12.8269
14450 45.11 49.10 0.00 24.5062 9.8188 9.8188
14475 45.11 49.10 0.00 24.5062 9.8188 9.8188
14500 46.09 49.83 0.00 24.3493 3.9316 3.9316
14525 46.89 50.47 0.00 17.6793 3.4097 3.4097
14550 46.89 50.47 0.00 17.6793 3.4097 3.4097
14575 47.64 51.02 0.00 20.1933 5.6254 5.6254
14600 48.66 51.65 0.00 29.0365 8.8361 8.8361
14625 48.66 51.65 0.00 29.0365 8.8361 8.8361
14650 49.95 52.59 0.00 32.9101 10.1794 10.1794
14675 51.22 53.66 0.00 29.0599 7.0489 7.0489
14700 51.22 53.66 0.00 29.0599 7.0489 7.0489
14725 52.16 54.47 0.00 21.2815 6.5245 6.5245
14750 52.88 54.83 0.00 15.8349 7.7947 7.7947
14775 52.88 54.83 0.00 15.8349 7.7947 7.7947
14800 53.54 55.09 0.00 18.4112 1.7498 1.7498
14825 54.35 55.43 0.00 20.9648 4.7918 4.7918
14850 54.35 55.43 0.00 20.9648 4.7918 4.7918
14875 55.19 55.97 0.00 19.8402 6.0626 6.0626
14900 55.98 56.64 0.00 20.4977 6.7737 6.7737
14925 56.80 57.41 0.00 20.5006 4.9752 4.9752
14950 56.80 57.41 0.00 20.5006 4.9752 4.9752
14975 57.68 57.88 0.00 23.4819 4.3840 4.3840
15000 58.77 58.37 0.00 28.6137 12.1932 12.1932
15025 58.77 58.37 0.00 28.6137 12.1932 12.1932
15050 59.82 59.15 0.00 25.0521 12.0741 12.0741
15075 60.78 60.08 0.00 23.1273 15.6820 15.6820
15100 60.78 60.08 0.00 23.1273 15.6820 15.6820
15125 61.55 61.48 0.00 17.1533 8.2931 8.2931
15150 62.10 62.82 0.00 12.8736 2.6637 2.6637
15175 62.54 63.92 0.00 15.9344 4.8336 4.8336
15200 62.54 63.92 0.00 15.9344 4.8336 4.8336
15225 63.33 65.38 0.00 22.5065 15.0591 15.0591
15250 64.43 67.35 0.00 28.6286 19.8969 19.8969
15275 64.43 67.35 0.00 28.6286 19.8969 19.8969
15300 65.36 70.13 0.00 18.5498 18.2118 18.2118
15325 65.93 73.00 0.00 12.6794 24.8024 24.8024
15350 65.93 73.00 0.00 12.6794 24.8024 24.8024
15375 66.72 75.23 0.00 28.9833 24.5617 24.5617
15400 68.75 77.08 0.00 65.4402 27.1284 27.1284
15425 71.97 79.75 0.00 88.0755 49.7104 49.7104
15450 71.97 79.75 0.00 88.0755 49.7104 49.7104
15475 75.86 82.48 0.00 101.9442 64.3381 64.3381
15500 79.98 85.24 0.00 102.3745 75.4705 75.4705
15525 83.65 88.02 0.00 83.3302 70.7024 70.7024
15550 83.65 88.02 0.00 83.3302 70.7024 70.7024
15575 85.98 91.14 0.00 39.0636 47.3966 47.3966
15600 86.65 93.33 0.00 7.7789 29.2706 29.2706
15625 86.65 93.33 0.00 7.7789 29.2706 29.2706
15650 86.58 93.83 0.00 -11.7339 11.3698 11.3698
15675 85.67 92.22 0.00 -24.4760 3.8288 3.8288
15700 85.67 92.22 0.00 -24.4760 3.8288 3.8288
15725 84.75 89.66 0.00 -21.4524 -6.9687 -6.9687
15750 84.08 87.86 0.00 -13.7375 0.8109 0.8109
15775 83.60 86.90 0.00 -12.6546 0.1016 0.1016
15800 83.60 86.90 0.00 -12.6546 0.1016 0.1016
15825 83.07 86.25 0.00 -11.9651 4.2178 4.2178
15850 82.55 85.53 0.00 -13.9885 -0.1404 -0.1404
15875 82.55 85.53 0.00 -13.9885 -0.1404 -0.1404
15900 82.05 85.30 0.00 -11.0075 -9.9705 -9.9705
15925 81.80 85.19 0.00 -6.5720 -11.4991 -11.4991
15950 81.80 85.19 0.00 -6.5720 -11.4991 -11.4991
15975 81.66 84.86 0.00 -1.3579 -0.2411 -0.2411
16000 81.53 84.22 0.00 -4.8852 0.3180 0.3180
16025 81.40 83.77 0.00 -2.4439 -4.8424 -4.8424
16050 81.40 83.77 0.00 -2.4439 -4.8424 -4.8424
16075 81.38 83.54 0.00 1.0241 -5.3157 -5.3157
16100 81.47 83.26 0.00 3.0292 -1.2748 -1.2748
16125 81.47 83.26 0.00 3.0292 -1.2748 -1.2748
16150 81.57 82.82 0.00 0.9283 -1.9178 -1.9178
16175 81.59 82.65 0.00 1.1622 -2.4668 -2.4668
16200 81.59 82.65 0.00 1.1622 -2.4668 -2.4668
16225 81.66 82.43 0.00 1.3187 0.4963 0.4963
16250 81.59 81.91 0.00 -3.1644 1.6006 1.6006
16275 81.40 81.26 0.00 -6.4517 0.9173 0.9173
16300 81.40 81.26 0.00 -6.4517 0.9173 0.9173
16325 81.11 80.66 0.00 -6.7442 -3.7941 -3.7941
16350 80.88 79.98 0.00 -5.3317 -2.9195 -2.9195
16375 80.71 79.36 0.00 -4.0251 -1.2307 -1.2307
16400 80.71 79.36 0.00 -4.0251 -1.2307 -1.2307
16425 80.50 78.84 0.00 -6.0742 -4.9757 -4.9757
16450 80.50 78.84 0.00 -6.0742 -4.9757 -4.9757
16475 80.19 78.19 0.00 -8.2458 -4.3392 -4.3392
16500 79.87 77.34 0.00 -8.2900 -4.5587 -4.5587
16525 79.53 76.55 0.00 -8.6607 -10.6002 -10.6002
16550 79.53 76.55 0.00 -8.6607 -10.6002 -10.6002
16575 79.24 76.04 0.00 -6.1020 -13.5363 -13.5363
16600 79.05 75.31 0.00 -3.7467 -6.9821 -6.9821
16625 79.05 75.31 0.00 -3.7467 -6.9821 -6.9821
16650 78.92 74.65 0.00 -3.6222 -3.2812 -3.2812
16675 78.77 74.27 0.00 -6.0346 -5.0017 -5.0017
16700 78.50 73.84 0.00 -6.4070 -6.5862 -6.5862
16725 78.50 73.84 0.00 -6.4070 -6.5862 -6.5862
16750 78.22 73.45 0.00 -7.2236 -6.8712 -6.8712
16775 78.00 72.94 0.00 -4.3462 -6.6995 -6.6995
16800 78.00 72.94 0.00 -4.3462 -6.6995 -6.6995
16825 77.96 72.23 0.00 0.4486 -4.5143 -4.5143
16850 77.96 71.76 0.00 -0.6244 -1.8887 -1.8887
16875 77.86 71.41 0.00 -4.0022 -3.2952 -3.2952
16900 77.86 71.41 0.00 -4.0022 -3.2952 -3.2952
16925 77.60 70.99 0.00 -7.3426 -5.1427 -5.1427
16950 77.60 70.99 0.00 -7.3426 -5.1427 -5.1427
16975 77.34 70.47 0.00 -5.3398 -2.6086 -2.6086
17000 77.19 70.04 0.00 -3.1832 -4.6037 -4.6037
17025 77.09 69.75 0.00 -2.0587 -5.6777 -5.6777
17050 77.09 69.75 0.00 -2.0587 -5.6777 -5.6777
17075 77.04 69.42 0.00 -1.3536 -3.4347 -3.4347
17100 76.96 69.13 0.00 -1.8207 0.2115 0.2115
17125 76.96 69.13 0.00 -1.8207 0.2115 0.2115
17150 76.94 68.86 0.00 0.3010 0.1538 0.1538
17175 77.04 68.72 0.00 3.8168 0.9841 0.9841
17200 77.04 68.72 0.00 3.8168 0.9841 0.9841
17225 77.23 68.58 0.00 4.8581 -1.4339 -1.4339
17250 77.39 68.47 0.00 3.2999 0.0151 0.0151
17275 77.54 68.27 0.00 4.7468 0.8044 0.8044
17300 77.54 68.27 0.00 4.7468 0.8044 0.8044
17325 77.86 67.97 0.00 9.8185 1.8246 1.8246
17350 78.26 67.82 0.00 9.1146 3.0462 3.0462
17375 78.26 67.82 0.00 9.1146 3.0462 3.0462
17400 78.50 67.83 0.00 7.4408 2.3683 2.3683
17425 78.92 67.90 0.00 12.7595 0.8770 0.8770
17450 79.53 67.82 0.00 15.6501 3.5847 3.5847
17475 79.53 67.82 0.00 15.6501 3.5847 3.5847
17500 80.08 67.59 0.00 12.4714 3.5288 3.5288
17525 80.08 67.59 0.00 12.4714 3.5288 3.5288
17550 80.48 67.21 0.00 8.4935 4.4747 4.4747
17575 80.73 66.86 0.00 4.6540 5.1565 5.1565
17600 80.92 66.51 0.00 6.1065 2.3956 2.3956
17625 80.92 66.51 0.00 6.1065 2.3956 2.3956
17650 81.24 66.13 0.00 8.3809 4.8118 4.8118
17675 81.57 65.74 0.00 8.0985 5.6081 5.6081
17700 81.88 65.37 0.00 7.2188 6.0124 6.0124
17725 81.88 65.37 0.00 7.2188 6.0124 6.0124
17750 82.09 65.16 0.00 3.7049 4.2170 4.2170
17775 82.14 64.92 0.00 -0.2469 2.3732 2.3732
17800 82.14 64.92 0.00 -0.2469 2.3732 2.3732
17825 82.05 64.49 0.00 -3.5772 1.1244 1.1244
17850 81.78 63.70 0.00 -8.3785 -1.9833 -1.9833
17875 81.78 63.70 0.00 -8.3785 -1.9833 -1.9833
17900 81.38 62.67 0.00 -11.5146 -5.5548 -5.5548
17925 80.94 61.63 0.00 -10.1722 -6.2698 -6.2698
17950 80.57 60.51 0.00 -8.8349 -4.2146 -4.2146
17975 80.57 60.51 0.00 -8.8349 -4.2146 -4.2146
18000 80.15 59.29 0.00 -10.8194 -5.0783 -5.0783
18025 79.72 58.14 0.00 -11.1234 -6.8779 -6.8779
18050 79.20 57.28 0.00 -13.8251 -11.7361 -11.7361
18075 79.20 57.28 0.00 -13.8251 -11.7361 -11.7361
18100 78.58 56.45 0.00 -16.5842 -8.7201 -8.7201
18125 77.88 55.61 0.00 -17.9269 -6.8306 -6.8306
18150 77.88 55.61 0.00 -17.9269 -6.8306 -6.8306
18175 77.15 54.82 0.00 -18.4822 -9.1259 -9.1259
18200 77.15 54.82 0.00 -18.4822 -9.1259 -9.1259
18225 76.63 54.17 0.00 -16.0718 -8.7512 -8.7512
18250 76.03 53.38 0.00 -14.6179 -11.1085 -11.1085
18275 75.55 52.68 0.00 -10.0789 -9.9168 -9.9168
18300 75.55 52.68 0.00 -10.0789 -9.9168 -9.9168
18325 75.17 51.97 0.00 -9.6978 -9.5779 -9.5779
18350 74.80 51.24 0.00 -8.4487 -11.3926 -11.3926
18375 74.80 51.24 0.00 -8.4487 -11.3926 -11.3926
18400 74.53 50.43 0.00 -5.8942 -7.8574 -7.8574
18425 74.30 49.68 0.00 -5.9051 -4.6126 -4.6126
18450 73.93 48.94 0.00 -10.8369 -4.0886 -4.0886
18475 73.93 48.94 0.00 -10.8369 -4.0886 -4.0886
18500 73.47 48.12 0.00 -11.5500 -3.7146 -3.7146
18525 73.07 47.23 0.00 -8.9892 -3.8777 -3.8777
18550 73.07 47.23 0.00 -8.9892 -3.8777 -3.8777
18575 72.79 46.25 0.00 -5.9914 -4.2911 -4.2911
18600 72.59 45.21 0.00 -4.6548 -3.5806 -3.5806
18625 72.41 44.24 0.00 -5.0812 -3.9844 -3.9844
18650 72.41 44.24 0.00 -5.0812 -3.9844 -3.9844
18675 72.13 43.41 0.00 -7.4934 -5.1889 -5.1889
18700 71.86 42.64 0.00 -6.0403 -5.2473 -5.2473
18725 71.86 42.64 0.00 -6.0403 -5.2473 -5.2473
18750 71.69 42.01 0.00 -3.1771 -5.2932 -5.2932
18775 71.64 41.69 0.00 -0.3956 -5.3373 -5.3373
18800 71.64 41.69 0.00 -0.3956 -5.3373 -5.3373
18825 71.69 41.49 0.00 2.3247 -2.0288 -2.0288
18850 71.86 41.39 0.00 4.9672 1.3645 1.3645
18875 72.08 41.35 0.00 4.6818 2.2447 2.2447
18900 72.08 41.35 0.00 4.6818 2.2447 2.2447
18925 72.21 41.24 0.00 2.7033 1.2354 1.2354
18950 72.32 41.01 0.00 2.6747 1.8822 1.8822
18975 72.32 41.01 0.00 2.6747 1.8822 1.8822
19000 72.39 40.92 0.00 2.6253 1.4380 1.4380
19025 72.44 40.84 0.00 0.8086 -0.1209 -0.1209
19050 72.44 40.84 0.00 0.8086 -0.1209 -0.1209
19075 72.44 40.77 0.00 -0.1974 0.0442 0.0442
19100 72.41 40.81 0.00 -1.3980 -0.4611 -0.4611
19125 72.41 40.81 0.00 -1.3980 -0.4611 -0.4611
19150 72.33 40.86 0.00 -1.9955 -0.4471 -0.4471
19175 72.28 40.83 0.00 -1.4952 0.2500 0.2500
19200 72.24 40.79 0.00 -0.0676 0.9061 0.9061
19225 72.24 40.79 0.00 -0.0676 0.9061 0.9061
19250 72.22 40.63 0.00 -2.2101 0.2184 0.2184
19275 71.99 40.20 0.00 -7.3459 -1.9081 -1.9081
19300 71.99 40.20 0.00 -7.3459 -1.9081 -1.9081
19325 71.64 39.72 0.00 -9.3655 -2.0682 -2.0682
19350 71.22 39.32 0.00 -11.6400 -4.7878 -4.7878
19375 70.67 38.62 0.00 -14.7499 -2.7251 -2.7251
19400 70.67 38.62 0.00 -14.7499 -2.7251 -2.7251
19425 70.20 37.83 0.00 -9.2587 1.7460 1.7460
19450 69.91 37.17 0.00 -7.3223 -1.5536 -1.5536
19475 69.91 37.17 0.00 -7.3223 -1.5536 -1.5536
19500 69.58 36.65 0.00 -8.4439 -5.3143 -5.3143
19525 69.20 36.27 0.00 -10.5333 -4.7440 -4.7440
19550 68.73 35.92 0.00 -12.1246 -5.5159 -5.5159
19575 68.73 35.92 0.00 -12.1246 -5.5159 -5.5159
19600 68.21 35.62 0.00 -13.2387 -3.0064 -3.0064
19625 68.21 35.62 0.00 -13.2387 -3.0064 -3.0064
19650 67.70 35.29 0.00 -11.8156 -2.8756 -2.8756
19675 67.33 34.96 0.00 -7.3642 -2.4589 -2.4589
19700 67.18 34.80 0.00 -3.3745 -3.0952 -3.0952
19725 67.18 34.80 0.00 -3.3745 -3.0952 -3.0952
19750 67.13 34.71 0.00 -0.2201 -4.0343 -4.0343
19775 67.18 34.76 0.00 2.1268 -2.4977 -2.4977
19800 67.29 34.97 0.00 2.5546 -2.1095 -2.1095
19825 67.29 34.97 0.00 2.5546 -2.1095 -2.1095
19850 67.36 35.37 0.00 1.9560 -1.5061 -1.5061
19875 67.43 35.85 0.00 1.2299 -2.1481 -2.1481
19900 67.43 35.85 0.00 1.2299 -2.1481 -2.1481
19925 67.43 36.47 0.00 -0.4994 -4.5387 -4.5387
19950 67.43 36.47 0.00 -0.4994 -4.5387 -4.5387
19975 67.42 37.22 0.00 -0.3240 -4.7945 -4.7945
20000 67.38 38.10 0.00 -1.7315 -7.7617 -7.7617
20025 67.29 38.76 0.00 -2.2023 -4.9660 -4.9660
20050 67.29 38.76 0.00 -2.2023 -4.9660 -4.9660
20075 67.18 39.31 0.00 -3.1842 -2.4717 -2.4717
20100 67.04 39.72 0.00 -3.9841 -3.9244 -3.9244
20125 67.04 39.72 0.00 -3.9841 -3.9244 -3.9244
20150 66.88 39.99 0.00 -3.8398 -3.5276 -3.5276
20175 66.70 40.01 0.00 -5.9518 -2.6604 -2.6604
20200 66.34 40.03 0.00 -10.0488 -4.9786 -4.9786
20225 66.34 40.03 0.00 -10.0488 -4.9786 -4.9786
20250 65.93 40.26 0.00 -10.7867 -4.9944 -4.9944
20275 65.39 40.55 0.00 -14.6632 -8.8245 -8.8245
20300 65.39 40.55 0.00 -14.6632 -8.8245 -8.8245
20325 64.78 40.85 0.00 -14.6149 -11.5823 -11.5823
20350 64.21 41.26 0.00 -14.8293 -12.4466 -12.4466
20375 63.54 41.65 0.00 -17.3948 -14.8662 -14.8662
20400 63.54 41.65 0.00 -17.3948 -14.8662 -14.8662
20425 62.85 41.94 0.00 -16.8952 -12.6922 -12.6922
20450 62.17 42.45 0.00 -17.4003 -15.0638 -15.0638
20475 62.17 42.45 0.00 -17.4003 -15.0638 -15.0638
20500 61.43 43.40 0.00 -19.9473 -20.1798 -20.1798
20525 60.55 45.20 0.00 -23.0937 -26.8956 -26.8956
20550 60.55 45.20 0.00 -23.0937 -26.8956 -26.8956
20575 59.84 46.90 0.00 -23.0628 -36.1701 -36.1701
20600 58.98 49.16 0.00 -20.4766 -34.2929 -34.2929
20625 58.15 51.28 0.00 -21.0736 -29.4698 -29.4698
20650 58.15 51.28 0.00 -21.0736 -29.4698 -29.4698
20675 57.33 52.96 0.00 -20.4269 -26.0847 -26.0847
20700 57.33 52.96 0.00 -20.4269 -26.0847 -26.0847
20725 56.41 54.10 0.00 -24.6855 -28.0357 -28.0357
20750 55.38 55.05 0.00 -26.2498 -27.5336 -27.5336
20775 54.35 56.00 0.00 -26.2058 -26.1720 -26.1720
20800 54.35 56.00 0.00 -26.2058 -26.1720 -26.1720
20825 53.20 57.18 0.00 -30.2280 -25.7541 -25.7541
20850 51.92 58.08 0.00 -33.0500 -26.6638 -26.6638
20875 50.58 58.50 0.00 -34.1881 -34.2613 -34.2613
20900 50.58 58.50 0.00 -34.1881 -34.2613 -34.2613
20925 49.14 58.73 0.00 -36.1987 -27.7968 -27.7968
20950 47.84 58.86 0.00 -29.8977 -18.9668 -18.9668
20975 47.84 58.86 0.00 -29.8977 -18.9668 -18.9668
21000 46.79 59.08 0.00 -24.1261 -22.5048 -22.5048
21025 45.72 59.33 0.00 -28.8026 -18.2242 -18.2242
21050 44.50 59.73 0.00 -31.6161 -19.1509 -19.1509
21075 44.50 59.73 0.00 -31.6161 -19.1509 -19.1509
21100 43.29 60.24 0.00 -29.2725 -19.8862 -19.8862
21125 42.20 60.86 0.00 -25.9313 -21.3078 -21.3078
21150 42.20 60.86 0.00 -25.9313 -21.3078 -21.3078
21175 41.20 61.85 0.00 -25.0367 -23.8098 -23.8098
21200 40.12 62.78 0.00 -27.5965 -24.9226 -24.9226
21225 40.12 62.78 0.00 -27.5965 -24.9226 -24.9226
21250 39.01 63.65 0.00 -27.7173 -24.0680 -24.0680
21275 37.99 64.62 0.00 -23.5594 -29.5061 -29.5061
21300 37.99 64.62 0.00 -23.5594 -29.5061 -29.5061
21325 37.12 65.81 0.00 -20.4189 -30.8736 -30.8736
21350 36.57 66.62 0.00 -17.4050 -27.6262 -27.6262
21375 36.07 67.87 0.00 -9.8864 -24.9697 -24.9697
21400 36.07 67.87 0.00 -9.8864 -24.9697 -24.9697
21425 35.63 68.84 0.00 -12.4628 -27.9394 -27.9394
21450 35.04 69.33 0.00 -15.6096 -31.9611 -31.9611
21475 35.04 69.33 0.00 -15.6096 -31.9611 -31.9611
21500 34.32 69.47 0.00 -20.3954 -26.4710 -26.4710
21525 33.32 69.71 0.00 -28.3135 -36.7212 -36.7212
21550 33.32 69.71 0.00 -28.3135 -36.7212 -36.7212
21575 32.08 69.84 0.00 -30.9533 -38.2111 -38.2111
21600 31.00 70.24 0.00 -24.4875 -27.7020 -27.7020
21625 31.00 70.24 0.00 -24.4875 -27.7020 -27.7020
21650 30.09 71.06 0.00 -21.5555 -22.5234 -22.5234
21675 29.22 72.03 0.00 -22.4526 -19.6830 -19.6830
21700 28.18 72.49 0.00 -28.6246 -12.7673 -12.7673
21725 28.18 72.49 0.00 -28.6246 -12.7673 -12.7673
21750 27.04 72.12 0.00 -28.6183 -8.7029 -8.7029
21775 26.07 71.68 0.00 -20.6835 -13.6969 -13.6969
21800 26.07 71.68 0.00 -20.6835 -13.6969 -13.6969
21825 25.25 71.76 0.00 -21.7734 -13.9785 -13.9785
21850 24.32 71.82 0.00 -23.3068 -3.5253 -3.5253
21875 23.54 71.72 0.00 -16.1825 -6.2551 -6.2551
21900 23.54 71.72 0.00 -16.1825 -6.2551 -6.2551
21925 23.17 71.99 0.00 -6.5818 -5.0521 -5.0521
21950 22.96 72.34 0.00 -3.6775 -6.4359 -6.4359
21975 22.96 72.34 0.00 -3.6775 -6.4359 -6.4359
22000 22.89 73.02 0.00 -3.8216 -0.9169 -0.9169
22025 22.49 73.43 0.00 -12.5911 3.0638 3.0638
22050 21.95 73.71 0.00 -13.9612 4.0055 4.0055
22075 21.95 73.71 0.00 -13.9612 4.0055 4.0055
22100 21.59 73.87 0.00 -5.0801 1.9814 1.9814
22125 21.57 73.81 0.00 2.1524 3.7786 3.7786
22150 21.57 73.81 0.00 2.1524 3.7786 3.7786
22175 21.97 73.32 0.00 14.1569 5.6596 5.6596
22200 22.64 72.80 0.00 16.0289 9.0321 9.0321
22225 22.64 72.80 0.00 16.0289 9.0321 9.0321
22250 23.06 72.93 0.00 7.6248 8.5352 8.5352
22275 23.32 73.88 0.00 5.4588 0.6305 0.6305
22300 23.32 73.88 0.00 5.4588 0.6305 0.6305
22325 23.50 75.37 0.00 4.4461 -4.8636 -4.8636
22350 23.52 77.08 0.00 -3.1261 -26.2537 -26.2537
22375 23.52 77.08 0.00 -3.1261 -26.2537 -26.2537
22400 23.21 78.47 0.00 -9.9857 -28.0421 -28.0421
22425 22.87 79.60 0.00 -7.2831 -21.8955 -21.8955
22450 22.51 80.11 0.00 -8.7776 -9.7542 -9.7542
22475 22.51 80.11 0.00 -8.7776 -9.7542 -9.7542
22500 22.08 80.23 0.00 -15.3489 -5.0687 -5.0687
22525 21.31 80.06 0.00 -20.1007 -2.3927 -2.3927
22550 20.63 80.00 0.00 -16.4625 -0.4096 -0.4096
22575 20.63 80.00 0.00 -16.4625 -0.4096 -0.4096
22600 19.98 79.96 0.00 -14.9082 -5.2348 -5.2348
22625 19.33 80.19 0.00 -17.7561 -7.6671 -7.6671
22650 19.33 80.19 0.00 -17.7561 -7.6671 -7.6671
22675 18.59 80.20 0.00 -17.5167 -0.4676 -0.4676
22700 18.05 80.13 0.00 -12.8847 0.5594 0.5594
22725 18.05 80.13 0.00 -12.8847 0.5594 0.5594
22750 17.47 79.88 0.00 -15.5645 3.2461 3.2461
22775 16.83 79.83 0.00 -16.3605 -0.9281 -0.9281
22800 16.83 79.83 0.00 -16.3605 -0.9281 -0.9281
22825 16.21 80.08 0.00 -13.6842 -5.8858 -5.8858
22850 15.78 80.41 0.00 -8.1025 -7.4731 -7.4731
22875 15.57 80.62 0.00 -4.8309 -7.3248 -7.3248
22900 15.57 80.62 0.00 -4.8309 -7.3248 -7.3248
22925 15.39 80.74 0.00 -7.1823 -6.2549 -6.2549
22950 15.08 80.77 0.00 -6.4447 -8.3382 -8.3382
22975 15.08 80.77 0.00 -6.4447 -8.3382 -8.3382
23000 14.96 80.78 0.00 -1.5512 -4.6006 -4.6006
23025 14.96 80.70 0.00 0.8983 4.0756 4.0756
23050 15.04 80.78 0.00 2.6023 1.0659 1.0659
23075 15.04 80.78 0.00 2.6023 1.0659 1.0659
23100 15.22 80.92 0.00 6.3504 0.2497 0.2497
23125 15.55 80.95 0.00 9.3985 -0.9537 -0.9537
23150 15.55 80.95 0.00 9.3985 -0.9537 -0.9537
23175 15.84 80.69 0.00 4.9403 4.3584 4.3584
23200 16.02 79.99 0.00 5.3822 4.6023 4.6023
23225 16.02 79.99 0.00 5.3822 4.6023 4.6023
23250 16.35 79.17 0.00 8.7960 3.2098 3.2098
23275 16.79 77.79 0.00 14.1162 8.1503 8.1503
23300 17.74 76.26 0.00 30.7591 14.7247 14.7247
23325 17.74 76.26 0.00 30.7591 14.7247 14.7247
23350 19.27 74.23 0.00 41.8498 29.3093 29.3093
23375 21.17 71.26 0.00 49.9006 31.4589 31.4589
23400 21.17 71.26 0.00 49.9006 31.4589 31.4589
23425 22.98 67.28 0.00 41.8286 48.8417 48.8417
23450 24.70 63.19 0.00 45.4502 56.8877 56.8877
23475 24.70 63.19 0.00 45.4502 56.8877 56.8877
23500 26.75 59.20 0.00 54.5570 59.4061 59.4061
23525 28.98 55.57 0.00 56.6077 58.4835 58.4835
23550 28.98 55.57 0.00 56.6077 58.4835 58.4835
23575 31.25 53.95 0.00 53.8783 39.0588 39.0588
23600 32.66 53.52 0.00 22.6353 42.5509 42.5509
23625 32.66 53.52 0.00 22.6353 42.5509 42.5509
23650 33.37 53.99 0.00 18.1960 24.8303 24.8303
23675 33.95 54.59 0.00 10.0728 41.6327 41.6327
23700 34.11 54.94 0.00 4.8622 41.4636 41.4636
23725 34.11 54.94 0.00 4.8622 41.4636 41.4636
23750 34.38 56.90 0.00 6.8340 28.6494 28.6494
23775 34.63 59.70 0.00 5.5568 12.3211 12.3211
23800 34.63 59.70 0.00 5.5568 12.3211 12.3211
23825 34.86 61.72 0.00 8.0296 -0.2595 -0.2595
23850 35.14 62.73 0.00 2.2914 7.1665 7.1665
23875 35.04 62.91 0.00 -4.1361 18.3112 18.3112
23900 35.04 62.91 0.00 -4.1361 18.3112 18.3112
23925 34.91 62.97 0.00 -1.4625 14.7767 14.7767
23950 34.91 62.97 0.00 -1.4625 14.7767 14.7767
23975 35.02 62.78 0.00 4.6104 8.5552 8.5552
24000 35.29 62.41 0.00 7.5984 2.5014 2.5014
24025 35.54 62.13 0.00 5.6205 1.1273 1.1273
24050 35.54 62.13 0.00 5.6205 1.1273 1.1273
24075 35.75 61.93 0.00 4.3884 4.5279 4.5279
24100 35.93 61.80 0.00 4.7651 4.1365 4.1365
24125 35.93 61.80 0.00 4.7651 4.1365 4.1365
24150 36.16 61.90 0.00 6.9863 0.4748 0.4748
24175 36.43 62.49 0.00 4.6279 -0.5657 -0.5657
24200 36.48 63.87 0.00 -0.0729 -1.3104 -1.3104
24225 36.48 63.87 0.00 -0.0729 -1.3104 -1.3104
24250 36.60 65.40 0.00 6.3993 -3.8729 -3.8729
24275 36.96 66.62 0.00 7.9932 -1.8686 -1.8686
24300 36.96 66.62 0.00 7.9932 -1.8686 -1.8686
24325 37.21 67.52 0.00 5.5464 0.2167 0.2167
24350 37.44 68.07 0.00 6.4564 0.1535 0.1535
24375 37.76 67.89 0.00 9.4061 1.9033 1.9033
24400 37.76 67.89 0.00 9.4061 1.9033 1.9033
24425 38.13 67.70 0.00 7.7408 3.6472 3.6472
24450 38.13 67.70 0.00 7.7408 3.6472 3.6472
24475 38.27 67.45 0.00 1.2667 8.4297 8.4297
24500 38.32 67.34 0.00 2.4343 7.9949 7.9949
24525 38.50 67.58 0.00 5.3657 6.4297 6.4297
24550 38.50 67.58 0.00 5.3657 6.4297 6.4297
24575 38.85 67.84 0.00 11.6766 4.1589 4.1589
24600 39.40 67.50 0.00 14.7937 13.8342 13.8342
24625 40.02 66.33 0.00 15.4664 16.3305 16.3305
24650 40.02 66.33 0.00 15.4664 16.3305 16.3305
24675 40.67 64.53 0.00 17.2753 15.3820 15.3820
24700 41.48 62.82 0.00 21.5592 12.8659 12.8659
24725 41.48 62.82 0.00 21.5592 12.8659 12.8659
24750 42.39 61.54 0.00 23.9853 13.7086 13.7086
24775 43.43 60.47 0.00 27.2287 14.7777 14.7777
24800 43.43 60.47 0.00 27.2287 14.7777 14.7777
24825 44.60 59.59 0.00 30.8248 12.7714 12.7714
24850 45.84 59.05 0.00 30.6542 8.4503 8.4503
24875 45.84 59.05 0.00 30.6542 8.4503 8.4503
24900 46.98 58.51 0.00 26.4051 6.4443 6.4443
24925 47.92 58.10 0.00 21.3738 4.9874 4.9874
24950 47.92 58.10 0.00 21.3738 4.9874 4.9874
24975 48.62 58.17 0.00 15.2971 -2.0913 -2.0913
25000 49.14 58.68 0.00 11.6593 -0.4668 -0.4668
25025 49.58 59.53 0.00 10.2947 5.6837 5.6837
25050 49.58 59.53 0.00 10.2947 5.6837 5.6837
25075 49.91 60.00 0.00 7.8212 6.6164 6.6164
25100 50.33 60.35 0.00 12.3321 3.3615 3.3615
25125 50.33 60.35 0.00 12.3321 3.3615 3.3615
25150 50.87 60.85 0.00 13.0609 -1.1866 -1.1866
25175 51.29 61.64 0.00 8.6033 -2.7226 -2.7226
25200 51.29 61.64 0.00 8.6033 -2.7226 -2.7226
25225 51.47 62.14 0.00 1.8648 2.7581 2.7581
25250 51.47 62.20 0.00 -0.9765 5.5378 5.5378
25275 51.41 62.16 0.00 -2.0575 1.3862 1.3862
25300 51.41 62.16 0.00 -2.0575 1.3862 1.3862
25325 51.27 62.05 0.00 -4.3703 1.3091 1.3091
25350 51.12 61.66 0.00 -3.2739 1.2579 1.2579
25375 51.05 61.34 0.00 -0.5802 -0.1259 -0.1259
25400 51.05 61.34 0.00 -0.5802 -0.1259 -0.1259
25425 51.08 61.28 0.00 1.3247 -1.8414 -1.8414
25450 51.08 61.41 0.00 -0.6355 -0.7233 -0.7233
25475 51.08 61.41 0.00 -0.6355 -0.7233 -0.7233
25500 51.03 61.14 0.00 -1.4936 2.3261 2.3261
25525 51.03 60.62 0.00 0.6408 2.0462 2.0462
25550 51.03 60.62 0.00 0.6408 2.0462 2.0462
25575 51.15 60.19 0.00 4.6168 3.7406 3.7406
25600 51.40 59.98 0.00 7.1389 3.6212 3.6212
25625 51.76 60.09 0.00 10.8733 4.1482 4.1482
25650 51.76 60.09 0.00 10.8733 4.1482 4.1482
25675 52.44 60.29 0.00 21.8083 6.4218 6.4218
25700 53.56 60.29 0.00 30.2128 12.0909 12.0909
25725 53.56 60.29 0.00 30.2128 12.0909 12.0909
25750 54.75 60.35 0.00 28.9128 13.8208 13.8208
25775 55.77 60.56 0.00 22.9143 10.6784 10.6784
25800 55.77 60.56 0.00 22.9143 10.6784 10.6784
25825 56.64 60.71 0.00 22.5836 3.0030 3.0030
25850 57.54 60.88 0.00 22.0313 0.5469 0.5469
25875 57.54 60.88 0.00 22.0313 0.5469 0.5469
25900 58.31 61.14 0.00 16.8622 1.3066 1.3066
25925 58.82 61.16 0.00 10.5200 -0.0600 -0.0600
25950 59.24 60.97 0.00 11.9400 -1.0997 -1.0997
25975 59.24 60.97 0.00 11.9400 -1.0997 -1.0997
26000 59.66 60.83 0.00 14.8275 1.4154 1.4154
26025 60.25 60.83 0.00 13.2909 2.2057 2.2057
26050 60.25 60.83 0.00 13.2909 2.2057 2.2057
26075 60.79 60.91 0.00 14.1346 0.2461 0.2461
26100 61.36 60.93 0.00 14.4894 2.8259 2.8259
26125 61.36 60.93 0.00 14.4894 2.8259 2.8259
26150 61.91 60.82 0.00 12.6845 4.3721 4.3721
26175 62.30 60.70 0.00 8.2962 1.6204 1.6204
26200 62.60 60.65 0.00 6.7254 -2.6637 -2.6637
26225 62.60 60.65 0.00 6.7254 -2.6637 -2.6637
26250 62.77 60.56 0.00 3.5302 -3.9085 -3.9085
26275 62.85 60.39 0.00 -0.1962 -3.7941 -3.7941
26300 62.85 60.39 0.00 -0.1962 -3.7941 -3.7941
26325 62.76 60.35 0.00 -2.8648 -4.6895 -4.6895
26350 62.63 60.36 0.00 -3.4284 -3.3444 -3.3444
26375 62.49 60.24 0.00 -3.7791 -1.1945 -1.1945
26400 62.49 60.24 0.00 -3.7791 -1.1945 -1.1945
26425 62.35 59.95 0.00 -2.9857 0.1982 0.1982
26450 62.24 59.76 0.00 -2.2983 -1.1019 -1.1019
26475 62.24 59.76 0.00 -2.2983 -1.1019 -1.1019
26500 62.26 59.55 0.00 2.5923 -1.6337 -1.6337
26525 62.53 59.32 0.00 9.4619 -1.5327 -1.5327
26550 63.06 59.31 0.00 14.1022 0.4779 0.4779
26575 63.06 59.31 0.00 14.1022 0.4779 0.4779
26600 63.57 59.36 0.00 12.3788 2.6845 2.6845
26625 64.18 59.14 0.00 19.3125 1.0914 1.0914
26650 64.18 59.14 0.00 19.3125 1.0914 1.0914
26675 65.30 58.87 0.00 32.0999 -1.8165 -1.8165
26700 66.61 58.72 0.00 31.4308 -2.5754 -2.5754
26725 66.61 58.72 0.00 31.4308 -2.5754 -2.5754
26750 67.61 58.67 0.00 21.6706 -1.0019 -1.0019
26775 68.66 58.66 0.00 29.5236 -0.9385 -0.9385
26800 68.66 58.66 0.00 29.5236 -0.9385 -0.9385
26825 69.93 58.51 0.00 31.4212 2.1651 2.1651
26850 70.75 58.31 0.00 24.2194 5.4330 5.4330
26875 71.38 58.05 0.00 10.6630 5.2676 5.2676
26900 71.38 58.05 0.00 10.6630 5.2676 5.2676
26925 71.58 57.91 0.00 1.9686 3.8188 3.8188
26950 71.51 57.68 0.00 -2.9734 1.8889 1.8889
26975 71.51 57.68 0.00 -2.9734 1.8889 1.8889
27000 71.44 57.40 0.00 -0.1230 -1.5934 -1.5934
27025 71.66 57.34 0.00 8.8292 -2.3878 -2.3878
27050 72.17 57.22 0.00 15.3432 -0.9053 -0.9053
27075 72.17 57.22 0.00 15.3432 -0.9053 -0.9053
27100 72.83 56.86 0.00 16.2275 1.9068 1.9068
27125 73.34 56.45 0.00 9.7720 2.8032 2.8032
27150 73.34 56.45 0.00 9.7720 2.8032 2.8032
27175 73.57 56.15 0.00 4.1038 2.3009 2.3009
27200 73.80 55.89 0.00 6.2827 2.3496 2.3496
27225 73.80 55.89 0.00 6.2827 2.3496 2.3496
27250 73.95 55.47 0.00 1.7453 2.8643 2.8643
27275 73.90 54.95 0.00 -2.4461 2.1386 2.1386
27300 73.90 54.95 0.00 -2.4461 2.1386 2.1386
27325 73.84 54.47 0.00 -0.7738 -0.1897 -0.1897
27350 73.82 54.13 0.00 -0.6129 2.8393 2.8393
27375 73.82 54.13 0.00 -0.6129 2.8393 2.8393
27400 73.79 53.80 0.00 -1.0603 2.5176 2.5176
27425 73.68 53.59 0.00 -3.6821 -0.1140 -0.1140
27450 73.68 53.59 0.00 -3.6821 -0.1140 -0.1140
27475 73.47 53.42 0.00 -6.1836 -2.3014 -2.3014
27500 73.16 53.25 0.00 -7.8810 -2.2778 -2.2778
27525 72.85 53.10 0.00 -8.1667 -0.6951 -0.6951
27550 72.85 53.10 0.00 -8.1667 -0.6951 -0.6951
27575 72.54 52.81 0.00 -7.7702 -2.6232 -2.6232
27600 72.28 52.57 0.00 -8.5459 -1.0841 -1.0841
27625 71.89 52.28 0.00 -10.5745 -1.2998 -1.2998
27650 71.89 52.28 0.00 -10.5745 -1.2998 -1.2998
27675 71.47 52.09 0.00 -9.5047 0.9557 0.9557
27700 71.18 51.86 0.00 -6.2659 2.2881 2.2881
27725 71.00 51.48 0.00 -3.9367 1.8946 1.8946
27750 71.00 51.48 0.00 -3.9367 1.8946 1.8946
27775 70.84 51.03 0.00 -4.1088 0.7817 0.7817
27800 70.84 51.03 0.00 -4.1088 0.7817 0.7817
27825 70.65 50.53 0.00 -5.0099 0.0425 0.0425
27850 70.44 49.99 0.00 -5.7061 -0.6684 -0.6684
27875 70.44 49.99 0.00 -5.7061 -0.6684 -0.6684
27900 70.25 49.54 0.00 -4.0643 -1.1013 -1.1013
27925 70.13 49.27 0.00 -2.8470 -0.1429 -0.1429
27950 70.02 49.06 0.00 -1.6185 -0.0801 -0.0801
27975 70.02 49.06 0.00 -1.6185 -0.0801 -0.0801
28000 70.05 48.38 0.00 1.2300 2.5330 2.5330
28025 70.07 47.38 0.00 0.2251 3.6436 3.6436
28050 70.07 47.38 0.00 0.2251 3.6436 3.6436
28075 70.04 46.53 0.00 -1.8234 4.6572 4.6572
28100 69.76 45.78 0.00 -10.3448 13.1939 13.1939
28125 69.47 45.30 0.00 -5.3654 5.9560 5.9560
28150 69.47 45.30 0.00 -5.3654 5.9560 5.9560
28175 69.37 45.00 0.00 -1.7923 -1.4505 -1.4505
28200 69.26 44.54 0.00 -3.7559 -0.1621 -0.1621
28225 69.02 43.88 0.00 -7.1923 -2.8765 -2.8765
28250 69.02 43.88 0.00 -7.1923 -2.8765 -2.8765
28275 68.70 42.83 0.00 -8.0700 1.1784 1.1784
28300 68.46 41.86 0.00 -7.8500 4.1542 4.1542
28325 68.46 41.86 0.00 -7.8500 4.1542 4.1542
28350 68.08 40.60 0.00 -10.5058 1.0658 1.0658
28375 68.08 40.60 0.00 -10.5058 1.0658 1.0658
28400 67.60 39.53 0.00 -13.1127 0.7513 0.7513
28425 67.08 38.70 0.00 -13.0743 2.5008 2.5008
28450 66.57 38.00 0.00 -11.8522 -2.6241 -2.6241
28475 66.57 38.00 0.00 -11.8522 -2.6241 -2.6241
28500 66.18 37.70 0.00 -8.7435 -4.1706 -4.1706
28525 65.89 37.78 0.00 -6.1982 -4.9769 -4.9769
28550 65.89 37.78 0.00 -6.1982 -4.9769 -4.9769
28575 65.62 37.94 0.00 -7.0734 -2.5395 -2.5395
28600 65.36 38.05 0.00 -7.4793 -0.3112 -0.3112
28625 65.00 37.96 0.00 -9.1912 -2.4402 -2.4402
28650 65.00 37.96 0.00 -9.1912 -2.4402 -2.4402
28675 64.62 37.74 0.00 -10.2369 -2.3619 -2.3619
28700 63.88 37.44 0.00 -24.9083 -3.0151 -3.0151
28725 63.88 37.44 0.00 -24.9083 -3.0151 -3.0151
28750 62.81 37.15 0.00 -26.9931 -0.7251 -0.7251
28775 61.85 37.06 0.00 -21.3069 -0.7593 -0.7593
28800 61.15 36.99 0.00 -15.3859 1.8637 1.8637
28825 61.15 36.99 0.00 -15.3859 1.8637 1.8637
28850 60.62 36.91 0.00 -12.5211 2.4960 2.4960
28875 60.14 36.58 0.00 -10.3601 -1.7723 -1.7723
28900 60.14 36.58 0.00 -10.3601 -1.7723 -1.7723
28925 59.89 36.19 0.00 -4.0012 -0.0114 -0.0114
28950 59.77 35.79 0.00 -2.6951 -1.3498 -1.3498
28975 59.77 35.79 0.00 -2.6951 -1.3498 -1.3498
29000 59.66 35.34 0.00 -3.3395 -0.6775 -0.6775
29025 59.49 34.99 0.00 -4.6220 -1.6940 -1.6940
29050 59.49 34.99 0.00 -4.6220 -1.6940 -1.6940
29075 59.28 34.73 0.00 -5.8723 -1.0993 -1.0993
29100 59.12 34.50 0.00 -4.7882 0.2022 0.2022
29125 59.07 34.23 0.00 1.0711 4.6061 4.6061
29150 59.07 34.23 0.00 1.0711 4.6061 4.6061
29175 59.19 33.89 0.00 3.4751 5.3239 5.3239
29200 59.28 33.41 0.00 1.3113 4.3595 4.3595
29225 59.28 33.41 0.00 1.3113 4.3595 4.3595
29250 59.29 32.93 0.00 -0.4063 2.6606 2.6606
29275 59.22 32.61 0.00 -2.4843 0.3273 0.3273
29300 59.22 32.61 0.00 -2.4843 0.3273 0.3273
29325 59.07 32.49 0.00 -4.8775 -2.7329 -2.7329
29350 58.77 32.41 0.00 -9.4399 -3.4202 -3.4202
29375 58.38 32.25 0.00 -8.9809 0.8979 0.8979
29400 58.38 32.25 0.00 -8.9809 0.8979 0.8979
29425 58.12 32.11 0.00 -4.9701 -0.0511 -0.0511
29450 57.96 32.02 0.00 -3.8280 -2.0916 -2.0916
29475 57.96 32.02 0.00 -3.8280 -2.0916 -2.0916
29500 57.76 31.99 0.00 -5.6389 -3.1601 -3.1601
29525 57.48 31.97 0.00 -7.6630 -4.1136 -4.1136
29550 57.48 31.97 0.00 -7.6630 -4.1136 -4.1136
29575 57.15 31.87 0.00 -8.5658 -1.8646 -1.8646
29600 56.82 31.73 0.00 -8.3713 -1.8641 -1.8641
29625 56.45 31.56 0.00 -9.2195 -1.7952 -1.7952
29650 56.45 31.56 0.00 -9.2195 -1.7952 -1.7952
29675 56.13 31.52 0.00 -7.4233 -0.5484 -0.5484
29700 55.84 31.60 0.00 -6.9116 -0.6875 -0.6875
29725 55.84 31.60 0.00 -6.9116 -0.6875 -0.6875
29750 55.56 31.67 0.00 -8.0820 -0.9459 -0.9459
29775 55.12 31.57 0.00 -12.5739 -1.9301 -1.9301
29800 55.12 31.57 0.00 -12.5739 -1.9301 -1.9301
29825 54.58 31.46 0.00 -13.6038 -1.9235 -1.9235
29850 54.09 31.43 0.00 -10.9047 -2.0344 -2.0344
29875 53.81 31.40 0.00 -5.0614 -0.3807 -0.3807
29900 53.81 31.40 0.00 -5.0614 -0.3807 -0.3807
29925 53.63 31.36 0.00 -6.1919 -1.2159 -1.2159
29950 53.30 31.27 0.00 -13.3750 -0.7143 -0.7143
29975 53.30 31.27 0.00 -13.3750 -0.7143 -0.7143
30000 52.58 31.22 0.00 -19.3475 -1.1668 -1.1668
30025 51.83 31.08 0.00 -18.3429 -2.9817 -2.9817
30050 51.83 31.08 0.00 -18.3429 -2.9817 -2.9817
30075 51.12 30.91 0.00 -16.7986 -4.4138 -4.4138
30100 50.56 30.73 0.00 -11.4892 -4.0550 -4.0550
30125 50.28 30.64 0.00 -4.5693 -3.3037 -3.3037
30150 50.28 30.64 0.00 -4.5693 -3.3037 -3.3037
30175 50.17 30.53 0.00 -1.8228 -2.2806 -2.2806
30200 50.14 30.41 0.00 -0.9819 1.0698 1.0698
30225 50.14 30.41 0.00 -0.9819 1.0698 1.0698
30250 49.90 30.30 0.00 -10.1229 -0.2533 -0.2533
30275 49.35 30.12 0.00 -15.2562 0.9437 0.9437
30300 48.81 29.94 0.00 -11.7060 -0.2391 -0.2391
30325 48.81 29.94 0.00 -11.7060 -0.2391 -0.2391
30350 48.45 29.84 0.00 -7.3798 -3.1612 -3.1612
30375 48.25 29.83 0.00 -2.9138 -2.7367 -2.7367
30400 48.25 29.83 0.00 -2.9138 -2.7367 -2.7367
30425 48.24 29.91 0.00 0.6240 -0.1113 -0.1113
30450 48.27 29.92 0.00 1.0423 1.4571 1.4571
30475 48.32 30.00 0.00 0.9962 0.8197 0.8197
30500 48.32 30.00 0.00 0.9962 0.8197 0.8197
30525 48.29 30.07 0.00 -1.9178 0.6344 0.6344
30550 48.18 30.03 0.00 -3.1547 0.3537 0.3537
30575 48.18 30.03 0.00 -3.1547 0.3537 0.3537
30600 48.11 30.05 0.00 -0.8461 -1.1648 -1.1648
30625 48.11 30.05 0.00 -0.8461 -1.1648 -1.1648
30650 48.13 30.55 0.00 1.1057 -3.0595 -3.0595
30675 48.15 31.51 0.00 -0.2121 -2.8993 -2.8993
30700 48.13 32.15 0.00 -0.3600 -1.1310 -1.1310
30725 48.13 32.15 0.00 -0.3600 -1.1310 -1.1310
30750 48.11 32.68 0.00 -0.2771 -1.0970 -1.0970
30775 48.11 32.81 0.00 -0.2406 -1.4872 -1.4872
30800 48.11 32.81 0.00 -0.2406 -1.4872 -1.4872
30825 48.08 32.82 0.00 -1.7390 -4.2721 -4.2721
30850 47.98 33.06 0.00 -2.3441 -4.5103 -4.5103
30875 47.92 33.39 0.00 -0.8991 -3.4883 -3.4883
30900 47.92 33.39 0.00 -0.8991 -3.4883 -3.4883
30925 47.96 33.76 0.00 1.9510 -1.1562 -1.1562
30950 47.96 33.76 0.00 1.9510 -1.1562 -1.1562
30975 48.06 33.87 0.00 2.2907 0.8021 0.8021
31000 48.08 33.85 0.00 -0.8527 -0.0864 -0.0864
31025 47.98 33.80 0.00 -2.9868 -0.0838 -0.0838
31050 47.98 33.80 0.00 -2.9868 -0.0838 -0.0838
31075 47.91 33.80 0.00 -0.9682 0.1031 0.1031
31100 47.92 33.76 0.00 0.8248 -0.1932 -0.1932
31125 47.94 33.71 0.00 -0.1079 -0.4580 -0.4580
31150 47.94 33.71 0.00 -0.1079 -0.4580 -0.4580
31175 47.85 33.62 0.00 -3.1341 -1.9636 -1.9636
31200 47.85 33.62 0.00 -3.1341 -1.9636 -1.9636
31225 47.73 33.62 0.00 -2.9651 -1.8125 -1.8125
31250 47.64 33.69 0.00 -1.7363 -2.0066 -2.0066
31275 47.59 33.78 0.00 -1.1276 -1.6065 -1.6065
31300 47.59 33.78 0.00 -1.1276 -1.6065 -1.6065
31325 47.56 33.82 0.00 -0.9256 -0.3679 -0.3679
31350 47.52 34.03 0.00 -0.4294 -2.1014 -2.1014
31375 47.54 34.84 0.00 0.3788 -2.8936 -2.8936
31400 47.54 34.84 0.00 0.3788 -2.8936 -2.8936
31425 47.52 36.06 0.00 -0.7122 -2.0654 -2.0654
31450 47.50 37.38 0.00 -0.2981 -1.6251 -1.6251
31475 47.50 37.38 0.00 -0.2981 -1.6251 -1.6251
31500 47.50 38.32 0.00 0.4408 -3.9204 -3.9204
31525 47.54 39.29 0.00 1.3052 -7.5817 -7.5817
31550 47.54 39.29 0.00 1.3052 -7.5817 -7.5817
31575 47.56 40.32 0.00 -0.7069 -9.9359 -9.9359
31600 47.49 41.56 0.00 -1.8558 -7.8298 -7.8298
31625 47.47 43.01 0.00 0.0012 -5.4588 -5.4588
31650 47.47 43.01 0.00 0.0012 -5.4588 -5.4588
31675 47.52 44.20 0.00 2.1818 -2.0530 -2.0530
31700 47.61 44.80 0.00 1.8979 0.6862 0.6862
31725 47.61 44.80 0.00 1.8979 0.6862 0.6862
31750 47.59 45.07 0.00 -1.7380 -2.6791 -2.6791
31775 47.50 45.37 0.00 -2.3205 -0.0580 -0.0580
31800 47.50 45.37 0.00 -2.3205 -0.0580 -0.0580
31825 47.43 45.58 0.00 -1.3282 0.0593 0.0593
31850 47.42 45.60 0.00 -0.0133 0.5650 0.5650
31875 47.42 45.60 0.00 0.3987 0.7755 0.7755
31900 47.42 45.60 0.00 0.3987 0.7755 0.7755
31925 47.43 45.72 0.00 0.5063 -1.2861 -1.2861
