%#        Time[ms]        X[pixel],        Y[pixel],        Z[pixel],  dX/dt[pixel/s],  dY/dt[pixel/s],  dZ/dt[pixel/s] 
0 50.00 50.00 0.00 -4.0804 0.9610 0.9610
25 50.00 50.00 0.00 -4.0804 0.9610 0.9610
50 49.76 50.26 0.00 -6.9358 1.8433 1.8433
75 49.51 50.82 0.00 -5.0150 -1.5234 -1.5234
100 49.51 50.82 0.00 -5.0150 -1.5234 -1.5234
125 49.35 51.54 0.00 -3.6674 -2.9155 -2.9155
150 49.21 51.83 0.00 -3.3828 1.6533 1.6533
175 49.21 51.83 0.00 -3.3828 1.6533 1.6533
200 49.13 51.85 0.00 -0.9614 0.0786 0.0786
225 49.14 51.94 0.00 0.8417 -2.3468 -2.3468
250 49.14 52.15 0.00 -0.7347 -2.6040 -2.6040
275 49.14 52.15 0.00 -0.7347 -2.6040 -2.6040
300 49.11 52.48 0.00 -0.7760 -1.6882 -1.6882
325 49.13 53.00 0.00 1.3592 -1.6911 -1.6911
350 49.20 53.67 0.00 2.1038 -3.6655 -3.6655
375 49.20 53.67 0.00 2.1038 -3.6655 -3.6655
400 49.20 54.28 0.00 -1.7467 -1.1407 -1.1407
425 49.07 54.50 0.00 -3.0900 3.3767 3.3767
450 49.07 54.50 0.00 -3.0900 3.3767 3.3767
475 49.04 54.38 0.00 0.5566 3.0346 3.0346
500 49.09 54.23 0.00 -0.2629 0.9963 0.9963
525 48.85 53.91 0.00 -9.3754 -1.1781 -1.1781
550 48.85 53.91 0.00 -9.3754 -1.1781 -1.1781
575 48.32 53.49 0.00 -14.5210 -6.0904 -6.0904
600 48.32 53.49 0.00 -14.5210 -6.0904 -6.0904
625 47.71 53.27 0.00 -15.9807 -10.6142 -10.6142
650 47.05 53.13 0.00 -16.0371 -5.6958 -5.6958
675 47.05 53.13 0.00 -16.0371 -5.6958 -5.6958
700 46.65 53.07 0.00 -10.9269 -0.8689 -0.8689
725 46.47 53.13 0.00 -1.0721 2.6417 2.6417
750 46.60 53.00 0.00 4.6174 3.8293 3.8293
775 46.60 53.00 0.00 4.6174 3.8293 3.8293
800 46.79 52.69 0.00 5.0029 4.4989 4.4989
825 46.91 52.55 0.00 0.9722 1.1021 1.1021
850 46.91 52.55 0.00 0.9722 1.1021 1.1021
875 46.84 52.60 0.00 -2.6603 -0.5512 -0.5512
900 46.68 52.65 0.00 -4.4527 -0.2839 -0.2839
925 46.42 52.48 0.00 -9.1286 -2.4691 -2.4691
950 46.42 52.48 0.00 -9.1286 -2.4691 -2.4691
975 45.67 52.22 0.00 -23.3292 0.0815 0.0815
1000 44.64 51.92 0.00 -26.3244 1.1786 1.1786
1025 44.64 51.92 0.00 -26.3244 1.1786 1.1786
1050 43.67 51.66 0.00 -22.4251 -1.4216 -1.4216
1075 43.01 51.36 0.00 -11.0853 -0.4284 -0.4284
1100 43.01 51.36 0.00 -11.0853 -0.4284 -0.4284
1125 42.73 51.13 0.00 -6.8295 -5.1139 -5.1139
1150 42.43 50.95 0.00 -7.9497 -2.6663 -2.6663
1175 42.43 50.95 0.00 -7.9497 -2.6663 -2.6663
1200 42.04 50.76 0.00 -10.3328 0.5537 0.5537
1225 41.48 50.58 0.00 -17.4780 5.6963 5.6963
1250 40.76 50.37 0.00 -17.0220 3.6738 3.6738
1275 40.76 50.37 0.00 -17.0220 3.6738 3.6738
1300 40.30 50.23 0.00 -7.2249 1.1102 1.1102
1325 40.18 50.25 0.00 -1.4628 -2.4295 -2.4295
1350 40.18 50.25 0.00 -1.4628 -2.4295 -2.4295
1375 40.16 50.09 0.00 -0.2846 -4.0053 -4.0053
1400 40.19 49.93 0.00 1.0185 -2.5968 -2.5968
1425 40.18 49.86 0.00 -1.0679 0.1952 0.1952
1450 40.18 49.86 0.00 -1.0679 0.1952 0.1952
1475 40.11 49.75 0.00 -1.5012 -0.3874 -0.3874
1500 40.09 49.70 0.00 -0.2291 -1.8498 -1.8498
1525 40.09 49.70 0.00 -0.2291 -1.8498 -1.8498
1550 40.07 49.56 0.00 -0.1771 -0.8448 -0.8448
1575 40.05 49.42 0.00 -0.7103 -1.1482 -1.1482
1600 40.05 49.42 0.00 -0.7103 -1.1482 -1.1482
1625 40.02 49.39 0.00 -1.6443 -0.8102 -0.8102
1650 39.86 49.35 0.00 -5.0207 -1.0904 -1.0904
1675 39.63 49.26 0.00 -6.3232 -0.2365 -0.2365
1700 39.63 49.26 0.00 -6.3232 -0.2365 -0.2365
1725 39.37 49.10 0.00 -6.4247 -4.4165 -4.4165
1750 39.10 48.91 0.00 -6.6983 -1.2230 -1.2230
1775 38.84 48.80 0.00 -6.2155 -1.9882 -1.9882
1800 38.84 48.80 0.00 -6.2155 -1.9882 -1.9882
1825 38.61 48.76 0.00 -6.0419 -2.4641 -2.4641
1850 38.29 48.64 0.00 -8.9644 -0.1287 -0.1287
1875 38.29 48.64 0.00 -8.9644 -0.1287 -0.1287
1900 37.92 48.42 0.00 -9.5135 -0.0592 -0.0592
1925 37.31 48.12 0.00 -18.2279 3.1739 3.1739
1950 37.31 48.12 0.00 -18.2279 3.1739 3.1739
1975 36.46 47.83 0.00 -23.4039 2.8471 2.8471
2000 35.55 47.47 0.00 -21.7108 -0.4559 -0.4559
2025 34.68 47.06 0.00 -20.8939 -0.9075 -0.9075
2050 34.68 47.06 0.00 -20.8939 -0.9075 -0.9075
2075 34.02 46.68 0.00 -13.7662 0.2256 0.2256
2100 34.02 46.68 0.00 -13.7662 0.2256 0.2256
2125 33.61 46.41 0.00 -7.8649 0.8899 0.8899
2150 33.25 46.42 0.00 -10.9749 -2.9983 -2.9983
2175 32.92 46.42 0.00 -9.7863 -1.0919 -1.0919
2200 32.92 46.42 0.00 -9.7863 -1.0919 -1.0919
2225 32.55 46.29 0.00 -9.9052 2.2699 2.2699
2250 32.21 46.03 0.00 -7.5445 4.3294 4.3294
2275 31.99 45.80 0.00 -4.2380 3.3160 3.3160
2300 31.99 45.80 0.00 -4.2380 3.3160 3.3160
2325 31.94 45.49 0.00 0.6151 2.0485 2.0485
2350 31.94 45.49 0.00 0.6151 2.0485 2.0485
2375 31.95 45.30 0.00 -0.0636 -0.8681 -0.8681
2400 31.99 45.14 0.00 1.2502 1.6127 1.6127
2425 32.03 44.98 0.00 0.7965 2.2177 2.2177
2450 32.03 44.89 0.00 -1.0158 0.0142 0.0142
2475 32.03 44.89 0.00 -1.0158 0.0142 0.0142
2500 31.92 44.80 0.00 -3.0994 -0.2064 -0.2064
2525 31.83 44.74 0.00 -1.5572 -0.3334 -0.3334
2550 31.83 44.74 0.00 -1.5572 -0.3334 -0.3334
2575 31.81 44.53 0.00 0.5714 0.3834 0.3834
2600 31.83 44.12 0.00 -0.2394 0.8235 0.8235
2625 31.83 44.12 0.00 -0.2394 0.8235 0.8235
2650 31.79 43.74 0.00 -1.3522 0.1344 0.1344
2675 31.75 43.43 0.00 -0.6105 2.2962 2.2962
2700 31.75 43.43 0.00 -0.6105 2.2962 2.2962
2725 31.75 43.17 0.00 -0.0099 1.2306 1.2306
2750 31.77 42.95 0.00 1.0566 0.7137 0.7137
2775 31.83 42.75 0.00 1.2918 0.6008 0.6008
2800 31.83 42.75 0.00 1.2918 0.6008 0.6008
2825 31.81 42.56 0.00 -0.8029 -0.4762 -0.4762
2850 31.79 42.32 0.00 -0.1414 -0.3052 -0.3052
2875 31.79 42.32 0.00 -0.1414 -0.3052 -0.3052
2900 31.79 42.20 0.00 -0.0406 0.2118 0.2118
2925 31.79 42.11 0.00 0.0527 2.0323 2.0323
2950 31.79 42.11 0.00 0.0527 2.0323 2.0323
2975 31.77 42.05 0.00 -1.1020 0.8390 0.8390
3000 31.74 42.03 0.00 -1.2068 0.1918 0.1918
3025 31.74 42.03 0.00 -1.2068 0.1918 0.1918
3050 31.72 42.12 0.00 -0.7648 -1.1550 -1.1550
3075 31.65 42.18 0.00 -1.7978 -1.0714 -1.0714
3100 31.65 42.18 0.00 -1.7978 -1.0714 -1.0714
3125 31.54 42.19 0.00 -4.0155 -1.8927 -1.8927
3150 31.29 42.12 0.00 -6.9003 -0.2823 -0.2823
3175 31.29 42.12 0.00 -6.9003 -0.2823 -0.2823
3200 31.05 42.06 0.00 -5.4598 -0.9496 -0.9496
3225 30.71 42.03 0.00 -11.1786 -1.1090 -1.1090
3250 30.18 41.84 0.00 -13.2130 1.1763 1.1763
3275 29.78 41.54 0.00 -7.6347 1.2361 1.2361
3300 29.78 41.54 0.00 -7.6347 1.2361 1.2361
3325 29.55 41.12 0.00 -6.9137 0.1290 0.1290
3350 29.20 40.57 0.00 -9.0015 -0.2365 -0.2365
3375 29.20 40.57 0.00 -9.0015 -0.2365 -0.2365
3400 28.85 40.02 0.00 -8.8437 1.0166 1.0166
3425 28.53 39.24 0.00 -7.2385 3.0720 3.0720
3450 28.53 39.24 0.00 -7.2385 3.0720 3.0720
3475 28.23 38.43 0.00 -8.5323 2.4843 2.4843
3500 27.90 37.32 0.00 -6.6114 7.6975 7.6975
3525 27.90 37.32 0.00 -6.6114 7.6975 7.6975
3550 27.76 36.42 0.00 -2.5077 5.3783 5.3783
3575 27.74 35.70 0.00 0.8148 6.3137 6.3137
3600 27.74 35.70 0.00 0.8148 6.3137 6.3137
3625 27.89 35.25 0.00 4.9419 4.2615 4.2615
3650 28.12 35.05 0.00 6.1894 1.2367 1.2367
3675 28.12 35.05 0.00 6.1894 1.2367 1.2367
3700 28.36 34.86 0.00 5.5753 0.6017 0.6017
3725 28.53 34.72 0.00 3.5788 0.8915 0.8915
3750 28.63 34.72 0.00 2.2223 -0.8141 -0.8141
3775 28.63 34.72 0.00 2.2223 -0.8141 -0.8141
3800 28.73 34.80 0.00 2.3818 0.4150 0.4150
3825 28.80 34.84 0.00 2.3943 0.4276 0.4276
3850 28.93 34.90 0.00 3.5671 0.7297 0.7297
3875 28.93 34.90 0.00 3.5671 0.7297 0.7297
3900 29.09 34.98 0.00 3.9446 0.0946 0.0946
3925 29.29 35.04 0.00 6.3886 3.0693 3.0693
3950 29.29 35.04 0.00 6.3886 3.0693 3.0693
3975 29.60 35.13 0.00 8.5757 3.2604 3.2604
4000 29.89 35.17 0.00 6.3393 3.7211 3.7211
4025 30.07 35.22 0.00 3.1243 3.0311 3.0311
4050 30.07 35.22 0.00 3.1243 3.0311 3.0311
4075 30.13 35.33 0.00 0.4256 0.8458 0.8458
4100 30.13 35.46 0.00 -0.0238 0.1174 0.1174
4125 30.13 35.46 0.00 -0.0238 0.1174 0.1174
4150 30.18 35.64 0.00 2.9356 0.2932 0.2932
4175 30.34 35.74 0.00 3.4917 1.1764 1.1764
4200 30.34 35.74 0.00 3.4917 1.1764 1.1764
4225 30.47 35.73 0.00 3.3165 3.0413 3.0413
4250 30.63 35.64 0.00 4.9702 3.0895 3.0895
4275 30.87 35.56 0.00 5.8180 2.9393 2.9393
4300 30.87 35.56 0.00 5.8180 2.9393 2.9393
4325 31.00 35.58 0.00 1.8261 -0.0329 -0.0329
4350 31.00 35.69 0.00 -0.6899 -0.6102 -0.6102
4375 31.00 35.69 0.00 -0.6899 -0.6102 -0.6102
4400 30.96 35.67 0.00 -0.4482 0.3043 0.3043
4425 31.03 35.56 0.00 3.1219 2.1457 2.1457
4450 31.03 35.56 0.00 3.1219 2.1457 2.1457
4475 31.21 35.27 0.00 5.1160 1.2013 1.2013
4500 31.50 34.86 0.00 7.4695 3.6309 3.6309
4525 31.50 34.86 0.00 7.4695 3.6309 3.6309
4550 31.75 34.45 0.00 5.9620 4.8194 4.8194
4575 31.92 34.29 0.00 5.6375 4.7949 4.7949
4600 32.13 34.28 0.00 4.4012 2.6245 2.6245
4625 32.13 34.28 0.00 4.4012 2.6245 2.6245
4650 32.28 34.23 0.00 3.5463 3.3530 3.3530
4675 32.49 34.22 0.00 7.3775 3.8945 3.8945
4700 32.49 34.22 0.00 7.3775 3.8945 3.8945
4725 32.98 34.23 0.00 15.3054 6.0437 6.0437
4750 33.64 34.18 0.00 17.1286 4.6253 4.6253
4775 33.64 34.18 0.00 17.1286 4.6253 4.6253
4800 34.30 34.14 0.00 15.9749 2.3684 2.3684
4825 34.95 34.22 0.00 15.6826 2.0788 2.0788
4850 35.43 34.36 0.00 9.6692 1.4487 1.4487
4875 35.43 34.36 0.00 9.6692 1.4487 1.4487
4900 35.70 34.59 0.00 5.2850 4.2155 4.2155
4925 35.84 34.94 0.00 2.9390 1.8796 1.8796
4950 35.84 34.94 0.00 2.9390 1.8796 1.8796
4975 36.03 35.21 0.00 6.3378 2.4761 2.4761
5000 36.32 35.53 0.00 6.9763 -0.0908 -0.0908
5025 36.32 35.53 0.00 6.9763 -0.0908 -0.0908
5050 36.55 35.81 0.00 4.8989 0.7584 0.7584
5075 36.67 36.03 0.00 1.2830 0.0071 0.0071
5100 36.64 36.03 0.00 -1.5905 0.8602 0.8602
5125 36.64 36.03 0.00 -1.5905 0.8602 0.8602
5150 36.53 35.95 0.00 -2.9892 0.3947 0.3947
5175 36.46 35.90 0.00 -0.2545 -0.3189 -0.3189
5200 36.46 35.90 0.00 -0.2545 -0.3189 -0.3189
5225 36.50 35.84 0.00 1.0924 0.4803 0.4803
5250 36.55 35.79 0.00 1.7922 2.5695 2.5695
5275 36.55 35.79 0.00 1.7922 2.5695 2.5695
5300 36.66 35.77 0.00 3.0119 2.7687 2.7687
5325 36.85 35.69 0.00 6.7884 2.2753 2.2753
5350 37.17 35.62 0.00 12.3563 4.1118 4.1118
5375 37.17 35.62 0.00 12.3563 4.1118 4.1118
5400 37.69 35.54 0.00 11.8593 3.3494 3.3494
5425 38.11 35.48 0.00 9.9460 5.3880 5.3880
5450 38.11 35.48 0.00 9.9460 5.3880 5.3880
5475 38.50 35.32 0.00 10.6628 6.0546 6.0546
5500 39.17 35.23 0.00 20.9909 6.7038 6.7038
5525 39.17 35.23 0.00 20.9909 6.7038 6.7038
5550 40.09 35.32 0.00 23.8975 4.7340 4.7340
5575 40.99 35.59 0.00 19.9896 6.4453 6.4453
5600 41.60 35.89 0.00 13.1701 4.6279 4.6279
5625 41.60 35.89 0.00 13.1701 4.6279 4.6279
5650 41.95 36.04 0.00 6.2076 3.0341 3.0341
5675 41.99 36.05 0.00 -2.4382 1.4234 1.4234
5700 41.99 36.05 0.00 -2.4382 1.4234 1.4234
5725 41.87 36.05 0.00 -2.4043 2.6294 2.6294
5750 41.95 36.13 0.00 5.7498 2.1410 2.1410
5775 41.95 36.13 0.00 5.7498 2.1410 2.1410
5800 42.32 36.37 0.00 10.7942 3.0476 3.0476
5825 42.73 36.80 0.00 8.5898 3.3695 3.3695
5850 42.73 36.80 0.00 8.5898 3.3695 3.3695
5875 42.92 37.27 0.00 3.0177 2.5789 2.5789
5900 42.99 37.65 0.00 1.8577 2.5772 2.5772
5925 43.11 37.69 0.00 4.7077 4.7366 4.7366
5950 43.11 37.69 0.00 4.7077 4.7366 4.7366
5975 43.46 37.57 0.00 10.2538 7.4528 7.4528
6000 43.83 37.55 0.00 13.5832 6.4186 6.4186
6025 43.83 37.55 0.00 13.5832 6.4186 6.4186
6050 44.53 37.72 0.00 20.2736 7.1474 7.1474
6075 45.42 38.08 0.00 22.7300 10.1116 10.1116
6100 46.26 38.48 0.00 18.4325 9.5876 9.5876
6125 46.26 38.48 0.00 18.4325 9.5876 9.5876
6150 46.72 38.86 0.00 7.4859 2.1625 2.1625
6175 46.89 39.20 0.00 2.8562 0.9363 0.9363
6200 46.89 39.20 0.00 2.8562 0.9363 0.9363
6225 46.93 39.45 0.00 0.2697 0.0621 0.0621
6250 46.94 39.54 0.00 0.5194 1.1822 1.1822
6275 46.94 39.54 0.00 0.5194 1.1822 1.1822
6300 47.00 39.57 0.00 2.2823 -0.4170 -0.4170
6325 47.17 39.66 0.00 5.4966 1.1791 1.1791
6350 47.17 39.66 0.00 5.4966 1.1791 1.1791
6375 47.42 39.79 0.00 6.2346 3.2674 3.2674
6400 47.73 39.97 0.00 10.7407 4.5440 4.5440
6425 48.41 40.32 0.00 20.3653 8.4967 8.4967
6450 48.41 40.32 0.00 20.3653 8.4967 8.4967
6475 49.30 40.70 0.00 22.8953 13.8063 13.8063
6500 49.98 41.04 0.00 10.6057 7.5405 7.5405
6525 49.98 41.04 0.00 10.6057 7.5405 7.5405
6550 50.02 41.20 0.00 -4.2516 -2.9426 -2.9426
6575 49.77 41.25 0.00 -6.0975 -1.3124 -1.3124
6600 49.77 41.25 0.00 -6.0975 -1.3124 -1.3124
6625 49.65 41.44 0.00 -1.3602 -0.3825 -0.3825
6650 49.69 41.80 0.00 1.9159 -1.0068 -1.0068
6675 49.83 42.12 0.00 4.6182 -0.3412 -0.3412
6700 49.83 42.12 0.00 4.6182 -0.3412 -0.3412
6725 50.07 42.35 0.00 7.6510 -0.8266 -0.8266
6750 50.40 42.65 0.00 6.8327 -3.6855 -3.6855
6775 50.65 43.05 0.00 6.4271 -0.4234 -0.4234
6800 50.65 43.05 0.00 6.4271 -0.4234 -0.4234
6825 50.94 43.49 0.00 7.6506 -0.2283 -0.2283
6850 51.27 44.04 0.00 9.0599 1.1886 1.1886
6875 51.27 44.04 0.00 9.0599 1.1886 1.1886
6900 51.80 44.51 0.00 15.2849 7.2748 7.2748
6925 52.32 44.76 0.00 19.2736 7.7712 7.7712
6950 52.32 44.76 0.00 19.2736 7.7712 7.7712
6975 53.25 45.04 0.00 25.6296 8.9828 8.9828
7000 54.38 45.21 0.00 29.6173 5.6620 5.6620
7025 55.63 45.54 0.00 30.7063 7.1429 7.1429
7050 55.63 45.54 0.00 30.7063 7.1429 7.1429
7075 56.80 45.99 0.00 29.2148 7.8184 7.8184
7100 57.99 46.42 0.00 29.3854 5.7131 5.7131
7125 57.99 46.42 0.00 29.3854 5.7131 5.7131
7150 59.10 46.82 0.00 26.8225 3.8185 3.8185
7175 60.12 47.10 0.00 25.5070 3.0364 3.0364
7200 60.12 47.10 0.00 25.5070 3.0364 3.0364
7225 61.06 47.20 0.00 21.2122 0.0830 0.0830
7250 61.76 47.30 0.00 15.1585 0.4315 0.4315
7275 61.76 47.30 0.00 15.1585 0.4315 0.4315
7300 62.24 47.35 0.00 10.0445 2.2526 2.2526
7325 62.60 47.42 0.00 8.1689 3.3074 3.3074
7350 62.90 47.50 0.00 7.3776 2.2844 2.2844
7375 62.90 47.50 0.00 7.3776 2.2844 2.2844
7400 63.20 47.66 0.00 7.3075 -0.7172 -0.7172
7425 63.41 47.85 0.00 3.3280 -2.9893 -2.9893
7450 63.41 47.85 0.00 3.3280 -2.9893 -2.9893
7475 63.54 47.96 0.00 5.4891 -4.5975 -4.5975
7500 63.86 48.13 0.00 7.7375 -8.7892 -8.7892
7525 63.86 48.13 0.00 7.7375 -8.7892 -8.7892
7550 64.07 48.34 0.00 3.7479 -7.2348 -7.2348
7575 64.13 48.48 0.00 0.4101 -2.2668 -2.2668
7600 64.29 48.78 0.00 7.1359 4.7429 4.7429
7625 64.29 48.78 0.00 7.1359 4.7429 4.7429
7650 64.82 49.18 0.00 16.6598 5.8878 5.8878
7675 65.43 49.57 0.00 21.3502 4.0818 4.0818
7700 65.43 49.57 0.00 21.3502 4.0818 4.0818
7725 66.23 49.99 0.00 19.0352 -1.5982 -1.5982
7750 66.99 50.29 0.00 19.0870 -2.3761 -2.3761
7775 66.99 50.29 0.00 19.0870 -2.3761 -2.3761
7800 67.72 50.55 0.00 17.9973 -3.5788 -3.5788
7825 68.35 50.97 0.00 14.5037 -4.4999 -4.4999
7850 68.82 51.50 0.00 10.3612 -3.8943 -3.8943
7875 68.82 51.50 0.00 10.3612 -3.8943 -3.8943
7900 69.35 51.89 0.00 15.4035 -3.8396 -3.8396
7925 70.02 52.32 0.00 16.5438 -4.8686 -4.8686
7950 70.02 52.32 0.00 16.5438 -4.8686 -4.8686
7975 70.58 52.81 0.00 12.6140 -8.6724 -8.6724
8000 71.04 53.30 0.00 11.8115 -6.7874 -6.7874
8025 71.53 53.44 0.00 12.4998 -4.1446 -4.1446
8050 71.53 53.44 0.00 12.4998 -4.1446 -4.1446
8075 72.08 53.40 0.00 14.8585 -7.7873 -7.7873
8100 72.74 53.42 0.00 17.5904 -10.3705 -10.3705
8125 72.74 53.42 0.00 17.5904 -10.3705 -10.3705
8150 73.47 53.47 0.00 18.7728 -13.6778 -13.6778
8175 74.17 53.38 0.00 16.0902 -11.9786 -11.9786
8200 74.17 53.38 0.00 16.0902 -11.9786 -11.9786
8225 74.67 53.26 0.00 10.4296 -13.5073 -13.5073
8250 74.93 52.86 0.00 4.2864 -10.4275 -10.4275
8275 74.93 52.86 0.00 4.2864 -10.4275 -10.4275
8300 74.97 52.63 0.00 -2.8031 -7.8516 -7.8516
8325 74.60 52.36 0.00 -11.2493 -7.6249 -7.6249
8350 74.10 52.43 0.00 -12.5825 -4.8156 -4.8156
8375 74.10 52.43 0.00 -12.5825 -4.8156 -4.8156
8400 73.62 52.88 0.00 -11.6352 -1.0741 -1.0741
8425 73.62 52.88 0.00 -11.6352 -1.0741 -1.0741
8450 73.27 53.06 0.00 -6.2407 -0.6306 -0.6306
8475 73.14 53.11 0.00 -3.7936 -1.0394 -1.0394
8500 72.98 53.12 0.00 -4.4211 -3.5856 -3.5856
8525 72.98 53.12 0.00 -4.4211 -3.5856 -3.5856
8550 72.77 53.10 0.00 -5.0264 -1.5475 -1.5475
8575 72.52 53.21 0.00 -7.8040 -4.1699 -4.1699
8600 72.52 53.21 0.00 -7.8040 -4.1699 -4.1699
8625 72.11 53.47 0.00 -11.6021 -5.4180 -5.4180
8650 71.47 53.96 0.00 -19.0749 -7.6347 -7.6347
8675 71.47 53.96 0.00 -19.0749 -7.6347 -7.6347
8700 70.51 54.85 0.00 -26.9052 -17.1739 -17.1739
8725 69.33 55.91 0.00 -31.4436 -18.2842 -18.2842
8750 67.87 57.36 0.00 -39.4684 -27.2187 -27.2187
8775 67.87 57.36 0.00 -39.4684 -27.2187 -27.2187
8800 66.21 58.98 0.00 -41.6119 -27.9972 -27.9972
8825 64.57 60.82 0.00 -40.2401 -28.0510 -28.0510
8850 64.57 60.82 0.00 -40.2401 -28.0510 -28.0510
8875 63.11 62.63 0.00 -32.9131 -26.3241 -26.3241
8900 62.08 64.49 0.00 -19.7984 -17.1378 -17.1378
8925 62.01 66.02 0.00 14.1230 -16.8524 -16.8524
8950 62.01 66.02 0.00 14.1230 -16.8524 -16.8524
8975 63.38 67.60 0.00 42.6264 -10.0467 -10.0467
9000 65.43 69.06 0.00 56.9350 -10.0371 -10.0371
9025 67.72 70.47 0.00 53.6709 -12.0762 -12.0762
9050 67.72 70.47 0.00 53.6709 -12.0762 -12.0762
9075 69.51 72.50 0.00 43.9861 -23.2860 -23.2860
9100 71.46 74.04 0.00 49.0695 -21.7576 -21.7576
9125 71.46 74.04 0.00 49.0695 -21.7576 -21.7576
9150 73.44 75.41 0.00 51.4314 -37.2705 -37.2705
9175 75.38 75.57 0.00 44.9340 -17.4346 -17.4346
9200 75.38 75.57 0.00 44.9340 -17.4346 -17.4346
9225 77.00 74.75 0.00 37.6641 -16.6333 -16.6333
9250 78.05 73.85 0.00 35.5995 -12.1720 -12.1720
9275 78.05 73.85 0.00 35.5995 -12.1720 -12.1720
9300 79.37 73.47 0.00 28.5076 -0.0601 -0.0601
9325 79.94 73.67 0.00 5.9442 0.9681 0.9681
9350 79.94 73.67 0.00 5.9442 0.9681 0.9681
9375 79.91 74.04 0.00 -4.1358 -0.2418 -0.2418
9400 79.51 74.19 0.00 -13.8700 17.2405 17.2405
9425 78.73 73.79 0.00 -21.0888 14.0825 14.0825
9450 78.73 73.79 0.00 -21.0888 14.0825 14.0825
9475 77.98 73.13 0.00 -16.0893 3.7672 3.7672
9500 77.51 72.23 0.00 -9.6045 3.0105 3.0105
9525 77.51 72.23 0.00 -9.6045 3.0105 3.0105
9550 77.23 71.60 0.00 -6.3678 7.0838 7.0838
9575 77.00 71.34 0.00 -4.1637 9.4708 9.4708
9600 77.28 71.15 0.00 14.5138 4.2467 4.2467
9625 77.28 71.15 0.00 14.5138 4.2467 4.2467
9650 78.15 71.12 0.00 25.3687 4.1579 4.1579
9675 78.15 71.12 0.00 25.3687 4.1579 4.1579
9700 79.34 70.56 0.00 34.5785 -1.1707 -1.1707
9725 81.15 69.55 0.00 52.6008 11.2989 11.2989
9750 83.52 68.31 0.00 62.1687 22.8371 22.8371
9775 83.52 68.31 0.00 62.1687 22.8371 22.8371
9800 85.71 67.47 0.00 48.1083 27.0593 27.0593
9825 87.11 67.06 0.00 28.1918 11.9152 11.9152
9850 88.23 67.36 0.00 29.2954 1.6490 1.6490
9875 88.23 67.36 0.00 29.2954 1.6490 1.6490
9900 89.25 67.46 0.00 24.0897 9.3784 9.3784
9925 90.02 67.38 0.00 15.7432 16.8487 16.8487
9950 90.02 67.38 0.00 15.7432 16.8487 16.8487
9975 90.16 67.12 0.00 -3.3021 13.6153 13.6153
10000 89.73 66.38 0.00 -14.7997 16.2917 16.2917
10025 89.13 66.12 0.00 -23.0810 13.6368 13.6368
10050 89.13 66.12 0.00 -23.0810 13.6368 13.6368
10075 88.13 66.08 0.00 -23.2679 4.2555 4.2555
10100 87.41 66.16 0.00 -13.5589 -1.9233 -1.9233
10125 87.41 66.16 0.00 -13.5589 -1.9233 -1.9233
10150 87.01 65.86 0.00 -8.9447 9.7951 9.7951
10175 86.71 66.10 0.00 -6.0633 -2.1960 -2.1960
10200 86.71 66.10 0.00 -6.0633 -2.1960 -2.1960
10225 86.65 66.25 0.00 1.4461 -11.0459 -11.0459
10250 86.89 66.90 0.00 9.2217 -8.3393 -8.3393
10275 87.41 67.30 0.00 14.9765 1.0038 1.0038
10300 87.41 67.30 0.00 14.9765 1.0038 1.0038
10325 87.99 67.52 0.00 13.0376 12.3634 12.3634
10350 88.35 68.06 0.00 7.4015 11.4289 11.4289
10375 88.35 68.06 0.00 7.4015 11.4289 11.4289
10400 88.81 68.47 0.00 14.6320 8.1134 8.1134
10425 89.27 69.05 0.00 6.7250 -0.4343 -0.4343
10450 89.27 69.05 0.00 6.7250 -0.4343 -0.4343
10475 89.29 69.78 0.00 -2.3357 -3.7325 -3.7325
10500 89.21 70.21 0.00 -1.3417 -9.5706 -9.5706
10525 89.21 70.21 0.00 -1.3417 -9.5706 -9.5706
10550 89.07 70.80 0.00 -4.0048 -15.6179 -15.6179
10575 88.99 70.87 0.00 -0.1733 -8.2744 -8.2744
10600 88.99 71.01 0.00 -0.2716 0.3220 0.3220
10625 88.99 71.01 0.00 -0.2716 0.3220 0.3220
10650 88.95 70.77 0.00 -1.8201 5.0663 5.0663
10675 88.77 70.63 0.00 -6.8992 -0.0431 -0.0431
10700 88.77 70.63 0.00 -6.8992 -0.0431 -0.0431
10725 88.23 70.06 0.00 -16.4644 -0.4018 -0.4018
10750 87.51 69.37 0.00 -18.2304 1.1847 1.1847
10775 86.87 68.66 0.00 -14.3329 -0.9757 -0.9757
10800 86.87 68.66 0.00 -14.3329 -0.9757 -0.9757
10825 86.48 68.16 0.00 -13.2260 0.5727 0.5727
10850 86.04 67.29 0.00 -8.8032 1.6003 1.6003
10875 86.04 67.29 0.00 -8.8032 1.6003 1.6003
10900 85.71 66.66 0.00 -9.1690 1.6000 1.6000
10925 85.22 66.19 0.00 -13.4274 1.5878 1.5878
10950 85.22 66.19 0.00 -13.4274 1.5878 1.5878
10975 84.67 65.98 0.00 -13.8962 -1.4801 -1.4801
11000 84.10 65.85 0.00 -15.5501 -3.7323 -3.7323
11025 83.38 65.63 0.00 -19.2715 -2.2348 -2.2348
11050 83.38 65.63 0.00 -19.2715 -2.2348 -2.2348
11075 82.57 65.66 0.00 -20.7745 -3.4698 -3.4698
11100 81.76 65.89 0.00 -19.3266 -4.5738 -4.5738
11125 81.76 65.89 0.00 -19.3266 -4.5738 -4.5738
11150 81.05 66.18 0.00 -17.6008 -9.4124 -9.4124
11175 80.25 66.65 0.00 -21.8908 -8.7660 -8.7660
11200 80.25 66.65 0.00 -21.8908 -8.7660 -8.7660
11225 79.37 66.73 0.00 -19.6157 -14.5106 -14.5106
11250 78.84 66.51 0.00 -10.3237 -6.7941 -6.7941
11275 78.84 66.51 0.00 -10.3237 -6.7941 -6.7941
11300 78.41 66.29 0.00 -12.2541 -5.0091 -5.0091
11325 77.90 65.98 0.00 -11.6379 -5.8925 -5.8925
11350 77.58 65.75 0.00 -6.0124 -2.6310 -2.6310
11375 77.34 65.67 0.00 -5.7429 -1.2814 -1.2814
11400 77.34 65.67 0.00 -5.7429 -1.2814 -1.2814
11425 77.19 65.81 0.00 -3.4137 -2.0558 -2.0558
11450 77.06 65.83 0.00 -2.5794 3.3251 3.3251
11475 77.06 65.83 0.00 -2.5794 3.3251 3.3251
11500 76.93 65.77 0.00 -4.2699 2.4106 2.4106
11525 76.93 65.77 0.00 -4.2699 2.4106 2.4106
11550 76.70 65.76 0.00 -6.6393 0.0352 0.0352
11575 76.35 65.89 0.00 -10.8495 -6.7119 -6.7119
11600 75.95 66.01 0.00 -13.1156 -1.4657 -1.4657
11625 75.95 66.01 0.00 -13.1156 -1.4657 -1.4657
11650 75.42 65.98 0.00 -13.8348 4.2249 4.2249
11675 74.84 65.96 0.00 -14.8068 -0.4050 -0.4050
11700 74.84 65.96 0.00 -14.8068 -0.4050 -0.4050
11725 74.27 66.38 0.00 -14.0691 -4.7364 -4.7364
11750 73.80 66.60 0.00 -10.5632 -4.6876 -4.6876
11775 73.80 66.60 0.00 -10.5632 -4.6876 -4.6876
11800 73.42 66.78 0.00 -10.1922 -5.9200 -5.9200
11825 72.88 66.78 0.00 -14.8223 -0.9242 -0.9242
11850 72.11 66.74 0.00 -22.7918 -0.0468 -0.0468
11875 72.11 66.74 0.00 -22.7918 -0.0468 -0.0468
11900 71.04 66.82 0.00 -28.4461 -4.8992 -4.8992
11925 69.91 67.00 0.00 -27.5682 -1.5812 -1.5812
11950 69.91 67.00 0.00 -27.5682 -1.5812 -1.5812
11975 68.90 67.12 0.00 -24.3634 0.0429 0.0429
12000 67.99 67.21 0.00 -21.0368 1.3475 1.3475
12025 67.52 67.15 0.00 -12.3775 2.7750 2.7750
12050 67.52 67.15 0.00 -12.3775 2.7750 2.7750
12075 67.27 67.14 0.00 -3.3863 5.7469 5.7469
12100 67.34 66.96 0.00 5.5330 4.5440 4.5440
12125 67.34 66.96 0.00 5.5330 4.5440 4.5440
12150 67.69 66.70 0.00 9.8609 2.6482 2.6482
12175 67.69 66.70 0.00 9.8609 2.6482 2.6482
12200 67.97 66.60 0.00 5.1194 -3.0214 -3.0214
12225 68.06 66.69 0.00 0.6787 -0.8195 -0.8195
12250 68.05 66.65 0.00 -0.0341 1.0429 1.0429
12275 68.05 66.65 0.00 -0.0341 1.0429 1.0429
12300 68.05 66.62 0.00 -1.0353 0.2700 0.2700
12325 67.99 66.74 0.00 -1.8708 -3.6570 -3.6570
12350 68.01 66.83 0.00 1.3511 0.0555 0.0555
12375 68.01 66.83 0.00 1.3511 0.0555 0.0555
12400 68.08 66.96 0.00 1.8850 3.2578 3.2578
12425 68.06 67.09 0.00 -2.0312 2.3377 2.3377
12450 68.06 67.09 0.00 -2.0312 2.3377 2.3377
12475 67.87 67.28 0.00 -6.6830 0.4536 0.4536
12500 67.54 67.31 0.00 -8.7919 -0.2878 -0.2878
12525 67.18 67.28 0.00 -8.7926 0.2254 0.2254
12550 67.18 67.28 0.00 -8.7926 0.2254 0.2254
12575 66.84 67.29 0.00 -8.5536 0.3079 0.3079
12600 66.47 67.32 0.00 -9.8803 0.9349 0.9349
12625 66.07 67.26 0.00 -9.3450 1.8156 1.8156
12650 66.07 67.26 0.00 -9.3450 1.8156 1.8156
12675 65.68 67.07 0.00 -11.0854 0.3364 0.3364
12700 65.16 66.86 0.00 -14.3574 0.0337 0.0337
12725 65.16 66.86 0.00 -14.3574 0.0337 0.0337
12750 64.57 66.67 0.00 -14.8303 -0.2126 -0.2126
12775 64.04 66.32 0.00 -11.2560 0.6594 0.6594
12800 64.04 66.32 0.00 -11.2560 0.6594 0.6594
12825 63.68 66.03 0.00 -8.1443 -1.6933 -1.6933
12850 63.40 65.88 0.00 -6.5125 -0.8503 -0.8503
12875 63.40 65.88 0.00 -6.5125 -0.8503 -0.8503
12900 63.20 65.72 0.00 -3.7639 -0.7861 -0.7861
12925 63.13 65.46 0.00 -1.1352 2.1339 2.1339
12950 63.13 65.46 0.00 -1.1352 2.1339 2.1339
12975 63.04 65.28 0.00 -3.4419 0.2703 0.2703
13000 62.90 65.19 0.00 -2.7758 -1.7499 -1.7499
13025 62.85 65.03 0.00 -0.2654 1.1792 1.1792
13050 62.85 65.03 0.00 -0.2654 1.1792 1.1792
13075 62.85 64.84 0.00 -0.8956 0.8079 0.8079
13100 62.77 64.64 0.00 -1.7392 0.6688 0.6688
13125 62.77 64.64 0.00 -1.7392 0.6688 0.6688
13150 62.74 64.57 0.00 -1.3482 0.1334 0.1334
13175 62.70 64.44 0.00 -0.8158 2.3384 2.3384
13200 62.65 64.28 0.00 -1.8547 0.1122 0.1122
13225 62.65 64.28 0.00 -1.8547 0.1122 0.1122
13250 62.53 64.28 0.00 -3.7902 -2.2649 -2.2649
13275 62.35 64.40 0.00 -5.2586 -0.6433 -0.6433
13300 62.35 64.40 0.00 -5.2586 -0.6433 -0.6433
13325 62.07 64.33 0.00 -7.4566 -0.7562 -0.7562
13350 61.78 64.15 0.00 -6.9531 0.0501 0.0501
13375 61.78 64.15 0.00 -6.9531 0.0501 0.0501
13400 61.48 64.05 0.00 -8.5513 -2.9083 -2.9083
13425 61.11 64.00 0.00 -9.2549 -2.6985 -2.6985
13450 61.11 64.00 0.00 -9.2549 -2.6985 -2.6985
13475 60.74 63.99 0.00 -8.8653 -1.9126 -1.9126
13500 60.40 63.85 0.00 -7.7331 -2.2726 -2.2726
13525 60.10 63.74 0.00 -8.0407 -2.7709 -2.7709
13550 60.10 63.74 0.00 -8.0407 -2.7709 -2.7709
13575 59.73 63.66 0.00 -9.6392 -4.1336 -4.1336
13600 59.35 63.52 0.00 -9.7077 -3.3254 -3.3254
13625 59.35 63.52 0.00 -9.7077 -3.3254 -3.3254
13650 59.00 63.37 0.00 -8.6621 -1.1877 -1.1877
13675 58.61 63.33 0.00 -10.7889 -0.4496 -0.4496
13700 58.17 63.42 0.00 -10.4125 0.1703 0.1703
13725 58.17 63.42 0.00 -10.4125 0.1703 0.1703
13750 57.82 63.50 0.00 -7.4400 -0.1266 -0.1266
13775 57.61 63.47 0.00 -4.6693 0.1779 0.1779
13800 57.61 63.47 0.00 -4.6693 0.1779 0.1779
13825 57.40 63.41 0.00 -5.8515 0.3374 0.3374
13850 57.13 63.55 0.00 -7.0174 1.9255 1.9255
13875 57.13 63.55 0.00 -7.0174 1.9255 1.9255
13900 56.80 63.99 0.00 -9.0814 2.3712 2.3712
13925 56.80 63.99 0.00 -9.0814 2.3712 2.3712
13950 56.50 64.25 0.00 -10.2050 2.6446 2.6446
13975 56.08 64.78 0.00 -10.7498 2.8907 2.8907
14000 55.61 65.35 0.00 -12.0579 -1.4925 -1.4925
14025 55.21 65.86 0.00 -8.2507 -2.8866 -2.8866
14050 55.21 65.86 0.00 -8.2507 -2.8866 -2.8866
14075 55.00 66.35 0.00 -4.0974 -0.2738 -0.2738
14100 54.89 66.69 0.00 -2.5081 2.6749 2.6749
14125 54.89 66.69 0.00 -2.5081 2.6749 2.6749
14150 54.70 66.83 0.00 -5.6381 0.7627 0.7627
14175 54.45 66.92 0.00 -5.7081 -3.5151 -3.5151
14200 54.26 67.18 0.00 -4.5295 -5.0397 -5.0397
14225 54.26 67.18 0.00 -4.5295 -5.0397 -5.0397
14250 54.12 67.24 0.00 -3.3653 -4.9258 -4.9258
14275 54.02 67.15 0.00 -2.2215 -5.4316 -5.4316
14300 54.02 67.15 0.00 -2.2215 -5.4316 -5.4316
14325 53.96 67.00 0.00 -0.5466 -4.6000 -4.6000
14350 54.02 66.63 0.00 2.9659 -2.8390 -2.8390
14375 54.02 66.63 0.00 2.9659 -2.8390 -2.8390
14400 54.21 66.24 0.00 5.7093 2.5365 2.5365
14425 54.42 65.75 0.00 4.7880 6.3120 6.3120
14450 54.59 64.68 0.00 4.2772 10.3378 10.3378
14475 54.59 64.68 0.00 4.2772 10.3378 10.3378
14500 54.79 63.27 0.00 4.6779 9.5277 9.5277
14525 54.91 61.92 0.00 2.5314 9.7336 9.7336
14550 54.91 61.92 0.00 2.5314 9.7336 9.7336
14575 55.01 60.86 0.00 1.9952 9.9626 9.9626
14600 54.98 60.23 0.00 -2.3153 4.8301 4.8301
14625 54.98 60.23 0.00 -2.3153 4.8301 4.8301
14650 54.89 59.84 0.00 -2.8709 2.5727 2.5727
14675 54.79 59.53 0.00 -2.6857 1.0752 1.0752
14700 54.68 59.40 0.00 -2.9312 2.2111 2.2111
14725 54.68 59.40 0.00 -2.9312 2.2111 2.2111
14750 54.42 59.32 0.00 -8.8843 -1.2548 -1.2548
14775 54.00 59.02 0.00 -11.1738 -0.1498 -0.1498
14800 54.00 59.02 0.00 -11.1738 -0.1498 -0.1498
14825 53.56 58.44 0.00 -10.0258 1.8117 1.8117
14850 53.20 57.98 0.00 -8.4352 0.9628 0.9628
14875 53.20 57.98 0.00 -8.4352 0.9628 0.9628
14900 52.93 57.74 0.00 -5.4009 0.8996 0.8996
14925 52.76 57.60 0.00 -4.1845 -0.8597 -0.8597
14950 52.58 57.16 0.00 -4.7159 1.5831 1.5831
14975 52.58 57.16 0.00 -4.7159 1.5831 1.5831
15000 52.39 56.44 0.00 -4.1536 2.6618 2.6618
15025 52.39 56.44 0.00 -4.1536 2.6618 2.6618
15050 52.22 55.85 0.00 -4.7068 -0.1825 -0.1825
15075 52.06 55.57 0.00 -3.3353 1.4665 1.4665
15100 51.99 55.40 0.00 -1.0033 3.2009 3.2009
15125 51.99 55.40 0.00 -1.0033 3.2009 3.2009
15150 51.96 55.26 0.00 -0.6095 0.5561 0.5561
15175 51.96 54.91 0.00 0.0733 0.0260 0.0260
15200 51.96 54.91 0.00 0.0733 0.0260 0.0260
15225 51.96 54.50 0.00 0.4854 -1.3487 -1.3487
15250 52.02 54.33 0.00 2.1443 1.9096 1.9096
15275 52.18 54.14 0.00 4.8428 4.3158 4.3158
15300 52.18 54.14 0.00 4.8428 4.3158 4.3158
15325 52.36 54.03 0.00 3.7104 1.9214 1.9214
15350 52.48 53.84 0.00 3.3017 0.8070 0.8070
15375 52.48 53.84 0.00 3.3017 0.8070 0.8070
15400 52.65 53.67 0.00 4.6567 2.0616 2.0616
15425 52.79 53.60 0.00 5.3477 4.3386 4.3386
15450 53.00 53.67 0.00 5.0044 1.8829 1.8829
15475 53.00 53.67 0.00 5.0044 1.8829 1.8829
15500 53.20 53.58 0.00 4.2533 3.3079 3.3079
15525 53.35 53.27 0.00 3.6953 4.1135 4.1135
15550 53.35 53.27 0.00 3.6953 4.1135 4.1135
15575 53.51 52.88 0.00 3.8611 3.1831 3.1831
15600 53.63 52.57 0.00 2.9724 0.3773 0.3773
15625 53.63 52.57 0.00 2.9724 0.3773 0.3773
15650 53.65 52.36 0.00 -1.5247 1.6328 1.6328
15675 53.51 51.87 0.00 -4.5183 3.6173 3.6173
15700 53.51 51.87 0.00 -4.5183 3.6173 3.6173
15725 53.33 51.31 0.00 -4.2894 2.3391 2.3391
15750 53.16 50.98 0.00 -4.9402 5.3562 5.3562
15775 52.95 50.38 0.00 -5.3305 6.3133 6.3133
15800 52.95 50.38 0.00 -5.3305 6.3133 6.3133
15825 52.78 49.79 0.00 -3.0860 3.3436 3.3436
15850 52.72 49.42 0.00 -0.3820 2.8814 2.8814
15875 52.72 49.42 0.00 -0.3820 2.8814 2.8814
15900 52.72 49.11 0.00 0.1212 1.1844 1.1844
15925 52.64 48.83 0.00 -4.2616 -0.4196 -0.4196
15950 52.39 48.63 0.00 -6.9998 -1.0098 -1.0098
15975 52.39 48.63 0.00 -6.9998 -1.0098 -1.0098
16000 52.02 48.48 0.00 -9.1721 -4.3112 -4.3112
16025 51.73 48.27 0.00 -6.2082 -2.8323 -2.8323
16050 51.73 48.27 0.00 -6.2082 -2.8323 -2.8323
16075 51.57 48.08 0.00 -2.8051 1.8781 1.8781
16100 51.54 47.97 0.00 0.4511 1.7558 1.7558
16125 51.54 47.97 0.00 0.4511 1.7558 1.7558
16150 51.62 47.71 0.00 3.1440 2.3128 2.3128
16175 51.62 47.71 0.00 3.1440 2.3128 2.3128
16200 51.78 47.36 0.00 4.4813 2.8688 2.8688
16225 51.92 47.08 0.00 2.1722 1.3616 1.3616
16250 51.94 46.78 0.00 0.1673 1.7707 1.7707
16275 51.94 46.78 0.00 0.1673 1.7707 1.7707
16300 51.96 46.48 0.00 0.6025 1.5679 1.5679
16325 52.01 46.20 0.00 1.1690 2.4288 2.4288
16350 52.01 45.59 0.00 -0.8613 3.1155 3.1155
16375 52.01 45.59 0.00 -0.8613 3.1155 3.1155
16400 51.96 44.85 0.00 -1.1724 3.5970 3.5970
16425 51.96 44.85 0.00 -1.1724 3.5970 3.5970
16450 51.94 44.32 0.00 -0.2415 3.0309 3.0309
16475 51.92 44.09 0.00 -0.6785 2.7054 2.7054
16500 51.89 44.02 0.00 -0.8897 0.7338 0.7338
16525 51.89 44.02 0.00 -0.8897 0.7338 0.7338
16550 51.85 43.93 0.00 -0.4843 1.7976 1.7976
16575 51.83 43.84 0.00 -1.0118 1.6753 1.6753
16600 51.83 43.84 0.00 -1.0118 1.6753 1.6753
16625 51.75 43.63 0.00 -2.2661 2.7391 2.7391
16650 51.64 43.23 0.00 -3.3071 3.7740 3.7740
16675 51.50 42.91 0.00 -3.5279 0.8222 0.8222
16700 51.50 42.91 0.00 -3.5279 0.8222 0.8222
16725 51.41 42.75 0.00 -0.7979 0.9245 0.9245
16750 51.45 42.68 0.00 1.2426 1.6023 1.6023
16775 51.45 42.68 0.00 1.2426 1.6023 1.6023
16800 51.52 42.34 0.00 2.2326 3.2215 3.2215
16825 51.62 41.88 0.00 2.8332 3.8897 3.8897
16850 51.71 41.32 0.00 1.9105 4.6374 4.6374
16875 51.71 41.32 0.00 1.9105 4.6374 4.6374
16900 51.76 40.66 0.00 0.4602 4.3567 4.3567
16925 51.76 40.15 0.00 -0.1948 4.9797 4.9797
16950 51.76 40.15 0.00 -0.1948 4.9797 4.9797
16975 51.80 39.49 0.00 2.1539 3.2395 3.2395
17000 51.90 39.19 0.00 4.3801 3.1152 3.1152
17025 51.90 39.19 0.00 4.3801 3.1152 3.1152
17050 52.18 38.61 0.00 8.5873 7.1105 7.1105
17075 52.64 37.56 0.00 12.6210 10.4066 10.4066
17100 52.64 37.56 0.00 12.6210 10.4066 10.4066
17125 53.09 36.34 0.00 10.1502 9.7545 9.7545
17150 53.40 35.38 0.00 6.7132 7.4879 7.4879
17175 53.56 34.66 0.00 2.1526 7.2378 7.2378
17200 53.56 34.66 0.00 2.1526 7.2378 7.2378
17225 53.60 34.04 0.00 0.8462 6.9198 6.9198
17250 53.65 33.35 0.00 1.2683 6.1202 6.1202
17275 53.65 33.35 0.00 1.2683 6.1202 6.1202
17300 53.70 32.64 0.00 1.0764 4.1655 4.1655
17325 53.72 32.15 0.00 0.5077 4.5006 4.5006
17350 53.72 32.15 0.00 0.5077 4.5006 4.5006
17375 53.77 32.04 0.00 1.6375 3.6207 3.6207
17400 53.82 32.04 0.00 1.0015 0.8436 0.8436
17425 53.82 32.04 0.00 1.0015 0.8436 0.8436
17450 53.82 32.07 0.00 -1.0907 -0.3385 -0.3385
17475 53.70 31.93 0.00 -4.3111 -0.6880 -0.6880
17500 53.53 31.71 0.00 -4.1454 0.4649 0.4649
17525 53.53 31.71 0.00 -4.1454 0.4649 0.4649
17550 53.37 31.62 0.00 -3.9563 0.7438 0.7438
17575 53.23 31.57 0.00 -3.0659 0.2009 0.2009
17600 53.11 31.62 0.00 -2.3237 -2.1449 -2.1449
17625 53.11 31.62 0.00 -2.3237 -2.1449 -2.1449
17650 53.07 31.73 0.00 -0.4942 -1.6328 -1.6328
17675 53.09 31.80 0.00 1.2671 -0.9593 -0.9593
17700 53.09 31.80 0.00 1.2671 -0.9593 -0.9593
17725 53.13 31.66 0.00 0.2717 0.4318 0.4318
17750 53.11 31.33 0.00 -1.2039 1.9046 1.9046
17775 53.11 31.33 0.00 -1.2039 1.9046 1.9046
17800 53.00 30.67 0.00 -2.4509 0.6876 0.6876
17825 52.95 30.17 0.00 -1.3321 0.2345 0.2345
17850 52.93 29.79 0.00 -0.1087 3.0584 3.0584
17875 52.93 29.79 0.00 -0.1087 3.0584 3.0584
17900 52.93 29.55 0.00 0.0115 4.0572 4.0572
17925 52.95 29.49 0.00 -0.0091 2.9508 2.9508
17950 52.95 29.49 0.00 -0.0091 2.9508 2.9508
17975 52.97 29.36 0.00 1.3367 3.3428 3.3428
18000 53.09 29.14 0.00 3.7658 3.1691 3.1691
18025 53.09 29.14 0.00 3.7658 3.1691 3.1691
18050 53.23 28.62 0.00 2.8576 3.5628 3.5628
18075 53.32 28.02 0.00 2.2286 4.6871 4.6871
18100 53.32 28.02 0.00 2.2286 4.6871 4.6871
18125 53.40 27.54 0.00 1.7367 5.7564 5.7564
18150 53.49 27.30 0.00 3.3649 5.6278 5.6278
18175 53.74 27.29 0.00 7.8576 5.7171 5.7171
18200 53.74 27.29 0.00 7.8576 5.7171 5.7171
18225 54.21 27.08 0.00 14.1972 7.5205 7.5205
18250 54.70 26.63 0.00 9.9672 6.8342 6.8342
18275 54.70 26.63 0.00 9.9672 6.8342 6.8342
18300 54.98 25.84 0.00 5.8220 7.8797 7.8797
18325 55.17 24.57 0.00 4.6023 9.1677 9.1677
18350 55.38 23.37 0.00 5.9965 9.4760 9.4760
18375 55.38 23.37 0.00 5.9965 9.4760 9.4760
18400 55.63 22.52 0.00 5.7426 6.0902 6.0902
18425 55.80 22.25 0.00 4.0176 6.5375 6.5375
18450 55.80 22.25 0.00 4.0176 6.5375 6.5375
18475 55.92 22.02 0.00 2.2956 4.6487 4.6487
18500 55.98 21.73 0.00 0.5600 3.4048 3.4048
18525 55.98 21.73 0.00 0.5600 3.4048 3.4048
18550 55.98 21.27 0.00 0.0568 5.3579 5.3579
18575 56.05 20.41 0.00 3.3309 7.5389 7.5389
18600 56.22 19.55 0.00 4.0731 7.7781 7.7781
18625 56.22 19.55 0.00 4.0731 7.7781 7.7781
18650 56.34 18.95 0.00 2.7323 5.8956 5.8956
18675 56.40 18.61 0.00 -0.0987 3.1562 3.1562
18700 56.40 18.61 0.00 -0.0987 3.1562 3.1562
18725 56.31 18.18 0.00 -2.7746 2.6376 2.6376
18750 56.22 17.75 0.00 -1.7591 3.6854 3.6854
18775 56.12 17.10 0.00 -3.0262 0.9076 0.9076
18800 56.12 17.10 0.00 -3.0262 0.9076 0.9076
18825 56.08 16.27 0.00 0.7755 4.4953 4.4953
18850 56.13 15.37 0.00 0.8682 6.6825 6.6825
18875 56.13 15.37 0.00 0.8682 6.6825 6.6825
18900 56.15 14.59 0.00 0.7866 4.8860 4.8860
18925 56.19 14.14 0.00 0.3427 5.5668 5.5668
18950 56.19 14.14 0.00 0.3427 5.5668 5.5668
18975 56.15 13.98 0.00 -1.8304 4.3844 4.3844
19000 56.06 14.08 0.00 -1.9928 1.2804 1.2804
19025 56.06 14.08 0.00 -1.9928 1.2804 1.2804
19050 56.05 14.14 0.00 0.5814 -1.2406 -1.2406
19075 56.15 14.20 0.00 4.0443 2.4214 2.4214
19100 56.24 13.92 0.00 -0.0690 5.0527 5.0527
19125 56.24 13.92 0.00 -0.0690 5.0527 5.0527
19150 56.15 13.25 0.00 -2.3698 3.4730 3.4730
19175 56.08 12.64 0.00 -1.3524 2.2936 2.2936
19200 56.08 12.64 0.00 -1.3524 2.2936 2.2936
19225 56.08 12.58 0.00 0.6545 2.0889 2.0889
19250 56.12 12.80 0.00 1.3542 1.0450 1.0450
19275 56.31 13.02 0.00 7.1933 3.5302 3.5302
19300 56.31 13.02 0.00 7.1933 3.5302 3.5302
19325 56.66 13.20 0.00 8.1414 4.6945 4.6945
19350 56.92 13.25 0.00 6.6984 7.2025 7.2025
19375 56.92 13.25 0.00 6.6984 7.2025 7.2025
19400 57.12 13.23 0.00 5.3881 7.6188 7.6188
19425 57.24 13.12 0.00 2.0689 4.7602 4.7602
19450 57.24 13.12 0.00 2.0689 4.7602 4.7602
19475 57.38 12.95 0.00 6.7580 5.7506 5.7506
19500 57.96 12.81 0.00 17.8794 11.4367 11.4367
19525 57.96 12.81 0.00 17.8794 11.4367 11.4367
19550 58.75 12.87 0.00 20.1081 11.1884 11.1884
19575 59.44 12.97 0.00 15.1278 10.3146 10.3146
19600 59.44 12.97 0.00 15.1278 10.3146 10.3146
19625 59.82 12.97 0.00 5.8476 7.3910 7.3910
19650 59.82 12.95 0.00 -2.8441 2.5069 2.5069
19675 59.58 12.92 0.00 -8.1201 -1.8216 -1.8216
19700 59.58 12.92 0.00 -8.1201 -1.8216 -1.8216
19725 59.29 12.73 0.00 -4.9913 0.5957 0.5957
19750 59.24 12.26 0.00 0.8317 3.4377 3.4377
19775 59.35 11.47 0.00 2.9535 5.0840 5.0840
19800 59.35 11.47 0.00 2.9535 5.0840 5.0840
19825 59.38 10.98 0.00 -0.4275 0.8833 0.8833
19850 59.38 10.98 0.00 -0.4275 0.8833 0.8833
19875 59.29 11.06 0.00 -3.1531 -1.4730 -1.4730
19900 59.12 11.21 0.00 -5.4837 -1.1025 -1.1025
19925 59.12 11.21 0.00 -5.4837 -1.1025 -1.1025
19950 58.80 11.18 0.00 -9.2934 -1.9508 -1.9508
19975 58.40 10.99 0.00 -10.1888 -3.0763 -3.0763
20000 58.05 10.80 0.00 -7.4976 -3.7475 -3.7475
20025 58.05 10.80 0.00 -7.4976 -3.7475 -3.7475
20050 57.82 10.68 0.00 -5.5428 -2.4619 -2.4619
20075 57.66 10.62 0.00 -5.0538 -2.6445 -2.6445
20100 57.48 10.61 0.00 -3.9579 -2.7632 -2.7632
20125 57.48 10.61 0.00 -3.9579 -2.7632 -2.7632
20150 57.33 10.78 0.00 -3.8254 -4.1703 -4.1703
20175 57.12 11.16 0.00 -6.7013 -7.1460 -7.1460
20200 57.12 11.16 0.00 -6.7013 -7.1460 -7.1460
20225 56.83 11.78 0.00 -6.6285 -7.8192 -7.8192
20250 56.66 12.22 0.00 -2.8626 -6.2940 -6.2940
20275 56.64 12.46 0.00 0.4530 -2.1035 -2.1035
20300 56.64 12.46 0.00 0.4530 -2.1035 -2.1035
20325 56.62 12.57 0.00 -0.3629 -1.9470 -1.9470
20350 56.59 12.59 0.00 -1.2083 -2.1394 -2.1394
20375 56.59 12.59 0.00 -1.2083 -2.1394 -2.1394
20400 56.57 12.57 0.00 0.1032 -0.1436 -0.1436
20425 56.62 12.57 0.00 1.2169 -0.1180 -0.1180
20450 56.64 12.73 0.00 0.0654 -3.1926 -3.1926
20475 56.64 12.73 0.00 0.0654 -3.1926 -3.1926
20500 56.61 13.02 0.00 -1.4050 -2.4765 -2.4765
20525 56.54 13.18 0.00 -1.7593 -0.5839 -0.5839
20550 56.54 13.18 0.00 -1.7593 -0.5839 -0.5839
20575 56.50 13.14 0.00 -0.4688 0.6352 0.6352
20600 56.52 12.92 0.00 0.8329 0.7129 0.7129
20625 56.52 12.92 0.00 0.8329 0.7129 0.7129
20650 56.54 12.63 0.00 -0.1981 1.8448 1.8448
20675 56.48 12.20 0.00 -1.4148 2.3698 2.3698
20700 56.48 12.20 0.00 -1.4148 2.3698 2.3698
20725 56.40 11.90 0.00 -3.2480 -1.5091 -1.5091
20750 56.19 11.84 0.00 -6.6673 -2.2157 -2.2157
20775 56.19 11.84 0.00 -6.6673 -2.2157 -2.2157
20800 55.87 11.87 0.00 -8.8394 -2.4381 -2.4381
20825 55.47 11.76 0.00 -10.0112 -5.2905 -5.2905
20850 55.19 11.64 0.00 -9.1827 -5.0807 -5.0807
20875 55.19 11.64 0.00 -9.1827 -5.0807 -5.0807
20900 54.89 11.54 0.00 -6.1551 -2.1544 -2.1544
20925 54.72 11.44 0.00 -3.0496 -0.7277 -0.7277
20950 54.72 11.44 0.00 -3.0496 -0.7277 -0.7277
20975 54.63 11.32 0.00 -1.9278 -1.4080 -1.4080
21000 54.54 11.37 0.00 -2.9592 -4.7928 -4.7928
21025 54.35 11.49 0.00 -5.8095 -5.9117 -5.9117
21050 54.35 11.49 0.00 -5.8095 -5.9117 -5.9117
21075 54.14 11.58 0.00 -4.7110 -4.2580 -4.2580
21100 54.03 11.60 0.00 -1.3973 -2.9512 -2.9512
21125 54.03 11.60 0.00 -1.3973 -2.9512 -2.9512
21150 54.02 11.76 0.00 0.3603 -3.5528 -3.5528
21175 53.98 12.22 0.00 -2.4921 -4.0101 -4.0101
21200 53.98 12.22 0.00 -2.4921 -4.0101 -4.0101
21225 53.72 12.89 0.00 -8.2983 -7.1146 -7.1146
21250 53.37 13.61 0.00 -8.6578 -6.7502 -6.7502
21275 53.06 14.28 0.00 -7.0947 -5.5984 -5.5984
21300 53.06 14.28 0.00 -7.0947 -5.5984 -5.5984
21325 52.74 14.83 0.00 -8.1020 -4.4538 -4.4538
21350 52.50 15.17 0.00 -4.7330 -0.5593 -0.5593
21375 52.50 15.17 0.00 -4.7330 -0.5593 -0.5593
21400 52.32 15.35 0.00 -3.9050 -0.4176 -0.4176
21425 52.20 15.43 0.00 -2.9809 -1.1241 -1.1241
21450 52.02 15.55 0.00 -5.3366 -3.1349 -3.1349
21475 52.02 15.55 0.00 -5.3366 -3.1349 -3.1349
21500 51.80 15.77 0.00 -5.2314 -0.9172 -0.9172
21525 51.66 16.01 0.00 -2.8329 -1.3089 -1.3089
21550 51.66 16.01 0.00 -2.8329 -1.3089 -1.3089
21575 51.55 16.11 0.00 -2.1492 -0.0070 -0.0070
21600 51.47 16.05 0.00 -2.9230 -0.2455 -0.2455
21625 51.47 16.05 0.00 -2.9230 -0.2455 -0.2455
21650 51.26 15.98 0.00 -6.3669 -3.1339 -3.1339
21675 50.99 16.04 0.00 -6.7698 -4.8333 -4.8333
21700 50.99 16.04 0.00 -6.7698 -4.8333 -4.8333
21725 50.75 16.18 0.00 -9.4691 -6.9229 -6.9229
21750 50.37 16.44 0.00 -8.4314 -5.4561 -5.4561
21775 50.37 16.44 0.00 -8.4314 -5.4561 -5.4561
21800 50.09 16.75 0.00 -7.5618 -6.2644 -6.2644
21825 49.76 17.15 0.00 -7.8193 -4.9477 -4.9477
21850 49.51 17.58 0.00 -5.3232 -4.4447 -4.4447
21875 49.51 17.58 0.00 -5.3232 -4.4447 -4.4447
21900 49.34 17.90 0.00 -4.1268 -2.7210 -2.7210
21925 49.20 17.98 0.00 -2.8044 -3.0680 -3.0680
21950 49.20 17.98 0.00 -2.8044 -3.0680 -3.0680
21975 49.16 18.09 0.00 0.1171 -2.5258 -2.5258
22000 49.20 18.43 0.00 0.5269 -2.8121 -2.8121
22025 49.20 18.43 0.00 0.5269 -2.8121 -2.8121
22050 49.16 18.70 0.00 -1.0490 -2.2004 -2.2004
22075 49.09 18.90 0.00 -2.7187 -3.7616 -3.7616
22100 48.90 19.44 0.00 -5.4234 -7.2837 -7.2837
22125 48.90 19.44 0.00 -5.4234 -7.2837 -7.2837
22150 48.69 20.39 0.00 -5.5148 -7.2040 -7.2040
22175 48.39 21.28 0.00 -8.1940 -5.4783 -5.4783
22200 48.39 21.28 0.00 -8.1940 -5.4783 -5.4783
22225 48.06 21.61 0.00 -8.8628 -1.9719 -1.9719
22250 47.33 21.64 0.00 -24.9613 -10.3747 -10.3747
22275 47.33 21.64 0.00 -24.9613 -10.3747 -10.3747
22300 46.04 21.74 0.00 -36.0431 -17.6318 -17.6318
22325 44.43 22.12 0.00 -41.8216 -18.3212 -18.3212
22350 42.83 22.82 0.00 -37.5074 -14.9923 -14.9923
22375 42.83 22.82 0.00 -37.5074 -14.9923 -14.9923
22400 41.64 23.46 0.00 -24.3986 -11.9304 -11.9304
22425 40.99 23.88 0.00 -12.1522 -9.2444 -9.2444
22450 40.99 23.88 0.00 -12.1522 -9.2444 -9.2444
22475 40.83 24.12 0.00 -0.8763 -2.8506 -2.8506
22500 40.93 24.34 0.00 3.2294 -3.3483 -3.3483
22525 41.09 24.53 0.00 4.1640 -3.5673 -3.5673
22550 41.09 24.53 0.00 4.1640 -3.5673 -3.5673
22575 41.25 24.78 0.00 4.0583 -1.5980 -1.5980
22600 41.43 24.99 0.00 4.3986 -1.5445 -1.5445
22625 41.43 24.99 0.00 4.3986 -1.5445 -1.5445
22650 41.48 25.18 0.00 -0.4870 -1.2963 -1.2963
22675 41.41 25.35 0.00 -2.9053 -2.0838 -2.0838
22700 41.34 25.39 0.00 -0.4393 -0.2088 -0.2088
22725 41.34 25.39 0.00 -0.4393 -0.2088 -0.2088
22750 41.36 25.37 0.00 0.7746 -0.1415 -0.1415
22775 41.43 25.35 0.00 2.0256 1.7144 1.7144
22800 41.43 25.35 0.00 2.0256 1.7144 1.7144
22825 41.46 25.33 0.00 -0.0441 0.6574 0.6574
22850 41.41 25.31 0.00 -1.7004 -0.5004 -0.5004
22875 41.41 25.31 0.00 -1.7004 -0.5004 -0.5004
22900 41.37 25.26 0.00 0.0318 0.6934 0.6934
22925 41.41 25.28 0.00 0.4332 0.4848 0.4848
22950 41.36 25.33 0.00 -2.4883 -0.3403 -0.3403
22975 41.36 25.33 0.00 -2.4883 -0.3403 -0.3403
23000 41.23 25.57 0.00 -3.1962 -3.4961 -3.4961
23025 41.23 25.57 0.00 -3.1962 -3.4961 -3.4961
23050 41.11 26.10 0.00 -2.8587 -4.6563 -4.6563
23075 41.00 26.68 0.00 -3.0644 -2.1167 -2.1167
23100 40.88 26.86 0.00 -2.6245 -0.8526 -0.8526
23125 40.88 26.86 0.00 -2.6245 -0.8526 -0.8526
23150 40.79 26.54 0.00 -2.7044 -1.6860 -1.6860
23175 40.69 26.45 0.00 -3.5325 -3.8501 -3.8501
23200 40.69 26.45 0.00 -3.5325 -3.8501 -3.8501
23225 40.58 26.76 0.00 -1.7129 -3.7567 -3.7567
23250 40.56 27.25 0.00 -0.2229 0.4117 0.4117
23275 40.56 27.25 0.00 -0.2229 0.4117 0.4117
23300 40.46 27.40 0.00 -4.2218 -0.9755 -0.9755
23325 40.25 27.56 0.00 -5.5330 -1.6462 -1.6462
23350 40.04 28.00 0.00 -6.4184 -4.1828 -4.1828
23375 40.04 28.00 0.00 -6.4184 -4.1828 -4.1828
23400 39.63 28.81 0.00 -11.8461 -10.6591 -10.6591
23425 39.14 29.80 0.00 -11.2608 -9.0152 -9.0152
23450 39.14 29.80 0.00 -11.2608 -9.0152 -9.0152
23475 38.80 30.98 0.00 -7.5310 -7.0660 -7.0660
23500 38.59 32.65 0.00 -4.2394 -6.1445 -6.1445
23525 38.41 34.72 0.00 -5.4630 -5.6258 -5.6258
23550 38.41 34.72 0.00 -5.4630 -5.6258 -5.6258
23575 38.08 36.71 0.00 -9.4526 -8.2054 -8.2054
23600 37.74 38.34 0.00 -6.8627 -6.7268 -6.7268
23625 37.74 38.34 0.00 -6.8627 -6.7268 -6.7268
23650 37.58 39.51 0.00 -2.8611 -4.5023 -4.5023
23675 37.46 40.26 0.00 -3.0808 -2.5390 -2.5390
23700 37.46 40.26 0.00 -3.0808 -2.5390 -2.5390
23725 37.37 40.81 0.00 -2.0516 -1.0272 -1.0272
23750 37.30 41.15 0.00 -0.8679 -1.6218 -1.6218
23775 37.28 41.38 0.00 -2.8624 -2.2274 -2.2274
23800 37.28 41.38 0.00 -2.8624 -2.2274 -2.2274
23825 37.03 41.49 0.00 -6.8815 -2.9812 -2.9812
23850 37.03 41.49 0.00 -6.8815 -2.9812 -2.9812
23875 36.76 41.64 0.00 -6.5385 -4.5713 -4.5713
23900 36.55 42.14 0.00 -4.8234 -2.8396 -2.8396
23925 36.36 42.46 0.00 -4.7797 -0.4946 -0.4946
23950 36.36 42.46 0.00 -4.7797 -0.4946 -0.4946
23975 36.18 42.44 0.00 -4.1614 -1.0250 -1.0250
24000 36.03 42.36 0.00 -4.3627 -0.8819 -0.8819
24025 35.84 42.29 0.00 -6.5564 -2.7083 -2.7083
24050 35.84 42.29 0.00 -6.5564 -2.7083 -2.7083
24075 35.41 42.30 0.00 -12.5905 -5.5301 -5.5301
24100 34.86 42.29 0.00 -13.9857 -5.0636 -5.0636
24125 34.86 42.29 0.00 -13.9857 -5.0636 -5.0636
24150 34.36 42.39 0.00 -12.2899 -4.7738 -4.7738
24175 33.84 42.58 0.00 -13.9252 -5.3058 -5.3058
24200 33.84 42.58 0.00 -13.9252 -5.3058 -5.3058
24225 33.23 42.96 0.00 -16.0134 -5.4410 -5.4410
24250 32.53 43.70 0.00 -18.7929 -7.9030 -7.9030
24275 31.75 44.69 0.00 -18.8410 -10.6208 -10.6208
24300 31.75 44.69 0.00 -18.8410 -10.6208 -10.6208
24325 30.98 45.93 0.00 -19.4951 -8.6560 -8.6560
24350 30.27 47.65 0.00 -16.1886 -11.5277 -11.5277
24375 30.27 47.65 0.00 -16.1886 -11.5277 -11.5277
24400 29.76 49.71 0.00 -10.3505 -13.5384 -13.5384
24425 29.47 51.66 0.00 -5.8942 -9.8530 -9.8530
24450 29.47 51.66 0.00 -5.8942 -9.8530 -9.8530
24475 29.29 53.22 0.00 -4.0244 -6.6223 -6.6223
24500 29.13 54.29 0.00 -3.7125 -4.0625 -4.0625
24525 29.05 54.94 0.00 -0.9849 -4.6776 -4.6776
24550 29.05 54.94 0.00 -0.9849 -4.6776 -4.6776
24575 29.00 55.45 0.00 -2.1013 -5.8082 -5.8082
24600 28.84 55.90 0.00 -4.3841 -6.4288 -6.4288
24625 28.84 55.90 0.00 -4.3841 -6.4288 -6.4288
24650 28.58 56.17 0.00 -7.3442 -4.3691 -4.3691
24675 28.23 56.30 0.00 -9.8591 -4.6835 -4.6835
24700 28.23 56.30 0.00 -9.8591 -4.6835 -4.6835
24725 27.79 56.46 0.00 -11.5977 -7.2128 -7.2128
24750 27.26 56.71 0.00 -13.7118 -9.4777 -9.4777
24775 27.26 56.71 0.00 -13.7118 -9.4777 -9.4777
24800 26.56 57.28 0.00 -22.2619 -4.9476 -4.9476
24825 25.42 58.02 0.00 -31.8864 -5.9134 -5.9134
24850 24.45 58.57 0.00 -30.3673 -9.3660 -9.3660
24875 24.45 58.57 0.00 -30.3673 -9.3660 -9.3660
24900 23.58 59.27 0.00 -17.1705 -7.4471 -7.4471
24925 23.13 59.84 0.00 -8.2539 -6.8727 -6.8727
24950 23.13 59.84 0.00 -8.2539 -6.8727 -6.8727
24975 22.98 60.37 0.00 -0.3890 -2.5182 -2.5182
25000 23.24 61.13 0.00 10.8782 -1.2046 -1.2046
25025 23.24 61.13 0.00 10.8782 -1.2046 -1.2046
25050 23.75 61.92 0.00 13.8175 -2.8909 -2.8909
25075 24.32 62.67 0.00 13.8859 0.9112 0.9112
25100 24.32 62.67 0.00 13.8859 0.9112 0.9112
25125 24.83 63.47 0.00 11.6389 1.0988 1.0988
25150 25.22 64.52 0.00 7.9094 -2.2742 -2.2742
25175 25.35 65.74 0.00 0.3312 -3.9765 -3.9765
25200 25.35 65.74 0.00 0.3312 -3.9765 -3.9765
25225 25.18 66.98 0.00 -6.5767 -5.1684 -5.1684
25250 24.90 68.15 0.00 -6.6623 -4.4911 -4.4911
25275 24.90 68.15 0.00 -6.6623 -4.4911 -4.4911
25300 24.71 69.14 0.00 -2.9893 -2.3464 -2.3464
25325 24.66 69.68 0.00 -0.8011 -1.2997 -1.2997
25350 24.60 69.91 0.00 -2.3291 0.8799 0.8799
25375 24.60 69.91 0.00 -2.3291 0.8799 0.8799
25400 24.49 70.30 0.00 -2.6619 -1.2131 -1.2131
25425 24.38 70.76 0.00 -2.8934 -1.5857 -1.5857
25450 24.38 70.76 0.00 -2.8934 -1.5857 -1.5857
25475 24.23 70.96 0.00 -3.7403 -0.1144 -0.1144
25500 24.10 70.98 0.00 -3.7209 0.5886 0.5886
25525 24.10 70.98 0.00 -3.7209 0.5886 0.5886
25550 23.97 70.91 0.00 -2.3805 0.3700 0.3700
25575 23.90 70.80 0.00 -2.1804 -0.4991 -0.4991
25600 23.78 70.59 0.00 -4.3086 -0.3188 -0.3188
25625 23.78 70.59 0.00 -4.3086 -0.3188 -0.3188
25650 23.56 70.15 0.00 -6.5213 -1.9170 -1.9170
25675 23.28 69.68 0.00 -7.1720 -2.3433 -2.3433
25700 23.28 69.68 0.00 -7.1720 -2.3433 -2.3433
25725 22.92 69.40 0.00 -11.2112 -3.9219 -3.9219
25750 22.34 69.37 0.00 -15.7435 -4.4510 -4.4510
25775 21.72 69.50 0.00 -15.3706 -5.7849 -5.7849
25800 21.72 69.50 0.00 -15.3706 -5.7849 -5.7849
25825 21.12 69.53 0.00 -14.7087 -6.0777 -6.0777
25850 21.12 69.53 0.00 -14.7087 -6.0777 -6.0777
25875 20.63 69.59 0.00 -10.3163 -5.5656 -5.5656
25900 20.36 69.80 0.00 -4.3996 -4.4648 -4.4648
25925 20.25 69.96 0.00 -3.7288 -2.9269 -2.9269
25950 20.25 69.96 0.00 -3.7288 -2.9269 -2.9269
25975 20.00 69.88 0.00 -6.9806 -0.3040 -0.3040
26000 19.75 69.57 0.00 -4.6519 1.0784 1.0784
26025 19.75 69.57 0.00 -4.6519 1.0784 1.0784
26050 19.69 69.37 0.00 -0.2018 -1.4609 -1.4609
26075 19.64 69.24 0.00 -2.2545 -2.4843 -2.4843
26100 19.54 69.19 0.00 -2.5429 -0.6805 -0.6805
26125 19.54 69.19 0.00 -2.5429 -0.6805 -0.6805
26150 19.48 69.12 0.00 -0.2978 -2.0111 -2.0111
26175 19.56 69.13 0.00 2.2192 -7.1092 -7.1092
26200 19.56 69.13 0.00 2.2192 -7.1092 -7.1092
26225 19.50 69.34 0.00 -3.3945 -9.0218 -9.0218
26250 19.24 69.59 0.00 -8.3784 -18.3050 -18.3050
26275 19.24 69.59 0.00 -8.3784 -18.3050 -18.3050
26300 18.87 69.97 0.00 -8.5058 -22.6552 -22.6552
26325 18.64 70.24 0.00 -3.5939 -22.3159 -22.3159
26350 18.76 70.66 0.00 7.6863 -18.3048 -18.3048
26375 18.76 70.66 0.00 7.6863 -18.3048 -18.3048
26400 19.16 71.28 0.00 14.9250 -9.6360 -9.6360
26425 19.85 72.26 0.00 18.1055 -5.9066 -5.9066
26450 19.85 72.26 0.00 18.1055 -5.9066 -5.9066
26475 20.57 73.26 0.00 17.6967 -5.5961 -5.5961
26500 21.21 74.06 0.00 14.3468 -4.1366 -4.1366
26525 21.55 74.49 0.00 4.8693 1.8709 1.8709
26550 21.55 74.49 0.00 4.8693 1.8709 1.8709
26575 21.57 74.55 0.00 -1.3944 0.0988 0.0988
26600 21.53 74.53 0.00 -0.3413 -1.3419 -1.3419
26625 21.53 74.53 0.00 -0.3413 -1.3419 -1.3419
26650 21.59 74.55 0.00 2.2048 -0.3634 -0.3634
26675 21.70 74.56 0.00 2.6555 4.0637 4.0637
26700 21.70 74.56 0.00 2.6555 4.0637 4.0637
26725 21.78 74.59 0.00 1.7321 3.7949 3.7949
26750 21.85 74.59 0.00 2.1062 2.8510 2.8510
26775 21.93 74.55 0.00 1.4788 0.4760 0.4760
26800 21.93 74.55 0.00 1.4788 0.4760 0.4760
26825 21.87 74.38 0.00 -3.4676 2.3181 2.3181
26850 21.67 74.22 0.00 -5.4978 2.8425 2.8425
26875 21.67 74.22 0.00 -5.4978 2.8425 2.8425
26900 21.53 74.17 0.00 -2.0254 1.5970 1.5970
26925 21.48 74.16 0.00 -0.7970 1.2904 1.2904
26950 21.48 74.16 0.00 -0.7970 1.2904 1.2904
26975 21.46 74.01 0.00 -0.1397 0.0890 0.0890
27000 21.51 73.93 0.00 2.3040 2.2419 2.2419
27025 21.51 73.93 0.00 2.3040 2.2419 2.2419
27050 21.67 74.03 0.00 4.2355 -0.6665 -0.6665
27075 21.82 74.17 0.00 3.4448 -0.4211 -0.4211
27100 21.87 74.11 0.00 0.4108 2.9093 2.9093
27125 21.87 74.11 0.00 0.4108 2.9093 2.9093
27150 21.89 73.72 0.00 0.7136 3.4671 3.4671
27175 21.93 73.40 0.00 1.7000 2.8894 2.8894
27200 21.97 73.23 0.00 -0.6225 -2.3684 -2.3684
27225 21.97 73.23 0.00 -0.6225 -2.3684 -2.3684
27250 21.87 73.17 0.00 -2.7342 -0.3745 -0.3745
27275 21.80 73.12 0.00 -0.9766 -0.8713 -0.8713
27300 21.80 73.12 0.00 -0.9766 -0.8713 -0.8713
27325 21.82 73.21 0.00 1.5912 -0.0055 -0.0055
27350 21.91 73.44 0.00 2.3252 -0.2592 -0.2592
27375 21.91 73.44 0.00 2.3252 -0.2592 -0.2592
27400 22.02 73.56 0.00 3.0916 0.1436 0.1436
27425 22.17 73.42 0.00 4.4483 1.3016 1.3016
27450 22.17 73.42 0.00 4.4483 1.3016 1.3016
27475 22.36 73.15 0.00 4.6025 1.4431 1.4431
27500 22.46 72.96 0.00 0.4687 0.2971 0.2971
27525 22.46 72.96 0.00 0.4687 0.2971 0.2971
27550 22.38 72.83 0.00 -3.1100 1.2917 1.2917
27575 22.29 72.70 0.00 -1.3712 1.6262 1.6262
27600 22.34 72.55 0.00 3.5326 1.6053 1.6053
27625 22.34 72.55 0.00 3.5326 1.6053 1.6053
27650 22.51 72.36 0.00 4.1974 1.6825 1.6825
27675 22.64 72.20 0.00 2.7490 2.0622 2.0622
27700 22.64 72.20 0.00 2.7490 2.0622 2.0622
27725 22.76 72.18 0.00 3.2400 3.2258 3.2258
27750 22.92 72.17 0.00 4.7497 4.8422 4.8422
27775 23.13 72.03 0.00 4.8825 3.7687 3.7687
27800 23.13 72.03 0.00 4.8825 3.7687 3.7687
27825 23.26 71.89 0.00 2.5858 2.8243 2.8243
27850 23.32 71.74 0.00 0.5435 3.5203 3.5203
27875 23.32 71.74 0.00 0.5435 3.5203 3.5203
27900 23.35 71.55 0.00 2.2003 3.2138 3.2138
27925 23.35 71.55 0.00 2.2003 3.2138 3.2138
27950 23.82 71.33 0.00 7.9200 4.0490 4.0490
27975 23.82 71.33 0.00 7.9200 4.0490 4.0490
28000 24.08 71.32 0.00 5.5873 3.0577 3.0577
28025 24.25 71.34 0.00 3.9817 3.2057 3.2057
28050 24.25 71.34 0.00 3.9817 3.2057 3.2057
28075 24.44 71.34 0.00 5.3478 3.4076 3.4076
28100 24.75 71.32 0.00 9.3836 4.1780 4.1780
28125 24.75 71.32 0.00 9.3836 4.1780 4.1780
28150 25.20 71.47 0.00 11.9873 5.1329 5.1329
28175 25.68 71.78 0.00 12.1832 4.2254 4.2254
28200 26.18 72.32 0.00 12.6095 3.5147 3.5147
28225 26.18 72.32 0.00 12.6095 3.5147 3.5147
28250 26.73 73.11 0.00 13.5326 5.6413 5.6413
28275 27.21 73.82 0.00 11.5294 9.1196 9.1196
28300 27.21 73.82 0.00 11.5294 9.1196 9.1196
28325 27.65 74.26 0.00 10.1975 9.6738 9.6738
28350 27.65 74.26 0.00 10.1975 9.6738 9.6738
28375 28.00 74.45 0.00 7.8123 4.2481 4.2481
28400 28.25 74.59 0.00 6.0788 -0.0508 -0.0508
28425 28.51 74.80 0.00 6.2431 0.5887 0.5887
28450 28.51 74.80 0.00 6.2431 0.5887 0.5887
28475 28.80 74.90 0.00 8.1175 5.9345 5.9345
28500 29.13 75.00 0.00 8.1353 5.2784 5.2784
28525 29.13 75.00 0.00 8.1353 5.2784 5.2784
28550 29.44 75.13 0.00 7.7857 3.6409 3.6409
28575 29.75 75.25 0.00 7.2628 2.8410 2.8410
28600 30.02 75.15 0.00 6.8898 3.0844 3.0844
28625 30.02 75.15 0.00 6.8898 3.0844 3.0844
28650 30.33 75.02 0.00 8.1875 2.6653 2.6653
28675 30.71 74.99 0.00 10.4528 1.6692 1.6692
28700 30.71 74.99 0.00 10.4528 1.6692 1.6692
28725 31.20 74.97 0.00 13.4950 3.6562 3.6562
28750 31.63 75.05 0.00 14.8077 4.1416 4.1416
28775 32.24 75.12 0.00 15.8118 3.8231 3.8231
28800 32.24 75.12 0.00 15.8118 3.8231 3.8231
28825 32.91 75.04 0.00 16.9974 3.6432 3.6432
28850 32.91 75.04 0.00 16.9974 3.6432 3.6432
28875 33.59 74.85 0.00 16.6795 4.0085 4.0085
28900 34.20 74.60 0.00 13.7619 4.0668 4.0668
28925 34.61 74.35 0.00 7.7250 2.7643 2.7643
28950 34.75 74.22 0.00 1.4191 2.5786 2.5786
28975 34.75 74.22 0.00 1.4191 2.5786 2.5786
29000 34.73 74.14 0.00 -1.3063 1.8969 1.8969
29025 34.66 74.17 0.00 -1.7730 1.2818 1.2818
29050 34.66 74.17 0.00 -1.7730 1.2818 1.2818
29075 34.59 74.19 0.00 -1.6463 2.4952 2.4952
29100 34.57 74.32 0.00 0.4837 0.9257 0.9257
29125 34.57 74.32 0.00 0.4837 0.9257 0.9257
29150 34.66 74.42 0.00 2.9313 2.2350 2.2350
29175 34.73 74.35 0.00 0.6724 2.9408 2.9408
29200 34.73 74.35 0.00 0.6724 2.9408 2.9408
29225 34.70 74.07 0.00 -0.9276 2.2554 2.2554
29250 34.70 74.07 0.00 -0.9276 2.2554 2.2554
29275 34.73 73.74 0.00 2.0412 3.0406 3.0406
29300 34.89 73.52 0.00 5.1216 4.5782 4.5782
29325 35.11 73.36 0.00 5.0720 7.8550 7.8550
29350 35.27 73.14 0.00 3.2062 5.9806 5.9806
29375 35.27 73.14 0.00 3.2062 5.9806 5.9806
29400 35.39 72.82 0.00 3.3817 4.1756 4.1756
29425 35.57 72.56 0.00 5.1766 4.8265 4.8265
29450 35.57 72.56 0.00 5.1766 4.8265 4.8265
29475 35.82 72.21 0.00 6.8455 5.3885 5.3885
29500 36.05 71.89 0.00 8.7498 5.2789 5.2789
29525 36.43 71.50 0.00 8.8935 4.6075 4.6075
29550 36.43 71.50 0.00 8.8935 4.6075 4.6075
29575 36.76 70.95 0.00 8.7923 6.0555 6.0555
29600 37.15 70.40 0.00 10.2396 4.7760 4.7760
29625 37.15 70.40 0.00 10.2396 4.7760 4.7760
29650 37.58 70.06 0.00 10.1555 1.5284 1.5284
29675 37.95 69.91 0.00 9.1703 0.7649 0.7649
29700 37.95 69.91 0.00 9.1703 0.7649 0.7649
29725 38.34 69.82 0.00 10.7044 1.6031 1.6031
29750 38.80 69.79 0.00 12.0963 3.0197 3.0197
29775 38.80 69.79 0.00 12.0963 3.0197 3.0197
29800 39.31 69.82 0.00 12.6229 3.6507 3.6507
29825 39.93 69.79 0.00 18.1096 2.0610 2.0610
29850 40.81 69.70 0.00 24.7956 0.3450 0.3450
29875 40.81 69.70 0.00 24.7956 0.3450 0.3450
29900 41.95 69.36 0.00 30.0979 -0.1210 -0.1210
29925 43.18 68.92 0.00 30.9977 -0.9737 -0.9737
29950 43.18 68.92 0.00 30.9977 -0.9737 -0.9737
29975 44.39 68.44 0.00 29.5811 -0.9087 -0.9087
30000 45.55 67.77 0.00 28.0705 2.8549 2.8549
30025 45.55 67.77 0.00 28.0705 2.8549 2.8549
30050 46.65 67.07 0.00 27.0253 0.1235 0.1235
30075 47.57 66.29 0.00 20.4556 -1.1646 -1.1646
30100 48.17 65.63 0.00 11.0523 0.7573 0.7573
30125 48.17 65.63 0.00 11.0523 0.7573 0.7573
30150 48.38 65.31 0.00 2.6719 3.2324 3.2324
30175 48.38 65.01 0.00 -1.2231 4.5786 4.5786
30200 48.38 65.01 0.00 -1.2231 4.5786 4.5786
30225 48.25 64.73 0.00 -5.0604 5.5465 5.5465
30250 47.94 64.41 0.00 -8.6916 5.0973 5.0973
30275 47.68 64.22 0.00 -9.0874 3.4627 3.4627
30300 47.68 64.22 0.00 -9.0874 3.4627 3.4627
30325 47.36 64.15 0.00 -6.8003 2.5477 2.5477
30350 47.14 64.08 0.00 -4.5514 2.2308 2.2308
30375 47.14 64.08 0.00 -4.5514 2.2308 2.2308
30400 47.00 63.94 0.00 -3.1093 0.5394 0.5394
30425 46.91 63.88 0.00 -1.7664 -1.5517 -1.5517
30450 46.86 63.90 0.00 -1.1340 0.3526 0.3526
30475 46.86 63.90 0.00 -1.1340 0.3526 0.3526
30500 46.82 63.80 0.00 -0.1064 1.4803 1.4803
30525 46.86 63.65 0.00 1.4460 0.9789 0.9789
30550 46.86 63.65 0.00 1.4460 0.9789 0.9789
30575 46.93 63.58 0.00 1.0501 1.3397 1.3397
30600 46.93 63.48 0.00 -0.7215 -0.1911 -0.1911
30625 46.93 63.48 0.00 -0.7215 -0.1911 -0.1911
30650 46.87 63.30 0.00 -0.8961 3.0303 3.0303
30675 46.87 63.21 0.00 0.5868 1.5405 1.5405
30700 46.96 63.27 0.00 3.0713 -0.0038 -0.0038
30725 46.96 63.27 0.00 3.0713 -0.0038 -0.0038
30750 47.12 63.23 0.00 4.1886 0.8146 0.8146
30775 47.12 63.23 0.00 4.1886 0.8146 0.8146
30800 47.31 62.97 0.00 5.3219 3.0786 3.0786
30825 47.59 62.49 0.00 8.7822 3.8531 3.8531
30850 48.06 62.00 0.00 12.9123 3.7860 3.7860
30875 48.06 62.00 0.00 12.9123 3.7860 3.7860
30900 48.66 61.70 0.00 15.7597 5.0436 5.0436
30925 49.34 61.59 0.00 17.5727 4.9979 4.9979
30950 49.34 61.59 0.00 17.5727 4.9979 4.9979
30975 50.10 61.71 0.00 20.1804 5.7994 5.7994
31000 50.96 61.89 0.00 21.9504 7.2743 7.2743
31025 51.61 61.94 0.00 21.2798 9.2202 9.2202
31050 51.61 61.94 0.00 21.2798 9.2202 9.2202
31075 52.37 62.03 0.00 17.7890 6.8692 6.8692
31100 52.93 62.16 0.00 10.9118 4.8927 4.8927
31125 52.93 62.16 0.00 10.9118 4.8927 4.8927
31150 53.09 62.23 0.00 -1.0458 2.9251 2.9251
31175 52.86 62.19 0.00 -7.5771 1.8005 1.8005
31200 52.60 62.12 0.00 -5.2881 1.6761 1.6761
31225 52.60 62.12 0.00 -5.2881 1.6761 1.6761
31250 52.44 62.07 0.00 -3.4021 1.7295 1.7295
31275 52.34 61.94 0.00 -2.0376 2.9205 2.9205
31300 52.34 61.94 0.00 -2.0376 2.9205 2.9205
31325 52.29 61.86 0.00 -0.7383 1.3778 1.3778
31350 52.27 61.80 0.00 -0.1973 1.2246 1.2246
31375 52.27 61.80 0.00 -0.1973 1.2246 1.2246
31400 52.29 61.72 0.00 1.3359 1.0589 1.0589
31425 52.41 61.66 0.00 2.9929 -0.0558 -0.0558
31450 52.41 61.66 0.00 2.9929 -0.0558 -0.0558
31475 52.48 61.63 0.00 1.0728 0.6555 0.6555
31500 52.50 61.51 0.00 0.5592 1.2598 1.2598
31525 52.55 61.31 0.00 2.2956 1.4905 1.4905
31550 52.55 61.31 0.00 2.2956 1.4905 1.4905
31575 52.71 61.12 0.00 4.9088 1.1058 1.1058
31600 52.95 60.86 0.00 6.2291 1.6541 1.6541
31625 52.95 60.86 0.00 6.2291 1.6541 1.6541
31650 53.16 60.59 0.00 4.1924 1.7116 1.7116
31675 53.25 60.38 0.00 1.3324 2.5611 2.5611
31700 53.23 60.15 0.00 -1.4942 2.0241 2.0241
31725 53.23 60.15 0.00 -1.4942 2.0241 2.0241
31750 53.14 59.91 0.00 -1.7081 1.9057 1.9057
31775 53.09 59.59 0.00 -1.4851 1.9387 1.9387
31800 53.09 59.59 0.00 -1.4851 1.9387 1.9387
31825 53.06 59.31 0.00 -0.7267 1.5403 1.5403
31850 53.06 59.09 0.00 0.6705 1.5195 1.5195
31875 53.06 59.09 0.00 0.6705 1.5195 1.5195
31900 53.18 58.74 0.00 5.3674 2.7713 2.7713
31925 53.51 58.40 0.00 9.7822 6.8199 6.8199
31950 53.51 58.40 0.00 9.7822 6.8199 6.8199
31975 53.95 58.25 0.00 11.4425 5.9505 5.9505
32000 54.44 58.12 0.00 12.6404 3.5226 3.5226
32025 54.91 58.13 0.00 10.5203 3.3393 3.3393
32050 54.91 58.13 0.00 10.5203 3.3393 3.3393
32075 55.22 57.99 0.00 6.6663 4.7008 4.7008
32100 55.43 57.67 0.00 4.7737 4.0788 4.0788
32125 55.43 57.67 0.00 4.7737 4.0788 4.0788
32150 55.64 57.48 0.00 5.5358 2.3266 2.3266
32175 56.05 57.24 0.00 13.9762 3.2471 3.2471
32200 56.05 57.24 0.00 13.9762 3.2471 3.2471
32225 56.73 56.90 0.00 17.9410 6.2578 6.2578
32250 57.33 56.56 0.00 12.0249 5.7070 5.7070
32275 57.59 56.36 0.00 3.0047 5.4976 5.4976
32300 57.59 56.36 0.00 3.0047 5.4976 5.4976
32325 57.61 56.14 0.00 -0.7220 5.3538 5.3538
32350 57.52 55.75 0.00 -3.5525 1.0395 1.0395
32375 57.52 55.75 0.00 -3.5525 1.0395 1.0395
32400 57.33 55.42 0.00 -5.2672 -0.5431 -0.5431
32425 57.24 54.98 0.00 0.5328 1.9969 1.9969
32450 57.38 54.40 0.00 5.5221 4.7219 4.7219
32475 57.38 54.40 0.00 5.5221 4.7219 4.7219
32500 57.64 53.86 0.00 6.5723 5.5709 5.5709
32525 57.84 53.44 0.00 3.8852 2.2315 2.2315
32550 57.84 53.44 0.00 3.8852 2.2315 2.2315
32575 57.92 53.05 0.00 0.5374 2.4501 2.4501
32600 57.87 52.81 0.00 -2.1033 0.2288 0.2288
32625 57.71 52.56 0.00 -4.5552 -1.3588 -1.3588
32650 57.71 52.56 0.00 -4.5552 -1.3588 -1.3588
32675 57.54 52.28 0.00 -4.3233 -0.9952 -0.9952
32700 57.38 52.11 0.00 -3.8220 -0.7216 -0.7216
32725 57.38 52.11 0.00 -3.8220 -0.7216 -0.7216
32750 57.29 51.92 0.00 -0.7783 0.4894 0.4894
32775 57.36 51.78 0.00 3.1734 0.9418 0.9418
32800 57.36 51.78 0.00 3.1734 0.9418 0.9418
32825 57.50 51.85 0.00 2.6498 0.0329 0.0329
32850 57.52 51.93 0.00 -0.6038 -1.0816 -1.0816
32875 57.52 51.93 0.00 -0.6038 -1.0816 -1.0816
32900 57.43 51.97 0.00 -3.4269 -0.2434 -0.2434
32925 57.27 51.83 0.00 -4.3348 -0.3196 -0.3196
32950 57.12 51.74 0.00 -3.1768 -2.9979 -2.9979
32975 57.12 51.74 0.00 -3.1768 -2.9979 -2.9979
33000 57.05 51.86 0.00 -1.3116 -3.6293 -3.6293
33025 57.05 51.86 0.00 -1.3116 -3.6293 -3.6293
33050 56.99 51.99 0.00 -1.0916 -1.6792 -1.6792
33075 56.94 51.97 0.00 -0.8449 0.7343 0.7343
33100 57.01 51.86 0.00 3.1206 1.0657 1.0657
33125 57.01 51.86 0.00 3.1206 1.0657 1.0657
33150 57.15 51.78 0.00 3.8157 -1.1152 -1.1152
33175 57.27 51.78 0.00 2.1818 0.1352 0.1352
33200 57.27 51.78 0.00 2.1818 0.1352 0.1352
33225 57.27 51.83 0.00 -1.0020 1.0370 1.0370
33250 57.20 51.79 0.00 -2.9672 0.0016 0.0016
33275 57.06 51.67 0.00 -3.5486 -2.3245 -2.3245
33300 57.06 51.67 0.00 -3.5486 -2.3245 -2.3245
33325 56.90 51.57 0.00 -4.0011 -1.4464 -1.4464
33350 56.75 51.50 0.00 -4.2729 -0.5351 -0.5351
33375 56.75 51.50 0.00 -4.2729 -0.5351 -0.5351
33400 56.61 51.50 0.00 -3.1285 -0.0655 -0.0655
33425 56.52 51.39 0.00 -1.1836 -0.3938 -0.3938
33450 56.52 51.39 0.00 -1.1836 -0.3938 -0.3938
33475 56.47 51.22 0.00 -2.0865 -0.6347 -0.6347
33500 56.27 51.08 0.00 -7.1039 -2.1921 -2.1921
33525 55.87 50.92 0.00 -11.5864 -2.4913 -2.4913
33550 55.87 50.92 0.00 -11.5864 -2.4913 -2.4913
33575 55.36 50.78 0.00 -12.7648 -2.5924 -2.5924
33600 54.84 50.64 0.00 -13.4217 0.0991 0.0991
33625 54.31 50.45 0.00 -12.4443 -0.3616 -0.3616
33650 54.31 50.45 0.00 -12.4443 -0.3616 -0.3616
33675 53.81 50.31 0.00 -12.7522 -1.4686 -1.4686
33700 53.35 50.28 0.00 -10.4102 -0.7708 -0.7708
33725 53.35 50.28 0.00 -10.4102 -0.7708 -0.7708
33750 52.97 50.21 0.00 -9.0477 -0.4720 -0.4720
33775 52.64 49.93 0.00 -8.0687 -0.0486 -0.0486
33800 52.64 49.93 0.00 -8.0687 -0.0486 -0.0486
33825 52.29 49.49 0.00 -10.0131 -0.7644 -0.7644
33850 51.83 49.13 0.00 -11.6166 0.3541 0.3541
33875 51.83 49.13 0.00 -11.6166 0.3541 0.3541
33900 51.40 48.99 0.00 -10.3602 0.0597 0.0597
33925 51.06 48.99 0.00 -6.6068 -1.4826 -1.4826
33950 51.06 48.99 0.00 -6.6068 -1.4826 -1.4826
33975 50.89 49.06 0.00 -3.2319 -1.4823 -1.4823
34000 50.80 49.11 0.00 -1.6208 -1.7760 -1.7760
34025 50.66 49.11 0.00 -4.4260 -0.5919 -0.5919
34050 50.44 48.95 0.00 -6.5868 1.8663 1.8663
34075 50.44 48.95 0.00 -6.5868 1.8663 1.8663
