%#        Time[ms]        X[pixel],        Y[pixel],        Z[pixel],  dX/dt[pixel/s],  dY/dt[pixel/s],  dZ/dt[pixel/s] 
0 50.00 50.00 0.00 -2.0162 -0.3176 -0.3176
25 49.93 49.93 0.00 -0.9666 0.7712 0.7712
50 49.93 49.93 0.00 -0.9666 0.7712 0.7712
75 49.97 49.86 0.00 1.6998 -0.9837 -0.9837
100 50.07 49.84 0.00 2.8426 -0.1626 -0.1626
125 50.09 49.86 0.00 -1.3011 1.1807 1.1807
150 49.97 49.77 0.00 -4.6038 2.0767 2.0767
175 49.97 49.77 0.00 -4.6038 2.0767 2.0767
200 49.77 49.65 0.00 -4.6904 1.0497 1.0497
225 49.58 49.58 0.00 -4.3107 -1.1155 -1.1155
250 49.58 49.58 0.00 -4.3107 -1.1155 -1.1155
275 49.42 49.53 0.00 -3.4834 -2.3451 -2.3451
300 49.32 49.56 0.00 -2.7567 -1.8380 -1.8380
325 49.32 49.56 0.00 -2.7567 -1.8380 -1.8380
350 49.25 49.53 0.00 -0.5282 -1.6660 -1.6660
375 49.28 49.56 0.00 0.8963 -1.2669 -1.2669
400 49.30 49.58 0.00 0.3665 -1.0820 -1.0820
425 49.30 49.58 0.00 0.3665 -1.0820 -1.0820
450 49.34 49.49 0.00 1.7040 -1.0277 -1.0277
475 49.39 49.51 0.00 0.9779 -1.2989 -1.2989
500 49.39 49.51 0.00 0.9779 -1.2989 -1.2989
525 49.46 49.53 0.00 1.8442 -1.4833 -1.4833
550 49.56 49.49 0.00 3.1827 1.2586 1.2586
575 49.65 49.41 0.00 3.0151 3.1418 3.1418
600 49.65 49.41 0.00 3.0151 3.1418 3.1418
625 49.81 49.25 0.00 4.3406 4.2472 4.2472
650 50.03 49.28 0.00 6.9852 1.1468 1.1468
675 50.03 49.28 0.00 6.9852 1.1468 1.1468
700 50.47 49.35 0.00 12.8925 3.8318 3.8318
725 51.15 49.06 0.00 19.6290 5.5233 5.5233
750 51.15 49.06 0.00 19.6290 5.5233 5.5233
775 51.99 48.46 0.00 20.0530 7.5037 7.5037
800 52.64 47.97 0.00 13.5911 7.3105 7.3105
825 52.64 47.97 0.00 13.5911 7.3105 7.3105
850 52.95 47.75 0.00 4.2565 3.7832 3.7832
875 52.93 47.70 0.00 -2.6403 3.2500 3.2500
900 52.93 47.70 0.00 -2.6403 3.2500 3.2500
925 52.85 47.66 0.00 -1.1988 1.4723 1.4723
950 52.95 47.59 0.00 5.1279 2.4415 2.4415
975 53.23 47.49 0.00 7.7315 6.2289 6.2289
1000 53.23 47.49 0.00 7.7315 6.2289 6.2289
1025 53.60 47.33 0.00 10.3843 6.4749 6.4749
1050 54.07 47.31 0.00 13.2270 5.4627 5.4627
1075 54.07 47.31 0.00 13.2270 5.4627 5.4627
1100 54.63 47.38 0.00 14.0497 3.9132 3.9132
1125 55.26 47.40 0.00 17.1186 1.7887 1.7887
1150 55.26 47.40 0.00 17.1186 1.7887 1.7887
1175 56.05 47.24 0.00 22.0731 2.5145 2.5145
1200 57.05 47.05 0.00 26.0671 3.2504 3.2504
1225 58.10 46.98 0.00 26.0584 2.5272 2.5272
1250 58.10 46.98 0.00 26.0584 2.5272 2.5272
1275 59.07 47.00 0.00 22.8960 2.4338 2.4338
1300 59.82 46.94 0.00 16.0690 3.0297 3.0297
1325 59.82 46.94 0.00 16.0690 3.0297 3.0297
1350 60.26 46.77 0.00 7.4663 2.8719 2.8719
1375 60.35 46.63 0.00 -0.2863 -0.2529 -0.2529
1400 60.35 46.63 0.00 -0.2863 -0.2529 -0.2529
1425 60.25 46.54 0.00 -3.5560 1.2187 1.2187
1450 60.14 46.44 0.00 -3.5419 0.4374 0.4374
1475 60.14 46.44 0.00 -3.5419 0.4374 0.4374
1500 60.03 46.24 0.00 -1.5237 -0.4485 -0.4485
1525 60.02 46.14 0.00 -0.4307 -0.5746 -0.5746
1550 59.98 46.05 0.00 -0.8493 -0.1170 -0.1170
1575 59.98 46.05 0.00 -0.8493 -0.1170 -0.1170
1600 59.93 45.93 0.00 -1.9513 0.0882 0.0882
1625 59.84 45.80 0.00 -1.9182 -0.6868 -0.6868
1650 59.84 45.80 0.00 -1.9182 -0.6868 -0.6868
1675 59.77 45.70 0.00 -2.0756 -1.9296 -1.9296
1700 59.66 45.58 0.00 -2.5720 -2.6497 -2.6497
1725 59.66 45.58 0.00 -2.5720 -2.6497 -2.6497
1750 59.51 45.33 0.00 -5.0714 -1.2424 -1.2424
1775 59.28 45.05 0.00 -5.9512 0.8551 0.8551
1800 59.07 44.95 0.00 -4.6281 -1.9483 -1.9483
1825 59.07 44.95 0.00 -4.6281 -1.9483 -1.9483
1850 58.96 45.02 0.00 -1.7602 -2.8525 -2.8525
1875 58.92 45.09 0.00 -0.6252 -1.8067 -1.8067
1900 58.92 45.09 0.00 -0.6252 -1.8067 -1.8067
1925 58.89 45.07 0.00 -0.7065 0.3203 0.3203
1950 58.89 44.98 0.00 0.3474 0.6239 0.6239
1975 58.89 44.98 0.00 0.3474 0.6239 0.6239
2000 58.94 44.81 0.00 2.1968 2.3203 2.3203
2025 59.07 44.60 0.00 3.5000 3.1081 3.1081
2050 59.28 44.35 0.00 7.1732 2.6935 2.6935
2075 59.28 44.35 0.00 7.1732 2.6935 2.6935
2100 59.70 44.12 0.00 11.6489 3.9699 3.9699
2125 60.18 44.00 0.00 11.5966 4.3026 4.3026
2150 60.18 44.00 0.00 11.5966 4.3026 4.3026
2175 60.60 43.84 0.00 10.2130 3.9839 3.9839
2200 61.00 43.57 0.00 10.2503 3.9197 3.9197
2225 61.32 43.32 0.00 10.9364 3.0411 3.0411
2250 61.32 43.32 0.00 10.9364 3.0411 3.0411
2275 61.75 42.97 0.00 10.3790 2.5080 2.5080
2300 62.15 42.76 0.00 9.8761 0.9717 0.9717
2325 62.15 42.76 0.00 9.8761 0.9717 0.9717
2350 62.53 42.72 0.00 8.8544 0.4782 0.4782
2375 62.83 42.66 0.00 6.3199 1.1657 1.1657
2400 62.83 42.66 0.00 6.3199 1.1657 1.1657
2425 63.04 42.56 0.00 5.0609 1.2710 1.2710
2450 63.24 42.42 0.00 4.8711 -0.4124 -0.4124
2475 63.24 42.42 0.00 4.8711 -0.4124 -0.4124
2500 63.52 42.27 0.00 8.6781 0.0708 0.0708
2525 63.93 42.04 0.00 11.0963 0.2267 0.2267
2550 64.41 41.77 0.00 12.8287 0.6042 0.6042
2575 64.41 41.77 0.00 12.8287 0.6042 0.6042
2600 65.00 41.57 0.00 15.4960 2.4302 2.4302
2625 65.66 41.41 0.00 17.9580 4.0096 4.0096
2650 65.66 41.41 0.00 17.9580 4.0096 4.0096
2675 66.41 41.37 0.00 18.3876 3.2729 3.2729
2700 67.08 41.43 0.00 15.6670 0.5203 0.5203
2725 67.08 41.43 0.00 15.6670 0.5203 0.5203
2750 67.56 41.50 0.00 9.3380 -0.9308 -0.9308
2775 67.81 41.58 0.00 4.9501 -1.0816 -1.0816
2800 67.81 41.58 0.00 4.9501 -1.0816 -1.0816
2825 67.94 41.58 0.00 2.2099 0.6525 0.6525
2850 67.97 41.49 0.00 0.5164 3.3798 3.3798
2875 68.03 41.37 0.00 1.4824 2.7789 2.7789
2900 68.03 41.37 0.00 1.4824 2.7789 2.7789
2925 68.10 41.35 0.00 2.6136 -0.3264 -0.3264
2950 68.19 41.35 0.00 2.7176 -0.7818 -0.7818
2975 68.19 41.35 0.00 2.7176 -0.7818 -0.7818
3000 68.25 41.35 0.00 0.5252 -1.4445 -1.4445
3025 68.25 41.28 0.00 -0.4608 0.2434 0.2434
3050 68.26 41.15 0.00 1.2756 -0.2514 -0.2514
3075 68.26 41.15 0.00 1.2756 -0.2514 -0.2514
3100 68.37 41.08 0.00 3.8603 -1.3116 -1.3116
3125 68.66 41.01 0.00 10.0791 -0.6942 -0.6942
3150 68.66 41.01 0.00 10.0791 -0.6942 -0.6942
3175 69.15 40.86 0.00 12.8495 1.3648 1.3648
3200 69.58 40.73 0.00 8.8096 4.8494 4.8494
3225 69.58 40.73 0.00 8.8096 4.8494 4.8494
3250 69.85 40.60 0.00 6.5263 4.6640 4.6640
3275 70.13 40.33 0.00 7.1439 4.9606 4.9606
3300 70.42 39.98 0.00 7.1984 1.7968 1.7968
3325 70.42 39.98 0.00 7.1984 1.7968 1.7968
3350 70.71 39.59 0.00 7.0872 -0.1061 -0.1061
3375 70.95 39.26 0.00 4.6663 0.9943 0.9943
3400 70.95 39.26 0.00 4.6663 0.9943 0.9943
3425 71.02 39.02 0.00 0.2274 1.4686 1.4686
3450 70.98 38.90 0.00 -1.2863 2.3476 2.3476
3475 70.95 38.83 0.00 -0.6040 0.6734 0.6734
3500 70.95 38.83 0.00 -0.6040 0.6734 0.6734
3525 70.87 38.81 0.00 -3.0701 -1.5034 -1.5034
3550 70.65 38.83 0.00 -6.9669 -3.1797 -3.1797
3575 70.65 38.83 0.00 -6.9669 -3.1797 -3.1797
3600 70.35 38.89 0.00 -7.3452 -3.7933 -3.7933
3625 70.13 38.97 0.00 -4.4021 -3.1497 -3.1497
3650 70.13 38.97 0.00 -4.4021 -3.1497 -3.1497
3675 70.05 38.95 0.00 -0.1296 -2.1444 -2.1444
3700 70.15 38.88 0.00 3.2696 -1.2834 -1.2834
3725 70.27 38.95 0.00 2.9353 -2.7641 -2.7641
3750 70.27 38.95 0.00 2.9353 -2.7641 -2.7641
3775 70.36 39.07 0.00 1.7488 -1.3876 -1.3876
3800 70.38 39.14 0.00 0.1798 -1.0685 -1.0685
3825 70.38 39.14 0.00 0.1798 -1.0685 -1.0685
3850 70.35 39.20 0.00 -1.6351 -1.0574 -1.0574
3875 70.25 39.18 0.00 -2.1970 -0.9882 -0.9882
3900 70.25 39.18 0.00 -2.1970 -0.9882 -0.9882
3925 70.18 39.06 0.00 -2.1944 -1.7258 -1.7258
3950 70.11 38.93 0.00 -1.5860 0.0900 0.0900
3975 70.11 38.93 0.00 -1.5860 0.0900 0.0900
4000 70.05 38.88 0.00 -1.2516 -0.1235 -0.1235
4025 70.02 38.88 0.00 -0.5437 -0.1770 -0.1770
4050 70.00 38.88 0.00 -0.0490 0.2999 0.2999
4075 70.00 38.88 0.00 -0.0490 0.2999 0.2999
4100 69.98 38.86 0.00 -0.8057 0.2218 0.2218
4125 69.98 38.86 0.00 -0.8057 0.2218 0.2218
4150 69.93 38.81 0.00 -1.7838 -0.1123 -0.1123
4175 69.85 38.76 0.00 -1.9890 0.2538 0.2538
4200 69.76 38.72 0.00 -1.9016 -0.1098 -0.1098
4225 69.76 38.72 0.00 -1.9016 -0.1098 -0.1098
4250 69.69 38.76 0.00 -2.1016 -0.7066 -0.7066
4275 69.60 38.76 0.00 -2.7322 -1.0242 -1.0242
4300 69.60 38.76 0.00 -2.7322 -1.0242 -1.0242
4325 69.49 38.71 0.00 -2.5479 -2.1334 -2.1334
4350 69.40 38.60 0.00 -1.7895 -0.9672 -0.9672
4375 69.40 38.60 0.00 -1.7895 -0.9672 -0.9672
4400 69.37 38.51 0.00 -0.8192 -1.0953 -1.0953
4425 69.33 38.53 0.00 -0.8003 -2.4457 -2.4457
4450 69.26 38.59 0.00 -2.5799 -1.7399 -1.7399
4475 69.26 38.59 0.00 -2.5799 -1.7399 -1.7399
4500 69.06 38.55 0.00 -6.4640 -1.6517 -1.6517
4525 68.71 38.38 0.00 -9.5211 -0.7284 -0.7284
4550 68.32 38.12 0.00 -10.0092 -1.1948 -1.1948
4575 68.32 38.12 0.00 -10.0092 -1.1948 -1.1948
4600 68.01 37.87 0.00 -10.7106 -1.5894 -1.5894
4625 67.56 37.49 0.00 -11.4426 -0.0532 -0.0532
4650 67.56 37.49 0.00 -11.4426 -0.0532 -0.0532
4675 67.11 37.14 0.00 -10.8968 -0.2253 -0.2253
4700 67.11 37.14 0.00 -10.8968 -0.2253 -0.2253
4725 66.70 36.75 0.00 -10.3713 -0.5600 -0.5600
4750 66.29 36.24 0.00 -9.7681 0.5777 0.5777
4775 65.93 35.67 0.00 -8.6307 0.5439 0.5439
4800 65.62 35.11 0.00 -6.7809 0.9968 0.9968
4825 65.62 35.11 0.00 -6.7809 0.9968 0.9968
4850 65.41 34.54 0.00 -4.3567 2.8704 2.8704
4875 65.41 34.54 0.00 -4.3567 2.8704 2.8704
4900 65.30 34.09 0.00 -1.5704 3.9033 3.9033
4925 65.30 33.80 0.00 0.4987 2.4567 2.4567
4950 65.34 33.66 0.00 1.1070 0.3615 0.3615
4975 65.34 33.66 0.00 1.1070 0.3615 0.3615
5000 65.37 33.64 0.00 0.9976 -0.9285 -0.9285
5025 65.39 33.73 0.00 0.0493 -1.1156 -1.1156
5050 65.37 33.78 0.00 -0.7089 0.0066 0.0066
5075 65.37 33.78 0.00 -0.7089 0.0066 0.0066
5100 65.32 33.87 0.00 -1.5491 -2.4702 -2.4702
5125 65.28 34.11 0.00 -0.6307 -1.8939 -1.8939
5150 65.28 34.11 0.00 -0.6307 -1.8939 -1.8939
5175 65.28 34.39 0.00 0.3376 -1.1848 -1.1848
5200 65.28 34.39 0.00 0.3376 -1.1848 -1.1848
5225 65.32 34.75 0.00 1.4074 -0.8211 -0.8211
5250 65.39 35.22 0.00 1.4704 -1.0676 -1.0676
5275 65.41 35.63 0.00 0.4583 -2.9124 -2.9124
5300 65.41 35.63 0.00 0.4583 -2.9124 -2.9124
5325 65.45 35.84 0.00 0.4807 -1.0699 -1.0699
5350 65.43 35.90 0.00 -0.4203 -0.6568 -0.6568
5375 65.41 35.93 0.00 -0.9775 0.0050 0.0050
5400 65.41 35.93 0.00 -0.9775 0.0050 0.0050
5425 65.37 36.04 0.00 -0.8897 0.8625 0.8625
5450 65.36 36.11 0.00 0.5949 0.9421 0.9421
5475 65.36 36.11 0.00 0.5949 0.9421 0.9421
5500 65.45 36.07 0.00 2.6706 1.6972 1.6972
5525 65.55 36.02 0.00 2.6295 1.0887 1.0887
5550 65.55 36.02 0.00 2.6295 1.0887 1.0887
5575 65.62 35.93 0.00 1.0086 1.4373 1.4373
5600 65.57 35.71 0.00 -2.6030 1.4761 1.4761
5625 65.43 35.45 0.00 -3.6357 0.2985 0.2985
5650 65.43 35.45 0.00 -3.6357 0.2985 0.2985
5675 65.34 35.31 0.00 -1.4513 0.6169 0.6169
5700 65.34 35.31 0.00 -1.4513 0.6169 0.6169
5725 65.36 35.29 0.00 1.6177 1.7051 1.7051
5750 65.50 35.23 0.00 5.4869 3.1904 3.1904
5775 65.87 35.15 0.00 11.5414 2.2723 2.2723
5800 65.87 35.15 0.00 11.5414 2.2723 2.2723
5825 66.39 35.22 0.00 13.2045 4.8680 4.8680
5850 66.82 35.37 0.00 8.7174 5.9810 5.9810
5875 66.82 35.37 0.00 8.7174 5.9810 5.9810
5900 67.02 35.42 0.00 2.5802 3.7227 3.7227
5925 66.95 35.42 0.00 -4.5454 1.1549 1.1549
5950 66.63 35.32 0.00 -9.2708 -2.6968 -2.6968
5975 66.63 35.32 0.00 -9.2708 -2.6968 -2.6968
6000 66.29 35.15 0.00 -8.0166 -1.9159 -1.9159
6025 66.05 35.06 0.00 -4.3248 -0.2103 -0.2103
6050 66.05 35.06 0.00 -4.3248 -0.2103 -0.2103
6075 65.98 35.04 0.00 -0.8230 0.3424 0.3424
6100 66.00 35.04 0.00 1.2770 0.2940 0.2940
6125 66.00 35.04 0.00 1.2770 0.2940 0.2940
6150 66.04 35.01 0.00 -0.0949 0.4260 0.4260
6175 66.00 34.92 0.00 -1.4465 0.6163 0.6163
6200 65.95 34.79 0.00 -0.7726 0.0951 0.0951
6225 65.95 34.79 0.00 -0.7726 0.0951 0.0951
6250 65.95 34.72 0.00 0.3751 0.4961 0.4961
6275 65.96 34.63 0.00 0.0818 0.0912 0.0912
6300 65.96 34.63 0.00 0.0818 0.0912 0.0912
6325 65.93 34.56 0.00 -1.0729 -0.8747 -0.8747
6350 65.89 34.51 0.00 -1.1273 -1.5021 -1.5021
6375 65.89 34.51 0.00 -1.1273 -1.5021 -1.5021
6400 65.86 34.44 0.00 -0.6867 -1.3231 -1.3231
6425 65.82 34.38 0.00 -0.3975 0.4940 0.4940
6450 65.82 34.38 0.00 -0.3975 0.4940 0.4940
6475 65.80 34.37 0.00 -0.3955 -2.0199 -2.0199
6500 65.80 34.44 0.00 0.3154 -2.5297 -2.5297
6525 65.80 34.49 0.00 -0.6265 -1.1909 -1.1909
6550 65.80 34.49 0.00 -0.6265 -1.1909 -1.1909
6575 65.75 34.48 0.00 -1.8975 0.2483 0.2483
6600 65.68 34.44 0.00 -1.7469 0.9259 0.9259
6625 65.68 34.44 0.00 -1.7469 0.9259 0.9259
6650 65.62 34.35 0.00 -0.9528 -0.3521 -0.3521
6675 65.61 34.23 0.00 -0.1702 0.7303 0.7303
6700 65.61 34.23 0.00 -0.1702 0.7303 0.7303
6725 65.57 34.19 0.00 -1.0429 -0.6523 -0.6523
6750 65.55 34.19 0.00 -0.5422 -1.0692 -1.0692
6775 65.55 34.19 0.00 -0.5422 -1.0692 -1.0692
6800 65.53 34.21 0.00 -0.4669 -0.3088 -0.3088
6825 65.50 34.16 0.00 -0.7935 0.5513 0.5513
6850 65.48 34.12 0.00 -0.1539 0.8902 0.8902
6875 65.48 34.12 0.00 -0.1539 0.8902 0.8902
6900 65.50 34.09 0.00 0.4423 0.8220 0.8220
6925 65.50 34.05 0.00 0.2983 1.0718 1.0718
6950 65.48 34.01 0.00 -1.0996 0.1309 0.1309
6975 65.48 34.01 0.00 -1.0996 0.1309 0.1309
7000 65.43 33.96 0.00 -1.1602 -0.4725 -0.4725
7025 65.43 33.96 0.00 0.2716 -0.8651 -0.8651
7050 65.43 33.96 0.00 0.2716 -0.8651 -0.8651
7075 65.46 33.94 0.00 1.1139 -0.6948 -0.6948
7100 65.46 33.89 0.00 -0.4355 0.4148 0.4148
7125 65.46 33.89 0.00 -0.4355 0.4148 0.4148
7150 65.41 33.80 0.00 -2.0475 0.0973 0.0973
7175 65.30 33.77 0.00 -2.4716 -1.6407 -1.6407
7200 65.23 33.79 0.00 -1.8937 -0.3995 -0.3995
7225 65.23 33.79 0.00 -1.8937 -0.3995 -0.3995
7250 65.16 33.82 0.00 -1.6108 -0.4020 -0.4020
7275 65.11 33.81 0.00 -0.9993 0.4374 0.4374
7300 65.11 33.81 0.00 -0.9993 0.4374 0.4374
7325 65.09 33.73 0.00 -0.3069 0.0520 0.0520
7350 65.05 33.61 0.00 -0.6329 0.4598 0.4598
7375 65.05 33.61 0.00 -0.6329 0.4598 0.4598
7400 65.00 33.47 0.00 -2.1697 0.3235 0.3235
7425 64.87 33.33 0.00 -3.8160 -0.5339 -0.5339
7450 64.87 33.33 0.00 -3.8160 -0.5339 -0.5339
7475 64.73 33.26 0.00 -2.9901 -0.6433 -0.6433
7500 64.66 33.28 0.00 -0.8497 0.2463 0.2463
7525 64.66 33.28 0.00 0.6270 1.1221 1.1221
7550 64.66 33.28 0.00 0.6270 1.1221 1.1221
7575 64.71 33.27 0.00 1.1571 1.0750 1.0750
7600 64.75 33.24 0.00 0.7533 0.1992 0.1992
7625 64.75 33.24 0.00 0.7533 0.1992 0.1992
7650 64.77 33.22 0.00 0.5218 0.1342 0.1342
7675 64.77 33.17 0.00 -0.0216 0.5331 0.5331
7700 64.75 33.09 0.00 -0.6976 -0.0693 -0.0693
7725 64.75 33.09 0.00 -0.6976 -0.0693 -0.0693
7750 64.70 33.04 0.00 -2.2265 -0.3637 -0.3637
7775 64.59 32.97 0.00 -2.5263 -0.6849 -0.6849
7800 64.52 32.88 0.00 -0.8280 0.5275 0.5275
7825 64.52 32.88 0.00 -0.8280 0.5275 0.5275
7850 64.52 32.90 0.00 0.1814 -1.2210 -1.2210
7875 64.52 32.90 0.00 0.1814 -1.2210 -1.2210
7900 64.52 32.96 0.00 -0.1800 -0.4035 -0.4035
7925 64.46 32.90 0.00 -2.1514 0.6730 0.6730
7950 64.36 32.78 0.00 -2.4805 0.8116 0.8116
7975 64.36 32.78 0.00 -2.4805 0.8116 0.8116
8000 64.27 32.67 0.00 -2.3014 -0.0054 -0.0054
8025 64.18 32.55 0.00 -2.5960 -1.8503 -1.8503
8050 64.18 32.55 0.00 -2.5960 -1.8503 -1.8503
8075 64.07 32.42 0.00 -2.3137 -0.0111 -0.0111
8100 63.98 32.32 0.00 -1.9601 -0.9118 -0.9118
8125 63.98 32.32 0.00 -1.9601 -0.9118 -0.9118
8150 63.93 32.28 0.00 -1.2296 -0.9479 -0.9479
8175 63.91 32.28 0.00 0.0914 0.5635 0.5635
8200 63.93 32.18 0.00 0.7567 1.7186 1.7186
8225 63.93 32.18 0.00 0.7567 1.7186 1.7186
8250 63.95 32.01 0.00 -0.0817 1.5964 1.5964
8275 63.91 31.94 0.00 -0.8677 0.5929 0.5929
8300 63.86 31.92 0.00 -2.0661 -0.6260 -0.6260
8325 63.86 31.92 0.00 -2.0661 -0.6260 -0.6260
8350 63.79 31.91 0.00 -1.7847 -1.1932 -1.1932
8375 63.73 31.93 0.00 -1.1802 -1.4026 -1.4026
8400 63.73 31.93 0.00 -1.1802 -1.4026 -1.4026
8425 63.70 31.89 0.00 -1.3195 -0.7144 -0.7144
8450 63.70 31.89 0.00 -1.3195 -0.7144 -0.7144
8475 63.63 31.75 0.00 -2.1333 0.4711 0.4711
8500 63.54 31.64 0.00 -2.1964 -0.2633 -0.2633
8525 63.54 31.64 0.00 -2.1964 -0.2633 -0.2633
8550 63.47 31.64 0.00 -1.7050 -1.7024 -1.7024
8575 63.40 31.72 0.00 -1.3693 -0.5509 -0.5509
8600 63.40 31.72 0.00 -1.3693 -0.5509 -0.5509
8625 63.34 31.81 0.00 -1.3113 -0.3460 -0.3460
8650 63.27 31.85 0.00 -2.2217 -0.6038 -0.6038
8675 63.17 32.06 0.00 -2.8846 -2.4899 -2.4899
8700 63.17 32.06 0.00 -2.8846 -2.4899 -2.4899
8725 63.04 32.25 0.00 -3.2083 -2.9851 -2.9851
8750 62.93 32.28 0.00 -1.9080 0.2101 0.2101
8775 62.92 32.20 0.00 0.2099 0.3728 0.3728
8800 62.92 32.20 0.00 0.2099 0.3728 0.3728
8825 62.93 32.10 0.00 0.1641 -0.2706 -0.2706
8850 62.90 32.09 0.00 -1.0934 -0.8336 -0.8336
8875 62.86 32.20 0.00 -0.8915 -0.9871 -0.9871
8900 62.86 32.20 0.00 -0.8915 -0.9871 -0.9871
8925 62.86 32.29 0.00 1.0184 -0.4552 -0.4552
8950 62.93 32.25 0.00 1.7190 0.2290 0.2290
8975 62.93 32.25 0.00 1.7190 0.2290 0.2290
9000 62.97 32.21 0.00 0.0108 -0.5677 -0.5677
9025 62.97 32.21 0.00 0.0108 -0.5677 -0.5677
9050 62.93 32.16 0.00 -1.0926 -0.3001 -0.3001
9075 62.92 32.12 0.00 0.1075 0.0010 0.0010
9100 62.93 32.09 0.00 0.5593 -0.3021 -0.3021
9125 62.93 32.09 0.00 0.5593 -0.3021 -0.3021
9150 62.97 32.05 0.00 0.8423 1.4603 1.4603
9175 62.97 32.07 0.00 -0.1122 -1.0110 -1.0110
9200 62.97 32.16 0.00 -0.3370 -1.6167 -1.6167
9225 62.97 32.16 0.00 -0.3370 -1.6167 -1.6167
9250 62.93 32.32 0.00 -1.0028 -0.5474 -0.5474
9275 62.86 32.38 0.00 -2.1275 -0.2986 -0.2986
9300 62.86 32.38 0.00 -2.1275 -0.2986 -0.2986
9325 62.79 32.34 0.00 -1.4177 0.8374 0.8374
9350 62.76 32.22 0.00 -0.6071 0.7056 0.7056
9375 62.74 32.05 0.00 -0.8943 1.3087 1.3087
9400 62.74 32.05 0.00 -0.8943 1.3087 1.3087
9425 62.67 31.98 0.00 -1.9202 0.0279 0.0279
9450 62.62 31.98 0.00 -0.7903 -0.7543 -0.7543
9475 62.62 31.98 0.00 -0.7903 -0.7543 -0.7543
9500 62.62 32.04 0.00 0.1059 -0.2138 -0.2138
9525 62.54 32.06 0.00 -2.5276 0.5090 0.5090
9550 62.54 32.06 0.00 -2.5276 0.5090 0.5090
9575 62.44 31.99 0.00 -2.6018 0.6681 0.6681
9600 62.38 31.95 0.00 -0.3934 -0.6626 -0.6626
9625 62.38 31.95 0.00 -0.3934 -0.6626 -0.6626
9650 62.38 31.99 0.00 0.1201 -0.6542 -0.6542
9675 62.38 31.94 0.00 -0.6987 -0.0509 -0.0509
9700 62.38 31.94 0.00 -0.6987 -0.0509 -0.0509
9725 62.33 31.90 0.00 -1.3750 -0.1716 -0.1716
9750 62.23 31.87 0.00 -4.4438 -0.8503 -0.8503
9775 62.23 31.87 0.00 -4.4438 -0.8503 -0.8503
9800 61.98 31.78 0.00 -6.4834 0.9383 0.9383
9825 61.76 31.60 0.00 -4.2416 1.0300 1.0300
9850 61.57 31.46 0.00 -5.1890 -1.2895 -1.2895
9875 61.57 31.46 0.00 -5.1890 -1.2895 -1.2895
9900 61.36 31.47 0.00 -4.9878 -1.4320 -1.4320
9925 61.22 31.54 0.00 -2.8049 0.8715 0.8715
9950 61.22 31.54 0.00 -2.8049 0.8715 0.8715
9975 61.18 31.58 0.00 0.3389 1.0008 1.0008
10000 61.25 31.58 0.00 2.5142 0.9562 0.9562
10025 61.25 31.58 0.00 2.5142 0.9562 0.9562
10050 61.32 31.54 0.00 1.3313 -0.6848 -0.6848
10075 61.34 31.49 0.00 -0.2341 0.8232 0.8232
10100 61.27 31.45 0.00 -2.3776 0.2524 0.2524
10125 61.27 31.45 0.00 -2.3776 0.2524 0.2524
10150 61.18 31.49 0.00 -1.3888 -0.8663 -0.8663
10175 61.18 31.53 0.00 0.6901 -0.3131 -0.3131
10200 61.18 31.53 0.00 0.6901 -0.3131 -0.3131
10225 61.22 31.51 0.00 0.9010 0.8230 0.8230
10250 61.29 31.45 0.00 1.9427 0.7893 0.7893
10275 61.29 31.45 0.00 1.9427 0.7893 0.7893
10300 61.38 31.43 0.00 2.7175 0.5778 0.5778
10325 61.52 31.47 0.00 2.9942 0.6348 0.6348
10350 61.54 31.47 0.00 -0.5863 -0.0554 -0.0554
10375 61.54 31.47 0.00 -0.5863 -0.0554 -0.0554
10400 61.45 31.47 0.00 -3.1232 -0.0904 -0.0904
10425 61.31 31.38 0.00 -3.4792 -0.9111 -0.9111
10450 61.20 31.26 0.00 -1.6797 0.2760 0.2760
10475 61.20 31.26 0.00 -1.6797 0.2760 0.2760
10500 61.18 31.20 0.00 0.1569 -0.4504 -0.4504
10525 61.20 31.29 0.00 -0.0454 -2.2227 -2.2227
10550 61.20 31.29 0.00 -0.0454 -2.2227 -2.2227
10575 61.16 31.42 0.00 -1.2622 -0.5838 -0.5838
10600 61.08 31.46 0.00 -2.1855 -0.7275 -0.7275
10625 61.08 31.46 0.00 -2.1855 -0.7275 -0.7275
10650 61.00 31.40 0.00 -1.3768 0.4219 0.4219
10675 60.99 31.31 0.00 -0.5933 -0.0832 -0.0832
10700 60.99 31.31 0.00 -0.5933 -0.0832 -0.0832
10725 60.95 31.24 0.00 -0.7842 -0.4797 -0.4797
10750 60.92 31.17 0.00 -1.4685 0.3598 0.3598
10775 60.92 31.17 0.00 -1.4685 0.3598 0.3598
10800 60.85 31.12 0.00 -1.8563 -0.7799 -0.7799
10825 60.79 31.10 0.00 -1.2796 -0.5034 -0.5034
10850 60.79 31.10 0.00 -1.2796 -0.5034 -0.5034
10875 60.76 31.10 0.00 -0.2562 0.3285 0.3285
10900 60.78 31.06 0.00 0.3937 0.6774 0.6774
10925 60.79 31.10 0.00 1.0140 0.5394 0.5394
10950 60.79 31.10 0.00 1.0140 0.5394 0.5394
10975 60.85 31.14 0.00 0.7482 -0.0454 -0.0454
11000 60.85 31.14 0.00 0.0185 -0.4412 -0.4412
11025 60.85 31.14 0.00 -0.4913 -0.8222 -0.8222
11050 60.85 31.14 0.00 -0.4913 -0.8222 -0.8222
11075 60.81 31.14 0.00 -0.4446 -0.5966 -0.5966
11100 60.79 31.10 0.00 -0.9649 -0.5327 -0.5327
11125 60.79 31.10 0.00 -0.9649 -0.5327 -0.5327
11150 60.76 31.05 0.00 -0.7578 0.8669 0.8669
11175 60.72 31.03 0.00 -0.6204 -1.1913 -1.1913
11200 60.70 31.01 0.00 -0.5354 -1.2958 -1.2958
11225 60.70 31.01 0.00 -0.5354 -1.2958 -1.2958
11250 60.67 31.03 0.00 -1.2517 -0.9580 -0.9580
11275 60.67 31.03 0.00 -1.2517 -0.9580 -0.9580
11300 60.62 31.03 0.00 -0.9139 -0.7027 -0.7027
11325 60.60 30.98 0.00 -0.3689 0.7149 0.7149
11350 60.58 30.87 0.00 -0.4393 0.1746 0.1746
11375 60.58 30.87 0.00 -0.4393 0.1746 0.1746
11400 60.53 30.74 0.00 -2.3525 0.5835 0.5835
11425 60.39 30.71 0.00 -3.3807 -0.3059 -0.3059
11450 60.39 30.71 0.00 -3.3807 -0.3059 -0.3059
11475 60.32 30.71 0.00 -1.0705 -0.9318 -0.9318
11500 60.32 30.71 0.00 0.5539 0.1134 0.1134
11525 60.32 30.66 0.00 -0.3261 1.3412 1.3412
11550 60.32 30.66 0.00 -0.3261 1.3412 1.3412
11575 60.30 30.59 0.00 -0.2956 0.7064 0.7064
11600 60.28 30.53 0.00 -0.7316 0.2980 0.2980
11625 60.28 30.53 0.00 -0.7316 0.2980 0.2980
11650 60.25 30.50 0.00 -1.6376 -0.7770 -0.7770
11675 60.09 30.45 0.00 -5.0671 -0.5473 -0.5473
11700 60.09 30.45 0.00 -5.0671 -0.5473 -0.5473
11725 59.89 30.39 0.00 -4.6711 -0.1168 -0.1168
11750 59.77 30.41 0.00 -1.6975 -1.6415 -1.6415
11775 59.77 30.41 0.00 -1.6975 -1.6415 -1.6415
11800 59.77 30.45 0.00 0.3052 -1.8180 -1.8180
11825 59.77 30.43 0.00 -0.4234 -0.3631 -0.3631
11850 59.77 30.43 0.00 -0.4234 -0.3631 -0.3631
11875 59.75 30.38 0.00 -0.0710 2.2109 2.2109
11900 59.73 30.43 0.00 -1.8577 -0.1934 -0.1934
11925 59.65 30.51 0.00 -2.1990 -0.6271 -0.6271
11950 59.65 30.51 0.00 -2.1990 -0.6271 -0.6271
11975 59.56 30.56 0.00 -1.6565 -1.2863 -1.2863
12000 59.54 30.56 0.00 -0.3533 -0.5531 -0.5531
12025 59.54 30.56 0.00 -0.3533 -0.5531 -0.5531
12050 59.52 30.53 0.00 -0.4237 0.1950 0.1950
12075 59.47 30.42 0.00 -1.4808 -1.4358 -1.4358
12100 59.42 30.31 0.00 -1.4086 0.1887 0.1887
12125 59.42 30.31 0.00 -1.4086 0.1887 0.1887
12150 59.38 30.22 0.00 -0.5516 -0.3428 -0.3428
12175 59.38 30.22 0.00 -0.5516 -0.3428 -0.3428
12200 59.40 30.22 0.00 0.9233 0.4617 0.4617
12225 59.44 30.24 0.00 0.4492 0.7097 0.7097
12250 59.40 30.26 0.00 -1.2198 0.6364 0.6364
12275 59.40 30.26 0.00 -1.2198 0.6364 0.6364
12300 59.35 30.24 0.00 -1.4648 0.1921 0.1921
12325 59.35 30.24 0.00 -1.4648 0.1921 0.1921
12350 59.31 30.21 0.00 -1.1501 -0.4060 -0.4060
12375 59.28 30.13 0.00 -0.8796 -0.4932 -0.4932
12400 59.22 30.06 0.00 -1.7894 -1.0407 -1.0407
12425 59.14 30.01 0.00 -1.8966 -1.4551 -1.4551
12450 59.14 30.01 0.00 -1.8966 -1.4551 -1.4551
12475 59.08 29.96 0.00 -0.7991 -0.9890 -0.9890
12500 59.08 29.81 0.00 0.5226 0.2048 0.2048
12525 59.08 29.81 0.00 0.5226 0.2048 0.2048
12550 59.14 29.70 0.00 1.2552 0.3050 0.3050
12575 59.22 29.72 0.00 3.0433 -0.2211 -0.2211
12600 59.35 29.86 0.00 3.1557 0.9271 0.9271
12625 59.35 29.86 0.00 3.1557 0.9271 0.9271
12650 59.42 30.02 0.00 0.2951 0.6911 0.6911
12675 59.35 30.04 0.00 -2.6130 0.7394 0.7394
12700 59.35 30.04 0.00 -2.6130 0.7394 0.7394
12725 59.21 29.92 0.00 -4.0270 -0.7236 -0.7236
12750 59.05 29.76 0.00 -3.5055 -0.2400 -0.2400
12775 59.05 29.76 0.00 -3.5055 -0.2400 -0.2400
12800 58.94 29.65 0.00 -1.9547 0.2306 0.2306
12825 58.94 29.65 0.00 -1.9547 0.2306 0.2306
12850 58.91 29.62 0.00 -0.6780 -0.2688 -0.2688
12875 58.91 29.67 0.00 0.4553 0.1017 0.1017
12900 58.92 29.72 0.00 0.4850 0.5330 0.5330
12925 58.92 29.72 0.00 0.4850 0.5330 0.5330
12950 58.94 29.72 0.00 0.5948 1.1745 1.1745
12975 58.94 29.72 0.00 0.5948 1.1745 1.1745
13000 58.98 29.72 0.00 -0.2407 -0.5913 -0.5913
13025 58.98 29.72 0.00 -0.2407 -0.5913 -0.5913
13050 58.92 29.71 0.00 -1.9021 -0.9363 -0.9363
13075 58.85 29.71 0.00 -1.8186 -1.2703 -1.2703
13100 58.85 29.71 0.00 -1.8186 -1.2703 -1.2703
13125 58.80 29.73 0.00 -0.4422 -0.8748 -0.8748
13150 58.80 29.65 0.00 0.1374 0.0705 0.0705
13175 58.80 29.65 0.00 0.1374 0.0705 0.0705
13200 58.84 29.55 0.00 0.9535 1.2552 1.2552
13225 58.85 29.56 0.00 0.1402 -1.5257 -1.5257
13250 58.85 29.56 0.00 0.1402 -1.5257 -1.5257
13275 58.84 29.67 0.00 -0.7810 -1.1701 -1.1701
13300 58.80 29.78 0.00 -1.5548 -0.6188 -0.6188
13325 58.73 29.75 0.00 -1.3322 0.5055 0.5055
13350 58.73 29.75 0.00 -1.3322 0.5055 0.5055
13375 58.70 29.67 0.00 -0.6128 1.1853 1.1853
13400 58.68 29.53 0.00 -0.9091 -0.4510 -0.4510
13425 58.68 29.53 0.00 -0.9091 -0.4510 -0.4510
13450 58.61 29.40 0.00 -2.0292 0.9059 0.9059
13475 58.52 29.32 0.00 -2.3717 0.0783 0.0783
13500 58.52 29.32 0.00 -2.3717 0.0783 0.0783
13525 58.45 29.28 0.00 -1.4688 -0.2933 -0.2933
13550 58.41 29.28 0.00 0.0165 0.4021 0.4021
13575 58.45 29.30 0.00 0.7935 0.8860 0.8860
13600 58.45 29.30 0.00 0.7935 0.8860 0.8860
13625 58.45 29.26 0.00 -0.6912 0.5161 0.5161
13650 58.41 29.15 0.00 -0.7569 0.9711 0.9711
13675 58.40 29.05 0.00 0.1011 0.2453 0.2453
13700 58.40 29.05 0.00 0.1011 0.2453 0.2453
13725 58.45 29.01 0.00 2.2322 0.2868 0.2868
13750 58.56 29.06 0.00 2.5299 -0.5517 -0.5517
13775 58.56 29.06 0.00 2.5299 -0.5517 -0.5517
13800 58.59 29.06 0.00 0.2004 -0.1391 -0.1391
13825 58.56 29.01 0.00 -1.5280 0.1061 0.1061
13850 58.56 29.01 0.00 -1.5280 0.1061 0.1061
13875 58.49 29.05 0.00 -2.0404 -0.7509 -0.7509
13900 58.43 29.08 0.00 -1.5199 -1.7190 -1.7190
13925 58.40 29.15 0.00 -0.2854 -1.1539 -1.1539
13950 58.40 29.15 0.00 -0.2854 -1.1539 -1.1539
13975 58.40 29.19 0.00 -0.3816 -0.5014 -0.5014
14000 58.36 29.14 0.00 -1.1194 0.4852 0.4852
14025 58.36 29.14 0.00 -1.1194 0.4852 0.4852
14050 58.31 29.08 0.00 -1.0391 -0.1075 -0.1075
14075 58.29 28.98 0.00 -0.4117 -0.3564 -0.3564
14100 58.29 28.98 0.00 -0.4117 -0.3564 -0.3564
14125 58.29 28.92 0.00 0.0998 1.1620 1.1620
14150 58.27 28.96 0.00 -0.5349 0.5284 0.5284
14175 58.27 29.03 0.00 0.1828 0.6386 0.6386
14200 58.27 29.03 0.00 0.1828 0.6386 0.6386
14225 58.27 29.05 0.00 0.3348 0.7316 0.7316
14250 58.29 28.99 0.00 0.3587 0.7878 0.7878
14275 58.29 28.99 0.00 0.3587 0.7878 0.7878
14300 58.29 28.90 0.00 -0.2522 1.8045 1.8045
14325 58.27 28.74 0.00 -0.7398 1.5839 1.5839
14350 58.27 28.74 0.00 -0.7398 1.5839 1.5839
14375 58.22 28.56 0.00 -1.8130 -0.1560 -0.1560
14400 58.13 28.42 0.00 -2.3048 -1.2032 -1.2032
14425 58.05 28.42 0.00 -1.8334 -1.5197 -1.5197
14450 58.05 28.42 0.00 -1.8334 -1.5197 -1.5197
14475 57.98 28.44 0.00 -1.8801 -1.1469 -1.1469
14500 57.91 28.33 0.00 -1.7843 0.1383 0.1383
14525 57.91 28.33 0.00 -1.7843 0.1383 0.1383
14550 57.84 28.28 0.00 -1.5014 -1.1610 -1.1610
14575 57.82 28.31 0.00 -0.1254 -0.4921 -0.4921
14600 57.82 28.31 0.00 -0.1254 -0.4921 -0.4921
14625 57.82 28.35 0.00 -0.1817 0.5376 0.5376
14650 57.80 28.33 0.00 -0.5898 0.4744 0.4744
14675 57.76 28.30 0.00 -0.8930 -0.0111 -0.0111
14700 57.76 28.30 0.00 -0.8930 -0.0111 -0.0111
14725 57.69 28.26 0.00 -2.3010 -0.9960 -0.9960
14750 57.62 28.23 0.00 -1.1217 0.6520 0.6520
14775 57.62 28.23 0.00 -1.1217 0.6520 0.6520
14800 57.59 28.23 0.00 -0.6200 0.6737 0.6737
14825 57.57 28.28 0.00 -0.3363 -0.0713 -0.0713
14850 57.57 28.28 0.00 -0.3363 -0.0713 -0.0713
14875 57.57 28.26 0.00 0.0669 0.9801 0.9801
14900 57.59 28.15 0.00 0.6813 1.6473 1.6473
14925 57.59 28.15 0.00 0.6813 1.6473 1.6473
14950 57.61 28.01 0.00 0.4780 2.1382 2.1382
14975 57.64 27.92 0.00 0.7554 1.7605 1.7605
15000 57.68 27.86 0.00 1.0873 0.5929 0.5929
15025 57.68 27.86 0.00 1.0873 0.5929 0.5929
15050 57.71 27.88 0.00 0.9014 -0.3103 -0.3103
15075 57.73 27.86 0.00 0.4382 -0.0210 -0.0210
15100 57.73 27.86 0.00 0.4382 -0.0210 -0.0210
15125 57.73 27.77 0.00 -0.3050 0.1852 0.1852
15150 57.71 27.63 0.00 -0.1800 1.3434 1.3434
15175 57.75 27.55 0.00 0.9415 -0.9532 -0.9532
15200 57.75 27.55 0.00 0.9415 -0.9532 -0.9532
15225 57.78 27.59 0.00 0.9624 -0.6622 -0.6622
15250 57.78 27.62 0.00 -0.5175 -0.3126 -0.3126
15275 57.78 27.62 0.00 -0.5175 -0.3126 -0.3126
15300 57.73 27.61 0.00 -2.0720 0.1445 0.1445
15325 57.62 27.55 0.00 -2.3760 0.1513 0.1513
15350 57.62 27.55 0.00 -2.3760 0.1513 0.1513
15375 57.55 27.48 0.00 -1.8794 -0.7864 -0.7864
15400 57.48 27.37 0.00 -1.5815 0.8783 0.8783
15425 57.43 27.30 0.00 -1.5702 0.0210 0.0210
15450 57.43 27.30 0.00 -1.5702 0.0210 0.0210
15475 57.40 27.23 0.00 -0.4291 -0.6588 -0.6588
15500 57.36 27.21 0.00 -1.4058 -0.8511 -0.8511
15525 57.36 27.21 0.00 -1.4058 -0.8511 -0.8511
15550 57.29 27.27 0.00 -2.0515 -1.6623 -1.6623
15575 57.20 27.34 0.00 -2.9318 -2.0809 -2.0809
15600 57.20 27.34 0.00 -2.9318 -2.0809 -2.0809
15625 57.03 27.34 0.00 -4.6894 -1.6657 -1.6657
15650 56.89 27.36 0.00 -2.5957 -2.0461 -2.0461
15675 56.89 27.36 0.00 -2.5957 -2.0461 -2.0461
15700 56.85 27.35 0.00 0.3605 -1.3271 -1.3271
15725 56.90 27.27 0.00 1.4792 -1.4888 -1.4888
15750 56.92 27.24 0.00 -0.4011 -1.5677 -1.5677
15775 56.92 27.24 0.00 -0.4011 -1.5677 -1.5677
15800 56.78 27.20 0.00 -4.8624 -0.5029 -0.5029
15825 56.61 27.20 0.00 -4.2709 -1.3018 -1.3018
15850 56.50 27.31 0.00 -1.3142 -3.6497 -3.6497
15875 56.50 27.31 0.00 -1.3142 -3.6497 -3.6497
15900 56.48 27.46 0.00 -0.1774 -2.7286 -2.7286
15925 56.45 27.48 0.00 -1.1329 -0.9258 -0.9258
15950 56.45 27.48 0.00 -1.1329 -0.9258 -0.9258
15975 56.41 27.41 0.00 -1.1439 1.0822 1.0822
16000 56.38 27.32 0.00 -0.7723 1.0790 1.0790
16025 56.29 27.24 0.00 -2.9396 0.6437 0.6437
16050 56.29 27.24 0.00 -2.9396 0.6437 0.6437
16075 56.15 27.21 0.00 -3.4142 1.0568 1.0568
16100 56.06 27.23 0.00 -1.4585 0.7538 0.7538
16125 56.06 27.23 0.00 -1.4585 0.7538 0.7538
16150 56.05 27.30 0.00 -0.0511 0.2769 0.2769
16175 56.05 27.36 0.00 -0.2915 0.4492 0.4492
16200 56.05 27.36 0.00 -0.2915 0.4492 0.4492
16225 56.03 27.34 0.00 -0.4964 0.2624 0.2624
16250 56.03 27.34 0.00 -0.4964 0.2624 0.2624
16275 56.01 27.28 0.00 0.1240 0.1927 0.1927
16300 56.03 27.25 0.00 0.3193 0.1646 0.1646
16325 56.03 27.16 0.00 0.1482 0.0377 0.0377
16350 56.03 27.16 0.00 0.1482 0.0377 0.0377
16375 56.03 27.10 0.00 -0.5486 -0.9377 -0.9377
16400 55.98 27.07 0.00 -1.4034 -0.9693 -0.9693
16425 55.98 27.07 0.00 -1.4034 -0.9693 -0.9693
16450 55.92 27.03 0.00 -1.6676 -0.2585 -0.2585
16475 55.87 26.94 0.00 -0.8653 -0.2865 -0.2865
16500 55.87 26.94 0.00 -0.8653 -0.2865 -0.2865
16525 55.85 26.90 0.00 -0.8613 -2.9371 -2.9371
16550 55.80 26.96 0.00 -1.2132 -2.3800 -2.3800
16575 55.73 27.02 0.00 -1.7463 -1.1603 -1.1603
16600 55.73 27.02 0.00 -1.7463 -1.1603 -1.1603
16625 55.68 27.05 0.00 -0.6757 -1.0772 -1.0772
16650 55.70 27.11 0.00 0.8235 -0.8688 -0.8688
16675 55.71 27.11 0.00 -0.3050 -1.5074 -1.5074
16700 55.71 27.11 0.00 -0.3050 -1.5074 -1.5074
16725 55.66 27.09 0.00 -1.4923 0.6622 0.6622
16750 55.61 27.07 0.00 -1.3945 -0.8299 -0.8299
16775 55.61 27.07 0.00 -1.3945 -0.8299 -0.8299
16800 55.59 27.07 0.00 0.5900 -0.9479 -0.9479
16825 55.64 27.13 0.00 1.3892 -0.6314 -0.6314
16850 55.70 27.20 0.00 1.1254 0.6771 0.6771
16875 55.70 27.20 0.00 1.1254 0.6771 0.6771
16900 55.71 27.20 0.00 0.3199 1.3116 1.3116
16925 55.71 27.14 0.00 0.0618 0.8559 0.8559
16950 55.71 27.14 0.00 0.0618 0.8559 0.8559
16975 55.71 27.11 0.00 -0.3325 0.2045 0.2045
17000 55.70 27.14 0.00 -0.4614 -0.6033 -0.6033
17025 55.70 27.14 0.00 -0.4614 -0.6033 -0.6033
17050 55.70 27.18 0.00 -0.0126 -0.5461 -0.5461
17075 55.68 27.14 0.00 -0.8746 -0.2955 -0.2955
17100 55.64 27.07 0.00 -0.7422 1.1298 1.1298
17125 55.64 27.07 0.00 -0.7422 1.1298 1.1298
17150 55.59 27.05 0.00 -1.3012 -1.4844 -1.4844
17175 55.56 27.11 0.00 -0.4053 -0.4039 -0.4039
17200 55.56 27.11 0.00 -0.4053 -0.4039 -0.4039
17225 55.54 27.13 0.00 -1.2370 -1.0192 -1.0192
17250 55.45 27.02 0.00 -2.9218 -0.3378 -0.3378
17275 55.33 26.84 0.00 -2.7553 -0.0626 -0.0626
17300 55.33 26.84 0.00 -2.7553 -0.0626 -0.0626
17325 55.15 26.60 0.00 -5.8613 -2.6416 -2.6416
17350 55.15 26.60 0.00 -5.8613 -2.6416 -2.6416
17375 54.89 26.30 0.00 -7.1635 -0.7226 -0.7226
17400 54.65 26.02 0.00 -5.4640 -1.2087 -1.2087
17425 54.51 25.88 0.00 -1.9460 -1.3027 -1.3027
17450 54.51 25.88 0.00 -1.9460 -1.3027 -1.3027
17475 54.47 25.83 0.00 -0.3615 -0.7417 -0.7417
17500 54.47 25.83 0.00 0.5308 -0.5884 -0.5884
17525 54.47 25.83 0.00 0.5308 -0.5884 -0.5884
17550 54.49 25.88 0.00 -0.1504 -0.7523 -0.7523
17575 54.44 25.92 0.00 -1.6888 -0.1034 -0.1034
17600 54.37 25.86 0.00 -1.3669 -0.6772 -0.6772
17625 54.37 25.86 0.00 -1.3669 -0.6772 -0.6772
17650 54.35 25.85 0.00 -0.4380 -1.3438 -1.3438
17675 54.33 25.86 0.00 -0.2938 -0.9433 -0.9433
17700 54.33 25.86 0.00 -0.2938 -0.9433 -0.9433
17725 54.33 25.92 0.00 0.1425 -0.8374 -0.8374
17750 54.38 25.97 0.00 2.3670 1.2244 1.2244
17775 54.38 25.97 0.00 2.3670 1.2244 1.2244
17800 54.49 26.06 0.00 1.9883 -0.8150 -0.8150
17825 54.52 26.17 0.00 1.2498 -0.8845 -0.8845
17850 54.54 26.34 0.00 -0.6863 -0.3939 -0.3939
17875 54.54 26.34 0.00 -0.6863 -0.3939 -0.3939
17900 54.47 26.41 0.00 -1.8831 0.2977 0.2977
17925 54.40 26.36 0.00 -1.5665 0.9779 0.9779
17950 54.40 26.36 0.00 -1.5665 0.9779 0.9779
17975 54.37 26.26 0.00 -0.9733 -0.2252 -0.2252
18000 54.33 26.14 0.00 -0.6230 1.3621 1.3621
18025 54.30 26.06 0.00 -0.8988 0.7328 0.7328
18050 54.30 26.06 0.00 -0.8988 0.7328 0.7328
18075 54.28 26.06 0.00 -0.0399 -0.3958 -0.3958
18100 54.26 26.14 0.00 -0.9688 -0.9561 -0.9561
18125 54.26 26.14 0.00 -0.9688 -0.9561 -0.9561
18150 54.19 26.21 0.00 -2.0392 -0.3504 -0.3504
18175 54.14 26.23 0.00 -1.3102 -0.0463 -0.0463
18200 54.14 26.23 0.00 -1.3102 -0.0463 -0.0463
18225 54.07 26.19 0.00 -1.6797 -0.4797 -0.4797
18250 54.02 26.12 0.00 -1.4945 -0.6767 -0.6767
18275 53.95 26.01 0.00 -1.5031 -0.8067 -0.8067
18300 53.95 26.01 0.00 -1.5031 -0.8067 -0.8067
18325 53.93 25.98 0.00 0.1201 -1.0383 -1.0383
18350 53.93 25.98 0.00 0.1201 -1.0383 -1.0383
18375 53.95 25.94 0.00 0.4898 -1.0166 -1.0166
18400 53.91 25.89 0.00 -3.0620 -1.5071 -1.5071
18425 53.49 25.80 0.00 -14.7875 -1.6068 -1.6068
18450 53.49 25.80 0.00 -14.7875 -1.6068 -1.6068
18475 52.57 25.95 0.00 -25.9401 -5.2532 -5.2532
18500 51.59 26.23 0.00 -22.3895 -2.0653 -2.0653
18525 51.59 26.23 0.00 -22.3895 -2.0653 -2.0653
18550 50.89 26.48 0.00 -14.9487 4.3048 4.3048
18575 50.44 26.63 0.00 -9.2019 5.4108 5.4108
18600 50.44 26.63 0.00 -9.2019 5.4108 5.4108
18625 50.28 26.67 0.00 -2.8269 3.4411 3.4411
18650 50.38 26.59 0.00 4.3875 -2.1052 -2.1052
18675 50.58 26.43 0.00 4.0252 -1.3493 -1.3493
18700 50.58 26.43 0.00 4.0252 -1.3493 -1.3493
18725 50.66 26.32 0.00 1.4436 -1.4286 -1.4286
18750 50.72 26.37 0.00 1.7124 -0.5382 -0.5382
18775 50.72 26.37 0.00 1.7124 -0.5382 -0.5382
18800 50.80 26.41 0.00 1.9353 0.4294 0.4294
18825 50.86 26.37 0.00 1.4409 -0.1048 -0.1048
18850 50.94 26.34 0.00 2.3948 0.1703 0.1703
18875 50.94 26.34 0.00 2.3948 0.1703 0.1703
18900 51.05 26.21 0.00 2.5626 0.9944 0.9944
18925 51.12 26.03 0.00 0.8915 0.9698 0.9698
18950 51.08 25.88 0.00 -2.0472 -1.4170 -1.4170
18975 51.08 25.88 0.00 -2.0472 -1.4170 -1.4170
19000 50.98 25.77 0.00 -2.5868 -0.3400 -0.3400
19025 50.87 25.70 0.00 -2.1989 1.7079 1.7079
19050 50.87 25.70 0.00 -2.1989 1.7079 1.7079
19075 50.82 25.66 0.00 -0.7624 1.9358 1.9358
19100 50.80 25.63 0.00 -0.5777 -0.3671 -0.3671
19125 50.80 25.63 0.00 -0.5777 -0.3671 -0.3671
19150 50.80 25.65 0.00 1.0679 1.6940 1.6940
19175 50.96 25.65 0.00 5.1464 2.8451 2.8451
19200 51.17 25.59 0.00 5.0751 3.0887 3.0887
19225 51.17 25.59 0.00 5.0751 3.0887 3.0887
19250 51.31 25.44 0.00 2.1881 2.4238 2.4238
19275 51.38 25.21 0.00 2.5249 2.8290 2.8290
19300 51.38 25.21 0.00 2.5249 2.8290 2.8290
19325 51.59 24.91 0.00 6.7603 5.1785 5.1785
19350 51.96 24.67 0.00 9.9462 5.6940 5.6940
19375 51.96 24.67 0.00 9.9462 5.6940 5.6940
19400 52.20 24.58 0.00 6.7587 3.7041 3.7041
19425 52.32 24.51 0.00 0.9049 1.8786 1.8786
19450 52.23 24.45 0.00 -3.4070 0.7104 0.7104
19475 52.23 24.45 0.00 -3.4070 0.7104 0.7104
19500 52.08 24.43 0.00 -4.0394 -0.8559 -0.8559
19525 51.96 24.43 0.00 -2.4798 -1.0009 -1.0009
19550 51.96 24.43 0.00 -2.4798 -1.0009 -1.0009
19575 51.89 24.45 0.00 -0.4384 -0.7859 -0.7859
19600 51.94 24.54 0.00 1.5340 -1.5477 -1.5477
19625 51.94 24.54 0.00 1.5340 -1.5477 -1.5477
19650 51.97 24.75 0.00 0.5989 -1.3616 -1.3616
19675 51.94 24.86 0.00 -1.8886 -1.0708 -1.0708
19700 51.94 24.86 0.00 -1.8886 -1.0708 -1.0708
19725 51.83 24.80 0.00 -2.7142 -0.4906 -0.4906
19750 51.71 24.84 0.00 -3.1174 -3.0955 -3.0955
19775 51.64 24.95 0.00 -0.9450 -2.5487 -2.5487
19800 51.64 24.95 0.00 -0.9450 -2.5487 -2.5487
19825 51.62 25.02 0.00 -0.2807 -1.9615 -1.9615
19850 51.64 24.99 0.00 0.8778 -0.0120 -0.0120
19875 51.64 24.99 0.00 0.8778 -0.0120 -0.0120
19900 51.68 24.84 0.00 0.9075 0.9410 0.9410
19925 51.69 24.69 0.00 -0.3242 -0.2011 -0.2011
19950 51.64 24.55 0.00 -1.4178 0.4330 0.4330
19975 51.64 24.55 0.00 -1.4178 0.4330 0.4330
20000 51.59 24.47 0.00 -1.4317 -0.6057 -0.6057
20025 51.55 24.45 0.00 -0.0426 -0.8525 -0.8525
20050 51.55 24.45 0.00 -0.0426 -0.8525 -0.8525
20075 51.57 24.49 0.00 0.3680 0.0258 0.0258
20100 51.59 24.47 0.00 0.2416 0.2178 0.2178
20125 51.59 24.47 0.00 0.2416 0.2178 0.2178
20150 51.59 24.45 0.00 -0.0592 0.0259 0.0259
20175 51.59 24.40 0.00 -0.1184 0.2642 0.2642
20200 51.59 24.40 0.00 -0.1184 0.2642 0.2642
20225 51.59 24.34 0.00 -0.1088 0.4423 0.4423
20250 51.57 24.31 0.00 -0.3083 0.5391 0.5391
20275 51.57 24.31 0.00 -0.3083 0.5391 0.5391
20300 51.55 24.27 0.00 -0.6671 -0.6657 -0.6657
20325 51.50 24.29 0.00 -1.4579 -2.0339 -2.0339
20350 51.45 24.25 0.00 -1.4053 -0.3852 -0.3852
20375 51.45 24.25 0.00 -1.4053 -0.3852 -0.3852
20400 51.41 24.18 0.00 -0.3505 -0.3834 -0.3834
20425 51.43 24.16 0.00 0.5801 -1.0664 -1.0664
20450 51.43 24.18 0.00 -0.7037 -0.5130 -0.5130
20475 51.43 24.18 0.00 -0.7037 -0.5130 -0.5130
20500 51.36 24.14 0.00 -2.1990 -0.6002 -0.6002
20525 51.29 24.07 0.00 -1.1273 0.2406 0.2406
20550 51.29 24.07 0.00 -1.1273 0.2406 0.2406
20575 51.27 23.98 0.00 -0.1396 -0.2605 -0.2605
20600 51.24 23.85 0.00 -0.8950 0.9079 0.9079
20625 51.24 23.85 0.00 -0.8950 0.9079 0.9079
20650 51.19 23.70 0.00 -1.8763 0.5288 0.5288
20675 51.13 23.67 0.00 -0.7255 -0.3840 -0.3840
20700 51.13 23.67 0.00 -0.7255 -0.3840 -0.3840
20725 51.12 23.74 0.00 -0.4081 -0.1732 -0.1732
20750 51.10 23.74 0.00 -0.7158 0.4831 0.4831
20775 51.12 23.70 0.00 1.1344 1.3445 1.3445
20800 51.12 23.70 0.00 1.1344 1.3445 1.3445
20825 51.19 23.70 0.00 1.7946 0.6476 0.6476
20850 51.22 23.70 0.00 0.9498 0.6530 0.6530
20875 51.22 23.70 0.00 0.9498 0.6530 0.6530
20900 51.20 23.66 0.00 -0.8091 0.5259 0.5259
20925 51.17 23.59 0.00 -1.0515 -0.1610 -0.1610
20950 51.17 23.59 0.00 -1.0515 -0.1610 -0.1610
20975 51.13 23.61 0.00 -0.5626 -0.9239 -0.9239
21000 51.10 23.67 0.00 -0.9255 -0.9697 -0.9697
21025 51.05 23.63 0.00 -1.1131 -0.5107 -0.5107
21050 51.05 23.63 0.00 -1.1131 -0.5107 -0.5107
21075 51.06 23.61 0.00 0.7794 -1.2259 -1.2259
21100 51.12 23.76 0.00 1.4312 -1.3916 -1.3916
21125 51.12 23.76 0.00 1.4312 -1.3916 -1.3916
21150 51.13 23.90 0.00 -0.1227 0.1057 0.1057
21175 51.08 23.98 0.00 -1.9588 -0.5765 -0.5765
21200 51.08 23.98 0.00 -1.9588 -0.5765 -0.5765
21225 51.01 24.00 0.00 -1.3786 0.2345 0.2345
21250 50.98 23.94 0.00 -0.3618 -0.6527 -0.6527
21275 50.96 23.81 0.00 -0.6732 0.9715 0.9715
21300 50.96 23.81 0.00 -0.6732 0.9715 0.9715
21325 50.91 23.70 0.00 -1.4746 0.4087 0.4087
21350 50.86 23.63 0.00 -1.1504 -0.5639 -0.5639
21375 50.86 23.63 0.00 -1.1504 -0.5639 -0.5639
21400 50.82 23.61 0.00 -0.3831 0.1606 0.1606
21425 50.82 23.59 0.00 -0.0155 0.7500 0.7500
21450 50.82 23.59 0.00 -0.0155 0.7500 0.7500
21475 50.84 23.57 0.00 1.1017 1.4120 1.4120
21500 50.91 23.59 0.00 1.6638 1.0792 1.0792
21525 50.93 23.57 0.00 -0.4702 -0.2430 -0.2430
21550 50.93 23.57 0.00 -0.4702 -0.2430 -0.2430
21575 50.86 23.54 0.00 -2.6089 -0.7942 -0.7942
21600 50.75 23.50 0.00 -2.3178 -0.2848 -0.2848
21625 50.70 23.44 0.00 -0.5100 0.5126 0.5126
21650 50.70 23.44 0.00 -0.5100 0.5126 0.5126
21675 50.72 23.37 0.00 1.5018 1.2044 1.2044
21700 50.77 23.39 0.00 1.8975 -0.4990 -0.4990
21725 50.77 23.39 0.00 1.8975 -0.4990 -0.4990
21750 50.86 23.52 0.00 1.5796 -0.0113 -0.0113
21775 50.87 23.63 0.00 -0.3686 -0.2729 -0.2729
21800 50.87 23.63 0.00 -0.3686 -0.2729 -0.2729
21825 50.84 23.65 0.00 -1.1792 -0.2201 -0.2201
21850 50.80 23.63 0.00 -0.1862 0.6526 0.6526
21875 50.80 23.54 0.00 -0.2314 -0.3488 -0.3488
21900 50.80 23.54 0.00 -0.2314 -0.3488 -0.3488
21925 50.80 23.44 0.00 -0.2074 1.3131 1.3131
21950 50.77 23.37 0.00 -0.7523 -0.0438 -0.0438
21975 50.77 23.37 0.00 -0.7523 -0.0438 -0.0438
22000 50.75 23.32 0.00 0.0318 -0.5094 -0.5094
22025 50.77 23.28 0.00 0.2581 -0.2845 -0.2845
22050 50.77 23.28 0.00 0.2581 -0.2845 -0.2845
22075 50.79 23.28 0.00 1.1916 0.8519 0.8519
22100 50.87 23.35 0.00 2.4861 0.6755 0.6755
22125 50.87 23.35 0.00 2.4861 0.6755 0.6755
22150 50.94 23.44 0.00 0.7785 -0.6005 -0.6005
22175 50.89 23.46 0.00 -2.7641 -1.5701 -1.5701
22200 50.72 23.46 0.00 -5.2493 -2.3593 -2.3593
22225 50.72 23.46 0.00 -5.2493 -2.3593 -2.3593
22250 50.54 23.45 0.00 -3.3611 -2.2582 -2.2582
22275 50.45 23.35 0.00 -1.4392 -0.6955 -0.6955
22300 50.45 23.35 0.00 -1.4392 -0.6955 -0.6955
22325 50.38 23.26 0.00 -2.7599 -1.2033 -1.2033
22350 50.19 23.19 0.00 -5.9680 -3.1482 -3.1482
22375 50.19 23.19 0.00 -5.9680 -3.1482 -3.1482
22400 49.97 23.13 0.00 -5.5721 -1.5398 -1.5398
22425 49.79 23.08 0.00 -3.7739 -1.8345 -1.8345
22450 49.69 22.97 0.00 -2.2169 -0.2288 -0.2288
22475 49.69 22.97 0.00 -2.2169 -0.2288 -0.2288
22500 49.63 22.87 0.00 -1.4054 -0.8227 -0.8227
22525 49.58 22.69 0.00 -0.8982 -0.7131 -0.7131
22550 49.58 22.69 0.00 -0.8982 -0.7131 -0.7131
22575 49.58 22.52 0.00 0.8697 1.2901 1.2901
22600 49.67 22.43 0.00 2.2147 0.9277 0.9277
22625 49.67 22.43 0.00 2.2147 0.9277 0.9277
22650 49.74 22.39 0.00 1.7483 1.1879 1.1879
22675 49.76 22.39 0.00 -0.1955 1.2241 1.2241
22700 49.76 22.41 0.00 0.2656 1.0739 1.0739
22725 49.76 22.41 0.00 0.2656 1.0739 1.0739
22750 49.81 22.45 0.00 2.3283 1.3914 1.3914
22775 49.93 22.45 0.00 2.9718 0.9704 0.9704
22800 49.93 22.45 0.00 2.9718 0.9704 0.9704
22825 50.00 22.47 0.00 0.8774 0.5568 0.5568
22850 49.97 22.47 0.00 -1.8485 -0.4030 -0.4030
22875 49.97 22.47 0.00 -1.8485 -0.4030 -0.4030
22900 49.88 22.50 0.00 -2.4478 -0.3413 -0.3413
22925 49.81 22.45 0.00 -1.0715 0.5417 0.5417
22950 49.83 22.45 0.00 1.2854 -0.6976 -0.6976
22975 49.83 22.45 0.00 1.2854 -0.6976 -0.6976
23000 49.88 22.56 0.00 0.7423 -1.4314 -1.4314
23025 49.86 22.61 0.00 -1.3350 -0.8521 -0.8521
23050 49.86 22.61 0.00 -1.3350 -0.8521 -0.8521
23075 49.76 22.58 0.00 -2.9121 -1.0045 -1.0045
23100 49.67 22.50 0.00 -2.0646 0.0823 0.0823
23125 49.67 22.50 0.00 -2.0646 0.0823 0.0823
23150 49.58 22.39 0.00 -2.3697 -1.0889 -1.0889
23175 49.49 22.17 0.00 -1.8566 0.6761 0.6761
23200 49.44 22.04 0.00 -1.4281 -0.4086 -0.4086
23225 49.44 22.04 0.00 -1.4281 -0.4086 -0.4086
23250 49.41 21.95 0.00 -0.5203 -1.0123 -1.0123
23275 49.41 21.93 0.00 0.4140 0.3272 0.3272
23300 49.41 21.93 0.00 0.4140 0.3272 0.3272
23325 49.42 21.87 0.00 0.1845 1.1892 1.1892
23350 49.44 21.85 0.00 0.5309 0.7920 0.7920
23375 49.48 21.82 0.00 0.8727 1.5389 1.5389
23400 49.48 21.82 0.00 0.8727 1.5389 1.5389
23425 49.49 21.78 0.00 0.1464 1.2561 1.2561
23450 49.44 21.80 0.00 -1.7950 -0.9416 -0.9416
23475 49.44 21.80 0.00 -1.7950 -0.9416 -0.9416
23500 49.39 21.89 0.00 -0.9657 -1.0632 -1.0632
23525 49.39 22.08 0.00 0.2321 -1.1554 -1.1554
23550 49.39 22.08 0.00 0.2321 -1.1554 -1.1554
23575 49.41 22.19 0.00 0.8900 0.0829 0.0829
23600 49.39 22.28 0.00 -1.6004 -2.4755 -2.4755
23625 49.39 22.28 0.00 -1.6004 -2.4755 -2.4755
23650 49.30 22.32 0.00 -2.3495 -0.8123 -0.8123
23675 49.23 22.34 0.00 -1.2890 0.2980 0.2980
23700 49.21 22.30 0.00 0.2712 0.8525 0.8525
23725 49.21 22.30 0.00 0.2712 0.8525 0.8525
23750 49.25 22.24 0.00 0.8575 1.2372 1.2372
23775 49.25 22.13 0.00 -0.7956 -0.7748 -0.7748
23800 49.25 22.13 0.00 -0.7956 -0.7748 -0.7748
23825 49.14 21.93 0.00 -3.2617 1.5994 1.5994
23850 49.02 21.74 0.00 -2.5594 0.7276 0.7276
23875 49.02 21.74 0.00 -2.5594 0.7276 0.7276
23900 49.01 21.61 0.00 0.6214 0.0430 0.0430
23925 49.09 21.56 0.00 2.9474 1.1089 1.1089
23950 49.27 21.50 0.00 4.9968 3.3355 3.3355
23975 49.27 21.50 0.00 4.9968 3.3355 3.3355
24000 49.41 21.43 0.00 1.8271 2.9072 2.9072
24025 49.37 21.37 0.00 -2.0180 1.7561 1.7561
24050 49.37 21.37 0.00 -2.0180 1.7561 1.7561
24075 49.25 21.33 0.00 -2.7986 -0.1163 -0.1163
24100 49.20 21.31 0.00 -0.1951 -1.3134 -1.3134
24125 49.21 21.32 0.00 0.5198 -1.6486 -1.6486
24150 49.21 21.32 0.00 0.5198 -1.6486 -1.6486
24175 49.21 21.33 0.00 -1.1160 -0.7953 -0.7953
24200 49.13 21.26 0.00 -2.4025 -0.4141 -0.4141
24225 49.13 21.26 0.00 -2.4025 -0.4141 -0.4141
24250 49.02 21.20 0.00 -2.6943 -0.7979 -0.7979
24275 48.92 21.20 0.00 -3.2275 -3.2102 -3.2102
24300 48.92 21.20 0.00 -3.2275 -3.2102 -3.2102
24325 48.60 21.22 0.00 -10.0147 -2.5096 -2.5096
24350 48.20 21.22 0.00 -9.4598 -1.4992 -1.4992
24375 47.98 21.14 0.00 -2.8300 -0.6878 -0.6878
24400 47.98 21.14 0.00 -2.8300 -0.6878 -0.6878
24425 47.99 21.07 0.00 1.9610 0.4514 0.4514
24450 48.06 21.05 0.00 0.7719 2.5647 2.5647
24475 48.06 21.05 0.00 0.7719 2.5647 2.5647
24500 48.03 21.18 0.00 -1.7792 3.1045 3.1045
24525 47.99 21.29 0.00 0.1828 2.9072 2.9072
24550 48.06 21.24 0.00 2.8716 1.4926 1.4926
24575 48.06 21.24 0.00 2.8716 1.4926 1.4926
24600 48.18 21.09 0.00 2.6361 1.5342 1.5342
24625 48.25 20.92 0.00 1.1353 1.7781 1.7781
24650 48.25 20.92 0.00 1.1353 1.7781 1.7781
24675 48.27 20.75 0.00 0.2619 2.2422 2.2422
24700 48.27 20.64 0.00 -0.2764 1.8619 1.8619
24725 48.27 20.64 0.00 -0.2764 1.8619 1.8619
24750 48.24 20.53 0.00 -1.2256 1.4199 1.4199
24775 48.13 20.51 0.00 -2.6510 -1.0496 -1.0496
24800 48.13 20.51 0.00 -2.6510 -1.0496 -1.0496
24825 48.06 20.56 0.00 -2.1252 -2.3202 -2.3202
24850 48.01 20.58 0.00 -1.5341 -1.1619 -1.1619
24875 47.92 20.43 0.00 -2.2861 -0.0545 -0.0545
24900 47.92 20.43 0.00 -2.2861 -0.0545 -0.0545
24925 47.84 20.23 0.00 -2.2422 -0.7940 -0.7940
24950 47.70 20.10 0.00 -3.8825 -2.6672 -2.6672
24975 47.70 20.10 0.00 -3.8825 -2.6672 -2.6672
25000 47.59 20.09 0.00 -1.5059 -0.3136 -0.3136
25025 47.57 20.09 0.00 0.3671 -0.0841 -0.0841
25050 47.57 20.09 0.00 0.3671 -0.0841 -0.0841
25075 47.63 20.06 0.00 1.8731 0.4640 0.4640
25100 47.66 20.02 0.00 -0.1940 -1.6049 -1.6049
25125 47.59 19.98 0.00 -2.6055 -1.3003 -1.3003
25150 47.59 19.98 0.00 -2.6055 -1.3003 -1.3003
25175 47.49 19.98 0.00 -2.5859 -1.3259 -1.3259
25200 47.42 20.00 0.00 -1.4444 -2.5080 -2.5080
25225 47.42 20.00 0.00 -1.4444 -2.5080 -2.5080
25250 47.40 20.11 0.00 0.2566 -0.8951 -0.8951
25275 47.42 20.21 0.00 0.6998 0.6606 0.6606
25300 47.42 20.21 0.00 0.6998 0.6606 0.6606
25325 47.40 20.24 0.00 -1.1958 1.5163 1.5163
25350 47.35 20.35 0.00 -0.6099 0.9951 0.9951
25375 47.35 20.35 0.00 -0.6099 0.9951 0.9951
25400 47.36 20.50 0.00 1.0296 -0.4021 -0.4021
25425 47.40 20.56 0.00 0.8167 -0.8071 -0.8071
25450 47.36 20.60 0.00 -1.7988 -1.6855 -1.6855
25475 47.36 20.60 0.00 -1.7988 -1.6855 -1.6855
25500 47.26 20.52 0.00 -2.9808 -1.0897 -1.0897
25525 47.15 20.37 0.00 -1.9976 0.1145 0.1145
25550 47.15 20.37 0.00 -1.9976 0.1145 0.1145
25575 47.12 20.28 0.00 -0.4475 0.0740 0.0740
25600 47.12 20.32 0.00 0.2674 -1.3193 -1.3193
25625 47.12 20.32 0.00 0.2674 -1.3193 -1.3193
25650 47.10 20.41 0.00 -1.5438 -0.5861 -0.5861
25675 47.00 20.43 0.00 -2.9814 -0.7205 -0.7205
25700 46.93 20.35 0.00 -0.3941 0.1128 0.1128
25725 46.93 20.35 0.00 -0.3941 0.1128 0.1128
25750 46.94 20.26 0.00 0.7147 0.7354 0.7354
25775 46.93 20.11 0.00 -1.3541 -0.7146 -0.7146
25800 46.93 20.11 0.00 -1.3541 -0.7146 -0.7146
25825 46.89 20.00 0.00 -0.8740 0.2147 0.2147
25850 46.86 19.92 0.00 -0.5332 -0.5891 -0.5891
25875 46.86 19.92 0.00 -0.5332 -0.5891 -0.5891
25900 46.87 19.90 0.00 0.7844 0.1068 0.1068
25925 46.93 19.94 0.00 1.4762 0.9474 0.9474
25950 46.93 19.94 0.00 1.4762 0.9474 0.9474
25975 46.96 19.96 0.00 0.4855 0.5905 0.5905
26000 46.96 19.98 0.00 -0.0487 0.2076 0.2076
26025 46.96 19.96 0.00 -0.0204 0.3987 0.3987
26050 46.96 19.96 0.00 -0.0204 0.3987 0.3987
26075 46.96 19.88 0.00 -0.1253 0.5728 0.5728
26100 46.94 19.81 0.00 -0.3165 -0.1291 -0.1291
26125 46.94 19.81 0.00 -0.3165 -0.1291 -0.1291
26150 46.93 19.79 0.00 -0.7323 -1.0962 -1.0962
26175 46.86 19.71 0.00 -1.7811 -0.9151 -0.9151
26200 46.82 19.60 0.00 -0.4672 0.6774 0.6774
26225 46.82 19.60 0.00 -0.4672 0.6774 0.6774
26250 46.84 19.56 0.00 0.4663 -0.6043 -0.6043
26275 46.82 19.58 0.00 -1.0626 -1.2008 -1.2008
26300 46.82 19.58 0.00 -1.0626 -1.2008 -1.2008
26325 46.77 19.68 0.00 -0.9683 -0.8550 -0.8550
26350 46.75 19.69 0.00 -0.7247 -1.2179 -1.2179
26375 46.75 19.69 0.00 -0.7247 -1.2179 -1.2179
26400 46.70 19.64 0.00 -2.1173 -1.2318 -1.2318
26425 46.58 19.58 0.00 -3.1201 -1.9386 -1.9386
26450 46.49 19.49 0.00 -1.5652 -0.1815 -0.1815
26475 46.49 19.49 0.00 -1.5652 -0.1815 -0.1815
26500 46.44 19.39 0.00 -1.5300 1.5534 1.5534
26525 46.37 19.35 0.00 -1.7518 -0.1498 -0.1498
26550 46.37 19.35 0.00 -1.7518 -0.1498 -0.1498
26575 46.33 19.39 0.00 -0.6540 -0.4331 -0.4331
26600 46.25 19.46 0.00 -2.7129 0.1213 0.1213
26625 46.25 19.46 0.00 -2.7129 0.1213 0.1213
26650 46.11 19.48 0.00 -4.5725 0.7811 0.7811
26675 45.86 19.40 0.00 -5.9357 -0.0955 -0.0955
26700 45.69 19.29 0.00 -4.0966 -0.5093 -0.5093
26725 45.69 19.29 0.00 -4.0966 -0.5093 -0.5093
26750 45.13 19.19 0.00 -21.4097 -2.5495 -2.5495
26775 44.02 19.13 0.00 -30.5776 -3.3156 -3.3156
26800 42.88 19.13 0.00 -25.4305 -1.2321 -1.2321
26825 42.88 19.13 0.00 -25.4305 -1.2321 -1.2321
26850 42.11 19.11 0.00 -14.3447 2.1135 2.1135
26875 41.80 18.99 0.00 -4.3440 4.1798 4.1798
26900 41.80 18.99 0.00 -4.3440 4.1798 4.1798
26925 41.85 18.88 0.00 3.6063 1.9463 1.9463
26950 42.08 18.91 0.00 6.6906 0.4975 0.4975
26975 42.08 18.91 0.00 6.6906 0.4975 0.4975
27000 42.34 18.95 0.00 5.7618 1.1348 1.1348
27025 42.50 18.88 0.00 3.1821 1.4198 1.4198
27050 42.50 18.88 0.00 3.1821 1.4198 1.4198
27075 42.62 18.80 0.00 3.0720 2.3333 2.3333
27100 42.76 18.68 0.00 3.4167 1.2907 1.2907
27125 42.76 18.68 0.00 3.4167 1.2907 1.2907
27150 42.87 18.53 0.00 3.6359 1.9257 1.9257
27175 42.95 18.36 0.00 1.5137 0.7967 0.7967
27200 42.97 18.34 0.00 0.2927 -0.1217 -0.1217
27225 42.97 18.34 0.00 0.2927 -0.1217 -0.1217
27250 42.97 18.38 0.00 -0.5900 0.1977 0.1977
27275 42.95 18.41 0.00 -0.5369 0.7898 0.7898
27300 42.95 18.41 0.00 -0.5369 0.7898 0.7898
27325 42.92 18.39 0.00 -0.0591 1.7175 1.7175
27350 42.99 18.45 0.00 2.9625 1.3899 1.3899
27375 42.99 18.45 0.00 2.9625 1.3899 1.3899
27400 43.15 18.53 0.00 4.1857 0.4133 0.4133
27425 43.32 18.59 0.00 4.3535 0.8016 0.8016
27450 43.50 18.65 0.00 5.1430 3.1067 3.1067
27475 43.50 18.65 0.00 5.1430 3.1067 3.1067
27500 43.78 18.73 0.00 7.1527 4.0879 4.0879
27525 44.02 18.83 0.00 5.1965 3.6001 3.6001
27550 44.02 18.83 0.00 5.1965 3.6001 3.6001
27575 44.13 19.00 0.00 1.0641 0.2234 0.2234
27600 44.09 19.13 0.00 -1.9449 -0.2171 -0.2171
27625 44.09 19.15 0.00 1.8367 1.7185 1.7185
27650 44.09 19.15 0.00 1.8367 1.7185 1.7185
27675 44.15 19.17 0.00 0.6026 -0.7828 -0.7828
27700 44.09 19.25 0.00 -2.0674 -0.2983 -0.2983
27725 44.09 19.25 0.00 -2.0674 -0.2983 -0.2983
27750 43.99 19.26 0.00 -2.7061 -1.5453 -1.5453
27775 43.88 19.24 0.00 -2.9363 -0.3685 -0.3685
27800 43.81 19.24 0.00 -0.5242 0.5991 0.5991
27825 43.81 19.24 0.00 -0.5242 0.5991 0.5991
27850 43.83 19.19 0.00 0.6854 -0.8714 -0.8714
27875 43.83 19.17 0.00 -0.7714 -1.2308 -1.2308
27900 43.83 19.17 0.00 -0.7714 -1.2308 -1.2308
27925 43.78 19.05 0.00 -1.1769 1.3385 1.3385
27950 43.74 18.90 0.00 -1.7152 1.9632 1.9632
27975 43.74 18.90 0.00 -1.7152 1.9632 1.9632
28000 43.69 18.79 0.00 -0.7764 1.2797 1.2797
28025 43.73 18.86 0.00 1.3870 1.3861 1.3861
28050 43.73 18.86 0.00 1.3870 1.3861 1.3861
28075 43.76 19.00 0.00 0.4393 0.2116 0.2116
28100 43.76 19.03 0.00 0.0256 -0.1796 -0.1796
28125 43.76 19.03 0.00 0.0256 -0.1796 -0.1796
28150 43.78 18.96 0.00 1.2046 0.6566 0.6566
28175 43.83 18.79 0.00 1.4429 2.7819 2.7819
28200 43.83 18.79 0.00 1.4429 2.7819 2.7819
28225 43.90 18.64 0.00 1.7876 1.5773 1.5773
28250 43.94 18.57 0.00 0.1202 -1.3309 -1.3309
28275 43.90 18.56 0.00 -1.8242 -2.8969 -2.8969
28300 43.90 18.56 0.00 -1.8242 -2.8969 -2.8969
28325 43.81 18.53 0.00 -2.2265 -1.4707 -1.4707
28350 43.76 18.43 0.00 -0.3241 0.1668 0.1668
28375 43.80 18.32 0.00 1.7725 -0.4309 -0.4309
28400 43.80 18.32 0.00 1.7725 -0.4309 -0.4309
28425 43.85 18.17 0.00 1.0294 1.1707 1.1707
28450 43.87 18.07 0.00 0.0769 0.9147 0.9147
28475 43.87 18.07 0.00 0.0769 0.9147 0.9147
28500 43.87 18.00 0.00 0.0159 0.1374 0.1374
28525 43.90 17.96 0.00 1.5222 0.8943 0.8943
28550 43.94 18.00 0.00 0.0589 0.6610 0.6610
28575 43.94 18.00 0.00 0.0589 0.6610 0.6610
28600 43.90 18.03 0.00 -1.3521 0.0836 0.0836
28625 43.88 17.98 0.00 0.9120 0.1711 0.1711
28650 43.88 17.98 0.00 0.9120 0.1711 0.1711
28675 43.99 17.90 0.00 2.9808 0.7219 0.7219
28700 44.08 17.83 0.00 1.2992 0.5057 0.5057
28725 44.08 17.83 0.00 1.2992 0.5057 0.5057
28750 44.08 17.77 0.00 -1.0050 -0.3636 -0.3636
28775 43.99 17.73 0.00 -1.8266 0.3379 0.3379
28800 43.99 17.73 0.00 -1.8266 0.3379 0.3379
28825 43.97 17.66 0.00 0.0802 0.7925 0.7925
28850 44.02 17.49 0.00 1.5743 2.3885 2.3885
28875 44.02 17.49 0.00 1.5743 2.3885 2.3885
28900 44.04 17.43 0.00 -0.1671 -1.0781 -1.0781
28925 44.01 17.49 0.00 -1.2263 -0.6555 -0.6555
28950 43.95 17.56 0.00 -1.0999 -1.2664 -1.2664
28975 43.95 17.56 0.00 -1.0999 -1.2664 -1.2664
29000 43.95 17.56 0.00 0.4889 -1.0375 -1.0375
29025 43.99 17.47 0.00 0.7297 0.1244 0.1244
29050 43.97 17.33 0.00 -1.5201 -0.5283 -0.5283
29075 43.97 17.33 0.00 -1.5201 -0.5283 -0.5283
29100 43.87 17.12 0.00 -3.2839 0.1410 0.1410
29125 43.73 16.97 0.00 -3.1971 -1.2460 -1.2460
29150 43.73 16.97 0.00 -3.1971 -1.2460 -1.2460
29175 43.66 16.91 0.00 -0.9368 -0.6071 -0.6071
29200 43.66 16.91 0.00 0.6005 0.6064 0.6064
29225 43.66 16.91 0.00 0.6005 0.6064 0.6064
29250 43.66 16.98 0.00 -0.6666 -0.7353 -0.7353
29275 43.62 17.06 0.00 -1.1743 -1.1126 -1.1126
29300 43.62 17.06 0.00 -1.1743 -1.1126 -1.1126
29325 43.60 17.02 0.00 0.5627 -0.9691 -0.9691
29350 43.62 16.89 0.00 0.0107 -1.0279 -1.0279
29375 43.62 16.89 0.00 0.0107 -1.0279 -1.0279
29400 43.59 16.79 0.00 -1.5662 -1.1141 -1.1141
29425 43.50 16.77 0.00 -2.4708 -1.5076 -1.5076
29450 43.43 16.79 0.00 -1.2282 -0.8013 -0.8013
29475 43.43 16.79 0.00 -1.2282 -0.8013 -0.8013
29500 43.43 16.87 0.00 0.2657 -0.1501 -0.1501
29525 43.46 17.08 0.00 1.6508 -0.9981 -0.9981
29550 43.46 17.08 0.00 1.6508 -0.9981 -0.9981
29575 43.55 17.29 0.00 1.9052 -0.0195 -0.0195
29600 43.59 17.48 0.00 0.6791 -0.4702 -0.4702
29625 43.60 17.65 0.00 -0.0268 -0.0602 -0.0602
29650 43.60 17.65 0.00 -0.0268 -0.0602 -0.0602
29675 43.55 17.65 0.00 -2.8578 -0.8421 -0.8421
29700 43.36 17.44 0.00 -5.9435 -2.4843 -2.4843
29725 43.36 17.44 0.00 -5.9435 -2.4843 -2.4843
29750 43.08 17.18 0.00 -7.3027 -0.3772 -0.3772
29775 42.73 16.95 0.00 -9.7108 -2.5388 -2.5388
29800 42.73 16.95 0.00 -9.7108 -2.5388 -2.5388
29825 42.29 16.63 0.00 -13.1346 -4.7063 -4.7063
29850 41.80 16.29 0.00 -10.8027 -0.2036 -0.2036
29875 41.53 16.19 0.00 -4.7840 2.6600 2.6600
29900 41.53 16.19 0.00 -4.7840 2.6600 2.6600
29925 41.27 16.13 0.00 -7.0382 1.0587 1.0587
29950 41.00 15.99 0.00 -5.7984 -1.9055 -1.9055
29975 41.00 15.99 0.00 -5.7984 -1.9055 -1.9055
30000 41.00 15.83 0.00 3.2187 0.1374 0.1374
30025 41.23 15.84 0.00 6.2794 0.9092 0.9092
30050 41.41 15.86 0.00 2.9221 0.9908 0.9908
30075 41.41 15.86 0.00 2.9221 0.9908 0.9908
30100 41.32 15.71 0.00 -6.3903 -1.6731 -1.6731
30125 40.90 15.39 0.00 -11.4675 -1.7336 -1.7336
30150 40.90 15.39 0.00 -11.4675 -1.7336 -1.7336
30175 40.42 15.06 0.00 -11.8300 -4.6317 -4.6317
30200 40.05 14.86 0.00 -7.6331 -1.0599 -1.0599
30225 40.05 14.86 0.00 -7.6331 -1.0599 -1.0599
30250 39.70 14.71 0.00 -15.5922 -2.7234 -2.7234
30275 38.91 14.39 0.00 -20.7545 -0.4003 -0.4003
30300 38.91 14.39 0.00 -20.7545 -0.4003 -0.4003
30325 38.18 14.13 0.00 -14.8747 0.8689 0.8689
30350 37.90 13.85 0.00 -2.9661 0.4386 0.4386
30375 37.90 13.48 0.00 0.7990 -0.1641 -0.1641
30400 37.90 13.48 0.00 0.7990 -0.1641 -0.1641
30425 37.90 13.09 0.00 -0.5729 0.6906 0.6906
30450 37.81 12.75 0.00 -3.0391 -0.9384 -0.9384
30475 37.81 12.75 0.00 -3.0391 -0.9384 -0.9384
30500 37.70 12.59 0.00 -2.2058 -0.4963 -0.4963
30525 37.67 12.61 0.00 0.1143 0.5690 0.5690
30550 37.67 12.61 0.00 0.1143 0.5690 0.5690
30575 37.74 12.65 0.00 2.1767 0.3576 0.3576
30600 37.83 12.67 0.00 2.1968 0.7938 0.7938
30625 37.86 12.63 0.00 -0.2320 -0.2786 -0.2786
30650 37.86 12.63 0.00 -0.2320 -0.2786 -0.2786
30675 37.81 12.65 0.00 -1.3263 0.4435 0.4435
30700 37.81 12.77 0.00 0.8272 -0.6890 -0.6890
30725 37.86 12.91 0.00 1.3389 -0.2464 -0.2464
30750 37.86 12.91 0.00 1.3389 -0.2464 -0.2464
30775 37.90 13.03 0.00 0.4905 1.1225 1.1225
30800 37.83 13.24 0.00 -2.7016 -2.1330 -2.1330
30825 37.83 13.24 0.00 -2.7016 -2.1330 -2.1330
30850 37.83 13.24 0.00 -2.7016 -2.1330 -2.1330
30875 37.83 14.14 0.00 1.0764 -2.5828 -2.5828
30900 37.83 14.14 0.00 1.0764 -2.5828 -2.5828
30925 37.79 14.68 0.00 -1.6427 -3.7085 -3.7085
30950 37.79 14.68 0.00 -1.6427 -3.7085 -3.7085
30975 37.70 15.05 0.00 -2.5095 -2.1560 -2.1560
31000 37.58 15.18 0.00 -3.7210 -3.9860 -3.9860
31025 37.44 15.17 0.00 -4.5150 -1.9926 -1.9926
31050 37.44 15.17 0.00 -4.5150 -1.9926 -1.9926
31075 37.23 15.18 0.00 -5.8169 -2.8329 -2.8329
31100 36.94 15.21 0.00 -9.8187 -6.7277 -6.7277
31125 36.39 15.28 0.00 -14.7784 -5.5803 -5.5803
31150 36.39 15.28 0.00 -14.7784 -5.5803 -5.5803
31175 35.89 15.38 0.00 -9.9059 -2.5822 -2.5822
31200 35.75 15.41 0.00 -0.2774 -1.5656 -1.5656
31225 35.75 15.41 0.00 -0.2774 -1.5656 -1.5656
31250 35.86 15.38 0.00 3.8571 -0.5281 -0.5281
31275 35.98 15.30 0.00 2.4475 0.4006 0.4006
31300 36.02 15.19 0.00 -0.3299 -1.1401 -1.1401
31325 36.02 15.19 0.00 -0.3299 -1.1401 -1.1401
31350 35.87 15.14 0.00 -5.4410 -3.6765 -3.6765
31375 35.64 15.11 0.00 -5.4939 -3.9013 -3.9013
31400 35.64 15.11 0.00 -5.4939 -3.9013 -3.9013
31425 35.54 15.05 0.00 -0.8380 -1.7919 -1.7919
31450 35.54 15.05 0.00 -0.8380 -1.7919 -1.7919
31475 35.52 15.05 0.00 -0.6946 -2.4833 -2.4833
31500 35.50 15.13 0.00 0.6237 -0.4268 -0.4268
31525 35.57 15.25 0.00 2.2878 1.2678 1.2678
31550 35.57 15.25 0.00 2.2878 1.2678 1.2678
31575 35.66 15.39 0.00 1.5096 1.2545 1.2545
31600 35.66 15.52 0.00 -0.4375 1.3606 1.3606
31625 35.61 15.66 0.00 -1.6628 -1.6357 -1.6357
31650 35.61 15.66 0.00 -1.6628 -1.6357 -1.6357
31675 35.57 15.75 0.00 -0.5195 0.4167 0.4167
31700 35.55 15.96 0.00 -0.0811 -0.8479 -0.8479
31725 35.55 15.96 0.00 -0.0811 -0.8479 -0.8479
31750 35.61 16.62 0.00 1.6546 -1.8264 -1.8264
31775 35.70 17.74 0.00 2.8931 -2.6496 -2.6496
31800 35.80 18.79 0.00 2.5130 -0.0955 -0.0955
31825 35.80 18.79 0.00 2.5130 -0.0955 -0.0955
31850 35.86 19.32 0.00 1.1062 1.1048 1.1048
31875 35.82 19.83 0.00 -1.9741 -0.6826 -0.6826
31900 35.82 19.83 0.00 -1.9741 -0.6826 -0.6826
31925 35.71 20.26 0.00 -2.8465 -2.0961 -2.0961
31950 35.71 20.26 0.00 -2.8465 -2.0961 -2.0961
31975 35.61 20.73 0.00 -2.1462 -2.9054 -2.9054
32000 35.48 21.18 0.00 -4.1398 -3.3049 -3.3049
32025 35.30 21.47 0.00 -3.6711 -1.1124 -1.1124
32050 35.30 21.47 0.00 -3.6711 -1.1124 -1.1124
32075 35.25 21.71 0.00 -0.4886 -0.3888 -0.3888
32100 35.27 21.94 0.00 0.7406 -2.2481 -2.2481
32125 35.25 22.13 0.00 -1.4006 -2.1832 -2.1832
32150 35.25 22.13 0.00 -1.4006 -2.1832 -2.1832
32175 35.11 22.21 0.00 -4.4189 -3.4629 -3.4629
32200 34.97 22.28 0.00 -2.4582 -1.7237 -1.7237
32225 34.97 22.28 0.00 -2.4582 -1.7237 -1.7237
32250 34.93 22.32 0.00 0.1649 -1.2136 -1.2136
32275 34.95 22.32 0.00 -0.0055 -0.3875 -0.3875
32300 34.89 22.28 0.00 -2.0870 0.5961 0.5961
32325 34.89 22.28 0.00 -2.0870 0.5961 0.5961
32350 34.81 22.32 0.00 -1.4381 -0.4343 -0.4343
32375 34.82 22.47 0.00 1.1668 -0.2700 -0.2700
32400 34.82 22.47 0.00 1.1668 -0.2700 -0.2700
32425 34.86 22.58 0.00 1.1771 -0.5572 -0.5572
32450 34.89 22.77 0.00 0.4606 -0.6865 -0.6865
32475 34.89 22.77 0.00 0.4606 -0.6865 -0.6865
32500 34.88 22.92 0.00 -0.7805 -0.8797 -0.8797
32525 34.84 23.03 0.00 -0.6681 -0.7654 -0.7654
32550 34.79 23.15 0.00 -2.4311 -1.9576 -1.9576
32575 34.79 23.15 0.00 -2.4311 -1.9576 -1.9576
32600 34.70 23.38 0.00 -3.1110 -2.9066 -2.9066
32625 34.57 23.74 0.00 -2.7436 -3.3077 -3.3077
32650 34.57 23.74 0.00 -2.7436 -3.3077 -3.3077
32675 34.48 23.98 0.00 -2.5672 -2.5861 -2.5861
32700 34.43 24.15 0.00 -0.5368 -0.5032 -0.5032
32725 34.43 24.15 0.00 -0.5368 -0.5032 -0.5032
32750 34.39 24.37 0.00 -0.7554 -2.2436 -2.2436
32775 34.38 24.59 0.00 -0.3431 -1.3387 -1.3387
32800 34.38 24.59 0.00 -0.3431 -1.3387 -1.3387
32825 34.27 24.64 0.00 -4.3760 -1.9187 -1.9187
32850 34.04 24.60 0.00 -6.0955 -2.2710 -2.2710
32875 33.82 24.53 0.00 -4.5656 -2.1712 -2.1712
32900 33.82 24.53 0.00 -4.5656 -2.1712 -2.1712
32925 33.68 24.57 0.00 -3.2086 -1.1489 -1.1489
32950 33.53 24.67 0.00 -4.1806 -1.6211 -1.6211
32975 33.53 24.67 0.00 -4.1806 -1.6211 -1.6211
33000 33.16 24.81 0.00 -12.0015 -3.7921 -3.7921
33025 32.67 25.01 0.00 -11.4407 -4.0640 -4.0640
33050 32.37 25.22 0.00 -5.6981 -4.6150 -4.6150
33075 32.37 25.22 0.00 -5.6981 -4.6150 -4.6150
33100 32.22 25.38 0.00 -1.7241 -3.0410 -3.0410
33125 32.21 25.42 0.00 0.2458 -0.4872 -0.4872
33150 32.21 25.42 0.00 0.2458 -0.4872 -0.4872
33175 32.22 25.37 0.00 -0.2818 -0.4760 -0.4760
33200 32.19 25.33 0.00 -1.1926 -1.4321 -1.4321
33225 32.19 25.33 0.00 -1.1926 -1.4321 -1.4321
33250 32.13 25.42 0.00 -0.9639 -2.0618 -2.0618
33275 32.03 25.43 0.00 -4.0587 -2.3754 -2.3754
33300 31.86 25.44 0.00 -3.9316 -1.2082 -1.2082
33325 31.86 25.44 0.00 -3.9316 -1.2082 -1.2082
33350 31.77 25.50 0.00 -1.6558 -2.6605 -2.6605
33375 31.72 25.57 0.00 -1.2326 -2.7241 -2.7241
33400 31.72 25.57 0.00 -1.2326 -2.7241 -2.7241
33425 31.66 25.66 0.00 -1.8314 -1.8090 -1.8090
33450 31.48 25.69 0.00 -6.2598 -3.1057 -3.1057
33475 31.48 25.69 0.00 -6.2598 -3.1057 -3.1057
33500 31.25 25.77 0.00 -5.9113 -2.0199 -2.0199
33525 30.98 25.84 0.00 -7.8016 -1.9789 -1.9789
33550 30.58 25.90 0.00 -10.6034 -0.5538 -0.5538
33575 30.58 25.90 0.00 -10.6034 -0.5538 -0.5538
33600 30.20 26.03 0.00 -8.5898 -0.2292 -0.2292
33625 30.20 26.03 0.00 -8.5898 -0.2292 -0.2292
33650 29.98 26.26 0.00 -3.3793 -3.2545 -3.2545
33675 29.95 26.58 0.00 -0.1877 -2.7726 -2.7726
33700 29.84 26.90 0.00 -4.5743 -0.5500 -0.5500
33725 29.84 26.90 0.00 -4.5743 -0.5500 -0.5500
33750 29.60 27.08 0.00 -6.5190 -0.3634 -0.3634
33775 29.42 27.05 0.00 -2.4325 -1.0176 -1.0176
33800 29.42 27.05 0.00 -2.4325 -1.0176 -1.0176
33825 29.31 27.05 0.00 -3.9235 -2.6654 -2.6654
33850 29.05 27.19 0.00 -7.5459 -2.4793 -2.4793
33875 29.05 27.19 0.00 -7.5459 -2.4793 -2.4793
33900 28.78 27.38 0.00 -5.2219 -1.7191 -1.7191
33925 28.73 27.36 0.00 0.4842 -1.0661 -1.0661
33950 28.82 27.25 0.00 2.1802 -0.4111 -0.4111
33975 28.82 27.25 0.00 2.1802 -0.4111 -0.4111
34000 28.84 27.31 0.00 0.1493 -0.3507 -0.3507
34025 28.85 27.44 0.00 0.2750 -0.2669 -0.2669
34050 28.85 27.44 0.00 0.2750 -0.2669 -0.2669
34075 28.84 27.42 0.00 -0.1548 -0.8416 -0.8416
34100 28.80 27.29 0.00 -2.3762 -0.8873 -0.8873
34125 28.80 27.29 0.00 -2.3762 -0.8873 -0.8873
34150 28.51 27.17 0.00 -9.7384 -2.4728 -2.4728
34175 28.16 27.08 0.00 -11.6676 -4.5177 -4.5177
34200 27.79 26.99 0.00 -7.7629 -3.3446 -3.3446
34225 27.79 26.99 0.00 -7.7629 -3.3446 -3.3446
34250 27.57 27.00 0.00 -5.3901 -3.4341 -3.4341
34275 27.19 27.15 0.00 -12.7449 -4.1068 -4.1068
34300 26.55 27.36 0.00 -17.3795 -6.2877 -6.2877
34325 26.55 27.36 0.00 -17.3795 -6.2877 -6.2877
34350 25.77 27.49 0.00 -19.4717 -9.7400 -9.7400
34375 25.09 27.74 0.00 -16.6689 -9.8595 -9.8595
34400 25.09 27.74 0.00 -16.6689 -9.8595 -9.8595
34425 24.45 28.05 0.00 -15.8274 -9.9525 -9.9525
34450 23.80 28.32 0.00 -15.5009 -10.7520 -10.7520
34475 23.80 28.32 0.00 -15.5009 -10.7520 -10.7520
34500 23.26 28.65 0.00 -11.5018 -10.1721 -10.1721
34525 22.98 28.99 0.00 -4.1079 -7.4214 -7.4214
34550 22.87 29.35 0.00 -2.5911 -5.2448 -5.2448
34575 22.87 29.35 0.00 -2.5911 -5.2448 -5.2448
34600 22.81 29.63 0.00 -1.1321 -2.6540 -2.6540
34625 22.79 29.80 0.00 0.4287 -3.3319 -3.3319
34650 22.79 29.80 0.00 0.4287 -3.3319 -3.3319
34675 22.83 29.99 0.00 0.2086 -2.0974 -2.0974
34700 22.76 30.19 0.00 -2.6359 -2.2768 -2.2768
34725 22.64 30.24 0.00 -3.0653 -2.0600 -2.0600
34750 22.64 30.24 0.00 -3.0653 -2.0600 -2.0600
34775 22.49 30.27 0.00 -4.5322 -0.8234 -0.8234
34800 22.49 30.27 0.00 -4.5322 -0.8234 -0.8234
34825 22.25 30.31 0.00 -6.4915 -3.5894 -3.5894
34850 22.08 30.27 0.00 -4.7721 -1.9181 -1.9181
34875 21.91 30.09 0.00 -4.2557 -1.9702 -1.9702
34900 21.91 30.09 0.00 -4.2557 -1.9702 -1.9702
34925 21.67 30.05 0.00 -7.6813 -3.4268 -3.4268
34950 21.34 30.05 0.00 -7.7844 -3.4986 -3.4986
34975 21.34 30.05 0.00 -7.7844 -3.4986 -3.4986
35000 21.06 30.02 0.00 -6.2601 -4.5846 -4.5846
35025 20.85 29.95 0.00 -4.8872 -4.2516 -4.2516
35050 20.85 29.95 0.00 -4.8872 -4.2516 -4.2516
35075 20.53 29.94 0.00 -11.1295 -4.9660 -4.9660
35100 19.88 29.96 0.00 -18.7233 -6.3942 -6.3942
35125 19.12 30.02 0.00 -19.0433 -8.1856 -8.1856
35150 19.12 30.02 0.00 -19.0433 -8.1856 -8.1856
35175 18.43 30.19 0.00 -15.7151 -9.0117 -9.0117
35200 17.95 30.47 0.00 -9.9427 -8.6860 -8.6860
35225 17.72 30.85 0.00 -3.7925 -7.8609 -7.8609
35250 17.72 30.85 0.00 -3.7925 -7.8609 -7.8609
35275 17.51 31.37 0.00 -6.5963 -4.1145 -4.1145
35300 17.51 31.37 0.00 -6.5963 -4.1145 -4.1145
35325 17.18 31.88 0.00 -9.2552 -2.9823 -2.9823
35350 16.85 32.17 0.00 -6.5492 -2.4827 -2.4827
35375 16.70 32.25 0.00 -1.9519 -2.5228 -2.5228
35400 16.70 32.25 0.00 -1.9519 -2.5228 -2.5228
35425 16.70 32.25 0.00 0.6061 -1.8258 -1.8258
35450 16.70 32.22 0.00 -0.4432 -0.3447 -0.3447
35475 16.70 32.22 0.00 -0.4432 -0.3447 -0.3447
35500 16.52 32.09 0.00 -5.1282 -3.3180 -3.3180
35525 16.11 31.94 0.00 -13.4856 -3.7012 -3.7012
35550 16.11 31.94 0.00 -13.4856 -3.7012 -3.7012
35575 15.45 31.89 0.00 -18.1078 -4.5724 -4.5724
35600 14.86 31.96 0.00 -12.1555 -5.7515 -5.7515
35625 14.86 31.96 0.00 -12.1555 -5.7515 -5.7515
35650 14.49 32.02 0.00 -9.4121 -6.1339 -6.1339
35675 14.06 32.02 0.00 -10.0913 -3.7292 -3.7292
35700 14.06 32.02 0.00 -10.0913 -3.7292 -3.7292
35725 13.84 32.03 0.00 -6.1685 -0.9324 -0.9324
35750 13.52 32.03 0.00 -12.7904 -0.3950 -0.3950
35775 12.69 32.12 0.00 -24.7997 -8.7198 -8.7198
35800 12.69 32.12 0.00 -24.7997 -8.7198 -8.7198
35825 11.63 32.32 0.00 -25.4665 -13.4287 -13.4287
35850 10.77 32.58 0.00 -19.4278 -10.1583 -10.1583
35875 10.21 32.78 0.00 -10.5411 -7.5055 -7.5055
35900 10.21 32.78 0.00 -10.5411 -7.5055 -7.5055
35925 9.98 32.98 0.00 -2.5979 -6.3450 -6.3450
35950 9.96 33.25 0.00 -0.0883 -3.5364 -3.5364
35975 9.96 33.25 0.00 -0.0883 -3.5364 -3.5364
36000 9.92 33.59 0.00 -1.5744 -5.0971 -5.0971
36025 9.82 33.87 0.00 -2.7625 -4.6817 -4.6817
36050 9.82 33.87 0.00 -2.7625 -4.6817 -4.6817
36075 9.82 34.23 0.00 1.3502 -1.4961 -1.4961
36100 9.80 34.73 0.00 -1.3689 -2.2622 -2.2622
36125 9.80 34.73 0.00 -1.3689 -2.2622 -2.2622
36150 9.76 35.30 0.00 -0.2352 -1.9125 -1.9125
36175 9.84 35.80 0.00 3.6689 -0.2257 -0.2257
36200 10.12 36.19 0.00 8.4418 1.1557 1.1557
36225 10.12 36.19 0.00 8.4418 1.1557 1.1557
36250 10.43 36.50 0.00 7.1680 3.3455 3.3455
36275 10.71 36.85 0.00 7.1649 3.6828 3.6828
36300 10.71 36.85 0.00 7.1649 3.6828 3.6828
36325 10.97 37.32 0.00 5.8855 3.6204 3.6204
36350 11.17 37.72 0.00 5.2631 3.0484 3.0484
36375 11.45 37.90 0.00 7.5762 2.5452 2.5452
36400 11.45 37.90 0.00 7.5762 2.5452 2.5452
36425 11.65 37.98 0.00 2.6860 1.8036 1.8036
36450 11.69 38.07 0.00 0.5814 2.3518 2.3518
36475 11.69 38.07 0.00 0.5814 2.3518 2.3518
36500 11.75 38.04 0.00 2.3723 2.4497 2.4497
36525 11.93 37.87 0.00 5.9446 3.5235 3.5235
36550 11.93 37.87 0.00 5.9446 3.5235 3.5235
36575 12.13 37.75 0.00 3.9569 1.2311 1.2311
36600 12.25 37.83 0.00 3.3296 -0.1620 -0.1620
36625 12.39 38.08 0.00 2.8327 -0.5125 -0.5125
36650 12.39 38.08 0.00 2.8327 -0.5125 -0.5125
36675 12.51 38.30 0.00 3.5419 -0.1795 -0.1795
36700 12.65 38.38 0.00 2.7885 1.4715 1.4715
36725 12.65 38.38 0.00 2.7885 1.4715 1.4715
36750 12.71 38.46 0.00 0.5938 0.0413 0.0413
36775 12.77 38.61 0.00 2.2537 1.2199 1.2199
36800 12.93 38.84 0.00 4.9238 0.3302 0.3302
36825 12.93 38.84 0.00 4.9238 0.3302 0.3302
36850 13.11 39.16 0.00 3.9162 1.6419 1.6419
36875 13.25 39.39 0.00 4.2984 1.9703 1.9703
36900 13.25 39.39 0.00 4.2984 1.9703 1.9703
36925 13.42 39.58 0.00 3.7880 1.4201 1.4201
36950 13.60 39.85 0.00 5.8405 1.4827 1.4827
36975 13.60 39.85 0.00 5.8405 1.4827 1.4827
37000 13.98 40.19 0.00 12.1400 1.4842 1.4842
37025 14.73 40.75 0.00 22.4357 2.8804 2.8804
37050 15.74 41.42 0.00 25.0210 3.5545 3.5545
37075 15.74 41.42 0.00 25.0210 3.5545 3.5545
37100 16.50 42.15 0.00 14.6714 3.2475 3.2475
37125 16.50 42.15 0.00 14.6714 3.2475 3.2475
37150 16.95 42.39 0.00 10.2302 4.6362 4.6362
37175 17.35 42.45 0.00 9.6587 0.2313 0.2313
37200 17.62 42.48 0.00 4.8974 -1.3758 -1.3758
37225 17.62 42.48 0.00 4.8974 -1.3758 -1.3758
37250 17.70 42.53 0.00 1.6263 -2.1404 -2.1404
37275 17.64 42.75 0.00 -3.5509 -2.8300 -2.8300
37300 17.64 42.75 0.00 -3.5509 -2.8300 -2.8300
37325 17.45 42.93 0.00 -4.4307 -2.3066 -2.3066
37350 17.30 43.04 0.00 -4.3522 -0.9487 -0.9487
37375 17.30 43.04 0.00 -4.3522 -0.9487 -0.9487
37400 17.06 43.11 0.00 -6.1265 -0.1074 -0.1074
37425 16.87 43.30 0.00 -4.2463 -2.1722 -2.1722
37450 16.77 43.42 0.00 -0.9372 -2.1566 -2.1566
37475 16.77 43.42 0.00 -0.9372 -2.1566 -2.1566
37500 16.77 43.64 0.00 0.5987 0.7273 0.7273
37525 16.79 43.77 0.00 0.2668 7.0211 7.0211
37550 16.79 43.77 0.00 -1.1462 13.7739 13.7739
37575 16.79 43.77 0.00 -1.1462 13.7739 13.7739
37600 16.70 43.81 0.00 -2.6701 6.5778 6.5778
37625 16.68 43.86 0.00 1.2333 -0.0273 -0.0273
37650 16.68 43.86 0.00 1.2333 -0.0273 -0.0273
37675 16.77 43.94 0.00 2.1314 -0.6835 -0.6835
37700 16.77 43.57 0.00 -1.0927 3.1014 3.1014
37725 16.77 43.57 0.00 -1.0927 3.1014 3.1014
37750 16.77 43.02 0.00 1.1520 2.0033 2.0033
37775 16.93 42.85 0.00 6.0948 2.3273 2.3273
37800 16.93 42.85 0.00 6.0948 2.3273 2.3273
37825 17.33 43.45 0.00 11.9434 -1.2641 -1.2641
37850 17.87 44.61 0.00 13.9226 -2.2443 -2.2443
37875 18.37 45.89 0.00 11.8872 -1.6890 -1.6890
37900 18.37 45.89 0.00 11.8872 -1.6890 -1.6890
37925 18.74 46.76 0.00 7.3116 2.0087 2.0087
37950 19.03 47.12 0.00 7.7026 3.1075 3.1075
37975 19.03 47.12 0.00 7.7026 3.1075 3.1075
38000 19.26 47.36 0.00 7.4152 2.6671 2.6671
38025 19.54 47.60 0.00 7.2441 4.1965 4.1965
38050 19.94 48.09 0.00 12.0242 2.8948 2.8948
38075 19.94 48.09 0.00 12.0242 2.8948 2.8948
38100 20.49 48.67 0.00 14.5494 2.6005 2.6005
38125 21.04 49.16 0.00 12.7846 3.9645 3.9645
38150 21.04 49.16 0.00 12.7846 3.9645 3.9645
38175 21.42 49.55 0.00 7.0426 4.6817 4.6817
38200 21.68 50.02 0.00 7.1778 3.8273 3.8273
38225 21.68 50.02 0.00 7.1778 3.8273 3.8273
38250 22.02 50.67 0.00 8.9588 3.6695 3.6695
38275 22.34 51.29 0.00 6.1693 5.1717 5.1717
38300 22.34 51.29 0.00 6.1693 5.1717 5.1717
38325 22.46 51.69 0.00 1.1640 3.4570 3.4570
38350 22.47 51.81 0.00 0.4149 2.9460 2.9460
38375 22.46 51.79 0.00 -1.3777 3.8624 3.8624
38400 22.46 51.79 0.00 -1.3777 3.8624 3.8624
38425 22.36 51.69 0.00 -2.5702 3.7962 3.7962
38450 22.27 51.63 0.00 -1.7166 1.8025 1.8025
38475 22.27 51.63 0.00 -1.7166 1.8025 1.8025
38500 22.23 51.63 0.00 -0.7121 -0.0307 -0.0307
38525 22.19 51.58 0.00 -1.7378 -0.5452 -0.5452
38550 22.12 51.44 0.00 -1.1604 0.5115 0.5115
38575 22.12 51.44 0.00 -1.1604 0.5115 0.5115
38600 22.06 51.27 0.00 -2.6906 -0.5304 -0.5304
38625 21.87 50.93 0.00 -5.0485 0.6479 0.6479
38650 21.87 50.93 0.00 -5.0485 0.6479 0.6479
38675 21.72 50.59 0.00 -3.2179 0.2000 0.2000
38700 21.68 50.39 0.00 1.4711 0.1730 0.1730
38725 21.68 50.39 0.00 1.4711 0.1730 0.1730
38750 21.82 50.39 0.00 3.4273 0.7199 0.7199
38775 21.99 50.44 0.00 5.4404 1.5625 1.5625
38800 22.21 50.62 0.00 8.4720 1.6565 1.6565
38825 22.21 50.62 0.00 8.4720 1.6565 1.6565
38850 22.57 50.92 0.00 8.7791 1.8785 1.8785
38875 22.89 51.25 0.00 7.2317 2.4717 2.4717
38900 22.89 51.25 0.00 7.2317 2.4717 2.4717
38925 23.13 51.55 0.00 5.9628 1.7122 1.7122
38950 23.39 51.98 0.00 6.8273 1.7147 1.7147
38975 23.39 51.98 0.00 6.8273 1.7147 1.7147
39000 23.65 52.31 0.00 6.5653 4.6673 4.6673
39025 23.97 52.34 0.00 9.1390 4.3196 4.3196
39050 24.49 52.29 0.00 14.4562 4.3762 4.3762
39075 24.49 52.29 0.00 14.4562 4.3762 4.3762
39100 25.05 52.36 0.00 12.7430 4.3760 4.3760
39125 25.47 52.52 0.00 9.9182 3.9008 3.9008
39150 25.47 52.52 0.00 9.9182 3.9008 3.9008
39175 25.84 52.69 0.00 9.1512 4.5050 4.5050
39200 26.14 52.67 0.00 5.6859 2.5795 2.5795
39225 26.20 52.45 0.00 -1.9372 5.0365 5.0365
39250 26.20 52.45 0.00 -1.9372 5.0365 5.0365
39275 26.03 51.79 0.00 -4.3256 4.7248 4.7248
39300 26.03 51.79 0.00 -4.3256 4.7248 4.7248
39325 26.01 51.12 0.00 3.2637 1.6165 1.6165
39350 26.40 51.00 0.00 12.1480 2.5467 2.5467
39375 26.89 51.35 0.00 12.3959 0.5693 0.5693
39400 26.89 51.35 0.00 12.3959 0.5693 0.5693
39425 27.41 51.90 0.00 13.9495 1.7071 1.7071
39450 28.03 52.43 0.00 16.0096 3.9717 3.9717
39475 28.03 52.43 0.00 16.0096 3.9717 3.9717
39500 28.73 52.57 0.00 17.5297 5.1665 5.1665
39525 29.36 52.47 0.00 15.7125 4.8330 4.8330
39550 29.36 52.47 0.00 15.7125 4.8330 4.8330
39575 30.20 52.39 0.00 23.9862 6.0134 6.0134
39600 31.01 52.38 0.00 28.2707 4.8616 4.8616
39625 32.15 52.59 0.00 26.5284 3.8427 3.8427
39650 32.15 52.59 0.00 26.5284 3.8427 3.8427
39675 32.98 52.83 0.00 17.0894 4.2319 4.2319
39700 33.43 53.14 0.00 8.8675 2.5270 2.5270
39725 33.43 53.14 0.00 8.8675 2.5270 2.5270
39750 33.71 53.35 0.00 5.6897 4.9359 4.9359
39775 33.86 53.48 0.00 2.4038 3.8097 3.8097
39800 33.89 53.55 0.00 0.5572 3.2283 3.2283
39825 33.89 53.55 0.00 0.5572 3.2283 3.2283
39850 33.86 53.40 0.00 -2.0249 4.9003 4.9003
39875 33.80 53.17 0.00 -0.6403 4.6657 4.6657
39900 33.80 53.17 0.00 -0.6403 4.6657 4.6657
39925 33.88 53.21 0.00 3.6325 3.8487 3.8487
39950 34.09 53.53 0.00 5.8386 1.0123 1.0123
39975 34.09 53.53 0.00 5.8386 1.0123 1.0123
40000 34.30 53.86 0.00 4.5314 1.7698 1.7698
40025 34.32 53.90 0.00 -1.3158 3.3091 3.3091
40050 34.27 53.84 0.00 -0.8900 2.9062 2.9062
40075 34.27 53.84 0.00 -0.8900 2.9062 2.9062
40100 34.34 53.79 0.00 2.9121 1.7330 1.7330
40125 34.47 53.86 0.00 2.9521 1.6984 1.6984
40150 34.47 53.86 0.00 2.9521 1.6984 1.6984
40175 34.55 53.93 0.00 2.6034 3.5680 3.5680
40200 34.70 53.98 0.00 4.4233 2.4954 2.4954
40225 34.70 53.98 0.00 4.4233 2.4954 2.4954
40250 34.91 54.14 0.00 5.8325 1.3756 1.3756
40275 35.18 54.42 0.00 7.4623 0.8385 0.8385
40300 35.55 54.72 0.00 10.4167 1.2613 1.2613
40325 35.55 54.72 0.00 10.4167 1.2613 1.2613
40350 36.03 54.87 0.00 12.8435 5.3860 5.3860
40375 36.44 54.90 0.00 13.8006 6.4823 6.4823
40400 36.99 54.95 0.00 13.2942 2.2516 2.2516
40425 36.99 54.95 0.00 13.2942 2.2516 2.2516
40450 37.51 55.07 0.00 13.0232 0.7335 0.7335
40475 37.51 55.07 0.00 13.0232 0.7335 0.7335
40500 37.97 55.12 0.00 9.7234 2.0326 2.0326
40525 38.25 55.11 0.00 5.5406 3.1952 3.1952
40550 38.39 55.18 0.00 2.9412 4.1144 4.1144
40575 38.39 55.18 0.00 2.9412 4.1144 4.1144
40600 38.46 55.27 0.00 0.9207 2.2385 2.2385
40625 38.46 55.27 0.00 -0.1081 2.7435 2.7435
40650 38.46 55.27 0.00 -0.1081 2.7435 2.7435
40675 38.48 55.25 0.00 1.0712 2.1932 2.1932
40700 38.57 55.29 0.00 2.9119 2.7593 2.7593
40725 38.57 55.29 0.00 2.9119 2.7593 2.7593
40750 38.77 55.38 0.00 6.6686 3.1977 3.1977
40775 39.19 55.46 0.00 12.2326 4.3608 4.3608
40800 39.19 55.46 0.00 12.2326 4.3608 4.3608
40825 39.74 55.54 0.00 14.7350 5.1431 5.1431
40850 40.34 55.59 0.00 14.8208 4.7175 4.7175
40875 40.90 55.57 0.00 12.9965 4.1027 4.1027
40900 40.90 55.57 0.00 12.9965 4.1027 4.1027
40925 41.34 55.50 0.00 9.6674 3.3596 3.3596
40950 41.62 55.44 0.00 5.8232 2.4770 2.4770
40975 41.80 55.37 0.00 4.0894 1.6959 1.6959
41000 41.80 55.37 0.00 4.0894 1.6959 1.6959
41025 41.97 55.35 0.00 4.6860 2.0549 2.0549
41050 42.24 55.35 0.00 7.8165 3.7814 3.7814
41075 42.24 55.35 0.00 7.8165 3.7814 3.7814
41100 42.64 55.31 0.00 11.1353 5.5201 5.5201
41125 42.64 55.31 0.00 11.1353 5.5201 5.5201
41150 43.10 55.31 0.00 11.4759 2.5098 2.5098
41175 43.43 55.29 0.00 11.0422 0.2068 0.2068
41200 43.80 55.25 0.00 7.4593 1.1062 1.1062
41225 44.02 55.00 0.00 5.3295 4.7301 4.7301
41250 44.02 55.00 0.00 5.3295 4.7301 4.7301
41275 44.29 54.55 0.00 8.1766 6.5979 6.5979
41300 44.29 54.55 0.00 8.1766 6.5979 6.5979
41325 44.72 54.12 0.00 11.8787 5.8375 5.8375
41350 45.18 53.96 0.00 10.6394 3.6540 3.6540
41375 45.46 53.84 0.00 4.3676 2.5338 2.5338
41400 45.46 53.84 0.00 4.3676 2.5338 2.5338
41425 45.49 53.63 0.00 -0.4638 2.7259 2.7259
41450 45.49 53.45 0.00 0.6990 3.0790 3.0790
41475 45.62 53.24 0.00 4.6959 4.2097 4.2097
41500 45.62 53.24 0.00 4.6959 4.2097 4.2097
41525 45.86 53.01 0.00 6.5034 4.1994 4.1994
41550 46.09 52.89 0.00 4.8470 2.2354 2.2354
41575 46.09 52.89 0.00 4.8470 2.2354 2.2354
41600 46.23 52.85 0.00 2.1276 1.1851 1.1851
41625 46.25 52.75 0.00 -0.0362 2.1812 2.1812
41650 46.25 52.75 0.00 -0.0362 2.1812 2.1812
41675 46.26 52.64 0.00 1.1602 2.1041 2.1041
41700 46.26 52.64 0.00 1.1602 2.1041 2.1041
41725 46.37 52.66 0.00 3.1706 0.0023 0.0023
41750 46.49 52.75 0.00 2.6048 -0.3226 -0.3226
41775 46.51 52.77 0.00 -0.2520 -1.3151 -1.3151
41800 46.46 52.63 0.00 -1.6902 -0.2833 -0.2833
41825 46.46 52.63 0.00 -1.6902 -0.2833 -0.2833
41850 46.40 52.38 0.00 -0.1905 0.9027 0.9027
41875 46.47 52.22 0.00 3.5254 1.2727 1.2727
41900 46.47 52.22 0.00 3.5254 1.2727 1.2727
41925 46.72 52.05 0.00 7.9229 2.3540 2.3540
41950 47.10 51.84 0.00 10.0018 1.2116 1.2116
