%#        Time[ms]        X[pixel],        Y[pixel],        Z[pixel],  dX/dt[pixel/s],  dY/dt[pixel/s],  dZ/dt[pixel/s] 
0 50.00 50.00 0.00 -7.1705 -10.6542 -10.6542
25 49.86 50.96 0.00 -1.1184 -7.2482 -7.2482
50 49.86 50.96 0.00 -1.1184 -7.2482 -7.2482
75 50.02 52.32 0.00 7.1494 -2.9354 -2.9354
100 50.38 54.13 0.00 9.1612 -4.2856 -4.2856
125 50.38 54.13 0.00 9.1612 -4.2856 -4.2856
150 50.66 55.48 0.00 5.5048 -5.1209 -5.1209
175 50.77 55.90 0.00 0.6722 -3.4901 -3.4901
200 50.77 55.90 0.00 0.6722 -3.4901 -3.4901
225 50.72 55.65 0.00 -2.4411 1.1978 1.1978
250 50.61 55.30 0.00 -2.6497 3.7706 3.7706
275 50.51 55.07 0.00 -2.1035 1.7385 1.7385
300 50.51 55.07 0.00 -2.1035 1.7385 1.7385
325 50.49 55.00 0.00 1.0865 4.5083 4.5083
350 50.59 55.16 0.00 2.7687 5.2232 5.2232
375 50.59 55.16 0.00 2.7687 5.2232 5.2232
400 50.66 55.13 0.00 1.2441 4.8356 4.8356
425 50.68 54.95 0.00 -0.4212 -1.7616 -1.7616
450 50.68 54.95 0.00 -0.4212 -1.7616 -1.7616
475 50.58 54.86 0.00 -4.0449 -4.9764 -4.9764
500 50.31 54.48 0.00 -7.5671 -0.8703 -0.8703
525 50.07 53.95 0.00 -4.3902 0.7591 0.7591
550 50.07 53.95 0.00 -4.3902 0.7591 0.7591
575 50.05 53.76 0.00 2.8119 0.5236 0.5236
600 50.37 53.55 0.00 11.2919 3.5986 3.5986
625 50.37 53.55 0.00 11.2919 3.5986 3.5986
650 50.94 52.66 0.00 14.7952 5.0498 5.0498
675 51.33 51.80 0.00 11.0466 4.4774 4.4774
700 51.57 50.84 0.00 3.3527 2.6288 2.6288
725 51.57 50.84 0.00 3.3527 2.6288 2.6288
750 51.57 50.24 0.00 -1.5031 4.8326 4.8326
775 51.55 49.97 0.00 0.9322 5.7066 5.7066
800 51.55 49.97 0.00 0.9322 5.7066 5.7066
825 51.76 49.74 0.00 7.8287 5.1235 5.1235
850 52.20 49.48 0.00 12.9816 7.4158 7.4158
875 52.20 49.48 0.00 12.9816 7.4158 7.4158
900 52.86 48.87 0.00 19.0124 8.1107 8.1107
925 53.63 48.20 0.00 17.6516 7.8969 7.8969
950 53.63 48.20 0.00 17.6516 7.8969 7.8969
975 54.12 47.91 0.00 8.2385 3.5304 3.5304
1000 54.33 47.73 0.00 4.5948 0.6257 0.6257
1025 54.33 47.73 0.00 4.5948 0.6257 0.6257
1050 54.59 47.31 0.00 8.3010 2.1670 2.1670
1075 55.07 46.80 0.00 13.7978 3.2848 3.2848
1100 55.64 46.40 0.00 14.5250 4.0882 4.0882
1125 55.64 46.40 0.00 14.5250 4.0882 4.0882
1150 56.08 46.09 0.00 8.2793 7.3411 7.3411
1175 56.26 45.81 0.00 1.5256 5.3211 5.3211
1200 56.19 45.58 0.00 -3.4473 1.5999 1.5999
1225 56.19 45.58 0.00 -3.4473 1.5999 1.5999
1250 56.05 45.33 0.00 -2.4750 -0.8639 -0.8639
1275 56.10 45.12 0.00 3.6208 0.2200 0.2200
1300 56.10 45.12 0.00 3.6208 0.2200 0.2200
1325 56.31 45.16 0.00 5.2654 0.7245 0.7245
1350 56.50 45.21 0.00 5.4784 2.0413 2.0413
1375 56.50 45.21 0.00 5.4784 2.0413 2.0413
1400 56.73 45.07 0.00 5.9266 0.9039 0.9039
1425 56.92 44.88 0.00 3.2450 0.1363 0.1363
1450 56.92 44.88 0.00 3.2450 0.1363 0.1363
1475 56.90 44.74 0.00 -2.4274 0.9150 0.9150
1500 56.76 44.56 0.00 -3.1128 1.4647 1.4647
1525 56.76 44.56 0.00 -3.1128 1.4647 1.4647
1550 56.71 44.49 0.00 -0.2423 1.5583 1.5583
1575 56.80 44.47 0.00 3.3863 3.5307 3.5307
1600 57.01 44.53 0.00 6.0638 3.2558 3.2558
1625 57.01 44.53 0.00 6.0638 3.2558 3.2558
1650 57.26 44.61 0.00 5.3213 1.3567 1.3567
1675 57.43 44.60 0.00 4.5813 1.5998 1.5998
1700 57.43 44.60 0.00 4.5813 1.5998 1.5998
1725 57.64 44.44 0.00 5.5006 1.0937 1.0937
1750 57.89 44.35 0.00 6.1979 1.1968 1.1968
1775 58.12 44.24 0.00 5.7373 2.5488 2.5488
1800 58.12 44.24 0.00 5.7373 2.5488 2.5488
1825 58.33 44.15 0.00 5.0500 3.7770 3.7770
1850 58.52 44.14 0.00 4.9338 2.5906 2.5906
1875 58.52 44.14 0.00 4.9338 2.5906 2.5906
1900 58.71 44.14 0.00 4.0514 2.7123 2.7123
1925 58.87 44.05 0.00 4.7055 4.1348 4.1348
1950 59.05 43.94 0.00 3.4779 1.8384 1.8384
1975 59.05 43.94 0.00 3.4779 1.8384 1.8384
2000 59.14 43.91 0.00 2.1152 -0.5432 -0.5432
2025 59.31 43.78 0.00 6.3720 0.2102 0.2102
2050 59.31 43.78 0.00 6.3720 0.2102 0.2102
2075 59.68 43.61 0.00 10.7953 5.0512 5.0512
2100 60.23 43.39 0.00 14.8625 6.2804 6.2804
2125 60.23 43.39 0.00 14.8625 6.2804 6.2804
2150 61.02 43.19 0.00 25.3383 -4.7872 -4.7872
2175 62.40 42.99 0.00 37.7502 9.5030 9.5030
2200 62.40 42.99 0.00 37.7502 9.5030 9.5030
2225 63.77 42.88 0.00 29.8865 9.5789 9.5789
2250 64.55 42.84 0.00 13.4624 0.1351 0.1351
2275 64.55 42.84 0.00 13.4624 0.1351 0.1351
2300 64.78 42.71 0.00 1.8673 -1.3199 -1.3199
2325 64.75 42.57 0.00 -2.6609 3.9218 3.9218
2350 64.48 42.38 0.00 -7.8223 3.3106 3.3106
2375 64.48 42.38 0.00 -7.8223 3.3106 3.3106
2400 64.21 42.19 0.00 -5.1201 3.0247 3.0247
2425 64.16 42.04 0.00 -0.0680 2.2772 2.2772
2450 64.20 41.97 0.00 1.7855 1.7877 1.7877
2475 64.20 41.97 0.00 1.7855 1.7877 1.7877
2500 64.29 41.87 0.00 2.3719 3.2358 3.2358
2525 64.41 41.72 0.00 3.5977 3.4010 3.4010
2550 64.41 41.72 0.00 3.5977 3.4010 3.4010
2575 64.57 41.62 0.00 3.9312 3.6541 3.6541
2600 64.71 41.46 0.00 3.3713 2.9736 2.9736
2625 64.82 41.31 0.00 2.7634 3.5554 3.5554
2650 64.82 41.31 0.00 2.7634 3.5554 3.5554
2675 64.98 41.22 0.00 5.1643 2.3149 2.3149
2700 65.27 41.13 0.00 7.4432 2.0954 2.0954
2725 65.27 41.13 0.00 7.4432 2.0954 2.0954
2750 65.53 41.13 0.00 6.3168 0.6881 0.6881
2775 65.71 41.11 0.00 3.2015 -0.5859 -0.5859
2800 65.71 41.11 0.00 3.2015 -0.5859 -0.5859
2825 65.78 41.02 0.00 0.6572 -0.8181 -0.8181
2850 65.78 40.86 0.00 0.1372 0.6099 0.6099
2875 65.78 40.86 0.00 0.1372 0.6099 0.6099
2900 65.89 40.64 0.00 4.4748 1.6147 1.6147
2925 66.20 40.34 0.00 8.9432 0.0634 0.0634
2950 66.55 40.00 0.00 8.4899 1.5131 1.5131
2975 66.55 40.00 0.00 8.4899 1.5131 1.5131
3000 66.75 39.67 0.00 2.9287 2.8088 2.8088
3025 66.81 39.41 0.00 0.6662 2.1002 2.1002
3050 66.81 39.41 0.00 0.6662 2.1002 2.1002
3075 66.88 39.28 0.00 2.6782 0.9503 0.9503
3100 67.00 39.24 0.00 5.7264 1.1050 1.1050
3125 67.00 39.24 0.00 5.7264 1.1050 1.1050
3150 67.36 39.15 0.00 10.9380 1.9470 1.9470
3175 67.94 38.85 0.00 16.4712 0.8295 0.8295
3200 68.64 38.64 0.00 16.4540 1.0395 1.0395
3225 68.64 38.64 0.00 16.4540 1.0395 1.0395
3250 69.13 38.71 0.00 9.6834 2.2994 2.2994
3275 69.49 38.79 0.00 8.5357 1.9224 1.9224
3300 69.49 38.79 0.00 8.5357 1.9224 1.9224
3325 69.76 38.77 0.00 5.5519 0.6427 0.6427
3350 69.87 38.71 0.00 1.8866 1.9059 1.9059
3375 69.87 38.71 0.00 1.8866 1.9059 1.9059
3400 69.85 38.57 0.00 -1.9295 1.4684 1.4684
3425 69.89 38.46 0.00 2.8910 2.9059 2.9059
3450 70.09 38.42 0.00 6.1350 2.9412 2.9412
3475 70.09 38.42 0.00 6.1350 2.9412 2.9412
3500 70.33 38.49 0.00 4.9031 3.5324 3.5324
3525 70.44 38.56 0.00 1.1771 2.5468 2.5468
3550 70.44 38.56 0.00 1.1771 2.5468 2.5468
3575 70.38 38.58 0.00 -2.7224 0.9025 0.9025
3600 70.25 38.60 0.00 -2.9352 -0.0879 -0.0879
3625 70.20 38.62 0.00 -0.2029 -1.2686 -1.2686
3650 70.20 38.62 0.00 -0.2029 -1.2686 -1.2686
3675 70.24 38.62 0.00 1.3650 -0.3084 -0.3084
3700 70.29 38.58 0.00 0.7838 2.9067 2.9067
3725 70.29 38.58 0.00 0.7838 2.9067 2.9067
3750 70.31 38.56 0.00 0.8699 -0.2845 -0.2845
3775 70.36 38.65 0.00 1.2584 -1.7904 -1.7904
3800 70.36 38.65 0.00 1.2584 -1.7904 -1.7904
3825 70.36 38.79 0.00 -1.4278 -1.2350 -1.2350
3850 70.25 38.81 0.00 -4.1571 -1.1286 -1.1286
3875 70.05 38.75 0.00 -4.7648 0.0958 0.0958
3900 70.05 38.75 0.00 -4.7648 0.0958 0.0958
3925 69.87 38.59 0.00 -5.1238 -1.8279 -1.8279
3950 69.71 38.36 0.00 -2.8832 0.3486 0.3486
3975 69.71 38.36 0.00 -2.8832 0.3486 0.3486
4000 69.64 38.12 0.00 -1.3107 0.4817 0.4817
4025 69.60 37.98 0.00 -0.9854 0.1642 0.1642
4050 69.60 37.98 0.00 -0.9854 0.1642 0.1642
4075 69.55 37.93 0.00 -1.7310 -0.6543 -0.6543
4100 69.46 37.88 0.00 -2.5890 -0.8029 -0.8029
4125 69.46 37.88 0.00 -2.5890 -0.8029 -0.8029
4150 69.33 37.79 0.00 -3.2680 -0.3044 -0.3044
4175 69.18 37.68 0.00 -3.3005 -1.4033 -1.4033
4200 69.09 37.56 0.00 -1.7601 -1.0104 -1.0104
4225 69.09 37.56 0.00 -1.7601 -1.0104 -1.0104
4250 69.08 37.36 0.00 0.2983 0.8129 0.8129
4275 69.13 37.18 0.00 1.9832 2.0445 2.0445
4300 69.13 37.18 0.00 1.9832 2.0445 2.0445
4325 69.20 37.05 0.00 1.3688 -0.6203 -0.6203
4350 69.20 36.98 0.00 -1.1218 -1.5310 -1.5310
4375 69.20 36.98 0.00 -1.1218 -1.5310 -1.5310
4400 69.09 36.91 0.00 -3.6702 -1.5642 -1.5642
4425 68.90 36.79 0.00 -5.1093 -1.1592 -1.1592
4450 68.70 36.58 0.00 -5.2960 -1.3414 -1.3414
4475 68.70 36.58 0.00 -5.2960 -1.3414 -1.3414
4500 68.50 36.28 0.00 -5.0052 0.4428 0.4428
4525 68.26 35.98 0.00 -6.3115 -1.1533 -1.1533
4550 68.26 35.98 0.00 -6.3115 -1.1533 -1.1533
4575 67.96 35.73 0.00 -8.7924 -2.4352 -2.4352
4600 67.54 35.56 0.00 -10.7207 -3.1429 -3.1429
4625 67.54 35.56 0.00 -10.7207 -3.1429 -3.1429
4650 67.13 35.43 0.00 -9.8937 -2.3591 -2.3591
4675 66.88 35.31 0.00 -7.6607 -1.6169 -1.6169
4700 66.64 35.11 0.00 -4.3454 -1.0864 -1.0864
4725 66.64 35.11 0.00 -4.3454 -1.0864 -1.0864
4750 66.55 34.95 0.00 -1.2219 -1.1349 -1.1349
4775 66.52 34.81 0.00 -1.0048 -1.5782 -1.5782
4800 66.45 34.65 0.00 -2.1288 -0.5950 -0.5950
4825 66.45 34.65 0.00 -2.1288 -0.5950 -0.5950
4850 66.38 34.54 0.00 -1.5165 -1.0043 -1.0043
4875 66.34 34.49 0.00 -0.3475 -1.6110 -1.6110
4900 66.34 34.49 0.00 -0.3475 -1.6110 -1.6110
4925 66.34 34.47 0.00 -0.4775 -1.1512 -1.1512
4950 66.30 34.45 0.00 -1.3820 -1.1302 -1.1302
4975 66.30 34.45 0.00 -1.3820 -1.1302 -1.1302
5000 66.23 34.44 0.00 -1.6928 -0.2735 -0.2735
5025 66.16 34.37 0.00 -1.4544 0.5114 0.5114
5050 66.16 34.37 0.00 -1.4544 0.5114 0.5114
5075 66.14 34.30 0.00 -0.1309 1.8847 1.8847
5100 66.14 34.28 0.00 0.3524 0.5574 0.5574
5125 66.14 34.28 0.00 0.3524 0.5574 0.5574
5150 66.14 34.35 0.00 -0.4912 -1.0121 -1.0121
5175 66.11 34.51 0.00 -1.5870 -1.1229 -1.1229
5200 66.04 34.69 0.00 -1.3865 -1.1984 -1.1984
5225 66.04 34.69 0.00 -1.3865 -1.1984 -1.1984
5250 66.04 34.80 0.00 0.6976 0.3435 0.3435
5275 66.11 34.80 0.00 2.1090 1.5347 1.5347
5300 66.11 34.80 0.00 2.1090 1.5347 1.5347
5325 66.14 34.76 0.00 0.3786 -0.7598 -0.7598
5350 66.09 34.76 0.00 -2.7619 -1.6655 -1.6655
5375 65.93 34.71 0.00 -4.3772 -0.7030 -0.7030
5400 65.93 34.71 0.00 -4.3772 -0.7030 -0.7030
5425 65.77 34.72 0.00 -3.7209 -2.9604 -2.9604
5450 65.68 34.79 0.00 -2.5666 -4.1300 -4.1300
5475 65.68 34.79 0.00 -2.5666 -4.1300 -4.1300
5500 65.61 34.85 0.00 -1.8055 -2.8573 -2.8573
5525 65.53 34.78 0.00 -1.9721 -1.5020 -1.5020
5550 65.46 34.62 0.00 -1.0093 -0.0011 -0.0011
5575 65.46 34.62 0.00 -1.0093 -0.0011 -0.0011
5600 65.46 34.44 0.00 0.1081 -0.3908 -0.3908
5625 65.46 34.44 0.00 0.1081 -0.3908 -0.3908
5650 65.48 34.20 0.00 0.6982 1.5944 1.5944
5675 65.46 34.00 0.00 -0.6666 -0.6994 -0.6994
5700 65.41 33.90 0.00 -1.9133 -1.3640 -1.3640
5725 65.41 33.90 0.00 -1.9133 -1.3640 -1.3640
5750 65.32 33.79 0.00 -2.3861 -0.7499 -0.7499
5775 65.25 33.68 0.00 -1.3782 -0.3021 -0.3021
5800 65.25 33.68 0.00 -1.3782 -0.3021 -0.3021
5825 65.23 33.59 0.00 0.5036 0.6258 0.6258
5850 65.28 33.49 0.00 1.4907 0.1128 0.1128
5875 65.32 33.43 0.00 0.8737 -0.5099 -0.5099
5900 65.32 33.43 0.00 0.8737 -0.5099 -0.5099
5925 65.37 33.45 0.00 2.2502 0.1655 0.1655
5950 65.59 33.44 0.00 6.5941 2.8374 2.8374
5975 65.59 33.44 0.00 6.5941 2.8374 2.8374
6000 65.89 33.51 0.00 7.3620 3.5682 3.5682
6025 66.09 33.61 0.00 3.0283 1.2357 1.2357
6050 66.09 33.61 0.00 3.0283 1.2357 1.2357
6075 66.05 33.76 0.00 -2.7734 0.4238 0.4238
6100 65.78 33.82 0.00 -8.7552 -2.9695 -2.9695
6125 65.46 33.90 0.00 -10.8416 -3.8525 -3.8525
6150 65.46 33.90 0.00 -10.8416 -3.8525 -3.8525
6175 65.14 34.10 0.00 -5.7283 -2.9442 -2.9442
6200 65.09 34.30 0.00 1.1414 -1.0784 -1.0784
6225 65.09 34.30 0.00 1.1414 -1.0784 -1.0784
6250 65.19 34.44 0.00 3.2866 2.3073 2.3073
6275 65.27 34.55 0.00 0.4513 1.5361 1.5361
6300 65.27 34.55 0.00 0.4513 1.5361 1.5361
6325 65.23 34.66 0.00 -1.7001 0.4869 0.4869
6350 65.16 34.73 0.00 -0.9307 -0.1425 -0.1425
6375 65.16 34.73 0.00 -0.9307 -0.1425 -0.1425
6400 65.18 34.78 0.00 1.2501 0.3882 0.3882
6425 65.27 34.83 0.00 2.2405 -0.1029 -0.1029
6450 65.36 34.89 0.00 2.1393 0.7076 0.7076
6475 65.36 34.89 0.00 2.1393 0.7076 0.7076
6500 65.45 34.90 0.00 2.0740 -0.0722 -0.0722
6525 65.52 34.90 0.00 2.0488 0.0292 0.0292
6550 65.52 34.90 0.00 2.0488 0.0292 0.0292
6575 65.61 34.83 0.00 1.7741 1.7305 1.7305
6600 65.62 34.76 0.00 -0.2562 -0.0575 -0.0575
6625 65.59 34.77 0.00 -0.9808 -1.8305 -1.8305
6650 65.59 34.77 0.00 -0.9808 -1.8305 -1.8305
6675 65.55 34.83 0.00 -0.7467 -0.5748 -0.5748
6700 65.50 34.81 0.00 -2.0600 -0.8979 -0.8979
6725 65.50 34.81 0.00 -2.0600 -0.8979 -0.8979
6750 65.43 34.71 0.00 -1.3500 1.8294 1.8294
6775 65.37 34.53 0.00 -1.9710 1.3107 1.3107
6800 65.27 34.22 0.00 -2.4513 2.8436 2.8436
6825 65.27 34.22 0.00 -2.4513 2.8436 2.8436
6850 65.23 33.95 0.00 -0.8356 1.6346 1.6346
6875 65.21 33.81 0.00 0.0239 -0.4902 -0.4902
6900 65.21 33.81 0.00 0.0239 -0.4902 -0.4902
6925 65.19 33.79 0.00 -0.9633 -0.2396 -0.2396
6950 65.12 33.81 0.00 -1.7654 1.0470 1.0470
6975 65.12 33.81 0.00 -1.7654 1.0470 1.0470
7000 65.09 33.81 0.00 -0.5589 1.1011 1.1011
7025 65.11 33.81 0.00 1.0475 0.7945 0.7945
7050 65.12 33.83 0.00 -0.4413 -0.8078 -0.8078
7075 65.12 33.83 0.00 -0.4413 -0.8078 -0.8078
7100 65.09 33.92 0.00 -0.9702 -0.8961 -0.8961
7125 65.07 34.03 0.00 -0.0434 -1.3188 -1.3188
7150 65.07 34.03 0.00 -0.0434 -1.3188 -1.3188
7175 65.11 34.08 0.00 1.1936 0.1069 0.1069
7200 65.12 34.05 0.00 0.0450 0.9367 0.9367
7225 65.12 34.05 0.00 0.0450 0.9367 0.9367
7250 65.09 34.05 0.00 -1.3770 -1.0750 -1.0750
7275 65.05 34.08 0.00 -0.5597 -0.7135 -0.7135
7300 65.05 34.08 0.00 -0.5597 -0.7135 -0.7135
7325 65.05 34.14 0.00 0.3514 0.6503 0.6503
7350 65.07 34.07 0.00 0.7486 0.8593 0.8593
7375 65.09 33.90 0.00 0.1726 0.5017 0.5017
7400 65.09 33.90 0.00 0.1726 0.5017 0.5017
7425 65.07 33.65 0.00 -1.2554 -0.3930 -0.3930
7450 64.96 33.47 0.00 -3.4782 0.3105 0.3105
7475 64.96 33.47 0.00 -3.4782 0.3105 0.3105
7500 64.75 33.30 0.00 -6.1349 -0.0285 -0.0285
7525 64.55 33.10 0.00 -4.2595 -1.5982 -1.5982
7550 64.55 33.10 0.00 -4.2595 -1.5982 -1.5982
7575 64.46 32.93 0.00 -1.0461 -2.8088 -2.8088
7600 64.43 32.82 0.00 -1.7038 -1.3152 -1.3152
7625 64.43 32.82 0.00 -1.7038 -1.3152 -1.3152
7650 64.30 32.73 0.00 -3.6670 -2.5324 -2.5324
7675 64.20 32.66 0.00 -1.1636 -2.2058 -2.2058
7700 64.29 32.66 0.00 4.0509 -0.0667 -0.0667
7725 64.29 32.66 0.00 4.0509 -0.0667 -0.0667
7750 64.46 32.69 0.00 4.3470 1.5487 1.5487
7775 64.55 32.74 0.00 1.8352 0.6331 0.6331
7800 64.52 32.78 0.00 -2.5008 -1.0475 -1.0475
7825 64.52 32.78 0.00 -2.5008 -1.0475 -1.0475
7850 64.37 32.71 0.00 -3.3884 0.7276 0.7276
7875 64.29 32.70 0.00 -0.9779 0.0106 0.0106
7900 64.29 32.70 0.00 -0.9779 0.0106 0.0106
7925 64.30 32.86 0.00 0.7840 -0.3279 -0.3279
7950 64.32 33.00 0.00 -0.1884 0.7220 0.7220
7975 64.32 33.00 0.00 -0.1884 0.7220 0.7220
8000 64.30 33.04 0.00 -0.8515 1.4107 1.4107
8025 64.23 33.11 0.00 -1.8489 -0.2542 -0.2542
8050 64.23 33.11 0.00 -1.8489 -0.2542 -0.2542
8075 64.13 33.17 0.00 -3.3474 -1.4969 -1.4969
8100 64.02 33.12 0.00 -2.0704 2.1521 2.1521
8125 64.02 33.03 0.00 1.7348 1.9482 1.9482
8150 64.02 33.03 0.00 1.7348 1.9482 1.9482
8175 64.21 32.86 0.00 7.1797 4.6956 4.6956
8200 64.46 32.71 0.00 4.4756 3.7572 3.7572
8225 64.46 32.71 0.00 4.4756 3.7572 3.7572
8250 64.50 32.60 0.00 -1.5839 1.1486 1.1486
8275 64.37 32.51 0.00 -2.9220 0.0024 0.0024
8300 64.37 32.41 0.00 2.5442 1.7226 1.7226
8325 64.37 32.41 0.00 2.5442 1.7226 1.7226
8350 64.57 32.45 0.00 5.0062 1.1303 1.1303
8375 64.57 32.53 0.00 -2.7008 -0.1195 -0.1195
8400 64.57 32.53 0.00 -2.7008 -0.1195 -0.1195
8425 64.30 32.46 0.00 -8.7460 -0.2409 -0.2409
8450 64.04 32.39 0.00 -8.3348 -1.1285 -1.1285
8475 64.04 32.39 0.00 -8.3348 -1.1285 -1.1285
8500 63.84 32.38 0.00 -2.6598 -1.4506 -1.4506
8525 63.82 32.49 0.00 0.4167 -3.7539 -3.7539
8550 63.86 32.70 0.00 0.5063 -1.2804 -1.2804
8575 63.86 32.70 0.00 0.5063 -1.2804 -1.2804
8600 63.84 32.85 0.00 -0.6605 -0.1763 -0.1763
8625 63.79 32.94 0.00 -2.2366 -0.7541 -0.7541
8650 63.79 32.94 0.00 -2.2366 -0.7541 -0.7541
8675 63.66 32.94 0.00 -3.5178 -1.3294 -1.3294
8700 63.54 32.86 0.00 -2.1898 0.7488 0.7488
8725 63.54 32.86 0.00 -2.1898 0.7488 0.7488
8750 63.50 32.78 0.00 -0.0709 1.0020 1.0020
8775 63.52 32.75 0.00 0.2852 -0.2413 -0.2413
8800 63.50 32.77 0.00 -0.4470 0.3065 0.3065
8825 63.50 32.77 0.00 -0.4470 0.3065 0.3065
8850 63.50 32.86 0.00 -0.3245 0.0262 0.0262
8875 63.47 32.87 0.00 -0.7421 0.8150 0.8150
8900 63.47 32.87 0.00 -0.7421 0.8150 0.8150
8925 63.40 32.82 0.00 -2.6470 -0.2332 -0.2332
8950 63.27 32.75 0.00 -3.0897 -1.3150 -1.3150
8975 63.20 32.75 0.00 -0.8131 -2.5095 -2.5095
9000 63.20 32.75 0.00 -0.8131 -2.5095 -2.5095
9025 63.22 32.75 0.00 0.9206 -1.1860 -1.1860
9050 63.24 32.66 0.00 0.2476 1.5674 1.5674
9075 63.24 32.66 0.00 0.2476 1.5674 1.5674
9100 63.22 32.54 0.00 -1.1617 -0.0597 -0.0597
9125 63.15 32.49 0.00 -1.7901 -1.3478 -1.3478
9150 63.15 32.49 0.00 -1.7901 -1.3478 -1.3478
9175 63.08 32.49 0.00 -2.0303 -0.1046 -0.1046
9200 63.01 32.45 0.00 -2.5508 -0.7379 -0.7379
9225 63.01 32.45 0.00 -2.5508 -0.7379 -0.7379
9250 62.92 32.40 0.00 -2.0490 -0.8124 -0.8124
9275 62.86 32.31 0.00 -1.3592 -0.7524 -0.7524
9300 62.86 32.31 0.00 -1.3592 -0.7524 -0.7524
9325 62.83 32.17 0.00 -0.6229 1.2250 1.2250
9350 62.81 32.10 0.00 0.0261 1.7687 1.7687
9375 62.86 32.04 0.00 2.4963 1.7813 1.7813
9400 62.86 32.04 0.00 2.4963 1.7813 1.7813
9425 62.99 32.06 0.00 2.2284 1.0175 1.0175
9450 62.93 32.04 0.00 -3.5182 -0.2279 -0.2279
9475 62.93 32.04 0.00 -3.5182 -0.2279 -0.2279
9500 62.70 31.97 0.00 -6.8164 0.2622 0.2622
9525 62.51 31.90 0.00 -2.4879 0.5992 0.5992
9550 62.53 31.87 0.00 1.5832 0.7428 0.7428
9575 62.53 31.87 0.00 1.5832 0.7428 0.7428
9600 62.54 31.83 0.00 -1.4113 -0.6562 -0.6562
9625 62.37 31.69 0.00 -5.9558 -0.0241 -0.0241
9650 62.37 31.69 0.00 -5.9558 -0.0241 -0.0241
9675 62.10 31.48 0.00 -6.0871 0.8544 0.8544
9700 62.10 31.48 0.00 -6.0871 0.8544 0.8544
9725 62.01 31.35 0.00 -0.3800 -0.0203 -0.0203
9750 61.98 31.39 0.00 -1.4731 -1.2698 -1.2698
9775 61.85 31.45 0.00 -4.3130 -0.2794 -0.2794
9800 61.85 31.45 0.00 -4.3130 -0.2794 -0.2794
9825 61.69 31.40 0.00 -2.9365 -0.3539 -0.3539
9850 61.66 31.36 0.00 0.5645 0.4728 0.4728
9875 61.69 31.23 0.00 1.1330 -0.7484 -0.7484
9900 61.69 31.23 0.00 1.1330 -0.7484 -0.7484
9925 61.76 31.12 0.00 1.6800 2.1358 2.1358
9950 61.82 31.00 0.00 1.3876 1.2632 1.2632
9975 61.82 31.00 0.00 1.3876 1.2632 1.2632
10000 61.85 30.85 0.00 0.5883 -0.4608 -0.4608
10025 61.85 30.80 0.00 -0.6842 0.3865 0.3865
10050 61.85 30.80 0.00 -0.6842 0.3865 0.3865
10075 61.80 30.72 0.00 -1.3102 1.5565 1.5565
10100 61.76 30.67 0.00 -1.0167 0.9856 0.9856
10125 61.73 30.58 0.00 -1.1658 0.0907 0.0907
10150 61.73 30.58 0.00 -1.1658 0.0907 0.0907
10175 61.62 30.49 0.00 -3.5154 -0.8008 -0.8008
10200 61.45 30.37 0.00 -4.4948 -2.3875 -2.3875
10225 61.45 30.37 0.00 -4.4948 -2.3875 -2.3875
10250 61.36 30.32 0.00 -0.7195 -1.6209 -1.6209
10275 61.43 30.28 0.00 2.4184 0.9250 0.9250
10300 61.46 30.26 0.00 -0.6652 -0.8815 -0.8815
10325 61.46 30.26 0.00 -0.6652 -0.8815 -0.8815
10350 61.34 30.30 0.00 -3.7814 -0.9833 -0.9833
10375 61.34 30.30 0.00 -3.7814 -0.9833 -0.9833
10400 61.20 30.32 0.00 -3.1838 -0.6273 -0.6273
10425 61.08 30.27 0.00 -3.3586 -0.9071 -0.9071
10450 60.95 30.23 0.00 -2.6686 0.3470 0.3470
10475 60.95 30.23 0.00 -2.6686 0.3470 0.3470
10500 60.85 30.16 0.00 -2.9040 -1.2019 -1.2019
10525 60.74 30.06 0.00 -2.3853 0.3093 0.3093
10550 60.74 30.06 0.00 -2.3853 0.3093 0.3093
10575 60.67 30.11 0.00 -1.2137 -0.4629 -0.4629
10600 60.65 30.24 0.00 -0.1433 0.0870 0.0870
10625 60.63 30.35 0.00 -0.8682 1.0507 1.0507
10650 60.63 30.35 0.00 -0.8682 1.0507 1.0507
10675 60.58 30.40 0.00 -1.2778 0.9111 0.9111
10700 60.60 30.39 0.00 1.5247 1.5183 1.5183
10725 60.60 30.39 0.00 1.5247 1.5183 1.5183
10750 60.63 30.35 0.00 0.1393 -0.5938 -0.5938
10775 60.56 30.35 0.00 -2.7713 -1.6422 -1.6422
10800 60.56 30.35 0.00 -2.7713 -1.6422 -1.6422
10825 60.42 30.44 0.00 -3.1837 -2.3968 -2.3968
10850 60.35 30.72 0.00 -1.2159 -0.7571 -0.7571
10875 60.35 30.72 0.00 -1.2159 -0.7571 -0.7571
10900 60.33 30.93 0.00 -0.3099 -0.6274 -0.6274
10925 60.32 31.15 0.00 -0.6500 -2.0129 -2.0129
10950 60.28 31.19 0.00 -1.1473 -1.6460 -1.6460
10975 60.28 31.19 0.00 -1.1473 -1.6460 -1.6460
11000 60.23 31.12 0.00 -1.0908 -1.0806 -1.0806
11025 60.18 30.99 0.00 -1.5075 -0.3082 -0.3082
11050 60.18 30.99 0.00 -1.5075 -0.3082 -0.3082
11075 60.10 30.86 0.00 -1.9696 0.5006 0.5006
11100 60.03 30.61 0.00 -1.4071 1.9781 1.9781
11125 60.03 30.61 0.00 -1.4071 1.9781 1.9781
11150 59.96 30.40 0.00 -2.2280 0.8909 0.8909
11175 59.88 30.25 0.00 -1.8052 0.5920 0.5920
11200 59.84 30.20 0.00 -0.3031 0.1941 0.1941
11225 59.84 30.20 0.00 -0.3031 0.1941 0.1941
11250 59.86 30.15 0.00 0.7717 1.0961 1.0961
11275 59.91 30.05 0.00 2.1238 2.8673 2.8673
11300 59.91 30.05 0.00 2.1238 2.8673 2.8673
11325 60.02 29.93 0.00 2.0779 2.0148 2.0148
11350 60.05 29.78 0.00 -0.1213 0.1704 0.1704
11375 60.05 29.78 0.00 -0.1213 0.1704 0.1704
11400 59.98 29.71 0.00 -2.2639 -0.3361 -0.3361
11425 59.91 29.73 0.00 -1.2485 0.2979 0.2979
11450 59.91 29.76 0.00 0.8439 1.1574 1.1574
11475 59.91 29.76 0.00 0.8439 1.1574 1.1574
11500 59.98 29.87 0.00 1.6330 -1.7307 -1.7307
11525 60.00 30.03 0.00 0.1750 -2.1770 -2.1770
11550 60.00 30.03 0.00 0.1750 -2.1770 -2.1770
11575 60.00 30.34 0.00 -0.4435 -1.4677 -1.4677
11600 60.00 30.51 0.00 0.5651 -0.0066 -0.0066
11625 60.00 30.51 0.00 0.5651 -0.0066 -0.0066
11650 60.03 30.56 0.00 1.1067 2.1682 2.1682
11675 60.05 30.56 0.00 -0.3937 -1.1828 -1.1828
11700 59.98 30.54 0.00 -2.2991 -0.4655 -0.4655
11725 59.98 30.54 0.00 -2.2991 -0.4655 -0.4655
11750 59.86 30.51 0.00 -3.1549 -0.1361 -0.1361
11775 59.77 30.58 0.00 -1.5590 -0.8311 -0.8311
11800 59.77 30.58 0.00 -1.5590 -0.8311 -0.8311
11825 59.73 30.58 0.00 -0.5078 -0.3372 -0.3372
11850 59.72 30.46 0.00 -0.6783 -0.2249 -0.2249
11875 59.66 30.31 0.00 -1.3718 0.4424 0.4424
11900 59.66 30.31 0.00 -1.3718 0.4424 0.4424
11925 59.61 30.19 0.00 -1.7359 0.6966 0.6966
11950 59.61 30.19 0.00 -1.7359 0.6966 0.6966
11975 59.52 30.06 0.00 -2.8568 -1.2214 -1.2214
12000 59.36 29.96 0.00 -3.9405 -0.4675 -0.4675
12025 59.24 29.87 0.00 -2.1065 -0.1115 -0.1115
12050 59.24 29.87 0.00 -2.1065 -0.1115 -0.1115
12075 59.22 29.78 0.00 0.6893 0.8247 0.8247
12100 59.26 29.78 0.00 1.2246 -1.7495 -1.7495
12125 59.29 29.92 0.00 0.3648 -1.8374 -1.8374
12150 59.29 29.92 0.00 0.3648 -1.8374 -1.8374
12175 59.26 30.05 0.00 -2.0194 -2.3468 -2.3468
12200 59.19 30.12 0.00 -1.4536 -0.2611 -0.2611
12225 59.19 30.12 0.00 -1.4536 -0.2611 -0.2611
12250 59.15 30.12 0.00 -0.4685 0.0548 0.0548
12275 59.14 30.14 0.00 0.1441 1.0078 1.0078
12300 59.15 30.19 0.00 0.1512 0.5949 0.5949
12325 59.15 30.19 0.00 0.1512 0.5949 0.5949
12350 59.15 30.25 0.00 -0.2022 -0.5374 -0.5374
12375 59.14 30.30 0.00 -0.4183 -0.0403 -0.0403
12400 59.14 30.30 0.00 -0.4183 -0.0403 -0.0403
12425 59.12 30.38 0.00 -0.3833 0.0712 0.0712
12450 59.10 30.38 0.00 -0.3901 0.2548 0.2548
12475 59.10 30.38 0.00 -0.3901 0.2548 0.2548
12500 59.10 30.36 0.00 -0.3500 0.4645 0.4645
12525 59.07 30.32 0.00 -0.7023 0.1787 0.1787
12550 59.01 30.27 0.00 -1.9233 -0.8328 -0.8328
12575 59.01 30.27 0.00 -1.9233 -0.8328 -0.8328
12600 58.92 30.16 0.00 -2.1322 -0.9696 -0.9696
12625 58.84 30.00 0.00 -2.1264 -0.6161 -0.6161
12650 58.84 30.00 0.00 -2.1264 -0.6161 -0.6161
12675 58.77 29.86 0.00 -1.4833 1.0337 1.0337
12700 58.73 29.73 0.00 -0.9864 -0.9561 -0.9561
12725 58.73 29.73 0.00 -0.9864 -0.9561 -0.9561
12750 58.70 29.77 0.00 -0.6723 -1.6267 -1.6267
12775 58.64 29.77 0.00 -1.7119 -0.6998 -0.6998
12800 58.57 29.61 0.00 -1.9366 0.5782 0.5782
12825 58.57 29.61 0.00 -1.9366 0.5782 0.5782
12850 58.52 29.41 0.00 -0.7377 0.9066 0.9066
12875 58.49 29.26 0.00 -0.9971 -0.2678 -0.2678
12900 58.49 29.26 0.00 -0.9971 -0.2678 -0.2678
12925 58.43 29.08 0.00 -1.7637 1.8058 1.8058
12950 58.38 28.97 0.00 -1.1461 0.8179 0.8179
12975 58.38 28.97 0.00 -1.1461 0.8179 0.8179
13000 58.36 29.05 0.00 -0.0740 -0.1518 -0.1518
13025 58.36 29.14 0.00 0.4113 0.8733 0.8733
13050 58.36 29.14 0.00 0.4113 0.8733 0.8733
13075 58.40 29.17 0.00 0.7171 0.8095 0.8095
13100 58.41 29.19 0.00 0.5786 0.5916 0.5916
13125 58.41 29.19 0.00 0.5786 0.5916 0.5916
13150 58.41 29.19 0.00 -0.5124 0.0636 0.0636
13175 58.34 29.19 0.00 -2.0754 -0.7375 -0.7375
13200 58.27 29.21 0.00 -2.3899 -1.0724 -1.0724
13225 58.27 29.21 0.00 -2.3899 -1.0724 -1.0724
13250 58.19 29.21 0.00 -2.0800 -1.0613 -1.0613
13275 58.13 29.16 0.00 -0.6845 -0.1259 -0.1259
13300 58.13 29.16 0.00 -0.6845 -0.1259 -0.1259
13325 58.15 29.07 0.00 0.9689 -0.6038 -0.6038
13350 58.19 29.07 0.00 0.6162 -1.0889 -1.0889
13375 58.20 29.10 0.00 0.0980 0.4263 0.4263
13400 58.20 29.10 0.00 0.0980 0.4263 0.4263
13425 58.20 29.14 0.00 0.4632 0.9017 0.9017
13450 58.26 29.14 0.00 1.2861 0.9158 0.9158
13475 58.26 29.14 0.00 1.2861 0.9158 0.9158
13500 58.29 29.10 0.00 0.2292 0.0594 0.0594
13525 58.22 29.01 0.00 -2.4187 0.6662 0.6662
13550 58.22 29.01 0.00 -2.4187 0.6662 0.6662
13575 58.10 28.92 0.00 -3.7156 0.5448 0.5448
13600 57.99 28.93 0.00 -1.8227 -0.0598 -0.0598
13625 57.99 28.93 0.00 -1.8227 -0.0598 -0.0598
13650 57.98 28.98 0.00 0.8196 0.2392 0.2392
13675 58.05 29.03 0.00 1.9332 0.0931 0.0931
13700 58.12 29.07 0.00 1.3111 1.2579 1.2579
13725 58.12 29.07 0.00 1.3111 1.2579 1.2579
13750 58.15 29.05 0.00 1.2204 1.8985 1.8985
13775 58.20 29.01 0.00 1.2586 1.4982 1.4982
13800 58.20 29.01 0.00 1.2586 1.4982 1.4982
13825 58.22 29.00 0.00 -0.2745 -0.2512 -0.2512
13850 58.17 29.00 0.00 -2.4401 -1.4193 -1.4193
13875 58.03 28.94 0.00 -3.3345 -1.0948 -1.0948
13900 58.03 28.94 0.00 -3.3345 -1.0948 -1.0948
13925 57.94 28.82 0.00 -1.4564 0.2406 0.2406
13950 57.92 28.80 0.00 0.1907 -1.7014 -1.7014
13975 57.92 28.80 0.00 0.1907 -1.7014 -1.7014
14000 57.94 28.80 0.00 0.7759 -1.5651 -1.5651
14025 57.98 28.85 0.00 0.6657 -0.8501 -0.8501
14050 57.98 28.85 0.00 0.6657 -0.8501 -0.8501
14075 57.99 28.85 0.00 0.1716 -0.3112 -0.3112
14100 57.98 28.85 0.00 -0.7911 -0.0346 -0.0346
14125 57.98 28.85 0.00 -0.7911 -0.0346 -0.0346
14150 57.92 28.84 0.00 -1.7252 -1.3528 -1.3528
14175 57.85 28.73 0.00 -1.8381 1.1292 1.1292
14200 57.78 28.62 0.00 -1.6332 0.2287 0.2287
14225 57.78 28.62 0.00 -1.6332 0.2287 0.2287
14250 57.75 28.57 0.00 -0.1638 -0.6826 -0.6826
14275 57.76 28.60 0.00 0.9871 -0.3508 -0.3508
14300 57.76 28.60 0.00 0.9871 -0.3508 -0.3508
14325 57.82 28.67 0.00 1.0216 -0.3341 -0.3341
14350 57.84 28.71 0.00 0.7630 0.3675 0.3675
14375 57.84 28.71 0.00 0.7630 0.3675 0.3675
14400 57.85 28.67 0.00 0.0562 0.6778 0.6778
14425 57.84 28.62 0.00 -1.1437 -0.0603 -0.0603
14450 57.75 28.59 0.00 -2.3570 -0.5443 -0.5443
14475 57.75 28.59 0.00 -2.3570 -0.5443 -0.5443
14500 57.66 28.59 0.00 -1.8232 -1.4595 -1.4595
14525 57.62 28.57 0.00 -0.6492 -1.2891 -1.2891
14550 57.62 28.57 0.00 -0.6492 -1.2891 -1.2891
14575 57.59 28.50 0.00 -0.8178 -0.0027 -0.0027
14600 57.54 28.42 0.00 -1.8002 -1.5213 -1.5213
14625 57.54 28.42 0.00 -1.8002 -1.5213 -1.5213
14650 57.47 28.39 0.00 -1.6010 -2.2048 -2.2048
14675 57.47 28.39 0.00 -1.6010 -2.2048 -2.2048
14700 57.34 28.43 0.00 -1.8690 -1.1715 -1.1715
14725 57.34 28.43 0.00 -1.8690 -1.1715 -1.1715
14750 57.29 28.41 0.00 -1.5953 0.1221 0.1221
14775 57.24 28.32 0.00 -1.2476 -0.0412 -0.0412
14800 57.24 28.32 0.00 -1.2476 -0.0412 -0.0412
14825 57.19 28.21 0.00 -1.4124 -0.3440 -0.3440
14850 57.10 28.16 0.00 -2.7108 -1.2275 -1.2275
14875 57.10 28.16 0.00 -2.7108 -1.2275 -1.2275
14900 56.98 28.16 0.00 -2.9033 -1.7494 -1.7494
14925 56.90 28.20 0.00 -0.8895 -0.6424 -0.6424
14950 56.92 28.20 0.00 0.6913 0.2304 0.2304
14975 56.92 28.20 0.00 0.6913 0.2304 0.2304
15000 56.98 28.18 0.00 1.5786 1.1479 1.1479
15025 57.05 28.20 0.00 1.6040 1.2130 1.2130
15050 57.05 28.20 0.00 1.6040 1.2130 1.2130
15075 57.08 28.21 0.00 0.2345 1.0167 1.0167
15100 57.03 28.14 0.00 -1.6666 0.6763 0.6763
15125 56.98 28.09 0.00 -1.5151 0.1785 0.1785
15150 56.98 28.09 0.00 -1.5151 0.1785 0.1785
15175 56.92 28.03 0.00 -0.9854 -0.3363 -0.3363
15200 56.89 27.94 0.00 -0.7744 0.2365 0.2365
15225 56.89 27.94 0.00 -0.7744 0.2365 0.2365
15250 56.87 27.83 0.00 -0.4952 1.0699 1.0699
15275 56.83 27.82 0.00 -0.7138 -1.5392 -1.5392
15300 56.83 27.82 0.00 -0.7138 -1.5392 -1.5392
15325 56.80 27.91 0.00 -1.0722 -1.0049 -1.0049
15350 56.75 27.96 0.00 -1.3502 -0.2009 -0.2009
15375 56.75 27.96 0.00 -1.3502 -0.2009 -0.2009
15400 56.71 27.91 0.00 -0.2575 0.3128 0.3128
15425 56.73 27.85 0.00 0.7385 0.2618 0.2618
15450 56.73 27.74 0.00 -0.3680 -0.2326 -0.2326
15475 56.73 27.74 0.00 -0.3680 -0.2326 -0.2326
15500 56.69 27.64 0.00 -1.5549 0.3106 0.3106
15525 56.62 27.64 0.00 -1.6927 -1.3717 -1.3717
15550 56.62 27.64 0.00 -1.6927 -1.3717 -1.3717
15575 56.59 27.66 0.00 -0.8191 -1.1040 -1.1040
15600 56.57 27.64 0.00 -0.4742 -0.3651 -0.3651
15625 56.57 27.64 0.00 -0.4742 -0.3651 -0.3651
15650 56.55 27.55 0.00 -0.1067 0.7562 0.7562
15675 56.55 27.49 0.00 -0.1741 0.1323 0.1323
15700 56.55 27.49 0.00 -0.1741 0.1323 0.1323
15725 56.55 27.46 0.00 -0.2238 -0.3618 -0.3618
15750 56.52 27.47 0.00 -1.2919 -1.5301 -1.5301
15775 56.47 27.53 0.00 -1.4859 -0.6076 -0.6076
15800 56.47 27.53 0.00 -1.4859 -0.6076 -0.6076
15825 56.40 27.55 0.00 -1.3827 -0.4754 -0.4754
15850 56.34 27.46 0.00 -1.4976 0.2265 0.2265
15875 56.27 27.42 0.00 -2.0054 -1.9248 -1.9248
15900 56.27 27.42 0.00 -2.0054 -1.9248 -1.9248
15925 56.20 27.51 0.00 -1.5052 -1.3045 -1.3045
15950 56.15 27.62 0.00 -0.8146 -1.3727 -1.3727
15975 56.15 27.62 0.00 -0.8146 -1.3727 -1.3727
16000 56.15 27.70 0.00 0.4289 -0.6488 -0.6488
16025 56.15 27.70 0.00 0.4289 -0.6488 -0.6488
16050 56.19 27.73 0.00 0.7649 0.3079 0.3079
16075 56.19 27.70 0.00 -0.6020 -1.1115 -1.1115
16100 56.15 27.68 0.00 -1.5074 1.1181 1.1181
16125 56.15 27.68 0.00 -1.5074 1.1181 1.1181
16150 56.06 27.66 0.00 -2.1582 -0.2640 -0.2640
16175 56.01 27.77 0.00 -0.3205 -0.6042 -0.6042
16200 56.01 27.88 0.00 0.0709 -1.1463 -1.1463
16225 56.01 27.88 0.00 0.0709 -1.1463 -1.1463
16250 56.01 27.94 0.00 -0.2128 0.1290 0.1290
16275 56.03 27.92 0.00 0.4409 1.3713 1.3713
16300 56.03 27.92 0.00 0.4409 1.3713 1.3713
16325 56.06 27.90 0.00 0.9233 0.0552 0.0552
16350 56.08 27.88 0.00 0.5098 -0.9106 -0.9106
16375 56.08 27.88 0.00 0.5098 -0.9106 -0.9106
16400 56.06 27.84 0.00 -1.4678 -0.8115 -0.8115
16425 55.94 27.77 0.00 -3.4806 -0.9847 -0.9847
16450 55.82 27.67 0.00 -2.4792 0.0976 0.0976
16475 55.82 27.67 0.00 -2.4792 0.0976 0.0976
16500 55.75 27.59 0.00 -1.3070 -2.4892 -2.4892
16525 55.73 27.63 0.00 -0.2795 -1.4578 -1.4578
16550 55.73 27.63 0.00 -0.2795 -1.4578 -1.4578
16575 55.70 27.63 0.00 -1.2008 -1.2421 -1.2421
16600 55.59 27.52 0.00 -4.6606 -2.7351 -2.7351
16625 55.59 27.52 0.00 -4.6606 -2.7351 -2.7351
16650 55.31 27.36 0.00 -7.8301 -2.3726 -2.3726
16675 55.01 27.20 0.00 -7.1226 -2.4770 -2.4770
16700 54.80 26.95 0.00 -3.4156 1.5231 1.5231
16725 54.80 26.95 0.00 -3.4156 1.5231 1.5231
16750 54.73 26.71 0.00 -1.0174 0.3011 0.3011
16775 54.73 26.56 0.00 0.3714 0.0152 0.0152
16800 54.73 26.56 0.00 0.3714 0.0152 0.0152
16825 54.77 26.56 0.00 1.2203 0.5143 0.5143
16850 54.80 26.55 0.00 0.5245 0.0889 0.0889
16875 54.80 26.55 0.00 0.5245 0.0889 0.0889
16900 54.80 26.47 0.00 -0.5652 1.0353 1.0353
16925 54.72 26.33 0.00 -3.2572 -0.0220 -0.0220
16950 54.72 26.33 0.00 -3.2572 -0.0220 -0.0220
16975 54.61 26.24 0.00 -1.7067 -0.2195 -0.2195
17000 54.61 26.24 0.00 0.6307 0.5145 0.5145
17025 54.61 26.24 0.00 0.6307 0.5145 0.5145
17050 54.68 26.22 0.00 2.1653 1.5478 1.5478
17075 54.80 26.22 0.00 3.5029 1.8333 1.8333
17100 54.91 26.29 0.00 3.3444 -0.2951 -0.2951
17125 54.91 26.29 0.00 3.3444 -0.2951 -0.2951
17150 55.01 26.49 0.00 2.0304 -0.2111 -0.2111
17175 55.01 26.62 0.00 -0.6882 -0.0076 -0.0076
17200 54.96 26.58 0.00 -1.2456 1.1651 1.1651
17225 54.96 26.58 0.00 -1.2456 1.1651 1.1651
17250 54.94 26.51 0.00 -0.4105 0.3651 0.3651
17275 54.91 26.40 0.00 -1.1227 -0.2537 -0.2537
17300 54.84 26.34 0.00 -2.2358 0.6324 0.6324
17325 54.84 26.34 0.00 -2.2358 0.6324 0.6324
17350 54.75 26.31 0.00 -2.0652 0.2127 0.2127
17375 54.68 26.33 0.00 -1.3796 -0.4253 -0.4253
17400 54.68 26.33 0.00 -1.3796 -0.4253 -0.4253
17425 54.65 26.36 0.00 -0.5326 -0.2216 -0.2216
17450 54.65 26.36 0.00 0.4563 -0.2519 -0.2519
17475 54.65 26.36 0.00 0.4563 -0.2519 -0.2519
17500 54.68 26.33 0.00 0.9662 0.2191 0.2191
17525 54.70 26.24 0.00 -0.2144 0.5099 0.5099
17550 54.70 26.24 0.00 -0.2144 0.5099 0.5099
17575 54.63 26.16 0.00 -2.1321 -0.1121 -0.1121
17600 54.54 26.16 0.00 -2.3959 -1.1588 -1.1588
17625 54.54 26.16 0.00 -2.3959 -1.1588 -1.1588
17650 54.44 26.09 0.00 -2.1303 -0.8531 -0.8531
17675 54.38 25.96 0.00 -0.9754 -0.1654 -0.1654
17700 54.38 25.96 0.00 -0.9754 -0.1654 -0.1654
17725 54.37 25.96 0.00 -0.3938 -2.1541 -2.1541
17750 54.35 26.00 0.00 -0.5295 -1.9138 -1.9138
17775 54.30 26.09 0.00 -1.5020 -1.5330 -1.5330
17800 54.30 26.09 0.00 -1.5020 -1.5330 -1.5330
17825 54.24 26.13 0.00 -0.9550 -0.6128 -0.6128
17850 54.26 26.17 0.00 1.3095 0.6006 0.6006
17875 54.26 26.17 0.00 1.3095 0.6006 0.6006
17900 54.33 26.17 0.00 1.3391 -0.4071 -0.4071
17925 54.35 26.11 0.00 -0.1249 0.5276 0.5276
17950 54.30 25.98 0.00 -2.2291 -1.2223 -1.2223
17975 54.30 25.98 0.00 -2.2291 -1.2223 -1.2223
18000 54.21 25.93 0.00 -1.3267 -2.2006 -2.2006
18025 54.23 25.98 0.00 1.2171 -0.8563 -0.8563
18050 54.23 25.98 0.00 1.2171 -0.8563 -0.8563
18075 54.30 26.06 0.00 1.5747 -0.1236 -0.1236
18100 54.31 26.04 0.00 0.0710 0.2409 0.2409
18125 54.26 25.89 0.00 -2.2405 -0.5915 -0.5915
18150 54.26 25.89 0.00 -2.2405 -0.5915 -0.5915
18175 54.14 25.78 0.00 -3.4778 -1.6346 -1.6346
18200 54.02 25.77 0.00 -2.9451 -1.1939 -1.1939
18225 54.02 25.77 0.00 -2.9451 -1.1939 -1.1939
18250 53.93 25.73 0.00 -1.3731 -0.5753 -0.5753
18275 53.91 25.71 0.00 -0.3117 -1.4745 -1.4745
18300 53.91 25.71 0.00 -0.3117 -1.4745 -1.4745
18325 53.88 25.80 0.00 -0.7511 -2.0752 -2.0752
18350 53.82 25.84 0.00 -2.0092 -0.6055 -0.6055
18375 53.72 25.79 0.00 -2.3310 -0.5009 -0.5009
18400 53.72 25.79 0.00 -2.3310 -0.5009 -0.5009
18425 53.67 25.75 0.00 -0.6437 0.5072 0.5072
18450 53.68 25.77 0.00 0.3163 -0.6772 -0.6772
18475 53.68 25.77 0.00 0.3163 -0.6772 -0.6772
18500 53.67 25.73 0.00 -0.8579 0.0486 0.0486
18525 53.60 25.71 0.00 -1.9779 -0.2269 -0.2269
18550 53.60 25.71 0.00 -1.9779 -0.2269 -0.2269
18575 53.53 25.72 0.00 -1.8462 -0.8637 -0.8637
18600 53.51 25.75 0.00 0.0594 -0.0292 -0.0292
18625 53.51 25.75 0.00 0.0594 -0.0292 -0.0292
18650 53.54 25.81 0.00 1.2201 0.1504 0.1504
18675 53.56 25.82 0.00 0.1706 0.1836 0.1836
18700 53.54 25.81 0.00 -0.7242 -0.2518 -0.2518
18725 53.54 25.81 0.00 -0.7242 -0.2518 -0.2518
18750 53.51 25.81 0.00 -0.7603 -0.6698 -0.6698
18775 53.51 25.84 0.00 0.2658 -0.5532 -0.5532
18800 53.51 25.84 0.00 0.2658 -0.5532 -0.5532
18825 53.53 25.86 0.00 0.2378 0.2820 0.2820
18850 53.53 25.79 0.00 0.2141 2.5254 2.5254
18875 53.53 25.79 0.00 0.2141 2.5254 2.5254
18900 53.54 25.79 0.00 1.1445 -0.0596 -0.0596
18925 53.61 25.88 0.00 1.9297 -1.4962 -1.4962
18950 53.67 25.97 0.00 0.3378 -0.9247 -0.9247
18975 53.67 25.97 0.00 0.3378 -0.9247 -0.9247
19000 53.65 25.99 0.00 -0.6818 -0.7899 -0.7899
19025 53.63 25.95 0.00 -0.3911 0.0116 0.0116
19050 53.63 25.95 0.00 -0.3911 0.0116 0.0116
19075 53.60 25.86 0.00 -0.9834 -0.8544 -0.8544
19100 53.54 25.73 0.00 -1.3660 1.5084 1.5084
19125 53.49 25.64 0.00 -1.1678 0.9763 0.9763
19150 53.49 25.64 0.00 -1.1678 0.9763 0.9763
19175 53.47 25.61 0.00 0.0813 0.3314 0.3314
19200 53.51 25.64 0.00 0.8547 0.0762 0.0762
19225 53.51 25.64 0.00 0.8547 0.0762 0.0762
19250 53.54 25.68 0.00 0.6572 -0.1633 -0.1633
19275 53.54 25.66 0.00 -0.2588 0.2093 0.2093
19300 53.54 25.66 0.00 -0.2588 0.2093 0.2093
19325 53.51 25.62 0.00 -1.0263 0.4991 0.4991
19350 53.44 25.53 0.00 -2.1994 -0.4303 -0.4303
19375 53.35 25.46 0.00 -2.3994 -1.9440 -1.9440
19400 53.35 25.46 0.00 -2.3994 -1.9440 -1.9440
19425 53.25 25.33 0.00 -2.2790 -2.5701 -2.5701
19450 53.16 25.13 0.00 -2.0967 -1.3422 -1.3422
19475 53.16 25.13 0.00 -2.0967 -1.3422 -1.3422
19500 53.06 24.89 0.00 -3.1417 -0.6874 -0.6874
19525 52.92 24.65 0.00 -3.8149 -2.8757 -2.8757
19550 52.92 24.65 0.00 -3.8149 -2.8757 -2.8757
19575 52.79 24.54 0.00 -2.5951 -2.2358 -2.2358
19600 52.67 24.53 0.00 -3.8702 -3.2321 -3.2321
19625 52.67 24.53 0.00 -3.8702 -3.2321 -3.2321
19650 52.51 24.44 0.00 -2.9824 -1.0117 -1.0117
19675 52.34 24.31 0.00 -6.3104 -2.7481 -2.7481
19700 52.01 24.11 0.00 -9.0607 -0.9934 -0.9934
19725 52.01 24.11 0.00 -9.0607 -0.9934 -0.9934
19750 51.68 23.87 0.00 -7.1683 -0.0467 -0.0467
19775 51.48 23.65 0.00 -2.7771 -1.0204 -1.0204
19800 51.48 23.65 0.00 -2.7771 -1.0204 -1.0204
19825 51.48 23.55 0.00 1.5374 0.0320 0.0320
19850 51.57 23.54 0.00 2.5616 0.9451 0.9451
19875 51.57 23.54 0.00 2.5616 0.9451 0.9451
19900 51.66 23.53 0.00 1.8813 1.8474 1.8474
19925 51.73 23.53 0.00 1.5449 1.7924 1.7924
19950 51.76 23.50 0.00 0.2622 1.5572 1.5572
19975 51.76 23.50 0.00 0.2622 1.5572 1.5572
20000 51.75 23.42 0.00 -1.1287 0.6478 0.6478
20025 51.69 23.44 0.00 -1.2783 -0.3666 -0.3666
20050 51.69 23.44 0.00 -1.2783 -0.3666 -0.3666
20075 51.68 23.59 0.00 0.1861 -1.6331 -1.6331
20100 51.69 23.76 0.00 0.5681 -1.4255 -1.4255
20125 51.73 23.81 0.00 0.6200 0.4579 0.4579
20150 51.73 23.81 0.00 0.6200 0.4579 0.4579
20175 51.73 23.87 0.00 -0.3205 -0.9515 -0.9515
20200 51.71 23.98 0.00 -1.0018 -1.7858 -1.7858
20225 51.71 23.98 0.00 -1.0018 -1.7858 -1.7858
20250 51.69 24.18 0.00 -0.2769 0.4812 0.4812
20275 51.68 24.37 0.00 -0.3097 -0.3975 -0.3975
20300 51.68 24.37 0.00 -0.3097 -0.3975 -0.3975
20325 51.62 24.48 0.00 -1.5661 -1.8170 -1.8170
20350 51.55 24.55 0.00 -2.3100 -2.4297 -2.4297
20375 51.47 24.51 0.00 -1.2882 -0.1765 -0.1765
20400 51.47 24.51 0.00 -1.2882 -0.1765 -0.1765
20425 51.45 24.46 0.00 -0.6405 -0.8141 -0.8141
20450 51.45 24.46 0.00 -0.6405 -0.8141 -0.8141
20475 51.41 24.42 0.00 -0.9994 -1.6138 -1.6138
20500 51.36 24.39 0.00 -1.6982 -0.4266 -0.4266
20525 51.29 24.31 0.00 -1.6205 1.0808 1.0808
20550 51.29 24.31 0.00 -1.6205 1.0808 1.0808
20575 51.22 24.20 0.00 -1.2364 0.1469 0.1469
20600 51.19 24.13 0.00 -1.2650 -1.4276 -1.4276
20625 51.19 24.13 0.00 -1.2650 -1.4276 -1.4276
20650 51.12 24.07 0.00 -1.5263 -1.4836 -1.4836
20675 51.05 24.09 0.00 -1.8441 -2.6497 -2.6497
20700 51.05 24.09 0.00 -1.8441 -2.6497 -2.6497
20725 50.99 24.11 0.00 -1.5645 -2.1689 -2.1689
20750 50.93 24.00 0.00 -1.4543 -1.1467 -1.1467
20775 50.87 23.83 0.00 -1.3274 -0.2651 -0.2651
20800 50.87 23.83 0.00 -1.3274 -0.2651 -0.2651
20825 50.86 23.72 0.00 0.1213 -0.0389 -0.0389
20850 50.87 23.81 0.00 0.5008 -2.3848 -2.3848
20875 50.87 23.81 0.00 0.5008 -2.3848 -2.3848
20900 50.87 23.98 0.00 -0.3121 -1.3949 -1.3949
20925 50.82 24.09 0.00 -1.5709 -1.8939 -1.8939
20950 50.82 24.09 0.00 -1.5709 -1.8939 -1.8939
20975 50.77 24.11 0.00 -0.8973 -1.1251 -1.1251
21000 50.77 24.11 0.00 -0.2053 -0.9433 -0.9433
21025 50.75 24.05 0.00 -0.5931 -0.3312 -0.3312
21050 50.75 24.05 0.00 -0.5931 -0.3312 -0.3312
21075 50.72 24.04 0.00 -0.8238 0.2360 0.2360
21100 50.68 24.13 0.00 -0.2712 -0.4948 -0.4948
21125 50.68 24.13 0.00 -0.2712 -0.4948 -0.4948
21150 50.70 24.31 0.00 0.6233 -0.3288 -0.3288
21175 50.73 24.46 0.00 1.0424 0.0575 0.0575
21200 50.79 24.59 0.00 1.4899 1.2896 1.2896
21225 50.79 24.59 0.00 1.4899 1.2896 1.2896
21250 50.86 24.68 0.00 1.1434 1.2722 1.2722
21275 50.87 24.72 0.00 0.2512 0.7174 0.7174
21300 50.87 24.72 0.00 0.2512 0.7174 0.7174
21325 50.86 24.76 0.00 -1.1084 -0.4429 -0.4429
21350 50.80 24.81 0.00 -1.1635 -0.8336 -0.8336
21375 50.80 24.81 0.00 -1.1635 -0.8336 -0.8336
21400 50.75 24.83 0.00 -0.7811 -0.6046 -0.6046
21425 50.73 24.76 0.00 -0.6097 0.3656 0.3656
21450 50.70 24.70 0.00 -1.0630 -0.6238 -0.6238
21475 50.70 24.70 0.00 -1.0630 -0.6238 -0.6238
21500 50.65 24.77 0.00 -1.4857 -1.3122 -1.3122
21525 50.59 24.88 0.00 -1.0266 0.4731 0.4731
21550 50.59 24.88 0.00 -1.0266 0.4731 0.4731
21575 50.59 24.90 0.00 0.2650 0.4961 0.4961
21600 50.61 24.87 0.00 0.8596 0.7035 0.7035
21625 50.61 24.87 0.00 0.8596 0.7035 0.7035
21650 50.59 24.77 0.00 -1.7539 -1.3337 -1.3337
21675 50.47 24.63 0.00 -3.1640 0.2165 0.2165
21700 50.37 24.53 0.00 -3.4399 -0.5308 -0.5308
21725 50.37 24.53 0.00 -3.4399 -0.5308 -0.5308
21750 50.28 24.39 0.00 -1.3284 -0.3475 -0.3475
21775 50.26 24.22 0.00 0.2531 1.2778 1.2778
21800 50.26 24.22 0.00 0.2531 1.2778 1.2778
21825 50.30 24.09 0.00 0.7967 1.2641 1.2641
21850 50.33 23.94 0.00 0.4568 0.9943 0.9943
21875 50.33 23.94 0.00 0.4568 0.9943 0.9943
21900 50.33 23.80 0.00 -0.0583 0.9019 0.9019
21925 50.28 23.59 0.00 -1.8173 -0.1388 -0.1388
21950 50.19 23.41 0.00 -2.0300 0.2570 0.2570
21975 50.19 23.41 0.00 -2.0300 0.2570 0.2570
22000 50.14 23.24 0.00 -0.9723 -0.0847 -0.0847
22025 50.12 23.13 0.00 -0.1410 -0.8111 -0.8111
22050 50.12 23.13 0.00 -0.1410 -0.8111 -0.8111
22075 50.10 23.00 0.00 -0.7861 -0.0228 -0.0228
22100 50.07 22.91 0.00 -0.6821 -0.6159 -0.6159
22125 50.07 22.91 0.00 -0.6821 -0.6159 -0.6159
22150 50.03 22.91 0.00 -1.4807 -2.1604 -2.1604
22175 49.98 22.95 0.00 -0.7493 -0.3837 -0.3837
22200 49.98 22.98 0.00 0.1415 -0.3344 -0.3344
22225 49.98 22.98 0.00 0.1415 -0.3344 -0.3344
22250 50.00 22.96 0.00 0.7997 0.4541 0.4541
22275 50.02 22.91 0.00 -0.1850 -0.7723 -0.7723
22300 50.02 22.91 0.00 -0.1850 -0.7723 -0.7723
22325 49.98 22.82 0.00 -0.7508 1.2386 1.2386
22350 49.97 22.78 0.00 -0.6456 0.7750 0.7750
22375 49.95 22.80 0.00 0.2035 -0.4417 -0.4417
22400 49.95 22.80 0.00 0.2035 -0.4417 -0.4417
22425 49.97 22.85 0.00 0.4955 -0.2737 -0.2737
22450 49.97 22.85 0.00 0.4955 -0.2737 -0.2737
22475 49.98 22.89 0.00 0.3878 0.2418 0.2418
22500 50.00 22.89 0.00 0.5885 1.2166 1.2166
22525 50.03 22.87 0.00 1.2563 1.1292 1.1292
22550 50.03 22.87 0.00 1.2563 1.1292 1.1292
22575 50.07 22.83 0.00 0.5114 1.0390 1.0390
22600 50.07 22.78 0.00 -0.5807 0.3261 0.3261
22625 50.07 22.78 0.00 -0.5807 0.3261 0.3261
22650 50.03 22.76 0.00 -1.3263 -0.9568 -0.9568
22675 50.00 22.78 0.00 -0.4419 -0.9650 -0.9650
22700 49.98 22.80 0.00 -0.0874 -0.3771 -0.3771
22725 49.98 22.80 0.00 -0.0874 -0.3771 -0.3771
22750 49.98 22.72 0.00 0.1438 1.0445 1.0445
22775 49.98 22.70 0.00 -0.2152 -1.4558 -1.4558
22800 49.98 22.70 0.00 -0.2152 -1.4558 -1.4558
22825 50.00 22.74 0.00 0.8927 -0.9285 -0.9285
22850 50.03 22.76 0.00 0.5002 -0.0372 -0.0372
22875 50.02 22.78 0.00 -0.4180 0.7535 0.7535
22900 50.02 22.78 0.00 -0.4180 0.7535 0.7535
22925 50.00 22.74 0.00 -0.8631 0.4927 0.4927
22950 49.93 22.59 0.00 -2.3316 -0.6575 -0.6575
22975 49.93 22.59 0.00 -2.3316 -0.6575 -0.6575
23000 49.83 22.39 0.00 -2.3599 1.0786 1.0786
23025 49.74 22.22 0.00 -2.0696 -0.2475 -0.2475
23050 49.74 22.22 0.00 -2.0696 -0.2475 -0.2475
23075 49.70 22.15 0.00 -0.5690 0.5166 0.5166
23100 49.67 22.16 0.00 -1.2235 -0.0921 -0.0921
23125 49.62 22.20 0.00 -1.4178 -0.9601 -0.9601
23150 49.62 22.20 0.00 -1.4178 -0.9601 -0.9601
23175 49.56 22.20 0.00 -0.9788 -1.4847 -1.4847
23200 49.53 22.16 0.00 -1.0945 -0.7811 -0.7811
23225 49.53 22.16 0.00 -1.0945 -0.7811 -0.7811
23250 49.44 22.07 0.00 -2.8265 -1.4499 -1.4499
23275 49.35 22.03 0.00 -2.5362 -2.2754 -2.2754
23300 49.35 22.03 0.00 -2.5362 -2.2754 -2.2754
23325 49.28 22.03 0.00 -1.6170 -2.0226 -2.0226
23350 49.23 22.00 0.00 -0.8924 -0.5442 -0.5442
23375 49.23 21.92 0.00 0.5950 0.1608 0.1608
23400 49.23 21.92 0.00 0.5950 0.1608 0.1608
23425 49.25 21.94 0.00 0.0075 -2.6158 -2.6158
23450 49.21 22.01 0.00 -1.1293 -1.6589 -1.6589
23475 49.21 22.01 0.00 -1.1293 -1.6589 -1.6589
23500 49.18 22.03 0.00 -0.7628 -0.4612 -0.4612
23525 49.18 21.98 0.00 0.1756 0.0880 0.0880
23550 49.18 21.98 0.00 0.1756 0.0880 0.0880
23575 49.13 21.92 0.00 -2.1260 -0.6763 -0.6763
23600 49.01 21.81 0.00 -3.1365 -0.5167 -0.5167
23625 48.92 21.70 0.00 -1.4446 0.2216 0.2216
23650 48.92 21.70 0.00 -1.4446 0.2216 0.2216
23675 48.92 21.66 0.00 0.8276 0.3700 0.3700
23700 48.97 21.72 0.00 1.4889 0.6894 0.6894
23725 48.97 21.72 0.00 1.4889 0.6894 0.6894
23750 49.02 21.83 0.00 1.5758 0.7463 0.7463
23775 49.09 21.90 0.00 1.6228 1.5961 1.5961
23800 49.09 21.90 0.00 1.6228 1.5961 1.5961
23825 49.16 21.92 0.00 1.6397 2.1226 2.1226
23850 49.18 21.92 0.00 0.1171 1.1244 1.1244
23875 49.14 21.98 0.00 -1.3089 -0.2076 -0.2076
23900 49.14 21.98 0.00 -1.3089 -0.2076 -0.2076
23925 49.09 22.01 0.00 -1.3185 -0.9485 -0.9485
23950 49.06 22.05 0.00 -0.4613 -0.9691 -0.9691
23975 49.06 22.05 0.00 -0.4613 -0.9691 -0.9691
24000 49.07 22.03 0.00 0.9687 0.4619 0.4619
24025 49.11 22.07 0.00 0.5540 -1.1677 -1.1677
24050 49.11 22.16 0.00 0.3302 -0.8185 -0.8185
24075 49.11 22.16 0.00 0.3302 -0.8185 -0.8185
24100 49.11 22.28 0.00 -0.5006 -0.8544 -0.8544
24125 49.07 22.31 0.00 -0.9120 -0.5753 -0.5753
24150 49.07 22.31 0.00 -0.9120 -0.5753 -0.5753
24175 49.04 22.31 0.00 -0.8787 -0.0982 -0.0982
24200 48.97 22.24 0.00 -2.2695 -2.0330 -2.0330
24225 48.97 22.24 0.00 -2.2695 -2.0330 -2.0330
24250 48.87 22.13 0.00 -3.0858 0.1703 0.1703
24275 48.74 22.03 0.00 -3.1259 -1.0134 -1.0134
24300 48.74 22.03 0.00 -3.1259 -1.0134 -1.0134
24325 48.62 21.99 0.00 -3.0556 -2.3310 -2.3310
24350 48.50 21.98 0.00 -2.7422 -1.9062 -1.9062
24375 48.39 21.94 0.00 -2.3856 -0.8913 -0.8913
24400 48.39 21.94 0.00 -2.3856 -0.8913 -0.8913
24425 48.34 21.92 0.00 -1.0012 0.1422 0.1422
24450 48.32 21.83 0.00 -0.1728 0.3783 0.3783
24475 48.32 21.83 0.00 -0.1728 0.3783 0.3783
24500 48.27 21.68 0.00 -2.4990 -0.4484 -0.4484
24525 48.10 21.54 0.00 -4.5021 -1.0605 -1.0605
24550 48.10 21.54 0.00 -4.5021 -1.0605 -1.0605
24575 47.96 21.39 0.00 -3.3098 -0.6625 -0.6625
24600 47.85 21.17 0.00 -1.8905 1.1601 1.1601
24625 47.80 21.02 0.00 -0.7751 0.7224 0.7224
24650 47.80 21.02 0.00 -0.7751 0.7224 0.7224
24675 47.78 20.98 0.00 -0.5083 -1.5510 -1.5510
24700 47.77 21.02 0.00 -0.6974 -0.3884 -0.3884
24725 47.77 21.02 0.00 -0.6974 -0.3884 -0.3884
24750 47.70 21.02 0.00 -2.0601 -0.7666 -0.7666
24775 47.64 20.96 0.00 -0.7144 1.5998 1.5998
24800 47.64 20.96 0.00 -0.7144 1.5998 1.5998
24825 47.66 20.85 0.00 0.7469 0.3574 0.3574
24850 47.68 20.74 0.00 0.8108 1.4779 1.4779
24875 47.70 20.62 0.00 -0.0152 1.9936 1.9936
24900 47.70 20.62 0.00 -0.0152 1.9936 1.9936
24925 47.70 20.59 0.00 -0.0360 0.4323 0.4323
24950 47.70 20.62 0.00 0.0922 -0.1072 -0.1072
24975 47.70 20.62 0.00 0.0922 -0.1072 -0.1072
25000 47.70 20.68 0.00 -0.2874 0.0076 0.0076
25025 47.68 20.70 0.00 -0.5534 -0.3384 -0.3384
25050 47.66 20.70 0.00 -0.1994 -0.0352 -0.0352
25075 47.66 20.70 0.00 -0.1994 -0.0352 -0.0352
25100 47.66 20.64 0.00 0.0798 0.8456 0.8456
25125 47.66 20.57 0.00 0.1058 0.4783 0.4783
25150 47.66 20.57 0.00 0.1058 0.4783 0.4783
25175 47.64 20.57 0.00 -0.8529 -1.4556 -1.4556
25200 47.61 20.59 0.00 -0.7427 -1.6204 -1.6204
25225 47.61 20.59 0.00 -0.7427 -1.6204 -1.6204
25250 47.57 20.53 0.00 -0.9778 -0.3209 -0.3209
25275 47.56 20.44 0.00 -0.1546 0.2269 0.2269
25300 47.54 20.49 0.00 -0.2824 -2.2826 -2.2826
25325 47.54 20.49 0.00 -0.2824 -2.2826 -2.2826
25350 47.54 20.64 0.00 -0.0192 -1.4194 -1.4194
25375 47.52 20.77 0.00 -0.4890 -1.8763 -1.8763
25400 47.52 20.77 0.00 -0.4890 -1.8763 -1.8763
25425 47.50 20.81 0.00 -0.4960 -0.1817 -0.1817
25450 47.50 20.77 0.00 -0.3304 -0.6475 -0.6475
25475 47.50 20.77 0.00 -0.3304 -0.6475 -0.6475
25500 47.47 20.68 0.00 -0.7382 0.6646 0.6646
25525 47.42 20.60 0.00 -2.0301 0.0404 0.0404
25550 47.42 20.60 0.00 -2.0301 0.0404 0.0404
25575 47.29 20.57 0.00 -3.3717 -1.7257 -1.7257
25600 47.15 20.55 0.00 -3.2748 -1.1819 -1.1819
25625 47.01 20.47 0.00 -4.2170 -1.8081 -1.8081
25650 47.01 20.47 0.00 -4.2170 -1.8081 -1.8081
25675 46.89 20.36 0.00 -3.7896 -1.2634 -1.2634
25700 46.89 20.36 0.00 -3.7896 -1.2634 -1.2634
25725 46.75 20.11 0.00 -3.3743 -1.2176 -1.2176
25750 46.60 19.83 0.00 -4.2200 -1.1924 -1.1924
25775 46.35 19.56 0.00 -7.3936 -1.9806 -1.9806
25800 46.35 19.56 0.00 -7.3936 -1.9806 -1.9806
25825 46.05 19.37 0.00 -6.9852 -3.1912 -3.1912
25850 46.05 19.37 0.00 -6.9852 -3.1912 -3.1912
25875 45.84 19.21 0.00 -3.4991 -2.6495 -2.6495
25900 45.77 18.99 0.00 -0.8170 -1.4556 -1.4556
25925 45.77 18.83 0.00 0.2869 -0.5788 -0.5788
25950 45.79 18.83 0.00 0.2792 -1.3034 -1.3034
25975 45.79 18.83 0.00 0.2792 -1.3034 -1.3034
26000 45.79 18.91 0.00 0.0323 -0.5311 -0.5311
26025 45.79 18.95 0.00 0.1296 -0.9964 -0.9964
26050 45.79 18.95 0.00 0.1296 -0.9964 -0.9964
26075 45.81 18.93 0.00 -0.0773 -0.1692 -0.1692
26100 45.76 18.81 0.00 -1.6254 -0.5660 -0.5660
26125 45.76 18.81 0.00 -1.6254 -0.5660 -0.5660
26150 45.69 18.70 0.00 -1.4884 0.9220 0.9220
26175 45.65 18.64 0.00 -0.5886 0.3235 0.3235
26200 45.67 18.70 0.00 1.3931 0.6246 0.6246
26225 45.67 18.70 0.00 1.3931 0.6246 0.6246
26250 45.76 18.81 0.00 2.0884 0.6049 0.6049
26275 45.81 18.89 0.00 1.3492 0.7347 0.7347
26300 45.83 18.93 0.00 0.1493 1.1504 1.1504
26325 45.83 18.93 0.00 0.1493 1.1504 1.1504
26350 45.83 18.91 0.00 0.0629 1.0949 1.0949
26375 45.83 18.87 0.00 -0.0635 0.9850 0.9850
26400 45.83 18.87 0.00 -0.0635 0.9850 0.9850
26425 45.81 18.85 0.00 -0.4861 -0.0937 -0.0937
26450 45.79 18.85 0.00 -0.7373 -0.7068 -0.7068
26475 45.74 18.80 0.00 -1.4205 -0.6396 -0.6396
26500 45.74 18.80 0.00 -1.4205 -0.6396 -0.6396
26525 45.70 18.72 0.00 -0.4789 -0.1601 -0.1601
26550 45.70 18.72 0.00 -0.4789 -0.1601 -0.1601
26575 45.67 18.74 0.00 -0.7849 -2.0683 -2.0683
26600 45.63 18.81 0.00 -0.9205 -0.7288 -0.7288
26625 45.58 18.83 0.00 -1.5520 -1.1761 -1.1761
26650 45.58 18.83 0.00 -1.5520 -1.1761 -1.1761
26675 45.49 18.79 0.00 -2.6660 -1.3215 -1.3215
26700 45.39 18.71 0.00 -2.8579 -1.4810 -1.4810
26725 45.39 18.71 0.00 -2.8579 -1.4810 -1.4810
26750 45.25 18.56 0.00 -3.1200 -1.7843 -1.7843
26775 45.18 18.47 0.00 -1.2510 -0.4369 -0.4369
26800 45.16 18.45 0.00 0.6789 -0.7845 -0.7845
26825 45.16 18.45 0.00 0.6789 -0.7845 -0.7845
26850 45.23 18.50 0.00 2.1369 -0.3504 -0.3504
26875 45.32 18.60 0.00 1.7703 0.5033 0.5033
26900 45.32 18.60 0.00 1.7703 0.5033 0.5033
26925 45.37 18.70 0.00 1.0300 0.2373 0.2373
26950 45.37 18.75 0.00 -0.5492 0.3801 0.3801
26975 45.37 18.75 0.00 -0.5492 0.3801 0.3801
27000 45.32 18.79 0.00 -1.9326 -0.1468 -0.1468
27025 45.25 18.79 0.00 -1.1290 -0.4403 -0.4403
27050 45.25 18.79 0.00 -1.1290 -0.4403 -0.4403
27075 45.23 18.81 0.00 -0.3966 -1.2865 -1.2865
27100 45.21 18.86 0.00 -0.6905 -1.1761 -1.1761
27125 45.21 18.86 0.00 -0.6905 -1.1761 -1.1761
27150 45.16 18.83 0.00 -1.3353 -0.1421 -0.1421
27175 45.14 18.83 0.00 -0.8469 -0.1038 -0.1038
27200 45.06 18.92 0.00 -2.5268 -2.6564 -2.6564
27225 45.06 18.92 0.00 -2.5268 -2.6564 -2.6564
27250 44.95 19.07 0.00 -2.5326 -1.7235 -1.7235
27275 44.86 19.14 0.00 -1.4512 -1.0607 -1.0607
27300 44.86 19.14 0.00 -1.4512 -1.0607 -1.0607
27325 44.86 19.12 0.00 0.6618 0.5415 0.5415
27350 44.86 19.01 0.00 -0.8338 0.0647 0.0647
27375 44.78 18.88 0.00 -2.9393 -0.3884 -0.3884
27400 44.78 18.88 0.00 -2.9393 -0.3884 -0.3884
27425 44.67 18.80 0.00 -2.1385 -0.7045 -0.7045
27450 44.62 18.80 0.00 -0.4516 -1.6290 -1.6290
27475 44.64 18.86 0.00 0.8081 -1.0072 -1.0072
27500 44.64 18.86 0.00 0.8081 -1.0072 -1.0072
27525 44.67 18.80 0.00 0.7910 0.5846 0.5846
27550 44.71 18.80 0.00 0.7276 2.0082 2.0082
27575 44.71 18.80 0.00 0.7276 2.0082 2.0082
27600 44.76 18.86 0.00 1.7333 0.9347 0.9347
27625 44.85 18.88 0.00 1.7706 0.7952 0.7952
27650 44.85 18.88 0.00 1.7706 0.7952 0.7952
27675 44.85 18.82 0.00 -0.7772 -1.1206 -1.1206
27700 44.78 18.74 0.00 -2.4337 -1.2824 -1.2824
27725 44.78 18.74 0.00 -2.4337 -1.2824 -1.2824
27750 44.65 18.65 0.00 -3.0086 -1.7533 -1.7533
27775 44.55 18.49 0.00 -2.0112 -0.0332 -0.0332
27800 44.55 18.49 0.00 -2.0112 -0.0332 -0.0332
27825 44.50 18.32 0.00 -1.2983 -0.2667 -0.2667
27850 44.44 18.24 0.00 -1.3491 -2.9210 -2.9210
27875 44.39 18.24 0.00 -2.2309 -2.5266 -2.5266
27900 44.39 18.24 0.00 -2.2309 -2.5266 -2.5266
27925 44.29 18.24 0.00 -1.9601 -0.2761 -0.2761
27950 44.30 18.22 0.00 1.9231 0.8402 0.8402
27975 44.41 18.15 0.00 2.3455 0.9927 0.9927
28000 44.41 18.15 0.00 2.3455 0.9927 0.9927
28025 44.43 17.96 0.00 -1.2817 -0.9145 -0.9145
28050 44.36 17.73 0.00 -1.6507 0.7935 0.7935
28075 44.36 17.73 0.00 -1.6507 0.7935 0.7935
28100 44.30 17.63 0.00 -0.5134 -0.1238 -0.1238
28125 44.29 17.63 0.00 -0.3978 -0.7133 -0.7133
28150 44.29 17.63 0.00 -0.3978 -0.7133 -0.7133
28175 44.27 17.67 0.00 -0.7179 -0.2629 -0.2629
28200 44.27 17.69 0.00 0.4203 0.8370 0.8370
28225 44.29 17.73 0.00 0.4682 0.2741 0.2741
28250 44.29 17.73 0.00 0.4682 0.2741 0.2741
28275 44.27 17.75 0.00 -0.7132 0.3720 0.3720
28300 44.23 17.73 0.00 -1.2260 -0.2908 -0.2908
28325 44.23 17.73 0.00 -1.2260 -0.2908 -0.2908
28350 44.20 17.76 0.00 -0.3867 -1.0892 -1.0892
28375 44.22 17.86 0.00 0.2917 -1.0968 -1.0968
28400 44.16 17.90 0.00 -2.1404 -1.1055 -1.1055
28425 44.16 17.90 0.00 -2.1404 -1.1055 -1.1055
28450 44.08 17.90 0.00 -2.2983 -0.5149 -0.5149
28475 44.08 17.90 0.00 -2.2983 -0.5149 -0.5149
28500 44.02 17.97 0.00 -0.8695 -2.2797 -2.2797
28525 43.97 18.07 0.00 -0.8420 -1.6747 -1.6747
28550 43.95 18.08 0.00 -0.5721 -1.2620 -1.2620
28575 43.95 18.08 0.00 -0.5721 -1.2620 -1.2620
28600 43.92 18.03 0.00 -0.7014 -0.2631 -0.2631
28625 43.88 17.93 0.00 -2.0325 -0.7566 -0.7566
28650 43.78 17.81 0.00 -3.3354 -1.8492 -1.8492
28675 43.78 17.81 0.00 -3.3354 -1.8492 -1.8492
28700 43.69 17.68 0.00 -2.0127 0.2604 0.2604
28725 43.62 17.60 0.00 -1.3686 -0.9513 -0.9513
28750 43.62 17.60 0.00 -1.3686 -0.9513 -0.9513
28775 43.60 17.62 0.00 0.6475 -0.5712 -0.5712
28800 43.67 17.62 0.00 1.9652 0.3870 0.3870
28825 43.67 17.62 0.00 1.9652 0.3870 0.3870
28850 43.73 17.62 0.00 1.0017 0.6251 0.6251
28875 43.76 17.64 0.00 0.3502 0.9750 0.9750
28900 43.76 17.64 0.00 0.3502 0.9750 0.9750
28925 43.76 17.62 0.00 -0.0731 0.4457 0.4457
28950 43.76 17.64 0.00 -0.1941 0.3619 0.3619
28975 43.74 17.74 0.00 -0.2877 -0.5021 -0.5021
29000 43.74 17.74 0.00 -0.2877 -0.5021 -0.5021
29025 43.69 17.83 0.00 -2.0689 -0.9100 -0.9100
29050 43.62 17.85 0.00 -1.1249 1.5845 1.5845
29075 43.62 17.85 0.00 -1.1249 1.5845 1.5845
29100 43.60 17.81 0.00 0.0131 0.2632 0.2632
29125 43.62 17.81 0.00 0.1642 -1.1495 -1.1495
29150 43.62 17.81 0.00 0.1642 -1.1495 -1.1495
29175 43.60 17.89 0.00 -0.9346 -0.5488 -0.5488
29200 43.53 17.89 0.00 -2.1268 -0.9969 -0.9969
29225 43.48 17.83 0.00 -0.4422 -0.0470 -0.0470
29250 43.48 17.83 0.00 -0.4422 -0.0470 -0.0470
29275 43.48 17.75 0.00 0.2657 -0.8881 -0.8881
29300 43.46 17.64 0.00 -1.5290 0.3991 0.3991
29325 43.46 17.64 0.00 -1.5290 0.3991 0.3991
29350 43.32 17.54 0.00 -4.0849 -0.7699 -0.7699
29375 43.17 17.46 0.00 -3.6390 -2.2062 -2.2062
29400 43.06 17.42 0.00 -2.0868 -2.1978 -2.1978
29425 43.06 17.42 0.00 -2.0868 -2.1978 -2.1978
29450 43.02 17.40 0.00 0.1787 -1.8175 -1.8175
29475 43.02 17.40 0.00 0.1787 -1.8175 -1.8175
29500 43.11 17.38 0.00 3.1453 0.2484 0.2484
29525 43.22 17.34 0.00 1.6541 1.0938 1.0938
29550 43.22 17.27 0.00 -0.7806 0.8714 0.8714
29575 43.22 17.27 0.00 -0.7806 0.8714 0.8714
29600 43.15 17.19 0.00 -2.4956 -0.2174 -0.2174
29625 43.02 17.21 0.00 -3.3028 -1.2140 -1.2140
29650 42.81 17.24 0.00 -6.2412 -2.0948 -2.0948
29675 42.81 17.24 0.00 -6.2412 -2.0948 -2.0948
29700 42.57 17.16 0.00 -5.2644 -1.7738 -1.7738
29725 42.38 17.10 0.00 -5.6997 -4.5192 -4.5192
29750 42.38 17.10 0.00 -5.6997 -4.5192 -4.5192
29775 41.99 17.05 0.00 -12.2116 -10.4395 -10.4395
29800 41.32 16.84 0.00 -20.4238 -13.2498 -13.2498
29825 41.32 16.84 0.00 -20.4238 -13.2498 -13.2498
29850 40.35 16.43 0.00 -24.8272 -11.2006 -11.2006
29875 39.49 16.13 0.00 -19.0675 -6.1387 -6.1387
29900 39.49 16.13 0.00 -19.0675 -6.1387 -6.1387
29925 38.98 15.86 0.00 -8.2398 -4.5740 -4.5740
29950 38.92 15.55 0.00 1.7130 -0.8881 -0.8881
29975 39.05 15.30 0.00 3.8540 -0.5772 -0.5772
30000 39.05 15.30 0.00 3.8540 -0.5772 -0.5772
30025 39.21 15.17 0.00 3.3581 0.0879 0.0879
30050 39.24 15.17 0.00 -0.3489 -0.6510 -0.6510
30075 39.24 15.17 0.00 -0.3489 -0.6510 -0.6510
30100 39.21 15.17 0.00 -1.3348 -1.7530 -1.7530
30125 39.17 15.15 0.00 -0.6403 -1.5261 -1.5261
30150 39.17 15.15 0.00 -0.6403 -1.5261 -1.5261
30175 39.15 15.07 0.00 -0.4506 -0.2269 -0.2269
30200 39.03 14.97 0.00 -5.0120 -2.1196 -2.1196
30225 38.75 14.92 0.00 -7.7367 -4.1679 -4.1679
30250 38.75 14.92 0.00 -7.7367 -4.1679 -4.1679
30275 38.43 14.85 0.00 -7.6349 -5.3367 -5.3367
30300 38.25 14.73 0.00 -5.3254 -3.5997 -3.5997
30325 38.25 14.73 0.00 -5.3254 -3.5997 -3.5997
30350 38.02 14.58 0.00 -7.1967 -3.8756 -3.8756
30375 37.70 14.49 0.00 -7.6951 -5.5670 -5.5670
30400 37.40 14.36 0.00 -7.4208 -4.9082 -4.9082
30425 37.40 14.36 0.00 -7.4208 -4.9082 -4.9082
30450 37.14 14.17 0.00 -5.9067 -4.9312 -4.9312
30475 37.14 14.17 0.00 -5.9067 -4.9312 -4.9312
30500 36.83 14.00 0.00 -9.1462 -4.2395 -4.2395
30525 36.43 13.85 0.00 -10.2197 -5.8009 -5.8009
30550 36.16 13.72 0.00 -2.9704 -1.0661 -1.0661
30575 36.20 13.62 0.00 3.0161 1.3644 1.3644
30600 36.20 13.62 0.00 3.0161 1.3644 1.3644
30625 36.34 13.55 0.00 3.4527 2.0980 2.0980
30650 36.44 13.47 0.00 1.6098 1.5745 1.5745
30675 36.44 13.47 0.00 1.6098 1.5745 1.5745
30700 36.41 13.39 0.00 -1.6338 0.1424 0.1424
30725 36.39 13.33 0.00 0.2304 1.6011 1.6011
30750 36.39 13.33 0.00 0.2304 1.6011 1.6011
30775 36.37 13.33 0.00 -1.4915 -0.2755 -0.2755
30800 36.25 13.37 0.00 -3.9413 -1.1675 -1.1675
30825 36.25 13.37 0.00 -3.9413 -1.1675 -1.1675
30850 36.12 13.38 0.00 -1.9789 -0.9796 -0.9796
30875 36.14 13.38 0.00 1.8653 0.5819 0.5819
30900 36.20 13.33 0.00 0.7705 2.1610 2.1610
30925 36.20 13.33 0.00 0.7705 2.1610 2.1610
30950 36.18 13.40 0.00 -1.3344 -0.1590 -0.1590
30975 36.12 13.62 0.00 -0.5716 -2.0183 -2.0183
31000 36.12 13.62 0.00 -0.5716 -2.0183 -2.0183
31025 36.14 13.87 0.00 0.2492 -1.9443 -1.9443
31050 36.11 14.05 0.00 -2.0523 -1.3601 -1.3601
31075 36.11 14.05 0.00 -2.0523 -1.3601 -1.3601
31100 35.98 14.16 0.00 -4.6464 -2.9738 -2.9738
31125 35.71 14.48 0.00 -8.0428 -6.9969 -6.9969
31150 35.38 15.01 0.00 -7.3517 -8.4296 -8.4296
31175 35.38 15.01 0.00 -7.3517 -8.4296 -8.4296
31200 35.22 15.43 0.00 -1.2504 -3.3372 -3.3372
31225 35.22 15.67 0.00 -0.1816 -0.4542 -0.4542
31250 35.22 15.67 0.00 -0.1816 -0.4542 -0.4542
31275 35.22 15.78 0.00 -0.0075 0.8058 0.8058
31300 35.18 15.90 0.00 -0.9789 -1.0918 -1.0918
31325 35.18 15.90 0.00 -0.9789 -1.0918 -1.0918
31350 35.14 15.99 0.00 -2.0705 -1.7134 -1.7134
31375 34.93 16.02 0.00 -6.4020 -2.7405 -2.7405
31400 34.93 16.02 0.00 -6.4020 -2.7405 -2.7405
31425 34.70 15.99 0.00 -4.9706 -2.2882 -2.2882
31450 34.59 15.91 0.00 -1.6158 -3.0145 -3.0145
31475 34.57 15.75 0.00 0.4648 -1.3799 -1.3799
31500 34.57 15.75 0.00 0.4648 -1.3799 -1.3799
31525 34.61 15.56 0.00 1.4997 0.9181 0.9181
31550 34.70 15.45 0.00 2.5125 1.3298 1.3298
31575 34.70 15.45 0.00 2.5125 1.3298 1.3298
31600 34.75 15.51 0.00 0.7962 -0.7977 -0.7977
31625 34.75 15.74 0.00 -0.2566 -1.8098 -1.8098
31650 34.75 15.74 0.00 -0.2566 -1.8098 -1.8098
31675 34.77 16.09 0.00 0.8052 -0.6931 -0.6931
31700 34.82 16.41 0.00 2.2769 1.4197 1.4197
31725 34.98 16.74 0.00 4.3653 0.2993 0.2993
31750 34.98 16.74 0.00 4.3653 0.2993 0.2993
31775 35.16 17.02 0.00 4.9653 1.7859 1.7859
31800 35.32 17.30 0.00 2.4483 0.8027 0.8027
31825 35.32 17.30 0.00 2.4483 0.8027 0.8027
31850 35.36 17.69 0.00 0.9418 -0.3900 -0.3900
31875 35.41 18.03 0.00 2.3094 0.0911 0.0911
31900 35.55 18.48 0.00 3.5020 -0.0876 -0.0876
31925 35.55 18.48 0.00 3.5020 -0.0876 -0.0876
31950 35.66 18.87 0.00 2.0397 -1.7004 -1.7004
31975 35.71 19.21 0.00 0.7587 -1.7716 -1.7716
32000 35.71 19.21 0.00 0.7587 -1.7716 -1.7716
32025 35.68 19.40 0.00 -2.2287 -1.9590 -1.9590
32050 35.52 19.60 0.00 -4.5911 -2.5732 -2.5732
32075 35.52 19.60 0.00 -4.5911 -2.5732 -2.5732
32100 35.34 19.79 0.00 -3.8930 -2.7807 -2.7807
32125 35.23 19.86 0.00 -2.4732 -2.5576 -2.5576
32150 35.13 19.89 0.00 -2.3596 -2.3547 -2.3547
32175 35.13 19.89 0.00 -2.3596 -2.3547 -2.3547
32200 35.04 20.06 0.00 -2.1475 -4.0904 -4.0904
32225 34.95 20.30 0.00 -2.6712 -3.8434 -3.8434
32250 34.95 20.30 0.00 -2.6712 -3.8434 -3.8434
32275 34.81 20.49 0.00 -3.9621 -3.4482 -3.4482
32300 34.63 20.56 0.00 -4.5945 -4.0435 -4.0435
32325 34.63 20.56 0.00 -4.5945 -4.0435 -4.0435
32350 34.38 20.62 0.00 -7.0863 -5.0308 -5.0308
32375 34.00 20.85 0.00 -10.7309 -10.8515 -10.8515
32400 34.00 20.85 0.00 -10.7309 -10.8515 -10.8515
32425 33.62 21.25 0.00 -7.9861 -9.7135 -9.7135
32450 33.45 21.72 0.00 -2.8961 -8.4008 -8.4008
32475 33.43 22.36 0.00 0.6979 -4.1683 -4.1683
32500 33.43 22.36 0.00 0.6979 -4.1683 -4.1683
32525 33.41 23.17 0.00 -0.7991 -4.0761 -4.0761
32550 33.37 23.99 0.00 -1.1404 -4.0960 -4.0960
32575 33.28 24.86 0.00 -2.5571 -6.6997 -6.6997
32600 33.28 24.86 0.00 -2.5571 -6.6997 -6.6997
32625 33.14 25.75 0.00 -4.5261 -5.9866 -5.9866
32650 33.00 26.32 0.00 -4.9923 -4.1095 -4.1095
32675 33.00 26.32 0.00 -4.9923 -4.1095 -4.1095
32700 32.82 27.03 0.00 -3.7739 -3.2074 -3.2074
32725 32.82 27.03 0.00 -3.7739 -3.2074 -3.2074
32750 32.69 27.62 0.00 -2.8368 -3.2328 -3.2328
32775 32.64 27.97 0.00 -0.4768 -0.3854 -0.3854
32800 32.67 28.24 0.00 1.8930 0.4295 0.4295
32825 32.67 28.24 0.00 1.8930 0.4295 0.4295
32850 32.76 28.56 0.00 1.7066 -0.1146 -0.1146
32875 32.80 28.82 0.00 0.2823 1.0979 1.0979
32900 32.80 28.82 0.00 0.2823 1.0979 1.0979
32925 32.73 28.87 0.00 -3.1776 0.2654 0.2654
32950 32.55 28.75 0.00 -5.0685 0.8361 0.8361
32975 32.24 28.51 0.00 -9.6224 -1.4822 -1.4822
33000 32.24 28.51 0.00 -9.6224 -1.4822 -1.4822
33025 31.75 28.14 0.00 -13.5351 -2.9098 -2.9098
33050 31.20 27.90 0.00 -13.3223 -3.0521 -3.0521
33075 30.76 27.79 0.00 -9.4151 -1.1354 -1.1354
33100 30.76 27.79 0.00 -9.4151 -1.1354 -1.1354
33125 30.47 27.72 0.00 -5.5063 -1.1023 -1.1023
33150 30.36 27.64 0.00 -1.0566 -1.1785 -1.1785
33175 30.36 27.64 0.00 -1.0566 -1.1785 -1.1785
33200 30.22 27.62 0.00 -7.0120 -0.0639 -0.0639
33225 29.78 27.68 0.00 -12.8241 -0.1081 -0.1081
33250 29.78 27.68 0.00 -12.8241 -0.1081 -0.1081
33275 29.29 27.62 0.00 -10.6106 -1.4875 -1.4875
33300 29.07 27.44 0.00 -2.6221 -1.9587 -1.9587
33325 29.07 27.44 0.00 -2.6221 -1.9587 -1.9587
33350 29.07 27.44 0.00 0.7872 -1.6214 -1.6214
33375 29.09 27.56 0.00 0.5316 -0.2711 -0.2711
33400 29.13 27.61 0.00 1.2019 0.4637 0.4637
33425 29.13 27.61 0.00 1.2019 0.4637 0.4637
33450 29.25 27.60 0.00 4.7268 2.1600 2.1600
33475 29.44 27.64 0.00 4.1225 0.1300 0.1300
33500 29.44 27.64 0.00 4.1225 0.1300 0.1300
33525 29.55 27.78 0.00 1.8040 0.6836 0.6836
33550 29.56 27.89 0.00 -0.4135 -0.5942 -0.5942
33575 29.56 27.89 0.00 -0.4135 -0.5942 -0.5942
33600 29.51 27.89 0.00 -1.6860 -0.6031 -0.6031
33625 29.44 27.90 0.00 -2.1029 -0.6995 -0.6995
33650 29.35 27.96 0.00 -1.6018 -0.4125 -0.4125
33675 29.35 27.96 0.00 -1.6018 -0.4125 -0.4125
33700 29.29 28.01 0.00 -1.4330 -1.9518 -1.9518
33725 29.25 28.16 0.00 -0.3020 -2.3318 -2.3318
33750 29.25 28.40 0.00 -0.5480 -3.1512 -3.1512
33775 29.25 28.40 0.00 -0.5480 -3.1512 -3.1512
33800 29.07 28.63 0.00 -8.0280 -4.9496 -4.9496
33825 28.47 28.85 0.00 -19.3023 -11.5468 -11.5468
33850 28.47 28.85 0.00 -19.3023 -11.5468 -11.5468
33875 27.61 29.02 0.00 -21.5957 -13.7716 -13.7716
33900 26.86 29.11 0.00 -17.0065 -12.0448 -12.0448
33925 26.86 29.11 0.00 -17.0065 -12.0448 -12.0448
33950 26.31 29.16 0.00 -12.0678 -8.8871 -8.8871
33975 25.94 29.19 0.00 -7.8946 -6.6707 -6.6707
34000 25.94 29.19 0.00 -7.8946 -6.6707 -6.6707
34025 25.60 29.25 0.00 -7.6895 -8.4811 -8.4811
34050 25.40 29.40 0.00 -3.6093 -6.9288 -6.9288
34075 25.40 29.40 0.00 -3.6093 -6.9288 -6.9288
34100 25.36 29.50 0.00 0.1366 -4.2269 -4.2269
34125 25.42 29.59 0.00 1.1171 -1.7002 -1.7002
34150 25.42 29.74 0.00 -0.5099 -2.5039 -2.5039
34175 25.42 29.74 0.00 -0.5099 -2.5039 -2.5039
34200 25.35 29.98 0.00 -1.8799 -2.9269 -2.9269
34225 25.27 30.16 0.00 -1.9126 -2.2522 -2.2522
34250 25.20 30.29 0.00 -1.4640 -0.7497 -0.7497
34275 25.20 30.29 0.00 -1.4640 -0.7497 -0.7497
34300 25.14 30.38 0.00 -2.3372 -3.9117 -3.9117
34325 24.99 30.39 0.00 -3.7195 -5.1788 -5.1788
34350 24.99 30.39 0.00 -3.7195 -5.1788 -5.1788
34375 24.83 30.44 0.00 -5.1014 -5.0435 -5.0435
34400 24.58 30.50 0.00 -6.3665 -4.9900 -4.9900
34425 24.58 30.50 0.00 -6.3665 -4.9900 -4.9900
34450 24.32 30.62 0.00 -6.2788 -4.6810 -4.6810
34475 24.12 30.59 0.00 -4.5211 -4.4464 -4.4464
34500 24.12 30.59 0.00 -4.5211 -4.4464 -4.4464
34525 23.99 30.49 0.00 -2.6798 -2.4639 -2.4639
34550 23.73 30.35 0.00 -9.6963 -2.8520 -2.8520
34575 23.73 30.35 0.00 -9.6963 -2.8520 -2.8520
34600 23.21 30.11 0.00 -14.2485 -4.1329 -4.1329
34625 22.72 29.86 0.00 -9.7075 -3.6544 -3.6544
34650 22.72 29.86 0.00 -9.7075 -3.6544 -3.6544
34675 22.47 29.63 0.00 -4.2181 -1.7838 -1.7838
34700 22.42 29.38 0.00 0.3170 1.4548 1.4548
34725 22.42 28.97 0.00 -0.1125 1.9304 1.9304
34750 22.42 28.97 0.00 -0.1125 1.9304 1.9304
34775 22.46 28.52 0.00 -0.1876 4.6200 4.6200
34800 22.12 28.00 0.00 -14.0712 3.2282 3.2282
34825 22.12 28.00 0.00 -14.0712 3.2282 3.2282
34850 21.31 27.75 0.00 -22.9562 5.1803 5.1803
34875 20.38 27.85 0.00 -22.3807 6.1310 6.1310
34900 20.38 27.85 0.00 -22.3807 6.1310 6.1310
34925 19.67 27.94 0.00 -13.4584 7.7989 7.7989
34950 19.41 28.15 0.00 -4.2386 9.9778 9.9778
34975 19.33 28.32 0.00 -2.1300 10.6830 10.6830
35000 19.33 28.32 0.00 -2.1300 10.6830 10.6830
35025 19.33 28.47 0.00 1.9950 9.4068 9.4068
35050 19.54 28.59 0.00 5.1576 8.1375 8.1375
35075 19.54 28.59 0.00 5.1576 8.1375 8.1375
35100 19.26 28.96 0.00 -16.8149 10.7702 10.7702
35125 18.03 29.61 0.00 -37.5046 10.1875 10.1875
35150 18.03 29.61 0.00 -37.5046 10.1875 10.1875
35175 16.44 30.30 0.00 -37.9764 8.0170 8.0170
35200 15.33 30.92 0.00 -21.9904 2.8910 2.8910
35225 14.75 31.25 0.00 -8.9171 0.6683 0.6683
35250 14.75 31.25 0.00 -8.9171 0.6683 0.6683
35275 14.75 31.36 0.00 5.1735 -0.4857 -0.4857
35300 14.92 31.41 0.00 1.3862 0.6544 0.6544
35325 14.69 31.55 0.00 -10.2430 -0.1771 -0.1771
35350 14.69 31.55 0.00 -10.2430 -0.1771 -0.1771
35375 14.21 31.68 0.00 -10.8623 1.0186 1.0186
35400 14.02 31.74 0.00 -1.4929 -2.2872 -2.2872
35425 14.02 31.74 0.00 -1.4929 -2.2872 -2.2872
35450 14.12 31.77 0.00 5.0054 -1.4293 -1.4293
35475 14.37 31.82 0.00 6.0399 1.3026 1.3026
35500 14.37 31.82 0.00 6.0399 1.3026 1.3026
35525 14.53 31.87 0.00 3.3005 0.5429 0.5429
35550 14.61 31.91 0.00 -0.4482 -0.2118 -0.2118
35575 14.61 31.91 0.00 -0.4482 -0.2118 -0.2118
35600 14.43 31.88 0.00 -6.3506 -0.5069 -0.5069
35625 14.06 31.90 0.00 -11.9102 -1.9438 -1.9438
35650 13.68 31.97 0.00 -12.4050 -2.0755 -2.0755
35675 13.68 31.97 0.00 -12.4050 -2.0755 -2.0755
35700 13.25 32.16 0.00 -8.6837 -2.7711 -2.7711
35725 13.15 32.40 0.00 -0.2819 -1.8700 -1.8700
35750 13.15 32.40 0.00 -0.2819 -1.8700 -1.8700
35775 12.91 32.73 0.00 -9.0431 2.2862 2.2862
35800 12.49 33.03 0.00 -9.6531 6.7978 6.7978
35825 12.49 33.03 0.00 -9.6531 6.7978 6.7978
35850 12.29 33.20 0.00 -2.5066 5.8401 5.8401
35875 12.25 33.19 0.00 -0.8981 5.5322 5.5322
35900 12.19 33.27 0.00 -0.8434 0.2286 0.2286
35925 12.19 33.27 0.00 -0.8434 0.2286 0.2286
35950 12.21 33.59 0.00 0.9909 -2.1096 -2.1096
35975 12.29 34.03 0.00 2.8357 1.3030 1.3030
36000 12.29 34.03 0.00 2.8357 1.3030 1.3030
36025 12.31 34.30 0.00 -2.8507 -1.3701 -1.3701
36050 12.09 34.55 0.00 -6.7872 -0.6219 -0.6219
36075 12.09 34.55 0.00 -6.7872 -0.6219 -0.6219
36100 11.87 34.92 0.00 -4.7665 0.1505 0.1505
36125 11.69 35.28 0.00 -4.7370 -1.0117 -1.0117
36150 11.57 35.50 0.00 -1.8799 -0.2795 -0.2795
36175 11.57 35.50 0.00 -1.8799 -0.2795 -0.2795
36200 11.51 35.44 0.00 -0.6214 -0.7213 -0.7213
36225 11.45 35.34 0.00 -3.2431 -2.6536 -2.6536
36250 11.45 35.34 0.00 -3.2431 -2.6536 -2.6536
36275 11.11 35.27 0.00 -10.5382 -1.1115 -1.1115
36300 10.73 35.33 0.00 -7.4814 -1.6653 -1.6653
36325 10.73 35.33 0.00 -7.4814 -1.6653 -1.6653
36350 10.59 35.49 0.00 -2.4608 -3.3580 -3.3580
36375 10.55 36.01 0.00 -1.1291 -3.5027 -3.5027
36400 10.47 36.31 0.00 -3.2324 -1.4016 -1.4016
36425 10.47 36.31 0.00 -3.2324 -1.4016 -1.4016
36450 10.35 36.45 0.00 -2.6322 1.3722 1.3722
36475 10.35 36.47 0.00 2.6350 2.3572 2.3572
36500 10.35 36.47 0.00 2.6350 2.3572 2.3572
36525 10.53 36.67 0.00 3.7146 0.9249 0.9249
36550 10.63 37.26 0.00 2.7152 2.7002 2.7002
36575 10.63 37.26 0.00 2.7152 2.7002 2.7002
36600 10.79 37.91 0.00 3.8936 3.7304 3.7304
36625 11.03 38.33 0.00 7.9620 6.1644 6.1644
36650 11.41 38.65 0.00 10.5782 2.0124 2.0124
36675 11.41 38.65 0.00 10.5782 2.0124 2.0124
36700 11.79 38.81 0.00 7.5010 2.3634 2.3634
36725 11.99 38.84 0.00 4.1581 3.1292 3.1292
36750 11.99 38.84 0.00 4.1581 3.1292 3.1292
36775 12.17 38.71 0.00 4.2964 3.6452 3.6452
36800 12.29 38.53 0.00 2.7163 4.6220 4.6220
36825 12.29 38.53 0.00 2.7163 4.6220 4.6220
36850 12.37 38.47 0.00 1.5918 2.3935 2.3935
36875 12.41 38.49 0.00 0.0062 2.6876 2.6876
36900 12.41 38.49 0.00 0.0062 2.6876 2.6876
36925 12.37 38.60 0.00 -1.5511 3.1324 3.1324
36950 12.23 38.47 0.00 -4.8100 6.0132 6.0132
36975 12.15 38.31 0.00 1.7162 6.2533 6.2533
37000 12.15 38.31 0.00 1.7162 6.2533 6.2533
37025 12.39 38.47 0.00 6.4092 5.1922 5.1922
37050 12.61 38.95 0.00 4.6852 4.4440 4.4440
37075 12.77 39.57 0.00 3.0456 3.9713 3.9713
37100 12.77 39.57 0.00 3.0456 3.9713 3.9713
37125 12.77 40.10 0.00 -1.4541 4.1364 4.1364
37150 12.75 40.49 0.00 1.0788 1.0017 1.0017
37175 12.75 40.49 0.00 1.0788 1.0017 1.0017
37200 12.75 40.49 0.00 1.0788 1.0017 1.0017
37225 12.87 40.57 0.00 3.6305 2.0768 2.0768
37250 13.03 40.55 0.00 3.3748 1.9247 1.9247
37275 13.21 40.74 0.00 6.1695 3.3423 3.3423
37300 13.48 41.07 0.00 10.4494 3.0898 3.0898
37325 13.48 41.07 0.00 10.4494 3.0898 3.0898
37350 13.92 41.75 0.00 10.9178 3.0624 3.0624
37375 14.29 42.46 0.00 6.6397 3.7656 3.7656
37400 14.29 42.46 0.00 6.6397 3.7656 3.7656
37425 14.25 43.06 0.00 -3.9111 3.6293 3.6293
37450 14.10 43.57 0.00 -2.8126 3.0302 3.0302
37475 14.10 43.57 0.00 -2.8126 3.0302 3.0302
37500 14.16 44.06 0.00 3.8409 1.7065 1.7065
37525 14.43 44.52 0.00 8.2798 1.7941 1.7941
37550 14.75 44.99 0.00 6.7553 3.9316 3.9316
37575 14.75 44.99 0.00 6.7553 3.9316 3.9316
37600 15.00 45.44 0.00 7.1246 5.2805 5.2805
37625 15.31 45.74 0.00 7.5411 5.7328 5.7328
37650 15.31 45.74 0.00 7.5411 5.7328 5.7328
37675 15.41 45.99 0.00 -1.6981 4.7879 4.7879
37700 15.24 46.29 0.00 -4.5088 1.5053 1.5053
37725 15.24 46.29 0.00 -4.5088 1.5053 1.5053
37750 15.14 46.53 0.00 -0.7992 -0.0476 -0.0476
37775 15.22 46.66 0.00 3.4076 0.6133 0.6133
37800 15.41 46.83 0.00 5.4384 2.0810 2.0810
37825 15.41 46.83 0.00 5.4384 2.0810 2.0810
37850 15.66 47.03 0.00 7.5964 2.5889 2.5889
37875 16.02 47.27 0.00 9.1810 2.4635 2.4635
37900 16.02 47.27 0.00 9.1810 2.4635 2.4635
37925 16.39 47.53 0.00 8.7747 1.3324 1.3324
37950 16.70 47.66 0.00 7.7210 0.4418 0.4418
37975 16.70 47.66 0.00 7.7210 0.4418 0.4418
38000 16.89 47.66 0.00 2.0108 1.0396 1.0396
38025 16.87 47.57 0.00 -0.4565 2.6273 2.6273
38050 16.91 47.51 0.00 2.4029 2.6058 2.6058
38075 16.91 47.51 0.00 2.4029 2.6058 2.6058
38100 17.04 47.59 0.00 4.3367 2.9393 2.9393
38125 17.04 47.59 0.00 4.3367 2.9393 2.9393
38150 17.22 47.81 0.00 4.6768 2.5095 2.5095
38175 17.37 48.01 0.00 3.5052 1.8761 1.8761
38200 17.47 48.12 0.00 1.8034 2.6750 2.6750
38225 17.47 48.12 0.00 1.8034 2.6750 2.6750
38250 17.55 48.17 0.00 2.3472 1.6232 1.6232
38275 17.70 48.23 0.00 3.7771 1.1549 1.1549
38300 17.70 48.23 0.00 3.7771 1.1549 1.1549
38325 17.80 48.30 0.00 1.4642 1.4317 1.4317
38350 17.86 48.48 0.00 2.3534 2.1645 2.1645
38375 17.86 48.48 0.00 2.3534 2.1645 2.1645
38400 18.07 48.70 0.00 6.7498 1.8422 1.8422
38425 18.45 48.92 0.00 11.6790 3.6375 3.6375
38450 19.20 49.45 0.00 25.4202 9.1912 9.1912
38475 19.20 49.45 0.00 25.4202 9.1912 9.1912
38500 20.26 50.45 0.00 24.7441 8.0612 8.0612
38525 21.04 51.21 0.00 16.5892 8.5016 8.5016
38550 21.04 51.21 0.00 16.5892 8.5016 8.5016
38575 21.65 51.58 0.00 15.3908 9.0510 9.0510
38600 22.42 51.99 0.00 20.0922 5.0041 5.0041
38625 23.24 52.53 0.00 21.0207 5.3219 5.3219
38650 23.24 52.53 0.00 21.0207 5.3219 5.3219
38675 24.03 53.08 0.00 18.0500 7.8213 7.8213
38700 24.58 53.27 0.00 12.1858 6.8832 6.8832
38725 24.58 53.27 0.00 12.1858 6.8832 6.8832
38750 24.96 53.29 0.00 7.1538 5.9272 5.9272
38775 25.03 53.30 0.00 -0.4557 4.5406 4.5406
38800 24.96 53.27 0.00 -3.3583 2.7166 2.7166
38825 24.96 53.27 0.00 -3.3583 2.7166 2.7166
38850 24.88 53.30 0.00 0.0471 1.1492 1.1492
38875 25.03 53.36 0.00 4.7917 0.5130 0.5130
38900 25.03 53.36 0.00 4.7917 0.5130 0.5130
38925 25.22 53.26 0.00 4.7405 3.4641 3.4641
38950 25.40 53.06 0.00 5.0003 4.5428 4.5428
38975 25.40 53.06 0.00 5.0003 4.5428 4.5428
39000 25.66 52.88 0.00 7.3385 2.9828 2.9828
39025 26.03 52.73 0.00 10.2751 3.1474 3.1474
39050 26.03 52.73 0.00 10.2751 3.1474 3.1474
39075 26.45 52.64 0.00 10.4202 3.1045 3.1045
39100 26.80 52.63 0.00 7.3710 1.3529 1.3529
39125 27.04 52.74 0.00 6.0915 1.4357 1.4357
39150 27.04 52.74 0.00 6.0915 1.4357 1.4357
39175 27.37 52.86 0.00 9.9539 3.3453 3.3453
39200 27.92 52.95 0.00 15.5723 5.0166 5.0166
39225 27.92 52.95 0.00 15.5723 5.0166 5.0166
39250 28.67 53.01 0.00 21.2380 8.5475 8.5475
39275 29.58 53.25 0.00 22.3052 4.7456 4.7456
39300 30.29 53.69 0.00 13.9889 0.1218 0.1218
39325 30.29 53.69 0.00 13.9889 0.1218 0.1218
39350 30.63 53.99 0.00 6.3501 0.4567 0.4567
39375 30.80 54.06 0.00 3.1566 0.1967 0.1967
39400 30.80 54.06 0.00 3.1566 0.1967 0.1967
39425 30.91 54.08 0.00 2.2601 0.5038 0.5038
39450 31.01 54.09 0.00 3.4127 2.9398 2.9398
39475 31.01 54.09 0.00 3.4127 2.9398 2.9398
39500 31.20 54.21 0.00 5.1004 2.7042 2.7042
39525 31.41 54.36 0.00 5.3365 0.3561 0.3561
39550 31.56 54.39 0.00 2.6457 0.2154 0.2154
39575 31.56 54.39 0.00 2.6457 0.2154 0.2154
39600 31.70 54.39 0.00 3.8994 0.4268 0.4268
39625 31.86 54.40 0.00 6.5043 0.5357 0.5357
39650 31.86 54.40 0.00 6.5043 0.5357 0.5357
39675 32.17 54.40 0.00 8.1910 0.1142 0.1142
39700 32.44 54.25 0.00 5.5176 2.5572 2.5572
39725 32.57 54.15 0.00 1.5436 1.6270 1.6270
39750 32.57 54.15 0.00 1.5436 1.6270 1.6270
39775 32.57 54.22 0.00 -0.5104 0.1341 0.1341
39800 32.60 54.36 0.00 1.8163 -0.4417 -0.4417
39825 32.60 54.36 0.00 1.8163 -0.4417 -0.4417
39850 32.74 54.41 0.00 5.1223 1.1392 1.1392
39875 32.98 54.39 0.00 5.5130 2.8367 2.8367
39900 32.98 54.39 0.00 5.5130 2.8367 2.8367
39925 33.14 54.28 0.00 2.8658 1.2183 1.2183
39950 33.19 54.18 0.00 -0.3245 2.5554 2.5554
39975 33.19 54.18 0.00 -0.3245 2.5554 2.5554
40000 32.96 54.04 0.00 -7.5466 1.3116 1.3116
40025 32.85 53.81 0.00 1.6687 1.8925 1.8925
40050 32.85 53.81 0.00 1.6687 1.8925 1.8925
40075 33.16 53.61 0.00 10.7563 3.5750 3.5750
40100 33.68 53.50 0.00 13.3115 5.0146 5.0146
40125 34.16 53.51 0.00 11.6090 5.9891 5.9891
40150 34.16 53.51 0.00 11.6090 5.9891 5.9891
40175 34.61 53.54 0.00 11.3150 6.6538 6.6538
40200 35.11 53.49 0.00 13.0001 3.0279 3.0279
40225 35.11 53.49 0.00 13.0001 3.0279 3.0279
40250 35.61 53.52 0.00 12.0972 1.1635 1.1635
40275 36.05 53.65 0.00 11.0264 2.5255 2.5255
40300 36.57 53.69 0.00 14.4613 3.6063 3.6063
40325 36.57 53.69 0.00 14.4613 3.6063 3.6063
40350 37.26 53.61 0.00 18.8403 3.8199 3.8199
40375 37.99 53.64 0.00 16.0835 3.7544 3.7544
40400 37.99 53.64 0.00 16.0835 3.7544 3.7544
40425 38.31 53.76 0.00 8.6684 3.8559 3.8559
40450 38.55 53.97 0.00 5.0473 4.3547 4.3547
40475 38.55 53.97 0.00 5.0473 4.3547 4.3547
40500 38.75 54.11 0.00 5.1277 1.8780 1.8780
40525 39.03 54.16 0.00 8.6623 -0.1327 -0.1327
40550 39.03 54.16 0.00 8.6623 -0.1327 -0.1327
40575 39.47 54.18 0.00 12.4355 -1.3167 -1.3167
40600 39.98 54.19 0.00 13.5550 1.4500 1.4500
40625 40.58 54.28 0.00 14.4335 3.2296 3.2296
40650 40.58 54.28 0.00 14.4335 3.2296 3.2296
40675 41.06 54.45 0.00 10.2510 3.3543 3.3543
40700 41.36 54.61 0.00 5.9586 4.9237 4.9237
40725 41.36 54.61 0.00 5.9586 4.9237 4.9237
40750 41.59 54.64 0.00 5.9978 4.1289 4.1289
40775 41.87 54.59 0.00 7.1145 -0.5274 -0.5274
40800 42.11 54.55 0.00 5.4482 -2.8100 -2.8100
40825 42.11 54.55 0.00 5.4482 -2.8100 -2.8100
40850 42.27 54.48 0.00 3.2255 -1.2112 -1.2112
40875 42.38 54.30 0.00 1.8673 -0.0867 -0.0867
40900 42.38 54.30 0.00 1.8673 -0.0867 -0.0867
40925 42.41 54.09 0.00 0.0119 -1.6543 -1.6543
40950 42.34 53.95 0.00 -2.2668 -3.0354 -3.0354
40975 42.25 53.76 0.00 -1.7549 -1.7780 -1.7780
41000 42.25 53.76 0.00 -1.7549 -1.7780 -1.7780
41025 42.25 53.55 0.00 0.8963 -0.7154 -0.7154
41050 42.34 53.41 0.00 3.0466 -2.3628 -2.3628
41075 42.34 53.41 0.00 3.0466 -2.3628 -2.3628
41100 42.48 53.30 0.00 3.6645 -1.4097 -1.4097
41125 42.57 53.25 0.00 0.9723 -0.6588 -0.6588
41150 42.57 53.25 0.00 0.9723 -0.6588 -0.6588
41175 42.57 53.12 0.00 -0.2359 -0.1425 -0.1425
41200 42.59 53.00 0.00 1.5319 0.1428 0.1428
41225 42.59 53.00 0.00 1.5319 0.1428 0.1428
41250 42.74 52.83 0.00 5.3425 -1.3998 -1.3998
41275 43.04 52.67 0.00 8.9480 -0.5385 -0.5385
41300 43.46 52.56 0.00 11.5489 -0.2202 -0.2202
41325 43.46 52.56 0.00 11.5489 -0.2202 -0.2202
41350 44.08 52.54 0.00 17.4404 -1.5391 -1.5391
41375 44.88 52.66 0.00 21.8405 0.6727 0.6727
41400 44.88 52.66 0.00 21.8405 0.6727 0.6727
41425 45.81 52.69 0.00 23.8733 2.6569 2.6569
41450 46.79 52.66 0.00 24.7153 1.6603 1.6603
41475 46.79 52.66 0.00 24.7153 1.6603 1.6603
41500 47.82 52.64 0.00 26.3005 0.9873 0.9873
41525 48.92 52.52 0.00 27.7500 2.7439 2.7439
41550 49.95 52.36 0.00 24.2297 5.8463 5.8463
41575 49.95 52.36 0.00 24.2297 5.8463 5.8463
41600 50.72 52.36 0.00 16.1813 2.4389 2.4389
41625 50.72 52.36 0.00 16.1813 2.4389 2.4389
41650 51.17 52.38 0.00 8.2578 1.5354 1.5354
41675 51.33 52.24 0.00 0.7419 1.6423 1.6423
41700 51.22 52.08 0.00 -4.1250 0.0677 0.0677
41725 51.22 52.08 0.00 -4.1250 0.0677 0.0677
41750 51.01 52.08 0.00 -5.5790 -2.4105 -2.4105
41775 50.84 52.11 0.00 -3.6105 -1.0182 -1.0182
41800 50.84 52.11 0.00 -3.6105 -1.0182 -1.0182
41825 50.75 52.06 0.00 -1.6634 -0.3881 -0.3881
41850 50.66 51.92 0.00 -2.0788 0.3760 0.3760
41875 50.58 51.82 0.00 -2.2645 0.1533 0.1533
41900 50.58 51.82 0.00 -2.2645 0.1533 0.1533
41925 50.47 51.66 0.00 -2.7444 -0.0641 -0.0641
41950 50.38 51.52 0.00 -1.9592 -0.4340 -0.4340
