%#        Time[ms]        X[pixel],        Y[pixel],        Z[pixel],  dX/dt[pixel/s],  dY/dt[pixel/s],  dZ/dt[pixel/s] 
0 50.00 50.00 0.00 0.2766 1.9275 1.9275
25 50.02 50.06 0.00 0.5030 0.9408 0.9408
50 50.02 50.06 0.00 0.5030 0.9408 0.9408
75 50.05 50.15 0.00 1.2975 -0.1868 -0.1868
100 50.10 50.24 0.00 0.5993 -0.4324 -0.4324
125 50.10 50.24 0.00 0.5993 -0.4324 -0.4324
150 50.09 50.33 0.00 -0.5524 -0.1478 -0.1478
175 50.05 50.39 0.00 -0.9048 0.4367 0.4367
200 50.05 50.39 0.00 -0.9048 0.4367 0.4367
225 50.03 50.41 0.00 -0.1353 0.3258 0.3258
250 50.05 50.39 0.00 0.5398 0.7175 0.7175
275 50.07 50.35 0.00 0.4376 0.3999 0.3999
300 50.07 50.35 0.00 0.4376 0.3999 0.3999
325 50.09 50.35 0.00 0.2677 -0.3029 -0.3029
350 50.10 50.37 0.00 0.7990 -0.0811 -0.0811
375 50.10 50.37 0.00 0.7990 -0.0811 -0.0811
400 50.17 50.46 0.00 2.3883 0.7448 0.7448
425 50.31 50.61 0.00 4.2518 1.7782 1.7782
450 50.31 50.61 0.00 4.2518 1.7782 1.7782
475 50.51 50.87 0.00 5.0445 1.4932 1.4932
500 50.68 51.23 0.00 3.7469 -0.0418 -0.0418
525 50.79 51.60 0.00 1.9498 -0.3686 -0.3686
550 50.79 51.60 0.00 1.9498 -0.3686 -0.3686
575 50.84 52.06 0.00 1.4211 -0.4540 -0.4540
600 50.93 52.50 0.00 2.2724 0.1367 0.1367
625 50.93 52.50 0.00 2.2724 0.1367 0.1367
650 51.03 52.95 0.00 3.0873 0.4569 0.4569
675 51.17 53.39 0.00 3.6919 0.6550 0.6550
700 51.17 53.39 0.00 3.6919 0.6550 0.6550
725 51.31 53.88 0.00 3.4000 1.1014 1.1014
750 51.41 54.53 0.00 2.0599 1.4877 1.4877
775 51.47 55.38 0.00 0.3111 1.2070 1.2070
800 51.47 55.38 0.00 0.3111 1.2070 1.2070
825 51.48 56.38 0.00 0.7452 2.6893 2.6893
850 51.54 57.13 0.00 2.3012 2.0350 2.0350
875 51.54 57.13 0.00 2.3012 2.0350 2.0350
900 51.68 57.99 0.00 4.7518 0.9959 0.9959
925 51.96 58.64 0.00 8.3878 1.1051 1.1051
950 51.96 58.64 0.00 8.3878 1.1051 1.1051
975 52.39 59.10 0.00 11.6683 1.5684 1.5684
1000 52.86 59.44 0.00 11.3377 2.1758 2.1758
1025 53.25 59.70 0.00 8.1673 3.4339 3.4339
1050 53.25 59.70 0.00 8.1673 3.4339 3.4339
1075 53.46 59.95 0.00 4.0636 4.4254 4.4254
1100 53.58 60.20 0.00 2.4178 3.6309 3.6309
1125 53.58 60.20 0.00 2.4178 3.6309 3.6309
1150 53.68 60.47 0.00 3.1822 2.0165 2.0165
1175 53.84 60.73 0.00 4.8094 2.1696 2.1696
1200 53.84 60.73 0.00 4.8094 2.1696 2.1696
1225 54.05 61.03 0.00 5.5496 3.0084 3.0084
1250 54.30 61.37 0.00 6.4654 3.5686 3.5686
1275 54.56 61.79 0.00 6.3225 3.2982 3.2982
1300 54.56 61.79 0.00 6.3225 3.2982 3.2982
1325 54.80 62.39 0.00 5.9849 3.4133 3.4133
1350 55.07 63.42 0.00 6.6662 2.9614 2.9614
1375 55.07 63.42 0.00 6.6662 2.9614 2.9614
1400 55.36 64.86 0.00 8.2042 1.0614 1.0614
1425 55.78 66.39 0.00 12.2893 -2.9528 -2.9528
1450 55.78 66.39 0.00 12.2893 -2.9528 -2.9528
1475 56.38 67.64 0.00 16.8528 -4.6108 -4.6108
1500 57.17 68.37 0.00 20.4165 -4.4086 -4.4086
1525 57.96 68.74 0.00 19.1279 -3.3259 -3.3259
1550 57.96 68.74 0.00 19.1279 -3.3259 -3.3259
1575 58.61 69.04 0.00 14.1976 -0.2570 -0.2570
1600 59.01 69.38 0.00 7.7429 0.3855 0.3855
1625 59.01 69.38 0.00 7.7429 0.3855 0.3855
1650 59.17 69.59 0.00 3.7372 1.0794 1.0794
1675 59.24 69.88 0.00 0.7191 1.3459 1.3459
1700 59.24 69.88 0.00 0.7191 1.3459 1.3459
1725 59.26 70.17 0.00 0.6122 1.2068 1.2068
1750 59.31 70.49 0.00 2.2772 1.2192 1.2192
1775 59.31 70.49 0.00 2.2772 1.2192 1.2192
1800 59.45 70.91 0.00 3.5594 0.3664 0.3664
1825 59.61 71.37 0.00 4.7582 0.8923 0.8923
1850 59.82 71.77 0.00 5.1061 0.9709 0.9709
1875 59.82 71.77 0.00 5.1061 0.9709 0.9709
1900 60.03 72.05 0.00 5.1332 0.0152 0.0152
1925 60.23 72.29 0.00 5.0335 -0.1888 -0.1888
1950 60.23 72.29 0.00 5.0335 -0.1888 -0.1888
1975 60.44 72.51 0.00 5.2228 0.3879 0.3879
2000 60.65 72.66 0.00 5.6918 0.2369 0.2369
2025 60.65 72.66 0.00 5.6918 0.2369 0.2369
2050 60.92 72.75 0.00 6.7355 -0.0589 -0.0589
2075 61.25 72.78 0.00 10.6887 -0.4998 -0.4998
2100 61.87 72.68 0.00 17.9531 -0.3851 -0.3851
2125 61.87 72.68 0.00 17.9531 -0.3851 -0.3851
2150 62.67 72.54 0.00 20.7979 -1.0291 -1.0291
2175 63.48 72.36 0.00 19.6442 -0.9696 -0.9696
2200 64.21 72.09 0.00 17.0105 -0.7386 -0.7386
2225 64.21 72.09 0.00 17.0105 -0.7386 -0.7386
2250 64.78 71.72 0.00 12.9429 -0.9740 -0.9740
2275 65.21 71.33 0.00 8.9191 0.2520 0.2520
2300 65.21 71.33 0.00 8.9191 0.2520 0.2520
2325 65.45 70.92 0.00 4.4697 1.1069 1.1069
2350 65.53 70.60 0.00 0.5407 1.5949 1.5949
2375 65.53 70.60 0.00 0.5407 1.5949 1.5949
2400 65.46 70.43 0.00 -2.6225 2.1619 2.1619
2425 65.36 70.32 0.00 -4.4553 2.0095 2.0095
2450 65.14 70.23 0.00 -5.7893 1.6417 1.6417
2475 65.14 70.23 0.00 -5.7893 1.6417 1.6417
2500 64.86 70.15 0.00 -8.3224 0.8838 0.8838
2525 64.46 69.97 0.00 -10.6303 1.9915 1.9915
2550 64.46 69.97 0.00 -10.6303 1.9915 1.9915
2575 63.97 69.75 0.00 -13.0677 1.3867 1.3867
2600 63.41 69.47 0.00 -14.3930 1.8692 1.8692
2625 63.41 69.47 0.00 -14.3930 1.8692 1.8692
2650 62.85 69.21 0.00 -13.2838 2.1569 2.1569
2675 62.40 69.03 0.00 -10.0631 1.2270 1.2270
2700 62.40 69.03 0.00 -10.0631 1.2270 1.2270
2725 62.08 68.96 0.00 -6.1291 -0.1500 -0.1500
2750 61.94 68.96 0.00 -2.4682 -1.5343 -1.5343
2775 61.89 68.97 0.00 -0.9714 -2.0829 -2.0829
2800 61.89 68.97 0.00 -0.9714 -2.0829 -2.0829
2825 61.85 68.93 0.00 -0.5756 -1.6662 -1.6662
2850 61.82 68.90 0.00 -0.9689 -1.2884 -1.2884
2875 61.82 68.90 0.00 -0.9689 -1.2884 -1.2884
2900 61.78 68.88 0.00 -0.6710 -1.1693 -1.1693
2925 61.76 68.91 0.00 -0.4716 -1.5053 -1.5053
2950 61.76 68.91 0.00 -0.4716 -1.5053 -1.5053
2975 61.75 68.98 0.00 -0.7594 -1.5164 -1.5164
3000 61.73 69.09 0.00 -0.2410 0.9224 0.9224
3025 61.73 69.09 0.00 -0.2410 0.9224 0.9224
3050 61.71 69.23 0.00 -0.5011 0.7467 0.7467
3075 61.69 69.35 0.00 -0.2498 0.3552 0.3552
3100 61.68 69.44 0.00 -1.0650 0.1643 0.1643
3125 61.68 69.44 0.00 -1.0650 0.1643 0.1643
3150 61.59 69.44 0.00 -3.2151 0.6385 0.6385
3175 61.39 69.37 0.00 -5.5409 1.0336 1.0336
3200 61.39 69.37 0.00 -5.5409 1.0336 1.0336
3225 61.16 69.29 0.00 -8.6416 0.4592 0.4592
3250 60.69 69.11 0.00 -14.6490 2.4735 2.4735
3275 60.69 69.11 0.00 -14.6490 2.4735 2.4735
3300 59.93 68.91 0.00 -21.6656 3.4747 3.4747
3325 58.92 68.72 0.00 -26.8462 4.2659 4.2659
3350 57.82 68.51 0.00 -27.5221 3.8801 3.8801
3375 57.82 68.51 0.00 -27.5221 3.8801 3.8801
3400 56.80 68.31 0.00 -23.7563 2.9301 2.9301
3425 55.98 68.17 0.00 -18.2131 1.6773 1.6773
3450 55.40 68.19 0.00 -12.5295 0.7207 0.7207
3475 55.40 68.19 0.00 -12.5295 0.7207 0.7207
3500 55.01 68.38 0.00 -8.0839 -0.2290 -0.2290
3525 54.73 68.72 0.00 -6.7617 0.7442 0.7442
3550 54.73 68.72 0.00 -6.7617 0.7442 0.7442
3575 54.45 69.07 0.00 -7.1699 2.5713 2.5713
3600 54.14 69.43 0.00 -7.7475 3.3415 3.3415
3625 54.14 69.43 0.00 -7.7475 3.3415 3.3415
3650 53.82 69.94 0.00 -8.0069 3.2261 3.2261
3675 53.49 70.68 0.00 -9.1752 2.5051 2.5051
3700 53.06 71.62 0.00 -11.7617 1.1094 1.1094
3725 53.06 71.62 0.00 -11.7617 1.1094 1.1094
3750 52.55 72.57 0.00 -12.9650 2.1413 2.1413
3775 51.97 73.32 0.00 -15.7813 2.1584 2.1584
3800 51.97 73.32 0.00 -15.7813 2.1584 2.1584
3825 51.22 73.84 0.00 -20.5466 1.6537 1.6537
3850 50.31 74.22 0.00 -24.3654 0.9648 0.9648
3875 50.31 74.22 0.00 -24.3654 0.9648 0.9648
3900 49.25 74.40 0.00 -27.5151 -1.2502 -1.2502
3925 48.11 74.42 0.00 -28.6964 -2.6294 -2.6294
3950 48.11 74.42 0.00 -28.6964 -2.6294 -2.6294
3975 46.98 74.35 0.00 -27.3788 -3.8998 -3.8998
4000 46.21 74.28 0.00 -24.8046 -3.3151 -3.3151
4025 46.21 74.28 0.00 -24.8046 -3.3151 -3.3151
4050 45.28 74.19 0.00 -22.0245 -2.7724 -2.7724
4075 44.50 74.14 0.00 -18.8275 -3.0065 -3.0065
4100 43.78 74.10 0.00 -17.2798 -3.5445 -3.5445
4125 43.78 74.10 0.00 -17.2798 -3.5445 -3.5445
4150 43.10 74.08 0.00 -16.7817 -3.2833 -3.2833
4175 42.45 74.08 0.00 -16.0258 -2.6362 -2.6362
4200 42.45 74.08 0.00 -16.0258 -2.6362 -2.6362
4225 41.83 74.14 0.00 -14.9107 -2.6390 -2.6390
4250 41.22 74.22 0.00 -15.5256 -2.9141 -2.9141
4275 41.22 74.22 0.00 -15.5256 -2.9141 -2.9141
4300 40.62 74.35 0.00 -14.6873 -3.6099 -3.6099
4325 40.04 74.52 0.00 -14.6346 -4.3733 -4.3733
4350 39.45 74.77 0.00 -14.8302 -6.2715 -6.2715
4375 39.45 74.77 0.00 -14.8302 -6.2715 -6.2715
4400 38.89 75.16 0.00 -12.9362 -5.3405 -5.3405
4425 38.45 75.61 0.00 -9.5884 -4.0854 -4.0854
4450 38.15 76.07 0.00 -6.9187 -2.1028 -2.1028
4475 38.15 76.07 0.00 -6.9187 -2.1028 -2.1028
4500 37.90 76.55 0.00 -5.1756 -0.6143 -0.6143
4525 37.72 77.07 0.00 -4.7352 0.0040 0.0040
4550 37.72 77.07 0.00 -4.7352 0.0040 0.0040
4575 37.49 77.60 0.00 -6.1968 0.9933 0.9933
4600 37.10 78.22 0.00 -13.2244 -0.9251 -0.9251
4625 37.10 78.22 0.00 -13.2244 -0.9251 -0.9251
4650 36.37 78.90 0.00 -20.5804 -6.8132 -6.8132
4675 35.48 79.59 0.00 -22.3564 -9.9664 -9.9664
4700 35.48 79.59 0.00 -22.3564 -9.9664 -9.9664
4725 34.64 80.24 0.00 -20.1873 -9.5068 -9.5068
4750 33.91 80.70 0.00 -16.7860 -6.2629 -6.2629
4775 33.91 80.70 0.00 -16.7860 -6.2629 -6.2629
4800 33.48 80.98 0.00 -13.3925 -4.2360 -4.2360
4825 33.05 81.28 0.00 -9.0291 -3.7572 -3.7572
4850 32.76 81.55 0.00 -6.4851 -2.9147 -2.9147
4875 32.76 81.55 0.00 -6.4851 -2.9147 -2.9147
4900 32.49 81.79 0.00 -7.4606 -1.8568 -1.8568
4925 32.08 82.10 0.00 -12.6641 -2.6650 -2.6650
4950 31.39 82.59 0.00 -19.8360 -5.3487 -5.3487
4975 31.39 82.59 0.00 -19.8360 -5.3487 -5.3487
5000 30.40 83.23 0.00 -27.5073 -6.5796 -6.5796
5025 29.18 84.10 0.00 -31.7474 -7.8001 -7.8001
5050 29.18 84.10 0.00 -31.7474 -7.8001 -7.8001
5075 27.89 85.17 0.00 -32.3063 -7.6412 -7.6412
5100 26.55 86.39 0.00 -34.8241 -5.4905 -5.4905
5125 26.55 86.39 0.00 -34.8241 -5.4905 -5.4905
5150 25.09 87.83 0.00 -37.2717 -3.1912 -3.1912
5175 23.47 89.54 0.00 -43.4609 2.4767 2.4767
5200 21.59 91.25 0.00 -48.4505 4.5706 4.5706
5225 21.59 91.25 0.00 -48.4505 4.5706 4.5706
5250 19.69 92.64 0.00 -45.4592 3.9150 3.9150
5275 18.24 93.45 0.00 -30.4914 -0.7691 -0.7691
5300 18.24 93.45 0.00 -30.4914 -0.7691 -0.7691
5325 17.49 93.83 0.00 -11.0171 -4.9157 -4.9157
5350 17.53 93.97 0.00 6.8234 -9.2840 -9.2840
5375 17.53 93.97 0.00 6.8234 -9.2840 -9.2840
5400 18.07 93.86 0.00 16.7835 -9.8350 -9.8350
5425 18.83 93.51 0.00 20.4836 -6.9722 -6.9722
5450 18.83 93.51 0.00 20.4836 -6.9722 -6.9722
5475 19.69 93.15 0.00 21.7953 -4.8508 -4.8508
5500 20.55 92.61 0.00 20.3786 -5.2036 -5.2036
5525 21.14 92.08 0.00 19.7514 -5.6572 -5.6572
5550 21.14 92.08 0.00 19.7514 -5.6572 -5.6572
5575 21.93 91.16 0.00 19.3213 -6.0065 -6.0065
5600 21.93 91.16 0.00 19.3213 -6.0065 -6.0065
5625 22.68 90.15 0.00 18.1503 -6.5955 -6.5955
5650 23.32 89.11 0.00 14.7292 -6.1052 -6.1052
5675 23.84 88.04 0.00 11.6274 -6.1226 -6.1226
5700 24.21 87.11 0.00 8.2333 -5.7421 -5.7421
5725 24.21 87.11 0.00 8.2333 -5.7421 -5.7421
5750 24.49 86.42 0.00 6.2321 -2.3929 -2.3929
5775 24.64 85.96 0.00 1.4695 2.1274 2.1274
5800 24.64 85.96 0.00 1.4695 2.1274 2.1274
5825 24.57 85.66 0.00 -2.5893 5.1819 5.1819
5850 24.47 85.42 0.00 -1.9953 4.2769 4.2769
5875 24.47 85.42 0.00 -1.9953 4.2769 4.2769
5900 24.44 85.13 0.00 0.0794 1.6527 1.6527
5925 24.47 84.84 0.00 0.4330 -0.3297 -0.3297
5950 24.42 84.60 0.00 -2.2988 -0.0460 -0.0460
5975 24.42 84.60 0.00 -2.2988 -0.0460 -0.0460
6000 24.27 84.44 0.00 -4.4758 0.2693 0.2693
6025 24.06 84.32 0.00 -5.2848 0.3050 0.3050
6050 24.06 84.32 0.00 -5.2848 0.3050 0.3050
6075 23.88 84.18 0.00 -4.5891 0.8791 0.8791
6100 23.71 83.89 0.00 -3.3041 1.6292 1.6292
6125 23.71 83.89 0.00 -3.3041 1.6292 1.6292
6150 23.62 83.53 0.00 -1.3783 2.1212 2.1212
6175 23.60 83.06 0.00 -0.3200 1.6841 1.6841
6200 23.58 82.35 0.00 -0.6938 2.0178 2.0178
6225 23.58 82.35 0.00 -0.6938 2.0178 2.0178
6250 23.56 81.52 0.00 0.2592 0.9513 0.9513
6275 23.60 80.61 0.00 0.7416 0.8392 0.8392
6300 23.60 80.61 0.00 0.7416 0.8392 0.8392
6325 23.63 79.92 0.00 1.6066 -0.2212 -0.2212
6350 23.75 79.03 0.00 3.8131 -1.1015 -1.1015
6375 23.75 79.03 0.00 3.8131 -1.1015 -1.1015
6400 23.97 78.20 0.00 6.6858 -2.8316 -2.8316
6425 24.31 77.47 0.00 9.5480 -1.6871 -1.6871
6450 24.71 76.75 0.00 10.2175 -0.8902 -0.8902
6475 24.71 76.75 0.00 10.2175 -0.8902 -0.8902
6500 25.12 75.97 0.00 10.2946 -0.1848 -0.1848
6525 25.12 75.97 0.00 10.2946 -0.1848 -0.1848
6550 25.53 75.22 0.00 10.2451 0.0705 0.0705
6575 25.94 74.48 0.00 9.5279 0.0721 0.0721
6600 26.31 73.80 0.00 9.1578 0.9594 0.9594
6625 26.31 73.80 0.00 9.1578 0.9594 0.9594
6650 26.66 73.04 0.00 8.8384 0.2856 0.2856
6675 27.04 72.22 0.00 9.8885 0.4498 0.4498
6700 27.45 71.42 0.00 10.4330 -0.4021 -0.4021
6725 27.45 71.42 0.00 10.4330 -0.4021 -0.4021
6750 27.87 70.63 0.00 10.7722 -0.8520 -0.8520
6775 28.31 69.92 0.00 10.7289 -0.3539 -0.3539
6800 28.31 69.92 0.00 10.7289 -0.3539 -0.3539
6825 28.73 69.32 0.00 10.1222 -0.2421 -0.2421
6850 29.07 68.82 0.00 7.8493 -0.0032 -0.0032
6875 29.07 68.82 0.00 7.8493 -0.0032 -0.0032
6900 29.33 68.32 0.00 5.5810 0.6376 0.6376
6925 29.49 67.86 0.00 3.7861 1.3902 1.3902
6950 29.62 67.36 0.00 2.9965 1.2282 1.2282
6975 29.62 67.36 0.00 2.9965 1.2282 1.2282
7000 29.76 66.77 0.00 3.4552 -0.0218 -0.0218
7025 29.76 66.77 0.00 3.4552 -0.0218 -0.0218
7050 29.91 66.13 0.00 3.8889 -1.2128 -1.2128
7075 30.02 65.61 0.00 3.7794 -2.3738 -2.3738
7100 30.22 64.88 0.00 5.6968 -1.0918 -1.0918
7125 30.22 64.88 0.00 5.6968 -1.0918 -1.0918
7150 30.47 64.16 0.00 6.3282 -0.5077 -0.5077
7175 30.71 63.52 0.00 5.7953 -0.4122 -0.4122
7200 30.92 62.92 0.00 4.9018 0.1288 0.1288
7225 30.92 62.92 0.00 4.9018 0.1288 0.1288
7250 31.09 62.22 0.00 4.0570 0.1794 0.1794
7275 31.25 61.46 0.00 4.0309 0.1427 0.1427
7300 31.25 61.46 0.00 4.0309 0.1427 0.1427
7325 31.41 60.55 0.00 3.9733 -1.3848 -1.3848
7350 31.61 59.58 0.00 5.3851 -1.3789 -1.3789
7375 31.84 58.53 0.00 6.3927 -2.6281 -2.6281
7400 31.84 58.53 0.00 6.3927 -2.6281 -2.6281
7425 32.12 57.59 0.00 6.6122 -3.3408 -3.3408
7450 32.39 56.78 0.00 7.2904 -2.5087 -2.5087
7475 32.39 56.78 0.00 7.2904 -2.5087 -2.5087
7500 32.69 56.04 0.00 7.5957 -2.0157 -2.0157
7525 33.00 55.28 0.00 7.5552 -1.3315 -1.3315
7550 33.00 55.28 0.00 7.5552 -1.3315 -1.3315
7575 33.28 54.48 0.00 7.2026 -1.7153 -1.7153
7600 33.57 53.67 0.00 7.5619 -1.9208 -1.9208
7625 33.57 53.67 0.00 7.5619 -1.9208 -1.9208
7650 33.89 52.83 0.00 8.2003 -2.4702 -2.4702
7675 34.23 52.05 0.00 8.0487 -2.5050 -2.5050
7700 34.23 52.05 0.00 8.0487 -2.5050 -2.5050
7725 34.52 51.33 0.00 7.3935 -2.8644 -2.8644
7750 34.81 50.82 0.00 6.2399 -2.4074 -2.4074
7775 35.00 50.49 0.00 4.3871 -1.8838 -1.8838
7800 35.00 50.49 0.00 4.3871 -1.8838 -1.8838
7825 35.09 50.24 0.00 1.0439 -2.0810 -2.0810
7850 35.13 50.01 0.00 0.8895 0.5667 0.5667
7875 35.13 50.01 0.00 0.8895 0.5667 0.5667
7900 35.14 49.85 0.00 0.8457 1.0123 1.0123
7925 35.20 49.61 0.00 1.4695 0.7928 0.7928
7950 35.27 49.31 0.00 2.2222 0.4105 0.4105
7975 35.27 49.31 0.00 2.2222 0.4105 0.4105
8000 35.36 48.98 0.00 1.6818 -0.2304 -0.2304
8025 35.41 48.53 0.00 1.4322 -0.0760 -0.0760
8050 35.41 48.53 0.00 1.4322 -0.0760 -0.0760
8075 35.47 47.98 0.00 0.9690 -0.7725 -0.7725
8100 35.50 47.35 0.00 1.1321 -1.8579 -1.8579
8125 35.50 47.35 0.00 1.1321 -1.8579 -1.8579
8150 35.54 46.72 0.00 0.8827 -3.1249 -3.1249
8175 35.55 46.14 0.00 -0.0565 -3.7875 -3.7875
8200 35.55 46.14 0.00 -0.0565 -3.7875 -3.7875
8225 35.52 45.53 0.00 -0.7595 -3.4864 -3.4864
8250 35.50 44.90 0.00 -0.5970 -2.5811 -2.5811
8275 35.48 44.22 0.00 -0.1661 -2.2738 -2.2738
8300 35.48 44.22 0.00 -0.1661 -2.2738 -2.2738
8325 35.48 43.49 0.00 0.1139 -1.7292 -1.7292
8350 35.50 42.70 0.00 0.5186 -2.4345 -2.4345
8375 35.50 42.70 0.00 0.5186 -2.4345 -2.4345
8400 35.52 41.91 0.00 0.7646 -2.7629 -2.7629
8425 35.55 41.35 0.00 0.9996 -3.0475 -3.0475
8450 35.59 40.74 0.00 0.9628 -2.6846 -2.6846
8475 35.59 40.74 0.00 0.9628 -2.6846 -2.6846
8500 35.61 40.39 0.00 0.5699 -1.7851 -1.7851
8525 35.63 40.08 0.00 -0.0053 -0.7871 -0.7871
8550 35.63 40.08 0.00 -0.0053 -0.7871 -0.7871
8575 35.61 39.84 0.00 -0.4771 -0.6579 -0.6579
8600 35.59 39.60 0.00 -0.8297 -0.9410 -0.9410
8625 35.59 39.60 0.00 -0.8297 -0.9410 -0.9410
8650 35.57 39.31 0.00 0.3904 0.7865 0.7865
8675 35.57 39.31 0.00 0.3904 0.7865 0.7865
8700 35.75 38.88 0.00 3.2668 1.1289 1.1289
8725 35.75 38.88 0.00 3.2668 1.1289 1.1289
8750 35.89 38.67 0.00 3.6352 1.6691 1.6691
8775 36.03 38.46 0.00 3.2500 1.9143 1.9143
8800 36.03 38.46 0.00 3.2500 1.9143 1.9143
8825 36.16 38.13 0.00 2.8352 1.9132 1.9132
8850 36.27 37.76 0.00 2.7184 1.6097 1.6097
8875 36.27 37.76 0.00 2.7184 1.6097 1.6097
8900 36.36 37.32 0.00 2.3766 1.4025 1.4025
8925 36.46 36.83 0.00 2.3873 0.2253 0.2253
8950 36.53 36.25 0.00 1.7292 -0.5989 -0.5989
8975 36.53 36.25 0.00 1.7292 -0.5989 -0.5989
9000 36.60 35.61 0.00 1.5189 -1.1810 -1.1810
9025 36.60 35.61 0.00 1.5189 -1.1810 -1.1810
9050 36.66 34.92 0.00 1.3456 -0.7878 -0.7878
9075 36.69 34.17 0.00 0.5748 -0.2523 -0.2523
9100 36.67 33.40 0.00 -1.1367 -0.8994 -0.8994
9125 36.60 32.65 0.00 -2.7352 -1.7145 -1.7145
9150 36.60 32.65 0.00 -2.7352 -1.7145 -1.7145
9175 36.44 31.86 0.00 -4.5297 -2.6649 -2.6649
9200 36.44 31.86 0.00 -4.5297 -2.6649 -2.6649
9225 36.21 31.06 0.00 -7.0439 -4.1492 -4.1492
9250 35.82 30.18 0.00 -10.9880 -5.7959 -5.7959
9275 35.34 29.39 0.00 -12.8288 -5.8658 -5.8658
9300 35.34 29.39 0.00 -12.8288 -5.8658 -5.8658
9325 34.91 28.90 0.00 -14.9174 -6.2601 -6.2601
9350 34.13 28.14 0.00 -15.9256 -5.2753 -5.2753
9375 34.13 28.14 0.00 -15.9256 -5.2753 -5.2753
9400 33.64 27.75 0.00 -16.4225 -5.8069 -5.8069
9425 33.05 27.36 0.00 -13.1446 -3.0446 -3.0446
9450 32.62 27.19 0.00 -9.7539 -2.1257 -2.1257
9475 32.62 27.19 0.00 -9.7539 -2.1257 -2.1257
9500 32.28 27.23 0.00 -7.7831 -2.1157 -2.1157
9525 31.99 27.34 0.00 -7.1732 -1.3993 -1.3993
9550 31.99 27.34 0.00 -7.1732 -1.3993 -1.3993
9575 31.72 27.38 0.00 -6.6613 -0.1189 -0.1189
9600 31.47 27.38 0.00 -5.5733 0.2932 0.2932
9625 31.29 27.37 0.00 -4.4385 -0.4663 -0.4663
9650 31.29 27.37 0.00 -4.4385 -0.4663 -0.4663
9675 31.16 27.35 0.00 -2.0755 -0.0080 -0.0080
9700 31.12 27.31 0.00 -0.1585 -0.7946 -0.7946
9725 31.12 27.31 0.00 -0.1585 -0.7946 -0.7946
9750 31.14 27.29 0.00 1.3216 -0.7265 -0.7265
9775 31.21 27.32 0.00 1.7699 0.5412 0.5412
9800 31.21 27.32 0.00 1.7699 0.5412 0.5412
9825 31.29 27.37 0.00 2.0299 2.0185 2.0185
9850 31.36 27.39 0.00 1.3306 1.8211 1.8211
9875 31.36 27.39 0.00 1.3306 1.8211 1.8211
9900 31.39 27.35 0.00 0.3453 0.9756 0.9756
9925 31.38 27.22 0.00 -0.7837 0.8988 0.8988
9950 31.38 27.22 0.00 -0.7837 0.8988 0.8988
9975 31.32 27.00 0.00 -1.6209 0.8544 0.8544
10000 31.25 26.72 0.00 -1.6764 0.9480 0.9480
10025 31.18 26.36 0.00 -1.9590 -0.3880 -0.3880
10050 31.18 26.36 0.00 -1.9590 -0.3880 -0.3880
10075 31.09 25.96 0.00 -2.4314 -0.8368 -0.8368
10100 30.98 25.50 0.00 -3.1842 -1.2225 -1.2225
10125 30.98 25.50 0.00 -3.1842 -1.2225 -1.2225
10150 30.85 25.07 0.00 -4.6415 -2.0038 -2.0038
10175 30.60 24.32 0.00 -7.0974 -2.6086 -2.6086
10200 30.33 23.55 0.00 -6.7813 -1.3318 -1.3318
10225 30.33 23.55 0.00 -6.7813 -1.3318 -1.3318
10250 30.00 22.71 0.00 -8.9165 -2.4577 -2.4577
10275 29.62 21.89 0.00 -10.1246 -3.6721 -3.6721
10300 29.62 21.89 0.00 -10.1246 -3.6721 -3.6721
10325 29.24 21.20 0.00 -9.4045 -4.5832 -4.5832
10350 28.87 20.64 0.00 -8.8629 -6.2402 -6.2402
10375 28.87 20.64 0.00 -8.8629 -6.2402 -6.2402
10400 28.53 20.17 0.00 -8.9430 -6.6557 -6.6557
10425 28.12 19.71 0.00 -10.3411 -7.3467 -7.3467
10450 27.70 19.15 0.00 -10.8684 -5.6813 -5.6813
10475 27.70 19.15 0.00 -10.8684 -5.6813 -5.6813
10500 27.26 18.57 0.00 -11.3447 -6.2698 -6.2698
10525 26.84 18.06 0.00 -9.2681 -4.9127 -4.9127
10550 26.84 18.06 0.00 -9.2681 -4.9127 -4.9127
10575 26.51 17.64 0.00 -7.9097 -3.6494 -3.6494
10600 26.23 17.33 0.00 -6.5668 -2.4344 -2.4344
10625 26.23 17.33 0.00 -6.5668 -2.4344 -2.4344
10650 26.01 17.11 0.00 -4.6368 -1.6948 -1.6948
10675 25.84 16.95 0.00 -4.1748 -2.7583 -2.7583
10700 25.68 16.86 0.00 -4.5089 -3.2067 -3.2067
10725 25.68 16.86 0.00 -4.5089 -3.2067 -3.2067
10750 25.47 16.80 0.00 -4.8489 -2.7367 -2.7367
10775 25.27 16.80 0.00 -5.5862 -2.2370 -2.2370
10800 25.27 16.80 0.00 -5.5862 -2.2370 -2.2370
10825 24.97 16.69 0.00 -9.6207 0.1233 0.1233
10850 24.38 16.42 0.00 -17.5678 8.7803 8.7803
10875 23.75 16.26 0.00 -23.7249 14.2010 14.2010
10900 23.75 16.26 0.00 -23.7249 14.2010 14.2010
10925 22.62 16.05 0.00 -30.6473 15.7762 15.7762
10950 20.95 15.53 0.00 -34.4923 14.7506 14.7506
10975 20.95 15.53 0.00 -34.4923 14.7506 14.7506
11000 19.90 15.22 0.00 -34.4063 13.9585 13.9585
11025 18.51 14.77 0.00 -35.0896 11.0507 11.0507
11050 18.51 14.77 0.00 -35.0896 11.0507 11.0507
11075 17.16 14.30 0.00 -33.2598 8.9900 8.9900
11100 15.92 13.88 0.00 -28.9057 6.2246 6.2246
11125 15.92 13.88 0.00 -28.9057 6.2246 6.2246
11150 14.94 13.57 0.00 -21.5715 2.8967 2.8967
11175 14.29 13.33 0.00 -12.8066 1.4918 1.4918
11200 14.29 13.33 0.00 -12.8066 1.4918 1.4918
11225 13.96 13.04 0.00 -5.3740 -0.1842 -0.1842
11250 13.92 12.68 0.00 1.7997 4.5267 4.5267
11275 14.12 12.40 0.00 6.5682 5.4428 5.4428
11300 14.12 12.40 0.00 6.5682 5.4428 5.4428
11325 14.45 12.24 0.00 9.3585 5.4347 5.4347
11350 14.84 12.07 0.00 9.9082 6.0402 6.0402
11375 15.25 11.90 0.00 9.9609 6.7029 6.7029
11400 15.25 11.90 0.00 9.9609 6.7029 6.7029
11425 15.65 11.75 0.00 9.6696 5.8960 5.8960
11450 16.00 11.70 0.00 8.6081 3.4468 3.4468
11475 16.00 11.70 0.00 8.6081 3.4468 3.4468
11500 16.31 11.78 0.00 6.2822 0.8228 0.8228
11525 16.50 11.92 0.00 4.1238 2.0629 2.0629
11550 16.50 11.92 0.00 4.1238 2.0629 2.0629
11575 16.64 12.09 0.00 3.2283 2.9907 2.9907
11600 16.75 12.24 0.00 2.6984 2.1214 2.1214
11625 16.75 12.24 0.00 2.6984 2.1214 2.1214
11650 16.85 12.35 0.00 2.4811 2.1394 2.1394
11675 16.93 12.47 0.00 1.1524 2.3632 2.3632
11700 16.93 12.47 0.00 1.1524 2.3632 2.3632
11725 16.89 12.51 0.00 -1.7236 0.3632 0.3632
11750 16.87 12.53 0.00 0.0234 3.6144 3.6144
11775 16.87 12.68 0.00 -0.5288 0.8989 0.8989
11800 16.87 12.68 0.00 -0.5288 0.8989 0.8989
11825 16.83 12.92 0.00 -0.4514 -0.8006 -0.8006
11850 16.83 13.28 0.00 -0.0810 -1.1639 -1.1639
11875 16.83 13.28 0.00 -0.0810 -1.1639 -1.1639
11900 16.83 13.65 0.00 -0.6721 -2.4710 -2.4710
11925 16.79 13.99 0.00 -0.4955 -1.5041 -1.5041
11950 16.75 14.37 0.00 -1.5095 -2.4107 -2.4107
11975 16.75 14.37 0.00 -1.5095 -2.4107 -2.4107
12000 16.66 14.67 0.00 -2.5733 -2.1017 -2.1017
12025 16.56 14.99 0.00 -2.4117 -2.3065 -2.3065
12050 16.56 14.99 0.00 -2.4117 -2.3065 -2.3065
12075 16.48 15.43 0.00 -1.4762 -2.4245 -2.4245
12100 16.50 16.04 0.00 1.4978 -0.0052 -0.0052
12125 16.50 16.04 0.00 1.4978 -0.0052 -0.0052
12150 16.62 16.80 0.00 4.1419 2.5871 2.5871
12175 16.72 17.72 0.00 0.4228 2.6671 2.6671
12200 16.72 17.72 0.00 0.4228 2.6671 2.6671
12225 16.64 18.67 0.00 -3.8212 8.1803 8.1803
12250 16.46 19.79 0.00 -4.2341 9.2360 9.2360
12275 16.31 20.95 0.00 -3.6951 5.9088 5.9088
12300 16.31 20.95 0.00 -3.6951 5.9088 5.9088
12325 16.21 21.62 0.00 -0.6275 2.5759 2.5759
12350 16.35 21.69 0.00 5.1311 -7.2697 -7.2697
12375 16.35 21.69 0.00 5.1311 -7.2697 -7.2697
12400 16.60 21.53 0.00 7.7794 -14.9274 -14.9274
12425 16.89 21.43 0.00 10.2094 -11.7628 -11.7628
12450 17.24 21.51 0.00 7.3308 -6.0424 -6.0424
12475 17.24 21.51 0.00 7.3308 -6.0424 -6.0424
12500 17.41 22.09 0.00 0.4609 1.3616 1.3616
12525 17.30 22.84 0.00 -4.2195 4.2974 4.2974
12550 17.12 23.43 0.00 -6.8897 4.5462 4.5462
12575 17.12 23.43 0.00 -6.8897 4.5462 4.5462
12600 16.81 24.35 0.00 -7.8696 4.5645 4.5645
12625 16.81 24.35 0.00 -7.8696 4.5645 4.5645
12650 16.48 25.29 0.00 -7.8046 4.5390 4.5390
12675 16.27 26.02 0.00 -3.6761 4.2439 4.2439
12700 16.27 26.02 0.00 -3.6761 4.2439 4.2439
12725 16.29 26.56 0.00 3.2014 2.3660 2.3660
12750 16.58 27.06 0.00 10.0483 0.8734 0.8734
12775 17.14 27.62 0.00 16.6566 1.8899 1.8899
12800 17.14 27.62 0.00 16.6566 1.8899 1.8899
12825 17.95 28.32 0.00 22.5264 5.1879 5.1879
12850 18.97 29.15 0.00 27.3815 8.7826 8.7826
12875 18.97 29.15 0.00 27.3815 8.7826 8.7826
12900 20.19 30.02 0.00 32.8561 10.4129 10.4129
12925 21.68 30.87 0.00 39.3480 10.3509 10.3509
12950 23.34 31.63 0.00 42.7259 9.9432 9.9432
12975 23.34 31.63 0.00 42.7259 9.9432 9.9432
13000 25.05 32.22 0.00 41.7626 7.2875 7.2875
13025 26.66 32.63 0.00 38.9254 5.8385 5.8385
13050 26.66 32.63 0.00 38.9254 5.8385 5.8385
13075 28.11 32.88 0.00 34.9083 4.6155 4.6155
13100 29.38 33.11 0.00 29.5849 1.6764 1.6764
13125 30.42 33.32 0.00 23.3573 -0.4721 -0.4721
13150 30.42 33.32 0.00 23.3573 -0.4721 -0.4721
13175 31.20 33.32 0.00 17.4313 -0.7926 -0.7926
13200 31.63 33.18 0.00 12.9014 -1.3301 -1.3301
13225 31.63 33.18 0.00 12.9014 -1.3301 -1.3301
13250 32.03 32.78 0.00 7.8703 -2.4711 -2.4711
13275 32.30 31.74 0.00 4.2517 -3.7010 -3.7010
13300 32.30 31.74 0.00 4.2517 -3.7010 -3.7010
13325 32.40 30.95 0.00 3.1590 -3.7374 -3.7374
13350 32.51 29.95 0.00 1.9207 -3.4502 -3.4502
13375 32.51 29.95 0.00 1.9207 -3.4502 -3.4502
13400 32.55 29.15 0.00 0.7140 -1.2585 -1.2585
13425 32.57 28.62 0.00 0.2886 0.7999 0.7999
13450 32.57 28.62 0.00 0.2886 0.7999 0.7999
13475 32.58 28.41 0.00 0.5744 0.7506 0.7506
13500 32.62 28.44 0.00 1.2347 -0.0064 -0.0064
13525 32.69 28.63 0.00 1.6353 -0.6829 -0.6829
13550 32.69 28.63 0.00 1.6353 -0.6829 -0.6829
13575 32.74 28.96 0.00 1.4731 -0.4383 -0.4383
13600 32.83 29.32 0.00 2.7952 0.8190 0.8190
13625 32.83 29.32 0.00 2.7952 0.8190 0.8190
13650 33.00 29.84 0.00 5.0632 1.4533 1.4533
13675 33.28 30.45 0.00 8.5349 3.7152 3.7152
13700 33.73 31.07 0.00 12.8694 7.5573 7.5573
13725 33.73 31.07 0.00 12.8694 7.5573 7.5573
13750 34.32 31.86 0.00 15.5295 8.1623 8.1623
13775 34.98 32.85 0.00 17.4353 9.1917 9.1917
13800 35.71 33.86 0.00 18.3033 11.2785 11.2785
13825 35.71 33.86 0.00 18.3033 11.2785 11.2785
13850 36.48 34.92 0.00 19.5018 12.1413 12.1413
13875 36.48 34.92 0.00 19.5018 12.1413 12.1413
13900 37.31 36.03 0.00 22.1175 13.0174 13.0174
13925 38.25 37.07 0.00 24.0943 13.0698 13.0698
13950 39.24 37.97 0.00 25.0106 13.0586 13.0586
13975 39.24 37.97 0.00 25.0106 13.0586 13.0586
14000 40.00 38.63 0.00 25.1237 12.2314 12.2314
14025 40.99 39.68 0.00 24.1959 11.8125 11.8125
14050 40.99 39.68 0.00 24.1959 11.8125 11.8125
14075 41.92 40.92 0.00 22.7897 11.5563 11.5563
14100 42.81 42.55 0.00 22.1061 12.0651 12.0651
14125 42.81 42.55 0.00 22.1061 12.0651 12.0651
14150 43.69 44.32 0.00 22.2560 13.0679 13.0679
14175 44.60 46.27 0.00 22.8669 11.1743 11.1743
14200 45.56 48.25 0.00 24.6955 12.3655 12.3655
14225 45.56 48.25 0.00 24.6955 12.3655 12.3655
14250 46.60 49.93 0.00 26.4963 13.6608 13.6608
14275 46.60 49.93 0.00 26.4963 13.6608 13.6608
14300 47.68 51.50 0.00 27.2476 12.3502 12.3502
14325 48.76 53.01 0.00 26.5195 11.5368 11.5368
14350 49.77 54.41 0.00 24.4113 13.0650 13.0650
14375 49.77 54.41 0.00 24.4113 13.0650 13.0650
14400 50.72 55.98 0.00 23.0739 12.9763 12.9763
14425 51.62 57.56 0.00 22.7291 12.7095 12.7095
14450 52.55 59.12 0.00 23.3280 11.1661 11.1661
14475 52.55 59.12 0.00 23.3280 11.1661 11.1661
14500 53.47 60.57 0.00 22.7976 7.2719 7.2719
14525 54.35 61.71 0.00 21.4426 4.4979 4.4979
14550 54.35 61.71 0.00 21.4426 4.4979 4.4979
14575 55.17 62.45 0.00 19.4839 1.6180 1.6180
14600 55.91 62.92 0.00 17.8575 1.3385 1.3385
14625 55.91 62.92 0.00 17.8575 1.3385 1.3385
14650 56.59 63.21 0.00 16.9064 1.4002 1.4002
14675 57.31 63.26 0.00 19.2771 0.7152 0.7152
14700 57.31 63.26 0.00 19.2771 0.7152 0.7152
14725 58.17 63.29 0.00 22.9057 0.9542 0.9542
14750 59.12 63.51 0.00 23.8538 2.1930 2.1930
14775 60.07 63.93 0.00 23.1637 4.2810 4.2810
14800 60.07 63.93 0.00 23.1637 4.2810 4.2810
14825 60.74 64.40 0.00 22.3191 6.2756 6.2756
14850 61.61 65.24 0.00 21.7992 7.8009 7.8009
14875 61.61 65.24 0.00 21.7992 7.8009 7.8009
14900 62.53 66.28 0.00 23.7420 8.6355 8.6355
14925 63.57 67.52 0.00 28.3193 9.6753 9.6753
14950 65.09 69.44 0.00 44.0046 21.0324 21.0324
14975 65.09 69.44 0.00 44.0046 21.0324 21.0324
15000 67.09 71.75 0.00 52.5892 22.9894 22.9894
15025 69.17 74.33 0.00 49.4132 21.1021 21.1021
15050 69.17 74.33 0.00 49.4132 21.1021 21.1021
15075 70.84 76.78 0.00 36.5428 14.6864 14.6864
15100 71.89 78.88 0.00 20.0418 13.4256 13.4256
15125 71.89 78.88 0.00 20.0418 13.4256 13.4256
15150 72.41 80.75 0.00 8.8882 9.6313 9.6313
15175 72.66 82.39 0.00 5.4534 5.6769 5.6769
15200 72.92 83.71 0.00 7.2842 3.7176 3.7176
15225 72.92 83.71 0.00 7.2842 3.7176 3.7176
15250 73.23 84.69 0.00 8.0506 0.7649 0.7649
15275 73.55 85.42 0.00 7.2553 0.2388 0.2388
15300 73.55 85.42 0.00 7.2553 0.2388 0.2388
15325 73.75 85.83 0.00 3.7580 -0.1512 -0.1512
15350 73.82 85.99 0.00 1.0290 1.7016 1.7016
15375 73.84 86.09 0.00 0.0570 1.6100 1.6100
15400 73.84 86.09 0.00 0.0570 1.6100 1.6100
15425 73.90 86.18 0.00 2.7437 1.9975 1.9975
15450 73.90 86.18 0.00 2.7437 1.9975 1.9975
15475 74.12 86.31 0.00 8.1084 3.0547 3.0547
15500 74.64 86.66 0.00 16.4772 3.3281 3.3281
15525 75.53 87.16 0.00 25.5557 4.0500 4.0500
15550 75.53 87.16 0.00 25.5557 4.0500 4.0500
15575 76.72 87.76 0.00 32.5489 3.1953 3.1953
15600 77.79 88.30 0.00 36.6581 2.6228 2.6228
15625 77.79 88.30 0.00 36.6581 2.6228 2.6228
15650 79.34 88.95 0.00 40.3659 3.2691 3.2691
15675 80.99 89.60 0.00 40.7378 7.3829 7.3829
15700 80.99 89.60 0.00 40.7378 7.3829 7.3829
15725 82.45 90.17 0.00 33.6594 10.6046 10.6046
15750 83.56 90.73 0.00 23.5468 10.7456 10.7456
15775 84.22 91.10 0.00 11.4164 7.1315 7.1315
15800 84.22 91.10 0.00 11.4164 7.1315 7.1315
15825 84.35 91.24 0.00 -0.4390 4.5661 4.5661
15850 84.14 91.21 0.00 -8.1027 1.8768 1.8768
15875 83.69 90.98 0.00 -12.6643 0.0087 0.0087
15900 83.69 90.98 0.00 -12.6643 0.0087 0.0087
15925 83.13 90.39 0.00 -14.2879 -0.8534 -0.8534
15950 82.55 89.50 0.00 -14.0898 -2.2433 -2.2433
15975 82.55 89.50 0.00 -14.0898 -2.2433 -2.2433
16000 82.03 88.50 0.00 -13.0002 -2.5002 -2.5002
16025 81.51 87.40 0.00 -12.6645 -2.6739 -2.6739
16050 81.51 87.40 0.00 -12.6645 -2.6739 -2.6739
16075 81.03 86.36 0.00 -11.2043 -0.5306 -0.5306
16100 80.63 85.48 0.00 -8.8635 0.7990 0.7990
16125 80.36 84.77 0.00 -5.6747 0.5602 0.5602
16150 80.36 84.77 0.00 -5.6747 0.5602 0.5602
16175 80.23 84.14 0.00 -1.8585 1.1225 1.1225
16200 80.25 83.63 0.00 1.8063 1.7952 1.7952
16225 80.25 83.63 0.00 1.8063 1.7952 1.7952
16250 80.40 83.21 0.00 4.3576 1.7428 1.7428
16275 80.61 82.96 0.00 6.3707 1.6462 1.6462
16300 80.61 82.96 0.00 6.3707 1.6462 1.6462
16325 81.01 82.95 0.00 12.6301 4.6877 4.6877
16350 81.72 83.06 0.00 21.1578 6.4750 6.4750
16375 82.43 83.22 0.00 24.8753 6.0733 6.0733
16400 82.43 83.22 0.00 24.8753 6.0733 6.0733
16425 83.44 83.55 0.00 24.2394 5.0863 5.0863
16450 84.28 83.89 0.00 18.0695 4.5996 4.5996
16475 84.28 83.89 0.00 18.0695 4.5996 4.5996
16500 84.76 84.13 0.00 9.0241 4.0845 4.0845
16525 84.92 84.30 0.00 0.3928 3.8946 3.8946
16550 84.92 84.30 0.00 0.3928 3.8946 3.8946
16575 84.80 84.52 0.00 -3.7652 3.6492 3.6492
16600 84.65 84.72 0.00 -3.8092 2.0515 2.0515
16625 84.65 84.72 0.00 -3.8092 2.0515 2.0515
16650 84.53 84.81 0.00 -2.5967 -0.7079 -0.7079
16675 84.41 84.82 0.00 -3.2523 -2.3947 -2.3947
16700 84.24 84.69 0.00 -4.8122 -1.4937 -1.4937
16725 84.24 84.69 0.00 -4.8122 -1.4937 -1.4937
16750 84.00 84.44 0.00 -6.3385 -0.5948 -0.5948
16775 83.75 84.06 0.00 -6.5941 -0.3982 -0.3982
16800 83.75 84.06 0.00 -6.5941 -0.3982 -0.3982
16825 83.50 83.46 0.00 -5.5993 -0.9569 -0.9569
16850 83.28 82.60 0.00 -5.8539 -1.5128 -1.5128
16875 83.28 82.60 0.00 -5.8539 -1.5128 -1.5128
16900 83.01 81.65 0.00 -7.2059 -1.9708 -1.9708
16925 82.72 80.68 0.00 -7.6613 -1.4227 -1.4227
16950 82.43 79.74 0.00 -6.1782 -0.6379 -0.6379
16975 82.43 79.74 0.00 -6.1782 -0.6379 -0.6379
17000 82.24 78.87 0.00 -4.0930 0.1057 0.1057
17025 82.13 78.06 0.00 -2.2258 0.3672 0.3672
17050 82.13 78.06 0.00 -2.2258 0.3672 0.3672
17075 82.09 77.33 0.00 -0.2963 0.6537 0.6537
17100 82.14 76.65 0.00 1.9291 1.3121 1.3121
17125 82.14 76.65 0.00 1.9291 1.3121 1.3121
17150 82.26 76.08 0.00 3.7185 1.0483 1.0483
17175 82.45 75.53 0.00 5.2193 1.4729 1.4729
17200 82.65 75.09 0.00 6.9781 2.3706 2.3706
17225 82.65 75.09 0.00 6.9781 2.3706 2.3706
17250 82.96 74.45 0.00 7.9450 1.1181 1.1181
17275 83.28 73.93 0.00 8.5613 0.7273 0.7273
17300 83.28 73.93 0.00 8.5613 0.7273 0.7273
17325 83.61 73.38 0.00 8.0419 1.1487 1.1487
17350 83.93 72.74 0.00 7.6099 1.1890 1.1890
17375 83.93 72.74 0.00 7.6099 1.1890 1.1890
17400 84.24 72.20 0.00 7.7854 1.6888 1.6888
17425 84.53 71.68 0.00 6.5075 1.5201 1.5201
17450 84.80 71.03 0.00 7.5517 0.9066 0.9066
17475 84.80 71.03 0.00 7.5517 0.9066 0.9066
17500 85.12 69.97 0.00 7.0647 4.8875 4.8875
17525 85.29 69.02 0.00 3.1005 6.3405 6.3405
17550 85.33 68.10 0.00 -0.2890 6.8596 6.8596
17575 85.33 68.10 0.00 -0.2890 6.8596 6.8596
17600 85.24 67.21 0.00 -3.5516 5.6003 5.6003
17625 85.04 66.24 0.00 -5.9688 5.6461 5.6461
17650 85.04 66.24 0.00 -5.9688 5.6461 5.6461
17675 84.75 65.23 0.00 -8.2560 4.4869 4.4869
17700 84.37 64.10 0.00 -9.7882 4.9508 4.9508
17725 84.37 64.10 0.00 -9.7882 4.9508 4.9508
17750 83.96 62.96 0.00 -10.7118 4.9187 4.9187
17775 83.96 62.96 0.00 -10.7118 4.9187 4.9187
17800 83.50 61.80 0.00 -12.1438 6.1086 6.1086
17825 82.96 60.76 0.00 -14.3938 6.5974 6.5974
17850 82.28 59.89 0.00 -18.2295 4.5203 4.5203
17875 82.28 59.89 0.00 -18.2295 4.5203 4.5203
17900 81.70 59.36 0.00 -19.1700 3.0223 3.0223
17925 80.96 58.81 0.00 -18.0895 0.5272 0.5272
17950 80.13 58.23 0.00 -15.5379 -1.0564 -1.0564
17975 80.13 58.23 0.00 -15.5379 -1.0564 -1.0564
18000 79.70 57.93 0.00 -13.5742 -2.0385 -2.0385
18025 79.20 57.54 0.00 -11.5451 -2.2738 -2.2738
18050 79.20 57.54 0.00 -11.5451 -2.2738 -2.2738
18075 78.79 57.23 0.00 -10.2427 -2.0228 -2.0228
18100 78.39 56.87 0.00 -9.4808 -1.2516 -1.2516
18125 78.03 56.57 0.00 -8.7474 -0.7426 -0.7426
18150 78.03 56.57 0.00 -8.7474 -0.7426 -0.7426
18175 77.68 56.23 0.00 -8.7072 -1.7845 -1.7845
18200 77.32 55.90 0.00 -9.2326 -2.0169 -2.0169
18225 77.32 55.90 0.00 -9.2326 -2.0169 -2.0169
18250 76.94 55.63 0.00 -9.2273 -1.2069 -1.2069
18275 76.61 55.39 0.00 -7.9585 -0.7943 -0.7943
18300 76.35 55.10 0.00 -5.7842 -0.0099 -0.0099
18325 76.35 55.10 0.00 -5.7842 -0.0099 -0.0099
18350 76.16 54.72 0.00 -3.9483 0.0773 0.0773
18375 76.05 54.24 0.00 -1.7844 0.6687 0.6687
18400 76.05 54.24 0.00 -1.7844 0.6687 0.6687
18425 76.01 53.72 0.00 -0.4051 0.5428 0.5428
18450 76.03 53.13 0.00 1.0501 0.9665 0.9665
18475 76.03 53.13 0.00 1.0501 0.9665 0.9665
18500 76.10 52.43 0.00 1.8997 1.6319 1.6319
18525 76.18 51.75 0.00 1.9181 1.8185 1.8185
18550 76.18 51.75 0.00 1.9181 1.8185 1.8185
18575 76.25 50.97 0.00 1.5070 1.5114 1.5114
18600 76.23 50.12 0.00 -2.2259 0.8537 0.8537
18625 76.23 50.12 0.00 -2.2259 0.8537 0.8537
18650 75.99 49.29 0.00 -8.2817 2.2353 2.2353
18675 75.69 48.59 0.00 -11.3693 4.4722 4.4722
18700 75.16 47.74 0.00 -13.9049 4.8161 4.8161
18725 75.16 47.74 0.00 -13.9049 4.8161 4.8161
18750 74.58 46.85 0.00 -14.2847 4.3959 4.3959
18775 74.01 45.85 0.00 -14.4010 3.5812 3.5812
18800 74.01 45.85 0.00 -14.4010 3.5812 3.5812
18825 73.44 44.78 0.00 -14.4158 2.2544 2.2544
18850 72.90 43.85 0.00 -12.4333 1.7232 1.7232
18875 72.90 43.85 0.00 -12.4333 1.7232 1.7232
18900 72.44 43.08 0.00 -11.0473 0.1500 0.1500
18925 72.04 42.40 0.00 -9.7555 -0.4873 -0.4873
18950 72.04 42.40 0.00 -9.7555 -0.4873 -0.4873
18975 71.69 41.80 0.00 -7.6675 0.1897 0.1897
19000 71.46 41.20 0.00 -4.7544 -0.4085 -0.4085
19025 71.33 40.66 0.00 -1.9683 0.6286 0.6286
19050 71.33 40.66 0.00 -1.9683 0.6286 0.6286
19075 71.29 40.24 0.00 -0.8325 -0.3739 -0.3739
19100 71.29 39.87 0.00 1.0762 1.1531 1.1531
19125 71.29 39.87 0.00 1.0762 1.1531 1.1531
19150 71.38 39.54 0.00 2.6284 1.6746 1.6746
19175 71.51 39.28 0.00 3.6131 0.9777 0.9777
19200 71.68 39.02 0.00 4.2659 1.2427 1.2427
19225 71.68 39.02 0.00 4.2659 1.2427 1.2427
19250 71.84 38.81 0.00 3.9726 1.5952 1.5952
19275 71.99 38.60 0.00 3.6841 1.9061 1.9061
19300 71.99 38.60 0.00 3.6841 1.9061 1.9061
19325 72.11 38.35 0.00 3.2156 1.7463 1.7463
19350 72.24 38.12 0.00 2.4675 1.1689 1.1689
19375 72.24 38.12 0.00 2.4675 1.1689 1.1689
19400 72.32 37.95 0.00 1.4117 0.4952 0.4952
19425 72.33 37.79 0.00 0.2144 0.3388 0.3388
19450 72.30 37.73 0.00 -1.5914 -0.2405 -0.2405
19475 72.30 37.73 0.00 -1.5914 -0.2405 -0.2405
19500 72.21 37.76 0.00 -2.6791 -0.4946 -0.4946
19525 72.11 37.77 0.00 -3.1991 -0.5693 -0.5693
19550 72.11 37.77 0.00 -3.1991 -0.5693 -0.5693
19575 71.97 37.70 0.00 -3.8305 -0.2525 -0.2525
19600 71.84 37.63 0.00 -2.9599 0.3928 0.3928
19625 71.84 37.63 0.00 -2.9599 0.3928 0.3928
19650 71.73 37.54 0.00 -2.6272 -0.9032 -0.9032
19675 71.60 37.55 0.00 -3.6382 -2.7360 -2.7360
19700 71.42 37.66 0.00 -4.9635 -3.7528 -3.7528
19725 71.42 37.66 0.00 -4.9635 -3.7528 -3.7528
19750 71.20 37.84 0.00 -5.5011 -4.4508 -4.4508
19775 70.98 37.97 0.00 -5.7037 -4.1399 -4.1399
19800 70.69 38.12 0.00 -9.8244 -4.5507 -4.5507
19825 70.69 38.12 0.00 -9.8244 -4.5507 -4.5507
19850 70.11 38.24 0.00 -17.4465 -1.7590 -1.7590
19875 70.11 38.24 0.00 -17.4465 -1.7590 -1.7590
19900 69.33 38.31 0.00 -20.1249 -2.4479 -2.4479
19925 68.57 38.52 0.00 -17.2356 -3.0605 -3.0605
19950 67.99 38.89 0.00 -13.1790 -3.0181 -3.0181
19975 67.99 38.89 0.00 -13.1790 -3.0181 -3.0181
20000 67.58 39.51 0.00 -7.1690 1.4392 1.4392
20025 67.60 40.22 0.00 4.3322 1.0803 1.0803
20050 67.60 40.22 0.00 4.3322 1.0803 1.0803
20075 67.83 40.54 0.00 6.4995 -3.0049 -3.0049
20100 68.03 40.81 0.00 3.4805 -2.5196 -2.5196
20125 68.03 40.81 0.00 3.4805 -2.5196 -2.5196
20150 68.08 40.86 0.00 -0.0002 -0.4045 -0.4045
20175 68.03 41.00 0.00 -1.8725 -0.0879 -0.0879
20200 68.03 41.00 0.00 -1.8725 -0.0879 -0.0879
20225 67.96 41.46 0.00 -1.0415 -1.4171 -1.4171
20250 67.97 42.18 0.00 1.3538 -2.5060 -2.5060
20275 68.05 43.05 0.00 0.8506 -2.9485 -2.9485
20300 68.05 43.05 0.00 0.8506 -2.9485 -2.9485
20325 68.03 43.79 0.00 -1.1549 -3.5845 -3.5845
20350 67.81 45.05 0.00 -9.1204 -1.7765 -1.7765
20375 67.34 46.22 0.00 -11.3769 -7.1598 -7.1598
20400 67.34 46.22 0.00 -11.3769 -7.1598 -7.1598
20425 66.86 47.04 0.00 -13.2989 -3.1698 -3.1698
20450 66.29 47.82 0.00 -15.0292 -4.9791 -4.9791
20475 66.29 47.82 0.00 -15.0292 -4.9791 -4.9791
20500 65.61 48.75 0.00 -18.9598 -3.2384 -3.2384
20525 64.77 49.64 0.00 -21.9102 -4.0418 -4.0418
20550 63.93 50.59 0.00 -20.6356 -5.1227 -5.1227
20575 63.93 50.59 0.00 -20.6356 -5.1227 -5.1227
20600 62.95 51.41 0.00 -27.6967 -7.3765 -7.3765
20625 62.95 51.41 0.00 -27.6967 -7.3765 -7.3765
20650 61.54 52.24 0.00 -41.8464 -9.6058 -9.6058
20675 59.35 53.01 0.00 -62.5310 -13.0631 -13.0631
20700 56.45 53.59 0.00 -78.3898 -17.0511 -17.0511
20725 56.45 53.59 0.00 -78.3898 -17.0511 -17.0511
20750 53.14 54.29 0.00 -84.6994 -18.0068 -18.0068
20775 49.69 55.21 0.00 -87.4089 -22.2489 -22.2489
20800 49.69 55.21 0.00 -87.4089 -22.2489 -22.2489
20825 46.19 56.44 0.00 -86.2073 -25.4357 -25.4357
20850 42.95 57.85 0.00 -77.3612 -28.7559 -28.7559
20875 40.25 59.34 0.00 -61.8236 -26.1790 -26.1790
20900 40.25 59.34 0.00 -61.8236 -26.1790 -26.1790
20925 38.59 60.55 0.00 -51.0673 -20.9265 -20.9265
20950 36.78 62.38 0.00 -42.0745 -17.8092 -17.8092
20975 36.78 62.38 0.00 -42.0745 -17.8092 -17.8092
21000 35.29 64.89 0.00 -33.8419 -15.6619 -15.6619
21025 34.18 67.24 0.00 -23.5615 -11.2259 -11.2259
21050 34.18 67.24 0.00 -23.5615 -11.2259 -11.2259
21075 33.50 69.23 0.00 -13.1938 -8.9711 -8.9711
21100 33.23 70.60 0.00 -3.4397 -5.5119 -5.5119
21125 33.36 71.69 0.00 7.6960 -4.6279 -4.6279
21150 33.36 71.69 0.00 7.6960 -4.6279 -4.6279
21175 33.86 72.51 0.00 14.3252 -3.2700 -3.2700
21200 34.50 73.29 0.00 16.7589 -0.2662 -0.2662
21225 34.50 73.29 0.00 16.7589 -0.2662 -0.2662
21250 35.13 74.08 0.00 14.3987 -0.7677 -0.7677
21275 35.63 74.88 0.00 11.5155 -0.9415 -0.9415
21300 35.63 74.88 0.00 11.5155 -0.9415 -0.9415
21325 36.03 75.64 0.00 9.5963 -0.9632 -0.9632
21350 36.43 76.25 0.00 10.2262 -2.6732 -2.6732
21375 36.43 76.25 0.00 10.2262 -2.6732 -2.6732
21400 36.83 76.67 0.00 9.9280 -3.8316 -3.8316
21425 37.15 76.85 0.00 6.1750 -3.5374 -3.5374
21450 37.26 76.83 0.00 0.1768 -1.6882 -1.6882
21475 37.26 76.83 0.00 0.1768 -1.6882 -1.6882
21500 37.12 76.79 0.00 -6.6921 0.6019 0.6019
21525 36.69 76.87 0.00 -14.0978 -0.6180 -0.6180
21550 36.69 76.87 0.00 -14.0978 -0.6180 -0.6180
21575 35.98 77.13 0.00 -19.4334 -2.6205 -2.6205
21600 35.07 77.65 0.00 -25.3088 -5.4324 -5.4324
21625 33.91 78.52 0.00 -30.4924 -10.2269 -10.2269
21650 33.91 78.52 0.00 -30.4924 -10.2269 -10.2269
21675 32.67 79.92 0.00 -31.0487 -9.6787 -9.6787
21700 31.48 81.71 0.00 -28.4826 -8.4919 -8.4919
21725 31.48 81.71 0.00 -28.4826 -8.4919 -8.4919
21750 30.40 83.41 0.00 -26.2785 -9.8918 -9.8918
21775 29.40 84.72 0.00 -24.9471 -10.3344 -10.3344
21800 29.40 84.72 0.00 -24.9471 -10.3344 -10.3344
21825 28.45 85.70 0.00 -22.5067 -6.4790 -6.4790
21850 27.61 86.37 0.00 -20.1847 -6.3130 -6.3130
21875 27.04 86.70 0.00 -18.9691 -5.8989 -5.8989
21900 27.04 86.70 0.00 -18.9691 -5.8989 -5.8989
21925 26.34 86.90 0.00 -15.5124 -5.6226 -5.6226
21950 25.84 86.88 0.00 -11.4750 -5.2546 -5.2546
21975 25.84 86.88 0.00 -11.4750 -5.2546 -5.2546
22000 25.44 86.73 0.00 -9.5296 -5.8406 -5.8406
22025 25.10 86.63 0.00 -7.4450 -6.3324 -6.3324
22050 24.84 86.47 0.00 -6.2363 -4.7175 -4.7175
22075 24.84 86.47 0.00 -6.2363 -4.7175 -4.7175
22100 24.58 86.26 0.00 -6.6374 -3.9812 -3.9812
22125 24.31 85.83 0.00 -6.6747 -4.0148 -4.0148
22150 24.31 85.83 0.00 -6.6747 -4.0148 -4.0148
22175 24.05 85.18 0.00 -6.7668 -3.9874 -3.9874
22200 23.75 84.42 0.00 -8.5166 -3.3321 -3.3321
22225 23.75 84.42 0.00 -8.5166 -3.3321 -3.3321
22250 23.34 83.70 0.00 -10.9783 -3.7874 -3.7874
22275 22.89 83.11 0.00 -11.7473 -4.6383 -4.6383
22300 22.89 83.11 0.00 -11.7473 -4.6383 -4.6383
22325 22.36 82.69 0.00 -14.2222 -5.2607 -5.2607
22350 21.63 82.37 0.00 -21.6908 -3.2979 -3.2979
22375 20.59 82.34 0.00 -28.4294 -3.7313 -3.7313
22400 20.59 82.34 0.00 -28.4294 -3.7313 -3.7313
22425 19.37 82.46 0.00 -31.4853 -5.4384 -5.4384
22450 18.12 82.62 0.00 -30.4375 -8.0215 -8.0215
22475 18.12 82.62 0.00 -30.4375 -8.0215 -8.0215
22500 17.02 82.74 0.00 -25.8867 -7.0310 -7.0310
22525 16.11 82.87 0.00 -20.7405 -6.2910 -6.2910
22550 16.11 82.87 0.00 -20.7405 -6.2910 -6.2910
22575 15.47 83.04 0.00 -12.4022 -7.0080 -7.0080
22600 15.22 83.27 0.00 -3.7344 -5.7156 -5.7156
22625 15.18 83.49 0.00 0.5108 -4.1928 -4.1928
22650 15.18 83.49 0.00 0.5108 -4.1928 -4.1928
22675 15.29 83.83 0.00 3.5624 -0.9074 -0.9074
22700 15.43 84.01 0.00 3.1149 -0.1199 -0.1199
22725 15.43 84.01 0.00 3.1149 -0.1199 -0.1199
22750 15.55 84.08 0.00 2.7876 0.0782 0.0782
22775 15.61 84.02 0.00 0.2141 -0.9437 -0.9437
22800 15.55 83.95 0.00 -1.7393 -0.9620 -0.9620
22825 15.55 83.95 0.00 -1.7393 -0.9620 -0.9620
22850 15.47 83.91 0.00 -2.1734 -1.1536 -1.1536
22875 15.39 83.84 0.00 -1.6616 -1.0449 -1.0449
22900 15.39 83.84 0.00 -1.6616 -1.0449 -1.0449
22925 15.37 83.81 0.00 0.1333 -1.1635 -1.1635
22950 15.39 83.79 0.00 0.5814 -0.8304 -0.8304
22975 15.39 83.79 0.00 0.5814 -0.8304 -0.8304
23000 15.41 83.75 0.00 0.3082 -0.5441 -0.5441
23025 15.41 83.69 0.00 -0.1229 -0.4080 -0.4080
23050 15.39 83.54 0.00 -1.3026 -1.7322 -1.7322
23075 15.39 83.54 0.00 -1.3026 -1.7322 -1.7322
23100 15.29 83.32 0.00 -2.4875 -0.1321 -0.1321
23125 15.20 83.12 0.00 -2.6320 -0.5269 -0.5269
23150 15.20 83.12 0.00 -2.6320 -0.5269 -0.5269
23175 15.10 82.90 0.00 -1.8506 -1.9772 -1.9772
23200 15.04 82.64 0.00 -1.0718 -3.0401 -3.0401
23225 15.04 82.64 0.00 -1.0718 -3.0401 -3.0401
23250 15.00 82.36 0.00 -1.5616 -3.4822 -3.4822
23275 14.92 81.99 0.00 -1.7723 -3.5284 -3.5284
23300 14.86 81.59 0.00 -1.7163 -4.8791 -4.8791
23325 14.86 81.59 0.00 -1.7163 -4.8791 -4.8791
23350 14.80 81.14 0.00 -1.3819 -3.9756 -3.9756
23375 14.80 81.14 0.00 -1.3819 -3.9756 -3.9756
23400 14.73 80.70 0.00 -1.9784 -4.1788 -4.1788
23425 14.67 80.38 0.00 -2.1735 -4.3841 -4.3841
23450 14.61 80.01 0.00 -0.8469 -3.6330 -3.6330
23475 14.61 80.01 0.00 -0.8469 -3.6330 -3.6330
23500 14.67 79.68 0.00 3.1019 -2.9677 -2.9677
23525 14.92 79.38 0.00 8.5952 -2.7709 -2.7709
23550 14.92 79.38 0.00 8.5952 -2.7709 -2.7709
23575 15.39 79.07 0.00 13.9886 -1.6043 -1.6043
23600 16.11 78.82 0.00 21.6097 -0.2395 -0.2395
23625 17.20 78.62 0.00 30.6073 1.3636 1.3636
23650 17.20 78.62 0.00 30.6073 1.3636 1.3636
23675 18.57 78.42 0.00 35.7506 2.7354 2.7354
23700 20.04 78.26 0.00 37.3723 3.9519 3.9519
23725 20.04 78.26 0.00 37.3723 3.9519 3.9519
23750 21.53 78.17 0.00 37.2017 5.1211 5.1211
23775 22.92 78.14 0.00 33.1074 5.3819 5.3819
23800 24.16 78.18 0.00 29.3183 5.9198 5.9198
23825 24.16 78.18 0.00 29.3183 5.9198 5.9198
23850 25.25 78.20 0.00 25.9376 6.4881 6.4881
23875 25.25 78.20 0.00 25.9376 6.4881 6.4881
23900 26.25 78.16 0.00 24.2257 5.1023 5.1023
23925 27.21 78.04 0.00 23.7076 3.3791 3.3791
23950 28.12 77.91 0.00 21.8254 2.5271 2.5271
23975 28.12 77.91 0.00 21.8254 2.5271 2.5271
24000 28.91 77.80 0.00 18.2727 2.9361 2.9361
24025 29.51 77.67 0.00 12.7434 2.6319 2.6319
24050 29.89 77.52 0.00 7.5346 3.3222 3.3222
24075 29.89 77.52 0.00 7.5346 3.3222 3.3222
24100 30.09 77.34 0.00 3.8778 4.4650 4.4650
24125 30.22 77.13 0.00 3.1720 4.7629 4.7629
24150 30.22 77.13 0.00 3.1720 4.7629 4.7629
24175 30.38 76.88 0.00 4.7988 3.9548 3.9548
24200 30.56 76.64 0.00 6.5968 3.1258 3.1258
24225 30.56 76.64 0.00 6.5968 3.1258 3.1258
24250 30.87 76.34 0.00 8.8193 1.6379 1.6379
24275 31.30 76.02 0.00 12.2522 0.3214 0.3214
24300 31.88 75.66 0.00 15.3654 -1.4177 -1.4177
24325 31.88 75.66 0.00 15.3654 -1.4177 -1.4177
24350 32.55 75.15 0.00 17.4560 -3.6734 -3.6734
24375 33.36 74.61 0.00 22.1794 -2.0978 -2.0978
24400 33.36 74.61 0.00 22.1794 -2.0978 -2.0978
24425 34.36 74.03 0.00 26.6957 -1.8885 -1.8885
24450 35.54 73.34 0.00 31.5637 -1.9697 -1.9697
24475 35.54 73.34 0.00 31.5637 -1.9697 -1.9697
24500 36.94 72.64 0.00 37.2413 -2.2238 -2.2238
24525 38.55 71.91 0.00 42.6434 -3.1790 -3.1790
24550 38.55 71.91 0.00 42.6434 -3.1790 -3.1790
24575 40.41 71.14 0.00 47.9770 -3.0084 -3.0084
24600 42.36 70.39 0.00 49.1957 -2.8177 -2.8177
24625 42.36 70.39 0.00 49.1957 -2.8177 -2.8177
24650 44.34 69.68 0.00 49.3312 -0.9679 -0.9679
24675 46.26 69.09 0.00 47.0892 1.0812 1.0812
24700 48.04 68.53 0.00 42.7874 3.6667 3.6667
24725 48.04 68.53 0.00 42.7874 3.6667 3.6667
24750 49.67 68.06 0.00 39.0583 6.3643 6.3643
24775 51.12 67.65 0.00 34.7119 8.0720 8.0720
24800 51.12 67.65 0.00 34.7119 8.0720 8.0720
24825 52.39 67.34 0.00 29.9623 8.4503 8.4503
24850 53.47 67.07 0.00 24.9197 8.2285 8.2285
24875 54.33 66.87 0.00 19.5214 8.4863 8.4863
24900 54.33 66.87 0.00 19.5214 8.4863 8.4863
24925 55.00 66.70 0.00 15.2149 9.2215 9.2215
24950 55.40 66.57 0.00 12.6277 8.9653 8.9653
24975 55.82 66.48 0.00 9.8667 7.3851 7.3851
25000 55.82 66.48 0.00 9.8667 7.3851 7.3851
25025 56.20 66.48 0.00 9.1601 6.7300 6.7300
25050 56.20 66.48 0.00 9.1601 6.7300 6.7300
25075 56.52 66.51 0.00 7.8046 4.6464 4.6464
25100 56.82 66.55 0.00 7.0213 3.3699 3.3699
25125 57.06 66.51 0.00 5.5629 2.9670 2.9670
25150 57.06 66.51 0.00 5.5629 2.9670 2.9670
25175 57.24 66.42 0.00 3.7376 3.4503 3.4503
25200 57.36 66.30 0.00 2.4648 2.6647 2.6647
25225 57.36 66.30 0.00 2.4648 2.6647 2.6647
25250 57.45 66.16 0.00 2.4926 2.4780 2.4780
25275 57.57 65.94 0.00 3.1094 1.5679 1.5679
25300 57.71 65.77 0.00 3.6443 1.1263 1.1263
25325 57.71 65.77 0.00 3.6443 1.1263 1.1263
25350 57.91 65.59 0.00 6.2617 2.6938 2.6938
25375 58.24 65.32 0.00 9.6571 3.2416 3.2416
25400 58.24 65.32 0.00 9.6571 3.2416 3.2416
25425 58.71 64.98 0.00 13.2324 2.9176 2.9176
25450 59.31 64.57 0.00 15.8377 1.6512 1.6512
25475 59.31 64.57 0.00 15.8377 1.6512 1.6512
25500 59.98 63.96 0.00 17.4192 -0.7801 -0.7801
25525 60.70 63.32 0.00 18.5748 -2.0432 -2.0432
25550 60.70 63.32 0.00 18.5748 -2.0432 -2.0432
25575 61.48 62.69 0.00 19.7564 -5.5209 -5.5209
25600 62.26 62.09 0.00 19.3676 -7.2654 -7.2654
25625 62.26 62.09 0.00 19.3676 -7.2654 -7.2654
25650 63.01 61.52 0.00 17.6908 -6.6695 -6.6695
25675 63.66 61.06 0.00 16.2028 -3.3657 -3.3657
25700 64.25 60.61 0.00 13.6391 0.7915 0.7915
25725 64.25 60.61 0.00 13.6391 0.7915 0.7915
25750 64.61 60.29 0.00 11.2631 3.9991 3.9991
25775 64.98 59.93 0.00 7.9414 5.8687 5.8687
25800 64.98 59.93 0.00 7.9414 5.8687 5.8687
25825 65.28 59.54 0.00 8.2888 5.3999 5.3999
25850 65.66 59.14 0.00 9.9168 3.7990 3.7990
25875 66.04 58.78 0.00 8.7350 3.5687 3.5687
25900 66.04 58.78 0.00 8.7350 3.5687 3.5687
25925 66.34 58.47 0.00 6.6205 3.7934 3.7934
25950 66.54 58.23 0.00 3.5508 2.7940 2.7940
25975 66.54 58.23 0.00 3.5508 2.7940 2.7940
26000 66.63 58.12 0.00 1.5294 1.9146 1.9146
26025 66.63 58.12 0.00 1.5294 1.9146 1.9146
26050 66.64 58.03 0.00 0.2735 1.2224 1.2224
26075 66.66 57.97 0.00 0.6883 0.1915 0.1915
26100 66.72 57.92 0.00 2.0257 -0.3140 -0.3140
26125 66.86 57.82 0.00 4.3071 0.0778 0.0778
26150 66.86 57.82 0.00 4.3071 0.0778 0.0778
26175 67.08 57.71 0.00 5.9056 0.2446 0.2446
26200 67.36 57.55 0.00 8.4586 1.1154 1.1154
26225 67.36 57.55 0.00 8.4586 1.1154 1.1154
26250 67.76 57.41 0.00 10.7905 1.7624 1.7624
26275 68.25 57.29 0.00 13.0137 2.6966 2.6966
26300 68.25 57.29 0.00 13.0137 2.6966 2.6966
26325 68.86 57.22 0.00 17.0888 5.0032 5.0032
26350 69.62 57.19 0.00 19.3866 5.9017 5.9017
26375 69.62 57.19 0.00 19.3866 5.9017 5.9017
26400 70.44 57.09 0.00 21.7499 6.6158 6.6158
26425 71.38 57.06 0.00 24.3696 7.3400 7.3400
26450 72.35 57.06 0.00 23.8493 6.0493 6.0493
26475 72.35 57.06 0.00 23.8493 6.0493 6.0493
26500 73.25 57.05 0.00 20.8594 5.5333 5.5333
26525 73.80 57.01 0.00 17.0167 4.5852 4.5852
26550 74.32 56.95 0.00 10.7264 4.1251 4.1251
26575 74.32 56.95 0.00 10.7264 4.1251 4.1251
26600 74.60 56.87 0.00 4.9916 3.8401 3.8401
26625 74.67 56.75 0.00 0.6701 4.0837 4.0837
26650 74.67 56.75 0.00 0.6701 4.0837 4.0837
26675 74.65 56.70 0.00 -1.4902 2.8465 2.8465
26700 74.54 56.63 0.00 -2.8073 1.9000 1.9000
26725 74.54 56.63 0.00 -2.8073 1.9000 1.9000
26750 74.43 56.54 0.00 -2.8329 1.6102 1.6102
26775 74.32 56.42 0.00 -2.7590 0.9360 0.9360
26800 74.32 56.42 0.00 -2.7590 0.9360 0.9360
26825 74.21 56.25 0.00 -3.3819 0.4265 0.4265
26850 74.03 55.97 0.00 -5.5403 -0.0121 -0.0121
26875 74.03 55.97 0.00 -5.5403 -0.0121 -0.0121
26900 73.73 55.61 0.00 -7.8621 -0.0124 -0.0124
26925 73.40 55.14 0.00 -8.4064 -0.5711 -0.5711
26950 73.09 54.56 0.00 -7.8718 -0.6116 -0.6116
26975 73.09 54.56 0.00 -7.8718 -0.6116 -0.6116
27000 72.81 54.01 0.00 -5.4609 -0.0664 -0.0664
27025 72.74 53.51 0.00 0.5004 0.6306 0.6306
27050 72.74 53.51 0.00 0.5004 0.6306 0.6306
27075 72.87 53.06 0.00 4.2045 -1.1268 -1.1268
27100 73.11 52.68 0.00 6.5727 -0.1265 -0.1265
27125 73.36 52.29 0.00 5.9249 0.4394 0.4394
27150 73.36 52.29 0.00 5.9249 0.4394 0.4394
27175 73.57 51.83 0.00 4.3015 0.6745 0.6745
27200 73.69 51.34 0.00 2.5174 1.1139 1.1139
27225 73.69 51.34 0.00 2.5174 1.1139 1.1139
27250 73.73 50.99 0.00 1.1117 1.3737 1.3737
27275 73.75 50.60 0.00 -0.0020 2.3946 2.3946
27300 73.75 50.60 0.00 -0.0020 2.3946 2.3946
27325 73.73 50.24 0.00 -0.5511 1.6740 1.6740
27350 73.75 49.94 0.00 0.8456 2.5581 2.5581
27375 73.80 49.69 0.00 1.2784 2.1146 2.1146
27400 73.80 49.69 0.00 1.2784 2.1146 2.1146
27425 73.84 49.53 0.00 0.9278 1.8527 1.8527
27450 73.84 49.46 0.00 -0.3923 2.2789 2.2789
27475 73.84 49.46 0.00 -0.3923 2.2789 2.2789
27500 73.77 49.33 0.00 -3.0076 1.7971 1.7971
27525 73.58 49.05 0.00 -5.8032 0.8960 0.8960
27550 73.58 49.05 0.00 -5.8032 0.8960 0.8960
27575 73.29 48.69 0.00 -7.9513 0.4303 0.4303
27600 72.94 48.27 0.00 -9.5109 0.0107 0.0107
27625 72.52 47.76 0.00 -11.4170 0.3552 0.3552
27650 72.52 47.76 0.00 -11.4170 0.3552 0.3552
27675 72.02 47.04 0.00 -13.2406 -0.3597 -0.3597
27700 71.44 46.20 0.00 -15.5597 -1.5104 -1.5104
27725 70.73 45.16 0.00 -18.7028 -2.3176 -2.3176
27750 70.73 45.16 0.00 -18.7028 -2.3176 -2.3176
27775 69.93 44.07 0.00 -21.1001 -0.9064 -0.9064
27800 69.04 43.00 0.00 -22.1785 0.0267 0.0267
27825 69.04 43.00 0.00 -22.1785 0.0267 0.0267
27850 68.19 41.88 0.00 -20.9326 0.0451 0.0451
27875 67.42 40.80 0.00 -17.6357 -0.7750 -0.7750
27900 67.42 40.80 0.00 -17.6357 -0.7750 -0.7750
27925 66.84 39.75 0.00 -12.6538 -1.4274 -1.4274
27950 66.84 39.75 0.00 -12.6538 -1.4274 -1.4274
27975 66.45 38.75 0.00 -8.1066 -2.5772 -2.5772
28000 66.18 37.83 0.00 -6.2349 -3.7041 -3.7041
28025 65.96 37.00 0.00 -5.3188 -3.5490 -3.5490
28050 65.96 37.00 0.00 -5.3188 -3.5490 -3.5490
28075 65.73 36.31 0.00 -5.6889 -3.5183 -3.5183
28100 65.57 35.92 0.00 -5.0445 -2.6153 -2.6153
28125 65.41 35.50 0.00 -3.3702 -1.0031 -1.0031
28150 65.41 35.50 0.00 -3.3702 -1.0031 -1.0031
28175 65.32 35.14 0.00 -1.8838 -0.2541 -0.2541
28200 65.28 34.92 0.00 -0.5994 0.3857 0.3857
28225 65.28 34.92 0.00 -0.5994 0.3857 0.3857
28250 65.25 34.80 0.00 -0.5517 0.2890 0.2890
28275 65.21 34.72 0.00 -1.1413 0.0364 0.0364
28300 65.21 34.72 0.00 -1.1413 0.0364 0.0364
28325 65.16 34.70 0.00 -1.3300 0.0751 0.0751
28350 65.12 34.71 0.00 -1.2238 -0.1481 -0.1481
28375 65.12 34.71 0.00 -1.2238 -0.1481 -0.1481
28400 65.07 34.79 0.00 -1.1486 -0.5866 -0.5866
28425 65.02 34.85 0.00 -1.3910 -0.6329 -0.6329
28450 64.95 34.90 0.00 -2.3824 -0.7929 -0.7929
28475 64.95 34.90 0.00 -2.3824 -0.7929 -0.7929
28500 64.86 34.96 0.00 -1.9651 1.3109 1.3109
28525 64.77 35.09 0.00 -2.7190 -0.3243 -0.3243
28550 64.77 35.09 0.00 -2.7190 -0.3243 -0.3243
28575 64.62 35.28 0.00 -3.8869 -2.0362 -2.0362
28600 64.41 35.46 0.00 -6.4448 -3.2399 -3.2399
28625 64.09 35.51 0.00 -8.8502 -3.9278 -3.9278
28650 64.09 35.51 0.00 -8.8502 -3.9278 -3.9278
28675 63.70 35.51 0.00 -10.2072 -3.9861 -3.9861
28700 63.25 35.44 0.00 -11.6162 -5.5316 -5.5316
28725 63.25 35.44 0.00 -11.6162 -5.5316 -5.5316
28750 62.77 35.30 0.00 -12.3817 -5.7906 -5.7906
28775 62.77 35.30 0.00 -12.3817 -5.7906 -5.7906
28800 62.24 35.14 0.00 -13.4718 -5.8209 -5.8209
28825 61.71 34.94 0.00 -13.5519 -5.3961 -5.3961
28850 61.31 34.78 0.00 -12.8456 -4.8700 -4.8700
28875 61.31 34.78 0.00 -12.8456 -4.8700 -4.8700
28900 60.81 34.66 0.00 -12.6391 -3.6072 -3.6072
28925 60.30 34.54 0.00 -12.7004 -1.2942 -1.2942
28950 60.30 34.54 0.00 -12.7004 -1.2942 -1.2942
28975 59.79 34.44 0.00 -12.2540 0.4475 0.4475
29000 59.33 34.29 0.00 -11.4830 0.7782 0.7782
29025 59.33 34.29 0.00 -11.4830 0.7782 0.7782
29050 58.89 34.06 0.00 -10.4098 0.5481 0.5481
29075 58.49 33.79 0.00 -9.8467 -0.6277 -0.6277
29100 58.12 33.58 0.00 -9.1348 -1.8809 -1.8809
29125 58.12 33.58 0.00 -9.1348 -1.8809 -1.8809
29150 57.78 33.39 0.00 -7.7562 -3.1675 -3.1675
29175 57.50 33.19 0.00 -6.9925 -4.6656 -4.6656
29200 57.26 33.02 0.00 -5.2030 -2.7811 -2.7811
29225 57.26 33.02 0.00 -5.2030 -2.7811 -2.7811
29250 57.06 32.86 0.00 -4.6438 -2.5840 -2.5840
29275 56.87 32.68 0.00 -4.6454 -2.5683 -2.5683
29300 56.87 32.68 0.00 -4.6454 -2.5683 -2.5683
29325 56.69 32.48 0.00 -4.5398 -1.8035 -1.8035
29350 56.52 32.26 0.00 -4.4236 -1.6020 -1.6020
29375 56.52 32.26 0.00 -4.4236 -1.6020 -1.6020
29400 56.34 32.00 0.00 -3.7944 -0.7823 -0.7823
29425 56.19 31.63 0.00 -4.3523 -1.6199 -1.6199
29450 56.03 31.20 0.00 -4.1322 -0.7610 -0.7610
29475 56.03 31.20 0.00 -4.1322 -0.7610 -0.7610
29500 55.85 30.77 0.00 -4.3072 -0.9816 -0.9816
29525 55.68 30.40 0.00 -4.3329 -1.0742 -1.0742
29550 55.68 30.40 0.00 -4.3329 -1.0742 -1.0742
29575 55.47 30.20 0.00 -5.8209 -1.2204 -1.2204
29600 55.17 30.10 0.00 -8.2887 -0.3507 -0.3507
29625 55.17 30.10 0.00 -8.2887 -0.3507 -0.3507
29650 54.87 30.06 0.00 -11.3592 -0.3290 -0.3290
29675 54.31 30.03 0.00 -15.6804 -1.3392 -1.3392
29700 53.49 30.03 0.00 -25.4617 -3.8393 -3.8393
29725 53.49 30.03 0.00 -25.4617 -3.8393 -3.8393
29750 52.09 30.06 0.00 -39.0071 0.6249 0.6249
29775 50.35 30.34 0.00 -45.4290 8.5054 8.5054
29800 50.35 30.34 0.00 -45.4290 8.5054 8.5054
29825 48.53 30.69 0.00 -44.9882 10.4229 10.4229
29850 48.53 30.69 0.00 -44.9882 10.4229 10.4229
29875 46.82 30.97 0.00 -40.2729 5.9231 5.9231
29900 45.48 31.11 0.00 -29.4406 4.4417 4.4417
29925 44.57 31.07 0.00 -18.6622 2.8530 2.8530
29950 44.06 30.99 0.00 -9.1641 0.9926 0.9926
29975 44.06 30.99 0.00 -9.1641 0.9926 0.9926
30000 43.87 30.91 0.00 -1.7617 0.6384 0.6384
30025 43.87 30.91 0.00 -1.7617 0.6384 0.6384
30050 43.92 30.80 0.00 3.1779 -0.8726 -0.8726
30075 44.11 30.73 0.00 5.5326 -0.8548 -0.8548
30100 44.32 30.65 0.00 4.9874 0.3388 0.3388
30125 44.32 30.65 0.00 4.9874 0.3388 0.3388
30150 44.50 30.57 0.00 4.1778 1.3477 1.3477
30175 44.65 30.47 0.00 3.3793 1.2716 1.2716
30200 44.65 30.47 0.00 3.3793 1.2716 1.2716
30225 44.79 30.37 0.00 3.7257 1.5372 1.5372
30250 44.93 30.31 0.00 3.9719 1.3765 1.3765
30275 45.11 30.35 0.00 4.5879 0.2856 0.2856
30300 45.11 30.35 0.00 4.5879 0.2856 0.2856
30325 45.32 30.48 0.00 5.0029 -0.2270 -0.2270
30350 45.53 30.70 0.00 5.3416 -0.1022 -0.1022
30375 45.53 30.70 0.00 5.3416 -0.1022 -0.1022
30400 45.76 30.95 0.00 6.1008 -0.0828 -0.0828
30425 45.95 31.18 0.00 6.7762 -0.3456 -0.3456
30450 45.95 31.18 0.00 6.7762 -0.3456 -0.3456
30475 46.25 31.60 0.00 7.5075 -0.6523 -0.6523
30500 46.54 32.34 0.00 8.0126 -2.4355 -2.4355
30525 46.87 33.55 0.00 8.1307 -5.1325 -5.1325
30550 46.87 33.55 0.00 8.1307 -5.1325 -5.1325
30575 47.21 35.29 0.00 8.2877 -3.9686 -3.9686
30600 47.50 37.02 0.00 6.0005 -1.7319 -1.7319
30625 47.50 37.02 0.00 6.0005 -1.7319 -1.7319
30650 47.70 38.07 0.00 4.8721 2.6740 2.6740
30675 47.87 38.56 0.00 4.0300 2.9902 2.9902
30700 48.01 38.72 0.00 2.9843 0.6159 0.6159
30725 48.01 38.72 0.00 2.9843 0.6159 0.6159
30750 48.10 38.76 0.00 1.2260 -0.8481 -0.8481
30775 48.10 38.76 0.00 1.2260 -0.8481 -0.8481
30800 48.08 38.76 0.00 -1.5777 -2.4517 -2.4517
30825 47.99 38.68 0.00 -1.7506 -0.3459 -0.3459
30850 47.96 38.50 0.00 -0.5565 0.7524 0.7524
30875 47.96 38.50 0.00 -0.5565 0.7524 0.7524
30900 47.98 38.25 0.00 1.4358 0.1722 0.1722
30925 48.06 37.83 0.00 2.1463 -0.0732 -0.0732
30950 48.06 37.83 0.00 2.1463 -0.0732 -0.0732
30975 48.13 37.22 0.00 1.7395 -0.0342 -0.0342
31000 48.18 36.48 0.00 0.6327 -0.1748 -0.1748
31025 48.18 36.48 0.00 0.6327 -0.1748 -0.1748
31050 48.17 35.78 0.00 -0.6462 -0.3187 -0.3187
31075 48.11 35.32 0.00 -1.5686 -0.4698 -0.4698
31100 48.11 35.32 0.00 -1.5686 -0.4698 -0.4698
31125 48.03 35.08 0.00 -2.4825 -1.6946 -1.6946
31150 47.94 34.98 0.00 -2.2765 -2.3682 -2.3682
31175 47.85 34.88 0.00 -1.5984 -2.2900 -2.2900
31200 47.85 34.88 0.00 -1.5984 -2.2900 -2.2900
31225 47.80 34.74 0.00 -2.1218 -3.1143 -3.1143
31250 47.71 34.55 0.00 -1.8468 -1.2674 -1.2674
31275 47.71 34.55 0.00 -1.8468 -1.2674 -1.2674
31300 47.68 34.53 0.00 -0.2791 0.4052 0.4052
31325 47.68 34.72 0.00 0.2808 -1.0176 -1.0176
31350 47.71 35.06 0.00 0.5736 -1.4725 -1.4725
31375 47.71 35.06 0.00 0.5736 -1.4725 -1.4725
31400 47.73 35.58 0.00 0.5548 -0.6478 -0.6478
31425 47.73 35.58 0.00 0.5548 -0.6478 -0.6478
31450 47.73 36.38 0.00 -0.0061 -0.1796 -0.1796
31475 47.73 37.22 0.00 -0.1872 0.6870 0.6870
31500 47.75 37.73 0.00 0.9747 2.3901 2.3901
31525 47.75 37.73 0.00 0.9747 2.3901 2.3901
31550 47.82 37.97 0.00 2.2747 1.1169 1.1169
31575 47.82 37.97 0.00 2.2747 1.1169 1.1169
31600 47.94 38.05 0.00 3.1749 0.2063 0.2063
31625 48.11 38.17 0.00 5.1554 -0.2750 -0.2750
31650 48.36 38.48 0.00 7.0981 -0.4106 -0.4106
31675 48.67 38.98 0.00 8.3267 0.2453 0.2453
31700 48.67 38.98 0.00 8.3267 0.2453 0.2453
31725 48.99 39.51 0.00 7.7937 0.9349 0.9349
31750 49.27 40.02 0.00 6.3818 0.8706 0.8706
31775 49.27 40.02 0.00 6.3818 0.8706 0.8706
31800 49.49 40.58 0.00 4.6067 0.7568 0.7568
31825 49.63 41.32 0.00 3.5658 1.3279 1.3279
31850 49.79 42.63 0.00 4.3335 1.9503 1.9503
31875 49.79 42.63 0.00 4.3335 1.9503 1.9503
31900 50.02 44.80 0.00 6.6239 0.8525 0.8525
31925 50.37 47.42 0.00 10.0653 -0.7318 -0.7318
