%#        Time[ms]        X[pixel],        Y[pixel],        Z[pixel],  dX/dt[pixel/s],  dY/dt[pixel/s],  dZ/dt[pixel/s] 
0 50.00 50.00 0.00 0.5428 5.9039 5.9039
25 50.07 50.04 0.00 3.5441 6.3855 6.3855
50 50.07 50.04 0.00 3.5441 6.3855 6.3855
75 50.30 50.18 0.00 6.6190 4.5207 4.5207
100 50.58 50.36 0.00 7.0126 1.0701 1.0701
125 50.58 50.36 0.00 7.0126 1.0701 1.0701
150 50.80 50.54 0.00 4.3245 -0.9024 -0.9024
175 50.86 50.67 0.00 -0.0836 -1.2987 -1.2987
200 50.86 50.67 0.00 -0.0836 -1.2987 -1.2987
225 50.84 50.67 0.00 -0.8066 1.6738 1.6738
250 50.82 50.58 0.00 0.3585 3.0304 3.0304
275 50.91 50.49 0.00 3.3058 3.5291 3.5291
300 50.91 50.49 0.00 3.3058 3.5291 3.5291
325 51.10 50.36 0.00 5.0521 2.6925 2.6925
350 51.31 50.22 0.00 5.5809 2.7323 2.7323
375 51.55 50.03 0.00 6.3716 3.2060 3.2060
400 51.55 50.03 0.00 6.3716 3.2060 3.2060
425 51.55 50.03 0.00 6.3716 3.2060 3.2060
450 52.36 49.56 0.00 13.5963 4.1222 4.1222
475 52.36 49.56 0.00 13.5963 4.1222 4.1222
500 52.93 49.24 0.00 14.9572 4.0571 4.0571
525 53.54 48.80 0.00 15.3516 2.2679 2.2679
550 53.54 48.80 0.00 15.3516 2.2679 2.2679
575 54.19 47.97 0.00 16.7227 -1.1710 -1.1710
600 54.91 46.91 0.00 18.9858 -4.4665 -4.4665
625 54.91 46.91 0.00 18.9858 -4.4665 -4.4665
650 55.68 45.98 0.00 18.8828 -5.9837 -5.9837
675 56.40 45.35 0.00 17.4949 -4.7080 -4.7080
700 56.40 45.35 0.00 17.4949 -4.7080 -4.7080
725 56.99 44.95 0.00 13.4144 -2.0044 -2.0044
750 57.34 44.74 0.00 9.6318 -0.6080 -0.6080
775 57.57 44.51 0.00 3.7705 0.7961 0.7961
800 57.57 44.51 0.00 3.7705 0.7961 0.7961
825 57.61 44.31 0.00 -0.1106 3.0790 3.0790
850 57.57 44.21 0.00 -1.0465 3.3462 3.3462
875 57.57 44.21 0.00 -1.0465 3.3462 3.3462
900 57.55 44.16 0.00 0.2554 2.4741 2.4741
925 57.61 44.10 0.00 1.3192 1.4933 1.4933
950 57.64 44.03 0.00 0.4038 0.4910 0.4910
975 57.64 44.03 0.00 0.4038 0.4910 0.4910
1000 57.62 43.91 0.00 -0.6269 0.6220 0.6220
1025 57.59 43.84 0.00 -1.3957 -0.2596 -0.2596
1050 57.59 43.84 0.00 -1.3957 -0.2596 -0.2596
1075 57.54 43.75 0.00 -0.7992 0.1362 0.1362
1100 57.52 43.67 0.00 -0.3753 -0.3331 -0.3331
1125 57.52 43.67 0.00 -0.3753 -0.3331 -0.3331
1150 57.52 43.60 0.00 0.3612 -0.1525 -0.1525
1175 57.55 43.50 0.00 0.7360 0.5987 0.5987
1200 57.55 43.50 0.00 0.7360 0.5987 0.5987
1225 57.59 43.41 0.00 1.3401 1.3430 1.3430
1250 57.68 43.31 0.00 2.6239 1.3307 1.3307
1275 57.80 43.20 0.00 3.7173 1.1561 1.1561
1300 57.80 43.20 0.00 3.7173 1.1561 1.1561
1325 57.96 43.04 0.00 3.8092 1.2984 1.2984
1350 58.12 42.85 0.00 3.7796 1.3988 1.3988
1375 58.29 42.62 0.00 5.1727 2.1020 2.1020
1400 58.29 42.62 0.00 5.1727 2.1020 2.1020
1425 58.56 42.37 0.00 7.0013 2.3173 2.3173
1450 58.56 42.37 0.00 7.0013 2.3173 2.3173
1475 58.84 42.17 0.00 7.2316 2.1149 2.1149
1500 59.14 42.03 0.00 7.6358 1.2136 1.2136
1525 59.45 41.98 0.00 8.2596 0.0337 0.0337
1550 59.45 41.98 0.00 8.2596 0.0337 0.0337
1575 59.79 42.01 0.00 8.2341 -0.0661 -0.0661
1600 60.02 42.08 0.00 6.9429 -0.1501 -0.1501
1625 60.02 42.08 0.00 6.9429 -0.1501 -0.1501
1650 60.23 42.15 0.00 4.1049 -1.5649 -1.5649
1675 60.37 42.34 0.00 3.3590 1.2450 1.2450
1700 60.37 42.34 0.00 3.3590 1.2450 1.2450
1725 60.46 42.68 0.00 1.0989 0.6587 0.6587
1750 60.48 42.98 0.00 0.2742 0.5290 0.5290
1775 60.51 43.22 0.00 1.8678 0.3367 0.3367
1800 60.51 43.22 0.00 1.8678 0.3367 0.3367
1825 60.63 43.44 0.00 3.4380 0.1808 0.1808
1850 60.79 43.65 0.00 4.5460 1.3564 1.3564
1875 60.79 43.65 0.00 4.5460 1.3564 1.3564
1900 60.97 43.76 0.00 3.7572 1.2149 1.2149
1925 61.13 43.77 0.00 4.0691 2.7402 2.7402
1950 61.29 43.75 0.00 3.7716 2.2898 2.2898
1975 61.29 43.75 0.00 3.7716 2.2898 2.2898
2000 61.43 43.72 0.00 3.9431 1.7900 1.7900
2025 61.61 43.72 0.00 4.0246 2.0093 2.0093
2050 61.61 43.72 0.00 4.0246 2.0093 2.0093
2075 61.76 43.69 0.00 4.5455 2.0679 2.0679
2100 61.98 43.67 0.00 5.8376 1.3913 1.3913
2125 62.26 43.62 0.00 7.5077 0.9415 0.9415
2150 62.26 43.62 0.00 7.5077 0.9415 0.9415
2175 62.65 43.44 0.00 11.3512 -1.0868 -1.0868
2200 63.18 43.19 0.00 14.1987 -2.8974 -2.8974
2225 63.18 43.19 0.00 14.1987 -2.8974 -2.8974
2250 63.79 42.96 0.00 15.8584 -3.6506 -3.6506
2275 63.79 42.96 0.00 15.8584 -3.6506 -3.6506
2300 64.45 42.73 0.00 16.5402 -3.1912 -3.1912
2325 64.93 42.58 0.00 15.8242 -2.6151 -2.6151
2350 65.53 42.42 0.00 14.5361 -1.9626 -1.9626
2375 66.05 42.30 0.00 11.9832 -0.8833 -0.8833
2400 66.05 42.30 0.00 11.9832 -0.8833 -0.8833
2425 66.47 42.21 0.00 8.6760 0.2852 0.2852
2450 66.72 42.06 0.00 5.4485 1.7874 1.7874
2475 66.72 42.06 0.00 5.4485 1.7874 1.7874
2500 66.86 42.07 0.00 2.2406 2.4531 2.4531
2525 66.91 42.15 0.00 0.7809 1.7318 1.7318
2550 66.91 42.15 0.00 0.7809 1.7318 1.7318
2575 66.93 42.22 0.00 0.3072 0.2369 0.2369
2600 66.93 42.30 0.00 -0.1465 -0.0561 -0.0561
2625 66.91 42.32 0.00 -0.5079 0.4049 0.4049
2650 66.91 42.32 0.00 -0.5079 0.4049 0.4049
2675 66.90 42.30 0.00 -0.2946 0.1277 0.1277
2700 66.91 42.26 0.00 0.7287 1.3026 1.3026
2725 66.91 42.26 0.00 0.7287 1.3026 1.3026
2750 66.95 42.18 0.00 1.5236 0.2585 0.2585
2775 67.04 42.14 0.00 2.4515 -0.4608 -0.4608
2800 67.04 42.14 0.00 2.4515 -0.4608 -0.4608
2825 67.22 42.00 0.00 6.1674 0.4020 0.4020
2850 67.54 41.73 0.00 9.2766 0.4440 0.4440
2875 67.54 41.73 0.00 9.2766 0.4440 0.4440
2900 67.99 41.39 0.00 12.5146 -0.7861 -0.7861
2925 68.55 40.55 0.00 15.0787 2.9326 2.9326
2950 68.55 40.55 0.00 15.0787 2.9326 2.9326
2975 69.20 39.66 0.00 16.8013 2.5964 2.5964
3000 69.87 39.02 0.00 16.6320 1.1346 1.1346
3025 70.49 38.51 0.00 14.5341 -0.1498 -0.1498
3050 70.49 38.51 0.00 14.5341 -0.1498 -0.1498
3075 70.96 38.28 0.00 10.2364 -0.8676 -0.8676
3100 71.27 38.20 0.00 6.2310 -0.7401 -0.7401
3125 71.27 38.20 0.00 6.2310 -0.7401 -0.7401
3150 71.42 38.13 0.00 2.1299 0.1490 0.1490
3175 71.42 38.08 0.00 -0.7395 0.6368 0.6368
3200 71.37 38.06 0.00 -1.6847 2.9457 2.9457
3225 71.37 38.06 0.00 -1.6847 2.9457 2.9457
3250 71.29 38.06 0.00 -1.6019 2.7340 2.7340
3275 71.27 38.05 0.00 0.1410 1.9414 1.9414
3300 71.27 38.05 0.00 0.1410 1.9414 1.9414
3325 71.29 38.06 0.00 0.9653 1.0385 1.0385
3350 71.33 38.08 0.00 0.5403 0.9857 0.9857
3375 71.33 38.08 0.00 0.5403 0.9857 0.9857
3400 71.33 38.16 0.00 -0.3963 1.5740 1.5740
3425 71.27 38.42 0.00 -2.0854 0.9998 0.9998
3450 71.27 38.42 0.00 -2.0854 0.9998 0.9998
3475 71.18 38.88 0.00 -2.4213 1.3450 1.3450
3500 71.07 39.43 0.00 -2.5598 0.7545 0.7545
3525 70.98 39.90 0.00 -2.0248 -0.2102 -0.2102
3550 70.98 39.90 0.00 -2.0248 -0.2102 -0.2102
3575 70.91 40.30 0.00 -2.1102 -1.0076 -1.0076
3600 70.85 40.55 0.00 -0.6902 -1.4214 -1.4214
3625 70.85 40.65 0.00 0.6908 -2.0353 -2.0353
3650 70.85 40.65 0.00 0.6908 -2.0353 -2.0353
3675 70.89 40.72 0.00 0.7483 -1.9412 -1.9412
3700 70.91 40.74 0.00 -0.1434 -0.6587 -0.6587
3725 70.91 40.74 0.00 -0.1434 -0.6587 -0.6587
3750 70.89 40.70 0.00 0.1182 0.2710 0.2710
3775 70.91 40.64 0.00 0.3729 0.2050 0.2050
3800 70.91 40.64 0.00 0.3729 0.2050 0.2050
3825 70.95 40.49 0.00 0.8659 -0.4863 -0.4863
3850 70.96 40.20 0.00 0.3139 -0.6926 -0.6926
3875 70.96 40.20 0.00 0.3139 -0.6926 -0.6926
3900 70.96 39.92 0.00 -0.3673 -0.9082 -0.9082
3925 70.95 39.42 0.00 0.3595 1.2355 1.2355
3950 70.95 39.42 0.00 0.3595 1.2355 1.2355
3975 70.96 38.95 0.00 0.1674 0.4556 0.4556
4000 70.96 38.54 0.00 -0.3908 -1.5326 -1.5326
4025 70.89 38.23 0.00 -2.7151 -2.7193 -2.7193
4050 70.89 38.23 0.00 -2.7151 -2.7193 -2.7193
4075 70.73 38.02 0.00 -5.6941 -2.4218 -2.4218
4100 70.44 37.90 0.00 -7.9302 -1.3150 -1.3150
4125 70.11 37.79 0.00 -8.1939 -1.8191 -1.8191
4150 70.11 37.79 0.00 -8.1939 -1.8191 -1.8191
4175 69.80 37.65 0.00 -6.9612 -1.2618 -1.2618
4200 69.56 37.53 0.00 -5.7776 -1.7518 -1.7518
4225 69.56 37.53 0.00 -5.7776 -1.7518 -1.7518
4250 69.56 37.53 0.00 -5.7776 -1.7518 -1.7518
4275 69.13 37.40 0.00 -5.6483 -1.5527 -1.5527
4300 68.88 37.41 0.00 -6.9009 -1.2812 -1.2812
4325 68.88 37.41 0.00 -6.9009 -1.2812 -1.2812
4350 68.57 37.47 0.00 -7.9177 -1.7186 -1.7186
4375 68.21 37.55 0.00 -9.7497 -1.8870 -1.8870
4400 68.21 37.55 0.00 -9.7497 -1.8870 -1.8870
4425 67.76 37.65 0.00 -11.9863 -1.8799 -1.8799
4450 67.76 37.65 0.00 -11.9863 -1.8799 -1.8799
4475 67.20 37.70 0.00 -15.1499 -1.3573 -1.3573
4500 66.54 37.68 0.00 -17.2566 -1.4795 -1.4795
4525 65.82 37.58 0.00 -18.2642 -0.6719 -0.6719
4550 65.82 37.58 0.00 -18.2642 -0.6719 -0.6719
4575 65.12 37.32 0.00 -16.6349 -0.8502 -0.8502
4600 64.48 36.94 0.00 -15.5965 -2.2242 -2.2242
4625 64.48 36.94 0.00 -15.5965 -2.2242 -2.2242
4650 63.93 36.56 0.00 -12.7588 -1.3885 -1.3885
4675 63.50 36.24 0.00 -9.2483 1.0216 1.0216
4700 63.20 35.86 0.00 -6.6320 2.7216 2.7216
4725 63.20 35.86 0.00 -6.6320 2.7216 2.7216
4750 63.02 35.54 0.00 -4.9396 2.5667 2.5667
4775 62.86 35.07 0.00 -3.7432 1.3234 1.3234
4800 62.86 35.07 0.00 -3.7432 1.3234 1.3234
4825 62.76 34.54 0.00 -2.0641 0.5806 0.5806
4850 62.72 33.98 0.00 -0.0670 -0.2673 -0.2673
4875 62.72 33.98 0.00 -0.0670 -0.2673 -0.2673
4900 62.76 33.48 0.00 1.4495 -0.3586 -0.3586
4925 62.83 33.16 0.00 2.4033 0.2020 0.2020
4950 62.93 32.99 0.00 2.4192 0.4117 0.4117
4975 62.93 32.99 0.00 2.4192 0.4117 0.4117
5000 63.04 33.01 0.00 3.3706 0.9441 0.9441
5025 63.20 33.24 0.00 4.3507 1.2828 1.2828
5050 63.20 33.24 0.00 4.3507 1.2828 1.2828
5075 63.41 33.65 0.00 5.4944 2.0048 2.0048
5100 63.66 34.30 0.00 7.2075 1.4020 1.4020
5125 63.66 34.30 0.00 7.2075 1.4020 1.4020
5150 64.00 35.15 0.00 9.5700 0.1341 0.1341
5175 64.41 36.12 0.00 10.5963 -1.8327 -1.8327
5200 64.80 37.03 0.00 9.4722 -2.1043 -2.1043
5225 64.80 37.03 0.00 9.4722 -2.1043 -2.1043
5250 65.12 37.79 0.00 6.7404 -1.3614 -1.3614
5275 65.30 38.39 0.00 3.0346 -0.4598 -0.4598
5300 65.30 38.39 0.00 3.0346 -0.4598 -0.4598
5325 65.34 38.79 0.00 -0.1693 -0.3069 -0.3069
5350 65.34 39.14 0.00 -0.0811 1.1341 1.1341
5375 65.34 39.14 0.00 -0.0811 1.1341 1.1341
5400 65.32 39.42 0.00 -0.0434 -0.2374 -0.2374
5425 65.34 39.61 0.00 0.3918 -0.8306 -0.8306
5450 65.36 39.68 0.00 0.2024 -0.5160 -0.5160
5475 65.36 39.68 0.00 0.2024 -0.5160 -0.5160
5500 65.36 39.72 0.00 0.0230 -0.3094 -0.3094
5525 65.36 39.65 0.00 -0.0770 0.5284 0.5284
5550 65.36 39.65 0.00 -0.0770 0.5284 0.5284
5575 65.34 39.41 0.00 -0.4959 -0.0422 -0.0422
5600 65.34 39.05 0.00 0.1393 0.5539 0.5539
5625 65.34 38.60 0.00 -0.6142 -0.7669 -0.7669
5650 65.34 38.60 0.00 -0.6142 -0.7669 -0.7669
5675 65.28 38.21 0.00 -1.0186 -1.1419 -1.1419
5700 65.28 38.21 0.00 -1.0186 -1.1419 -1.1419
5725 65.25 37.98 0.00 -1.1889 -0.2233 -0.2233
5750 65.21 37.87 0.00 -0.3845 0.4850 0.4850
5775 65.23 37.77 0.00 0.5368 0.1147 0.1147
5800 65.23 37.77 0.00 0.5368 0.1147 0.1147
5825 65.25 37.73 0.00 0.4027 -0.1728 -0.1728
5850 65.23 37.61 0.00 -1.1027 -0.0450 -0.0450
5875 65.23 37.61 0.00 -1.1027 -0.0450 -0.0450
5900 65.16 37.54 0.00 -1.8860 0.3113 0.3113
5925 65.09 37.46 0.00 -1.1228 -0.5885 -0.5885
5950 65.07 37.33 0.00 -0.3629 -1.1777 -1.1777
5975 65.07 37.33 0.00 -0.3629 -1.1777 -1.1777
6000 65.09 37.17 0.00 1.5186 0.0809 0.0809
6025 65.23 37.06 0.00 3.9406 0.5137 0.5137
6050 65.23 37.06 0.00 3.9406 0.5137 0.5137
6075 65.39 36.92 0.00 4.0717 0.5886 0.5886
6100 65.53 36.70 0.00 3.4716 0.0678 0.0678
6125 65.53 36.70 0.00 3.4716 0.0678 0.0678
6150 65.66 36.31 0.00 2.3737 -0.4077 -0.4077
6175 65.71 35.88 0.00 1.3036 0.5019 0.5019
6200 65.75 35.50 0.00 -0.0367 0.6435 0.6435
6225 65.75 35.50 0.00 -0.0367 0.6435 0.6435
6250 65.73 35.26 0.00 -0.8397 0.9791 0.9791
6275 65.71 35.03 0.00 0.2704 1.8332 1.8332
6300 65.71 35.03 0.00 0.2704 1.8332 1.8332
6325 65.75 34.85 0.00 0.5012 0.7467 0.7467
6350 65.75 34.73 0.00 0.0113 1.0271 1.0271
6375 65.71 34.59 0.00 -1.1276 1.6982 1.6982
6400 65.71 34.59 0.00 -1.1276 1.6982 1.6982
6425 65.68 34.45 0.00 -1.1296 1.1924 1.1924
6450 65.62 34.36 0.00 -1.0334 0.3300 0.3300
6475 65.62 34.36 0.00 -1.0334 0.3300 0.3300
6500 65.59 34.26 0.00 -1.0541 -0.2199 -0.2199
6525 65.55 34.16 0.00 -1.0168 -0.2746 -0.2746
6550 65.52 34.10 0.00 -0.8218 0.3318 0.3318
6575 65.52 34.10 0.00 -0.8218 0.3318 0.3318
6600 65.48 34.06 0.00 -0.6058 -0.1101 -0.1101
6625 65.48 34.06 0.00 -0.6058 -0.1101 -0.1101
6650 65.46 34.06 0.00 -0.1035 -0.2383 -0.2383
6675 65.46 34.10 0.00 -0.3358 -0.3239 -0.3239
6700 65.41 34.15 0.00 -1.8750 -0.5009 -0.5009
6725 65.41 34.15 0.00 -1.8750 -0.5009 -0.5009
6750 65.34 34.17 0.00 -1.6535 1.7593 1.7593
6775 65.28 34.23 0.00 -1.4816 0.6997 0.6997
6800 65.28 34.23 0.00 -1.4816 0.6997 0.6997
6825 65.23 34.28 0.00 -1.2074 -0.2470 -0.2470
6850 65.16 34.30 0.00 -1.6017 -1.0581 -1.0581
6875 65.16 34.30 0.00 -1.6017 -1.0581 -1.0581
6900 65.07 34.31 0.00 -2.7879 -1.1583 -1.1583
6925 64.95 34.23 0.00 -3.6234 -0.2820 -0.2820
6950 64.80 34.16 0.00 -3.6388 -0.6442 -0.6442
6975 64.80 34.16 0.00 -3.6388 -0.6442 -0.6442
7000 64.68 34.01 0.00 -2.5881 0.9716 0.9716
7025 64.57 33.83 0.00 -2.8744 1.0169 1.0169
7050 64.57 33.83 0.00 -2.8744 1.0169 1.0169
7075 64.48 33.74 0.00 -3.0152 0.3926 0.3926
7100 64.37 33.64 0.00 -2.3764 0.3187 0.3187
7125 64.37 33.64 0.00 -2.3764 0.3187 0.3187
7150 64.30 33.55 0.00 -1.4442 0.2636 0.2636
7175 64.27 33.45 0.00 -0.1831 0.1779 0.1779
7200 64.27 33.33 0.00 0.2356 -0.2768 -0.2768
7225 64.27 33.33 0.00 0.2356 -0.2768 -0.2768
7250 64.27 33.23 0.00 -0.1334 -0.4971 -0.4971
7275 64.27 33.15 0.00 -0.4381 -0.5453 -0.5453
7300 64.27 33.15 0.00 -0.4381 -0.5453 -0.5453
7325 64.23 33.09 0.00 -0.5655 -0.2092 -0.2092
7350 64.21 33.01 0.00 -0.4081 -0.0989 -0.0989
7375 64.21 33.01 0.00 -0.4081 -0.0989 -0.0989
7400 64.21 32.95 0.00 -0.0162 0.0139 0.0139
7425 64.21 32.89 0.00 0.2589 0.0310 0.0310
7450 64.23 32.87 0.00 0.3604 0.0363 0.0363
7475 64.23 32.87 0.00 0.3604 0.0363 0.0363
7500 64.25 32.89 0.00 0.2441 -0.1457 -0.1457
7525 64.25 32.93 0.00 -0.2335 -0.1701 -0.1701
7550 64.21 32.91 0.00 -1.0438 -0.0339 -0.0339
7575 64.21 32.91 0.00 -1.0438 -0.0339 -0.0339
7600 64.20 32.97 0.00 -0.2023 0.5715 0.5715
7625 64.20 32.97 0.00 -0.2023 0.5715 0.5715
7650 64.18 33.03 0.00 -0.2580 -0.6590 -0.6590
7675 64.18 33.13 0.00 -0.3539 -1.1902 -1.1902
7700 64.14 33.19 0.00 -1.1196 -0.8560 -0.8560
7725 64.14 33.19 0.00 -1.1196 -0.8560 -0.8560
7750 64.09 33.22 0.00 -1.2784 -0.1626 -0.1626
7775 64.05 33.22 0.00 -0.9372 0.4339 0.4339
7800 64.05 33.22 0.00 -0.9372 0.4339 0.4339
7825 64.02 33.20 0.00 -1.1573 -0.4851 -0.4851
7850 64.00 33.16 0.00 0.0185 0.5357 0.5357
7875 64.00 33.16 0.00 0.0185 0.5357 0.5357
7900 63.98 33.16 0.00 -0.3255 -0.8391 -0.8391
7925 63.97 33.16 0.00 -0.4644 -0.6617 -0.6617
7950 63.97 33.16 0.00 -0.4644 -0.6617 -0.6617
7975 63.95 33.16 0.00 -0.8258 0.1412 0.1412
8000 63.91 33.19 0.00 -0.6131 0.0279 0.0279
8025 63.91 33.21 0.00 0.1441 -0.5805 -0.5805
8050 63.91 33.21 0.00 0.1441 -0.5805 -0.5805
8075 63.91 33.21 0.00 0.1811 -0.5864 -0.5864
8100 63.89 33.19 0.00 -0.7685 -0.6053 -0.6053
8125 63.86 33.13 0.00 -1.4218 -0.2702 -0.2702
8150 63.86 33.13 0.00 -1.4218 -0.2702 -0.2702
8175 63.79 33.09 0.00 -1.4317 -0.3218 -0.3218
8200 63.73 33.06 0.00 -1.3789 -0.7845 -0.7845
8225 63.73 33.06 0.00 -1.3789 -0.7845 -0.7845
8250 63.68 33.02 0.00 -1.5454 -1.5062 -1.5062
8275 63.68 33.02 0.00 -1.5454 -1.5062 -1.5062
8300 63.61 32.98 0.00 -1.5626 -0.6549 -0.6549
8325 63.56 32.90 0.00 -1.5895 -0.4082 -0.4082
8350 63.48 32.79 0.00 -1.7787 -0.7558 -0.7558
8375 63.48 32.79 0.00 -1.7787 -0.7558 -0.7558
8400 63.41 32.65 0.00 -1.6106 0.2144 0.2144
8425 63.31 32.59 0.00 -4.1630 -0.7689 -0.7689
8450 63.31 32.59 0.00 -4.1630 -0.7689 -0.7689
8475 63.04 32.55 0.00 -7.4501 -1.6816 -1.6816
8500 62.70 32.56 0.00 -8.9037 -0.1404 -0.1404
8525 62.70 32.56 0.00 -8.9037 -0.1404 -0.1404
8550 62.37 32.62 0.00 -7.5300 0.6374 0.6374
8575 62.17 32.61 0.00 -3.5518 1.3926 1.3926
8600 62.12 32.57 0.00 -0.2961 1.9262 1.9262
8625 62.12 32.57 0.00 -0.2961 1.9262 1.9262
8650 62.17 32.53 0.00 2.3775 0.5534 0.5534
8675 62.35 32.54 0.00 4.7928 1.8330 1.8330
8700 62.51 32.51 0.00 3.5678 0.5889 0.5889
8725 62.51 32.51 0.00 3.5678 0.5889 0.5889
8750 62.62 32.51 0.00 2.0926 0.9573 0.9573
8775 62.67 32.49 0.00 0.8085 1.1266 1.1266
8800 62.67 32.49 0.00 0.8085 1.1266 1.1266
8825 62.69 32.44 0.00 0.6257 1.1008 1.1008
8850 62.72 32.42 0.00 0.5670 0.3301 0.3301
8875 62.72 32.42 0.00 0.5670 0.3301 0.3301
8900 62.74 32.40 0.00 0.1949 0.2741 0.2741
8925 62.72 32.36 0.00 -0.2336 0.7313 0.7313
8950 62.72 32.34 0.00 0.0259 0.8481 0.8481
8975 62.72 32.34 0.00 0.0259 0.8481 0.8481
9000 62.74 32.32 0.00 0.3104 0.3478 0.3478
9025 62.74 32.32 0.00 0.3104 0.3478 0.3478
9050 62.74 32.34 0.00 0.0486 -0.2067 -0.2067
9075 62.74 32.34 0.00 -0.3801 -0.0834 -0.0834
9100 62.72 32.34 0.00 -0.0059 0.2413 0.2413
9125 62.72 32.34 0.00 -0.0059 0.2413 0.2413
9150 62.74 32.28 0.00 0.3125 0.7152 0.7152
9175 62.74 32.22 0.00 -0.2582 -0.3446 -0.3446
9200 62.74 32.22 0.00 -0.2582 -0.3446 -0.3446
9225 62.76 32.18 0.00 0.7838 1.0630 1.0630
9250 62.77 32.20 0.00 0.2242 -0.1568 -0.1568
9275 62.77 32.24 0.00 0.0413 -1.3611 -1.3611
9300 62.77 32.24 0.00 0.0413 -1.3611 -1.3611
9325 62.76 32.28 0.00 -0.9172 -1.0444 -1.0444
9350 62.69 32.28 0.00 -1.9383 -0.6250 -0.6250
9375 62.69 32.28 0.00 -1.9383 -0.6250 -0.6250
9400 62.63 32.23 0.00 -1.9684 0.1942 0.1942
9425 62.56 32.15 0.00 -1.8385 0.4254 0.4254
9450 62.56 32.15 0.00 -1.8385 0.4254 0.4254
9475 62.49 31.97 0.00 -0.9832 2.3242 2.3242
9500 62.46 31.79 0.00 -1.3440 1.6909 1.6909
9525 62.38 31.63 0.00 -2.1604 0.0846 0.0846
9550 62.38 31.63 0.00 -2.1604 0.0846 0.0846
9575 62.30 31.55 0.00 -1.7381 -0.1937 -0.1937
9600 62.24 31.52 0.00 -1.3639 -0.9452 -0.9452
9625 62.24 31.52 0.00 -1.3639 -0.9452 -0.9452
9650 62.19 31.50 0.00 -1.1460 -1.9256 -1.9256
9675 62.14 31.50 0.00 -1.1407 -2.2221 -2.2221
9700 62.10 31.48 0.00 -0.8630 -1.4877 -1.4877
9725 62.10 31.48 0.00 -0.8630 -1.4877 -1.4877
9750 62.08 31.48 0.00 -0.6118 -0.9874 -0.9874
9775 62.07 31.48 0.00 -0.1440 -0.4665 -0.4665
9800 62.07 31.48 0.00 -0.1440 -0.4665 -0.4665
9825 62.07 31.50 0.00 0.1702 -0.2267 -0.2267
9850 62.08 31.52 0.00 0.2244 -0.5019 -0.5019
9875 62.08 31.56 0.00 -0.0289 -0.8207 -0.8207
9900 62.08 31.56 0.00 -0.0289 -0.8207 -0.8207
9925 62.07 31.63 0.00 -0.6426 -1.1981 -1.1981
9950 62.03 31.65 0.00 -1.1758 -1.0148 -1.0148
9975 62.03 31.65 0.00 -1.1758 -1.0148 -1.0148
10000 61.98 31.61 0.00 -0.8253 0.0714 0.0714
10025 62.00 31.67 0.00 0.8813 1.1432 1.1432
10050 62.00 31.67 0.00 0.8813 1.1432 1.1432
10075 62.03 31.75 0.00 1.4799 -1.1695 -1.1695
10100 62.12 31.85 0.00 1.9303 -1.8424 -1.8424
10125 62.12 31.85 0.00 1.9303 -1.8424 -1.8424
10150 62.17 31.92 0.00 1.2583 -1.2532 -1.2532
10175 62.19 31.94 0.00 0.3419 -0.6001 -0.6001
10200 62.19 31.90 0.00 -0.4189 0.6319 0.6319
10225 62.19 31.90 0.00 -0.4189 0.6319 0.6319
10250 62.14 31.82 0.00 -1.6692 -0.5780 -0.5780
10275 62.07 31.71 0.00 -1.7911 0.2242 0.2242
10300 62.07 31.71 0.00 -1.7911 0.2242 0.2242
10325 61.96 31.63 0.00 -3.1366 -1.6897 -1.6897
10350 61.84 31.60 0.00 -3.5435 -3.2203 -3.2203
10375 61.69 31.60 0.00 -3.4137 -3.1210 -3.1210
10400 61.69 31.60 0.00 -3.4137 -3.1210 -3.1210
10425 61.59 31.61 0.00 -2.0836 -1.7587 -1.7587
10450 61.59 31.61 0.00 -2.0836 -1.7587 -1.7587
10475 61.54 31.57 0.00 -1.0291 -1.3480 -1.3480
10500 61.48 31.45 0.00 -1.2865 -1.0569 -1.0569
10525 61.39 31.29 0.00 -2.7071 -0.5246 -0.5246
10550 61.39 31.29 0.00 -2.7071 -0.5246 -0.5246
10575 61.27 31.10 0.00 -3.5832 0.0046 0.0046
10600 61.11 30.92 0.00 -3.8251 -1.4214 -1.4214
10625 61.11 30.92 0.00 -3.8251 -1.4214 -1.4214
10650 60.97 30.82 0.00 -3.0626 -2.5459 -2.5459
10675 60.88 30.77 0.00 -1.9647 -1.8410 -1.8410
10700 60.88 30.77 0.00 -1.9647 -1.8410 -1.8410
10725 60.81 30.67 0.00 -1.8703 -1.7638 -1.7638
10750 60.76 30.57 0.00 -0.4006 0.6570 0.6570
10775 60.74 30.45 0.00 -1.1250 -0.3524 -0.3524
10800 60.74 30.45 0.00 -1.1250 -0.3524 -0.3524
10825 60.67 30.33 0.00 -1.7707 -0.5928 -0.5928
10850 60.58 30.27 0.00 -2.5995 -0.5269 -0.5269
10875 60.58 30.27 0.00 -2.5995 -0.5269 -0.5269
10900 60.48 30.21 0.00 -2.5267 -0.5090 -0.5090
10925 60.39 30.16 0.00 -1.4798 0.0989 0.0989
10950 60.35 30.12 0.00 -1.3080 -1.0256 -1.0256
10975 60.35 30.12 0.00 -1.3080 -1.0256 -1.0256
11000 60.32 30.06 0.00 -0.6528 -0.3948 -0.3948
11025 60.30 30.00 0.00 -0.6066 -0.4277 -0.4277
11050 60.30 30.00 0.00 -0.6066 -0.4277 -0.4277
11075 60.26 29.96 0.00 -0.5113 -0.5151 -0.5151
11100 60.28 29.94 0.00 0.5344 0.3996 0.3996
11125 60.32 29.87 0.00 1.2755 0.6864 0.6864
11150 60.32 29.87 0.00 1.2755 0.6864 0.6864
11175 60.37 29.85 0.00 1.4642 0.6152 0.6152
11200 60.37 29.85 0.00 1.4642 0.6152 0.6152
11225 60.40 29.85 0.00 0.5898 0.1892 0.1892
11250 60.42 29.87 0.00 -0.2077 0.0682 0.0682
11275 60.39 29.87 0.00 -0.8113 0.5349 0.5349
11300 60.39 29.87 0.00 -0.8113 0.5349 0.5349
11325 60.35 29.85 0.00 -1.0500 0.6372 0.6372
11350 60.32 29.85 0.00 -0.9238 0.5802 0.5802
11375 60.32 29.85 0.00 -0.9238 0.5802 0.5802
11400 60.28 29.86 0.00 -0.8339 0.7159 0.7159
11425 60.25 29.82 0.00 -0.8123 0.0567 0.0567
11450 60.25 29.80 0.00 0.4414 1.4583 1.4583
11475 60.25 29.80 0.00 0.4414 1.4583 1.4583
11500 60.25 29.84 0.00 -0.3873 -0.1430 -0.1430
11525 60.21 29.90 0.00 -1.0278 -0.7609 -0.7609
11550 60.21 29.90 0.00 -1.0278 -0.7609 -0.7609
11575 60.14 29.94 0.00 -2.4848 -1.0935 -1.0935
11600 60.00 29.95 0.00 -3.6315 -1.3176 -1.3176
11625 59.86 29.89 0.00 -3.4506 -1.2196 -1.2196
11650 59.86 29.89 0.00 -3.4506 -1.2196 -1.2196
11675 59.73 29.82 0.00 -3.2089 -2.2770 -2.2770
11700 59.65 29.72 0.00 -1.4010 -0.2795 -0.2795
11725 59.65 29.72 0.00 -1.4010 -0.2795 -0.2795
11750 59.61 29.66 0.00 -0.8703 -0.5258 -0.5258
11775 59.61 29.60 0.00 0.1962 -1.2714 -1.2714
11800 59.63 29.57 0.00 0.5732 -0.4437 -0.4437
11825 59.63 29.57 0.00 0.5732 -0.4437 -0.4437
11850 59.65 29.59 0.00 0.2264 -0.0813 -0.0813
11875 59.66 29.66 0.00 1.0614 0.4617 0.4617
11900 59.66 29.66 0.00 1.0614 0.4617 0.4617
11925 59.75 29.73 0.00 2.3684 -0.1357 -0.1357
11950 59.82 29.77 0.00 1.8394 -0.2434 -0.2434
11975 59.82 29.77 0.00 1.8394 -0.2434 -0.2434
12000 59.84 29.77 0.00 -0.6917 -0.2104 -0.2104
12025 59.79 29.75 0.00 -1.5060 0.0890 0.0890
12050 59.73 29.73 0.00 -0.8608 -0.2220 -0.2220
12075 59.73 29.73 0.00 -0.8608 -0.2220 -0.2220
12100 59.73 29.75 0.00 0.3258 -0.6449 -0.6449
12125 59.75 29.77 0.00 0.2012 -0.4558 -0.4558
12150 59.75 29.77 0.00 0.2012 -0.4558 -0.4558
12175 59.73 29.73 0.00 -0.8022 0.5049 0.5049
12200 59.73 29.73 0.00 -0.0257 1.8555 1.8555
12225 59.73 29.73 0.00 -0.0257 1.8555 1.8555
12250 59.73 29.75 0.00 0.2909 0.1118 0.1118
12275 59.75 29.82 0.00 0.2736 -1.0543 -1.0543
12300 59.75 29.82 0.00 0.2736 -1.0543 -1.0543
12325 59.73 29.86 0.00 -0.8501 -1.3299 -1.3299
12350 59.68 29.88 0.00 -1.4562 -0.2651 -0.2651
12375 59.68 29.88 0.00 -1.4562 -0.2651 -0.2651
12400 59.63 29.88 0.00 -1.2623 -0.2683 -0.2683
12425 59.58 29.88 0.00 -1.3145 -1.0978 -1.0978
12450 59.54 29.84 0.00 -0.7136 0.0710 0.0710
12475 59.54 29.84 0.00 -0.7136 0.0710 0.0710
12500 59.51 29.85 0.00 -1.6811 -0.8176 -0.8176
12525 59.44 29.87 0.00 -1.7737 -0.4298 -0.4298
12550 59.44 29.87 0.00 -1.7737 -0.4298 -0.4298
12575 59.36 29.87 0.00 -1.7596 -0.3265 -0.3265
12600 59.31 29.91 0.00 -0.8339 -0.2367 -0.2367
12625 59.31 29.91 0.00 -0.8339 -0.2367 -0.2367
12650 59.31 29.98 0.00 0.9408 -0.2426 -0.2426
12675 59.36 30.01 0.00 1.5365 -1.2575 -1.2575
12700 59.40 30.01 0.00 -0.0428 -1.0090 -1.0090
12725 59.40 30.01 0.00 -0.0428 -1.0090 -1.0090
12750 59.35 29.99 0.00 -2.0060 0.2496 0.2496
12775 59.26 29.94 0.00 -2.4435 -0.4177 -0.4177
12800 59.26 29.94 0.00 -2.4435 -0.4177 -0.4177
12825 59.17 29.90 0.00 -1.5636 -1.2799 -1.2799
12850 59.12 29.86 0.00 -1.0564 -1.6905 -1.6905
12875 59.08 29.80 0.00 -0.9474 -0.9697 -0.9697
12900 59.08 29.80 0.00 -0.9474 -0.9697 -0.9697
12925 59.05 29.70 0.00 -0.8087 -0.1454 -0.1454
12950 59.05 29.66 0.00 0.2606 0.2086 0.2086
12975 59.05 29.66 0.00 0.2606 0.2086 0.2086
13000 59.03 29.68 0.00 -0.3929 -1.0909 -1.0909
13025 59.01 29.68 0.00 -1.0608 -0.7989 -0.7989
13050 58.94 29.66 0.00 -1.9558 -0.7082 -0.7082
13075 58.94 29.66 0.00 -1.9558 -0.7082 -0.7082
13100 58.85 29.58 0.00 -1.9768 -0.3468 -0.3468
13125 58.80 29.48 0.00 -1.0335 -0.3843 -0.3843
13150 58.80 29.48 0.00 -1.0335 -0.3843 -0.3843
13175 58.77 29.34 0.00 -0.6193 -0.8393 -0.8393
13200 58.77 29.22 0.00 0.1323 -0.1774 -0.1774
13225 58.77 29.22 0.00 0.1323 -0.1774 -0.1774
13250 58.77 29.12 0.00 -0.0292 -1.1901 -1.1901
13275 58.78 29.07 0.00 0.8131 -0.8056 -0.8056
13300 58.82 29.13 0.00 0.7396 0.5394 0.5394
13325 58.82 29.13 0.00 0.7396 0.5394 0.5394
13350 58.85 29.17 0.00 0.9951 1.2866 1.2866
13375 58.89 29.19 0.00 1.0484 0.2761 0.2761
13400 58.89 29.19 0.00 1.0484 0.2761 0.2761
13425 58.91 29.15 0.00 -0.2755 -0.2628 -0.2628
13450 58.85 29.11 0.00 -1.7648 0.2070 0.2070
13475 58.85 29.11 0.00 -1.7648 0.2070 0.2070
13500 58.80 29.09 0.00 -0.9347 0.3976 0.3976
13525 58.80 29.09 0.00 0.6752 -0.2293 -0.2293
13550 58.85 29.11 0.00 1.3168 -0.5227 -0.5227
13575 58.85 29.11 0.00 1.3168 -0.5227 -0.5227
13600 58.89 29.11 0.00 0.6613 0.2124 0.2124
13625 58.89 29.11 0.00 0.6613 0.2124 0.2124
13650 58.87 29.07 0.00 -1.2203 0.9079 0.9079
13675 58.80 28.99 0.00 -1.5043 2.1450 2.1450
13700 58.77 28.95 0.00 -0.8008 0.8935 0.8935
13725 58.77 28.95 0.00 -0.8008 0.8935 0.8935
13750 58.73 28.93 0.00 -1.1438 0.1412 0.1412
13775 58.66 28.89 0.00 -2.4252 0.3061 0.3061
13800 58.66 28.89 0.00 -2.4252 0.3061 0.3061
13825 58.54 28.86 0.00 -3.4421 -0.6174 -0.6174
13850 58.38 28.78 0.00 -3.7066 -0.6050 -0.6050
13875 58.20 28.66 0.00 -4.8643 0.2121 0.2121
13900 58.20 28.66 0.00 -4.8643 0.2121 0.2121
13925 57.96 28.49 0.00 -6.5801 1.7681 1.7681
13950 57.69 28.23 0.00 -6.7707 3.6031 3.6031
13975 57.69 28.23 0.00 -6.7707 3.6031 3.6031
14000 57.43 28.01 0.00 -6.4948 2.4923 2.4923
14025 57.26 27.91 0.00 -4.8590 1.6779 1.6779
14050 57.13 27.87 0.00 -2.1105 0.4213 0.4213
14075 57.13 27.87 0.00 -2.1105 0.4213 0.4213
14100 57.15 27.95 0.00 1.5899 1.1362 1.1362
14125 57.24 28.05 0.00 2.1185 0.0210 0.0210
14150 57.24 28.05 0.00 2.1185 0.0210 0.0210
14175 57.29 28.07 0.00 0.6838 -0.4346 -0.4346
14200 57.26 28.03 0.00 -1.5450 -0.4717 -0.4717
14225 57.17 27.97 0.00 -2.7118 -0.4520 -0.4520
14250 57.17 27.97 0.00 -2.7118 -0.4520 -0.4520
14275 57.06 27.89 0.00 -2.4078 -0.7642 -0.7642
14300 57.06 27.89 0.00 -2.4078 -0.7642 -0.7642
14325 56.99 27.86 0.00 -1.0869 -1.0021 -1.0021
14350 56.98 27.81 0.00 -0.0426 -0.9147 -0.9147
14375 56.99 27.83 0.00 0.4053 -0.2107 -0.2107
14400 56.99 27.83 0.00 0.4053 -0.2107 -0.2107
14425 56.99 27.86 0.00 0.0258 -0.8350 -0.8350
14450 56.98 27.84 0.00 -1.0186 -1.3078 -1.3078
14475 56.98 27.84 0.00 -1.0186 -1.3078 -1.3078
14500 56.92 27.77 0.00 -0.6420 1.1393 1.1393
14525 56.90 27.80 0.00 -0.8254 -0.1127 -0.1127
14550 56.89 27.88 0.00 -0.2846 -0.8489 -0.8489
14575 56.89 27.88 0.00 -0.2846 -0.8489 -0.8489
14600 56.87 28.00 0.00 -0.3549 -1.0870 -1.0870
14625 56.83 28.13 0.00 -1.1715 -1.3424 -1.3424
14650 56.83 28.13 0.00 -1.1715 -1.3424 -1.3424
14675 56.78 28.21 0.00 -1.1874 -0.4000 -0.4000
14700 56.75 28.23 0.00 -1.0386 -0.2443 -0.2443
14725 56.75 28.23 0.00 -1.0386 -0.2443 -0.2443
14750 56.71 28.19 0.00 -0.6783 0.3390 0.3390
14775 56.71 28.13 0.00 0.1595 0.6087 0.6087
14800 56.71 28.13 0.00 0.1595 0.6087 0.6087
14825 56.71 28.09 0.00 -0.0358 -0.2639 -0.2639
14850 56.71 28.11 0.00 -0.0780 0.1837 0.1837
14875 56.71 28.11 0.00 -0.0780 0.1837 0.1837
14900 56.71 28.15 0.00 -0.1801 0.3632 0.3632
14925 56.71 28.24 0.00 0.7367 0.4098 0.4098
14950 56.76 28.30 0.00 1.0183 -0.6303 -0.6303
14975 56.76 28.30 0.00 1.0183 -0.6303 -0.6303
15000 56.78 28.34 0.00 0.4845 -0.0852 -0.0852
15025 56.78 28.36 0.00 -0.5183 0.2866 0.2866
15050 56.78 28.36 0.00 -0.5183 0.2866 0.2866
15075 56.75 28.34 0.00 -0.6082 0.0206 0.0206
15100 56.75 28.30 0.00 -0.0978 0.0708 0.0708
15125 56.75 28.28 0.00 0.3201 -0.0978 -0.0978
15150 56.75 28.28 0.00 0.3201 -0.0978 -0.0978
15175 56.76 28.23 0.00 0.3717 -0.5972 -0.5972
15200 56.78 28.21 0.00 0.2062 -1.5719 -1.5719
15225 56.78 28.21 0.00 0.2062 -1.5719 -1.5719
15250 56.80 28.07 0.00 0.4908 -2.0159 -2.0159
15275 56.78 27.76 0.00 -0.8483 -4.3635 -4.3635
15300 56.78 27.76 0.00 -0.8483 -4.3635 -4.3635
15325 56.75 27.61 0.00 -0.8796 -2.0021 -2.0021
15350 56.68 27.51 0.00 -2.4778 -1.6171 -1.6171
15375 56.57 27.43 0.00 -2.5644 -1.3671 -1.3671
15400 56.57 27.43 0.00 -2.5644 -1.3671 -1.3671
15425 56.48 27.37 0.00 -1.9157 -1.4832 -1.4832
15450 56.43 27.29 0.00 -1.1008 -1.3417 -1.3417
15475 56.43 27.29 0.00 -1.1008 -1.3417 -1.3417
15500 56.40 27.15 0.00 -1.0245 -0.3341 -0.3341
15525 56.31 27.00 0.00 -2.0423 -1.4814 -1.4814
15550 56.27 26.88 0.00 -1.2681 -0.5182 -0.5182
15575 56.27 26.88 0.00 -1.2681 -0.5182 -0.5182
15600 56.20 26.78 0.00 -2.1123 -2.4732 -2.4732
15625 56.10 26.68 0.00 -2.4173 -2.3283 -2.3283
15650 56.10 26.68 0.00 -2.4173 -2.3283 -2.3283
15675 56.03 26.64 0.00 -1.8506 -0.7686 -0.7686
15700 55.98 26.70 0.00 -0.2657 0.0883 0.0883
15725 55.98 26.70 0.00 -0.2657 0.0883 0.0883
15750 56.01 26.78 0.00 1.3071 0.2566 0.2566
15775 56.06 26.84 0.00 1.0376 -0.3818 -0.3818
15800 56.06 26.89 0.00 -0.6578 -0.2431 -0.2431
15825 56.06 26.89 0.00 -0.6578 -0.2431 -0.2431
15850 56.01 26.87 0.00 -1.7581 0.0684 0.0684
15875 55.94 26.87 0.00 -1.4947 -0.7959 -0.7959
15900 55.94 26.87 0.00 -1.4947 -0.7959 -0.7959
15925 55.91 26.91 0.00 -0.4401 -1.3820 -1.3820
15950 55.91 26.93 0.00 0.2112 -0.4353 -0.4353
15975 55.91 26.93 0.00 0.2112 -0.4353 -0.4353
16000 55.89 26.95 0.00 -0.3422 -0.1698 -0.1698
16025 55.92 26.99 0.00 1.2644 2.5129 2.5129
16050 55.92 26.99 0.00 1.2644 2.5129 2.5129
16075 55.96 27.05 0.00 0.9646 1.0485 1.0485
16100 56.01 27.09 0.00 1.3269 0.8326 0.8326
16125 56.06 27.16 0.00 0.8920 1.0574 1.0574
16150 56.06 27.16 0.00 0.8920 1.0574 1.0574
16175 56.08 27.16 0.00 0.4062 0.9906 0.9906
16200 56.10 27.11 0.00 0.4592 1.3670 1.3670
16225 56.10 27.11 0.00 0.4592 1.3670 1.3670
16250 56.10 27.03 0.00 -0.4765 -0.2798 -0.2798
16275 56.10 26.93 0.00 -0.0937 1.1133 1.1133
16300 56.10 26.93 0.00 -0.0937 1.1133 1.1133
16325 56.06 26.82 0.00 -0.9480 0.4136 0.4136
16350 56.03 26.76 0.00 -0.8559 -0.0097 -0.0097
16375 56.01 26.70 0.00 -0.7933 0.3068 0.3068
16400 56.01 26.70 0.00 -0.7933 0.3068 0.3068
16425 55.94 26.78 0.00 -2.1745 0.2546 0.2546
16450 55.82 26.93 0.00 -3.1335 -0.0581 -0.0581
16475 55.82 26.93 0.00 -3.1335 -0.0581 -0.0581
16500 55.71 27.00 0.00 -2.4324 0.2571 0.2571
16525 55.64 26.96 0.00 -1.3298 0.6567 0.6567
16550 55.61 26.81 0.00 -0.9173 0.5045 0.5045
16575 55.61 26.81 0.00 -0.9173 0.5045 0.5045
16600 55.56 26.69 0.00 -1.0833 -0.3243 -0.3243
16625 55.52 26.63 0.00 -1.1320 -0.5633 -0.5633
16650 55.52 26.63 0.00 -1.1320 -0.5633 -0.5633
16675 55.49 26.65 0.00 -0.6924 -1.0029 -1.0029
16700 55.47 26.67 0.00 -0.2101 -0.5062 -0.5062
16725 55.47 26.67 0.00 -0.2101 -0.5062 -0.5062
16750 55.45 26.61 0.00 0.1276 1.0986 1.0986
16775 55.50 26.59 0.00 1.1235 1.9464 1.9464
16800 55.54 26.57 0.00 1.1057 1.0058 1.0058
16825 55.54 26.57 0.00 1.1057 1.0058 1.0058
16850 55.57 26.54 0.00 0.3510 -0.2407 -0.2407
16875 55.57 26.54 0.00 0.3510 -0.2407 -0.2407
16900 55.56 26.52 0.00 -0.7413 -1.0519 -1.0519
16925 55.50 26.48 0.00 -1.4213 -0.8941 -0.8941
16950 55.45 26.42 0.00 -1.5070 -0.0454 -0.0454
16975 55.45 26.42 0.00 -1.5070 -0.0454 -0.0454
17000 55.38 26.36 0.00 -1.7892 -0.9205 -0.9205
17025 55.33 26.30 0.00 -0.6830 -0.2716 -0.2716
17050 55.33 26.30 0.00 -0.6830 -0.2716 -0.2716
17075 55.29 26.24 0.00 -1.0402 -0.7782 -0.7782
17100 55.26 26.22 0.00 -0.9199 -0.6923 -0.6923
17125 55.26 26.22 0.00 -0.9199 -0.6923 -0.6923
17150 55.22 26.24 0.00 -0.9508 -0.6835 -0.6835
17175 55.21 26.26 0.00 -0.6458 -0.3021 -0.3021
17200 55.17 26.28 0.00 -0.8806 -0.8281 -0.8281
17225 55.17 26.28 0.00 -0.8806 -0.8281 -0.8281
17250 55.14 26.28 0.00 -1.2988 -1.4585 -1.4585
17275 55.05 26.28 0.00 -2.1298 -1.5690 -1.5690
17300 55.05 26.28 0.00 -2.1298 -1.5690 -1.5690
17325 54.94 26.27 0.00 -2.9309 -1.3765 -1.3765
17350 54.84 26.25 0.00 -2.1941 -1.5393 -1.5393
17375 54.79 26.25 0.00 -1.3797 -1.9360 -1.9360
17400 54.79 26.25 0.00 -1.3797 -1.9360 -1.9360
17425 54.73 26.27 0.00 -0.8015 -1.1799 -1.1799
17450 54.72 26.29 0.00 -0.9568 -0.6805 -0.6805
17475 54.72 26.29 0.00 -0.9568 -0.6805 -0.6805
17500 54.66 26.29 0.00 -1.4138 -0.2139 -0.2139
17525 54.59 26.25 0.00 -1.5122 0.6909 0.6909
17550 54.59 26.25 0.00 -1.5122 0.6909 0.6909
17575 54.56 26.25 0.00 -0.5173 0.4489 0.4489
17600 54.54 26.29 0.00 -0.7010 -0.7148 -0.7148
17625 54.51 26.36 0.00 -1.2797 -0.7816 -0.7816
17650 54.51 26.36 0.00 -1.2797 -0.7816 -0.7816
17675 54.44 26.44 0.00 -1.8724 -0.9728 -0.9728
17700 54.35 26.51 0.00 -1.7941 -0.5257 -0.5257
17725 54.35 26.51 0.00 -1.7941 -0.5257 -0.5257
17750 54.30 26.53 0.00 -1.2444 0.2103 0.2103
17775 54.24 26.49 0.00 -0.9022 -0.4135 -0.4135
17800 54.24 26.45 0.00 -0.2981 -0.2439 -0.2439
17825 54.24 26.45 0.00 -0.2981 -0.2439 -0.2439
17850 54.21 26.43 0.00 -1.2356 -1.0108 -1.0108
17875 54.14 26.45 0.00 -1.5880 -0.6622 -0.6622
17900 54.14 26.45 0.00 -1.5880 -0.6622 -0.6622
17925 54.10 26.45 0.00 -1.3871 -0.3367 -0.3367
17950 54.10 26.45 0.00 -1.3871 -0.3367 -0.3367
17975 54.07 26.49 0.00 -0.3636 -0.3265 -0.3265
18000 54.07 26.53 0.00 -0.3516 -1.0861 -1.0861
18025 54.03 26.53 0.00 -1.0753 -1.1327 -1.1327
18050 54.03 26.53 0.00 -1.0753 -1.1327 -1.1327
18075 53.96 26.54 0.00 -2.2239 -1.0541 -1.0541
18100 53.86 26.52 0.00 -2.3256 -0.7931 -0.7931
18125 53.77 26.50 0.00 -1.8920 -1.3933 -1.3933
18150 53.77 26.50 0.00 -1.8920 -1.3933 -1.3933
18175 53.72 26.52 0.00 -1.2419 -2.0981 -2.0981
18200 53.68 26.48 0.00 -1.1734 -1.1039 -1.1039
18225 53.68 26.48 0.00 -1.1734 -1.1039 -1.1039
18250 53.61 26.40 0.00 -1.9786 -1.8164 -1.8164
18275 53.58 26.35 0.00 -0.2805 0.6914 0.6914
18300 53.54 26.38 0.00 -0.8837 -1.2200 -1.2200
18325 53.54 26.38 0.00 -0.8837 -1.2200 -1.2200
18350 53.53 26.40 0.00 -0.2050 -1.0847 -1.0847
18375 53.51 26.40 0.00 -0.8550 -0.7733 -0.7733
18400 53.51 26.40 0.00 -0.8550 -0.7733 -0.7733
18425 53.46 26.38 0.00 -1.1669 0.4614 0.4614
18450 53.42 26.29 0.00 -0.6719 2.1853 2.1853
18475 53.42 26.29 0.00 -0.6719 2.1853 2.1853
18500 53.39 26.19 0.00 -1.2864 0.5336 0.5336
18525 53.37 26.09 0.00 -0.1620 0.6642 0.6642
18550 53.37 26.09 0.00 -0.1620 0.6642 0.6642
18575 53.35 25.98 0.00 -0.8501 -1.2582 -1.2582
18600 53.30 25.96 0.00 -0.9178 -1.2695 -1.2695
18625 53.30 25.96 0.00 -0.9178 -1.2695 -1.2695
18650 53.30 25.98 0.00 0.1990 0.2478 0.2478
18675 53.35 26.00 0.00 1.9332 0.8496 0.8496
18700 53.44 26.00 0.00 2.1460 0.1512 0.1512
18725 53.44 26.00 0.00 2.1460 0.1512 0.1512
18750 53.47 26.00 0.00 0.9323 -0.1659 -0.1659
18775 53.47 25.94 0.00 -0.9569 0.1902 0.1902
18800 53.47 25.94 0.00 -0.9569 0.1902 0.1902
18825 53.40 25.88 0.00 -1.8868 0.3805 0.3805
18850 53.33 25.83 0.00 -1.4429 -0.6477 -0.6477
18875 53.33 25.83 0.00 -1.4429 -0.6477 -0.6477
18900 53.30 25.77 0.00 -0.4036 -1.1014 -1.1014
18925 53.26 25.71 0.00 -1.1842 -2.0934 -2.0934
18950 53.25 25.73 0.00 0.4527 0.8896 0.8896
18975 53.25 25.73 0.00 0.4527 0.8896 0.8896
19000 53.30 25.84 0.00 1.2418 0.6608 0.6608
19025 53.37 25.94 0.00 1.7436 0.1520 0.1520
19050 53.37 25.94 0.00 1.7436 0.1520 0.1520
19075 53.42 26.00 0.00 1.4521 0.5525 0.5525
19100 53.47 25.98 0.00 0.6964 1.1037 1.1037
19125 53.47 25.98 0.00 0.6964 1.1037 1.1037
19150 53.49 25.89 0.00 0.4524 1.5956 1.5956
19175 53.49 25.81 0.00 -0.3740 -0.5304 -0.5304
19200 53.49 25.73 0.00 -0.1050 0.6916 0.6916
19225 53.49 25.73 0.00 -0.1050 0.6916 0.6916
19250 53.46 25.71 0.00 -1.2555 -0.3274 -0.3274
19275 53.37 25.83 0.00 -2.3797 -0.0138 -0.0138
19300 53.37 25.83 0.00 -2.3797 -0.0138 -0.0138
19325 53.30 25.96 0.00 -1.1907 0.7029 0.7029
19350 53.28 26.09 0.00 -0.1634 0.8276 0.8276
19375 53.28 25.98 0.00 0.3141 -0.1755 -0.1755
19400 53.28 25.98 0.00 0.3141 -0.1755 -0.1755
19425 53.28 25.92 0.00 -0.6224 -0.4200 -0.4200
19450 53.21 25.73 0.00 -2.1899 -0.1329 -0.1329
19475 53.21 25.73 0.00 -2.1899 -0.1329 -0.1329
19500 53.14 25.56 0.00 -2.8196 0.2269 0.2269
19525 53.00 25.36 0.00 -3.3284 -0.5553 -0.5553
19550 53.00 25.36 0.00 -3.3284 -0.5553 -0.5553
19575 52.88 25.27 0.00 -2.4195 -3.5266 -3.5266
19600 52.83 25.13 0.00 -1.1925 -3.8231 -3.8231
19625 52.74 24.92 0.00 -2.8662 -3.0436 -3.0436
19650 52.74 24.92 0.00 -2.8662 -3.0436 -3.0436
19675 52.60 24.79 0.00 -3.5059 -1.2095 -1.2095
19700 52.46 24.67 0.00 -3.5782 -0.1260 -0.1260
19725 52.46 24.67 0.00 -3.5782 -0.1260 -0.1260
19750 52.34 24.50 0.00 -2.4848 -1.3784 -1.3784
19775 52.27 24.44 0.00 -1.7103 -2.2018 -2.2018
19800 52.27 24.44 0.00 -1.7103 -2.2018 -2.2018
19825 52.18 24.37 0.00 -2.0633 -2.8062 -2.8062
19850 52.09 24.37 0.00 -2.5694 -1.3460 -1.3460
19875 52.09 24.37 0.00 -2.5694 -1.3460 -1.3460
19900 51.97 24.35 0.00 -3.1994 -2.4225 -2.4225
19925 51.87 24.19 0.00 -2.4289 -1.8997 -1.8997
19950 51.76 24.00 0.00 -2.9804 -1.5014 -1.5014
19975 51.76 24.00 0.00 -2.9804 -1.5014 -1.5014
20000 51.66 23.85 0.00 -1.8579 -1.1244 -1.1244
20025 51.62 23.74 0.00 -0.7849 -0.5541 -0.5541
20050 51.64 23.70 0.00 0.7889 -0.4720 -0.4720
20075 51.64 23.70 0.00 0.7889 -0.4720 -0.4720
20100 51.66 23.70 0.00 0.5808 -0.8230 -0.8230
20125 51.68 23.72 0.00 -0.0311 -0.5612 -0.5612
20150 51.68 23.72 0.00 -0.0311 -0.5612 -0.5612
20175 51.66 23.72 0.00 -0.4335 -0.7805 -0.7805
20200 51.66 23.72 0.00 -0.4335 -0.7805 -0.7805
20225 51.64 23.76 0.00 -0.5557 -0.7207 -0.7207
20250 51.61 23.70 0.00 -0.6692 -0.9136 -0.9136
20275 51.59 23.68 0.00 -1.0169 -0.8732 -0.8732
20300 51.55 23.61 0.00 -0.6189 0.0480 0.0480
20325 51.55 23.61 0.00 -0.6189 0.0480 0.0480
20350 51.54 23.59 0.00 -0.2615 0.0051 0.0051
20375 51.52 23.55 0.00 -0.6606 -1.0749 -1.0749
20400 51.52 23.55 0.00 -0.6606 -1.0749 -1.0749
20425 51.52 23.51 0.00 0.4033 1.9940 1.9940
20450 51.52 23.57 0.00 -0.2481 -0.0082 -0.0082
20475 51.52 23.57 0.00 -0.2481 -0.0082 -0.0082
20500 51.52 23.68 0.00 0.0614 -2.1019 -2.1019
20525 51.52 23.72 0.00 -0.0484 -2.6874 -2.6874
20550 51.48 23.66 0.00 -1.2262 -2.7413 -2.7413
20575 51.48 23.66 0.00 -1.2262 -2.7413 -2.7413
20600 51.43 23.47 0.00 -1.7965 -1.1926 -1.1926
20625 51.34 23.27 0.00 -2.2994 -0.9751 -0.9751
20650 51.34 23.27 0.00 -2.2994 -0.9751 -0.9751
20675 51.26 23.04 0.00 -1.9313 -0.7216 -0.7216
20700 51.17 22.91 0.00 -2.4934 -0.9107 -0.9107
20725 51.17 22.91 0.00 -2.4934 -0.9107 -0.9107
20750 51.03 22.85 0.00 -3.9464 -1.6808 -1.6808
20775 50.89 22.80 0.00 -3.2242 -0.7698 -0.7698
20800 50.89 22.80 0.00 -3.2242 -0.7698 -0.7698
20825 50.79 22.76 0.00 -1.9540 -0.6724 -0.6724
20850 50.75 22.72 0.00 -0.9279 -1.9591 -1.9591
20875 50.75 22.72 0.00 -0.9279 -1.9591 -1.9591
20900 50.72 22.76 0.00 -0.6577 -2.7283 -2.7283
20925 50.68 22.81 0.00 -1.0642 -1.6576 -1.6576
20950 50.63 22.85 0.00 -1.2593 -0.5213 -0.5213
20975 50.63 22.85 0.00 -1.2593 -0.5213 -0.5213
21000 50.59 22.91 0.00 -0.3308 0.0800 0.0800
21025 50.61 22.98 0.00 0.5885 0.1472 0.1472
21050 50.61 22.98 0.00 0.5885 0.1472 0.1472
21075 50.66 23.11 0.00 1.5620 0.0676 0.0676
21100 50.73 23.30 0.00 2.3141 1.3928 1.3928
21125 50.84 23.53 0.00 2.4517 1.6425 1.6425
21150 50.84 23.53 0.00 2.4517 1.6425 1.6425
21175 50.91 23.75 0.00 1.3915 0.6014 0.6014
21200 50.98 23.92 0.00 2.2028 3.6363 3.6363
21225 50.98 23.92 0.00 2.2028 3.6363 3.6363
21250 51.06 24.11 0.00 2.1398 3.3867 3.3867
21275 51.17 24.25 0.00 2.4494 2.2118 2.2118
21300 51.17 24.25 0.00 2.4494 2.2118 2.2118
21325 51.26 24.40 0.00 2.0680 0.9836 0.9836
21350 51.31 24.51 0.00 0.6721 0.1153 0.1153
21375 51.31 24.51 0.00 0.6721 0.1153 0.1153
21400 51.31 24.55 0.00 -0.4031 0.3423 0.3423
21425 51.27 24.51 0.00 -0.7396 -0.2804 -0.2804
21450 51.27 24.40 0.00 0.5528 0.9905 0.9905
21475 51.27 24.40 0.00 0.5528 0.9905 0.9905
21500 51.31 24.34 0.00 0.3779 -0.6090 -0.6090
21525 51.29 24.30 0.00 -0.3278 -0.9731 -0.9731
21550 51.29 24.30 0.00 -0.3278 -0.9731 -0.9731
21575 51.27 24.27 0.00 -0.9451 0.1882 0.1882
21600 51.22 24.25 0.00 -0.9145 0.0519 0.0519
21625 51.22 24.23 0.00 0.0927 -0.3406 -0.3406
21650 51.22 24.23 0.00 0.0927 -0.3406 -0.3406
21675 51.22 24.23 0.00 0.0000 -1.1845 -1.1845
21700 51.19 24.25 0.00 -1.1339 -1.1513 -1.1513
21725 51.19 24.25 0.00 -1.1339 -1.1513 -1.1513
21750 51.13 24.23 0.00 -1.8393 -0.9891 -0.9891
21775 51.06 24.21 0.00 -1.8263 -0.9865 -0.9865
21800 50.99 24.21 0.00 -1.6066 -1.1004 -1.1004
21825 50.99 24.21 0.00 -1.6066 -1.1004 -1.1004
21850 50.93 24.19 0.00 -1.4674 -1.6772 -1.6772
21875 50.87 24.15 0.00 -1.4988 -0.8628 -0.8628
21900 50.87 24.15 0.00 -1.4988 -0.8628 -0.8628
21925 50.82 24.06 0.00 -1.2520 0.0753 0.0753
21950 50.82 24.00 0.00 0.2604 0.8427 0.8427
21975 50.82 24.00 0.00 0.2604 0.8427 0.8427
22000 50.82 23.98 0.00 0.0970 0.2770 0.2770
22025 50.82 23.94 0.00 -0.0796 0.4628 0.4628
22050 50.80 23.89 0.00 -0.8001 0.5175 0.5175
22075 50.80 23.89 0.00 -0.8001 0.5175 0.5175
22100 50.75 23.77 0.00 -0.9970 0.5858 0.5858
22125 50.72 23.60 0.00 -1.0485 0.2434 0.2434
22150 50.72 23.60 0.00 -1.0485 0.2434 0.2434
22175 50.66 23.40 0.00 -0.8448 -0.2074 -0.2074
22200 50.66 23.26 0.00 -0.2616 -0.5808 -0.5808
22225 50.65 23.17 0.00 -0.2351 -0.8679 -0.8679
22250 50.65 23.17 0.00 -0.2351 -0.8679 -0.8679
22275 50.65 23.15 0.00 0.0524 -0.2310 -0.2310
22300 50.65 23.15 0.00 0.0524 -0.2310 -0.2310
22325 50.65 23.15 0.00 0.1403 0.3093 0.3093
22350 50.66 23.17 0.00 0.1070 0.2533 0.2533
22375 50.65 23.17 0.00 -0.6271 -0.4611 -0.4611
22400 50.65 23.17 0.00 -0.6271 -0.4611 -0.4611
22425 50.59 23.19 0.00 -1.3445 -0.7661 -0.7661
22450 50.52 23.19 0.00 -2.0376 -1.0762 -1.0762
22475 50.52 23.19 0.00 -2.0376 -1.0762 -1.0762
22500 50.44 23.19 0.00 -2.1388 -0.7359 -0.7359
22525 50.38 23.21 0.00 -1.8447 -1.2778 -1.2778
22550 50.30 23.26 0.00 -1.8075 -0.8960 -0.8960
22575 50.30 23.26 0.00 -1.8075 -0.8960 -0.8960
22600 50.21 23.28 0.00 -2.9556 -1.5922 -1.5922
22625 50.10 23.34 0.00 -2.3902 0.1988 0.1988
22650 50.10 23.34 0.00 -2.3902 0.1988 0.1988
22675 50.00 23.38 0.00 -2.6993 -0.5041 -0.5041
22700 49.88 23.43 0.00 -3.2393 -0.6738 -0.6738
22725 49.88 23.43 0.00 -3.2393 -0.6738 -0.6738
22750 49.72 23.38 0.00 -4.2726 -0.8670 -0.8670
22775 49.55 23.28 0.00 -4.3468 -0.9843 -0.9843
22800 49.55 23.28 0.00 -4.3468 -0.9843 -0.9843
22825 49.39 23.06 0.00 -3.3618 -0.5389 -0.5389
22850 49.30 22.87 0.00 -2.3881 -1.4397 -1.4397
22875 49.23 22.70 0.00 -1.1394 -0.4574 -0.4574
22900 49.23 22.70 0.00 -1.1394 -0.4574 -0.4574
22925 49.16 22.63 0.00 -1.7804 -0.6670 -0.6670
22950 49.07 22.63 0.00 -2.6159 -1.1079 -1.1079
22975 49.07 22.63 0.00 -2.6159 -1.1079 -1.1079
23000 48.97 22.65 0.00 -2.1576 -0.3317 -0.3317
23025 48.92 22.59 0.00 -0.6256 0.1839 0.1839
23050 48.92 22.52 0.00 -0.0059 -0.3814 -0.3814
23075 48.92 22.52 0.00 -0.0059 -0.3814 -0.3814
23100 48.92 22.48 0.00 -0.1363 -1.5675 -1.5675
23125 48.90 22.46 0.00 -0.6551 -1.0399 -1.0399
23150 48.90 22.46 0.00 -0.6551 -1.0399 -1.0399
23175 48.85 22.46 0.00 -1.2989 -0.3378 -0.3378
23200 48.83 22.46 0.00 -0.2346 -0.4074 -0.4074
23225 48.83 22.46 0.00 -0.2346 -0.4074 -0.4074
23250 48.85 22.46 0.00 1.0002 -0.8677 -0.8677
23275 48.88 22.50 0.00 0.8578 -1.2966 -1.2966
23300 48.88 22.50 0.00 0.8578 -1.2966 -1.2966
23325 48.88 22.52 0.00 -0.6654 -1.1618 -1.1618
23350 48.83 22.50 0.00 -0.9161 1.4206 1.4206
23375 48.83 22.50 0.00 -0.9161 1.4206 1.4206
23400 48.83 22.52 0.00 0.3011 2.2445 2.2445
23425 48.87 22.55 0.00 1.1222 1.2181 1.2181
23450 48.94 22.59 0.00 2.1683 0.7431 0.7431
23475 49.01 22.68 0.00 1.0211 -0.0782 -0.0782
23500 49.01 22.68 0.00 1.0211 -0.0782 -0.0782
23525 49.01 22.74 0.00 -0.3208 -0.0953 -0.0953
23550 48.99 22.74 0.00 -0.5439 0.7047 0.7047
23575 48.99 22.74 0.00 -0.5439 0.7047 0.7047
23600 48.95 22.65 0.00 -0.6263 -0.1668 -0.1668
23625 48.95 22.50 0.00 0.4928 0.7430 0.7430
23650 48.95 22.50 0.00 0.4928 0.7430 0.7430
23675 48.97 22.33 0.00 -0.1716 -0.3664 -0.3664
23700 48.95 22.20 0.00 -0.6581 -0.0701 -0.0701
23725 48.95 22.20 0.00 -0.6581 -0.0701 -0.0701
23750 48.92 22.09 0.00 -0.9897 0.0095 0.0095
23775 48.88 21.99 0.00 -0.4837 -0.4083 -0.4083
23800 48.87 21.92 0.00 -0.4746 -1.1489 -1.1489
23825 48.87 21.92 0.00 -0.4746 -1.1489 -1.1489
23850 48.83 21.79 0.00 -1.3511 -1.6198 -1.6198
23875 48.74 21.60 0.00 -2.7217 -1.4432 -1.4432
23900 48.74 21.60 0.00 -2.7217 -1.4432 -1.4432
23925 48.60 21.34 0.00 -3.7198 -1.2185 -1.2185
23950 48.46 21.14 0.00 -3.2450 -1.2607 -1.2607
23975 48.46 21.14 0.00 -3.2450 -1.2607 -1.2607
24000 48.36 21.01 0.00 -2.2741 -1.9164 -1.9164
24025 48.29 20.98 0.00 -1.3736 -2.3719 -2.3719
24050 48.25 21.01 0.00 -1.1882 -1.6900 -1.6900
24075 48.25 21.01 0.00 -1.1882 -1.6900 -1.6900
24100 48.18 20.98 0.00 -2.3081 -2.1928 -2.1928
24125 48.10 20.98 0.00 -2.1170 0.2575 0.2575
24150 48.10 20.98 0.00 -2.1170 0.2575 0.2575
24175 48.01 21.03 0.00 -2.0402 -0.8190 -0.8190
24200 47.94 21.07 0.00 -1.5970 -0.7592 -0.7592
24225 47.94 21.07 0.00 -1.5970 -0.7592 -0.7592
24250 47.87 21.13 0.00 -1.9832 -0.9554 -0.9554
24275 47.78 21.24 0.00 -2.2762 -1.2941 -1.2941
24300 47.70 21.31 0.00 -1.6153 -0.5254 -0.5254
24325 47.70 21.31 0.00 -1.6153 -0.5254 -0.5254
24350 47.64 21.35 0.00 -1.1866 -1.0810 -1.0810
24375 47.63 21.35 0.00 -0.1383 -0.1609 -0.1609
24400 47.63 21.30 0.00 -0.2775 -1.5775 -1.5775
24425 47.63 21.30 0.00 -0.2775 -1.5775 -1.5775
24450 47.59 21.28 0.00 -0.8513 -1.2601 -1.2601
24475 47.59 21.28 0.00 -0.8513 -1.2601 -1.2601
24500 47.56 21.24 0.00 -0.8335 0.2460 0.2460
24525 47.54 21.22 0.00 -0.1252 0.6862 0.6862
24550 47.54 21.22 0.00 0.2576 -0.2063 -0.2063
24575 47.54 21.22 0.00 0.2576 -0.2063 -0.2063
24600 47.54 21.19 0.00 -0.6292 -1.0262 -1.0262
24625 47.49 21.15 0.00 -1.7258 -0.8985 -0.8985
24650 47.49 21.15 0.00 -1.7258 -0.8985 -0.8985
24675 47.40 21.08 0.00 -2.0364 -0.9657 -0.9657
24700 47.33 21.00 0.00 -1.5831 -1.2816 -1.2816
24725 47.28 20.93 0.00 -1.5386 -2.0301 -2.0301
24750 47.28 20.93 0.00 -1.5386 -2.0301 -2.0301
24775 47.21 20.84 0.00 -2.3444 -1.8250 -1.8250
24800 47.08 20.73 0.00 -2.3626 -0.5388 -0.5388
24825 47.08 20.73 0.00 -2.3626 -0.5388 -0.5388
24850 47.05 20.67 0.00 -0.9567 1.3660 1.3660
24875 47.01 20.56 0.00 -1.0530 0.7233 0.7233
24900 47.01 20.56 0.00 -1.0530 0.7233 0.7233
24925 46.98 20.47 0.00 -0.5782 0.2880 0.2880
24950 46.94 20.36 0.00 -1.1685 0.8454 0.8454
24975 46.89 20.27 0.00 -1.1853 0.4293 0.4293
25000 46.89 20.27 0.00 -1.1853 0.4293 0.4293
25025 46.87 20.20 0.00 -0.2649 0.1689 0.1689
25050 46.84 20.16 0.00 -0.5253 -1.3041 -1.3041
25075 46.84 20.16 0.00 -0.5253 -1.3041 -1.3041
25100 46.84 20.12 0.00 0.0928 -0.4711 -0.4711
25125 46.84 20.09 0.00 -0.1922 -0.5645 -0.5645
25150 46.84 20.09 0.00 -0.1922 -0.5645 -0.5645
25175 46.86 20.07 0.00 0.5453 0.0722 0.0722
25200 46.89 20.07 0.00 0.8885 0.1345 0.1345
25225 46.93 20.10 0.00 1.4392 0.4051 0.4051
25250 46.93 20.10 0.00 1.4392 0.4051 0.4051
25275 46.98 20.18 0.00 1.1575 -0.1471 -0.1471
25300 47.01 20.27 0.00 0.2647 -0.6308 -0.6308
25325 47.01 20.27 0.00 0.2647 -0.6308 -0.6308
25350 47.00 20.36 0.00 -0.6055 -0.2091 -0.2091
25375 46.96 20.40 0.00 -1.0468 -0.4708 -0.4708
25400 46.96 20.40 0.00 -1.0468 -0.4708 -0.4708
25425 46.93 20.42 0.00 -1.0747 -0.7560 -0.7560
25450 46.89 20.44 0.00 -1.0005 -1.2937 -1.2937
25475 46.84 20.47 0.00 -1.4101 -0.9040 -0.9040
25500 46.84 20.47 0.00 -1.4101 -0.9040 -0.9040
25525 46.75 20.42 0.00 -2.0431 -0.6958 -0.6958
25550 46.70 20.42 0.00 -1.2432 1.6274 1.6274
25575 46.70 20.42 0.00 -1.2432 1.6274 1.6274
25600 46.61 20.48 0.00 -2.5595 1.1605 1.1605
25625 46.49 20.48 0.00 -3.2433 -0.5197 -0.5197
25650 46.49 20.48 0.00 -3.2433 -0.5197 -0.5197
25675 46.37 20.44 0.00 -3.4075 -1.4633 -1.4633
25700 46.25 20.39 0.00 -3.6324 -2.0837 -2.0837
25725 46.25 20.39 0.00 -3.6324 -2.0837 -2.0837
25750 46.11 20.26 0.00 -3.2021 -2.0836 -2.0836
25775 46.00 20.14 0.00 -2.7564 -3.5581 -3.5581
25800 45.91 20.05 0.00 -1.7381 -1.0031 -1.0031
25825 45.91 20.05 0.00 -1.7381 -1.0031 -1.0031
25850 45.86 20.05 0.00 -1.3042 -1.4512 -1.4512
25875 45.83 20.07 0.00 -0.3058 -1.7077 -1.7077
25900 45.83 20.07 0.00 -0.3058 -1.7077 -1.7077
25925 45.81 20.10 0.00 -0.6612 -0.8220 -0.8220
25950 45.77 20.07 0.00 -1.0122 -0.5321 -0.5321
25975 45.74 20.03 0.00 -0.6875 -1.1683 -1.1683
26000 45.74 20.03 0.00 -0.6875 -1.1683 -1.1683
26025 45.72 19.96 0.00 -0.2826 -1.4098 -1.4098
26050 45.70 19.83 0.00 -0.4298 -1.4293 -1.4293
26075 45.70 19.83 0.00 -0.4298 -1.4293 -1.4293
26100 45.69 19.68 0.00 -0.3310 -1.1067 -1.1067
26125 45.70 19.48 0.00 1.1792 -0.0916 -0.0916
26150 45.70 19.48 0.00 1.1792 -0.0916 -0.0916
26175 45.79 19.33 0.00 2.5695 0.5434 0.5434
26200 45.91 19.31 0.00 3.3843 1.8595 1.8595
26225 45.91 19.31 0.00 3.3843 1.8595 1.8595
26250 46.04 19.38 0.00 2.4314 1.9366 1.9366
26275 46.09 19.42 0.00 0.3620 1.5550 1.5550
26300 46.11 19.49 0.00 1.6067 4.9534 4.9534
26325 46.11 19.49 0.00 1.6067 4.9534 4.9534
26350 46.19 19.62 0.00 2.1666 2.9178 2.9178
26375 46.30 19.73 0.00 2.5108 0.6966 0.6966
26400 46.30 19.73 0.00 2.5108 0.6966 0.6966
26425 46.37 19.84 0.00 1.3500 0.0605 0.0605
26450 46.39 19.93 0.00 -0.1302 -0.6871 -0.6871
26475 46.39 19.95 0.00 -0.0337 -0.4642 -0.4642
26500 46.39 19.95 0.00 -0.0337 -0.4642 -0.4642
26525 46.42 19.93 0.00 1.1426 -0.6018 -0.6018
26550 46.46 19.87 0.00 1.2797 -0.0337 -0.0337
26575 46.47 19.82 0.00 -0.4024 -0.7744 -0.7744
26600 46.47 19.82 0.00 -0.4024 -0.7744 -0.7744
26625 46.42 19.82 0.00 -1.8685 -0.2400 -0.2400
26650 46.35 19.76 0.00 -1.5441 1.4497 1.4497
26675 46.35 19.76 0.00 -1.5441 1.4497 1.4497
26700 46.32 19.73 0.00 -0.6839 2.4318 2.4318
26725 46.32 19.78 0.00 0.5886 2.5200 2.5200
26750 46.32 19.78 0.00 0.5886 2.5200 2.5200
26775 46.35 19.82 0.00 0.7789 1.2653 1.2653
26800 46.37 19.82 0.00 0.1255 -0.4888 -0.4888
26825 46.37 19.82 0.00 0.1255 -0.4888 -0.4888
26850 46.33 19.80 0.00 -1.1038 -1.3470 -1.3470
26875 46.26 19.75 0.00 -2.2985 -1.9734 -1.9734
26900 46.26 19.75 0.00 -2.2985 -1.9734 -1.9734
26925 46.16 19.71 0.00 -2.5845 -1.5348 -1.5348
26950 46.07 19.66 0.00 -2.0639 -1.3009 -1.3009
26975 46.00 19.53 0.00 -1.9533 -1.2024 -1.2024
27000 46.00 19.53 0.00 -1.9533 -1.2024 -1.2024
27025 45.95 19.37 0.00 -0.2068 2.1825 2.1825
27050 45.95 19.31 0.00 -0.1353 1.1455 1.1455
27075 45.95 19.31 0.00 -0.1353 1.1455 1.1455
27100 45.93 19.29 0.00 -0.8329 0.1188 0.1188
27125 45.86 19.28 0.00 -3.0938 1.9425 1.9425
27150 45.67 19.28 0.00 -5.3806 2.7596 2.7596
27175 45.67 19.28 0.00 -5.3806 2.7596 2.7596
27200 45.42 19.21 0.00 -4.4377 4.3929 4.3929
27225 45.32 19.16 0.00 -3.2088 2.8767 2.8767
27250 45.32 19.16 0.00 -3.2088 2.8767 2.8767
27275 45.23 19.09 0.00 -0.3093 0.5480 0.5480
27300 45.28 19.05 0.00 1.8659 -1.2586 -1.2586
27325 45.28 19.05 0.00 1.8659 -1.2586 -1.2586
27350 45.37 19.03 0.00 1.7447 -1.3839 -1.3839
27375 45.42 19.05 0.00 1.3063 0.5533 0.5533
27400 45.42 19.05 0.00 1.3063 0.5533 0.5533
27425 45.46 19.08 0.00 0.8477 1.2801 1.2801
27450 45.49 19.08 0.00 0.5878 1.0287 1.0287
27475 45.51 19.10 0.00 0.1159 0.2136 0.2136
27500 45.51 19.10 0.00 0.1159 0.2136 0.2136
27525 45.49 19.12 0.00 -0.5572 0.3383 0.3383
27550 45.46 19.08 0.00 -0.9528 0.3171 0.3171
27575 45.46 19.08 0.00 -0.9528 0.3171 0.3171
27600 45.44 19.03 0.00 -0.1504 0.1420 0.1420
27625 45.44 18.94 0.00 0.1049 -0.5600 -0.5600
27650 45.42 18.79 0.00 -0.9730 -1.9735 -1.9735
27675 45.42 18.79 0.00 -0.9730 -1.9735 -1.9735
27700 45.39 18.61 0.00 -0.9450 0.3039 0.3039
27725 45.32 18.45 0.00 -2.0609 0.5640 0.5640
27750 45.32 18.45 0.00 -2.0609 0.5640 0.5640
27775 45.23 18.29 0.00 -2.7333 0.2009 0.2009
27800 45.11 18.11 0.00 -2.9061 -0.0373 -0.0373
27825 45.11 18.11 0.00 -2.9061 -0.0373 -0.0373
27850 44.99 17.89 0.00 -2.9320 -0.4777 -0.4777
27875 44.86 17.57 0.00 -3.1849 -0.5778 -0.5778
27900 44.78 17.25 0.00 -3.2765 -1.4483 -1.4483
27925 44.78 17.25 0.00 -3.2765 -1.4483 -1.4483
27950 44.64 16.89 0.00 -3.0288 -2.2489 -2.2489
27975 44.51 16.57 0.00 -3.2324 -3.0695 -3.0695
28000 44.51 16.57 0.00 -3.2324 -3.0695 -3.0695
28025 44.39 16.30 0.00 -3.3344 -4.0242 -4.0242
28050 44.25 16.16 0.00 -3.3574 -3.0009 -3.0009
28075 44.25 16.16 0.00 -3.3574 -3.0009 -3.0009
28100 44.11 16.06 0.00 -3.4211 -1.8269 -1.8269
28125 43.99 16.06 0.00 -2.8361 -2.0224 -2.0224
28150 43.88 16.14 0.00 -2.5772 -2.4434 -2.4434
28175 43.88 16.14 0.00 -2.5772 -2.4434 -2.4434
28200 43.78 16.23 0.00 -2.7310 -1.8848 -1.8848
28225 43.67 16.32 0.00 -2.7713 -1.4586 -1.4586
28250 43.67 16.32 0.00 -2.7713 -1.4586 -1.4586
28275 43.59 16.45 0.00 -2.1165 -1.1607 -1.1607
28300 43.53 16.54 0.00 -0.8258 -1.1391 -1.1391
28325 43.53 16.54 0.00 -0.8258 -1.1391 -1.1391
28350 43.53 16.65 0.00 0.4134 -0.6042 -0.6042
28375 43.55 16.83 0.00 0.4353 -0.4647 -0.4647
28400 43.55 16.83 0.00 0.4353 -0.4647 -0.4647
28425 43.57 17.04 0.00 0.1938 -0.0660 -0.0660
28450 43.53 17.19 0.00 -0.5771 -0.3196 -0.3196
28475 43.59 17.33 0.00 1.9803 2.5096 2.5096
28500 43.59 17.33 0.00 1.9803 2.5096 2.5096
28525 43.67 17.44 0.00 2.3434 1.5132 1.5132
28550 43.78 17.56 0.00 2.8519 1.5557 1.5557
28575 43.78 17.56 0.00 2.8519 1.5557 1.5557
28600 43.88 17.72 0.00 2.1779 1.3331 1.3331
28625 43.94 17.88 0.00 0.4823 0.8912 0.8912
28650 43.94 17.88 0.00 0.4823 0.8912 0.8912
28675 43.92 18.03 0.00 -0.4022 0.5779 0.5779
28700 43.88 18.14 0.00 -0.9563 -0.8007 -0.8007
28725 43.87 18.19 0.00 -0.2945 -0.1425 -0.1425
28750 43.87 18.19 0.00 -0.2945 -0.1425 -0.1425
28775 43.85 18.12 0.00 -0.7579 -0.3385 -0.3385
28800 43.81 18.03 0.00 -1.1824 -0.2668 -0.2668
28825 43.81 18.03 0.00 -1.1824 -0.2668 -0.2668
28850 43.76 17.89 0.00 -1.6305 -0.3204 -0.3204
28875 43.69 17.76 0.00 -1.5178 -0.3517 -0.3517
28900 43.64 17.64 0.00 -1.5004 -0.8329 -0.8329
28925 43.64 17.64 0.00 -1.5004 -0.8329 -0.8329
28950 43.57 17.55 0.00 -1.7548 -0.9788 -0.9788
28975 43.48 17.46 0.00 -2.3853 -1.6380 -1.6380
29000 43.48 17.46 0.00 -2.3853 -1.6380 -1.6380
29025 43.39 17.37 0.00 -2.4815 -1.5949 -1.5949
29050 43.39 17.37 0.00 -2.4815 -1.5949 -1.5949
29075 43.31 17.27 0.00 -2.0305 -1.5118 -1.5118
29100 43.24 17.14 0.00 -1.6767 -1.1746 -1.1746
29125 43.18 17.05 0.00 -1.1415 -0.7934 -0.7934
29150 43.15 17.02 0.00 -0.6251 -0.5429 -0.5429
29175 43.15 17.02 0.00 -0.6251 -0.5429 -0.5429
29200 43.13 17.13 0.00 -0.1455 -0.7529 -0.7529
29225 43.13 17.25 0.00 0.0117 -0.2046 -0.2046
29250 43.13 17.25 0.00 0.0117 -0.2046 -0.2046
29275 43.11 17.25 0.00 -0.2653 0.1208 0.1208
29300 43.13 17.31 0.00 0.5324 0.6466 0.6466
29325 43.13 17.31 0.00 0.5324 0.6466 0.6466
29350 43.13 17.40 0.00 -0.0356 -0.7822 -0.7822
29375 43.13 17.49 0.00 -0.3090 -1.0347 -1.0347
29400 43.10 17.56 0.00 -1.0736 -1.1506 -1.1506
29425 43.10 17.56 0.00 -1.0736 -1.1506 -1.1506
29450 43.04 17.56 0.00 -1.5654 -0.6656 -0.6656
29475 42.99 17.53 0.00 -1.0958 0.1669 0.1669
29500 42.99 17.53 0.00 -1.0958 0.1669 0.1669
29525 42.94 17.44 0.00 -0.9305 -1.4006 -1.4006
29550 42.92 17.40 0.00 -0.1614 -0.8252 -0.8252
29575 42.92 17.40 0.00 -0.1614 -0.8252 -0.8252
29600 42.88 17.30 0.00 -1.9613 -1.9316 -1.9316
29625 42.78 17.21 0.00 -3.1550 -1.3217 -1.3217
29650 42.62 17.09 0.00 -3.9772 -0.9994 -0.9994
29675 42.62 17.09 0.00 -3.9772 -0.9994 -0.9994
29700 42.46 16.91 0.00 -4.0804 -1.2616 -1.2616
29725 42.29 16.67 0.00 -5.0435 -2.0570 -2.0570
29750 42.29 16.67 0.00 -5.0435 -2.0570 -2.0570
29775 41.99 16.41 0.00 -9.0985 -3.8418 -3.8418
29800 41.51 16.12 0.00 -13.3639 -1.8573 -1.8573
29825 41.51 16.12 0.00 -13.3639 -1.8573 -1.8573
29850 40.93 15.75 0.00 -14.7376 0.3346 0.3346
29875 40.34 15.42 0.00 -15.5490 -1.1184 -1.1184
29900 39.68 15.07 0.00 -16.7920 -1.9015 -1.9015
29925 39.68 15.07 0.00 -16.7920 -1.9015 -1.9015
29950 39.03 14.71 0.00 -15.6693 -1.8805 -1.8805
29975 38.41 14.42 0.00 -15.6699 -6.1373 -6.1373
30000 38.41 14.42 0.00 -15.6699 -6.1373 -6.1373
30025 37.83 14.12 0.00 -13.3594 -4.1064 -4.1064
30050 37.31 13.81 0.00 -13.0900 -4.6707 -4.6707
30075 36.75 13.49 0.00 -14.2402 -5.9419 -5.9419
30100 36.75 13.49 0.00 -14.2402 -5.9419 -5.9419
30125 36.16 13.19 0.00 -15.0393 -7.1972 -7.1972
30150 35.57 12.88 0.00 -14.5888 -8.5060 -8.5060
30175 35.57 12.88 0.00 -14.5888 -8.5060 -8.5060
30200 35.04 12.58 0.00 -12.1691 -8.3600 -8.3600
30225 34.70 12.34 0.00 -10.2247 -8.9850 -8.9850
30250 34.70 12.34 0.00 -10.2247 -8.9850 -8.9850
30275 34.29 11.95 0.00 -6.7307 -7.5153 -7.5153
30300 34.09 11.65 0.00 -4.2032 -6.1906 -6.1906
30325 34.09 11.65 0.00 -4.2032 -6.1906 -6.1906
30350 34.00 11.50 0.00 -3.0115 -5.7464 -5.7464
30375 33.93 11.35 0.00 -1.2268 -3.5946 -3.5946
30400 33.89 11.28 0.00 -0.0790 -2.5203 -2.5203
30425 33.89 11.28 0.00 -0.0790 -2.5203 -2.5203
30450 33.93 11.30 0.00 0.9856 -1.8808 -1.8808
30475 33.96 11.35 0.00 0.5310 -1.9482 -1.9482
30500 33.96 11.35 0.00 0.5310 -1.9482 -1.9482
30525 33.96 11.43 0.00 0.3262 -1.0131 -1.0131
30550 33.98 11.52 0.00 0.5707 0.2997 0.2997
30575 34.02 11.64 0.00 0.3936 0.1368 0.1368
30600 34.02 11.64 0.00 0.3936 0.1368 0.1368
30625 34.04 11.83 0.00 1.0699 0.5374 0.5374
30650 34.11 12.17 0.00 1.5910 0.3064 0.3064
30675 34.11 12.17 0.00 1.5910 0.3064 0.3064
30700 34.16 12.55 0.00 0.9321 -0.2976 -0.2976
30725 34.16 12.95 0.00 0.3215 -0.0425 -0.0425
30750 34.16 12.95 0.00 0.3215 -0.0425 -0.0425
30775 34.23 13.33 0.00 2.0885 2.4849 2.4849
30800 34.32 13.67 0.00 2.9879 2.1133 2.1133
30825 34.47 13.98 0.00 3.4062 1.2636 1.2636
30850 34.47 13.98 0.00 3.4062 1.2636 1.2636
30875 34.57 14.27 0.00 2.0444 0.6292 0.6292
30900 34.57 14.27 0.00 2.0444 0.6292 0.6292
30925 34.61 14.48 0.00 0.3091 0.3948 0.3948
30950 34.61 14.59 0.00 -0.2101 0.6768 0.6768
30975 34.59 14.62 0.00 0.1438 -0.5620 -0.5620
31000 34.59 14.62 0.00 0.1438 -0.5620 -0.5620
31025 34.68 14.53 0.00 3.3638 1.3452 1.3452
31050 34.81 14.47 0.00 4.2321 1.1138 1.1138
31075 34.97 14.49 0.00 3.7921 1.0439 1.0439
31100 34.97 14.49 0.00 3.7921 1.0439 1.0439
31125 35.07 14.52 0.00 2.0519 1.6213 1.6213
31150 35.14 14.55 0.00 1.6395 1.7544 1.7544
31175 35.14 14.55 0.00 1.6395 1.7544 1.7544
31200 35.20 14.60 0.00 1.4285 0.5109 0.5109
31225 35.25 14.65 0.00 1.0505 -0.2609 -0.2609
31250 35.27 14.67 0.00 0.2527 -0.4723 -0.4723
31275 35.27 14.67 0.00 0.2527 -0.4723 -0.4723
31300 35.27 14.65 0.00 -0.1443 -0.4013 -0.4013
31325 35.27 14.63 0.00 0.1945 -0.4086 -0.4086
31350 35.27 14.63 0.00 0.1945 -0.4086 -0.4086
31375 35.30 14.63 0.00 1.1046 0.0964 0.0964
31400 35.36 14.72 0.00 1.4756 1.3529 1.3529
31425 35.36 14.72 0.00 1.4756 1.3529 1.3529
31450 35.41 14.94 0.00 1.3449 1.8934 1.8934
31475 35.47 15.26 0.00 1.6457 2.3016 2.3016
31500 35.47 15.26 0.00 1.6457 2.3016 2.3016
31525 35.50 15.61 0.00 0.8889 2.2160 2.2160
31550 35.59 15.91 0.00 2.6121 3.6307 3.6307
31575 35.59 15.91 0.00 2.6121 3.6307 3.6307
31600 35.71 16.26 0.00 3.2262 2.2040 2.2040
31625 35.87 16.66 0.00 4.9209 3.1317 3.1317
31650 36.11 17.13 0.00 6.1090 4.7635 4.7635
31675 36.11 17.13 0.00 6.1090 4.7635 4.7635
31700 36.36 17.67 0.00 5.9980 5.4189 5.4189
31725 36.36 17.67 0.00 5.9980 5.4189 5.4189
31750 36.59 18.20 0.00 5.8298 6.2172 6.2172
31775 36.78 18.73 0.00 4.3854 4.5712 4.5712
31800 36.78 18.73 0.00 4.3854 4.5712 4.5712
31825 36.94 19.16 0.00 3.1732 3.0227 3.0227
31850 36.99 19.56 0.00 0.6476 -0.0313 -0.0313
31875 36.98 19.93 0.00 -0.9821 -0.6982 -0.6982
31900 36.98 19.93 0.00 -0.9821 -0.6982 -0.6982
31925 36.94 20.22 0.00 -1.7478 -0.1314 -0.1314
31950 36.87 20.63 0.00 -1.5956 0.5486 0.5486
31975 36.87 20.63 0.00 -1.5956 0.5486 0.5486
32000 36.82 21.09 0.00 -1.5074 -0.0846 -0.0846
32025 36.73 21.54 0.00 -2.4799 -0.8785 -0.8785
32050 36.57 21.97 0.00 -4.9166 -2.2665 -2.2665
32075 36.57 21.97 0.00 -4.9166 -2.2665 -2.2665
32100 36.30 22.30 0.00 -7.3572 -3.0035 -3.0035
32125 35.98 22.53 0.00 -8.4878 -4.5094 -4.5094
32150 35.98 22.53 0.00 -8.4878 -4.5094 -4.5094
32175 35.64 22.73 0.00 -8.9174 -6.1711 -6.1711
32200 35.25 22.85 0.00 -9.7475 -5.1723 -5.1723
32225 34.88 22.96 0.00 -9.4036 -5.4335 -5.4335
32250 34.88 22.96 0.00 -9.4036 -5.4335 -5.4335
32275 34.59 23.11 0.00 -4.9490 -2.2561 -2.2561
32300 34.45 23.33 0.00 -2.3783 -2.5957 -2.5957
32325 34.45 23.33 0.00 -2.3783 -2.5957 -2.5957
32350 34.39 23.65 0.00 -0.8363 -2.7343 -2.7343
32375 34.36 23.93 0.00 -0.8368 -1.1556 -1.1556
32400 34.32 24.10 0.00 -1.0205 -0.5224 -0.5224
32425 34.32 24.10 0.00 -1.0205 -0.5224 -0.5224
32450 34.30 24.20 0.00 0.1506 0.1521 0.1521
32475 34.32 24.25 0.00 0.0663 -1.6856 -1.6856
32500 34.32 24.25 0.00 0.0663 -1.6856 -1.6856
32525 34.36 24.29 0.00 1.4170 0.1642 0.1642
32550 34.39 24.38 0.00 1.0251 0.1447 0.1447
32575 34.39 24.38 0.00 1.0251 0.1447 0.1447
32600 34.45 24.56 0.00 1.1308 0.4925 0.4925
32625 34.48 24.96 0.00 0.3641 -0.2121 -0.2121
32650 34.48 24.96 0.00 0.3641 -0.2121 -0.2121
32675 34.45 25.64 0.00 -1.0534 -0.2916 -0.2916
32700 34.39 26.16 0.00 -2.3342 -2.2268 -2.2268
32725 34.30 26.75 0.00 -2.3713 -3.3991 -3.3991
32750 34.30 26.75 0.00 -2.3713 -3.3991 -3.3991
32775 34.22 27.20 0.00 -2.3417 -2.0242 -2.0242
32800 34.11 27.53 0.00 -2.6866 -0.7617 -0.7617
32825 34.11 27.53 0.00 -2.6866 -0.7617 -0.7617
32850 33.93 27.85 0.00 -6.7146 -2.4550 -2.4550
32875 33.46 28.23 0.00 -14.7709 -0.8489 -0.8489
32900 33.46 28.23 0.00 -14.7709 -0.8489 -0.8489
32925 32.73 28.72 0.00 -20.3908 1.6228 1.6228
32950 31.88 29.22 0.00 -20.6428 3.4883 3.4883
32975 31.20 29.69 0.00 -14.9291 4.8026 4.8026
33000 31.20 29.69 0.00 -14.9291 4.8026 4.8026
33025 30.78 30.05 0.00 -7.9253 3.0122 3.0122
33050 30.78 30.05 0.00 -7.9253 3.0122 3.0122
33075 30.63 30.26 0.00 -0.6689 1.9715 1.9715
33100 30.74 30.33 0.00 4.7637 1.0872 1.0872
33125 30.96 30.29 0.00 5.6725 0.3013 0.3013
33150 30.96 30.29 0.00 5.6725 0.3013 0.3013
33175 31.16 30.18 0.00 4.1759 0.4737 0.4737
33200 31.27 30.09 0.00 1.4711 0.2019 0.2019
33225 31.27 30.09 0.00 1.4711 0.2019 0.2019
33250 31.27 30.02 0.00 -0.4903 -0.3922 -0.3922
33275 31.21 30.02 0.00 -1.5500 -1.1354 -1.1354
33300 31.14 30.03 0.00 -2.0308 -0.2742 -0.2742
33325 31.14 30.03 0.00 -2.0308 -0.2742 -0.2742
33350 31.01 30.03 0.00 -4.5508 0.5171 0.5171
33375 30.82 29.97 0.00 -5.1075 1.6327 1.6327
33400 30.82 29.97 0.00 -5.1075 1.6327 1.6327
33425 30.60 29.95 0.00 -5.8944 0.0314 0.0314
33450 30.31 29.91 0.00 -8.2388 -0.5074 -0.5074
33475 30.04 29.85 0.00 -9.3454 -1.4540 -1.4540
33500 30.04 29.85 0.00 -9.3454 -1.4540 -1.4540
33525 29.65 29.76 0.00 -9.4156 -2.5774 -2.5774
33550 29.31 29.64 0.00 -8.4314 -2.7065 -2.7065
33575 29.31 29.64 0.00 -8.4314 -2.7065 -2.7065
33600 28.96 29.57 0.00 -8.6577 -1.8485 -1.8485
33625 28.62 29.53 0.00 -8.2272 -2.0691 -2.0691
33650 28.31 29.46 0.00 -7.5560 -3.4075 -3.4075
33675 28.31 29.46 0.00 -7.5560 -3.4075 -3.4075
33700 28.07 29.37 0.00 -5.4013 -1.8318 -1.8318
33725 28.07 29.37 0.00 -5.4013 -1.8318 -1.8318
33750 27.85 29.33 0.00 -4.9978 -2.6537 -2.6537
33775 27.68 29.34 0.00 -4.1253 -2.3415 -2.3415
33800 27.54 29.39 0.00 -3.3901 -2.0046 -2.0046
33825 27.54 29.39 0.00 -3.3901 -2.0046 -2.0046
33850 27.41 29.46 0.00 -2.6322 -1.9043 -1.9043
33875 27.34 29.52 0.00 -1.4917 -0.9486 -0.9486
33900 27.30 29.62 0.00 -0.9138 -0.9501 -0.9501
33925 27.30 29.62 0.00 -0.9138 -0.9501 -0.9501
33950 27.23 29.72 0.00 -2.1988 -0.1173 -0.1173
33975 27.23 29.72 0.00 -2.1988 -0.1173 -0.1173
34000 27.12 29.77 0.00 -3.0025 0.0706 0.0706
34025 26.99 29.88 0.00 -3.5331 1.1703 1.1703
34050 26.77 29.99 0.00 -6.7050 3.1724 3.1724
34075 26.77 29.99 0.00 -6.7050 3.1724 3.1724
34100 26.38 30.06 0.00 -11.9020 6.4217 6.4217
34125 25.81 30.09 0.00 -15.3224 9.0240 9.0240
34150 25.81 30.09 0.00 -15.3224 9.0240 9.0240
34175 25.10 30.08 0.00 -18.8620 7.6978 7.6978
34200 24.29 29.98 0.00 -21.7191 6.0469 6.0469
34225 24.29 29.98 0.00 -21.7191 6.0469 6.0469
34250 23.60 29.85 0.00 -23.4035 4.6164 4.6164
34275 22.59 29.58 0.00 -26.3930 3.9188 3.9188
34300 22.59 29.58 0.00 -26.3930 3.9188 3.9188
34325 21.53 29.30 0.00 -25.7479 2.3336 2.3336
34350 20.59 29.01 0.00 -21.8621 0.5132 0.5132
34375 19.83 28.73 0.00 -16.3973 -3.5055 -3.5055
34400 19.41 28.55 0.00 -6.6437 -2.7675 -2.7675
34425 19.41 28.55 0.00 -6.6437 -2.7675 -2.7675
34450 19.31 28.52 0.00 0.0300 -4.5413 -4.5413
34475 19.39 28.53 0.00 3.1970 -3.8939 -3.8939
34500 19.39 28.53 0.00 3.1970 -3.8939 -3.8939
34525 19.50 28.54 0.00 1.7266 -2.5212 -2.5212
34550 19.50 28.52 0.00 -0.6663 -1.5599 -1.5599
34575 19.50 28.52 0.00 -0.6663 -1.5599 -1.5599
34600 19.48 28.48 0.00 -0.1501 -0.7732 -0.7732
34625 19.48 28.43 0.00 0.3543 -2.7918 -2.7918
34650 19.48 28.43 0.00 0.3543 -2.7918 -2.7918
34675 19.54 28.38 0.00 1.8861 -1.9648 -1.9648
34700 19.62 28.39 0.00 1.8862 -2.1151 -2.1151
34725 19.69 28.48 0.00 1.7029 -0.6666 -0.6666
34750 19.69 28.48 0.00 1.7029 -0.6666 -0.6666
34775 19.75 28.63 0.00 1.5857 0.4361 0.4361
34800 19.83 28.86 0.00 1.6064 1.2468 1.2468
34825 19.83 28.86 0.00 1.6064 1.2468 1.2468
34850 19.88 29.09 0.00 0.6585 0.9360 0.9360
34875 19.87 29.39 0.00 -1.1057 0.6170 0.6170
34900 19.87 29.39 0.00 -1.1057 0.6170 0.6170
34925 19.73 29.69 0.00 -4.3393 0.4002 0.4002
34950 19.48 30.08 0.00 -7.2102 -0.5981 -0.5981
34975 19.14 30.46 0.00 -9.7534 -1.9229 -1.9229
35000 19.14 30.46 0.00 -9.7534 -1.9229 -1.9229
35025 18.80 30.69 0.00 -12.2428 -3.4708 -3.4708
35050 18.26 30.86 0.00 -13.3919 -3.7306 -3.7306
35075 18.26 30.86 0.00 -13.3919 -3.7306 -3.7306
35100 17.80 31.00 0.00 -10.4199 -2.3027 -2.3027
35125 17.43 31.19 0.00 -8.0427 -1.1347 -1.1347
35150 17.43 31.19 0.00 -8.0427 -1.1347 -1.1347
35175 17.18 31.39 0.00 -5.4410 0.6872 0.6872
35200 17.01 31.58 0.00 -3.0110 1.5962 1.5962
35225 17.01 31.58 0.00 -3.0110 1.5962 1.5962
35250 16.93 31.73 0.00 -1.8644 1.3145 1.3145
35275 16.85 31.85 0.00 -1.9216 0.2137 0.2137
35300 16.75 31.92 0.00 -3.1485 -1.0438 -1.0438
35325 16.75 31.92 0.00 -3.1485 -1.0438 -1.0438
35350 16.60 31.91 0.00 -4.0661 -1.3158 -1.3158
35375 16.44 31.91 0.00 -4.1263 -2.0538 -2.0538
35400 16.44 31.91 0.00 -4.1263 -2.0538 -2.0538
35425 16.27 31.95 0.00 -3.8283 -1.5114 -1.5114
35450 16.15 32.04 0.00 -2.4127 -0.7739 -0.7739
35475 16.15 32.04 0.00 -2.4127 -0.7739 -0.7739
35500 16.09 32.20 0.00 -0.9413 -1.0208 -1.0208
35525 16.09 32.47 0.00 0.4114 -1.8482 -1.8482
35550 16.13 32.79 0.00 1.8706 -2.3227 -2.3227
35575 16.13 32.79 0.00 1.8706 -2.3227 -2.3227
35600 16.25 33.13 0.00 3.1999 -1.5173 -1.5173
35625 16.37 33.54 0.00 2.5128 0.7161 0.7161
35650 16.42 34.09 0.00 0.6457 2.7183 2.7183
35675 16.42 34.09 0.00 0.6457 2.7183 2.7183
35700 16.42 34.64 0.00 -0.3509 2.9420 2.9420
35725 16.42 34.64 0.00 -0.3509 2.9420 2.9420
35750 16.40 35.07 0.00 -0.7445 0.8863 0.8863
35775 16.40 35.36 0.00 0.6880 2.4365 2.4365
35800 16.42 35.56 0.00 0.4649 1.2659 1.2659
35825 16.42 35.56 0.00 0.4649 1.2659 1.2659
35850 16.42 35.85 0.00 -0.0979 0.3307 0.3307
35875 16.40 36.15 0.00 -0.6188 0.3962 0.3962
35900 16.40 36.15 0.00 -0.6188 0.3962 0.3962
35925 16.35 36.37 0.00 -2.1925 -1.1019 -1.1019
35950 16.25 36.46 0.00 -2.2480 -1.4140 -1.4140
35975 16.25 36.46 0.00 -2.2480 -1.4140 -1.4140
36000 16.17 36.44 0.00 -1.8768 -2.1868 -2.1868
36025 16.11 36.35 0.00 -1.1984 -1.7618 -1.7618
36050 16.07 36.26 0.00 -1.2695 -1.3494 -1.3494
36075 16.07 36.26 0.00 -1.2695 -1.3494 -1.3494
36100 16.02 36.24 0.00 -1.6611 -1.3118 -1.3118
36125 15.94 36.21 0.00 -1.9753 -1.3967 -1.3967
36150 15.94 36.21 0.00 -1.9753 -1.3967 -1.3967
36175 15.84 36.24 0.00 -2.9231 -1.8200 -1.8200
36200 15.70 36.30 0.00 -3.1489 -2.0799 -2.0799
36225 15.70 36.30 0.00 -3.1489 -2.0799 -2.0799
36250 15.59 36.41 0.00 -3.1316 -2.1080 -2.1080
36275 15.47 36.57 0.00 -2.8964 -2.1989 -2.1989
36300 15.35 36.70 0.00 -2.8533 -1.1784 -1.1784
36325 15.35 36.70 0.00 -2.8533 -1.1784 -1.1784
36350 15.29 36.83 0.00 -0.3671 -0.2685 -0.2685
36375 15.35 37.06 0.00 2.7771 -0.0005 -0.0005
36400 15.35 37.06 0.00 2.7771 -0.0005 -0.0005
36425 15.51 37.38 0.00 3.8505 1.3777 1.3777
36450 15.68 37.83 0.00 4.7712 2.2044 2.2044
36475 15.68 37.83 0.00 4.7712 2.2044 2.2044
36500 15.86 38.33 0.00 4.4406 2.2690 2.2690
36525 16.00 38.68 0.00 3.8789 1.1892 1.1892
36550 16.17 39.14 0.00 5.5734 4.5697 4.5697
36575 16.17 39.14 0.00 5.5734 4.5697 4.5697
36600 16.42 39.59 0.00 6.2551 4.9562 4.9562
36625 16.68 40.03 0.00 6.5008 4.4996 4.4996
36650 16.68 40.03 0.00 6.5008 4.4996 4.4996
36675 16.93 40.43 0.00 5.7727 4.9843 4.9843
36700 17.12 40.79 0.00 4.3737 3.3981 3.3981
36725 17.12 40.79 0.00 4.3737 3.3981 3.3981
36750 17.26 41.08 0.00 2.6674 3.1467 3.1467
36775 17.30 41.26 0.00 -0.5000 0.5879 0.5879
36800 17.30 41.26 0.00 -0.5000 0.5879 0.5879
36825 17.22 41.31 0.00 -2.8154 -0.2871 -0.2871
36850 17.06 41.28 0.00 -4.7217 -1.9503 -1.9503
36875 17.06 41.28 0.00 -4.7217 -1.9503 -1.9503
36900 16.85 41.20 0.00 -4.9214 -2.7893 -2.7893
36925 16.68 41.16 0.00 -4.2659 -2.4066 -2.4066
36950 16.54 41.19 0.00 -3.1110 -0.8708 -0.8708
36975 16.54 41.19 0.00 -3.1110 -0.8708 -0.8708
37000 16.44 41.26 0.00 -1.2880 -1.1313 -1.1313
37025 16.42 41.40 0.00 -0.7275 -1.0510 -1.0510
37050 16.42 41.40 0.00 -0.7275 -1.0510 -1.0510
37075 16.37 41.59 0.00 -1.3572 -0.7775 -0.7775
37100 16.33 41.83 0.00 -1.1189 -0.3441 -0.3441
37125 16.31 42.08 0.00 0.4985 -0.7460 -0.7460
37150 16.31 42.08 0.00 0.4985 -0.7460 -0.7460
37175 16.39 42.45 0.00 2.8340 -0.8202 -0.8202
37200 16.39 42.45 0.00 2.8340 -0.8202 -0.8202
37225 16.66 42.92 0.00 8.4933 2.7276 2.7276
37250 17.01 43.36 0.00 8.2648 0.7426 0.7426
37275 17.22 43.61 0.00 7.6150 1.0886 1.0886
37300 17.22 43.61 0.00 7.6150 1.0886 1.0886
37325 17.51 43.97 0.00 6.6056 2.4606 2.4606
37350 17.74 44.34 0.00 4.4611 1.8710 1.8710
37375 17.74 44.34 0.00 4.4611 1.8710 1.8710
37400 17.84 44.76 0.00 1.9509 1.5709 1.5709
37425 17.89 45.19 0.00 1.0450 1.6111 1.6111
37450 17.89 45.19 0.00 1.0450 1.6111 1.6111
37475 17.95 45.68 0.00 1.7023 1.3790 1.3790
37500 18.05 46.17 0.00 2.5271 1.0200 1.0200
37525 18.14 46.66 0.00 1.9198 0.4255 0.4255
37550 18.18 47.01 0.00 0.7721 0.3593 0.3593
37575 18.18 47.01 0.00 0.7721 0.3593 0.3593
37600 18.20 47.29 0.00 -0.4780 -0.3953 -0.3953
37625 18.20 47.29 0.00 -0.4780 -0.3953 -0.3953
37650 18.12 47.48 0.00 -2.3037 0.0461 0.0461
37675 18.01 47.61 0.00 -3.6515 0.3996 0.3996
37700 17.82 47.71 0.00 -5.0915 0.5307 0.5307
37725 17.60 47.83 0.00 -5.4089 -0.0482 -0.0482
37750 17.60 47.83 0.00 -5.4089 -0.0482 -0.0482
37775 17.43 47.95 0.00 -4.1227 -1.2409 -1.2409
37800 17.30 48.08 0.00 -2.3115 -1.7713 -1.7713
37825 17.30 48.08 0.00 -2.3115 -1.7713 -1.7713
37850 17.26 48.21 0.00 -0.5573 -2.1128 -2.1128
37875 17.26 48.40 0.00 0.7349 -1.5157 -1.5157
37900 17.26 48.40 0.00 0.7349 -1.5157 -1.5157
37925 17.31 48.60 0.00 1.4643 -1.2307 -1.2307
37950 17.31 48.60 0.00 1.4643 -1.2307 -1.2307
37975 17.37 48.81 0.00 2.0692 -1.6044 -1.6044
38000 17.53 49.11 0.00 4.9419 0.0902 0.0902
38025 17.82 49.53 0.00 8.9481 0.2315 0.2315
38050 17.82 49.53 0.00 8.9481 0.2315 0.2315
38075 18.28 50.09 0.00 12.1869 1.4186 1.4186
38100 18.78 50.58 0.00 12.2225 2.6980 2.6980
38125 19.22 51.04 0.00 10.4210 3.0979 3.0979
38150 19.22 51.04 0.00 10.4210 3.0979 3.0979
38175 19.50 51.33 0.00 8.5701 3.1355 3.1355
38200 19.77 51.61 0.00 5.8964 3.6306 3.6306
38225 19.77 51.61 0.00 5.8964 3.6306 3.6306
38250 19.96 51.81 0.00 4.6155 2.4435 2.4435
38275 20.21 51.82 0.00 7.4774 1.5437 1.5437
38300 20.59 51.79 0.00 10.4136 -0.7251 -0.7251
38325 20.59 51.79 0.00 10.4136 -0.7251 -0.7251
38350 21.02 51.77 0.00 10.8278 -0.9666 -0.9666
38375 21.40 51.79 0.00 8.4607 0.7531 0.7531
38400 21.40 51.79 0.00 8.4607 0.7531 0.7531
38425 21.63 51.82 0.00 3.8522 1.9168 1.9168
38450 21.63 51.78 0.00 -3.1501 1.0768 1.0768
38475 21.63 51.78 0.00 -3.1501 1.0768 1.0768
38500 21.38 51.64 0.00 -6.8353 -0.1281 -0.1281
38525 21.14 51.51 0.00 -5.3735 -0.9212 -0.9212
38550 21.14 51.51 0.00 -5.3735 -0.9212 -0.9212
38575 21.02 51.41 0.00 -1.5247 -2.0784 -2.0784
38600 21.04 51.30 0.00 2.0616 -1.8888 -1.8888
38625 21.04 51.30 0.00 2.0616 -1.8888 -1.8888
38650 21.17 51.23 0.00 3.8667 -0.3295 -0.3295
38675 21.38 51.25 0.00 5.8389 0.7685 0.7685
38700 21.65 51.26 0.00 6.8845 1.5497 1.5497
38725 21.65 51.26 0.00 6.8845 1.5497 1.5497
38750 21.93 51.24 0.00 7.7111 0.5168 0.5168
38775 22.36 51.14 0.00 12.8507 -0.9672 -0.9672
38800 22.36 51.14 0.00 12.8507 -0.9672 -0.9672
38825 22.96 51.01 0.00 15.7893 -2.0594 -2.0594
38850 23.63 50.91 0.00 17.2501 -1.3027 -1.3027
38875 23.63 50.91 0.00 17.2501 -1.3027 -1.3027
38900 24.32 50.85 0.00 16.6674 -0.3175 -0.3175
38925 24.77 50.81 0.00 14.5447 -0.0351 -0.0351
38950 25.27 50.76 0.00 10.9966 0.4212 0.4212
38975 25.27 50.76 0.00 10.9966 0.4212 0.4212
39000 25.62 50.72 0.00 6.9981 0.5644 0.5644
39025 25.81 50.67 0.00 3.7256 1.1180 1.1180
39050 25.92 50.68 0.00 2.5200 1.4961 1.4961
39075 25.92 50.68 0.00 2.5200 1.4961 1.4961
39100 26.03 50.72 0.00 3.1549 1.8463 1.8463
39125 26.18 50.80 0.00 3.9571 2.5347 2.5347
39150 26.18 50.80 0.00 3.9571 2.5347 2.5347
39175 26.36 50.96 0.00 4.7264 3.1965 3.1965
39200 26.55 51.19 0.00 4.5507 3.3940 3.3940
39225 26.55 51.19 0.00 4.5507 3.3940 3.3940
39250 26.73 51.51 0.00 5.1356 3.0746 3.0746
39275 27.01 51.95 0.00 8.1322 2.7527 2.7527
39300 27.01 51.95 0.00 8.1322 2.7527 2.7527
39325 27.39 52.48 0.00 10.3292 2.2030 2.2030
39350 27.85 53.02 0.00 11.8119 2.0606 2.0606
39375 28.36 53.51 0.00 14.2360 3.2161 3.2161
39400 28.36 53.51 0.00 14.2360 3.2161 3.2161
39425 29.00 53.87 0.00 16.4528 5.1203 5.1203
39450 29.71 54.13 0.00 18.7759 6.1874 6.1874
39475 29.71 54.13 0.00 18.7759 6.1874 6.1874
39500 30.51 54.32 0.00 20.5136 6.8228 6.8228
39525 31.32 54.40 0.00 19.7536 6.1030 6.1030
39550 32.10 54.51 0.00 19.6663 7.1320 7.1320
39575 32.10 54.51 0.00 19.6663 7.1320 7.1320
39600 32.83 54.49 0.00 17.4335 6.6360 6.6360
39625 33.30 54.49 0.00 14.4379 5.5759 5.5759
39650 33.30 54.49 0.00 14.4379 5.5759 5.5759
39675 33.77 54.50 0.00 9.8642 4.2511 4.2511
39700 34.02 54.56 0.00 4.2986 3.0800 3.0800
39725 34.02 54.56 0.00 4.2986 3.0800 3.0800
39750 34.09 54.58 0.00 0.1382 2.7994 2.7994
39775 34.04 54.60 0.00 -1.6205 1.5070 1.5070
39800 34.02 54.58 0.00 0.0476 1.3943 1.3943
39825 34.02 54.58 0.00 0.0476 1.3943 1.3943
39850 34.04 54.62 0.00 1.0096 0.5477 0.5477
39875 34.09 54.63 0.00 1.0537 1.0214 1.0214
39900 34.09 54.63 0.00 1.0537 1.0214 1.0214
39925 34.13 54.65 0.00 1.2507 1.7287 1.7287
39950 34.20 54.67 0.00 2.2132 1.6873 1.6873
39975 34.30 54.73 0.00 2.3992 1.1348 1.1348
40000 34.30 54.73 0.00 2.3992 1.1348 1.1348
40025 34.39 54.79 0.00 2.1697 0.9740 0.9740
40050 34.47 54.79 0.00 1.6309 1.5134 1.5134
40075 34.47 54.79 0.00 1.6309 1.5134 1.5134
40100 34.54 54.75 0.00 2.0653 1.1656 1.1656
40125 34.64 54.72 0.00 2.8537 0.5789 0.5789
40150 34.64 54.72 0.00 2.8537 0.5789 0.5789
40175 34.77 54.69 0.00 3.2514 0.2609 0.2609
40200 34.91 54.62 0.00 4.6333 0.9476 0.9476
40225 34.91 54.62 0.00 4.6333 0.9476 0.9476
40250 35.16 54.52 0.00 7.2585 1.9335 1.9335
40275 35.54 54.45 0.00 9.7629 3.2289 3.2289
40300 36.00 54.39 0.00 12.6878 3.2063 3.2063
40325 36.00 54.39 0.00 12.6878 3.2063 3.2063
40350 36.55 54.37 0.00 14.6683 2.4783 2.4783
40375 37.15 54.34 0.00 14.8738 1.7972 1.7972
40400 37.15 54.34 0.00 14.8738 1.7972 1.7972
40425 37.58 54.32 0.00 13.8829 1.3805 1.3805
40450 38.11 54.24 0.00 12.9684 1.4113 1.4113
40475 38.11 54.24 0.00 12.9684 1.4113 1.4113
40500 38.59 54.14 0.00 11.3269 -0.1524 -0.1524
40525 39.00 54.02 0.00 8.8095 0.3082 0.3082
40550 39.24 53.93 0.00 5.0316 1.2155 1.2155
40575 39.24 53.93 0.00 5.0316 1.2155 1.2155
40600 39.37 53.88 0.00 2.0085 1.5073 1.5073
40625 39.40 53.86 0.00 0.5401 1.9532 1.9532
40650 39.40 53.86 0.00 0.5401 1.9532 1.9532
40675 39.42 53.88 0.00 0.5019 1.7342 1.7342
40700 39.44 53.94 0.00 0.6341 0.8562 0.8562
40725 39.44 53.94 0.00 0.6341 0.8562 0.8562
40750 39.47 53.97 0.00 0.4773 0.1066 0.1066
40775 39.47 54.03 0.00 0.1001 -0.0448 -0.0448
40800 39.47 54.04 0.00 -0.2343 0.3012 0.3012
40825 39.47 54.04 0.00 -0.2343 0.3012 0.3012
40850 39.45 54.03 0.00 -0.3572 0.1900 0.1900
40875 39.45 54.03 0.00 -0.3572 0.1900 0.1900
40900 39.45 53.99 0.00 -0.2158 -0.3260 -0.3260
40925 39.44 53.95 0.00 -0.0478 -0.2692 -0.2692
40950 39.45 53.94 0.00 0.1424 -0.4756 -0.4756
40975 39.45 53.94 0.00 0.1424 -0.4756 -0.4756
41000 39.45 53.88 0.00 0.3510 -0.7578 -0.7578
41025 39.51 53.85 0.00 2.3230 1.3080 1.3080
41050 39.65 53.81 0.00 4.1741 0.9166 0.9166
41075 39.65 53.81 0.00 4.1741 0.9166 0.9166
41100 39.86 53.78 0.00 5.4155 0.9573 0.9573
41125 40.07 53.75 0.00 5.1864 1.6034 1.6034
41150 40.07 53.75 0.00 5.1864 1.6034 1.6034
41175 40.27 53.71 0.00 4.9871 1.4389 1.4389
41200 40.49 53.63 0.00 6.3775 1.4286 1.4286
41225 40.71 53.54 0.00 6.9922 0.1963 0.1963
41250 40.71 53.54 0.00 6.9922 0.1963 0.1963
41275 41.02 53.37 0.00 8.3807 -0.2486 -0.2486
41300 41.02 53.37 0.00 8.3807 -0.2486 -0.2486
41325 41.37 53.19 0.00 9.0747 -0.2404 -0.2404
41350 41.73 53.05 0.00 8.5611 -0.0823 -0.0823
41375 42.04 52.97 0.00 7.3185 0.8411 0.8411
41400 42.04 52.97 0.00 7.3185 0.8411 0.8411
41425 42.31 52.88 0.00 6.3436 1.6243 1.6243
41450 42.52 52.81 0.00 4.9199 2.6830 2.6830
41475 42.71 52.76 0.00 4.6829 2.8867 2.8867
41500 42.71 52.76 0.00 4.6829 2.8867 2.8867
41525 42.92 52.63 0.00 5.8470 1.9872 1.9872
41550 43.18 52.44 0.00 7.6355 1.0475 1.0475
41575 43.18 52.44 0.00 7.6355 1.0475 1.0475
41600 43.57 52.14 0.00 10.7685 -0.1401 -0.1401
41625 44.04 51.80 0.00 12.6926 -1.2242 -1.2242
41650 44.04 51.80 0.00 12.6926 -1.2242 -1.2242
41675 44.58 51.48 0.00 13.9470 -1.2510 -1.2510
41700 45.16 51.19 0.00 14.1869 -1.1439 -1.1439
41725 45.70 51.00 0.00 13.5317 -1.9871 -1.9871
41750 45.70 51.00 0.00 13.5317 -1.9871 -1.9871
41775 46.26 50.91 0.00 14.3418 -0.6151 -0.6151
41800 46.82 50.84 0.00 13.4755 -0.1822 -0.1822
41825 46.82 50.84 0.00 13.4755 -0.1822 -0.1822
41850 47.36 50.72 0.00 13.9964 -0.3945 -0.3945
41875 47.36 50.72 0.00 13.9964 -0.3945 -0.3945
41900 47.94 50.58 0.00 14.3965 -0.5125 -0.5125
41925 48.50 50.36 0.00 13.0589 -0.2334 -0.2334
41950 48.97 50.16 0.00 11.2966 1.3282 1.3282
