%#        Time[ms]        X[pixel],        Y[pixel],        Z[pixel],  dX/dt[pixel/s],  dY/dt[pixel/s],  dZ/dt[pixel/s] 
0 50.00 50.00 0.00 1.1196 -0.2555 -0.2555
25 50.07 49.94 0.00 2.0796 -1.2181 -1.2181
50 50.16 49.89 0.00 2.3063 0.1533 0.1533
75 50.24 49.82 0.00 2.1812 0.7027 0.7027
100 50.24 49.82 0.00 2.1812 0.7027 0.7027
125 50.35 49.89 0.00 2.6650 2.6330 2.6330
150 50.45 50.02 0.00 2.7470 1.6543 1.6543
175 50.56 49.98 0.00 2.1664 1.2065 1.2065
200 50.56 49.98 0.00 2.1664 1.2065 1.2065
225 50.61 49.72 0.00 0.2262 0.8558 0.8558
250 50.56 49.46 0.00 -1.6386 0.8543 0.8543
275 50.56 49.46 0.00 -1.6386 0.8543 0.8543
300 50.49 49.24 0.00 -2.1880 -0.1334 -0.1334
325 50.40 49.09 0.00 -1.6844 -0.8583 -0.8583
350 50.40 49.09 0.00 -1.6844 -0.8583 -0.8583
375 50.35 48.98 0.00 -0.5672 -1.0865 -1.0865
400 50.37 49.00 0.00 0.3674 -1.6331 -1.6331
425 50.37 49.00 0.00 0.3674 -1.6331 -1.6331
450 50.35 49.09 0.00 -1.1537 -1.8109 -1.8109
475 50.30 49.24 0.00 -1.4783 -2.1859 -2.1859
500 50.30 49.24 0.00 -1.4783 -2.1859 -2.1859
525 50.23 49.46 0.00 -1.8288 -2.9664 -2.9664
550 50.14 49.67 0.00 -2.2237 -1.8285 -1.8285
575 50.05 49.89 0.00 -2.2208 -2.3488 -2.3488
600 50.05 49.89 0.00 -2.2208 -2.3488 -2.3488
625 50.00 50.11 0.00 -1.1053 -0.3504 -0.3504
650 50.00 50.46 0.00 0.3637 -0.7069 -0.7069
675 50.00 50.46 0.00 0.3637 -0.7069 -0.7069
700 50.05 50.79 0.00 1.8167 -0.0630 -0.0630
725 50.14 51.23 0.00 2.5869 0.7590 0.7590
750 50.23 51.62 0.00 1.5076 1.5002 1.5002
775 50.23 51.62 0.00 1.5076 1.5002 1.5002
800 50.24 52.02 0.00 0.4529 1.4452 1.4452
825 50.26 52.53 0.00 0.2798 1.4031 1.4031
850 50.26 52.53 0.00 0.2798 1.4031 1.4031
875 50.28 53.12 0.00 1.0722 0.9291 0.9291
900 50.40 53.77 0.00 3.8239 -0.2095 -0.2095
925 50.40 53.77 0.00 3.8239 -0.2095 -0.2095
950 50.59 54.39 0.00 6.0204 -0.9746 -0.9746
975 50.87 55.01 0.00 7.0375 -1.4944 -1.4944
1000 51.19 55.57 0.00 8.5338 -0.0707 -0.0707
1025 51.19 55.57 0.00 8.5338 -0.0707 -0.0707
1050 51.52 56.05 0.00 7.6393 0.0971 0.0971
1075 51.76 56.59 0.00 5.3701 1.0841 1.0841
1100 51.76 56.59 0.00 5.3701 1.0841 1.0841
1125 51.94 57.15 0.00 4.0330 1.6945 1.6945
1150 51.94 57.15 0.00 4.0330 1.6945 1.6945
1175 52.37 58.31 0.00 7.7074 1.6248 1.6248
1200 52.37 58.31 0.00 7.7074 1.6248 1.6248
1225 52.76 58.81 0.00 10.5285 0.6303 0.6303
1250 53.23 59.33 0.00 12.0160 1.7983 1.7983
1275 53.23 59.33 0.00 12.0160 1.7983 1.7983
1300 53.67 59.93 0.00 10.7028 1.6052 1.6052
1325 53.98 60.43 0.00 9.6731 1.2294 1.2294
1350 53.98 60.43 0.00 9.6731 1.2294 1.2294
1375 54.30 61.10 0.00 6.9323 0.6489 0.6489
1400 54.49 61.79 0.00 3.8583 0.8203 0.8203
1425 54.59 62.47 0.00 2.2643 0.5475 0.5475
1450 54.59 62.47 0.00 2.2643 0.5475 0.5475
1475 54.68 63.14 0.00 2.1378 -0.1258 -0.1258
1500 54.68 63.14 0.00 2.1378 -0.1258 -0.1258
1525 54.77 63.74 0.00 2.2993 0.2316 0.2316
1550 54.87 64.22 0.00 2.2824 -0.2374 -0.2374
1575 54.94 64.60 0.00 1.7627 -0.0563 -0.0563
1600 54.94 64.60 0.00 1.7627 -0.0563 -0.0563
1625 55.00 64.99 0.00 1.0710 0.1874 0.1874
1650 55.03 65.40 0.00 1.2224 0.1980 0.1980
1675 55.03 65.40 0.00 1.2224 0.1980 0.1980
1700 55.14 65.84 0.00 2.9268 -0.9031 -0.9031
1725 55.28 66.24 0.00 4.1142 -0.0831 -0.0831
1750 55.47 66.54 0.00 6.1798 -0.4497 -0.4497
1775 55.47 66.54 0.00 6.1798 -0.4497 -0.4497
1800 55.87 66.85 0.00 12.0859 -0.7665 -0.7665
1825 56.47 67.17 0.00 16.6738 -1.6749 -1.6749
1850 56.47 67.17 0.00 16.6738 -1.6749 -1.6749
1875 57.17 67.39 0.00 17.7044 -1.3317 -1.3317
1900 57.85 67.62 0.00 17.1551 -0.7307 -0.7307
1925 58.52 67.81 0.00 16.2014 -1.2177 -1.2177
1950 58.52 67.81 0.00 16.2014 -1.2177 -1.2177
1975 59.15 68.01 0.00 15.4462 -1.9394 -1.9394
2000 59.73 68.17 0.00 14.3210 -1.6913 -1.6913
2025 59.73 68.17 0.00 14.3210 -1.6913 -1.6913
2050 60.25 68.31 0.00 10.9726 -0.6087 -0.6087
2075 60.60 68.45 0.00 7.8038 -0.2421 -0.2421
2100 60.60 68.45 0.00 7.8038 -0.2421 -0.2421
2125 60.79 68.55 0.00 6.2527 0.2283 0.2283
2150 60.99 68.74 0.00 3.8186 0.9589 0.9589
2175 60.99 68.74 0.00 3.8186 0.9589 0.9589
2200 61.11 68.99 0.00 2.6970 0.9464 0.9464
2225 61.20 69.22 0.00 2.0519 0.7148 0.7148
2250 61.25 69.50 0.00 0.9719 0.4649 0.4649
2275 61.25 69.50 0.00 0.9719 0.4649 0.4649
2300 61.27 69.73 0.00 -0.1121 0.9109 0.9109
2325 61.27 69.96 0.00 0.2704 0.5503 0.5503
2350 61.27 69.96 0.00 0.2704 0.5503 0.5503
2375 61.29 70.15 0.00 0.5490 -0.1896 -0.1896
2400 61.32 70.31 0.00 1.2351 -0.7610 -0.7610
2425 61.38 70.43 0.00 1.0556 -0.1557 -0.1557
2450 61.38 70.43 0.00 1.0556 -0.1557 -0.1557
2475 61.38 70.47 0.00 -0.6515 -0.2970 -0.2970
2500 61.34 70.47 0.00 -0.9802 1.2351 1.2351
2525 61.34 70.47 0.00 -0.9802 1.2351 1.2351
2550 61.29 70.40 0.00 -1.7745 -0.1013 -0.1013
2575 61.18 70.29 0.00 -3.3860 -1.1812 -1.1812
2600 61.18 70.29 0.00 -3.3860 -1.1812 -1.1812
2625 60.97 70.13 0.00 -6.4291 -1.2596 -1.2596
2650 60.65 69.92 0.00 -8.3254 -1.7244 -1.7244
2675 60.33 69.64 0.00 -7.6147 -1.9885 -1.9885
2700 60.33 69.64 0.00 -7.6147 -1.9885 -1.9885
2725 60.05 69.35 0.00 -6.3123 -3.1255 -3.1255
2750 59.88 69.07 0.00 -3.5848 -2.2038 -2.2038
2775 59.88 69.07 0.00 -3.5848 -2.2038 -2.2038
2800 59.77 68.82 0.00 -1.7678 -1.9916 -1.9916
2825 59.73 68.61 0.00 -0.5712 -0.8240 -0.8240
2850 59.73 68.61 0.00 -0.5712 -0.8240 -0.8240
2875 59.73 68.43 0.00 0.6350 0.2419 0.2419
2900 59.77 68.36 0.00 1.5713 0.6762 0.6762
2925 59.88 68.33 0.00 2.7757 0.3901 0.3901
2950 59.88 68.33 0.00 2.7757 0.3901 0.3901
2975 60.00 68.33 0.00 3.3477 0.1568 0.1568
3000 60.12 68.34 0.00 2.4391 0.8731 0.8731
3025 60.12 68.34 0.00 2.4391 0.8731 0.8731
3050 60.18 68.36 0.00 0.8861 1.2497 1.2497
3075 60.19 68.36 0.00 0.0076 1.0515 1.0515
3100 60.18 68.38 0.00 -0.3775 0.8027 0.8027
3125 60.18 68.38 0.00 -0.3775 0.8027 0.8027
3150 60.12 68.47 0.00 -1.8821 0.6814 0.6814
3175 60.00 68.68 0.00 -4.3303 -0.2439 -0.2439
3200 60.00 68.68 0.00 -4.3303 -0.2439 -0.2439
3225 59.73 68.96 0.00 -7.7691 -1.1966 -1.1966
3250 59.33 69.23 0.00 -12.1527 -2.8497 -2.8497
3275 59.33 69.23 0.00 -12.1527 -2.8497 -2.8497
3300 58.75 69.47 0.00 -15.4459 -2.8190 -2.8190
3325 58.08 69.65 0.00 -17.5402 -3.5527 -3.5527
3350 58.08 69.65 0.00 -17.5402 -3.5527 -3.5527
3375 57.33 69.78 0.00 -19.3339 -3.4071 -3.4071
3400 56.57 69.85 0.00 -18.4838 -3.0648 -3.0648
3425 55.91 69.87 0.00 -15.1021 -3.1801 -3.1801
3450 55.91 69.87 0.00 -15.1021 -3.1801 -3.1801
3475 55.43 69.89 0.00 -10.2520 -2.6828 -2.6828
3500 55.10 69.91 0.00 -7.4093 -3.2848 -3.2848
3525 55.10 69.91 0.00 -7.4093 -3.2848 -3.2848
3550 54.86 69.92 0.00 -5.6273 -2.9689 -2.9689
3575 54.63 69.94 0.00 -5.5239 -2.8055 -2.8055
3600 54.63 69.94 0.00 -5.5239 -2.8055 -2.8055
3625 54.42 70.01 0.00 -5.3275 -2.8915 -2.8915
3650 54.26 70.08 0.00 -4.3197 -2.4657 -2.4657
3675 54.12 70.24 0.00 -3.4482 -2.3302 -2.3302
3700 54.12 70.24 0.00 -3.4482 -2.3302 -2.3302
3725 53.96 70.47 0.00 -4.3060 -3.0922 -3.0922
3750 53.77 70.77 0.00 -5.6342 -2.8173 -2.8173
3775 53.77 70.77 0.00 -5.6342 -2.8173 -2.8173
3800 53.46 71.17 0.00 -9.3260 -3.1157 -3.1157
3825 52.97 71.66 0.00 -13.9921 -4.0539 -4.0539
3850 52.97 71.66 0.00 -13.9921 -4.0539 -4.0539
3875 52.29 72.30 0.00 -19.2048 -4.1720 -4.1720
3900 51.38 73.04 0.00 -24.5609 -3.2429 -3.2429
3925 51.38 73.04 0.00 -24.5609 -3.2429 -3.2429
3950 50.28 73.82 0.00 -29.5035 -2.3113 -2.3113
3975 49.02 74.64 0.00 -32.3582 -1.4901 -1.4901
4000 47.73 75.33 0.00 -32.1908 -0.3992 -0.3992
4025 47.73 75.33 0.00 -32.1908 -0.3992 -0.3992
4050 46.51 75.73 0.00 -29.3426 -0.0182 -0.0182
4075 45.44 75.89 0.00 -24.6131 1.3249 1.3249
4100 45.44 75.89 0.00 -24.6131 1.3249 1.3249
4125 44.57 75.89 0.00 -20.4171 1.5326 1.5326
4150 43.87 75.82 0.00 -15.4953 -0.5160 -0.5160
4175 43.38 75.69 0.00 -10.1747 -2.6271 -2.6271
4200 43.38 75.69 0.00 -10.1747 -2.6271 -2.6271
4225 43.06 75.61 0.00 -6.2038 -4.0299 -4.0299
4250 42.87 75.59 0.00 -4.3894 -4.4876 -4.4876
4275 42.87 75.59 0.00 -4.3894 -4.4876 -4.4876
4300 42.67 75.56 0.00 -5.5670 -4.4411 -4.4411
4325 42.38 75.52 0.00 -8.6842 -3.2115 -3.2115
4350 42.38 75.52 0.00 -8.6842 -3.2115 -3.2115
4375 42.02 75.56 0.00 -12.8638 -2.2257 -2.2257
4400 41.30 75.75 0.00 -21.1008 -0.1075 -0.1075
4425 40.30 75.98 0.00 -27.3827 -1.2441 -1.2441
4450 40.30 75.98 0.00 -27.3827 -1.2441 -1.2441
4475 39.08 76.46 0.00 -32.4104 -3.0516 -3.0516
4500 37.70 77.23 0.00 -36.1418 -3.6123 -3.6123
4525 37.70 77.23 0.00 -36.1418 -3.6123 -3.6123
4550 36.14 78.30 0.00 -40.0051 -1.6822 -1.6822
4575 34.55 79.28 0.00 -39.4701 0.1280 0.1280
4600 34.55 79.28 0.00 -39.4701 0.1280 0.1280
4625 33.05 80.15 0.00 -35.8308 0.6945 0.6945
4650 31.72 80.87 0.00 -32.0671 0.7379 0.7379
4675 30.54 81.58 0.00 -27.6532 -0.9729 -0.9729
4700 30.54 81.58 0.00 -27.6532 -0.9729 -0.9729
4725 29.60 82.24 0.00 -21.1503 -2.9442 -2.9442
4750 28.87 82.90 0.00 -15.9245 -4.9364 -4.9364
4775 28.87 82.90 0.00 -15.9245 -4.9364 -4.9364
4800 28.31 83.63 0.00 -14.1093 -6.9103 -6.9103
4825 28.31 83.63 0.00 -14.1093 -6.9103 -6.9103
4850 27.79 84.38 0.00 -11.1221 -3.6159 -3.6159
4875 27.45 85.20 0.00 -7.5628 -2.2135 -2.2135
4900 27.15 86.01 0.00 -7.4374 0.3563 0.3563
4925 27.15 86.01 0.00 -7.4374 0.3563 0.3563
4950 26.91 86.78 0.00 -4.7237 0.8260 0.8260
4975 26.80 87.52 0.00 -1.4876 -1.0252 -1.0252
5000 26.80 87.52 0.00 -1.4876 -1.0252 -1.0252
5025 26.78 88.09 0.00 -0.4253 -1.8265 -1.8265
5050 26.75 88.57 0.00 -1.4241 -2.6648 -2.6648
5075 26.60 89.19 0.00 -5.4594 0.0875 0.0875
5100 26.60 89.19 0.00 -5.4594 0.0875 0.0875
5125 26.25 89.90 0.00 -10.5093 0.0535 0.0535
5150 25.60 90.86 0.00 -20.2416 0.1157 0.1157
5175 25.60 90.86 0.00 -20.2416 0.1157 0.1157
5200 24.86 91.58 0.00 -26.3415 1.8580 1.8580
5225 23.77 92.48 0.00 -27.2600 1.7443 1.7443
5250 22.68 93.16 0.00 -27.5909 3.6783 3.6783
5275 22.68 93.16 0.00 -27.5909 3.6783 3.6783
5300 21.57 93.48 0.00 -27.3694 0.8068 0.8068
5325 20.49 93.59 0.00 -27.0822 -0.5358 -0.5358
5350 20.49 93.59 0.00 -27.0822 -0.5358 -0.5358
5375 19.43 93.14 0.00 -26.0470 -0.9168 -0.9168
5400 18.55 92.39 0.00 -19.0355 -3.2410 -3.2410
5425 18.03 91.44 0.00 -9.4757 -6.3766 -6.3766
5450 18.03 91.44 0.00 -9.4757 -6.3766 -6.3766
5475 17.86 90.38 0.00 -1.0763 -6.9985 -6.9985
5500 17.95 89.42 0.00 3.7755 -3.6105 -3.6105
5525 17.95 89.42 0.00 3.7755 -3.6105 -3.6105
5550 18.22 88.42 0.00 9.0059 -1.9281 -1.9281
5575 18.72 87.52 0.00 14.6222 -2.3632 -2.3632
5600 18.72 87.52 0.00 14.6222 -2.3632 -2.3632
5625 19.43 86.74 0.00 18.6156 -4.0426 -4.0426
5650 20.19 86.06 0.00 18.8356 -4.5292 -4.5292
5675 20.19 86.06 0.00 18.8356 -4.5292 -4.5292
5700 20.87 85.51 0.00 15.8598 -4.9139 -4.9139
5725 21.50 84.99 0.00 15.2430 -4.3295 -4.3295
5750 22.04 84.56 0.00 12.4222 -2.4377 -2.4377
5775 22.04 84.56 0.00 12.4222 -2.4377 -2.4377
5800 22.38 84.33 0.00 10.7760 -1.2154 -1.2154
5825 22.77 84.13 0.00 9.2803 -0.3249 -0.3249
5850 23.07 84.11 0.00 6.3823 1.9166 1.9166
5875 23.07 84.11 0.00 6.3823 1.9166 1.9166
5900 23.28 84.20 0.00 4.4039 2.6666 2.6666
5925 23.28 84.20 0.00 4.4039 2.6666 2.6666
5950 23.43 84.34 0.00 3.5560 2.6288 2.6288
5975 23.54 84.48 0.00 1.9428 2.9030 2.9030
6000 23.58 84.55 0.00 0.6901 2.8644 2.8644
6025 23.58 84.55 0.00 0.6901 2.8644 2.8644
6050 23.54 84.52 0.00 -1.7514 1.2954 1.2954
6075 23.54 84.52 0.00 -1.7514 1.2954 1.2954
6100 23.47 84.50 0.00 -1.9444 2.4523 2.4523
6125 23.39 84.48 0.00 -1.9640 0.0858 0.0858
6150 23.32 84.34 0.00 -1.9352 -0.0211 -0.0211
6175 23.32 84.34 0.00 -1.9352 -0.0211 -0.0211
6200 23.21 84.18 0.00 -2.8671 1.1041 1.1041
6225 23.11 83.91 0.00 -1.6393 0.4790 0.4790
6250 23.11 83.91 0.00 -1.6393 0.4790 0.4790
6275 23.15 83.54 0.00 2.1230 -0.6320 -0.6320
6300 23.28 83.03 0.00 4.1314 -3.5109 -3.5109
6325 23.50 82.39 0.00 6.7252 -3.0421 -3.0421
6350 23.50 82.39 0.00 6.7252 -3.0421 -3.0421
6375 23.84 81.60 0.00 9.0229 -4.5191 -4.5191
6400 24.23 80.85 0.00 10.7510 -3.6200 -3.6200
6425 24.68 80.19 0.00 11.0937 -2.5719 -2.5719
6450 24.68 80.19 0.00 11.0937 -2.5719 -2.5719
6475 25.14 79.65 0.00 11.7112 -1.7328 -1.7328
6500 25.62 79.17 0.00 12.7760 -2.0161 -2.0161
6525 26.12 78.73 0.00 11.9969 -1.6275 -1.6275
6550 26.12 78.73 0.00 11.9969 -1.6275 -1.6275
6575 26.56 78.23 0.00 10.5259 -1.4303 -1.4303
6600 26.56 78.23 0.00 10.5259 -1.4303 -1.4303
6625 26.97 77.67 0.00 9.4890 -1.0509 -1.0509
6650 27.32 76.98 0.00 8.3898 -0.8525 -0.8525
6675 27.61 76.23 0.00 7.0327 -2.5495 -2.5495
6700 27.61 76.23 0.00 7.0327 -2.5495 -2.5495
6725 27.89 75.59 0.00 6.2833 -0.2700 -0.2700
6750 28.05 75.14 0.00 4.5571 -0.2971 -0.2971
6775 28.05 75.14 0.00 4.5571 -0.2971 -0.2971
6800 28.18 74.51 0.00 2.5245 0.4905 0.4905
6825 28.21 73.73 0.00 0.1470 1.3125 1.3125
6850 28.21 73.73 0.00 0.1470 1.3125 1.3125
6875 28.20 72.33 0.00 -0.2735 1.0111 1.0111
6900 28.23 70.85 0.00 1.6869 0.1033 0.1033
6925 28.32 69.20 0.00 2.4241 -1.6814 -1.6814
6950 28.32 69.20 0.00 2.4241 -1.6814 -1.6814
6975 28.45 67.83 0.00 3.2476 -1.2651 -1.2651
7000 28.60 66.65 0.00 3.6967 -1.4572 -1.4572
7025 28.60 66.65 0.00 3.6967 -1.4572 -1.4572
7050 28.76 65.71 0.00 4.4552 -1.6054 -1.6054
7075 29.00 64.96 0.00 6.7595 -2.0319 -2.0319
7100 29.29 64.43 0.00 7.8466 -0.7636 -0.7636
7125 29.29 64.43 0.00 7.8466 -0.7636 -0.7636
7150 29.62 64.01 0.00 7.9119 -0.8649 -0.8649
7175 29.93 63.67 0.00 7.5175 -0.3313 -0.3313
7200 29.93 63.67 0.00 7.5175 -0.3313 -0.3313
7225 30.22 63.37 0.00 7.6791 -0.7947 -0.7947
7250 30.56 63.12 0.00 9.0734 -0.6150 -0.6150
7275 30.56 63.12 0.00 9.0734 -0.6150 -0.6150
7300 30.96 62.95 0.00 10.4165 0.2398 0.2398
7325 31.39 62.80 0.00 11.5210 0.9264 0.9264
7350 31.39 62.80 0.00 11.5210 0.9264 0.9264
7375 31.86 62.56 0.00 11.5568 0.7631 0.7631
7400 32.35 62.23 0.00 12.8934 1.9249 1.9249
7425 32.35 62.23 0.00 12.8934 1.9249 1.9249
7450 32.89 61.91 0.00 14.0962 1.2225 1.2225
7475 33.45 61.55 0.00 13.2230 1.8928 1.8928
7500 33.95 61.06 0.00 12.1909 2.8617 2.8617
7525 33.95 61.06 0.00 12.1909 2.8617 2.8617
7550 34.38 60.33 0.00 9.7335 3.9801 3.9801
7575 34.63 59.76 0.00 7.3153 4.4966 4.4966
7600 34.84 58.81 0.00 3.8414 3.9324 3.9324
7625 34.84 58.81 0.00 3.8414 3.9324 3.9324
7650 34.89 57.74 0.00 0.4536 3.7868 3.7868
7675 34.89 56.49 0.00 -0.1678 1.8112 1.8112
7700 34.89 56.49 0.00 -0.1678 1.8112 1.8112
7725 34.89 56.49 0.00 -0.1678 1.8112 1.8112
7750 34.82 54.35 0.00 -0.8126 0.2492 0.2492
7775 34.82 54.35 0.00 -0.8126 0.2492 0.2492
7800 34.81 53.58 0.00 0.2919 1.1945 1.1945
7825 34.88 53.03 0.00 2.9640 0.9083 0.9083
7850 34.88 53.03 0.00 2.9640 0.9083 0.9083
7875 35.07 52.59 0.00 5.8007 2.5075 2.5075
7900 35.34 52.16 0.00 6.8290 2.6779 2.6779
7925 35.34 52.16 0.00 6.8290 2.6779 2.6779
7950 35.59 51.79 0.00 5.8560 2.0625 2.0625
7975 35.80 51.36 0.00 4.7646 2.8353 2.8353
8000 35.98 50.86 0.00 4.8787 2.7876 2.7876
8025 35.98 50.86 0.00 4.8787 2.7876 2.7876
8050 36.20 50.33 0.00 5.3183 2.3118 2.3118
8075 36.41 49.74 0.00 5.4689 1.1086 1.1086
8100 36.41 49.74 0.00 5.4689 1.1086 1.1086
8125 36.60 49.22 0.00 4.3889 0.6279 0.6279
8150 36.73 48.69 0.00 2.2572 0.0740 0.0740
8175 36.73 48.69 0.00 2.2572 0.0740 0.0740
8200 36.82 48.22 0.00 2.0079 1.0093 1.0093
8225 36.87 47.75 0.00 1.2165 1.8722 1.8722
8250 36.91 47.32 0.00 1.1209 1.4623 1.4623
8275 36.91 47.32 0.00 1.1209 1.4623 1.4623
8300 36.96 46.81 0.00 1.2542 0.5566 0.5566
8325 36.96 46.81 0.00 1.2542 0.5566 0.5566
8350 36.99 46.44 0.00 0.9847 -0.4069 -0.4069
8375 37.01 46.02 0.00 0.2510 -0.6282 -0.6282
8400 36.99 45.64 0.00 -0.7698 -0.9640 -0.9640
8425 36.99 45.64 0.00 -0.7698 -0.9640 -0.9640
8450 36.96 45.22 0.00 -1.4812 -0.3382 -0.3382
8475 36.87 44.80 0.00 -2.5310 -0.6602 -0.6602
8500 36.87 44.80 0.00 -2.5310 -0.6602 -0.6602
8525 36.75 44.28 0.00 -2.9254 -0.8276 -0.8276
8550 36.64 43.66 0.00 -2.7344 -0.2081 -0.2081
8575 36.53 42.94 0.00 -2.5018 0.4685 0.4685
8600 36.53 42.94 0.00 -2.5018 0.4685 0.4685
8625 36.44 42.10 0.00 -1.6109 -0.7272 -0.7272
8650 36.39 41.15 0.00 -1.8909 -1.3044 -1.3044
8675 36.39 41.15 0.00 -1.8909 -1.3044 -1.3044
8700 36.28 40.07 0.00 -3.2114 -2.6695 -2.6695
8725 36.11 39.06 0.00 -4.9460 -2.0764 -2.0764
8750 36.11 39.06 0.00 -4.9460 -2.0764 -2.0764
8775 35.89 37.94 0.00 -5.7873 -1.4352 -1.4352
8800 35.66 36.77 0.00 -5.5606 -1.8321 -1.8321
8825 35.66 36.77 0.00 -5.5606 -1.8321 -1.8321
8850 35.48 35.65 0.00 -3.8656 -2.4662 -2.4662
8875 35.39 34.75 0.00 -0.7305 -3.3149 -3.3149
8900 35.47 34.11 0.00 3.2032 -1.5093 -1.5093
8925 35.47 34.11 0.00 3.2032 -1.5093 -1.5093
8950 35.61 33.58 0.00 3.6018 0.0566 0.0566
8975 35.73 33.08 0.00 2.4722 2.2720 2.2720
9000 35.73 33.08 0.00 2.4722 2.2720 2.2720
9025 35.79 32.57 0.00 1.1198 1.4085 1.4085
9050 35.86 32.16 0.00 1.9424 2.4604 2.4604
9075 35.93 31.85 0.00 1.6112 1.7903 1.7903
9100 35.93 31.85 0.00 1.6112 1.7903 1.7903
9125 35.98 31.69 0.00 1.5702 1.1518 1.1518
9150 35.98 31.69 0.00 1.5702 1.1518 1.1518
9175 36.05 31.63 0.00 2.6910 2.7387 2.7387
9200 36.16 31.59 0.00 2.4655 2.5138 2.5138
9225 36.25 31.56 0.00 1.5379 2.7096 2.7096
9250 36.27 31.58 0.00 -0.4599 1.0836 1.0836
9275 36.27 31.58 0.00 -0.4599 1.0836 1.0836
9300 36.21 31.64 0.00 -1.4977 0.8193 0.8193
9325 36.21 31.64 0.00 -1.4977 0.8193 0.8193
9350 36.11 31.78 0.00 -3.2590 -1.1367 -1.1367
9375 35.96 32.02 0.00 -3.5616 0.5665 0.5665
9400 35.84 32.24 0.00 -2.6473 4.0725 4.0725
9425 35.84 32.24 0.00 -2.6473 4.0725 4.0725
9450 35.71 32.48 0.00 -3.5790 4.2247 4.2247
9475 35.54 32.59 0.00 -5.4622 4.8686 4.8686
9500 35.54 32.59 0.00 -5.4622 4.8686 4.8686
9525 35.22 32.43 0.00 -9.3977 3.4574 3.4574
9550 34.73 32.05 0.00 -13.9287 0.7146 0.7146
9575 34.11 31.47 0.00 -16.9774 -3.3100 -3.3100
9600 34.11 31.47 0.00 -16.9774 -3.3100 -3.3100
9625 33.41 30.67 0.00 -17.4473 -7.5929 -7.5929
9650 32.76 29.78 0.00 -14.5635 -9.0255 -9.0255
9675 32.76 29.78 0.00 -14.5635 -9.0255 -9.0255
9700 32.31 28.86 0.00 -9.5934 -8.0320 -8.0320
9725 32.03 27.96 0.00 -5.8349 -6.3789 -6.3789
9750 31.88 27.11 0.00 -3.0973 -4.3931 -4.3931
9775 31.88 27.11 0.00 -3.0973 -4.3931 -4.3931
9800 31.77 26.26 0.00 -2.1380 -3.7097 -3.7097
9825 31.77 26.26 0.00 -2.1380 -3.7097 -3.7097
9850 31.68 25.47 0.00 -2.3846 -4.6068 -4.6068
9875 31.65 24.81 0.00 -0.2906 -1.3931 -1.3931
9900 31.66 24.39 0.00 1.2431 0.1337 0.1337
9925 31.66 24.39 0.00 1.2431 0.1337 0.1337
9950 31.75 24.09 0.00 2.6202 0.5751 0.5751
9975 31.84 23.95 0.00 2.4845 1.5208 1.5208
10000 31.84 23.95 0.00 2.4845 1.5208 1.5208
10025 31.94 23.82 0.00 1.4047 1.0255 1.0255
10050 31.95 23.74 0.00 -0.2456 -0.0678 -0.0678
10075 31.88 23.62 0.00 -2.8948 -3.1648 -3.1648
10100 31.88 23.62 0.00 -2.8948 -3.1648 -3.1648
10125 31.72 23.40 0.00 -4.3183 -2.5277 -2.5277
10150 31.52 23.14 0.00 -5.7675 -3.4415 -3.4415
10175 31.52 23.14 0.00 -5.7675 -3.4415 -3.4415
10200 31.27 22.87 0.00 -6.7360 -3.7605 -3.7605
10225 30.94 22.67 0.00 -9.4099 -3.6056 -3.6056
10250 30.40 22.50 0.00 -16.1195 -3.5085 -3.5085
10275 30.40 22.50 0.00 -16.1195 -3.5085 -3.5085
10300 29.64 22.29 0.00 -20.8872 -1.7920 -1.7920
10325 28.76 21.98 0.00 -22.2304 -1.8284 -1.8284
10350 28.76 21.98 0.00 -22.2304 -1.8284 -1.8284
10375 27.89 21.43 0.00 -21.7438 -3.9939 -3.9939
10400 27.02 20.67 0.00 -20.7454 -3.5781 -3.5781
10425 27.02 20.67 0.00 -20.7454 -3.5781 -3.5781
10450 26.27 19.78 0.00 -17.8839 -3.8717 -3.8717
10475 25.60 18.80 0.00 -16.2804 -5.6191 -5.6191
10500 25.60 18.80 0.00 -16.2804 -5.6191 -5.6191
10525 25.03 17.82 0.00 -12.3848 -6.0383 -6.0383
10550 24.62 17.01 0.00 -9.8887 -8.3171 -8.3171
10575 24.62 17.01 0.00 -9.8887 -8.3171 -8.3171
10600 24.31 16.52 0.00 -6.3210 -7.5419 -7.5419
10625 24.12 16.26 0.00 -3.6088 -5.9910 -5.9910
10650 24.12 16.26 0.00 -3.6088 -5.9910 -5.9910
10675 23.99 16.03 0.00 -3.7156 -7.0305 -7.0305
10700 23.90 15.80 0.00 -2.9161 -4.9607 -4.9607
10725 23.86 15.51 0.00 0.0789 -0.7229 -0.7229
10750 23.86 15.51 0.00 0.0789 -0.7229 -0.7229
10775 23.88 15.23 0.00 0.8438 -0.5434 -0.5434
10800 23.93 15.00 0.00 1.3765 -0.4325 -0.4325
10825 23.95 14.90 0.00 -0.3276 -1.8182 -1.8182
10850 23.95 14.90 0.00 -0.3276 -1.8182 -1.8182
10875 23.90 14.85 0.00 -2.4206 -2.3672 -2.3672
10900 23.77 14.80 0.00 -3.6960 -3.1331 -3.1331
10925 23.77 14.80 0.00 -3.6960 -3.1331 -3.1331
10950 23.52 14.77 0.00 -7.3617 -5.1797 -5.1797
10975 23.09 14.73 0.00 -13.4526 -8.3149 -8.3149
11000 23.09 14.73 0.00 -13.4526 -8.3149 -8.3149
11025 22.34 14.78 0.00 -22.6818 -13.3358 -13.3358
11050 21.25 14.81 0.00 -29.6895 -13.8830 -13.8830
11075 21.25 14.81 0.00 -29.6895 -13.8830 -13.8830
11100 20.02 14.90 0.00 -31.1594 -9.9096 -9.9096
11125 18.80 15.08 0.00 -29.9060 -7.3013 -7.3013
11150 17.68 15.32 0.00 -25.9248 -3.6627 -3.6627
11175 17.68 15.32 0.00 -25.9248 -3.6627 -3.6627
11200 16.81 15.58 0.00 -19.2379 -1.1821 -1.1821
11225 16.21 15.81 0.00 -12.5320 -2.4708 -2.4708
11250 16.21 15.81 0.00 -12.5320 -2.4708 -2.4708
11275 15.86 15.82 0.00 -6.4054 -7.4122 -7.4122
11300 15.70 15.87 0.00 -3.2671 -8.9878 -8.9878
11325 15.59 15.97 0.00 -2.3087 -6.7672 -6.7672
11350 15.59 15.97 0.00 -2.3087 -6.7672 -6.7672
11375 15.53 16.05 0.00 -1.5764 -5.1777 -5.1777
11400 15.45 16.06 0.00 -1.4602 -3.1876 -3.1876
11425 15.45 16.06 0.00 -1.4602 -3.1876 -3.1876
11450 15.35 16.02 0.00 -3.9244 -3.8356 -3.8356
11475 15.20 15.92 0.00 -5.9031 -4.4009 -4.4009
11500 14.82 15.56 0.00 -10.7175 -7.1785 -7.1785
11525 14.82 15.56 0.00 -10.7175 -7.1785 -7.1785
11550 14.39 15.12 0.00 -11.1563 -4.9113 -4.9113
11575 14.39 15.12 0.00 -11.1563 -4.9113 -4.9113
11600 13.88 14.68 0.00 -12.9211 -6.7195 -6.7195
11625 13.35 14.26 0.00 -13.9266 -8.8510 -8.8510
11650 12.79 13.89 0.00 -13.8339 -8.5111 -8.5111
11675 12.79 13.89 0.00 -13.8339 -8.5111 -8.5111
11700 12.25 13.58 0.00 -12.7140 -8.2890 -8.2890
11725 11.83 13.35 0.00 -8.8957 -6.1212 -6.1212
11750 11.83 13.35 0.00 -8.8957 -6.1212 -6.1212
11775 11.55 13.37 0.00 -6.2083 -7.0895 -7.0895
11800 11.37 13.60 0.00 -3.4926 -5.4679 -5.4679
11825 11.25 13.87 0.00 -2.4996 -4.5432 -4.5432
11850 11.25 13.87 0.00 -2.4996 -4.5432 -4.5432
11875 11.19 14.28 0.00 -0.6673 -2.5706 -2.5706
11900 11.25 14.88 0.00 3.1200 0.1852 0.1852
11925 11.25 14.88 0.00 3.1200 0.1852 0.1852
11950 11.49 15.71 0.00 7.9002 4.1780 4.1780
11975 11.89 16.65 0.00 11.0314 5.9019 5.9019
12000 12.33 17.67 0.00 10.6625 4.7343 4.7343
12025 12.33 17.67 0.00 10.6625 4.7343 4.7343
12050 12.71 18.72 0.00 8.2713 2.4010 2.4010
12075 12.99 19.68 0.00 6.1697 0.6354 0.6354
12100 12.99 19.68 0.00 6.1697 0.6354 0.6354
12125 13.15 20.39 0.00 3.1430 0.0044 0.0044
12150 13.23 20.75 0.00 2.3996 1.0756 1.0756
12175 13.33 21.17 0.00 3.0899 1.3254 1.3254
12200 13.33 21.17 0.00 3.0899 1.3254 1.3254
12225 13.50 21.45 0.00 4.7145 2.0062 2.0062
12250 13.50 21.45 0.00 4.7145 2.0062 2.0062
12275 13.70 21.62 0.00 5.9363 2.3346 2.3346
12300 14.02 21.75 0.00 7.8659 3.9454 3.9454
12325 14.31 21.82 0.00 7.7441 3.7076 3.7076
12350 14.31 21.82 0.00 7.7441 3.7076 3.7076
12375 14.67 21.88 0.00 9.1182 4.0106 4.0106
12400 15.04 21.87 0.00 10.1672 5.2882 5.2882
12425 15.04 21.87 0.00 10.1672 5.2882 5.2882
12450 15.47 21.82 0.00 10.7132 6.4228 6.4228
12475 15.90 21.71 0.00 10.3713 6.3845 6.3845
12500 16.27 21.54 0.00 9.4764 5.4086 5.4086
12525 16.27 21.54 0.00 9.4764 5.4086 5.4086
12550 16.68 21.30 0.00 10.2490 4.9518 4.9518
12575 17.12 21.17 0.00 11.5055 3.5040 3.5040
12600 17.12 21.17 0.00 11.5055 3.5040 3.5040
12625 17.62 21.20 0.00 13.3759 4.6663 4.6663
12650 18.16 21.30 0.00 13.1216 8.2365 8.2365
12675 18.16 21.30 0.00 13.1216 8.2365 8.2365
12700 18.62 21.49 0.00 10.4167 8.2210 8.2210
12725 18.99 21.75 0.00 8.1999 7.5783 7.5783
12750 19.22 22.03 0.00 4.1432 5.9935 5.9935
12775 19.22 22.03 0.00 4.1432 5.9935 5.9935
12800 19.31 22.32 0.00 1.2915 3.4143 3.4143
12825 19.35 22.55 0.00 0.5741 0.7544 0.7544
12850 19.35 22.55 0.00 0.5741 0.7544 0.7544
12875 19.41 22.74 0.00 2.6221 -0.5763 -0.5763
12900 19.56 22.99 0.00 4.0029 -1.0179 -1.0179
12925 19.56 22.99 0.00 4.0029 -1.0179 -1.0179
12950 19.73 23.40 0.00 4.5785 -0.7274 -0.7274
12975 19.92 23.92 0.00 5.0443 1.1256 1.1256
13000 19.92 23.92 0.00 5.0443 1.1256 1.1256
13025 20.19 24.67 0.00 7.5508 3.0741 3.0741
13050 20.42 25.37 0.00 7.2245 2.5256 2.5256
13075 20.72 26.43 0.00 7.5723 2.2690 2.2690
13100 20.72 26.43 0.00 7.5723 2.2690 2.2690
13125 21.06 27.52 0.00 9.2122 1.6825 1.6825
13150 21.46 28.57 0.00 10.7020 4.3173 4.3173
13175 21.95 29.51 0.00 13.2444 4.7604 4.7604
13200 21.95 29.51 0.00 13.2444 4.7604 4.7604
13225 22.51 30.50 0.00 14.5395 4.1344 4.1344
13250 23.15 31.27 0.00 17.3296 6.5308 6.5308
13275 23.15 31.27 0.00 17.3296 6.5308 6.5308
13300 23.90 31.94 0.00 19.6670 8.2159 8.2159
13325 24.73 32.63 0.00 21.1770 8.7279 8.7279
13350 24.73 32.63 0.00 21.1770 8.7279 8.7279
13375 25.62 33.32 0.00 23.0966 10.9756 10.9756
13400 26.62 33.91 0.00 26.5722 13.1549 13.1549
13425 26.62 33.91 0.00 26.5722 13.1549 13.1549
13450 27.76 34.52 0.00 29.2565 12.8308 12.8308
13475 28.96 35.11 0.00 30.2561 13.2756 13.2756
13500 30.16 35.57 0.00 30.2595 13.4374 13.4374
13525 30.16 35.57 0.00 30.2595 13.4374 13.4374
13550 31.38 35.92 0.00 30.2138 11.2676 11.2676
13575 32.57 36.26 0.00 29.1388 8.9256 8.9256
13600 32.57 36.26 0.00 29.1388 8.9256 8.9256
13625 33.70 36.70 0.00 28.1697 7.4704 7.4704
13650 34.79 37.20 0.00 26.1171 6.4576 6.4576
13675 35.77 37.71 0.00 23.3547 5.9582 5.9582
13700 35.77 37.71 0.00 23.3547 5.9582 5.9582
13725 36.67 38.31 0.00 22.8751 7.9042 7.9042
13750 37.58 39.12 0.00 21.8464 7.9031 7.9031
13775 37.58 39.12 0.00 21.8464 7.9031 7.9031
13800 38.20 39.92 0.00 20.5796 8.3543 8.3543
13825 39.00 41.14 0.00 19.1291 9.3788 9.3788
13850 39.00 41.14 0.00 19.1291 9.3788 9.3788
13875 39.70 42.56 0.00 16.9158 7.4016 7.4016
13900 40.34 44.17 0.00 15.2966 5.1342 5.1342
13925 40.34 44.17 0.00 15.2966 5.1342 5.1342
13950 40.90 45.72 0.00 12.7942 4.4274 4.4274
13975 41.32 47.28 0.00 9.9869 2.9485 2.9485
14000 41.32 47.28 0.00 9.9869 2.9485 2.9485
14025 41.73 48.86 0.00 9.8722 1.7180 1.7180
14050 42.13 50.26 0.00 10.6643 1.8437 1.8437
14075 42.60 51.52 0.00 12.6499 2.9405 2.9405
14100 42.60 51.52 0.00 12.6499 2.9405 2.9405
14125 43.22 52.78 0.00 17.3184 4.7452 4.7452
14150 44.06 54.07 0.00 23.0162 5.8210 5.8210
14175 44.06 54.07 0.00 23.0162 5.8210 5.8210
14200 45.16 55.40 0.00 31.3465 6.9334 6.9334
14225 46.61 56.85 0.00 38.5257 7.3053 7.3053
14250 48.22 58.37 0.00 41.0036 6.9795 6.9795
14275 48.22 58.37 0.00 41.0036 6.9795 6.9795
14300 49.88 59.89 0.00 41.8511 7.9937 7.9937
14325 51.54 61.20 0.00 41.0769 7.7174 7.7174
14350 51.54 61.20 0.00 41.0769 7.7174 7.7174
14375 53.11 62.31 0.00 38.1117 7.1228 7.1228
14400 54.52 63.26 0.00 33.6147 5.9283 5.9283
14425 55.75 64.05 0.00 28.9516 5.5078 5.5078
14450 55.75 64.05 0.00 28.9516 5.5078 5.5078
14475 56.80 64.77 0.00 24.9796 6.1496 6.1496
14500 57.73 65.57 0.00 21.9582 5.6878 5.6878
14525 57.73 65.57 0.00 21.9582 5.6878 5.6878
14550 58.50 66.38 0.00 18.5022 6.2103 6.2103
14575 59.01 66.99 0.00 15.6165 6.8384 6.8384
14600 59.01 66.99 0.00 15.6165 6.8384 6.8384
14625 59.56 67.85 0.00 12.6460 7.7697 7.7697
14650 60.02 68.62 0.00 11.4905 7.5644 7.5644
14675 60.02 68.62 0.00 11.4905 7.5644 7.5644
14700 60.48 69.29 0.00 11.5228 6.4437 6.4437
14725 60.95 69.89 0.00 12.3877 6.2763 6.2763
14750 61.55 70.43 0.00 16.7639 5.5731 5.5731
14775 61.55 70.43 0.00 16.7639 5.5731 5.5731
14800 62.40 70.95 0.00 25.6416 4.3535 4.3535
14825 63.79 71.49 0.00 41.5663 4.3728 4.3728
14850 63.79 71.49 0.00 41.5663 4.3728 4.3728
14875 65.78 72.14 0.00 54.1773 3.1362 3.1362
14900 65.78 72.14 0.00 54.1773 3.1362 3.1362
14925 70.51 73.87 0.00 60.1323 0.7352 0.7352
14950 70.51 73.87 0.00 60.1323 0.7352 0.7352
14975 72.77 74.71 0.00 53.7515 0.9100 0.9100
15000 74.65 75.45 0.00 42.4394 2.5755 2.5755
15025 74.65 75.45 0.00 42.4394 2.5755 2.5755
15050 76.07 76.14 0.00 29.7375 3.5742 3.5742
15075 77.02 76.85 0.00 21.0542 5.7660 5.7660
15100 77.02 76.85 0.00 21.0542 5.7660 5.7660
15125 77.69 77.71 0.00 13.6672 7.3330 7.3330
15150 78.09 78.93 0.00 8.4168 6.3598 6.3598
15175 78.09 78.93 0.00 8.4168 6.3598 6.3598
15200 78.35 80.37 0.00 5.8608 2.6808 2.6808
15225 78.50 81.92 0.00 2.3601 -2.0856 -2.0856
15250 78.50 81.92 0.00 2.3601 -2.0856 -2.0856
15275 78.49 83.31 0.00 -2.5766 -3.8196 -3.8196
15300 78.30 84.33 0.00 -8.0157 -3.9345 -3.9345
15325 77.83 85.62 0.00 -13.9147 -3.3322 -3.3322
15350 77.83 85.62 0.00 -13.9147 -3.3322 -3.3322
15375 77.15 86.92 0.00 -18.3216 -1.1906 -1.1906
15400 76.40 88.30 0.00 -18.4106 0.7184 0.7184
15425 76.40 88.30 0.00 -18.4106 0.7184 0.7184
15450 75.82 89.78 0.00 -10.7267 1.6357 1.6357
15475 75.66 91.19 0.00 0.1896 0.7448 0.7448
15500 75.97 92.43 0.00 13.3512 2.5758 2.5758
15525 75.97 92.43 0.00 13.3512 2.5758 2.5758
15550 76.83 93.44 0.00 26.2821 7.0545 7.0545
15575 78.22 94.20 0.00 39.3785 12.4026 12.4026
15600 78.22 94.20 0.00 39.3785 12.4026 12.4026
15625 79.94 94.82 0.00 44.3729 13.7400 13.7400
15650 81.63 95.42 0.00 39.2154 13.6715 13.6715
15675 81.63 95.42 0.00 39.2154 13.6715 13.6715
15700 82.92 95.98 0.00 26.7171 10.9455 10.9455
15725 83.61 96.35 0.00 11.2739 8.1225 8.1225
15750 83.71 96.51 0.00 -2.7830 5.9456 5.9456
15775 83.71 96.51 0.00 -2.7830 5.9456 5.9456
15800 83.34 96.31 0.00 -13.5034 6.1526 6.1526
15825 82.65 95.88 0.00 -18.7769 3.6147 3.6147
15850 82.65 95.88 0.00 -18.7769 3.6147 3.6147
15875 81.82 95.22 0.00 -22.6497 2.3737 2.3737
15900 80.80 94.49 0.00 -26.5775 1.0100 1.0100
15925 80.80 94.49 0.00 -26.5775 1.0100 1.0100
15950 79.70 93.66 0.00 -28.0980 1.6445 1.6445
15975 78.60 92.78 0.00 -26.9076 0.2559 0.2559
16000 78.60 92.78 0.00 -26.9076 0.2559 0.2559
16025 77.62 91.93 0.00 -22.1551 -0.4119 -0.4119
16050 77.06 91.19 0.00 -17.0698 0.2662 0.2662
16075 76.59 90.19 0.00 -8.9850 0.2314 0.2314
16100 76.59 90.19 0.00 -8.9850 0.2314 0.2314
16125 76.42 89.26 0.00 -1.3606 0.5392 0.5392
16150 76.53 88.46 0.00 5.2930 -0.0893 -0.0893
16175 76.53 88.46 0.00 5.2930 -0.0893 -0.0893
16200 76.89 87.83 0.00 10.8709 -0.5387 -0.5387
16225 77.41 87.20 0.00 14.0620 0.9440 0.9440
16250 77.41 87.20 0.00 14.0620 0.9440 0.9440
16275 77.96 86.65 0.00 12.6546 2.8200 2.8200
16300 78.39 86.09 0.00 9.9240 2.5904 2.5904
16325 78.39 86.09 0.00 9.9240 2.5904 2.5904
16350 78.73 85.57 0.00 7.7025 2.3611 2.3611
16375 78.94 85.23 0.00 3.3071 2.6954 2.6954
16400 79.01 84.90 0.00 1.6758 2.9196 2.9196
16425 79.01 84.90 0.00 1.6758 2.9196 2.9196
16450 79.11 84.59 0.00 2.7594 2.3734 2.3734
16475 79.32 84.39 0.00 6.8659 1.7479 1.7479
16500 79.32 84.39 0.00 6.8659 1.7479 1.7479
16525 79.64 84.22 0.00 8.5634 1.6611 1.6611
16550 79.93 84.08 0.00 6.0133 1.3758 1.3758
16575 79.93 84.08 0.00 6.0133 1.3758 1.3758
16600 80.12 83.97 0.00 4.2325 2.6689 2.6689
16625 80.33 83.76 0.00 5.4867 2.2193 2.2193
16650 80.55 83.43 0.00 5.8273 1.2790 1.2790
16675 80.55 83.43 0.00 5.8273 1.2790 1.2790
16700 80.78 82.83 0.00 5.5203 0.7503 0.7503
16725 80.97 82.12 0.00 4.7108 -0.0316 -0.0316
16750 80.97 82.12 0.00 4.7108 -0.0316 -0.0316
16775 81.13 81.33 0.00 3.5298 0.1643 0.1643
16800 81.22 80.58 0.00 1.7220 0.6006 0.6006
16825 81.22 80.58 0.00 1.7220 0.6006 0.6006
16850 81.28 79.81 0.00 1.2301 0.6816 0.6816
16875 81.34 79.04 0.00 1.8427 -0.6083 -0.6083
16900 81.34 79.04 0.00 1.8427 -0.6083 -0.6083
16925 81.40 78.48 0.00 2.3242 -0.7041 -0.7041
16950 81.49 77.74 0.00 2.4638 -0.0172 -0.0172
16975 81.63 76.98 0.00 3.4967 0.6869 0.6869
17000 81.63 76.98 0.00 3.4967 0.6869 0.6869
17025 81.78 76.35 0.00 4.0951 2.2185 2.2185
17050 81.78 76.35 0.00 4.0951 2.2185 2.2185
17075 81.91 75.86 0.00 2.6529 2.3868 2.3868
17100 82.01 75.49 0.00 2.2020 1.6710 1.6710
17125 82.13 75.13 0.00 3.7344 1.5975 1.5975
17150 82.13 75.13 0.00 3.7344 1.5975 1.5975
17175 82.38 74.83 0.00 8.0373 -0.7114 -0.7114
17200 82.72 74.61 0.00 8.9621 -0.6302 -0.6302
17225 82.72 74.61 0.00 8.9621 -0.6302 -0.6302
17250 83.05 74.45 0.00 7.6325 0.9247 0.9247
17275 83.38 74.30 0.00 8.2353 0.0590 0.0590
17300 83.38 74.30 0.00 8.2353 0.0590 0.0590
17325 83.75 74.10 0.00 10.1871 -0.0065 -0.0065
17350 84.16 73.79 0.00 9.5908 -2.8008 -2.8008
17375 84.43 73.68 0.00 5.0077 -0.7559 -0.7559
17400 84.43 73.68 0.00 5.0077 -0.7559 -0.7559
17425 84.51 73.45 0.00 0.1424 0.7181 0.7181
17450 84.43 73.03 0.00 -3.7768 2.1588 2.1588
17475 84.18 72.40 0.00 -7.4261 3.5488 3.5488
17500 84.18 72.40 0.00 -7.4261 3.5488 3.5488
17525 83.87 71.65 0.00 -7.6652 3.7638 3.7638
17550 83.60 70.88 0.00 -6.1352 3.4599 3.4599
17575 83.60 70.88 0.00 -6.1352 3.4599 3.4599
17600 83.40 70.09 0.00 -4.4316 0.8173 0.8173
17625 83.28 69.46 0.00 -1.9848 0.6009 0.6009
17650 83.28 69.46 0.00 -1.9848 0.6009 0.6009
17675 83.23 68.85 0.00 -0.9025 -0.0670 -0.0670
17700 83.21 68.38 0.00 -0.4346 0.9097 0.9097
17725 83.21 68.38 0.00 -0.4346 0.9097 0.9097
17750 83.21 67.71 0.00 0.2035 2.6808 2.6808
17775 83.25 66.93 0.00 0.8701 4.3415 4.3415
17800 83.28 66.12 0.00 1.5081 4.9057 4.9057
17825 83.28 66.12 0.00 1.5081 4.9057 4.9057
17850 83.36 65.23 0.00 2.3518 4.0909 4.0909
17875 83.46 64.35 0.00 2.1274 3.5007 3.5007
17900 83.46 64.35 0.00 2.1274 3.5007 3.5007
17925 83.54 63.33 0.00 1.9011 3.0331 3.0331
17950 83.61 62.14 0.00 1.2846 2.1657 2.1657
17975 83.60 60.85 0.00 -1.8128 1.1095 1.1095
18000 83.60 60.85 0.00 -1.8128 1.1095 1.1095
18025 83.44 59.37 0.00 -4.8245 2.8823 2.8823
18050 83.17 58.03 0.00 -8.0733 3.3416 3.3416
18075 83.17 58.03 0.00 -8.0733 3.3416 3.3416
18100 82.84 56.84 0.00 -7.6710 5.0961 5.0961
18125 82.51 56.09 0.00 -9.0558 3.5960 3.5960
18150 82.51 56.09 0.00 -9.0558 3.5960 3.5960
18175 82.13 55.64 0.00 -10.0376 4.7880 4.7880
18200 81.72 55.34 0.00 -10.9352 5.6722 5.6722
18225 81.72 55.34 0.00 -10.9352 5.6722 5.6722
18250 81.09 54.99 0.00 -18.0473 8.3322 8.3322
18275 80.31 54.62 0.00 -20.2477 9.6270 9.6270
18300 79.47 54.19 0.00 -21.1374 7.6566 7.6566
18325 79.47 54.19 0.00 -21.1374 7.6566 7.6566
18350 78.88 53.83 0.00 -19.3869 7.3392 7.3392
18375 78.15 53.30 0.00 -17.6649 6.0929 6.0929
18400 78.15 53.30 0.00 -17.6649 6.0929 6.0929
18425 77.53 52.87 0.00 -14.1616 4.3176 4.3176
18450 77.08 52.40 0.00 -9.3299 4.5288 4.5288
18475 76.78 51.96 0.00 -6.2616 3.9164 3.9164
18500 76.78 51.96 0.00 -6.2616 3.9164 3.9164
18525 76.57 51.41 0.00 -4.7020 4.3156 4.3156
18550 76.40 50.70 0.00 -4.2244 4.6624 4.6624
18575 76.40 50.70 0.00 -4.2244 4.6624 4.6624
18600 76.25 49.89 0.00 -3.1206 4.7272 4.7272
18625 76.18 49.07 0.00 -1.1443 4.4575 4.4575
18650 76.18 48.25 0.00 0.2902 3.9103 3.9103
18675 76.18 48.25 0.00 0.2902 3.9103 3.9103
18700 76.20 47.31 0.00 0.4191 3.7209 3.7209
18725 76.18 46.38 0.00 -0.6600 3.5856 3.5856
18750 76.18 46.38 0.00 -0.6600 3.5856 3.5856
18775 76.14 45.43 0.00 -1.2739 2.2610 2.2610
18800 76.05 44.47 0.00 -2.5943 2.0111 2.0111
18825 76.05 44.47 0.00 -2.5943 2.0111 2.0111
18850 75.90 43.65 0.00 -4.4731 1.5462 1.5462
18875 75.71 42.86 0.00 -5.2668 1.5086 1.5086
18900 75.71 42.86 0.00 -5.2668 1.5086 1.5086
18925 75.49 42.19 0.00 -5.6219 0.5637 0.5637
18950 75.23 41.76 0.00 -6.9891 -0.2919 -0.2919
18975 74.93 41.44 0.00 -8.0235 0.2092 0.2092
19000 74.93 41.44 0.00 -8.0235 0.2092 0.2092
19025 74.58 41.23 0.00 -9.0170 0.9885 0.9885
19050 74.21 40.98 0.00 -9.3902 2.1318 2.1318
19075 74.21 40.98 0.00 -9.3902 2.1318 2.1318
19100 73.84 40.77 0.00 -9.0786 2.8871 2.8871
19125 73.49 40.60 0.00 -8.6145 1.2386 1.2386
19150 73.20 40.44 0.00 -6.6283 0.2313 0.2313
19175 73.20 40.44 0.00 -6.6283 0.2313 0.2313
19200 72.96 40.34 0.00 -5.7302 -0.4926 -0.4926
19225 72.77 40.32 0.00 -5.8099 -0.4824 -0.4824
19250 72.77 40.32 0.00 -5.8099 -0.4824 -0.4824
19275 72.54 40.29 0.00 -6.5552 -1.0207 -1.0207
19300 72.54 40.29 0.00 -6.5552 -1.0207 -1.0207
19325 72.24 40.20 0.00 -7.2817 -0.4431 -0.4431
19350 71.95 40.04 0.00 -7.9311 -0.0587 -0.0587
19375 71.62 39.80 0.00 -8.0448 0.4387 0.4387
19400 71.62 39.80 0.00 -8.0448 0.4387 0.4387
19425 71.29 39.53 0.00 -8.0836 1.0702 1.0702
19450 70.98 39.31 0.00 -7.4776 1.3665 1.3665
19475 70.69 39.19 0.00 -7.0385 0.2366 0.2366
19500 70.69 39.19 0.00 -7.0385 0.2366 0.2366
19525 70.42 39.17 0.00 -7.0378 -0.9592 -0.9592
19550 70.15 39.07 0.00 -6.1880 -2.7601 -2.7601
19575 70.15 39.07 0.00 -6.1880 -2.7601 -2.7601
19600 69.91 38.91 0.00 -6.3472 -2.6609 -2.6609
19625 69.60 38.71 0.00 -8.3480 -1.9831 -1.9831
19650 69.60 38.71 0.00 -8.3480 -1.9831 -1.9831
19675 69.24 38.45 0.00 -9.5121 -1.4977 -1.4977
19700 68.88 38.18 0.00 -8.0375 -1.6937 -1.6937
19725 68.61 37.96 0.00 -6.3961 -3.2511 -3.2511
19750 68.61 37.96 0.00 -6.3961 -3.2511 -3.2511
19775 68.37 37.89 0.00 -5.4181 -3.0685 -3.0685
19800 68.19 37.96 0.00 -4.2650 -1.4684 -1.4684
19825 68.19 37.96 0.00 -4.2650 -1.4684 -1.4684
19850 68.03 38.13 0.00 -3.7753 -0.1235 -0.1235
19875 67.88 38.40 0.00 -3.7869 -1.2457 -1.2457
19900 67.70 38.81 0.00 -5.2161 -2.0089 -2.0089
19925 67.70 38.81 0.00 -5.2161 -2.0089 -2.0089
19950 67.42 39.62 0.00 -8.1530 -2.9884 -2.9884
19975 67.42 39.62 0.00 -8.1530 -2.9884 -2.9884
20000 67.04 40.72 0.00 -10.5294 -3.0914 -3.0914
20025 66.70 41.72 0.00 -10.7073 -3.7059 -3.7059
20050 66.32 42.93 0.00 -8.4992 -4.3015 -4.3015
20075 66.32 42.93 0.00 -8.4992 -4.3015 -4.3015
20100 66.05 44.00 0.00 -5.9007 -4.3762 -4.3762
20125 65.87 45.01 0.00 -3.9742 -3.4443 -3.4443
20150 65.87 45.01 0.00 -3.9742 -3.4443 -3.4443
20175 65.75 46.08 0.00 -2.5066 -3.3999 -3.3999
20200 65.68 47.05 0.00 -1.0824 -4.2469 -4.2469
20225 65.66 48.00 0.00 -0.6131 -4.6888 -4.6888
20250 65.66 48.00 0.00 -0.6131 -4.6888 -4.6888
20275 65.62 48.81 0.00 -1.1588 -4.5891 -4.5891
20300 65.53 49.50 0.00 -2.7722 -3.0820 -3.0820
20325 65.53 49.50 0.00 -2.7722 -3.0820 -3.0820
20350 65.37 50.07 0.00 -4.7880 -2.7600 -2.7600
20375 65.18 50.56 0.00 -4.7283 -1.1062 -1.1062
20400 65.18 50.56 0.00 -4.7283 -1.1062 -1.1062
20425 64.95 50.94 0.00 -6.5265 -2.2625 -2.2625
20450 64.62 51.23 0.00 -9.2208 -2.9523 -2.9523
20475 64.11 51.45 0.00 -16.3193 -4.7482 -4.7482
20500 64.11 51.45 0.00 -16.3193 -4.7482 -4.7482
20525 63.25 51.61 0.00 -23.4587 -5.3769 -5.3769
20550 62.24 51.78 0.00 -26.1996 -5.5057 -5.5057
20575 62.24 51.78 0.00 -26.1996 -5.5057 -5.5057
20600 61.13 51.96 0.00 -29.1830 -7.6017 -7.6017
20625 59.86 52.23 0.00 -33.5496 -6.5136 -6.5136
20650 59.86 52.23 0.00 -33.5496 -6.5136 -6.5136
20675 58.20 52.74 0.00 -46.2455 -7.2864 -7.2864
20700 56.10 53.43 0.00 -55.7860 -4.6429 -4.6429
20725 53.75 54.36 0.00 -59.2796 -2.8922 -2.8922
20750 53.75 54.36 0.00 -59.2796 -2.8922 -2.8922
20775 52.02 55.15 0.00 -56.4091 -1.8760 -1.8760
20800 49.97 56.09 0.00 -47.8339 -3.0220 -3.0220
20825 49.97 56.09 0.00 -47.8339 -3.0220 -3.0220
20850 48.34 57.28 0.00 -36.6700 -3.0121 -3.0121
20875 47.03 59.04 0.00 -30.3822 -3.7448 -3.7448
20900 45.95 61.21 0.00 -24.8899 -4.8253 -4.8253
20925 45.95 61.21 0.00 -24.8899 -4.8253 -4.8253
20950 45.04 63.23 0.00 -20.9671 -7.1433 -7.1433
20975 44.27 65.27 0.00 -18.2261 -8.2394 -8.2394
21000 44.27 65.27 0.00 -18.2261 -8.2394 -8.2394
21025 43.48 67.24 0.00 -21.4056 -8.7755 -8.7755
21050 42.53 68.87 0.00 -25.2857 -6.6601 -6.6601
21075 42.53 68.87 0.00 -25.2857 -6.6601 -6.6601
21100 41.46 70.42 0.00 -27.2943 -4.6967 -4.6967
21125 40.35 72.02 0.00 -27.6780 -4.9279 -4.9279
21150 39.26 73.45 0.00 -27.1699 -6.4754 -6.4754
21175 39.26 73.45 0.00 -27.1699 -6.4754 -6.4754
21200 38.18 74.74 0.00 -27.0611 -7.8862 -7.8862
21225 37.08 75.81 0.00 -28.3117 -8.7327 -8.7327
21250 37.08 75.81 0.00 -28.3117 -8.7327 -8.7327
21275 35.87 76.68 0.00 -31.4747 -10.1954 -10.1954
21300 34.47 77.42 0.00 -38.1136 -11.3087 -11.3087
21325 34.47 77.42 0.00 -38.1136 -11.3087 -11.3087
21350 32.82 78.09 0.00 -43.8627 -9.5821 -9.5821
21375 30.87 78.64 0.00 -51.0698 -9.3645 -9.3645
21400 30.87 78.64 0.00 -51.0698 -9.3645 -9.3645
21425 28.74 79.12 0.00 -54.1381 -10.3459 -10.3459
21450 26.60 79.50 0.00 -52.7537 -12.9823 -12.9823
21475 24.57 79.92 0.00 -49.2221 -12.6538 -12.6538
21500 24.57 79.92 0.00 -49.2221 -12.6538 -12.6538
21525 22.77 80.24 0.00 -41.9310 -11.9600 -11.9600
21550 22.77 80.24 0.00 -41.9310 -11.9600 -11.9600
21575 21.34 80.46 0.00 -31.8244 -12.9724 -12.9724
21600 20.55 80.64 0.00 -24.0127 -14.0344 -14.0344
21625 19.83 80.76 0.00 -14.2430 -13.6926 -13.6926
21650 19.83 80.76 0.00 -14.2430 -13.6926 -13.6926
21675 19.45 80.79 0.00 -8.3853 -11.6227 -11.6227
21700 19.14 80.79 0.00 -6.5547 -9.4296 -9.4296
21725 18.95 80.85 0.00 -3.8731 -10.1505 -10.1505
21750 18.95 80.85 0.00 -3.8731 -10.1505 -10.1505
21775 18.83 80.93 0.00 -2.1511 -10.7071 -10.7071
21800 18.85 81.15 0.00 2.4955 -9.2738 -9.2738
21825 18.85 81.15 0.00 2.4955 -9.2738 -9.2738
21850 19.03 81.49 0.00 4.3933 -7.6153 -7.6153
21875 19.20 81.91 0.00 4.4767 -5.1067 -5.1067
21900 19.20 81.91 0.00 4.4767 -5.1067 -5.1067
21925 19.33 82.48 0.00 2.5914 -3.8955 -3.8955
21950 19.37 83.20 0.00 0.1793 -3.7432 -3.7432
21975 19.35 83.88 0.00 -0.4143 -3.5036 -3.5036
22000 19.35 83.88 0.00 -0.4143 -3.5036 -3.5036
22025 19.39 84.50 0.00 1.2179 -2.3989 -2.3989
22050 19.45 85.24 0.00 1.2604 2.1261 2.1261
22075 19.41 86.16 0.00 -2.6111 4.2196 4.2196
22100 19.41 86.16 0.00 -2.6111 4.2196 4.2196
22125 19.22 86.98 0.00 -5.7629 4.2424 4.2424
22150 19.22 86.98 0.00 -5.7629 4.2424 4.2424
22175 18.91 87.63 0.00 -8.9689 4.0389 4.0389
22200 18.53 87.98 0.00 -9.4044 1.8640 1.8640
22225 18.14 88.12 0.00 -10.2924 0.0947 0.0947
22250 18.14 88.12 0.00 -10.2924 0.0947 0.0947
22275 17.70 88.12 0.00 -10.8428 1.2860 1.2860
22300 17.35 88.00 0.00 -7.1802 0.7801 0.7801
22325 17.35 88.00 0.00 -7.1802 0.7801 0.7801
22350 17.24 87.80 0.00 -0.9721 -1.7991 -1.7991
22375 17.24 87.64 0.00 0.7878 -2.8480 -2.8480
22400 17.30 87.22 0.00 1.4308 -2.8895 -2.8895
22425 17.30 87.22 0.00 1.4308 -2.8895 -2.8895
22450 17.35 86.68 0.00 1.4155 -3.8728 -3.8728
22475 17.43 85.99 0.00 2.3154 -3.2174 -3.2174
22500 17.43 85.99 0.00 2.3154 -3.2174 -3.2174
22525 17.57 85.32 0.00 3.9684 -4.3526 -4.3526
22550 17.78 84.75 0.00 6.4032 -5.4417 -5.4417
22575 18.12 84.41 0.00 9.7758 -5.6775 -5.6775
22600 18.12 84.41 0.00 9.7758 -5.6775 -5.6775
22625 18.55 84.21 0.00 10.8209 -5.9751 -5.9751
22650 18.97 84.09 0.00 9.8662 -3.5808 -3.5808
22675 18.97 84.09 0.00 9.8662 -3.5808 -3.5808
22700 19.27 83.90 0.00 5.9326 -2.5601 -2.5601
22725 19.41 83.60 0.00 2.1818 0.5910 0.5910
22750 19.41 83.60 0.00 2.1818 0.5910 0.5910
22775 19.45 83.25 0.00 0.2431 0.0630 0.0630
22800 19.47 82.88 0.00 0.8352 -0.2396 -0.2396
22825 19.47 82.88 0.00 0.8352 -0.2396 -0.2396
22850 19.52 82.51 0.00 2.1281 -0.2347 -0.2347
22875 19.62 82.27 0.00 2.5007 -0.2097 -0.2097
22900 19.62 82.27 0.00 2.5007 -0.2097 -0.2097
22925 19.69 82.12 0.00 1.5279 -0.0741 -0.0741
22950 19.71 81.99 0.00 -0.4181 0.7601 0.7601
22975 19.64 81.85 0.00 -2.6163 0.8992 0.8992
23000 19.64 81.85 0.00 -2.6163 0.8992 0.8992
23025 19.52 81.67 0.00 -3.0718 -0.2845 -0.2845
23050 19.39 81.41 0.00 -3.1153 -1.5259 -1.5259
23075 19.39 81.41 0.00 -3.1153 -1.5259 -1.5259
23100 19.26 81.20 0.00 -3.5127 -1.5199 -1.5199
23125 19.16 81.07 0.00 -2.7865 -1.9812 -1.9812
23150 19.08 80.92 0.00 -2.2550 -1.8811 -1.8811
23175 19.08 80.92 0.00 -2.2550 -1.8811 -1.8811
23200 18.93 80.82 0.00 -4.3524 -0.9519 -0.9519
23225 18.76 80.75 0.00 -4.4584 1.5295 1.5295
23250 18.76 80.75 0.00 -4.4584 1.5295 1.5295
23275 18.60 80.69 0.00 -3.0239 0.8276 0.8276
23300 18.53 80.68 0.00 -0.9560 0.1257 0.1257
23325 18.53 80.68 0.00 -0.9560 0.1257 0.1257
23350 18.47 80.62 0.00 -2.3867 0.6123 0.6123
23375 18.35 80.55 0.00 -3.3515 0.0982 0.0982
23400 18.35 80.55 0.00 -3.3515 0.0982 0.0982
23425 18.20 80.43 0.00 -3.7541 0.2650 0.2650
23450 18.07 80.34 0.00 -3.5872 -0.4641 -0.4641
23475 17.93 80.23 0.00 -2.9529 -0.0038 -0.0038
23500 17.93 80.23 0.00 -2.9529 -0.0038 -0.0038
23525 17.84 80.25 0.00 -1.6216 -0.1075 -0.1075
23550 17.82 80.29 0.00 0.0004 0.6978 0.6978
23575 17.87 80.27 0.00 2.1600 1.4776 1.4776
23600 17.87 80.27 0.00 2.1600 1.4776 1.4776
23625 18.03 80.17 0.00 5.2868 1.6064 1.6064
23650 18.30 80.02 0.00 7.7708 0.9523 0.9523
23675 18.30 80.02 0.00 7.7708 0.9523 0.9523
23700 18.66 79.79 0.00 9.8656 0.5126 0.5126
23725 19.10 79.51 0.00 11.3124 0.6392 0.6392
23750 19.10 79.51 0.00 11.3124 0.6392 0.6392
23775 19.58 79.18 0.00 12.4908 0.9199 0.9199
23800 20.11 78.80 0.00 14.0569 1.0411 1.0411
23825 20.68 78.45 0.00 13.9738 0.9424 0.9424
23850 20.68 78.45 0.00 13.9738 0.9424 0.9424
23875 21.23 78.15 0.00 13.7336 -0.4414 -0.4414
23900 21.63 77.93 0.00 12.6358 -0.6061 -0.6061
23925 21.63 77.93 0.00 12.6358 -0.6061 -0.6061
23950 22.06 77.60 0.00 9.3175 -0.8317 -0.8317
23975 22.38 77.27 0.00 8.3154 0.0539 0.0539
24000 22.38 77.27 0.00 8.3154 0.0539 0.0539
24025 22.74 77.00 0.00 8.7156 -0.5904 -0.5904
24050 23.11 76.76 0.00 9.3783 -1.3968 -1.3968
24075 23.11 76.76 0.00 9.3783 -1.3968 -1.3968
24100 23.47 76.54 0.00 8.5069 -0.4611 -0.4611
24125 23.75 76.36 0.00 6.4582 1.3631 1.3631
24150 23.99 76.21 0.00 6.0820 2.4029 2.4029
24175 23.99 76.21 0.00 6.0820 2.4029 2.4029
24200 24.27 76.07 0.00 7.4013 1.5630 1.5630
24225 24.64 75.92 0.00 10.6327 1.2984 1.2984
24250 24.64 75.92 0.00 10.6327 1.2984 1.2984
24275 25.16 75.77 0.00 14.9296 0.0055 0.0055
24300 25.92 75.57 0.00 22.0585 0.2163 0.2163
24325 25.92 75.57 0.00 22.0585 0.2163 0.2163
24350 27.02 75.32 0.00 31.8413 1.1777 1.1777
24375 28.56 74.99 0.00 42.2027 1.9155 1.9155
24400 30.42 74.60 0.00 49.5824 1.4403 1.4403
24425 30.42 74.60 0.00 49.5824 1.4403 1.4403
24450 32.49 74.16 0.00 51.8487 2.3865 2.3865
24475 34.52 73.77 0.00 49.5963 3.7027 3.7027
24500 34.52 73.77 0.00 49.5963 3.7027 3.7027
24525 36.36 73.29 0.00 43.5594 6.3811 6.3811
24550 37.95 72.75 0.00 38.2279 6.3392 6.3392
24575 37.95 72.75 0.00 38.2279 6.3392 6.3392
24600 39.37 72.19 0.00 33.6271 5.2564 5.2564
24625 40.67 71.30 0.00 33.4770 2.9282 2.9282
24650 41.73 70.53 0.00 35.8311 1.3432 1.3432
24675 41.73 70.53 0.00 35.8311 1.3432 1.3432
24700 43.15 69.62 0.00 34.9276 1.1351 1.1351
24725 44.44 68.98 0.00 30.6789 3.8831 3.8831
24750 45.51 68.51 0.00 24.3065 5.6668 5.6668
24775 45.51 68.51 0.00 24.3065 5.6668 5.6668
24800 46.33 68.11 0.00 18.0993 6.6327 6.6327
24825 46.96 67.76 0.00 14.8654 6.0023 6.0023
24850 46.96 67.76 0.00 14.8654 6.0023 6.0023
24875 47.57 67.41 0.00 15.8512 4.7373 4.7373
24900 48.24 67.13 0.00 16.9915 3.4235 3.4235
24925 48.24 67.13 0.00 16.9915 3.4235 3.4235
24950 48.92 66.79 0.00 17.7674 2.8186 2.8186
24975 49.69 66.36 0.00 19.9453 2.9159 2.9159
25000 49.69 66.36 0.00 19.9453 2.9159 2.9159
25025 50.56 65.86 0.00 22.8933 2.4696 2.4696
25050 51.59 65.30 0.00 28.3644 3.2367 3.2367
25075 52.92 64.79 0.00 36.3103 5.5905 5.5905
25100 52.92 64.79 0.00 36.3103 5.5905 5.5905
25125 54.70 64.45 0.00 50.8687 11.7007 11.7007
25150 56.99 64.20 0.00 60.5741 12.0157 12.0157
25175 56.99 64.20 0.00 60.5741 12.0157 12.0157
25200 59.49 64.06 0.00 62.2250 7.9714 7.9714
25225 61.87 63.94 0.00 57.4966 5.9405 5.9405
25250 61.87 63.94 0.00 57.4966 5.9405 5.9405
25275 63.89 63.92 0.00 46.0240 4.8974 4.8974
25300 65.34 63.91 0.00 29.5499 3.8152 3.8152
25325 65.34 63.91 0.00 29.5499 3.8152 3.8152
25350 66.07 64.01 0.00 12.0514 3.3872 3.3872
25375 66.23 64.12 0.00 -0.3165 5.8732 5.8732
25400 66.00 64.23 0.00 -8.6631 6.1296 6.1296
25425 66.00 64.23 0.00 -8.6631 6.1296 6.1296
25450 65.57 64.16 0.00 -11.1095 4.5247 4.5247
25475 65.27 64.09 0.00 -9.9900 3.4102 3.4102
25500 64.93 63.96 0.00 -7.3408 1.7547 1.7547
25525 64.93 63.96 0.00 -7.3408 1.7547 1.7547
25550 64.71 63.80 0.00 -4.1374 0.1025 0.1025
25575 64.71 63.80 0.00 -4.1374 0.1025 0.1025
25600 64.59 63.57 0.00 -2.1775 -1.1103 -1.1103
25625 64.55 63.28 0.00 -0.7425 -1.6037 -1.6037
25650 64.53 62.86 0.00 -0.0226 0.0279 0.0279
25675 64.53 62.86 0.00 -0.0226 0.0279 0.0279
25700 64.53 62.41 0.00 -0.1044 0.7412 0.7412
25725 64.55 61.86 0.00 1.1269 1.8394 1.8394
25750 64.62 61.24 0.00 2.1989 0.8593 0.8593
25775 64.62 61.24 0.00 2.1989 0.8593 0.8593
25800 64.73 60.60 0.00 2.4191 0.1045 0.1045
25825 64.82 59.93 0.00 2.5378 -0.3379 -0.3379
25850 64.82 59.93 0.00 2.5378 -0.3379 -0.3379
25875 64.93 59.21 0.00 2.3320 0.1379 0.1379
25900 65.02 58.57 0.00 2.3685 0.8069 0.8069
25925 65.02 58.57 0.00 2.3685 0.8069 0.8069
25950 65.12 58.06 0.00 2.6443 1.7413 1.7413
25975 65.19 57.72 0.00 1.7890 1.9151 1.9151
26000 65.27 57.50 0.00 1.1338 2.2879 2.2879
26025 65.27 57.50 0.00 1.1338 2.2879 2.2879
26050 65.32 57.33 0.00 1.6827 2.4049 2.4049
26075 65.41 57.21 0.00 2.4600 1.7242 1.7242
26100 65.41 57.21 0.00 2.4600 1.7242 1.7242
26125 65.50 57.19 0.00 2.3374 1.0493 1.0493
26150 65.59 57.26 0.00 1.9824 0.9313 0.9313
26175 65.59 57.26 0.00 1.9824 0.9313 0.9313
26200 65.68 57.38 0.00 2.7791 0.5079 0.5079
26225 65.78 57.50 0.00 3.8021 1.1287 1.1287
26250 65.78 57.50 0.00 3.8021 1.1287 1.1287
26275 65.95 57.63 0.00 4.3966 0.6402 0.6402
26300 66.18 57.82 0.00 6.3452 2.0943 2.0943
26325 66.45 58.01 0.00 6.7620 1.6728 1.6728
26350 66.45 58.01 0.00 6.7620 1.6728 1.6728
26375 66.72 58.15 0.00 6.4464 1.9772 1.9772
26400 66.91 58.31 0.00 4.5675 2.7948 2.7948
26425 66.91 58.31 0.00 4.5675 2.7948 2.7948
26450 67.06 58.43 0.00 2.5216 2.2869 2.2869
26475 67.11 58.61 0.00 0.8215 1.9989 1.9989
26500 67.11 58.61 0.00 0.8215 1.9989 1.9989
26525 67.09 58.79 0.00 -1.1290 1.2729 1.2729
26550 67.02 58.91 0.00 -1.9306 0.9684 0.9684
26575 66.95 58.91 0.00 -1.6396 -0.1208 -0.1208
26600 66.95 58.91 0.00 -1.6396 -0.1208 -0.1208
26625 66.91 58.78 0.00 -0.4537 -0.0523 -0.0523
26650 66.88 58.73 0.00 -1.0111 -1.0545 -1.0545
26675 66.88 58.73 0.00 -1.0111 -1.0545 -1.0545
26700 66.81 58.66 0.00 -2.1345 -1.5573 -1.5573
26725 66.75 58.60 0.00 -1.1412 -0.6087 -0.6087
26750 66.72 58.55 0.00 -1.3861 -1.0756 -1.0756
26775 66.72 58.55 0.00 -1.3861 -1.0756 -1.0756
26800 66.64 58.41 0.00 -0.7541 -1.6741 -1.6741
26825 66.70 58.13 0.00 2.5956 -0.6303 -0.6303
26850 66.70 58.13 0.00 2.5956 -0.6303 -0.6303
26875 66.88 57.73 0.00 5.8273 -0.1671 -0.1671
26900 67.22 57.34 0.00 9.6127 0.0421 0.0421
26925 67.22 57.34 0.00 9.6127 0.0421 0.0421
26950 67.72 56.80 0.00 14.4494 1.1831 1.1831
26975 68.39 56.06 0.00 18.1473 -1.6699 -1.6699
27000 68.39 56.06 0.00 18.1473 -1.6699 -1.6699
27025 68.97 55.53 0.00 19.5792 -3.1260 -3.1260
27050 69.78 54.93 0.00 20.1456 -1.4566 -1.4566
27075 70.42 54.54 0.00 12.7474 0.3564 0.3564
27100 70.42 54.54 0.00 12.7474 0.3564 0.3564
27125 70.67 54.55 0.00 2.3231 0.4121 0.4121
27150 70.56 54.72 0.00 -4.7858 -0.0923 -0.0923
27175 70.29 54.86 0.00 -8.1190 -0.9873 -0.9873
27200 70.29 54.86 0.00 -8.1190 -0.9873 -0.9873
27225 69.96 54.83 0.00 -7.1706 -2.0600 -2.0600
27250 69.96 54.83 0.00 -7.1706 -2.0600 -2.0600
27275 69.76 54.66 0.00 -3.7699 -1.0941 -1.0941
27300 69.66 54.42 0.00 -2.4137 -0.4949 -0.4949
27325 69.56 54.24 0.00 -2.5162 1.0110 1.0110
27350 69.56 54.24 0.00 -2.5162 1.0110 1.0110
27375 69.46 54.04 0.00 -2.8836 1.2489 1.2489
27400 69.35 53.86 0.00 -2.0707 1.6226 1.6226
27425 69.35 53.86 0.00 -2.0707 1.6226 1.6226
27450 69.28 53.75 0.00 -2.0323 1.4463 1.4463
27475 69.18 53.74 0.00 -2.2221 1.3209 1.3209
27500 69.18 53.74 0.00 -2.2221 1.3209 1.3209
27525 69.11 53.61 0.00 -1.1956 2.7946 2.7946
27550 69.13 53.33 0.00 1.4166 2.6988 2.6988
27575 69.13 53.33 0.00 1.4166 2.6988 2.6988
27600 69.20 53.03 0.00 1.6072 2.6665 2.6665
27625 69.24 52.73 0.00 0.6355 1.7660 1.7660
27650 69.31 52.38 0.00 2.8863 0.6611 0.6611
27675 69.31 52.38 0.00 2.8863 0.6611 0.6611
27700 69.47 51.94 0.00 3.9176 1.2162 1.2162
27725 69.60 51.55 0.00 2.8944 3.1498 3.1498
27750 69.60 51.55 0.00 2.8944 3.1498 3.1498
27775 69.66 50.93 0.00 0.0401 4.6141 4.6141
27800 69.67 50.19 0.00 0.9980 4.0695 4.0695
27825 69.73 49.03 0.00 2.0599 0.7317 0.7317
27850 69.73 49.03 0.00 2.0599 0.7317 0.7317
27875 69.82 47.68 0.00 1.9015 3.2895 3.2895
27900 69.80 46.65 0.00 -1.9409 4.1609 4.1609
27925 69.80 46.65 0.00 -1.9409 4.1609 4.1609
27950 69.60 45.93 0.00 -7.0297 2.9564 2.9564
27975 69.20 45.30 0.00 -11.5762 4.9303 4.9303
28000 69.20 45.30 0.00 -11.5762 4.9303 4.9303
28025 68.64 44.56 0.00 -15.3232 6.9455 6.9455
28050 67.99 44.08 0.00 -16.2471 2.3920 2.3920
28075 67.45 43.35 0.00 -11.4487 3.1710 3.1710
28100 67.45 43.35 0.00 -11.4487 3.1710 3.1710
28125 67.11 42.42 0.00 -7.0158 2.0237 2.0237
28150 66.88 41.77 0.00 -4.9401 -0.8294 -0.8294
28175 66.88 41.77 0.00 -4.9401 -0.8294 -0.8294
28200 66.72 41.15 0.00 -3.8941 0.0477 0.0477
28225 66.50 40.81 0.00 -6.4028 -2.3255 -2.3255
28250 66.12 40.93 0.00 -10.7092 -5.2099 -5.2099
28275 66.12 40.93 0.00 -10.7092 -5.2099 -5.2099
28300 65.70 41.05 0.00 -10.7750 -6.7046 -6.7046
28325 65.30 41.27 0.00 -8.7316 -6.9965 -6.9965
28350 65.30 41.27 0.00 -8.7316 -6.9965 -6.9965
28375 64.91 41.64 0.00 -11.6648 -7.4921 -7.4921
28400 64.39 42.24 0.00 -13.2024 -5.9301 -5.9301
28425 64.39 42.24 0.00 -13.2024 -5.9301 -5.9301
28450 63.89 42.96 0.00 -11.0589 -4.5818 -4.5818
28475 63.56 43.42 0.00 -7.8385 -0.6807 -0.6807
28500 63.56 43.42 0.00 -7.8385 -0.6807 -0.6807
28525 63.22 43.89 0.00 -8.6128 -3.5352 -3.5352
28550 62.88 44.25 0.00 -7.9501 -2.1724 -2.1724
28575 62.88 44.25 0.00 -7.9501 -2.1724 -2.1724
28600 62.65 44.28 0.00 -7.1292 0.6491 0.6491
28625 62.37 44.14 0.00 -7.3401 1.6581 1.6581
28650 62.08 43.78 0.00 -6.8945 5.0558 5.0558
28675 62.08 43.78 0.00 -6.8945 5.0558 5.0558
28700 61.84 43.14 0.00 -5.7479 9.3672 9.3672
28725 61.66 42.16 0.00 -3.5220 7.9536 7.9536
28750 61.66 42.16 0.00 -3.5220 7.9536 7.9536
28775 61.55 41.33 0.00 -2.3003 6.4272 6.4272
28800 61.39 40.75 0.00 -4.8257 2.0536 2.0536
28825 61.11 40.26 0.00 -8.3720 -2.5215 -2.5215
28850 61.11 40.26 0.00 -8.3720 -2.5215 -2.5215
28875 60.70 39.82 0.00 -11.3977 -5.5388 -5.5388
28900 60.18 39.49 0.00 -14.4980 -5.8892 -5.8892
28925 59.58 39.19 0.00 -14.6592 -5.3846 -5.3846
28950 59.58 39.19 0.00 -14.6592 -5.3846 -5.3846
28975 59.05 38.74 0.00 -12.0382 -1.4060 -1.4060
29000 58.63 38.22 0.00 -9.6407 -2.4308 -2.4308
29025 58.63 38.22 0.00 -9.6407 -2.4308 -2.4308
29050 58.27 37.61 0.00 -9.2229 4.4206 4.4206
29075 58.27 37.61 0.00 -9.2229 4.4206 4.4206
29100 57.85 36.99 0.00 -11.0333 3.5588 3.5588
29125 57.36 36.31 0.00 -13.0689 3.8295 3.8295
29150 56.92 35.80 0.00 -8.8084 1.1562 1.1562
29175 56.92 35.80 0.00 -8.8084 1.1562 1.1562
29200 56.66 35.38 0.00 -6.3603 1.9137 1.9137
29225 56.38 35.17 0.00 -7.5840 0.0650 0.0650
29250 56.38 35.17 0.00 -7.5840 0.0650 0.0650
29275 56.08 34.89 0.00 -6.7666 -1.7575 -1.7575
29300 55.87 34.33 0.00 -4.3025 0.0381 0.0381
29325 55.77 33.83 0.00 -3.3856 -2.2890 -2.2890
29350 55.77 33.83 0.00 -3.3856 -2.2890 -2.2890
29375 55.63 33.26 0.00 -3.9856 -0.2898 -0.2898
29400 55.42 32.80 0.00 -5.7709 -2.1227 -2.1227
29425 55.42 32.80 0.00 -5.7709 -2.1227 -2.1227
29450 55.17 32.43 0.00 -6.1540 -3.3667 -3.3667
29475 54.94 32.19 0.00 -5.2231 -3.0646 -3.0646
29500 54.94 32.19 0.00 -5.2231 -3.0646 -3.0646
29525 54.77 31.91 0.00 -3.3856 -0.4264 -0.4264
29550 54.65 31.70 0.00 -3.3469 -1.2384 -1.2384
29575 54.65 31.70 0.00 -3.3469 -1.2384 -1.2384
29600 54.49 31.40 0.00 -4.5827 -2.8536 -2.8536
29625 54.24 31.05 0.00 -6.9640 -2.3074 -2.3074
29650 53.91 30.52 0.00 -9.5637 -2.9911 -2.9911
29675 53.91 30.52 0.00 -9.5637 -2.9911 -2.9911
29700 53.49 30.11 0.00 -10.5188 -4.3300 -4.3300
29725 53.06 29.88 0.00 -11.0694 -5.1439 -5.1439
29750 53.06 29.88 0.00 -11.0694 -5.1439 -5.1439
29775 52.64 29.72 0.00 -9.8667 -5.2150 -5.2150
29800 52.25 29.77 0.00 -10.0138 -6.2506 -6.2506
29825 52.25 29.77 0.00 -10.0138 -6.2506 -6.2506
29850 51.85 29.90 0.00 -9.7891 -4.5217 -4.5217
29875 51.43 30.00 0.00 -11.3761 -3.8974 -3.8974
29900 50.93 30.13 0.00 -13.6357 -2.3363 -2.3363
29925 50.93 30.13 0.00 -13.6357 -2.3363 -2.3363
29950 50.31 30.07 0.00 -16.1415 -2.9819 -2.9819
29975 49.67 29.99 0.00 -16.0937 -1.4678 -1.4678
30000 49.67 29.99 0.00 -16.0937 -1.4678 -1.4678
30025 49.06 29.88 0.00 -13.8785 -0.4537 -0.4537
30050 48.62 29.77 0.00 -9.8864 0.8784 0.8784
30075 48.62 29.77 0.00 -9.8864 0.8784 0.8784
30100 48.27 29.77 0.00 -7.6992 -1.8586 -1.8586
30125 48.08 29.79 0.00 -5.4064 -2.0330 -2.0330
30150 47.91 29.87 0.00 -4.2959 -3.1222 -3.1222
30175 47.91 29.87 0.00 -4.2959 -3.1222 -3.1222
30200 47.75 29.96 0.00 -3.3073 -2.4624 -2.4624
30225 47.66 30.04 0.00 -1.6628 -1.0928 -1.0928
30250 47.66 30.04 0.00 -1.6628 -1.0928 -1.0928
30275 47.68 30.02 0.00 1.7473 0.8184 0.8184
30300 47.84 29.85 0.00 5.1808 0.6732 0.6732
30325 47.84 29.85 0.00 5.1808 0.6732 0.6732
30350 48.06 29.69 0.00 5.6924 0.3045 0.3045
30375 48.29 29.56 0.00 5.7670 0.7050 0.7050
30400 48.52 29.61 0.00 5.5634 1.6897 1.6897
30425 48.52 29.61 0.00 5.5634 1.6897 1.6897
30450 48.73 29.82 0.00 4.7645 1.5194 1.5194
30475 48.88 30.15 0.00 3.1930 0.6432 0.6432
30500 48.88 30.15 0.00 3.1930 0.6432 0.6432
30525 48.97 30.65 0.00 1.9394 0.9656 0.9656
30550 49.04 31.25 0.00 1.5802 1.7840 1.7840
30575 49.04 31.25 0.00 1.5802 1.7840 1.7840
30600 49.16 31.91 0.00 3.6471 2.9490 2.9490
30625 49.30 32.55 0.00 3.3320 0.7793 0.7793
30650 49.41 33.16 0.00 2.2868 -0.4680 -0.4680
30675 49.41 33.16 0.00 2.2868 -0.4680 -0.4680
30700 49.46 33.65 0.00 1.3785 -0.0055 -0.0055
30725 49.46 34.18 0.00 -0.1852 0.2958 0.2958
30750 49.46 34.18 0.00 -0.1852 0.2958 0.2958
30775 49.46 34.72 0.00 -0.5786 1.2034 1.2034
30800 49.39 35.43 0.00 -2.0714 0.9692 0.9692
30825 49.39 35.43 0.00 -2.0714 0.9692 0.9692
30850 49.30 35.95 0.00 -2.1842 0.1850 0.1850
30875 49.21 36.35 0.00 -2.2062 -0.2707 -0.2707
30900 49.21 36.35 0.00 -2.2062 -0.2707 -0.2707
30925 49.13 36.65 0.00 -1.9753 0.1379 0.1379
30950 49.01 36.92 0.00 -3.3292 -0.6054 -0.6054
30975 48.85 37.20 0.00 -4.7554 -2.0205 -2.0205
31000 48.85 37.20 0.00 -4.7554 -2.0205 -2.0205
31025 48.62 37.50 0.00 -6.3649 -2.0272 -2.0272
31050 48.34 37.81 0.00 -7.2261 -1.6115 -1.6115
31075 48.34 37.81 0.00 -7.2261 -1.6115 -1.6115
31100 48.04 38.17 0.00 -7.6436 -1.0759 -1.0759
31125 47.73 38.62 0.00 -8.0817 -0.5850 -0.5850
31150 47.73 38.62 0.00 -8.0817 -0.5850 -0.5850
31175 47.36 39.03 0.00 -10.5893 -1.4544 -1.4544
31200 46.86 39.39 0.00 -13.4151 -1.3259 -1.3259
31225 46.33 39.76 0.00 -12.4990 -0.1695 -0.1695
31250 46.33 39.76 0.00 -12.4990 -0.1695 -0.1695
31275 45.86 40.10 0.00 -11.4338 -0.9847 -0.9847
31300 45.48 40.43 0.00 -8.3508 -2.2274 -2.2274
31325 45.23 40.77 0.00 -4.3488 -2.6271 -2.6271
31350 45.23 40.77 0.00 -4.3488 -2.6271 -2.6271
31375 45.13 41.10 0.00 -1.4038 -1.8358 -1.8358
31400 45.14 41.49 0.00 1.0488 -0.8414 -0.8414
31425 45.14 41.49 0.00 1.0488 -0.8414 -0.8414
31450 45.23 41.92 0.00 2.6521 -0.1678 -0.1678
31475 45.39 42.53 0.00 4.9923 0.4685 0.4685
31500 45.39 42.53 0.00 4.9923 0.4685 0.4685
31525 45.63 43.44 0.00 6.7094 0.4000 0.4000
31550 45.97 44.45 0.00 8.9658 0.5275 0.5275
31575 46.37 45.48 0.00 10.6361 0.5032 0.5032
31600 46.37 45.48 0.00 10.6361 0.5032 0.5032
31625 46.37 45.48 0.00 10.6361 0.5032 0.5032
31650 47.14 47.39 0.00 10.6783 1.4012 1.4012
31675 47.14 47.39 0.00 10.6783 1.4012 1.4012
31700 47.54 48.57 0.00 9.2253 0.5932 0.5932
31725 47.87 49.66 0.00 7.7563 1.6459 1.6459
31750 47.87 49.66 0.00 7.7563 1.6459 1.6459
31775 48.13 50.60 0.00 5.7590 1.7502 1.7502
31800 48.31 51.60 0.00 3.9168 1.4854 1.4854
31825 48.31 51.60 0.00 3.9168 1.4854 1.4854
31850 48.45 52.57 0.00 2.5497 2.2459 2.2459
31875 48.52 53.21 0.00 1.8290 2.7935 2.7935
31900 48.59 53.70 0.00 1.8941 2.6934 2.6934
31925 48.59 53.70 0.00 1.8941 2.6934 2.6934
