%#        Time[ms]        X[pixel],        Y[pixel],        Z[pixel],  dX/dt[pixel/s],  dY/dt[pixel/s],  dZ/dt[pixel/s] 
0 50.00 50.00 0.00 2.7759 0.3228 0.3228
25 50.07 50.02 0.00 1.4687 0.1653 0.1653
50 50.09 49.98 0.00 0.0347 0.5579 0.5579
75 50.07 49.87 0.00 -0.6233 -0.8887 -0.8887
100 50.05 49.79 0.00 -0.7376 -1.7827 -1.7827
125 50.05 49.79 0.00 -0.7376 -1.7827 -1.7827
150 50.02 49.73 0.00 -0.8592 -2.1325 -2.1325
175 49.98 49.68 0.00 -1.2270 -1.3607 -1.3607
200 49.98 49.68 0.00 -1.2270 -1.3607 -1.3607
225 49.93 49.60 0.00 -0.4705 -0.0513 -0.0513
250 49.97 49.58 0.00 1.3998 0.9074 0.9074
275 49.97 49.58 0.00 1.3998 0.9074 0.9074
300 50.02 49.64 0.00 1.2261 0.3550 0.3550
325 50.07 49.73 0.00 1.0282 0.8423 0.8423
350 50.10 49.81 0.00 1.0783 0.7408 0.7408
375 50.10 49.81 0.00 1.0783 0.7408 0.7408
400 50.16 49.81 0.00 1.0879 0.0247 0.0247
425 50.19 49.75 0.00 0.5079 -0.5278 -0.5278
450 50.19 49.75 0.00 0.5079 -0.5278 -0.5278
475 50.19 49.58 0.00 -0.2555 -0.1680 -0.1680
500 50.17 49.34 0.00 -0.1309 -1.4835 -1.4835
525 50.17 49.34 0.00 -0.1309 -1.4835 -1.4835
550 50.17 49.05 0.00 -0.3955 -1.9091 -1.9091
575 50.12 48.77 0.00 -1.9785 -1.2504 -1.2504
600 50.00 48.57 0.00 -3.1610 -1.2851 -1.2851
625 50.00 48.57 0.00 -3.1610 -1.2851 -1.2851
650 49.86 48.48 0.00 -4.1478 -1.9420 -1.9420
675 49.65 48.38 0.00 -5.8122 -2.7166 -2.7166
700 49.65 48.38 0.00 -5.8122 -2.7166 -2.7166
725 49.41 48.25 0.00 -6.7330 -2.9883 -2.9883
750 49.09 48.04 0.00 -8.4238 -3.1507 -3.1507
775 48.73 47.77 0.00 -9.4933 -2.9539 -2.9539
800 48.73 47.77 0.00 -9.4933 -2.9539 -2.9539
825 48.32 47.50 0.00 -10.4566 -4.2795 -4.2795
850 47.89 47.27 0.00 -11.4738 -2.6203 -2.6203
875 47.89 47.27 0.00 -11.4738 -2.6203 -2.6203
900 47.50 47.13 0.00 -13.7862 -3.0729 -3.0729
925 47.50 47.13 0.00 -13.7862 -3.0729 -3.0729
950 46.89 47.05 0.00 -15.5991 -2.3851 -2.3851
975 46.19 46.94 0.00 -19.0753 -1.2626 -1.2626
1000 45.39 46.85 0.00 -20.3078 0.0480 0.0480
1025 45.39 46.85 0.00 -20.3078 0.0480 0.0480
1050 44.58 46.72 0.00 -19.9199 0.8792 0.8792
1075 43.81 46.54 0.00 -18.7167 -1.1266 -1.1266
1100 43.15 46.33 0.00 -15.3083 -2.3731 -2.3731
1125 43.15 46.33 0.00 -15.3083 -2.3731 -2.3731
1150 42.59 46.12 0.00 -12.9580 -3.9283 -3.9283
1175 42.11 45.94 0.00 -11.2886 -4.4996 -4.4996
1200 42.11 45.94 0.00 -11.2886 -4.4996 -4.4996
1225 41.73 45.77 0.00 -9.0516 -4.3325 -4.3325
1250 41.41 45.66 0.00 -6.8398 -3.5628 -3.5628
1275 41.18 45.58 0.00 -5.5369 -2.9315 -2.9315
1300 41.18 45.58 0.00 -5.5369 -2.9315 -2.9315
1325 40.95 45.51 0.00 -5.7291 -2.1828 -2.1828
1350 40.69 45.45 0.00 -7.3575 -1.4131 -1.4131
1375 40.69 45.45 0.00 -7.3575 -1.4131 -1.4131
1400 40.34 45.40 0.00 -9.2949 -1.1695 -1.1695
1425 40.34 45.40 0.00 -9.2949 -1.1695 -1.1695
1450 39.93 45.33 0.00 -11.1905 -2.7149 -2.7149
1475 39.44 45.21 0.00 -12.3762 -2.9991 -2.9991
1500 38.89 45.15 0.00 -15.2444 -4.2003 -4.2003
1525 38.18 45.18 0.00 -18.7380 -5.2616 -5.2616
1550 38.18 45.18 0.00 -18.7380 -5.2616 -5.2616
1575 37.40 45.23 0.00 -19.8772 -4.5348 -4.5348
1600 37.40 45.23 0.00 -19.8772 -4.5348 -4.5348
1625 36.57 45.23 0.00 -21.0931 -5.1722 -5.1722
1650 35.71 45.17 0.00 -21.3575 -5.3564 -5.3564
1675 35.09 45.10 0.00 -21.2978 -5.9913 -5.9913
1700 35.09 45.10 0.00 -21.2978 -5.9913 -5.9913
1725 34.23 44.94 0.00 -21.0083 -5.2651 -5.2651
1750 33.46 44.70 0.00 -18.2019 -4.7291 -4.7291
1775 33.46 44.70 0.00 -18.2019 -4.7291 -4.7291
1800 32.83 44.43 0.00 -13.6169 -6.1564 -6.1564
1825 32.46 44.21 0.00 -6.8473 -6.8796 -6.8796
1850 32.30 44.02 0.00 -2.3192 -6.4590 -6.4590
1875 32.30 44.02 0.00 -2.3192 -6.4590 -6.4590
1900 32.24 43.90 0.00 -0.9194 -5.3493 -5.3493
1925 32.21 43.82 0.00 -0.8483 -3.7124 -3.7124
1950 32.21 43.82 0.00 -0.8483 -3.7124 -3.7124
1975 32.17 43.74 0.00 -0.8019 -2.4447 -2.4447
2000 32.15 43.68 0.00 -0.7701 -1.8331 -1.8331
2025 32.15 43.68 0.00 -0.7701 -1.8331 -1.8331
2050 32.10 43.63 0.00 -1.1789 -1.0871 -1.0871
2075 32.04 43.55 0.00 -1.7214 -2.6165 -2.6165
2100 32.01 43.45 0.00 -0.4314 -0.1226 -0.1226
2125 32.01 43.45 0.00 -0.4314 -0.1226 -0.1226
2150 31.99 43.41 0.00 -0.3042 -0.6660 -0.6660
2175 32.01 43.47 0.00 0.8243 -0.6305 -0.6305
2200 32.01 43.47 0.00 0.8243 -0.6305 -0.6305
2225 32.04 43.61 0.00 0.9343 -0.0977 -0.0977
2250 32.06 43.75 0.00 -0.0231 -0.3532 -0.3532
2275 32.06 43.75 0.00 -0.0231 -0.3532 -0.3532
2300 32.03 43.77 0.00 -1.2641 -0.0398 -0.0398
2325 31.92 43.66 0.00 -3.1565 -1.0098 -1.0098
2350 31.92 43.66 0.00 -3.1565 -1.0098 -1.0098
2375 31.79 43.50 0.00 -3.5197 -1.1937 -1.1937
2400 31.63 43.27 0.00 -4.0135 -1.9537 -1.9537
2425 31.50 43.08 0.00 -4.1383 -1.7423 -1.7423
2450 31.50 43.08 0.00 -4.1383 -1.7423 -1.7423
2475 31.34 42.83 0.00 -3.8020 -1.6436 -1.6436
2500 31.23 42.62 0.00 -2.7736 -1.4735 -1.4735
2525 31.23 42.62 0.00 -2.7736 -1.4735 -1.4735
2550 31.12 42.37 0.00 -2.7225 -1.3573 -1.3573
2575 31.00 42.10 0.00 -2.9643 -1.3430 -1.3430
2600 30.89 41.83 0.00 -2.8336 -1.4243 -1.4243
2625 30.89 41.83 0.00 -2.8336 -1.4243 -1.4243
2650 30.78 41.56 0.00 -3.0950 -2.3647 -2.3647
2675 30.63 41.27 0.00 -3.8952 -3.0649 -3.0649
2700 30.63 41.27 0.00 -3.8952 -3.0649 -3.0649
2725 30.44 40.93 0.00 -5.2458 -4.4592 -4.4592
2750 30.25 40.61 0.00 -4.1998 -2.6018 -2.6018
2775 30.09 40.36 0.00 -4.4671 -3.3012 -3.3012
2800 30.09 40.36 0.00 -4.4671 -3.3012 -3.3012
2825 29.93 40.12 0.00 -3.8544 -2.9381 -2.9381
2850 29.76 39.97 0.00 -3.7239 -3.5668 -3.5668
2875 29.76 39.97 0.00 -3.7239 -3.5668 -3.5668
2900 29.58 39.75 0.00 -4.9676 -4.2275 -4.2275
2925 29.38 39.49 0.00 -5.6413 -4.6906 -4.6906
2950 29.38 39.49 0.00 -5.6413 -4.6906 -4.6906
2975 29.13 39.16 0.00 -6.5119 -4.9969 -4.9969
3000 28.84 38.74 0.00 -7.7625 -6.3359 -6.3359
3025 28.84 38.74 0.00 -7.7625 -6.3359 -6.3359
3050 28.51 38.32 0.00 -8.6092 -7.5998 -7.5998
3075 28.18 37.92 0.00 -7.3834 -6.8514 -6.8514
3100 27.94 37.55 0.00 -5.1055 -5.8045 -5.8045
3125 27.94 37.55 0.00 -5.1055 -5.8045 -5.8045
3150 27.79 37.27 0.00 -2.4513 -4.4588 -4.4588
3175 27.74 37.03 0.00 -1.0837 -3.4385 -3.4385
3200 27.74 37.03 0.00 -1.0837 -3.4385 -3.4385
3225 27.72 36.86 0.00 0.0333 -1.4950 -1.4950
3250 27.72 36.78 0.00 -0.4230 -1.1733 -1.1733
3275 27.70 36.67 0.00 -0.0742 -0.3730 -0.3730
3300 27.70 36.67 0.00 -0.0742 -0.3730 -0.3730
3325 27.74 36.47 0.00 1.5647 1.3247 1.3247
3350 27.89 36.21 0.00 4.6446 1.4307 1.4307
3375 27.89 36.21 0.00 4.6446 1.4307 1.4307
3400 28.14 36.00 0.00 7.1183 1.5767 1.5767
3425 28.47 35.84 0.00 9.3169 3.4337 3.4337
3450 28.47 35.84 0.00 9.3169 3.4337 3.4337
3475 28.85 35.73 0.00 9.7529 3.3074 3.3074
3500 29.24 35.63 0.00 9.1036 3.5905 3.5905
3525 29.53 35.53 0.00 5.6218 2.6971 2.6971
3550 29.53 35.53 0.00 5.6218 2.6971 2.6971
3575 29.69 35.40 0.00 3.4638 3.2145 3.2145
3600 29.82 35.20 0.00 3.1985 2.2288 2.2288
3625 29.82 35.20 0.00 3.1985 2.2288 2.2288
3650 29.96 34.98 0.00 4.0883 1.5290 1.5290
3675 30.15 34.80 0.00 4.9023 2.3497 2.3497
3700 30.15 34.80 0.00 4.9023 2.3497 2.3497
3725 30.36 34.74 0.00 5.5588 3.2200 3.2200
3750 30.54 34.77 0.00 4.3291 3.0439 3.0439
3775 30.65 34.82 0.00 1.5778 2.1296 2.1296
3800 30.65 34.82 0.00 1.5778 2.1296 2.1296
3825 30.65 34.93 0.00 -0.6656 1.0797 1.0797
3850 30.65 34.93 0.00 -0.6656 1.0797 1.0797
3875 30.62 35.03 0.00 -1.0141 0.9194 0.9194
3900 30.58 35.11 0.00 -0.2269 1.0001 1.0001
3925 30.58 35.13 0.00 0.0518 -1.3605 -1.3605
3950 30.58 35.13 0.00 0.0518 -1.3605 -1.3605
3975 30.62 35.12 0.00 1.6122 1.3855 1.3855
4000 30.69 35.14 0.00 1.6835 1.5110 1.5110
4025 30.76 35.23 0.00 1.7679 1.9401 1.9401
4050 30.76 35.23 0.00 1.7679 1.9401 1.9401
4075 30.82 35.39 0.00 1.1042 1.0342 1.0342
4100 30.83 35.51 0.00 0.0107 -0.4550 -0.4550
4125 30.83 35.51 0.00 0.0107 -0.4550 -0.4550
4150 30.82 35.60 0.00 -0.4280 0.1992 0.1992
4175 30.80 35.62 0.00 -0.4839 -0.7342 -0.7342
4200 30.80 35.62 0.00 -0.4839 -0.7342 -0.7342
4225 30.80 35.57 0.00 0.7279 0.6257 0.6257
4250 30.85 35.51 0.00 1.0632 -0.0093 -0.0093
4275 30.91 35.50 0.00 2.0159 0.5509 0.5509
4300 30.91 35.50 0.00 2.0159 0.5509 0.5509
4325 31.00 35.48 0.00 2.6002 1.2132 1.2132
4350 31.14 35.50 0.00 4.4589 2.8699 2.8699
4375 31.14 35.50 0.00 4.4589 2.8699 2.8699
4400 31.39 35.47 0.00 7.7165 3.0227 3.0227
4425 31.84 35.28 0.00 13.6009 1.3023 1.3023
4450 31.84 35.28 0.00 13.6009 1.3023 1.3023
4475 32.58 35.00 0.00 21.3793 0.1952 0.1952
4500 33.52 34.81 0.00 24.0662 0.9963 0.9963
4525 33.52 34.81 0.00 24.0662 0.9963 0.9963
4550 34.47 34.69 0.00 23.0089 2.5487 2.5487
4575 35.30 34.62 0.00 19.8832 3.2037 3.2037
4600 36.00 34.68 0.00 15.3042 4.0185 4.0185
4625 36.00 34.68 0.00 15.3042 4.0185 4.0185
4650 36.43 34.83 0.00 7.6384 4.5014 4.5014
4675 36.55 35.01 0.00 0.5590 4.1229 4.1229
4700 36.55 35.01 0.00 0.5590 4.1229 4.1229
4725 36.52 35.15 0.00 -0.2136 6.0014 6.0014
4750 36.57 35.34 0.00 1.4008 3.2049 3.2049
4775 36.64 35.58 0.00 2.3323 1.8463 1.8463
4800 36.64 35.58 0.00 2.3323 1.8463 1.8463
4825 36.71 35.73 0.00 1.7657 1.6257 1.6257
4850 36.71 35.87 0.00 -0.6574 0.2278 0.2278
4875 36.71 35.87 0.00 -0.6574 0.2278 0.2278
4900 36.66 35.98 0.00 -2.0167 0.3021 0.3021
4925 36.59 36.01 0.00 -1.8467 -0.3157 -0.3157
4950 36.53 36.03 0.00 -0.6937 0.0612 0.0612
4975 36.53 36.03 0.00 -0.6937 0.0612 0.0612
5000 36.53 36.01 0.00 0.2372 0.1524 0.1524
5025 36.57 36.03 0.00 1.3063 0.5022 0.5022
5050 36.57 36.03 0.00 1.3063 0.5022 0.5022
5075 36.62 36.10 0.00 1.5424 0.3995 0.3995
5100 36.67 36.14 0.00 1.5177 -0.5286 -0.5286
5125 36.67 36.14 0.00 1.5177 -0.5286 -0.5286
5150 36.76 36.19 0.00 2.9144 -1.5810 -1.5810
5175 36.91 36.24 0.00 3.8915 -3.7703 -3.7703
5200 36.91 36.24 0.00 3.8915 -3.7703 -3.7703
5225 37.10 36.29 0.00 5.4010 -2.5742 -2.5742
5250 37.37 36.35 0.00 7.8486 -3.7439 -3.7439
5275 37.79 36.43 0.00 12.3413 -3.0380 -3.0380
5300 37.79 36.43 0.00 12.3413 -3.0380 -3.0380
5325 38.39 36.54 0.00 17.0771 -2.9341 -2.9341
5350 39.14 36.72 0.00 19.3192 -4.3091 -4.3091
5375 39.14 36.72 0.00 19.3192 -4.3091 -4.3091
5400 39.90 36.96 0.00 18.6100 -4.1781 -4.1781
5425 40.55 37.20 0.00 14.6671 -4.4092 -4.4092
5450 40.55 37.20 0.00 14.6671 -4.4092 -4.4092
5475 41.09 37.38 0.00 12.8010 -1.2313 -1.2313
5500 41.53 37.60 0.00 9.5055 -0.5444 -0.5444
5525 41.76 37.82 0.00 7.3631 0.2849 0.2849
5550 41.76 37.82 0.00 7.3631 0.2849 0.2849
5575 42.02 38.07 0.00 5.8066 1.9428 1.9428
5600 42.02 38.07 0.00 5.8066 1.9428 1.9428
5625 42.22 38.30 0.00 4.7516 1.4572 1.4572
5650 42.41 38.47 0.00 4.8306 2.1031 2.1031
5675 42.62 38.56 0.00 5.4935 1.3987 1.3987
5700 42.87 38.61 0.00 6.5900 2.6681 2.6681
5725 42.87 38.61 0.00 6.5900 2.6681 2.6681
5750 43.11 38.63 0.00 5.8795 1.9939 1.9939
5775 43.11 38.63 0.00 5.8795 1.9939 1.9939
5800 43.34 38.70 0.00 5.4627 1.6424 1.6424
5825 43.57 38.81 0.00 5.8071 2.6783 2.6783
5850 43.81 38.92 0.00 6.6829 3.9022 3.9022
5875 43.81 38.92 0.00 6.6829 3.9022 3.9022
5900 44.13 39.07 0.00 8.3513 4.8121 4.8121
5925 44.51 39.24 0.00 10.5094 5.1456 5.1456
5950 45.00 39.37 0.00 13.4850 5.8308 5.8308
5975 45.00 39.37 0.00 13.4850 5.8308 5.8308
6000 45.62 39.44 0.00 16.6492 6.0370 6.0370
6025 46.35 39.47 0.00 19.8649 6.3711 6.3711
6050 46.35 39.47 0.00 19.8649 6.3711 6.3711
6075 47.21 39.50 0.00 21.8949 6.0951 6.0951
6100 48.08 39.47 0.00 21.9619 4.5392 4.5392
6125 48.08 39.47 0.00 21.9619 4.5392 4.5392
6150 48.97 39.52 0.00 22.3951 5.3340 5.3340
6175 49.86 39.64 0.00 22.2155 5.1652 5.1652
6200 50.75 39.80 0.00 22.2628 6.0016 6.0016
6225 50.75 39.80 0.00 22.2628 6.0016 6.0016
6250 51.59 40.00 0.00 19.4819 6.2169 6.2169
6275 51.59 40.00 0.00 19.4819 6.2169 6.2169
6300 52.27 40.19 0.00 15.8640 6.2976 6.2976
6325 52.81 40.41 0.00 11.6186 5.9163 5.9163
6350 53.07 40.55 0.00 7.9729 4.9384 4.9384
6375 53.07 40.55 0.00 7.9729 4.9384 4.9384
6400 53.32 40.66 0.00 5.1301 5.2556 5.2556
6425 53.47 40.68 0.00 3.4556 4.3050 4.3050
6450 53.47 40.68 0.00 3.4556 4.3050 4.3050
6475 53.63 40.68 0.00 3.9697 3.9251 3.9251
6500 53.79 40.70 0.00 4.1787 3.9290 3.9290
6525 53.98 40.85 0.00 5.0447 3.9579 3.9579
6550 53.98 40.85 0.00 5.0447 3.9579 3.9579
6575 54.23 41.15 0.00 7.0775 3.6645 3.6645
6600 54.58 41.82 0.00 10.2835 5.3161 5.3161
6625 54.58 41.82 0.00 10.2835 5.3161 5.3161
6650 55.05 42.86 0.00 12.1646 7.7545 7.7545
6675 55.05 42.86 0.00 12.1646 7.7545 7.7545
6700 56.12 44.96 0.00 14.0177 5.6790 5.6790
6725 56.12 44.96 0.00 14.0177 5.6790 5.6790
6750 56.64 45.64 0.00 11.9905 3.9412 3.9412
6775 57.06 46.07 0.00 9.4136 2.9994 2.9994
6800 57.06 46.07 0.00 9.4136 2.9994 2.9994
6825 57.40 46.28 0.00 7.7588 4.5608 4.5608
6850 57.40 46.28 0.00 7.7588 4.5608 4.5608
6875 57.68 46.37 0.00 6.5393 4.4505 4.4505
6900 57.96 46.48 0.00 7.4067 3.3021 3.3021
6925 58.22 46.61 0.00 6.6653 1.8058 1.8058
6950 58.49 46.73 0.00 6.2286 0.5091 0.5091
6975 58.49 46.73 0.00 6.2286 0.5091 0.5091
7000 58.73 46.82 0.00 5.9649 0.3621 0.3621
7025 58.89 46.90 0.00 5.2031 0.7609 0.7609
7050 58.89 46.90 0.00 5.2031 0.7609 0.7609
7075 59.08 46.97 0.00 4.4694 2.2094 2.2094
7100 59.24 47.00 0.00 4.3339 2.6237 2.6237
7125 59.24 47.00 0.00 4.3339 2.6237 2.6237
7150 59.47 47.01 0.00 6.3441 3.0699 3.0699
7175 59.79 47.00 0.00 9.2330 3.9140 3.9140
7200 60.25 47.01 0.00 12.6212 4.4100 4.4100
7225 60.25 47.01 0.00 12.6212 4.4100 4.4100
7250 60.85 47.03 0.00 16.9860 5.4015 5.4015
7275 61.66 47.06 0.00 22.6741 6.4281 6.4281
7300 61.66 47.06 0.00 22.6741 6.4281 6.4281
7325 62.70 47.07 0.00 28.2206 7.1281 7.1281
7350 63.98 47.00 0.00 33.9885 6.6542 6.6542
7375 63.98 47.00 0.00 33.9885 6.6542 6.6542
7400 65.43 46.92 0.00 37.5264 6.5711 6.5711
7425 67.04 46.83 0.00 41.5487 3.7127 3.7127
7450 68.70 46.78 0.00 41.4623 0.6444 0.6444
7475 68.70 46.78 0.00 41.4623 0.6444 0.6444
7500 70.24 46.75 0.00 35.4979 0.1954 0.1954
7525 71.42 46.87 0.00 25.5856 2.6785 2.6785
7550 71.42 46.87 0.00 25.5856 2.6785 2.6785
7575 72.11 47.15 0.00 11.7153 3.8434 3.8434
7600 72.28 47.65 0.00 -0.0890 4.1553 4.1553
7625 72.28 47.65 0.00 -0.0890 4.1553 4.1553
7650 72.15 48.26 0.00 -4.4800 2.7085 2.7085
7675 71.97 48.78 0.00 -3.7811 2.2173 2.2173
7700 71.84 49.12 0.00 -2.7292 0.7949 0.7949
7725 71.84 49.12 0.00 -2.7292 0.7949 0.7949
7750 71.77 49.40 0.00 -1.1836 1.0622 1.0622
7775 71.80 49.63 0.00 2.1219 2.5188 2.5188
7800 71.80 49.63 0.00 2.1219 2.5188 2.5188
7825 71.99 49.81 0.00 6.4440 2.3892 2.3892
7850 72.33 50.02 0.00 9.7716 3.4850 3.4850
7875 72.33 50.02 0.00 9.7716 3.4850 3.4850
7900 72.65 50.21 0.00 10.0707 3.8465 3.8465
7925 73.12 50.49 0.00 13.4790 1.1075 1.1075
7950 73.12 50.49 0.00 13.4790 1.1075 1.1075
7975 73.73 50.70 0.00 16.1999 -3.6219 -3.6219
8000 74.40 50.78 0.00 16.1942 -3.6762 -3.6762
8025 75.03 50.77 0.00 15.5507 -1.4000 -1.4000
8050 75.03 50.77 0.00 15.5507 -1.4000 -1.4000
8075 75.71 50.75 0.00 18.5000 -1.0627 -1.0627
8100 76.48 50.81 0.00 19.4050 -2.1144 -2.1144
8125 76.48 50.81 0.00 19.4050 -2.1144 -2.1144
8150 77.23 50.95 0.00 18.3265 -1.5658 -1.5658
8175 77.94 51.19 0.00 17.6117 -1.4113 -1.4113
8200 78.58 51.61 0.00 14.1786 -1.4838 -1.4838
8225 78.58 51.61 0.00 14.1786 -1.4838 -1.4838
8250 79.05 52.18 0.00 10.0367 -1.3627 -1.3627
8275 79.37 52.78 0.00 7.2673 0.6211 0.6211
8300 79.37 52.78 0.00 7.2673 0.6211 0.6211
8325 79.66 53.41 0.00 7.4726 1.6095 1.6095
8350 80.00 54.04 0.00 8.8801 1.1646 1.1646
8375 80.38 54.81 0.00 9.7347 1.4523 1.4523
8400 80.38 54.81 0.00 9.7347 1.4523 1.4523
8425 80.78 55.72 0.00 10.5567 1.9667 1.9667
8450 81.20 56.61 0.00 9.8928 2.1154 2.1154
8475 81.20 56.61 0.00 9.8928 2.1154 2.1154
8500 81.57 57.56 0.00 9.0570 2.4368 2.4368
8525 81.95 58.34 0.00 9.9152 1.4970 1.4970
8550 81.95 58.34 0.00 9.9152 1.4970 1.4970
8575 82.41 59.00 0.00 12.8746 2.4541 2.4541
8600 83.09 59.64 0.00 19.3498 2.9631 2.9631
8625 83.09 59.64 0.00 19.3498 2.9631 2.9631
8650 83.77 60.16 0.00 24.3906 2.7359 2.7359
8675 84.86 60.91 0.00 27.7677 4.4779 4.4779
8700 84.86 60.91 0.00 27.7677 4.4779 4.4779
8725 85.90 61.79 0.00 25.4247 5.8187 5.8187
8750 86.87 62.71 0.00 23.3520 5.1065 5.1065
8775 87.83 63.59 0.00 24.2218 3.4272 3.4272
8800 87.83 63.59 0.00 24.2218 3.4272 3.4272
8825 88.85 64.34 0.00 27.4440 1.6355 1.6355
8850 90.30 64.80 0.00 44.1222 -4.4487 -4.4487
8875 90.30 64.80 0.00 44.1222 -4.4487 -4.4487
8900 92.59 64.74 0.00 63.7130 -8.6680 -8.6680
8925 95.28 64.46 0.00 67.7727 -7.3582 -7.3582
8950 95.28 64.46 0.00 67.7727 -7.3582 -7.3582
8975 97.78 64.20 0.00 58.9180 -2.5279 -2.5279
9000 99.86 64.04 0.00 46.9356 -0.4025 -0.4025
9025 99.86 64.04 0.00 46.9356 -0.4025 -0.4025
9050 101.39 63.99 0.00 33.6216 1.4258 1.4258
9075 102.43 63.96 0.00 21.2634 2.7915 2.7915
9100 102.43 63.96 0.00 21.2634 2.7915 2.7915
9125 102.99 63.95 0.00 8.8271 7.3010 7.3010
9150 103.08 64.04 0.00 -0.7975 9.2720 9.2720
9175 102.97 64.17 0.00 -4.1118 9.7834 9.7834
9200 102.97 64.17 0.00 -4.1118 9.7834 9.7834
9225 102.81 64.30 0.00 -3.0480 8.3317 8.3317
9250 102.81 64.30 0.00 -3.0480 8.3317 8.3317
9275 102.61 64.64 0.00 -3.1152 5.7023 5.7023
9300 102.61 64.64 0.00 -3.1152 5.7023 5.7023
9325 102.50 64.94 0.00 -2.5996 4.4104 4.4104
9350 102.35 65.35 0.00 -4.8142 4.9882 4.9882
9375 102.35 65.35 0.00 -4.8142 4.9882 4.9882
9400 102.15 65.88 0.00 -4.9309 4.5183 4.5183
9425 101.92 66.47 0.00 -6.3454 5.8060 5.8060
9450 101.68 67.08 0.00 -8.5246 5.5738 5.5738
9475 101.68 67.08 0.00 -8.5246 5.5738 5.5738
9500 101.68 67.08 0.00 -8.5246 5.5738 5.5738
9525 100.65 68.83 0.00 -16.6786 4.4347 4.4347
9550 100.65 68.83 0.00 -16.6786 4.4347 4.4347
9575 99.92 69.15 0.00 -18.4340 4.7761 4.7761
9600 99.14 69.28 0.00 -20.4856 1.4803 1.4803
9625 99.14 69.28 0.00 -20.4856 1.4803 1.4803
9650 98.32 69.24 0.00 -20.2025 -4.3032 -4.3032
9675 97.50 69.07 0.00 -21.0805 -7.1576 -7.1576
9700 96.59 68.90 0.00 -23.5710 -8.6167 -8.6167
9725 96.59 68.90 0.00 -23.5710 -8.6167 -8.6167
9750 95.64 68.64 0.00 -23.5631 -7.2758 -7.2758
9775 94.69 68.31 0.00 -23.7946 -4.3216 -4.3216
9800 94.69 68.31 0.00 -23.7946 -4.3216 -4.3216
9825 93.73 67.97 0.00 -24.0755 -1.3104 -1.3104
9850 93.73 67.97 0.00 -24.0755 -1.3104 -1.3104
9875 92.80 67.60 0.00 -22.3257 -0.5759 -0.5759
9900 91.95 67.23 0.00 -20.3693 -0.5344 -0.5344
9925 91.18 66.88 0.00 -19.1277 -0.2555 -0.2555
9950 91.18 66.88 0.00 -19.1277 -0.2555 -0.2555
9975 90.44 66.59 0.00 -17.3083 -0.8740 -0.8740
10000 89.82 66.35 0.00 -15.1408 -1.9382 -1.9382
10025 89.39 66.24 0.00 -13.0678 -2.0729 -2.0729
10050 89.39 66.24 0.00 -13.0678 -2.0729 -2.0729
10075 88.87 66.03 0.00 -8.0346 -2.9833 -2.9833
10100 88.87 66.03 0.00 -8.0346 -2.9833 -2.9833
10125 88.75 65.85 0.00 0.1514 -1.8356 -1.8356
10150 88.85 65.75 0.00 4.2420 -1.2446 -1.2446
10175 89.05 65.74 0.00 5.5450 -0.6527 -0.6527
10200 89.05 65.74 0.00 5.5450 -0.6527 -0.6527
10225 89.23 65.75 0.00 3.6331 -0.1008 -0.1008
10250 89.29 65.80 0.00 0.1040 0.0993 0.0993
10275 89.29 65.80 0.00 0.1040 0.0993 0.0993
10300 89.23 65.82 0.00 -2.8547 -0.4179 -0.4179
10325 89.11 65.87 0.00 -2.6775 0.5615 0.5615
10350 89.11 65.87 0.00 -2.6775 0.5615 0.5615
10375 89.01 65.99 0.00 -2.6717 -0.4981 -0.4981
10400 88.93 66.12 0.00 -1.6531 -0.8399 -0.8399
10425 88.85 66.26 0.00 -2.1116 -0.7508 -0.7508
10450 88.75 66.44 0.00 -3.1522 -0.6752 -0.6752
10475 88.75 66.44 0.00 -3.1522 -0.6752 -0.6752
10500 88.57 66.67 0.00 -5.0538 0.6141 0.6141
10525 88.29 66.93 0.00 -8.8490 0.4463 0.4463
10550 88.29 66.93 0.00 -8.8490 0.4463 0.4463
10575 87.77 67.19 0.00 -16.7854 0.4839 0.4839
10600 86.65 67.35 0.00 -37.2849 -6.5186 -6.5186
10625 86.65 67.35 0.00 -37.2849 -6.5186 -6.5186
10650 84.61 67.18 0.00 -59.8074 -16.2651 -16.2651
10675 81.97 66.92 0.00 -67.8246 -19.5291 -19.5291
10700 81.97 66.92 0.00 -67.8246 -19.5291 -19.5291
10725 79.36 66.72 0.00 -62.1422 -17.4595 -17.4595
10750 77.21 66.60 0.00 -47.7620 -11.5723 -11.5723
10775 75.77 66.58 0.00 -29.2160 -5.5709 -5.5709
10800 75.77 66.58 0.00 -29.2160 -5.5709 -5.5709
10825 75.06 66.67 0.00 -11.0489 0.9992 0.9992
10850 74.95 66.76 0.00 1.6532 1.6103 1.6103
10875 74.95 66.76 0.00 1.6532 1.6103 1.6103
10900 75.21 66.90 0.00 9.0645 -0.5063 -0.5063
10925 75.55 67.04 0.00 12.2369 -0.5423 -0.5423
10950 75.55 67.04 0.00 12.2369 -0.5423 -0.5423
10975 76.05 67.26 0.00 12.1304 0.4996 0.4996
11000 76.50 67.52 0.00 10.1794 1.9898 1.9898
11025 76.81 67.83 0.00 6.8837 1.8953 1.8953
11050 76.81 67.83 0.00 6.8837 1.8953 1.8953
11075 77.02 68.20 0.00 3.7949 1.1694 1.1694
11100 77.09 68.64 0.00 0.8434 1.1744 1.1744
11125 77.09 68.64 0.00 0.8434 1.1744 1.1744
11150 77.08 69.06 0.00 -1.3898 1.0603 1.0603
11175 76.98 69.39 0.00 -2.3364 1.4302 1.4302
11200 76.98 69.39 0.00 -2.3364 1.4302 1.4302
11225 76.89 69.61 0.00 -2.1605 1.6834 1.6834
11250 76.89 69.61 0.00 -2.1605 1.6834 1.6834
11275 76.81 69.96 0.00 0.0612 2.2254 2.2254
11300 76.81 69.96 0.00 0.0612 2.2254 2.2254
11325 76.85 70.10 0.00 0.9313 2.9298 2.9298
11350 76.89 70.27 0.00 0.9303 3.6786 3.6786
11375 76.89 70.27 0.00 0.9303 3.6786 3.6786
11400 76.91 70.43 0.00 0.5711 4.0816 4.0816
11425 76.93 70.58 0.00 -0.1168 3.5739 3.5739
11450 76.93 70.58 0.00 -0.1168 3.5739 3.5739
11475 76.91 70.70 0.00 -0.7812 2.4817 2.4817
11500 76.83 70.74 0.00 -2.2459 2.0971 2.0971
11525 76.70 70.71 0.00 -4.2360 1.4439 1.4439
11550 76.70 70.71 0.00 -4.2360 1.4439 1.4439
11575 76.48 70.66 0.00 -5.9852 0.9971 0.9971
11600 76.20 70.63 0.00 -7.9795 0.2046 0.2046
11625 76.20 70.63 0.00 -7.9795 0.2046 0.2046
11650 75.81 70.60 0.00 -10.5956 -0.0417 -0.0417
11675 75.32 70.48 0.00 -13.0479 3.3103 3.3103
11700 74.73 70.35 0.00 -15.8240 4.2656 4.2656
11725 74.73 70.35 0.00 -15.8240 4.2656 4.2656
11750 74.08 70.27 0.00 -16.5722 2.5317 2.5317
11775 73.60 70.21 0.00 -15.3310 0.9011 0.9011
11800 73.60 70.21 0.00 -15.3310 0.9011 0.9011
11825 73.07 70.17 0.00 -11.9620 -1.4514 -1.4514
11850 72.68 70.14 0.00 -8.2562 -2.0988 -2.0988
11875 72.68 70.14 0.00 -8.2562 -2.0988 -2.0988
11900 72.43 70.14 0.00 -5.2999 -1.9642 -1.9642
11925 72.30 70.13 0.00 -2.0062 -0.4002 -0.4002
11950 72.28 70.06 0.00 0.3184 -0.3206 -0.3206
11975 72.28 70.06 0.00 0.3184 -0.3206 -0.3206
12000 72.32 70.00 0.00 1.4590 -0.5703 -0.5703
12025 72.37 69.98 0.00 1.1634 -0.4100 -0.4100
12050 72.37 69.98 0.00 1.1634 -0.4100 -0.4100
12075 72.39 70.02 0.00 -0.0717 0.0135 0.0135
12100 72.37 70.07 0.00 -0.8784 0.2508 0.2508
12125 72.37 70.07 0.00 -0.8784 0.2508 0.2508
12150 72.33 70.14 0.00 -0.7976 -0.5780 -0.5780
12175 72.32 70.20 0.00 -0.4898 -0.9923 -0.9923
12200 72.28 70.25 0.00 -1.2188 -0.7763 -0.7763
12225 72.28 70.25 0.00 -1.2188 -0.7763 -0.7763
12250 72.21 70.29 0.00 -1.9405 -0.3830 -0.3830
12275 72.13 70.33 0.00 -1.7572 -0.1503 -0.1503
12300 72.13 70.33 0.00 -1.7572 -0.1503 -0.1503
12325 72.08 70.38 0.00 -1.9820 -0.4269 -0.4269
12350 71.97 70.40 0.00 -2.9930 -0.8888 -0.8888
12375 71.97 70.40 0.00 -2.9930 -0.8888 -0.8888
12400 71.82 70.37 0.00 -3.9405 0.8343 0.8343
12425 71.62 70.36 0.00 -5.7365 0.3323 0.3323
12450 71.62 70.36 0.00 -5.7365 0.3323 0.3323
12475 71.31 70.36 0.00 -9.3550 2.2863 2.2863
12500 70.82 70.30 0.00 -14.3116 5.6930 5.6930
12525 70.82 70.30 0.00 -14.3116 5.6930 5.6930
12550 70.33 70.16 0.00 -16.7659 6.3168 6.3168
12575 69.66 69.87 0.00 -16.5969 5.7929 5.7929
12600 69.02 69.52 0.00 -14.8876 5.0228 5.0228
12625 69.02 69.52 0.00 -14.8876 5.0228 5.0228
12650 68.46 69.16 0.00 -13.3459 3.9593 3.9593
12675 67.96 68.81 0.00 -12.4361 2.6590 2.6590
12700 67.96 68.81 0.00 -12.4361 2.6590 2.6590
12725 67.51 68.47 0.00 -10.8307 0.8394 0.8394
12750 67.11 68.18 0.00 -8.8097 0.1074 0.1074
12775 66.79 67.91 0.00 -8.0375 -0.1611 -0.1611
12800 66.79 67.91 0.00 -8.0375 -0.1611 -0.1611
12825 66.48 67.74 0.00 -7.7253 -0.2309 -0.2309
12850 66.18 67.57 0.00 -7.5391 -0.2932 -0.2932
12875 66.18 67.57 0.00 -7.5391 -0.2932 -0.2932
12900 65.86 67.43 0.00 -7.7609 -0.8011 -0.8011
12925 65.57 67.33 0.00 -6.9750 -1.1202 -1.1202
12950 65.57 67.33 0.00 -6.9750 -1.1202 -1.1202
12975 65.30 67.24 0.00 -6.2817 -0.9750 -0.9750
13000 65.07 67.23 0.00 -5.2901 -1.1640 -1.1640
13025 65.07 67.23 0.00 -5.2901 -1.1640 -1.1640
13050 64.89 67.21 0.00 -4.1379 -1.2050 -1.2050
13075 64.75 67.18 0.00 -3.4430 -1.1972 -1.1972
13100 64.62 67.20 0.00 -2.5581 -0.9470 -0.9470
13125 64.62 67.20 0.00 -2.5581 -0.9470 -0.9470
13150 64.53 67.24 0.00 -2.0337 -0.0767 -0.0767
13175 64.48 67.24 0.00 -1.4594 1.1376 1.1376
13200 64.48 67.24 0.00 -1.4594 1.1376 1.1376
13225 64.43 67.20 0.00 -1.2839 1.0785 1.0785
13250 64.36 67.15 0.00 -1.9874 0.8336 0.8336
13275 64.36 67.15 0.00 -1.9874 0.8336 0.8336
13300 64.29 67.12 0.00 -2.8078 0.9342 0.9342
13325 64.13 67.01 0.00 -4.7575 0.6004 0.6004
13350 63.89 66.87 0.00 -6.3303 0.4559 0.4559
13375 63.89 66.87 0.00 -6.3303 0.4559 0.4559
13400 63.59 66.73 0.00 -8.6177 -0.2346 -0.2346
13425 63.22 66.60 0.00 -9.8414 -0.3276 -0.3276
13450 62.77 66.44 0.00 -11.0012 0.1599 0.1599
13475 62.77 66.44 0.00 -11.0012 0.1599 0.1599
13500 62.33 66.29 0.00 -11.3618 1.0998 1.0998
13525 62.33 66.29 0.00 -11.3618 1.0998 1.0998
13550 61.87 66.08 0.00 -11.5739 1.6828 1.6828
13575 61.41 65.84 0.00 -11.5330 1.5854 1.5854
13600 60.95 65.56 0.00 -11.7117 0.9403 0.9403
13625 60.95 65.56 0.00 -11.7117 0.9403 0.9403
13650 60.48 65.23 0.00 -11.4838 0.1312 0.1312
13675 60.05 64.88 0.00 -9.8414 -0.5811 -0.5811
13700 60.05 64.88 0.00 -9.8414 -0.5811 -0.5811
13725 59.77 64.63 0.00 -5.6213 -0.3756 -0.3756
13750 59.65 64.51 0.00 -1.3000 1.0895 1.0895
13775 59.65 64.38 0.00 0.6828 1.2133 1.2133
13800 59.65 64.38 0.00 0.6828 1.2133 1.2133
13825 59.70 64.18 0.00 1.7313 1.1132 1.1132
13850 59.77 63.93 0.00 1.1104 0.7105 0.7105
13875 59.77 63.93 0.00 1.1104 0.7105 0.7105
13900 59.77 63.63 0.00 -0.4118 -0.1427 -0.1427
13925 59.73 63.32 0.00 -1.4800 -0.1910 -0.1910
13950 59.65 62.94 0.00 -2.4255 -0.4493 -0.4493
13975 59.65 62.94 0.00 -2.4255 -0.4493 -0.4493
14000 59.54 62.48 0.00 -2.5867 -0.2614 -0.2614
14025 59.45 62.12 0.00 -2.9601 -1.0404 -1.0404
14050 59.45 62.12 0.00 -2.9601 -1.0404 -1.0404
14075 59.29 61.54 0.00 -3.5467 -1.8214 -1.8214
14100 59.14 61.13 0.00 -4.2727 -2.3669 -2.3669
14125 59.00 60.86 0.00 -4.3330 -2.0747 -2.0747
14150 59.00 60.86 0.00 -4.3330 -2.0747 -2.0747
14175 58.82 60.54 0.00 -4.4425 -2.2290 -2.2290
14200 58.64 60.23 0.00 -4.7974 -2.2745 -2.2745
14225 58.64 60.23 0.00 -4.7974 -2.2745 -2.2745
14250 58.43 59.95 0.00 -5.5580 -2.4018 -2.4018
14275 58.20 59.68 0.00 -5.6875 -2.5816 -2.5816
14300 58.20 59.68 0.00 -5.6875 -2.5816 -2.5816
14325 57.98 59.46 0.00 -6.0599 -2.2277 -2.2277
14350 57.71 59.27 0.00 -6.5732 -2.0722 -2.0722
14375 57.71 59.27 0.00 -6.5732 -2.0722 -2.0722
14400 57.45 59.07 0.00 -6.5494 -1.7763 -1.7763
14425 57.20 58.93 0.00 -5.3630 -0.9033 -0.9033
14450 57.01 58.90 0.00 -4.3704 -1.2904 -1.2904
14475 57.01 58.90 0.00 -4.3704 -1.2904 -1.2904
14500 56.87 58.95 0.00 -2.9991 -1.4979 -1.4979
14525 56.78 59.01 0.00 -1.9431 -1.8271 -1.8271
14550 56.78 59.01 0.00 -1.9431 -1.8271 -1.8271
14575 56.71 59.03 0.00 -1.7655 -1.5355 -1.5355
14600 56.64 59.01 0.00 -2.0889 -1.1934 -1.1934
14625 56.54 58.90 0.00 -2.8174 -0.7227 -0.7227
14650 56.54 58.90 0.00 -2.8174 -0.7227 -0.7227
14675 56.43 58.76 0.00 -2.6152 -0.6096 -0.6096
14700 56.33 58.58 0.00 -2.6150 -1.2694 -1.2694
14725 56.33 58.58 0.00 -2.6150 -1.2694 -1.2694
14750 56.24 58.41 0.00 -1.8877 -0.8308 -0.8308
14775 56.24 58.41 0.00 -1.8877 -0.8308 -0.8308
14800 56.19 58.23 0.00 -1.2620 -0.5475 -0.5475
14825 56.15 58.09 0.00 -0.5834 -0.2262 -0.2262
14850 56.13 57.94 0.00 -0.3220 -0.0249 -0.0249
14875 56.13 57.94 0.00 -0.3220 -0.0249 -0.0249
14900 56.12 57.76 0.00 -0.5263 -0.3620 -0.3620
14925 56.10 57.56 0.00 -0.8724 -0.4392 -0.4392
14950 56.05 57.28 0.00 -0.9783 -0.6928 -0.6928
14975 56.05 57.28 0.00 -0.9783 -0.6928 -0.6928
15000 56.01 56.92 0.00 -0.7982 -1.0756 -1.0756
15025 55.99 56.53 0.00 -0.4319 -1.2431 -1.2431
15050 55.99 56.53 0.00 -0.4319 -1.2431 -1.2431
15075 55.98 56.18 0.00 -0.5258 -1.3974 -1.3974
15100 55.94 55.83 0.00 -1.4161 -1.6678 -1.6678
15125 55.91 55.52 0.00 -0.2172 0.9049 0.9049
15150 55.91 55.52 0.00 -0.2172 0.9049 0.9049
15175 55.91 55.21 0.00 0.2477 0.4254 0.4254
15200 55.94 54.95 0.00 0.8773 0.0139 0.0139
15225 55.94 54.95 0.00 0.8773 0.0139 0.0139
15250 55.96 54.65 0.00 0.0582 -0.5923 -0.5923
15275 55.92 54.34 0.00 -1.3553 -0.9625 -0.9625
15300 55.92 54.34 0.00 -1.3553 -0.9625 -0.9625
15325 55.85 54.04 0.00 -2.3355 -0.6891 -0.6891
15350 55.73 53.73 0.00 -3.0982 -1.0761 -1.0761
15375 55.61 53.39 0.00 -3.2716 -1.0565 -1.0565
15400 55.61 53.39 0.00 -3.2716 -1.0565 -1.0565
15425 55.45 53.04 0.00 -4.3192 -1.1479 -1.1479
15450 55.45 53.04 0.00 -4.3192 -1.1479 -1.1479
15475 55.26 52.67 0.00 -5.1736 -0.6783 -0.6783
15500 55.05 52.32 0.00 -5.7643 -0.6183 -0.6183
15525 54.80 51.98 0.00 -6.2623 -0.3086 -0.3086
15550 54.80 51.98 0.00 -6.2623 -0.3086 -0.3086
15575 54.52 51.63 0.00 -7.4809 -0.6253 -0.6253
15600 54.17 51.22 0.00 -9.0606 -0.6161 -0.6161
15625 54.17 51.22 0.00 -9.0606 -0.6161 -0.6161
15650 53.88 50.89 0.00 -10.5152 -0.5869 -0.5869
15675 53.46 50.38 0.00 -10.3456 -1.5279 -1.5279
15700 53.07 49.85 0.00 -8.4486 -2.2483 -2.2483
15725 53.07 49.85 0.00 -8.4486 -2.2483 -2.2483
15750 52.81 49.38 0.00 -5.8359 -2.7599 -2.7599
15775 52.65 48.96 0.00 -2.7882 -2.6565 -2.6565
15800 52.65 48.96 0.00 -2.7882 -2.6565 -2.6565
15825 52.64 48.60 0.00 1.8974 -1.8098 -1.8098
15850 52.88 48.35 0.00 8.5093 0.4533 0.4533
15875 53.25 48.29 0.00 8.7054 -0.2579 -0.2579
15900 53.25 48.29 0.00 8.7054 -0.2579 -0.2579
15925 53.51 48.31 0.00 4.5066 -0.0282 -0.0282
15950 53.56 48.27 0.00 -0.1657 -0.1928 -0.1928
15975 53.56 48.27 0.00 -0.1657 -0.1928 -0.1928
16000 53.49 48.10 0.00 -2.6388 -0.5575 -0.5575
16025 53.39 47.87 0.00 -2.6013 -1.2649 -1.2649
16050 53.39 47.87 0.00 -2.6013 -1.2649 -1.2649
16075 53.28 47.56 0.00 -1.7381 -1.1429 -1.1429
16100 53.28 47.56 0.00 -1.7381 -1.1429 -1.1429
16125 53.23 46.87 0.00 -0.9421 -1.2636 -1.2636
16150 53.23 46.87 0.00 -0.9421 -1.2636 -1.2636
16175 53.18 46.54 0.00 -1.1540 -0.4855 -0.4855
16200 53.18 46.54 0.00 -1.1540 -0.4855 -0.4855
16225 53.13 46.18 0.00 -1.4949 -0.4036 -0.4036
16250 53.07 45.79 0.00 -1.5089 -0.1015 -0.1015
16275 52.99 45.31 0.00 -2.1941 -0.6782 -0.6782
16300 52.99 45.31 0.00 -2.1941 -0.6782 -0.6782
16325 52.88 44.68 0.00 -3.4525 -0.9954 -0.9954
16350 52.72 43.98 0.00 -4.2181 -0.8159 -0.8159
16375 52.58 43.43 0.00 -4.0830 -0.8666 -0.8666
16400 52.58 43.43 0.00 -4.0830 -0.8666 -0.8666
16425 52.50 42.88 0.00 -0.6551 1.3272 1.3272
16450 52.50 42.88 0.00 -0.6551 1.3272 1.3272
16475 52.51 42.68 0.00 0.6446 -0.9235 -0.9235
16500 52.50 42.46 0.00 -0.4342 -1.8629 -1.8629
16525 52.46 42.25 0.00 -1.8606 -1.7715 -1.7715
16550 52.46 42.25 0.00 -1.8606 -1.7715 -1.7715
16575 52.37 42.05 0.00 -2.1602 -1.3137 -1.3137
16600 52.27 41.79 0.00 -2.3815 -2.1032 -2.1032
16625 52.27 41.79 0.00 -2.3815 -2.1032 -2.1032
16650 52.18 41.43 0.00 -2.4729 -2.3777 -2.3777
16675 52.08 40.98 0.00 -2.4337 -1.9559 -1.9559
16700 52.08 40.98 0.00 -2.4337 -1.9559 -1.9559
16725 51.97 40.50 0.00 -2.9871 -2.5484 -2.5484
16750 51.85 39.89 0.00 -3.1605 -2.3235 -2.3235
16775 51.71 39.25 0.00 -3.2057 -2.8800 -2.8800
16800 51.71 39.25 0.00 -3.2057 -2.8800 -2.8800
16825 51.59 38.66 0.00 -2.8624 -3.8505 -3.8505
16850 51.48 38.11 0.00 -2.6041 -3.6717 -3.6717
16875 51.48 38.11 0.00 -2.6041 -3.6717 -3.6717
16900 51.40 37.64 0.00 -2.0199 -2.8321 -2.8321
16925 51.33 37.21 0.00 -1.3585 -2.3470 -2.3470
16950 51.29 36.78 0.00 -1.0105 -2.0264 -2.0264
16975 51.29 36.78 0.00 -1.0105 -2.0264 -2.0264
17000 51.24 36.35 0.00 -1.2924 -2.0818 -2.0818
17025 51.17 35.86 0.00 -1.6892 -1.9272 -1.9272
17050 51.17 35.86 0.00 -1.6892 -1.9272 -1.9272
17075 51.13 35.29 0.00 -0.7122 -0.8966 -0.8966
17100 51.15 34.75 0.00 1.0309 -0.2534 -0.2534
17125 51.15 34.75 0.00 1.0309 -0.2534 -0.2534
17150 51.22 34.25 0.00 2.2553 0.1120 0.1120
17175 51.31 33.77 0.00 2.2484 -1.2856 -1.2856
17200 51.41 33.41 0.00 4.1004 1.2336 1.2336
17225 51.41 33.41 0.00 4.1004 1.2336 1.2336
17250 51.62 32.98 0.00 5.5216 2.3307 2.3307
17275 51.82 32.64 0.00 4.3112 0.6514 0.6514
17300 51.82 32.64 0.00 4.3112 0.6514 0.6514
17325 51.96 32.28 0.00 3.6388 0.3570 0.3570
17350 52.11 31.90 0.00 3.5762 0.1985 0.1985
17375 52.23 31.49 0.00 3.3227 0.8522 0.8522
17400 52.23 31.49 0.00 3.3227 0.8522 0.8522
17425 52.37 30.99 0.00 3.3438 1.4020 1.4020
17450 52.37 30.99 0.00 3.3438 1.4020 1.4020
17475 52.55 30.37 0.00 5.0155 3.4810 3.4810
17500 52.78 29.65 0.00 6.3841 4.5455 4.5455
17525 53.06 28.97 0.00 7.0802 4.3531 4.3531
17550 53.06 28.97 0.00 7.0802 4.3531 4.3531
17575 53.32 28.33 0.00 5.6207 3.6156 3.6156
17600 53.51 27.84 0.00 3.8406 3.2212 3.2212
17625 53.51 27.84 0.00 3.8406 3.2212 3.2212
17650 53.60 27.51 0.00 1.2883 1.4309 1.4309
17675 53.60 27.33 0.00 -1.2050 -0.6178 -0.6178
17700 53.49 27.33 0.00 -3.2791 -2.6149 -2.6149
17725 53.49 27.33 0.00 -3.2791 -2.6149 -2.6149
17750 53.37 27.12 0.00 -2.1286 -2.2160 -2.2160
17775 53.32 26.67 0.00 -0.8869 -2.2587 -2.2587
17800 53.32 26.67 0.00 -0.8869 -2.2587 -2.2587
17825 53.32 26.27 0.00 0.4560 -1.1910 -1.1910
17850 53.33 25.91 0.00 -0.2923 -1.9666 -1.9666
17875 53.33 25.91 0.00 -0.2923 -1.9666 -1.9666
17900 53.28 25.62 0.00 -1.9520 -3.4201 -3.4201
17925 53.18 25.33 0.00 -2.8677 -2.8549 -2.8549
17950 53.11 25.08 0.00 -1.5686 -0.9379 -0.9379
17975 53.11 25.08 0.00 -1.5686 -0.9379 -0.9379
18000 53.09 24.84 0.00 0.6658 0.2544 0.2544
18025 53.18 24.70 0.00 2.6247 0.3252 0.3252
18050 53.18 24.70 0.00 2.6247 0.3252 0.3252
18075 53.30 24.61 0.00 3.8907 0.6125 0.6125
18100 53.51 24.49 0.00 5.8223 2.0686 2.0686
18125 53.75 24.37 0.00 6.6458 2.5764 2.5764
18150 53.75 24.37 0.00 6.6458 2.5764 2.5764
18175 53.75 24.37 0.00 6.6458 2.5764 2.5764
18200 54.33 24.18 0.00 6.6557 2.2164 2.2164
18225 54.33 24.18 0.00 6.6557 2.2164 2.2164
18250 54.54 24.13 0.00 4.3052 -0.5909 -0.5909
18275 54.66 24.10 0.00 3.0778 -1.1211 -1.1211
18300 54.66 24.10 0.00 3.0778 -1.1211 -1.1211
18325 54.79 24.05 0.00 3.3886 0.0716 0.0716
18350 54.94 24.00 0.00 3.6958 0.4255 0.4255
18375 55.10 24.00 0.00 4.0137 1.1217 1.1217
18400 55.10 24.00 0.00 4.0137 1.1217 1.1217
18425 55.26 23.99 0.00 4.4058 2.6263 2.6263
18450 55.43 23.92 0.00 4.5763 3.1147 3.1147
18475 55.43 23.92 0.00 4.5763 3.1147 3.1147
18500 55.66 23.75 0.00 6.5728 4.3358 4.3358
18525 55.96 23.58 0.00 7.6254 3.9562 3.9562
18550 55.96 23.58 0.00 7.6254 3.9562 3.9562
18575 56.26 23.46 0.00 6.8441 2.4836 2.4836
18600 56.48 23.34 0.00 5.0694 0.9677 0.9677
18625 56.64 23.01 0.00 3.6710 -2.0538 -2.0538
18650 56.64 23.01 0.00 3.6710 -2.0538 -2.0538
18675 56.82 22.52 0.00 4.7674 -0.6965 -0.6965
18700 56.82 22.52 0.00 4.7674 -0.6965 -0.6965
18725 56.99 21.91 0.00 3.2967 -1.3782 -1.3782
18750 57.08 21.05 0.00 1.9046 -1.7214 -1.7214
18775 57.08 21.05 0.00 1.9046 -1.7214 -1.7214
18800 57.13 20.18 0.00 2.4222 -1.5986 -1.5986
18825 57.26 19.04 0.00 2.6162 -1.7892 -1.7892
18850 57.34 18.05 0.00 2.2748 -1.5446 -1.5446
18875 57.34 18.05 0.00 2.2748 -1.5446 -1.5446
18900 57.41 17.23 0.00 1.4826 -0.9336 -0.9336
18925 57.48 16.67 0.00 1.6503 1.8529 1.8529
18950 57.52 16.28 0.00 -0.0065 1.4139 1.4139
18975 57.52 16.28 0.00 -0.0065 1.4139 1.4139
19000 57.50 15.82 0.00 -0.1618 0.9030 0.9030
19025 57.48 15.45 0.00 -0.1727 0.8179 0.8179
19050 57.48 15.45 0.00 -0.1727 0.8179 0.8179
19075 57.50 15.16 0.00 0.5229 0.0676 0.0676
19100 57.54 14.88 0.00 0.7679 -1.6156 -1.6156
19125 57.57 14.61 0.00 0.8884 -2.2353 -2.2353
19150 57.57 14.61 0.00 0.8884 -2.2353 -2.2353
19175 57.64 14.48 0.00 2.3970 -0.4783 -0.4783
19200 57.80 14.47 0.00 5.2087 1.6385 1.6385
19225 57.80 14.47 0.00 5.2087 1.6385 1.6385
19250 58.19 14.53 0.00 14.3888 5.4436 5.4436
19275 59.22 14.57 0.00 32.2502 12.2949 12.2949
19300 60.83 14.76 0.00 44.3657 15.0187 15.0187
19325 60.83 14.76 0.00 44.3657 15.0187 15.0187
19350 62.72 15.19 0.00 47.6494 17.9283 17.9283
19375 64.50 15.68 0.00 41.7337 15.7878 15.7878
19400 64.50 15.68 0.00 41.7337 15.7878 15.7878
19425 65.91 16.14 0.00 31.3891 10.3923 10.3923
19450 65.91 16.14 0.00 31.3891 10.3923 10.3923
19475 66.84 16.51 0.00 17.9383 3.5597 3.5597
19500 67.22 16.79 0.00 4.8352 -0.9111 -0.9111
19525 67.17 16.99 0.00 -4.7219 -0.5666 -0.5666
19550 66.91 17.13 0.00 -9.3630 -0.8453 -0.8453
19575 66.91 17.13 0.00 -9.3630 -0.8453 -0.8453
19600 66.50 17.13 0.00 -10.4306 -0.3622 -0.3622
19625 66.09 16.90 0.00 -10.0353 -2.2045 -2.2045
19650 66.09 16.90 0.00 -10.0353 -2.2045 -2.2045
19675 65.71 16.45 0.00 -9.5639 -2.7414 -2.7414
19700 65.36 15.70 0.00 -7.9170 -1.5495 -1.5495
19725 65.09 14.61 0.00 -6.2968 -0.0416 -0.0416
19750 65.09 14.61 0.00 -6.2968 -0.0416 -0.0416
19775 64.86 13.41 0.00 -5.7815 0.5123 0.5123
19800 64.62 12.15 0.00 -5.3164 2.2850 2.2850
19825 64.62 12.15 0.00 -5.3164 2.2850 2.2850
19850 64.37 10.72 0.00 -7.2538 2.6128 2.6128
19875 64.05 9.19 0.00 -8.4952 2.1919 2.1919
19900 64.05 9.19 0.00 -8.4952 2.1919 2.1919
19925 63.68 7.84 0.00 -9.7258 0.7651 0.7651
19950 63.31 6.92 0.00 -9.5114 -0.4357 -0.4357
19975 63.31 6.92 0.00 -9.5114 -0.4357 -0.4357
20000 62.92 6.48 0.00 -9.7644 -3.6580 -3.6580
20025 62.56 6.24 0.00 -7.4239 -2.1927 -2.1927
20050 62.56 6.24 0.00 -7.4239 -2.1927 -2.1927
20075 62.40 6.15 0.00 -2.7113 1.6181 1.6181
20100 62.33 6.26 0.00 -0.6990 2.4278 2.4278
20125 62.33 6.90 0.00 -0.0813 0.8779 0.8779
20150 62.33 6.90 0.00 -0.0813 0.8779 0.8779
20175 62.33 7.83 0.00 -0.2562 3.5705 3.5705
20200 62.28 8.28 0.00 -1.8244 4.1041 4.1041
20225 62.28 8.28 0.00 -1.8244 4.1041 4.1041
20250 62.23 8.39 0.00 -1.8910 4.3389 4.3389
20275 62.14 8.48 0.00 -2.2482 0.8695 0.8695
20300 62.00 8.41 0.00 -3.3943 -0.9593 -0.9593
20325 62.00 8.41 0.00 -3.3943 -0.9593 -0.9593
20350 61.85 8.50 0.00 -6.0501 -3.3665 -3.3665
20375 61.50 8.82 0.00 -10.4656 -7.8052 -7.8052
20400 61.50 8.82 0.00 -10.4656 -7.8052 -7.8052
20425 61.00 9.04 0.00 -13.9809 -7.6119 -7.6119
20450 60.42 9.13 0.00 -15.2253 -6.1109 -6.1109
20475 60.42 9.13 0.00 -15.2253 -6.1109 -6.1109
20500 59.79 9.23 0.00 -16.1215 -6.8711 -6.8711
20525 59.10 9.30 0.00 -17.8391 -8.8899 -8.8899
20550 58.38 9.35 0.00 -18.1265 -9.1332 -9.1332
20575 58.38 9.35 0.00 -18.1265 -9.1332 -9.1332
20600 57.62 9.39 0.00 -19.1835 -8.9137 -8.9137
20625 56.89 9.48 0.00 -17.6113 -5.5577 -5.5577
20650 56.89 9.48 0.00 -17.6113 -5.5577 -5.5577
20675 56.29 9.66 0.00 -13.1539 -1.7408 -1.7408
20700 55.82 10.01 0.00 -11.1494 -5.3434 -5.3434
20725 55.82 10.01 0.00 -11.1494 -5.3434 -5.3434
20750 55.43 10.47 0.00 -8.9353 -8.6366 -8.6366
20775 55.10 10.86 0.00 -7.4345 -7.6003 -7.6003
20800 54.86 11.41 0.00 -5.1833 -3.7850 -3.7850
20825 54.86 11.41 0.00 -5.1833 -3.7850 -3.7850
20850 54.68 11.92 0.00 -3.9716 -1.7867 -1.7867
20875 54.52 12.31 0.00 -4.0977 -2.4843 -2.4843
20900 54.52 12.31 0.00 -4.0977 -2.4843 -2.4843
20925 54.35 12.69 0.00 -5.4152 -5.5591 -5.5591
20950 54.07 13.15 0.00 -7.3147 -7.5623 -7.5623
20975 54.07 13.15 0.00 -7.3147 -7.5623 -7.5623
21000 53.77 13.56 0.00 -7.4408 -6.1649 -6.1649
21025 53.54 13.89 0.00 -4.3987 -1.7481 -1.7481
21050 53.42 14.24 0.00 -2.4680 -1.6915 -1.6915
21075 53.42 14.24 0.00 -2.4680 -1.6915 -1.6915
21100 53.37 14.46 0.00 -1.4969 -1.2311 -1.2311
21125 53.32 14.68 0.00 -1.2115 -0.4476 -0.4476
21150 53.32 14.68 0.00 -1.2115 -0.4476 -0.4476
21175 53.23 14.91 0.00 -3.2420 -1.9323 -1.9323
21200 53.07 15.11 0.00 -4.3620 -2.2150 -2.2150
21225 53.07 15.11 0.00 -4.3620 -2.2150 -2.2150
21250 52.86 15.28 0.00 -5.9498 -2.4307 -2.4307
21275 52.53 15.44 0.00 -9.7649 -3.3427 -3.3427
21300 52.53 15.44 0.00 -9.7649 -3.3427 -3.3427
21325 52.06 15.57 0.00 -13.0868 -4.8858 -4.8858
21350 51.52 15.65 0.00 -12.9231 -3.6371 -3.6371
21375 51.05 15.75 0.00 -11.0011 -3.1267 -3.1267
21400 51.05 15.75 0.00 -11.0011 -3.1267 -3.1267
21425 50.65 15.90 0.00 -9.4217 -4.7906 -4.7906
21450 50.30 16.04 0.00 -8.4037 -4.9393 -4.9393
21475 50.30 16.04 0.00 -8.4037 -4.9393 -4.9393
21500 49.97 16.12 0.00 -9.0799 -2.6747 -2.6747
21525 49.51 15.99 0.00 -12.5265 3.5994 3.5994
21550 48.92 15.94 0.00 -16.9523 7.2446 7.2446
21575 48.92 15.94 0.00 -16.9523 7.2446 7.2446
21600 48.18 16.13 0.00 -18.7439 6.0990 6.0990
21625 47.43 16.51 0.00 -18.4853 3.0756 3.0756
21650 47.43 16.51 0.00 -18.4853 3.0756 3.0756
21675 46.75 17.03 0.00 -16.1996 0.1809 0.1809
21700 46.75 17.03 0.00 -16.1996 0.1809 0.1809
21725 46.21 17.57 0.00 -11.8930 -0.0742 -0.0742
21750 45.83 18.09 0.00 -8.3114 -1.2296 -1.2296
21775 45.58 18.49 0.00 -5.2471 -1.9035 -1.9035
21800 45.58 18.49 0.00 -5.2471 -1.9035 -1.9035
21825 45.42 18.87 0.00 -3.0467 -2.7918 -2.7918
21850 45.35 19.27 0.00 -1.3604 -1.6356 -1.6356
21875 45.34 19.60 0.00 -0.3246 0.0972 0.0972
21900 45.34 19.60 0.00 -0.3246 0.0972 0.0972
21925 45.37 20.19 0.00 1.4185 2.2824 2.2824
21950 45.46 20.97 0.00 3.2395 3.2164 3.2164
21975 45.60 21.69 0.00 3.2750 2.3058 2.3058
22000 45.60 21.69 0.00 3.2750 2.3058 2.3058
22025 45.72 22.44 0.00 3.0568 1.3790 1.3790
22050 45.91 23.16 0.00 6.2052 3.3186 3.3186
22075 45.91 23.16 0.00 6.2052 3.3186 3.3186
22100 46.18 23.92 0.00 7.4472 1.1581 1.1581
22125 46.56 24.85 0.00 10.3051 1.0572 1.0572
22150 46.56 24.85 0.00 10.3051 1.0572 1.0572
22175 46.98 25.76 0.00 10.6286 2.3884 2.3884
22200 47.35 26.62 0.00 7.8443 2.1380 2.1380
22225 47.56 27.53 0.00 3.2051 0.8463 0.8463
22250 47.56 27.53 0.00 3.2051 0.8463 0.8463
22275 47.54 28.28 0.00 -3.0429 -0.0763 -0.0763
22300 47.54 28.28 0.00 -3.0429 -0.0763 -0.0763
22325 47.28 28.73 0.00 -7.7583 -0.6016 -0.6016
22350 46.93 29.06 0.00 -9.4953 -1.5678 -1.5678
22375 46.51 29.38 0.00 -11.0974 -4.7819 -4.7819
22400 46.51 29.38 0.00 -11.0974 -4.7819 -4.7819
22425 46.04 29.63 0.00 -12.3992 -6.9001 -6.9001
22450 45.53 29.90 0.00 -12.8512 -7.1538 -7.1538
22475 45.53 29.90 0.00 -12.8512 -7.1538 -7.1538
22500 44.99 30.28 0.00 -13.7629 -7.0144 -7.0144
22525 44.41 30.72 0.00 -14.5907 -5.0472 -5.0472
22550 43.81 31.22 0.00 -15.1978 -2.3684 -2.3684
22575 43.81 31.22 0.00 -15.1978 -2.3684 -2.3684
22600 43.18 31.69 0.00 -15.9865 0.3245 0.3245
22625 42.53 32.20 0.00 -16.1806 1.4942 1.4942
22650 42.53 32.20 0.00 -16.1806 1.4942 1.4942
22675 42.06 32.63 0.00 -15.8063 2.0506 2.0506
22700 41.44 33.16 0.00 -14.6992 1.6390 1.6390
22725 40.90 33.67 0.00 -13.0446 -0.4679 -0.4679
22750 40.90 33.67 0.00 -13.0446 -0.4679 -0.4679
22775 40.42 34.13 0.00 -11.0598 -2.1781 -2.1781
22800 40.00 34.47 0.00 -9.8709 -3.8461 -3.8461
22825 40.00 34.47 0.00 -9.8709 -3.8461 -3.8461
22850 39.70 34.71 0.00 -6.3359 -3.1934 -3.1934
22875 39.49 34.99 0.00 -4.2698 -4.2375 -4.2375
22900 39.49 34.99 0.00 -4.2698 -4.2375 -4.2375
22925 39.35 35.32 0.00 -3.3073 -4.8767 -4.8767
22950 39.22 35.65 0.00 -3.1087 -3.9985 -3.9985
22975 39.22 35.65 0.00 -3.1087 -3.9985 -3.9985
23000 39.08 35.98 0.00 -3.9268 -3.4876 -3.4876
23025 38.92 36.32 0.00 -4.0888 -2.1077 -2.1077
23050 38.75 36.60 0.00 -4.1107 -1.7942 -1.7942
23075 38.75 36.60 0.00 -4.1107 -1.7942 -1.7942
23100 38.62 36.80 0.00 -2.6515 0.1762 0.1762
23125 38.62 36.80 0.00 -2.6515 0.1762 0.1762
23150 38.54 36.92 0.00 -2.0938 0.6970 0.6970
23175 38.46 37.04 0.00 -1.8322 0.4942 0.4942
23200 38.38 37.20 0.00 -2.0606 -0.0209 -0.0209
23225 38.38 37.20 0.00 -2.0606 -0.0209 -0.0209
23250 38.27 37.49 0.00 -3.0974 -0.7118 -0.7118
23275 38.11 37.91 0.00 -5.2284 -1.1378 -1.1378
23300 38.11 37.91 0.00 -5.2284 -1.1378 -1.1378
23325 37.83 38.43 0.00 -7.6299 -1.2325 -1.2325
23350 37.47 38.98 0.00 -9.7019 -1.6957 -1.6957
23375 37.47 38.98 0.00 -9.7019 -1.6957 -1.6957
23400 37.03 39.51 0.00 -11.5330 -1.6479 -1.6479
23425 36.67 39.92 0.00 -12.3438 -1.8397 -1.8397
23450 36.14 40.44 0.00 -13.5015 -2.0458 -2.0458
23475 36.14 40.44 0.00 -13.5015 -2.0458 -2.0458
23500 35.57 40.95 0.00 -15.1862 -3.0625 -3.0625
23525 34.98 41.40 0.00 -13.7296 -1.6407 -1.6407
23550 34.98 41.40 0.00 -13.7296 -1.6407 -1.6407
23575 34.48 41.90 0.00 -11.9845 -1.3863 -1.3863
23600 34.04 42.53 0.00 -10.7405 -0.3565 -0.3565
23625 34.04 42.53 0.00 -10.7405 -0.3565 -0.3565
23650 33.61 43.27 0.00 -10.8538 0.6415 0.6415
23675 33.16 44.05 0.00 -11.5024 0.7437 0.7437
23700 32.69 44.86 0.00 -11.5759 0.6235 0.6235
23725 32.69 44.86 0.00 -11.5759 0.6235 0.6235
23750 32.24 45.56 0.00 -10.7794 -0.2542 -0.2542
23775 31.88 46.13 0.00 -7.8942 -0.9750 -0.9750
23800 31.88 46.13 0.00 -7.8942 -0.9750 -0.9750
23825 31.65 46.62 0.00 -4.5817 -1.3451 -1.3451
23850 31.52 47.12 0.00 -2.2125 -0.7503 -0.7503
23875 31.52 47.12 0.00 -2.2125 -0.7503 -0.7503
23900 31.45 47.63 0.00 -1.1889 0.4396 0.4396
23925 31.41 48.17 0.00 -1.4210 0.7167 0.7167
23950 31.25 48.74 0.00 -5.5429 -0.3196 -0.3196
23975 31.25 48.74 0.00 -5.5429 -0.3196 -0.3196
24000 30.92 49.19 0.00 -9.4584 0.5504 0.5504
24025 30.51 49.47 0.00 -11.3509 0.3705 0.3705
24050 30.51 49.47 0.00 -11.3509 0.3705 0.3705
24075 30.04 49.73 0.00 -11.5363 -0.9281 -0.9281
24100 29.58 49.98 0.00 -11.1144 -2.8629 -2.8629
24125 29.15 50.18 0.00 -11.3244 -4.4728 -4.4728
24150 29.15 50.18 0.00 -11.3244 -4.4728 -4.4728
24175 28.67 50.31 0.00 -11.4131 -4.9421 -4.9421
24200 28.34 50.39 0.00 -11.2772 -4.3373 -4.3373
24225 28.34 50.39 0.00 -11.2772 -4.3373 -4.3373
24250 27.87 50.53 0.00 -12.3963 -4.1336 -4.1336
24275 27.32 50.67 0.00 -14.3074 -3.7266 -3.7266
24300 26.73 50.75 0.00 -15.4122 -3.5240 -3.5240
24325 26.73 50.75 0.00 -15.4122 -3.5240 -3.5240
24350 26.08 50.83 0.00 -15.9156 -4.1471 -4.1471
24375 25.47 50.88 0.00 -14.5555 -4.9757 -4.9757
24400 25.47 50.88 0.00 -14.5555 -4.9757 -4.9757
24425 24.99 50.95 0.00 -10.4340 -5.4225 -5.4225
24450 24.73 51.03 0.00 -4.2826 -6.3007 -6.3007
24475 24.73 51.03 0.00 -4.2826 -6.3007 -6.3007
24500 24.64 51.16 0.00 -0.7869 -5.2367 -5.2367
24525 24.66 51.35 0.00 0.9265 -1.2775 -1.2775
24550 24.66 51.35 0.00 0.9265 -1.2775 -1.2775
24575 24.71 51.65 0.00 1.9598 1.8288 1.8288
24600 24.84 52.12 0.00 4.0946 3.1579 3.1579
24625 24.84 52.12 0.00 4.0946 3.1579 3.1579
24650 25.05 52.82 0.00 5.4884 2.0688 2.0688
24675 25.27 53.79 0.00 5.3669 0.7109 0.7109
24700 25.46 54.73 0.00 4.1671 0.2236 0.2236
24725 25.46 54.73 0.00 4.1671 0.2236 0.2236
24750 25.60 55.55 0.00 2.5073 0.0896 0.0896
24775 25.64 56.22 0.00 -0.4265 -0.9787 -0.9787
24800 25.64 56.22 0.00 -0.4265 -0.9787 -0.9787
24825 25.59 56.68 0.00 -2.2033 0.2530 0.2530
24850 25.46 57.34 0.00 -3.2344 1.0138 1.0138
24875 25.31 57.97 0.00 -3.6989 1.3942 1.3942
24900 25.31 57.97 0.00 -3.6989 1.3942 1.3942
24925 25.16 58.54 0.00 -3.8623 1.1561 1.1561
24950 25.01 59.04 0.00 -4.2378 -0.1528 -0.1528
24975 25.01 59.04 0.00 -4.2378 -0.1528 -0.1528
25000 24.81 59.44 0.00 -4.9419 -0.4019 -0.4019
25025 24.60 59.78 0.00 -6.0135 -2.4853 -2.4853
25050 24.60 59.78 0.00 -6.0135 -2.4853 -2.4853
25075 24.32 60.14 0.00 -6.9863 -2.7470 -2.7470
25100 24.03 60.56 0.00 -7.8163 -4.7120 -4.7120
25125 23.69 61.06 0.00 -9.5188 -5.9779 -5.9779
25150 23.69 61.06 0.00 -9.5188 -5.9779 -5.9779
25175 23.24 61.64 0.00 -12.3733 -5.9371 -5.9371
25200 22.74 62.27 0.00 -12.6484 -5.8515 -5.8515
25225 22.74 62.27 0.00 -12.6484 -5.8515 -5.8515
25250 22.25 63.01 0.00 -11.2006 -6.5359 -6.5359
25275 21.85 63.82 0.00 -9.4924 -7.7681 -7.7681
25300 21.85 63.82 0.00 -9.4924 -7.7681 -7.7681
25325 21.53 64.63 0.00 -6.1065 -8.7844 -8.7844
25350 21.34 65.38 0.00 -3.6564 -7.4502 -7.4502
25375 21.21 66.15 0.00 -3.4120 -5.3486 -5.3486
25400 21.21 66.15 0.00 -3.4120 -5.3486 -5.3486
25425 21.10 66.90 0.00 -2.6413 -3.3853 -3.3853
25450 20.99 67.69 0.00 -2.5933 -2.8674 -2.8674
25475 20.99 67.69 0.00 -2.5933 -2.8674 -2.8674
25500 20.91 68.49 0.00 -0.9405 0.4295 0.4295
25525 20.91 69.34 0.00 0.3987 1.8334 1.8334
25550 20.91 69.34 0.00 0.3987 1.8334 1.8334
25575 21.00 70.11 0.00 3.3652 3.1770 3.1770
25600 21.19 70.79 0.00 5.6315 3.8897 3.8897
25625 21.19 70.79 0.00 5.6315 3.8897 3.8897
25650 21.46 71.38 0.00 6.7233 3.6985 3.6985
25675 21.74 71.92 0.00 7.3984 3.1986 3.1986
25700 22.00 72.47 0.00 5.8351 1.8865 1.8865
25725 22.00 72.47 0.00 5.8351 1.8865 1.8865
25750 22.12 72.87 0.00 3.0143 2.3719 2.3719
25775 22.15 73.29 0.00 -0.7876 2.5542 2.5542
25800 22.15 73.29 0.00 -0.7876 2.5542 2.5542
25825 22.04 73.61 0.00 -3.7059 1.7645 1.7645
25850 21.83 73.86 0.00 -6.5761 0.0814 0.0814
25875 21.83 73.86 0.00 -6.5761 0.0814 0.0814
25900 21.38 73.88 0.00 -14.1533 -2.8231 -2.8231
25925 20.72 73.70 0.00 -17.0802 -4.8767 -4.8767
25950 20.72 73.70 0.00 -17.0802 -4.8767 -4.8767
25975 20.06 73.53 0.00 -16.6009 -7.0616 -7.0616
26000 19.43 73.43 0.00 -14.4681 -7.3209 -7.3209
26025 18.93 73.40 0.00 -11.8122 -6.4084 -6.4084
26050 18.53 73.41 0.00 -8.4393 -5.2905 -5.2905
26075 18.53 73.41 0.00 -8.4393 -5.2905 -5.2905
26100 18.28 73.43 0.00 -4.3879 -4.8859 -4.8859
26125 18.20 73.43 0.00 -0.7751 -4.9836 -4.9836
26150 18.20 73.43 0.00 -0.7751 -4.9836 -4.9836
26175 18.18 73.30 0.00 -0.3748 -5.2017 -5.2017
26200 18.18 73.30 0.00 -0.3748 -5.2017 -5.2017
26225 18.14 73.13 0.00 -2.0434 -4.7076 -4.7076
26250 17.99 72.98 0.00 -4.1164 -5.1008 -5.1008
26275 17.84 72.90 0.00 -4.0419 -2.1763 -2.1763
26300 17.84 72.90 0.00 -4.0419 -2.1763 -2.1763
26325 17.68 72.96 0.00 -3.3917 -1.4633 -1.4633
26350 17.60 73.07 0.00 -1.4408 -0.8692 -0.8692
26375 17.57 73.14 0.00 -0.3042 -0.4854 -0.4854
26400 17.57 73.14 0.00 -0.3042 -0.4854 -0.4854
26425 17.57 73.23 0.00 0.2045 -0.8137 -0.8137
26450 17.57 73.23 0.00 0.2045 -0.8137 -0.8137
26475 17.60 73.36 0.00 0.5386 0.4735 0.4735
26500 17.59 73.45 0.00 -0.5424 1.1673 1.1673
26525 17.53 73.56 0.00 -2.8379 -0.8383 -0.8383
26550 17.53 73.56 0.00 -2.8379 -0.8383 -0.8383
26575 17.37 73.67 0.00 -5.8992 -2.9064 -2.9064
26600 17.10 73.85 0.00 -6.8686 -4.1603 -4.1603
26625 16.85 74.14 0.00 -5.6147 -3.6731 -3.6731
26650 16.85 74.14 0.00 -5.6147 -3.6731 -3.6731
26675 16.70 74.54 0.00 -3.1354 -2.6393 -2.6393
26700 16.60 74.97 0.00 -2.6912 -1.4406 -1.4406
26725 16.60 74.97 0.00 -2.6912 -1.4406 -1.4406
26750 16.42 75.28 0.00 -5.1432 -0.2052 -0.2052
26775 16.19 75.59 0.00 -5.7903 1.0160 1.0160
26800 16.19 75.59 0.00 -5.7903 1.0160 1.0160
26825 16.02 75.90 0.00 -3.1182 0.9166 0.9166
26850 16.00 76.27 0.00 0.9370 0.3348 0.3348
26875 16.13 76.60 0.00 5.3206 -0.4771 -0.4771
26900 16.13 76.60 0.00 5.3206 -0.4771 -0.4771
26925 16.40 76.88 0.00 6.8276 -1.3798 -1.3798
26950 16.40 76.88 0.00 6.8276 -1.3798 -1.3798
26975 16.66 77.07 0.00 6.3066 -0.4089 -0.4089
27000 16.89 77.25 0.00 4.8041 1.2538 1.2538
27025 17.01 77.42 0.00 1.8051 1.0864 1.0864
27050 17.01 77.42 0.00 1.8051 1.0864 1.0864
27075 17.02 77.55 0.00 0.1560 0.1248 0.1248
27100 17.04 77.66 0.00 0.7614 0.1295 0.1295
27125 17.12 77.71 0.00 2.8099 0.1802 0.1802
27150 17.12 77.71 0.00 2.8099 0.1802 0.1802
27175 17.30 77.75 0.00 4.8677 0.6806 0.6806
27200 17.51 77.77 0.00 5.8283 1.6923 1.6923
27225 17.76 77.77 0.00 6.2664 1.7994 1.7994
27250 17.76 77.77 0.00 6.2664 1.7994 1.7994
27275 17.99 77.81 0.00 5.1516 1.7281 1.7281
27300 18.12 77.81 0.00 4.6038 2.2195 2.2195
27325 18.12 77.81 0.00 4.6038 2.2195 2.2195
27350 18.32 77.83 0.00 5.0886 3.3079 3.3079
27375 18.57 77.81 0.00 6.8944 3.7941 3.7941
27400 18.57 77.81 0.00 6.8944 3.7941 3.7941
27425 18.89 77.79 0.00 9.0225 3.7050 3.7050
27450 19.33 77.79 0.00 11.7428 4.1809 4.1809
27475 19.33 77.79 0.00 11.7428 4.1809 4.1809
27500 19.85 77.78 0.00 13.3855 4.5067 4.5067
27525 20.42 77.76 0.00 14.4736 4.4620 4.4620
27550 20.99 77.76 0.00 14.2905 4.3223 4.3223
27575 20.99 77.76 0.00 14.2905 4.3223 4.3223
27600 21.51 77.77 0.00 12.0986 2.6349 2.6349
27625 21.93 77.80 0.00 9.5468 3.1747 3.1747
27650 21.93 77.80 0.00 9.5468 3.1747 3.1747
27675 22.21 77.88 0.00 5.5533 3.2546 3.2546
27700 22.38 77.99 0.00 3.2270 3.8928 3.8928
27725 22.38 77.99 0.00 3.2270 3.8928 3.8928
27750 22.49 78.06 0.00 3.1906 3.4137 3.4137
27775 22.66 78.11 0.00 4.6420 2.3020 2.3020
27800 22.87 78.13 0.00 5.4800 2.9620 2.9620
27825 22.87 78.13 0.00 5.4800 2.9620 2.9620
27850 23.07 78.13 0.00 4.7744 2.2615 2.2615
27875 23.24 78.08 0.00 4.1889 2.9571 2.9571
27900 23.24 78.08 0.00 4.1889 2.9571 2.9571
27925 23.39 78.06 0.00 3.0773 2.2541 2.2541
27950 23.50 78.08 0.00 2.8791 2.1421 2.1421
27975 23.50 78.08 0.00 2.8791 2.1421 2.1421
28000 23.62 78.10 0.00 2.8650 2.1599 2.1599
28025 23.77 78.13 0.00 4.2292 1.9329 1.9329
28050 23.77 78.13 0.00 4.2292 1.9329 1.9329
28075 23.97 78.17 0.00 5.5852 1.6661 1.6661
28100 24.14 78.21 0.00 5.8471 1.5163 1.5163
28125 24.36 78.24 0.00 5.4269 1.5922 1.5922
28150 24.36 78.24 0.00 5.4269 1.5922 1.5922
28175 24.58 78.21 0.00 5.6675 1.4318 1.4318
28200 24.83 78.15 0.00 6.4173 1.8019 1.8019
28225 24.83 78.15 0.00 6.4173 1.8019 1.8019
28250 25.09 78.10 0.00 6.3835 1.9128 1.9128
28275 25.33 78.05 0.00 5.7208 0.3921 0.3921
28300 25.59 78.01 0.00 7.8063 1.2529 1.2529
28325 25.59 78.01 0.00 7.8063 1.2529 1.2529
28350 25.92 77.98 0.00 8.5336 1.1775 1.1775
28375 26.27 78.01 0.00 8.7329 1.5013 1.5013
28400 26.27 78.01 0.00 8.7329 1.5013 1.5013
28425 26.58 78.07 0.00 7.2309 2.4929 2.4929
28450 26.84 78.09 0.00 6.1347 2.5568 2.5568
28475 27.10 78.05 0.00 6.6119 2.9286 2.9286
28500 27.10 78.05 0.00 6.6119 2.9286 2.9286
28525 27.37 77.95 0.00 7.2390 2.0284 2.0284
28550 27.37 77.95 0.00 7.2390 2.0284 2.0284
28575 27.70 77.79 0.00 8.7395 1.6934 1.6934
28600 28.07 77.66 0.00 9.0152 1.5075 1.5075
28625 28.42 77.57 0.00 8.7533 1.6794 1.6794
28650 28.42 77.57 0.00 8.7533 1.6794 1.6794
28675 28.74 77.52 0.00 7.4633 2.6422 2.6422
28700 29.00 77.50 0.00 6.2889 2.8014 2.8014
28725 29.00 77.50 0.00 6.2889 2.8014 2.8014
28750 29.25 77.50 0.00 6.0355 2.7945 2.7945
28775 29.49 77.52 0.00 5.6257 2.2241 2.2241
28800 29.49 77.52 0.00 5.6257 2.2241 2.2241
28825 29.64 77.49 0.00 2.1920 4.1713 4.1713
28850 29.62 77.43 0.00 -1.7475 6.0073 6.0073
28875 29.62 77.43 0.00 -1.7475 6.0073 6.0073
28900 29.56 77.45 0.00 -1.5919 6.0418 6.0418
28925 29.58 77.49 0.00 2.1003 3.4198 3.4198
28950 29.76 77.51 0.00 5.9893 -0.1511 -0.1511
28975 29.76 77.51 0.00 5.9893 -0.1511 -0.1511
29000 30.05 77.49 0.00 8.0488 1.7826 1.7826
29025 30.38 77.49 0.00 7.6274 2.5320 2.5320
29050 30.65 77.51 0.00 6.5135 3.2549 3.2549
29075 30.65 77.51 0.00 6.5135 3.2549 3.2549
29100 30.89 77.49 0.00 5.5995 3.1592 3.1592
29125 31.10 77.42 0.00 4.7991 2.0267 2.0267
29150 31.10 77.42 0.00 4.7991 2.0267 2.0267
29175 31.29 77.33 0.00 4.5022 2.1033 2.1033
29200 31.29 77.33 0.00 4.5022 2.1033 2.1033
29225 31.47 77.19 0.00 4.8167 1.5225 1.5225
29250 31.70 77.03 0.00 6.4927 2.2662 2.2662
29275 31.99 76.86 0.00 7.9493 1.7684 1.7684
29300 31.99 76.86 0.00 7.9493 1.7684 1.7684
29325 32.37 76.70 0.00 10.0783 1.3272 1.3272
29350 32.78 76.52 0.00 10.8915 1.9176 1.9176
29375 33.21 76.35 0.00 10.6472 2.0773 2.0773
29400 33.21 76.35 0.00 10.6472 2.0773 2.0773
29425 33.64 76.19 0.00 10.1986 2.0615 2.0615
29450 34.04 76.00 0.00 9.7693 2.0606 2.0606
29475 34.43 75.77 0.00 9.8714 2.3571 2.3571
29500 34.43 75.77 0.00 9.8714 2.3571 2.3571
29525 34.82 75.54 0.00 10.0197 2.4960 2.4960
29550 34.82 75.54 0.00 10.0197 2.4960 2.4960
29575 35.23 75.31 0.00 10.4619 2.8005 2.8005
29600 35.64 75.05 0.00 10.3278 2.2956 2.2956
29625 35.98 74.89 0.00 11.0241 3.0857 3.0857
29650 35.98 74.89 0.00 11.0241 3.0857 3.0857
29675 36.41 74.74 0.00 10.8944 2.3190 2.3190
29700 36.83 74.62 0.00 10.2144 2.1001 2.1001
29725 36.83 74.62 0.00 10.2144 2.1001 2.1001
29750 37.21 74.49 0.00 8.4288 2.3640 2.3640
29775 37.49 74.37 0.00 6.5072 2.4028 2.4028
29800 37.72 74.23 0.00 5.5583 2.4290 2.4290
29825 37.72 74.23 0.00 5.5583 2.4290 2.4290
29850 37.93 74.08 0.00 5.2053 2.5708 2.5708
29875 38.16 73.87 0.00 6.6630 2.3830 2.3830
29900 38.16 73.87 0.00 6.6630 2.3830 2.3830
29925 38.48 73.64 0.00 8.4077 1.4878 1.4878
29950 38.89 73.45 0.00 11.1161 1.1797 1.1797
29975 39.38 73.27 0.00 13.4080 1.1096 1.1096
30000 39.38 73.27 0.00 13.4080 1.1096 1.1096
30025 39.97 73.10 0.00 15.1870 1.5053 1.5053
30050 40.60 72.89 0.00 16.1154 1.5325 1.5325
30075 40.60 72.89 0.00 16.1154 1.5325 1.5325
30100 41.25 72.63 0.00 16.6302 1.2909 1.2909
30125 41.92 72.34 0.00 16.7550 1.0210 1.0210
30150 41.92 72.34 0.00 16.7550 1.0210 1.0210
30175 42.64 71.85 0.00 18.6795 -0.0669 -0.0669
30200 43.45 71.22 0.00 20.9628 -1.7856 -1.7856
30225 43.45 71.22 0.00 20.9628 -1.7856 -1.7856
30250 44.36 70.50 0.00 23.9311 -1.6922 -1.6922
30275 45.32 69.82 0.00 23.6059 -1.0766 -1.0766
30300 45.32 69.82 0.00 23.6059 -1.0766 -1.0766
30325 46.18 69.26 0.00 20.2560 0.4157 0.4157
30350 46.86 68.84 0.00 14.5559 2.6779 2.6779
30375 46.86 68.84 0.00 14.5559 2.6779 2.6779
30400 47.19 68.59 0.00 9.5030 3.7324 3.7324
30425 47.45 68.26 0.00 4.2357 4.6705 4.6705
30450 47.52 67.96 0.00 0.6219 3.4564 3.4564
30475 47.52 67.96 0.00 0.6219 3.4564 3.4564
30500 47.54 67.62 0.00 0.6280 3.3045 3.3045
30525 47.61 67.22 0.00 2.5322 1.8437 1.8437
30550 47.77 66.79 0.00 5.0149 1.9752 1.9752
30575 47.77 66.79 0.00 5.0149 1.9752 1.9752
30600 48.01 66.37 0.00 6.7365 2.7422 2.7422
30625 48.32 65.98 0.00 8.5301 3.3776 3.3776
30650 48.32 65.98 0.00 8.5301 3.3776 3.3776
30675 48.69 65.64 0.00 9.0822 3.7387 3.7387
30700 49.06 65.34 0.00 9.3198 2.8222 2.8222
30725 49.06 65.34 0.00 9.3198 2.8222 2.8222
30750 49.44 65.05 0.00 9.9932 1.8876 1.8876
30775 49.86 64.77 0.00 10.5483 1.7221 1.7221
30800 50.28 64.43 0.00 10.7599 1.8161 1.8161
30825 50.28 64.43 0.00 10.7599 1.8161 1.8161
30850 50.72 64.07 0.00 10.9638 1.5383 1.5383
30875 51.15 63.64 0.00 10.9276 1.1452 1.1452
30900 51.15 63.64 0.00 10.9276 1.1452 1.1452
30925 51.61 63.25 0.00 11.4658 2.4704 2.4704
30950 52.06 62.93 0.00 10.9587 2.3922 2.3922
30975 52.06 62.93 0.00 10.9587 2.3922 2.3922
31000 52.48 62.66 0.00 10.2439 2.1760 2.1760
31025 52.85 62.46 0.00 8.7900 1.4490 1.4490
31050 53.16 62.29 0.00 7.3606 1.3923 1.3923
31075 53.16 62.29 0.00 7.3606 1.3923 1.3923
31100 53.44 62.13 0.00 6.3602 1.8687 1.8687
31125 53.60 61.99 0.00 5.5194 2.5742 2.5742
31150 53.60 61.99 0.00 5.5194 2.5742 2.5742
31175 53.82 61.77 0.00 5.2173 3.2930 3.2930
31200 54.02 61.57 0.00 4.7654 2.8896 2.8896
31225 54.02 61.57 0.00 4.7654 2.8896 2.8896
31250 54.19 61.46 0.00 4.4883 2.7022 2.7022
31275 54.37 61.39 0.00 3.8264 2.8102 2.8102
31300 54.37 61.39 0.00 3.8264 2.8102 2.8102
31325 54.49 61.35 0.00 3.0713 2.4500 2.4500
31350 54.59 61.35 0.00 1.9638 1.6376 1.6376
31375 54.65 61.37 0.00 0.6141 1.3180 1.3180
31400 54.65 61.37 0.00 0.6141 1.3180 1.3180
31425 54.63 61.35 0.00 -0.5622 0.9147 0.9147
31450 54.61 61.29 0.00 -0.2027 0.2113 0.2113
31475 54.61 61.29 0.00 -0.2027 0.2113 0.2113
31500 54.63 61.20 0.00 0.8513 -0.3503 -0.3503
31525 54.68 61.13 0.00 1.1688 -0.4262 -0.4262
31550 54.68 61.13 0.00 1.1688 -0.4262 -0.4262
31575 54.70 61.02 0.00 0.4793 -0.5594 -0.5594
31600 54.70 60.93 0.00 -0.4590 -0.4814 -0.4814
31625 54.66 60.74 0.00 -1.2725 -1.3891 -1.3891
31650 54.66 60.74 0.00 -1.2725 -1.3891 -1.3891
31675 54.61 60.54 0.00 -1.2229 -0.5041 -0.5041
31700 54.56 60.36 0.00 -1.4915 -1.6703 -1.6703
31725 54.56 60.36 0.00 -1.4915 -1.6703 -1.6703
31750 54.51 60.19 0.00 -1.3318 -2.2677 -2.2677
31775 54.45 60.00 0.00 -1.6334 -2.1176 -2.1176
31800 54.37 59.76 0.00 -1.9291 -2.0030 -2.0030
31825 54.37 59.76 0.00 -1.9291 -2.0030 -2.0030
31850 54.30 59.44 0.00 -1.4106 -1.1456 -1.1456
31875 54.26 59.04 0.00 -0.3037 -0.7816 -0.7816
31900 54.26 59.04 0.00 -0.3037 -0.7816 -0.7816
31925 54.30 58.54 0.00 1.0855 0.0789 0.0789
31950 54.35 58.05 0.00 1.6383 -0.2384 -0.2384
31975 54.35 58.05 0.00 1.6383 -0.2384 -0.2384
32000 54.42 57.65 0.00 2.1539 -0.3871 -0.3871
32025 54.51 57.17 0.00 2.4259 0.1559 0.1559
32050 54.65 56.75 0.00 4.3761 0.2738 0.2738
32075 54.65 56.75 0.00 4.3761 0.2738 0.2738
32100 54.93 56.36 0.00 8.3395 -1.7724 -1.7724
32125 55.31 56.06 0.00 10.6169 -2.9255 -2.9255
32150 55.31 56.06 0.00 10.6169 -2.9255 -2.9255
32175 55.73 55.86 0.00 10.1828 -2.3928 -2.3928
32200 56.10 55.70 0.00 8.2010 -0.0079 -0.0079
32225 56.10 55.70 0.00 8.2010 -0.0079 -0.0079
32250 56.36 55.61 0.00 6.0012 1.9796 1.9796
32275 56.59 55.55 0.00 5.5602 3.3011 3.3011
32300 56.80 55.49 0.00 5.4959 2.8396 2.8396
32325 56.80 55.49 0.00 5.4959 2.8396 2.8396
32350 57.05 55.45 0.00 6.1772 3.5594 3.5594
32375 57.29 55.54 0.00 6.4849 2.6441 2.6441
32400 57.29 55.54 0.00 6.4849 2.6441 2.6441
32425 57.57 55.62 0.00 6.8235 2.2894 2.2894
32450 57.84 55.67 0.00 6.4001 1.8333 1.8333
32475 57.84 55.67 0.00 6.4001 1.8333 1.8333
32500 58.06 55.71 0.00 5.7573 1.0901 1.0901
32525 58.29 55.68 0.00 5.2291 1.6127 1.6127
32550 58.29 55.68 0.00 5.2291 1.6127 1.6127
32575 58.45 55.63 0.00 3.1577 1.3032 1.3032
32600 58.56 55.55 0.00 2.1405 2.3133 2.3133
32625 58.56 55.55 0.00 2.1405 2.3133 2.3133
32650 58.61 55.48 0.00 1.2659 1.8029 1.8029
32675 58.64 55.40 0.00 0.4006 1.4980 1.4980
32700 58.54 55.33 0.00 -4.7262 3.0374 3.0374
32725 58.54 55.33 0.00 -4.7262 3.0374 3.0374
32750 58.24 55.24 0.00 -8.7613 5.1459 5.1459
32775 57.99 55.17 0.00 -7.9593 5.1249 5.1249
32800 57.76 54.94 0.00 -3.9217 2.6068 2.6068
32825 57.76 54.94 0.00 -3.9217 2.6068 2.6068
32850 57.68 54.59 0.00 -0.7235 0.9777 0.9777
32875 57.71 54.16 0.00 1.2792 0.0668 0.0668
32900 57.71 54.16 0.00 1.2792 0.0668 0.0668
32925 57.76 53.73 0.00 1.4517 0.5713 0.5713
32950 57.80 53.37 0.00 0.5472 0.4193 0.4193
32975 57.78 53.06 0.00 -1.0249 -0.8206 -0.8206
33000 57.78 53.06 0.00 -1.0249 -0.8206 -0.8206
33025 57.71 52.80 0.00 -1.7847 -0.3161 -0.3161
33050 57.64 52.67 0.00 -2.2945 -0.5262 -0.5262
33075 57.64 52.67 0.00 -2.2945 -0.5262 -0.5262
33100 57.54 52.58 0.00 -2.3478 -0.7125 -0.7125
33125 57.47 52.50 0.00 -1.8567 -1.1665 -1.1665
33150 57.47 52.50 0.00 -1.8567 -1.1665 -1.1665
33175 57.40 52.37 0.00 -1.5039 -1.2131 -1.2131
33200 57.33 52.21 0.00 -1.5383 -0.3505 -0.3505
33225 57.33 52.21 0.00 -1.5383 -0.3505 -0.3505
33250 57.27 52.02 0.00 -1.8879 -1.6539 -1.6539
33275 57.20 51.81 0.00 -1.5021 -0.5408 -0.5408
33300 57.13 51.63 0.00 -2.0819 -0.9733 -0.9733
33325 57.13 51.63 0.00 -2.0819 -0.9733 -0.9733
33350 57.03 51.50 0.00 -2.4678 -1.0185 -1.0185
33375 56.94 51.39 0.00 -2.4351 -0.0905 -0.0905
33400 56.94 51.39 0.00 -2.4351 -0.0905 -0.0905
33425 56.83 51.27 0.00 -2.1613 0.1600 0.1600
33450 56.75 51.18 0.00 -2.3099 0.0676 0.0676
33475 56.61 51.13 0.00 -4.6702 0.1696 0.1696
33500 56.61 51.13 0.00 -4.6702 0.1696 0.1696
33525 56.40 51.08 0.00 -8.2562 1.0347 1.0347
33550 55.99 50.99 0.00 -10.7117 1.9696 1.9696
33575 55.99 50.99 0.00 -10.7117 1.9696 1.9696
33600 55.57 50.90 0.00 -9.8483 1.7684 1.7684
33625 55.57 50.90 0.00 -9.8483 1.7684 1.7684
33650 55.24 50.81 0.00 -7.5565 0.5199 0.5199
33675 55.01 50.72 0.00 -4.4884 -0.7471 -0.7471
33700 54.89 50.61 0.00 -2.6479 -1.8951 -1.8951
33725 54.89 50.61 0.00 -2.6479 -1.8951 -1.8951
33750 54.80 50.50 0.00 -1.5576 -0.4577 -0.4577
33775 54.75 50.42 0.00 -1.1921 -0.3973 -0.3973
33800 54.75 50.42 0.00 -1.1921 -0.3973 -0.3973
33825 54.70 50.42 0.00 -1.4326 -0.8542 -0.8542
33850 54.63 50.44 0.00 -2.1431 -1.5016 -1.5016
33875 54.51 50.46 0.00 -3.5338 -2.1909 -2.1909
33900 54.51 50.46 0.00 -3.5338 -2.1909 -2.1909
33925 54.35 50.43 0.00 -4.4020 -1.6296 -1.6296
33950 54.17 50.39 0.00 -4.2496 -2.1399 -2.1399
33975 54.17 50.39 0.00 -4.2496 -2.1399 -2.1399
34000 54.02 50.30 0.00 -3.1302 -1.5639 -1.5639
34025 53.89 50.19 0.00 -3.3243 -2.0503 -2.0503
34050 53.67 50.09 0.00 -7.2359 -3.9433 -3.9433
34075 53.67 50.09 0.00 -7.2359 -3.9433 -3.9433
